40 15 8e+06
2.64534 102357
2.37396 153356
1.16982 175847
1.38564 191686
2.78397 158504
2.13056 161985
1.12648 199448
1.8085 100992
1.05874 117286
1.3987 196082
1.68596 135154
2.99917 168446
1.38405 159500
2.18574 136668
2.89479 148900
1.76833 105624
1.84069 178345
1.54591 183441
2.88624 113442
1.0923 143617
1.76928 139532
1.12325 122961
1.65231 147691
1.00108 107361
2.0786 162772
1.58284 137032
2.0533 133706
1.30826 174033
1.88881 165842
1.85689 134863
2.68287 123953
1.75815 126907
1.11153 109419
1.97497 107395
1.40355 142871
2.02774 175888
1.37853 125802
1.04237 111775
1.52255 171943
1.79166 121950
0.895174 0.00937174 7
0.860705 3.76493e-06 16
0.991527 1 1
0.871009 5.52483e-05 13
0.94443 0.27752 3
0.9065 0.0230583 6
0.93497 0.252916 3
0.910978 0.0503231 5
0.894975 0.00934619 7
0.95007 0.525314 2
0.965315 0.585324 2
0.893877 0.00920828 7
0.91625 0.0536656 5
0.965026 0.58381 2
0.986927 1 1
0.931346 0.127972 4
0.924257 0.117523 4
0.904937 0.0225727 6
0.925704 0.119426 4
0.907101 0.0232525 6
0.92234 0.115156 4
0.936459 0.256213 3
0.873087 5.78598e-05 13
0.954591 0.539502 2
0.894246 0.0043307 8
0.927166 0.121461 4
0.898765 0.0098653 7
0.875482 0.000135477 12
0.897054 0.00962226 7
0.908064 0.0235734 6
0.938872 0.261976 3
0.899275 0.0210262 6
0.931598 0.246096 3
0.912528 0.105311 4
0.988209 1 1
0.956707 0.547055 2
0.962171 0.569777 2
0.96703 1 1
0.924302 0.233895 3
0.978726 1 1
0.950968 0.527939 2
0.954035 0.53762 2
0.970867 1 1
0.965769 0.587738 2
0.944142 0.510044 2
0.94094 0.147937 4
0.982144 0.713936 2
0.850854 1.03511e-11 0
0.967524 0.597509 2
0.881959 1.52342e-05 15
0.923203 0.0307007 6
0.905245 0.00532166 8
0.868284 1.83613e-07 20
0.946938 0.285759 3
0.867118 7.86095e-08 21
0.878076 6.17081e-06 16
0.912731 0.0126008 7
0.867601 8.01109e-08 21
0.861661 5.53706e-09 24
0.858712 9.47507e-10 26
0.930483 0.126536 4
0.898261 0.00979221 7
0.88985 0.00187398 9
0.911423 0.0505804 5
0.943603 0.274984 3
0.945945 0.282397 3
0.927869 0.122482 4
0.973898 1 1
0.907826 0.023493 6
0.939247 0.26292 3
0.908691 0.0237887 6
0.966607 0.592317 2
0.969123 0.607053 2
0.924768 0.118183 4
0.901779 0.010333 7
0.946176 0.514909 2
0.971368 0.62157 2
0.848729 7.72356e-09 23
0.969391 0.608712 2
0.889193 0.00399969 8
0.932582 0.247997 3
0.905809 0.0228399 6
0.885194 0.00172921 9
0.937338 0.25825 3
0.875168 0.000134587 12
0.876054 0.000137123 12
0.931672 0.246236 3
0.88335 0.00076726 10
0.866806 2.23918e-05 14
0.858231 6.76328e-07 18
0.918032 0.225561 3
0.907307 0.101251 4
0.912643 0.105409 4
0.909515 0.102888 4
0.904511 0.0469993 5
0.9118 0.104705 4
0.931589 0.246078 3
0.86799 0.000263631 11
0.939222 0.499651 2
0.893372 0.019698 6
0.930495 0.244042 3
0.888299 0.00858009 7
0.870942 0.000623035 10
0.898484 0.0444759 5
0.913578 0.106213 4
0.908986 0.00578016 8
0.875693 1.18338e-06 18
0.985784 0.755982 2
0.885482 3.67505e-05 14
0.949679 0.295783 3
0.918359 0.014264 7
0.949292 0.2943 3
0.910851 0.00603976 8
0.911363 0.00611518 8
0.949293 0.294302 3
0.9818 0.710298 2
0.902406 0.0011817 10
0.915789 0.013451 7
0.962147 0.359293 3
0.987863 1 1
0.955804 0.543753 2
0.972577 1 1
0.876908 0.00152254 9
0.968794 1 1
0.9019 0.0458482 5
0.938195 0.497699 2
0.929261 0.241839 3
0.880013 0.00159359 9
0.973975 1 1
0.886713 0.00842069 7
0.904266 0.0468872 5
0.919968 0.112454 4
0.880484 0.00354649 8
0.883454 0.00368733 8
0.884008 0.00371499 8
0.90719 0.00555037 8
0.890132 0.000192679 12
0.928614 0.064894 5
0.894208 0.00045545 11
0.908206 0.00567806 8
0.90496 0.00258549 9
0.930666 0.0673972 5
0.869486 1.92112e-07 20
0.92466 0.0316692 6
0.89963 0.00109724 10
0.94007 0.145772 4
0.88223 1.53675e-05 15
0.873106 4.88307e-07 19
0.907424 0.00557926 8
0.926929 0.0629997 5
0.964601 0.376309 3
0.925028 0.0319236 6
0.928754 0.0347682 6
0.937486 0.0775919 5
0.968639 0.604099 2
0.976461 0.660033 2
0.989251 1 1
0.937714 0.0779924 5
0.9558 0.322781 3
0.952318 0.306577 3
0.957719 0.332792 3
0.955764 0.322603 3
0.940027 0.145668 4
0.947359 0.166751 4
0.939762 0.0817748 5
0.929809 0.0663234 5
0.902629 0.00244258 9
0.948956 0.293028 3
0.910354 0.0120158 7
0.940454 0.146719 4
0.932198 0.0694202 5
0.96212 0.569541 2
0.900371 0.00231808 9
0.940409 0.146607 4
0.930864 0.067651 5
0.970953 0.618784 2
0.910123 0.011962 7
0.904137 0.00253326 9
0.937368 0.139543 4
0.952358 0.306749 3
0.912449 0.0511904 5
0.897712 0.00459669 8
0.922242 0.11504 4
0.901106 0.0102239 7
0.907406 0.0233531 6
0.908607 0.0237597 6
0.932126 0.129313 4
0.869425 1.06189e-05 15
0.931474 0.128189 4
0.897628 0.00458977 8
0.936921 0.257277 3
0.885421 0.000798008 10
0.872771 2.58026e-05 14
0.904254 0.0107599 7
0.921825 0.114549 4
0.942851 0.507139 2
0.911998 0.104868 4
0.887942 0.00854356 7
0.925203 0.235238 3
0.942251 0.505833 2
0.956641 0.546809 2
0.933107 0.249042 3
0.9618 0.568071 2
0.919096 0.111517 4
0.934281 0.251451 3
0.909734 0.103056 4
0.980391 1 1
0.958168 0.552649 2
0.920548 0.228706 3
0.899895 0.0450255 5
0.907842 0.101637 4
0.884753 0.00823361 7
0.947259 0.517651 2
0.890853 0.0192006 6
0.920594 0.228766 3
0.90919 0.10264 4
0.938514 0.498298 2
0.88081 0.00356137 8
0.921156 0.229504 3
0.913868 0.106467 4
0.955466 0.542547 2
0.887625 0.00851143 7
0.88487 0.00824456 7
0.923187 0.232285 3
0.94478 0.51153 2
0.930305 0.243695 3
0.932571 0.247975 3
0.889755 0.0189949 6
0.931033 0.245033 3
0.896472 0.0437297 5
0.918093 0.225635 3
0.926132 0.236668 3
0.865331 0.000252384 11
0.954987 0.540867 2
0.882913 0.00806732 7
0.912819 0.105558 4
0.895548 0.0434011 5
0.867209 0.000260239 11
0.884376 0.0081989 7
0.893436 0.019711 6
0.978753 0.680227 2
0.967721 0.400753 3
0.892163 4.5896e-05 14
0.975995 0.656156 2
0.923203 0.0160946 7
0.961358 0.354193 3
0.94938 0.173882 4
0.901777 0.000565975 11
0.990629 1 1
0.907586 0.00276653 9
0.92086 0.0151556 7
0.941298 0.148853 4
0.902299 0.000575267 11
0.903117 0.00120526 10
0.900666 0.000546995 11
0.89015 0.00405788 8
0.861765 8.799e-06 15
0.970546 1 1
0.869638 0.000120474 12
0.921917 0.114658 4
0.896279 0.00951702 7
0.927369 0.238645 3
0.883865 0.00169213 9
0.89784 0.0206797 6
0.921303 0.113946 4
0.956638 0.546797 2
0.878377 0.000702237 10
0.888665 0.00396838 8
0.934366 0.251629 3
0.961065 0.564766 2
0.937248 0.258038 3
0.921399 0.114057 4
0.919694 0.112156 4
0.925739 0.236058 3
0.921467 0.114134 4
0.931577 0.246054 3
0.95048 0.526501 2
0.885587 0.00379666 8
0.957133 0.548653 2
0.908907 0.0491768 5
0.942955 0.507367 2
0.907569 0.0484791 5
0.888331 0.00858335 7
0.912221 0.105054 4
0.923363 0.232536 3
0.920366 0.0289898 6
0.887784 0.000180872 12
0.971696 0.623805 2
0.89732 0.00216855 9
0.952949 0.309341 3
0.928264 0.064489 5
0.960336 0.561584 2
0.912062 0.01243 7
0.924245 0.0602523 5
0.948076 0.289783 3
0.990485 1 1
0.910128 0.0119632 7
0.916616 0.0270338 6
0.957989 0.334266 3
0.976669 0.661782 2
0.897018 0.00454049 8
0.86699 9.9805e-06 15
0.97886 1 1
0.875495 6.11603e-05 13
0.931362 0.127999 4
0.904116 0.0223286 6
0.935405 0.253859 3
0.893001 0.00424344 8
0.903166 0.0105673 7
0.930787 0.127036 4
0.965906 0.588477 2
0.886691 0.000818106 10
0.897847 0.00973305 7
0.943847 0.275722 3
0.970666 0.616885 2
0.956345 0.325544 3
0.942104 0.150966 4
0.868911 4.19136e-07 19
0.953285 0.310842 3
0.918428 0.0279388 6
0.956262 0.325117 3
0.924229 0.0602371 5
0.924726 0.060722 5
0.933317 0.131445 4
0.906256 0.00543812 8
0.894788 0.000973892 10
0.970417 0.615253 2
0.921958 0.029923 6
0.894952 0.000977636 10
0.880038 1.43393e-05 15
0.925686 0.0616875 5
0.887685 0.000180403 12
0.960428 0.561977 2
0.899554 0.00227606 9
0.981155 0.703596 2
0.93977 0.145044 4
0.963935 0.578252 2
0.941765 0.269636 3
0.919634 0.0285824 6
0.980023 0.692287 2
0.975943 0.655734 2
0.928696 0.0649896 5
0.946761 0.285149 3
0.9859 1 1
0.973366 0.635687 2
0.93443 0.491097 2
0.89792 0.0442623 5
0.907047 0.101065 4
0.911471 0.104435 4
0.961419 1 1
0.952166 0.531582 2
0.941573 0.504392 2
0.984521 1 1
0.914098 0.106671 4
0.957363 0.549528 2
0.925314 0.235408 3
0.964691 1 1
0.982755 1 1
0.942661 0.506721 2
0.919184 0.226971 3
0.947486 0.51824 2
0.985344 1 1
0.851977 1.32048e-06 17
0.975127 1 1
0.887899 0.00853917 7
0.930939 0.244859 3
0.90839 0.0489033 5
0.878323 0.00155408 9
0.946032 0.514551 2
0.873257 0.000645767 10
0.879526 0.00158199 9
0.924216 0.233769 3
0.877144 0.00152772 9
0.866396 0.000113358 12
0.860717 1.96049e-05 14
0.887961 0.00392758 8
0.856901 3.43072e-06 16
0.983353 1 1
0.865795 4.95035e-05 13
0.92786 0.239455 3
0.896376 0.0203426 6
0.926923 0.237923 3
0.891804 0.00896145 7
0.892453 0.00903687 7
0.930204 0.243513 3
0.95849 0.553929 2
0.880676 0.00160968 9
0.89685 0.0204501 6
0.944377 0.510587 2
0.970948 1 1
0.894982 0.00438425 8
0.864068 4.10288e-06 16
0.984007 1 1
0.872909 5.76276e-05 13
0.932578 0.24799 3
0.902934 0.0219898 6
0.933948 0.250756 3
0.895042 0.00438868 8
0.899971 0.0100461 7
0.9333 0.24943 3
0.965379 0.585659 2
0.886398 0.00176434 9
0.899996 0.0100499 7
0.946918 0.28569 3
0.974078 0.641006 2
0.913771 0.0520115 5
0.90005 0.0100583 7
0.919665 0.0562216 5
0.903137 0.0105622 7
0.906544 0.0230722 6
0.909313 0.0240078 6
0.931934 0.128978 4
0.868898 1.04753e-05 15
0.933382 0.131564 4
0.8964 0.00449181 8
0.935199 0.253411 3
0.886015 0.000807295 10
0.872145 2.54057e-05 14
0.902644 0.0104775 7
0.919595 0.0561656 5
0.899216 0.000523817 11
0.89742 0.000239251 12
0.889815 4.23082e-05 14
0.89635 0.000231289 12
0.879856 1.38602e-06 18
0.890483 4.32833e-05 14
0.906833 0.00271223 9
0.844876 7.69945e-12 0
0.922199 0.0156791 7
0.868852 1.70098e-08 23
0.905226 0.00128021 10
0.86766 7.23755e-09 24
0.847577 8.78007e-12 0
0.873928 1.04048e-07 21
0.889585 4.19814e-05 14
0.922842 0.0304705 6
0.916416 0.0136403 7
0.903894 0.00123196 10
0.917375 0.013941 7
0.901547 0.00115433 10
0.914354 0.00659419 8
0.930114 0.0667011 5
0.866755 1.55004e-08 23
0.945788 0.161638 4
0.889358 4.16616e-05 14
0.924041 0.0312497 6
0.890898 9.28454e-05 13
0.869322 3.8592e-08 22
0.893095 0.000209598 12
0.905929 0.00264962 9
0.950338 0.526087 2
0.97059 1 1
0.873222 0.000645411 10
0.964715 0.582198 2
0.89695 0.020473 6
0.932796 0.24842 3
0.924439 0.234096 3
0.874948 0.000663402 10
0.968756 1 1
0.881872 0.00361075 8
0.900208 0.0212604 6
0.914833 0.107333 4
0.87542 0.000668494 10
0.878863 0.00156648 9
0.880016 0.00159366 9
0.98257 0.718526 2
0.959634 0.343638 3
0.899825 0.000533348 11
0.969519 0.609514 2
0.931326 0.0682512 5
0.967706 0.598561 2
0.95794 0.334001 3
0.908228 0.00281442 9
0.991266 1 1
0.915584 0.0133903 7
0.928845 0.0651643 5
0.945512 0.160779 4
0.909033 0.00287665 9
0.911256 0.00609929 8
0.908594 0.00284239 9
0.924816 0.060811 5
0.939826 0.264405 3
0.870499 2.19538e-06 17
0.933855 0.132443 4
0.881968 7.18455e-05 13
0.909724 0.0118706 7
0.911056 0.0246504 6
0.8546 1.81047e-09 25
0.948109 0.289902 3
0.867902 9.05336e-07 18
0.894239 0.00203613 9
0.889371 0.000403162 11
0.855854 4.36123e-09 24
0.867898 9.05211e-07 18
0.874775 1.22727e-05 15
0.901266 0.0215354 6
0.864556 9.40099e-06 15
0.972898 1 1
0.875921 0.000303253 11
0.957789 0.551166 2
0.91499 0.0528052 5
0.939535 0.263656 3
0.92855 0.240615 3
0.896761 0.00958203 7
0.967457 0.597124 2
0.963065 0.573998 2
0.90583 0.0228467 6
0.933985 0.250833 3
0.982327 1 1
0.980705 1 1
0.917605 0.0140152 7
0.88226 1.53822e-05 15
0.976902 0.663763 2
0.892894 0.00020837 12
0.962708 0.363026 3
0.928622 0.0649031 5
0.958447 0.336808 3
0.923192 0.0306934 6
0.917033 0.0138323 7
0.961667 0.35617 3
0.988188 1 1
0.913872 0.0129044 7
0.928133 0.0643381 5
0.973347 0.635543 2
0.988386 1 1
0.904114 0.0107347 7
0.874017 5.90972e-05 13
0.976597 1 1
0.882566 0.000346009 11
0.936223 0.255678 3
0.910874 0.0245814 6
0.942457 0.271604 3
0.896857 0.00452769 8
0.910483 0.0244342 6
0.934091 0.251054 3
0.972191 0.627241 2
0.892788 0.00197938 9
0.901586 0.0103015 7
0.946301 0.283584 3
0.971966 0.62567 2
0.925582 0.119262 4
0.93247 0.247777 3
0.882008 0.000748561 10
0.929239 0.241801 3
0.889151 0.0039972 8
0.912398 0.0511599 5
0.918614 0.111012 4
0.858998 1.57877e-06 17
0.950082 0.525347 2
0.875541 0.000301105 11
0.904811 0.0225348 6
0.890503 0.00407985 8
0.860712 3.76554e-06 16
0.876754 0.000308061 11
0.885592 0.00174065 9
0.929132 0.241614 3
0.890149 0.00405781 8
0.929402 0.242087 3
0.903402 0.0221221 6
0.981003 1 1
0.9471 0.517242 2
0.951631 0.529936 2
0.974644 1 1
0.913928 0.0521117 5
0.981783 1 1
0.94461 0.51113 2
0.948337 0.520495 2
0.97955 1 1
0.966635 0.592469 2
0.941663 0.269352 3
0.935852 0.254847 3
0.913952 0.0521272 5
0.932612 0.248056 3
0.920103 0.112602 4
0.931052 0.245068 3
0.933842 0.250537 3
0.958217 0.552846 2
0.893126 0.004252 8
0.951502 0.529543 2
0.919409 0.11185 4
0.955781 0.54367 2
0.910211 0.0498887 5
0.896302 0.00952002 7
0.923866 0.117026 4
0.936277 0.255801 3
0.914799 0.107302 4
0.907388 0.0483875 5
0.905345 0.0473881 5
0.908457 0.0489386 5
0.897913 0.020697 6
0.907351 0.0483687 5
0.925359 0.235476 3
0.862127 2.01993e-05 14
0.937027 0.257523 3
0.886565 0.00384934 8
0.923049 0.116013 4
0.88398 0.00371361 8
0.864932 4.86483e-05 13
0.891382 0.00891322 7
0.906188 0.0477924 5
29 1 3 5 6 7 8 9 11 12 14 15 16 17 18 19 20 24 25 26 27 28 29 30 31 32 35 36 38 39 
32 0 1 3 6 7 8 9 10 11 12 14 15 16 17 18 19 20 22 25 26 27 28 29 30 31 32 33 34 35 36 38 39 
28 1 5 6 7 8 9 11 12 14 15 16 17 18 19 20 24 25 26 27 28 29 30 31 32 35 36 38 39 
32 0 1 3 6 7 8 9 10 11 12 14 15 16 17 18 19 20 22 25 26 27 28 29 30 31 32 33 34 35 36 38 39 
34 0 1 3 5 6 7 8 9 10 11 12 14 15 16 17 18 19 20 22 24 25 26 27 28 29 30 31 32 33 34 35 36 38 39 
31 1 3 5 6 7 8 9 10 11 12 14 15 16 17 18 19 20 24 25 26 27 28 29 30 31 32 34 35 36 38 39 
28 0 1 6 7 8 9 11 12 14 15 16 17 18 19 20 25 26 27 28 29 30 31 32 34 35 36 38 39 
39 0 1 2 3 4 5 6 7 8 9 10 11 12 13 14 15 16 17 18 19 20 21 22 23 24 25 26 27 29 30 31 32 33 34 35 36 37 38 39 
26 0 1 6 7 8 9 11 12 14 15 17 18 19 20 25 26 27 28 29 30 32 34 35 36 38 39 
26 0 1 6 7 9 11 12 14 15 17 18 19 20 22 25 26 27 28 29 32 33 34 35 36 38 39 
23 0 1 6 7 9 11 12 14 15 17 18 19 20 25 26 27 28 29 32 35 36 38 39 
36 0 1 2 3 5 6 7 8 9 10 11 12 14 15 16 17 18 19 20 22 24 25 26 27 28 29 30 31 32 33 34 35 36 37 38 39 
39 0 1 2 3 4 5 6 7 8 9 10 11 12 13 14 15 16 17 18 19 20 21 22 23 24 25 26 27 29 30 31 32 33 34 35 36 37 38 39 
35 0 1 3 5 6 7 8 9 10 11 12 14 15 16 17 18 19 20 21 22 24 25 26 27 28 29 30 31 32 33 34 35 36 38 39 
17 0 6 7 9 11 12 14 17 19 20 25 26 27 28 29 35 39 
