60 15 8e+06
2.25764 130487
1.51326 141215
2.81347 125384
1.51409 112843
1.55133 180577
1.58093 162141
1.43692 124947
1.11126 146701
2.1121 147342
2.61421 119424
1.35606 197041
2.14221 187519
2.9298 156958
1.02805 110196
1.11248 168194
1.00571 136770
2.3544 161129
2.36019 194159
1.94453 163466
2.58062 118915
2.37892 162805
1.87674 169875
1.25844 139354
1.93943 144251
1.10054 108329
2.23168 112648
1.40065 176637
1.36956 117806
1.23977 133978
2.28763 114269
2.19416 151648
1.66398 135447
1.07073 173110
1.14276 113410
2.97786 165384
2.60208 190364
1.36239 169762
2.86287 177260
1.05543 151915
2.61028 164051
2.23133 129089
1.8961 123579
1.01204 189782
1.9568 119948
2.73992 169502
2.56919 195264
2.39871 155850
1.6659 189595
1.23012 181201
1.43397 177554
1.17967 111308
1.44779 176955
1.33139 153169
2.03902 143696
1.8308 104076
1.90545 185251
2.31518 163912
2.79948 199624
1.60797 134094
1.71436 156251
0.883939 0.000775769 10
0.923648 0.116752 4
0.876373 0.000138058 12
0.870979 5.52123e-05 13
0.95794 0.551757 2
0.920515 0.113057 4
0.897703 0.00971271 7
0.956017 0.544521 2
0.91428 0.0523388 5
0.840788 3.50418e-11 29
0.875383 0.000135194 12
0.888985 0.00184517 9
0.884055 0.000777455 10
0.912888 0.0514587 5
0.91264 0.0513067 5
0.954096 0.314552 3
0.948857 0.292655 3
0.945524 0.28101 3
0.909322 0.0117802 7
0.925884 0.0618921 5
0.950237 0.297968 3
0.912136 0.0250718 6
0.930677 0.126855 4
0.95917 0.556682 2
0.916307 0.0268863 6
0.978387 0.676863 2
0.974283 0.642568 2
0.893467 0.000944692 10
0.978122 0.67447 2
0.902898 0.00507055 8
0.898677 0.00467741 8
0.939118 0.262594 3
0.884581 0.00016668 12
0.874849 1.22981e-05 15
0.96383 0.577731 2
0.928543 0.123487 4
0.899784 0.004774 8
0.971919 0.625343 2
0.923498 0.059541 5
0.848652 4.96026e-11 29
0.888266 0.000392721 11
0.899757 0.00477155 8
0.884304 0.000165547 12
0.926712 0.0627651 5
0.91191 0.0249821 6
0.88324 0.000765696 10
0.882612 0.000346342 11
0.97714 1 1
0.966376 0.591037 2
0.898048 0.00976165 7
0.933912 0.250682 3
0.941745 0.269583 3
0.87955 0.000325286 11
0.937886 0.259557 3
0.97368 0.638016 2
0.923793 0.116934 4
0.94877 0.521668 2
0.933816 0.250483 3
0.911348 0.0505369 5
0.919982 0.0564769 5
0.860035 1.62303e-06 17
0.873735 0.000130657 12
0.942758 0.272478 3
0.980165 1 1
0.913318 0.0517255 5
0.936949 0.257341 3
0.978628 1 1
0.883363 0.000767442 10
0.933322 0.249474 3
0.924094 0.117315 4
0.891036 0.00411354 8
0.921687 0.114389 4
0.985058 1 1
0.896977 0.00961165 7
0.959518 0.558121 2
0.899705 0.00228369 9
0.915399 0.0133358 7
0.962287 0.570318 2
0.955753 0.32255 3
0.946833 0.285395 3
0.981003 0.702045 2
0.969747 0.610952 2
0.922142 0.0300354 6
0.977883 0.672328 2
0.924973 0.0609663 5
0.926267 0.0622926 5
0.957486 0.331531 3
0.949369 0.294594 3
0.939597 0.144629 4
0.957797 0.33322 3
0.903963 0.0467499 5
0.888569 0.0187795 6
0.956865 0.547644 2
0.922724 0.231635 3
0.881465 0.00359163 8
0.916442 0.223697 3
0.904697 0.0994497 4
0.87464 0.00147469 9
0.924417 0.234064 3
0.967228 1 1
0.947992 0.519571 2
0.951486 0.529493 2
0.89312 0.0196465 6
0.91677 0.224074 3
0.885925 0.00834419 7
0.945742 0.161495 4
0.98735 0.776169 2
0.895429 0.000107688 13
0.871223 4.19179e-08 22
0.93976 0.0817712 5
0.928489 0.0345491 6
0.887288 1.82308e-05 15
0.973779 0.638754 2
0.929897 0.0357466 6
0.86224 2.20147e-10 28
0.921899 0.0155589 7
0.919541 0.0146721 7
0.868774 7.62677e-09 24
0.958049 0.334597 3
0.890069 4.26756e-05 14
0.932711 0.0701296 5
0.97495 0.647746 2
0.896348 0.000482629 11
0.875989 5.45742e-07 19
0.952227 0.306184 3
0.934237 0.0723399 5
0.894802 0.000220529 12
0.988792 1 1
0.933696 0.0715382 5
0.861558 4.79101e-10 27
0.914967 0.0132108 7
0.918108 0.0141802 7
0.876649 1.22591e-06 18
0.953877 0.313538 3
0.899883 0.00053426 11
0.90821 0.00567852 8
0.948351 0.290784 3
0.895477 0.000471234 11
0.883685 3.47811e-05 14
0.972305 0.628042 2
0.939483 0.144356 4
0.907522 0.00559147 8
0.98156 0.707785 2
0.934944 0.134534 4
0.859173 9.67637e-10 26
0.899705 0.00109937 10
0.911461 0.00612973 8
0.890909 0.000196884 12
0.938508 0.142082 4
0.917638 0.014026 7
0.900383 0.0101098 7
0.940439 0.266018 3
0.889855 0.00403974 8
0.88036 0.000726803 10
0.969895 0.611888 2
0.934215 0.251313 3
0.905378 0.0227067 6
0.973556 1 1
0.92894 0.124092 4
0.853693 1.12323e-07 20
0.891997 0.00417589 8
0.904579 0.0224653 6
0.889661 0.00402789 8
0.930353 0.243783 3
0.917263 0.109641 4
0.872847 4.83575e-07 19
0.884603 1.66168e-05 15
0.957599 0.33214 3
0.987007 1 1
0.919184 0.0145462 7
0.947805 0.168269 4
0.979564 0.687853 2
0.891599 0.000200752 12
0.945617 0.161104 4
0.934846 0.0732652 5
0.90517 0.00259914 9
0.936204 0.137074 4
0.971931 0.625428 2
0.909414 0.00583776 8
0.95651 0.326392 3
0.956741 0.547182 2
0.989953 1 1
0.912374 0.025167 6
0.885069 0.000168714 12
0.941744 0.269579 3
0.941209 0.268095 3
0.898265 0.00221275 9
0.96563 0.586991 2
0.944606 0.278073 3
0.879434 3.07498e-05 14
0.940369 0.26583 3
0.937854 0.14061 4
0.879147 3.05058e-05 14
0.977503 0.668965 2
0.897765 0.00218915 9
0.892732 0.00197723 9
0.932829 0.130558 4
0.881986 0.000341831 11
0.874155 2.67175e-05 14
0.962872 0.573074 2
0.926202 0.120107 4
0.899935 0.00478749 8
0.965526 0.586436 2
0.920569 0.056958 5
0.846129 1.02935e-10 28
0.8834 0.000352178 11
0.895991 0.00446015 8
0.885158 0.000365888 11
0.921453 0.057705 5
0.913274 0.0255362 6
0.959761 0.559139 2
0.968992 1 1
0.930645 0.244315 3
0.899261 0.0447757 5
0.937241 0.495946 2
0.950697 0.527135 2
0.908052 0.101791 4
0.949286 0.523094 2
0.957099 0.548523 2
0.898574 0.0445101 5
0.960213 0.561055 2
0.957895 0.551582 2
0.88874 0.0188101 6
0.995701 1 1
0.903271 0.0464406 5
0.84912 2.27715e-07 19
0.861867 2.00875e-05 14
0.933779 0.250407 3
0.974709 1 1
0.901444 0.0456567 5
0.924189 0.233728 3
0.965889 0.588384 2
0.87143 0.000279576 11
0.920818 0.113395 4
0.921153 0.113775 4
0.881029 0.00161839 9
0.910974 0.104033 4
0.980162 1 1
0.885103 0.0037712 8
0.949819 0.524594 2
0.898415 0.00465519 8
0.933008 0.130882 4
0.912116 0.0250638 6
0.906873 0.0112605 7
0.995411 1 1
0.957875 0.551503 2
0.933324 0.131458 4
0.959382 0.557558 2
0.950195 0.297801 3
0.875271 2.74944e-05 14
0.902053 0.0103784 7
0.921844 0.0580444 5
0.917033 0.0542217 5
0.936628 0.2566 3
0.944908 0.279025 3
0.840766 3.50089e-11 29
0.857285 2.87589e-07 19
0.919382 0.111821 4
0.95762 0.550514 2
0.902726 0.0219317 6
0.918943 0.055652 5
0.962971 0.573544 2
0.870476 2.43954e-05 14
0.913817 0.0520406 5
0.903719 0.0222131 6
0.869435 2.37986e-05 14
0.899498 0.00997432 7
0.983969 1 1
0.878033 0.000315719 11
0.955923 0.544181 2
0.921237 0.05752 5
0.955215 0.541664 2
0.920775 0.0571296 5
0.905292 0.010952 7
0.979655 1 1
0.964788 0.582575 2
0.926152 0.120038 4
0.97354 0.63697 2
0.961323 0.565915 2
0.883546 0.000353279 11
0.922096 0.0582657 5
0.937199 0.257923 3
0.907428 0.0233602 6
0.95967 0.558757 2
0.930864 0.127164 4
0.913374 0.0127701 7
0.939286 0.143889 4
0.938556 0.142193 4
0.92604 0.0620548 5
0.974173 0.64173 2
0.9857 1 1
0.94659 0.284562 3
0.951709 0.303982 3
0.978688 0.679622 2
0.900416 0.00232044 9
0.926135 0.0621533 5
0.949215 0.294005 3
0.926925 0.0629947 5
0.955581 0.321692 3
0.947808 0.288817 3
0.898217 0.000245478 12
0.904323 0.00124715 10
0.985784 0.755982 2
0.965845 0.385656 3
0.92391 0.0311626 6
0.960852 0.351014 3
0.958486 0.337028 3
0.90421 0.00124311 10
0.964235 0.373656 3
0.949088 0.172811 4
0.933756 0.0716272 5
0.965261 0.381209 3
0.943137 0.153785 4
0.932499 0.0698349 5
0.939206 0.0807125 5
0.943478 0.508532 2
0.978173 1 1
0.917489 0.109867 4
0.893738 0.0197734 6
0.95596 0.544315 2
0.952298 0.531995 2
0.909499 0.102875 4
0.974535 1 1
0.953906 0.537188 2
0.882366 0.00363426 8
0.935445 0.253947 3
0.940483 0.502146 2
0.890316 0.00879432 7
0.976087 1 1
0.910491 0.103648 4
0.929083 0.124313 4
0.946563 0.284471 3
0.949649 0.295669 3
0.925797 0.119552 4
0.955783 0.54368 2
0.982349 1 1
0.938168 0.260238 3
0.946559 0.284459 3
0.988169 1 1
0.91184 0.0249544 6
0.946229 0.283342 3
0.967693 0.598489 2
0.918154 0.0550483 5
0.971659 0.62355 2
0.932944 0.130765 4
0.958015 0.552051 2
0.9859 1 1
0.916134 0.053585 5
0.888131 0.000842151 10
0.941621 0.269236 3
0.943752 0.275435 3
0.90061 0.0101453 7
0.962914 0.573271 2
0.947664 0.288302 3
0.883261 0.000351139 11
0.944295 0.277102 3
0.941911 0.270049 3
0.881403 0.000154439 12
0.981783 1 1
0.899334 0.0047342 8
0.886079 0.00835901 7
0.924792 0.23462 3
0.886672 0.00841664 7
0.882686 0.00804737 7
0.969366 1 1
0.93129 0.245512 3
0.90998 0.103247 4
0.957079 0.548449 2
0.924359 0.233978 3
0.850793 2.97853e-06 16
0.881714 0.00360332 8
0.897752 0.0441994 5
0.896176 0.0436237 5
0.91851 0.226141 3
0.925109 0.235097 3
0.88845 4.04211e-05 14
0.902866 0.00119684 10
0.962263 0.360054 3
0.96811 0.600932 2
0.937109 0.0769417 5
0.967755 0.598846 2
0.98033 0.695306 2
0.910288 0.00595901 8
0.964742 0.377347 3
0.929039 0.0653938 5
0.917493 0.0139788 7
0.949225 0.294043 3
0.961059 0.352306 3
0.927148 0.0334812 6
0.962171 0.359447 3
0.876082 0.00067577 10
0.871038 0.00027767 11
0.962903 0.573222 2
0.952589 0.532911 2
0.882188 0.00362574 8
0.9178 0.110179 4
0.925442 0.235603 3
0.86557 0.000111658 12
0.922481 0.231298 3
0.989242 1 1
0.918263 0.11065 4
0.93781 0.259373 3
0.919776 0.112245 4
0.899771 0.0211497 6
0.903812 0.0466818 5
0.997141 1 1
0.958371 0.553454 2
0.901041 0.0102136 7
0.866423 4.36786e-06 16
0.903116 0.0105586 7
0.912269 0.0251251 6
0.871863 2.52307e-05 14
0.926049 0.119897 4
0.918918 0.0556324 5
0.876971 6.33465e-05 13
0.950932 0.527831 2
0.9283 0.123121 4
0.853461 2.10226e-08 22
0.955439 0.542452 2
0.866696 4.40027e-06 16
0.882554 0.00803584 7
0.916601 0.22388 3
0.90474 0.0994785 4
0.906565 0.100725 4
0.977882 1 1
0.947991 0.519568 2
0.935729 0.493282 2
0.944056 0.509845 2
0.939142 0.499496 2
0.869135 0.000606334 10
0.888218 0.0187171 6
0.910237 0.103448 4
0.922471 0.231284 3
0.920697 0.2289 3
0.952368 0.532215 2
0.90265 0.046169 5
0.91393 0.106523 4
0.973164 1 1
0.958852 0.555387 2
0.938103 0.497529 2
0.975186 1 1
0.963961 1 1
0.916799 0.109186 4
0.976733 1 1
0.934894 0.491867 2
0.93314 0.249107 3
0.965379 1 1
0.945105 0.512302 2
0.940566 0.502314 2
0.948518 0.520982 2
0.888966 0.0188508 6
0.901268 0.0455834 5
0.967557 1 1
0.971727 1 1
0.932341 0.247526 3
0.964932 1 1
0.976415 1 1
0.906945 0.100992 4
0.963497 1 1
0.934857 0.491805 2
0.919935 0.227917 3
0.95182 0.530514 2
0.959003 0.556001 2
0.926654 0.237493 3
0.956689 0.546989 2
0.909082 0.0492702 5
0.9149 0.0527453 5
0.983974 1 1
0.954392 0.538824 2
0.929489 0.242239 3
0.967499 0.597363 2
0.952032 0.531167 2
0.912914 0.0514751 5
0.973212 1 1
0.943972 0.276106 3
0.943674 0.275198 3
0.976201 1 1
0.934708 0.252354 3
0.943753 0.275436 3
0.935608 0.254305 3
0.874452 1.13135e-06 18
0.903305 0.00248244 9
0.916348 0.0136197 7
0.926202 0.0622242 5
0.962039 0.569169 2
0.952537 0.307528 3
0.9572 0.330002 3
0.925721 0.0617235 5
0.943021 0.153462 4
0.882661 3.37345e-05 14
0.888338 8.58703e-05 13
0.9149 0.0131915 7
0.945758 0.281778 3
0.914621 0.0131122 7
0.976609 0.661279 2
0.902611 0.00504162 8
0.884356 0.000165758 12
0.947805 0.288806 3
0.914385 0.026011 6
0.874237 1.2088e-05 15
0.908545 0.0116094 7
0.896115 0.00211471 9
0.868924 2.09149e-06 17
0.916672 0.0270605 6
0.961635 0.56732 2
0.945563 0.281138 3
0.94433 0.277208 3
0.884789 0.000167544 12
0.911708 0.0249025 6
0.877538 2.91929e-05 14
0.899291 0.0047304 8
0.922334 0.0584774 5
0.944052 0.276352 3
0.940447 0.266037 3
0.964928 0.5833 2
0.984276 1 1
0.963961 0.578383 2
0.93551 0.135657 4
0.974676 0.645605 2
0.906849 0.0112556 7
0.918 0.0277186 6
0.945852 0.282087 3
0.944103 0.276507 3
0.940966 0.267432 3
0.964029 0.578719 2
0.934861 0.0732883 5
0.930372 0.0670237 5
0.965483 0.382883 3
0.926475 0.0329699 6
0.921704 0.0154817 7
0.954389 0.315929 3
0.924187 0.0313476 6
0.917756 0.0140641 7
0.963993 0.371922 3
0.935862 0.0748685 5
0.973174 0.634279 2
0.993116 1 1
0.906541 0.00269175 9
0.960909 0.351365 3
0.911033 0.0060664 8
0.893904 0.000214659 12
0.89257 9.79137e-05 13
0.987837 0.782733 2
0.960182 0.346909 3
0.904419 0.00125059 10
0.941219 0.148648 4
0.941075 0.14828 4
0.888011 3.98423e-05 14
0.946377 0.163514 4
0.970246 0.614142 2
0.934734 0.0730926 5
0.960058 0.346161 3
0.92996 0.0665101 5
0.921805 0.0298304 6
0.920379 0.0149756 7
0.951296 0.52892 2
0.965586 0.586756 2
0.935421 0.253895 3
0.905759 0.0228245 6
0.944335 0.277225 3
0.959039 0.556146 2
0.915779 0.0533391 5
0.952079 0.531312 2
0.965105 0.584223 2
0.901491 0.0215952 6
0.956799 0.547397 2
0.961407 0.566292 2
0.896263 0.00951476 7
0.995406 1 1
0.911298 0.050508 5
0.907176 0.00273677 9
0.947609 0.167598 4
0.892745 0.000207471 12
0.880986 6.80231e-06 16
0.969558 0.609761 2
0.936574 0.137845 4
0.904879 0.00258027 9
0.980982 0.701837 2
0.932095 0.0692802 5
0.856565 7.2627e-11 29
0.897627 0.000500285 11
0.908874 0.00576521 8
0.888428 8.61001e-05 13
0.936459 0.137603 4
0.915255 0.0132938 7
0.931275 0.245484 3
0.911333 0.104322 4
0.94951 0.523719 2
0.909546 0.102912 4
0.892436 0.0195088 6
0.923903 0.233312 3
0.899617 0.0449153 5
0.892564 0.0195344 6
0.933128 0.249083 3
0.940655 0.502493 2
0.975656 1 1
0.962682 0.57217 2
0.884482 0.0037391 8
0.937946 0.497236 2
0.884262 0.00372789 8
0.887061 0.000177489 12
0.873151 5.28963e-06 16
0.9508 0.300224 3
0.92512 0.0611137 5
0.871092 2.23656e-06 17
0.906515 0.0111887 7
0.902388 0.00501928 8
0.861295 2.79114e-08 22
0.913491 0.0256272 6
0.97922 0.684583 2
0.930341 0.126304 4
0.937539 0.139916 4
0.893736 0.000950489 10
0.901361 0.00491934 8
0.882252 7.23856e-05 13
0.96501 0.583725 2
0.990883 1 1
0.906875 0.0112608 7
0.877866 6.47386e-05 13
0.931988 0.129072 4
0.932317 0.129648 4
0.889692 0.000869816 10
0.958108 0.552414 2
0.936413 0.137508 4
0.875635 2.77556e-05 14
0.940899 0.26725 3
0.933288 0.131391 4
0.870713 4.92351e-06 16
0.972305 0.628042 2
0.888556 0.000849513 10
0.910749 0.0121088 7
0.941704 0.269466 3
0.926554 0.0625965 5
0.916017 0.0267494 6
0.986331 1 1
0.973152 0.634112 2
0.93907 0.143382 4
0.960451 0.562078 2
0.966469 0.591549 2
0.888904 0.000398688 11
0.917856 0.0276457 6
0.938191 0.141363 4
0.920497 0.0568983 5
0.951371 0.302566 3
0.94478 0.278621 3
0.895284 0.000468768 11
0.903107 0.00120493 10
0.980784 0.699832 2
0.969038 0.606528 2
0.925952 0.0325839 6
0.96212 0.359113 3
0.963481 0.36832 3
0.904602 0.00256248 9
0.964235 0.373659 3
0.945793 0.161655 4
0.929652 0.0661313 5
0.961405 0.354491 3
0.947895 0.168581 4
0.930617 0.0673342 5
0.943889 0.15592 4
0.982157 0.714076 2
0.957997 0.334312 3
0.888296 1.89e-05 15
0.855084 1.29244e-11 0
0.898663 0.000515408 11
0.903033 0.00120242 10
0.86225 2.20268e-10 28
0.925702 0.032402 6
0.908808 0.00285902 9
0.863686 5.33142e-10 27
0.9364 0.0757485 5
0.915298 0.00676055 8
0.8439 7.34948e-12 0
0.945801 0.161681 4
0.858737 3.58158e-11 30
0.850459 1.01444e-11 0
0.866014 1.50102e-08 23
0.930483 0.0671645 5
0.968253 0.60178 2
0.909349 0.00582898 8
0.928622 0.0649031 5
0.972827 0.631763 2
0.877839 2.79984e-06 17
0.92397 0.0312022 6
0.913066 0.0126884 7
0.879957 6.56808e-06 16
0.910357 0.00596882 8
0.991911 1 1
0.887781 8.44661e-05 13
0.96055 0.349143 3
0.885493 0.00830303 7
0.907219 0.101188 4
0.942558 0.506498 2
0.950289 0.525946 2
0.953495 0.535832 2
0.970199 1 1
0.978673 1 1
0.921356 0.22977 3
0.962075 1 1
0.908335 0.102 4
0.907268 0.101223 4
0.936994 0.495502 2
0.959457 0.557867 2
0.926318 0.236961 3
0.978342 1 1
0.951949 0.183942 4
0.934843 0.0732609 5
0.945047 0.15935 4
0.905706 0.00129842 10
0.909493 0.00291333 9
0.936482 0.0758848 5
0.903238 0.00120934 10
0.914149 0.00655917 8
0.945841 0.161806 4
0.92335 0.0161572 7
0.995766 1 1
0.970376 0.614985 2
0.885774 8.07808e-06 16
0.961011 0.352 3
0.891462 4.47769e-05 14
0.920443 0.0568537 5
0.935675 0.254454 3
0.9585 0.553968 2
0.936574 0.256476 3
0.952348 0.532151 2
0.98858 1 1
0.947876 0.28906 3
0.937293 0.258144 3
0.998587 1 1
0.91969 0.0562414 5
0.943156 0.273647 3
0.970473 0.61562 2
0.927782 0.122354 4
0.961553 0.566951 2
0.940129 0.265197 3
0.846674 1.95093e-11 30
0.863441 3.4839e-07 19
0.924635 0.060632 5
0.961654 0.567407 2
0.908777 0.0116596 7
0.925543 0.0615421 5
0.969884 0.61182 2
0.876525 2.84133e-05 14
0.920325 0.0567563 5
0.906841 0.0112538 7
0.875093 1.23835e-05 15
0.905397 0.0109718 7
0.99104 1 1
0.884296 0.000165514 12
0.961743 0.56781 2
0.889722 0.000190524 12
0.888439 0.000184036 12
0.983494 0.728781 2
0.962321 0.570476 2
0.901475 0.00237738 9
0.937964 0.140855 4
0.94091 0.147861 4
0.884337 7.65782e-05 13
0.942697 0.152568 4
0.972796 0.631539 2
0.930578 0.0672848 5
0.955508 0.32133 3
0.931023 0.0678557 5
0.917501 0.027467 6
0.919733 0.0286365 6
0.879151 2.9339e-06 17
0.866865 1.55754e-08 23
0.948871 0.292708 3
0.92844 0.0646913 5
0.868142 3.67062e-08 22
0.903633 0.00250223 9
0.903615 0.00250115 9
0.856503 7.23999e-11 29
0.909986 0.0059165 8
0.984759 0.743474 2
0.922199 0.0300703 6
0.932031 0.0691931 5
0.896545 0.000485281 11
0.895166 0.000467278 11
0.882932 1.57214e-05 15
0.878497 2.86594e-06 17
0.91346 0.00644366 8
0.898468 0.000512503 11
0.900974 0.00113672 10
0.97316 0.634175 2
0.941483 0.149331 4
0.930319 0.0669579 5
0.942225 0.151288 4
0.932766 0.0702065 5
0.863159 2.62446e-09 25
0.8827 7.2218e-06 16
0.904103 0.00253112 9
0.918036 0.0141564 7
0.915731 0.0134337 7
0.947985 0.168892 4
0.866132 1.50872e-08 23
0.879542 2.97572e-06 17
0.94877 0.292332 3
0.982895 0.722084 2
0.917764 0.0140669 7
0.943069 0.153596 4
0.982447 0.717198 2
0.888461 8.61853e-05 13
0.939734 0.144957 4
0.927601 0.0637381 5
0.897247 0.000494924 11
0.928159 0.0643688 5
0.980786 0.699852 2
0.903222 0.00247751 9
0.960789 0.350623 3
0.937924 0.259647 3
0.933647 0.250137 3
0.962349 0.570607 2
0.923963 0.117149 4
0.92319 0.116185 4
0.954808 0.540248 2
0.922804 0.115714 4
0.920415 0.112945 4
0.964471 0.58095 2
0.932512 0.24786 3
0.974761 1 1
0.990985 1 1
0.904879 0.0225553 6
0.964222 0.579691 2
0.910369 0.0499773 5
0.884893 0.000363759 11
0.91191 0.0249821 6
0.927991 0.122662 4
0.933456 0.1317 4
0.966852 0.593683 2
0.965605 0.586859 2
0.963113 0.574229 2
0.931315 0.127919 4
0.955987 0.544413 2
0.892902 0.00198371 9
0.900476 0.00483655 8
0.927531 0.121987 4
0.947355 0.287211 3
0.92583 0.119597 4
0.975516 0.652257 2
0.931191 0.245328 3
0.938807 0.261811 3
0.961935 0.568689 2
0.930748 0.244505 3
0.940385 0.501946 2
0.973121 1 1
0.936112 0.255427 3
0.932698 0.248227 3
0.982943 1 1
0.925223 0.23527 3
0.958115 0.552442 2
0.983853 1 1
0.916824 0.10921 4
0.968737 1 1
0.926112 0.236637 3
0.859297 1.34141e-07 20
0.879068 0.000146424 12
0.9296 0.125118 4
0.957856 0.551429 2
0.927311 0.121669 4
0.941066 0.267704 3
0.983158 1 1
0.89397 0.00202535 9
0.934473 0.133617 4
0.904435 0.0107929 7
0.884565 0.000361157 11
0.915031 0.0528331 5
0.98679 1 1
0.898437 0.00465704 8
0.981291 1 1
0.908372 0.00282542 9
0.947756 0.1681 4
0.899595 0.000529709 11
0.888258 4.01662e-05 14
0.97731 0.667284 2
0.944058 0.156411 4
0.912249 0.00624999 8
0.979956 0.691635 2
0.939208 0.143707 4
0.863078 2.61473e-09 25
0.901992 0.00116837 10
0.914973 0.0132125 7
0.895493 0.00022523 12
0.940533 0.146913 4
0.922215 0.0300801 6
0.901829 0.0216857 6
0.925979 0.236431 3
0.941797 0.269728 3
0.936418 0.25612 3
0.968808 0.60512 2
0.985224 1 1
0.959719 0.558962 2
0.939699 0.264076 3
0.975351 1 1
0.904282 0.0223773 6
0.918876 0.111286 4
0.945694 0.513723 2
0.940066 0.265031 3
0.943672 0.50897 2
0.961019 0.564561 2
5 6 33 39 40 51 
50 1 3 4 5 6 11 12 14 15 16 17 18 19 20 21 22 23 25 26 27 28 29 30 31 32 33 34 35 36 37 39 40 41 42 43 44 45 46 47 48 49 50 51 52 53 54 55 56 57 59 
15 1 3 6 26 27 33 35 36 39 40 44 47 50 51 54 
33 1 3 5 6 7 8 12 14 18 19 20 21 22 23 26 27 29 30 31 33 35 36 37 39 40 41 43 47 48 50 51 54 56 
47 1 3 4 5 6 11 12 14 15 17 18 19 20 21 22 23 25 26 27 29 30 31 32 33 34 35 36 37 39 40 41 42 43 44 45 46 47 48 49 50 51 53 54 55 56 57 59 
32 1 3 5 6 11 12 14 20 21 22 23 25 26 27 29 30 31 33 35 36 37 39 40 41 43 44 47 48 50 51 54 56 
32 1 3 4 5 6 11 14 15 17 20 25 26 27 29 30 31 33 35 36 39 40 43 44 45 47 48 49 50 51 53 54 56 
41 1 3 4 5 6 7 8 11 12 14 15 18 19 20 21 22 23 25 26 27 29 30 31 33 34 35 36 37 39 40 41 43 44 47 48 50 51 53 54 56 59 
28 1 3 6 7 12 14 20 21 22 23 26 27 31 33 35 36 37 39 40 41 43 44 47 48 50 51 54 56 
8 6 27 33 39 40 44 47 51 
7 6 27 33 39 40 44 51 
12 1 6 26 27 33 35 39 40 44 47 51 54 
46 1 3 4 5 6 7 8 9 11 12 14 15 18 19 20 21 22 23 25 26 27 29 30 31 33 34 35 36 37 38 39 40 41 42 43 45 46 47 48 50 51 53 54 56 58 59 
23 1 3 6 11 14 20 26 27 29 30 31 33 35 36 39 40 43 44 47 50 51 54 56 
56 0 1 2 3 4 5 6 7 8 9 10 11 12 13 14 15 16 18 19 20 21 22 23 24 25 26 27 28 29 30 31 33 34 35 36 37 38 39 40 41 42 43 44 45 46 47 48 50 51 53 54 55 56 57 58 59 
