50 15 8e+06
2.00043 125886
1.8493 140045
2.82074 166623
1.77376 176228
1.39788 146732
2.04908 166124
2.56086 132978
1.82942 118779
2.81832 198194
1.14941 127435
2.76782 185547
1.39905 187330
1.45642 100642
2.26148 145394
1.13911 141732
2.87099 191511
1.09521 166939
2.36043 138791
1.37179 167230
1.11975 118159
1.59882 183497
2.18078 135981
2.32466 103645
2.2821 158785
2.55344 109489
1.16294 148959
1.35658 139858
2.38508 125833
1.85152 185292
1.6498 168147
2.19069 164083
1.91134 169305
2.30544 177678
2.97976 166635
1.26358 152807
1.19121 189698
2.35146 158184
1.87361 169609
1.92949 126842
2.73895 183391
1.14895 147784
1.01808 162935
1.21571 175263
2.39989 134780
1.90227 159748
2.29511 125620
2.14459 185866
1.19196 126874
1.79751 157635
1.44312 185649
0.938612 0.261328 3
0.93503 0.253045 3
0.952999 0.534218 2
0.899118 0.0209875 6
0.904112 0.0223276 6
0.92384 0.116994 4
0.90507 0.022613 6
0.908285 0.0488486 5
0.902643 0.0219086 6
0.932741 0.248311 3
0.971788 1 1
0.944405 0.510652 2
0.955608 0.543055 2
0.916429 0.108827 4
0.900329 0.0212913 6
0.936077 0.136811 4
0.927851 0.0640191 5
0.915274 0.0132993 7
0.940219 0.146138 4
0.980173 0.693757 2
0.877973 6.15004e-06 16
0.972065 0.626361 2
0.971982 0.625784 2
0.936077 0.136811 4
0.934062 0.132833 4
0.88952 0.000189474 12
0.937939 0.1408 4
0.889206 0.000187866 12
0.931385 0.0683298 5
0.917179 0.0273076 6
0.931872 0.12887 4
0.944421 0.277492 3
0.944219 0.276865 3
0.929827 0.125478 4
0.895754 0.00444206 8
0.985304 1 1
0.905126 0.0226298 6
0.904439 0.0224239 6
0.93539 0.253827 3
0.938561 0.261201 3
0.938974 0.262231 3
0.902897 0.0105208 7
0.87581 0.000136415 12
0.94447 0.277645 3
0.950973 0.527952 2
0.92477 0.118186 4
0.915609 0.0532229 5
0.928364 0.123217 4
0.885169 0.00172848 9
0.906456 0.023044 6
0.889304 0.00400635 8
0.902802 0.0219528 6
0.906999 0.0232192 6
0.88705 0.00178398 9
0.916282 0.053688 5
0.934237 0.251359 3
0.949556 0.523849 2
0.994552 1 1
0.898327 0.00980164 7
0.879233 0.000323243 11
0.958117 0.334973 3
0.945001 0.159211 4
0.946371 0.163496 4
0.924654 0.0316646 6
0.955288 0.320248 3
0.899051 0.000521286 11
0.950024 0.176296 4
0.954653 0.317181 3
0.924876 0.0318181 6
0.949133 0.172976 4
0.930193 0.0668001 5
0.990429 1 1
0.944216 0.156871 4
0.932503 0.0698404 5
0.911508 0.00613677 8
0.935342 0.253722 3
0.923433 0.232636 3
0.930322 0.243727 3
0.899237 0.0210169 6
0.929379 0.242046 3
0.88518 0.00377524 8
0.923362 0.232534 3
0.927891 0.239506 3
0.899898 0.0211817 6
0.926206 0.236785 3
0.924274 0.233853 3
0.967703 1 1
0.966694 0.592799 2
0.908734 0.0490846 5
0.88832 0.00858227 7
0.992387 1 1
0.986719 1 1
0.972271 0.627804 2
0.963708 0.577127 2
0.958544 0.337356 3
0.932795 0.0702471 5
0.965698 0.587355 2
0.966932 0.594135 2
0.966064 0.58933 2
0.993229 1 1
0.94286 0.153017 4
0.960951 0.351626 3
0.913215 0.0127277 7
0.976999 0.664595 2
0.955 0.318848 3
0.94504 0.279448 3
0.932023 0.129132 4
0.931102 0.127561 4
0.917756 0.0275951 6
0.956605 0.546677 2
0.884731 0.000167301 12
0.948046 0.289675 3
0.952639 0.307976 3
0.916959 0.0271998 6
0.936864 0.138458 4
0.914452 0.0260402 6
0.973789 0.638831 2
0.93675 0.138216 4
0.922212 0.0583685 5
0.901847 0.00496612 8
0.998981 1 1
0.985614 1 1
0.976709 1 1
0.956915 0.547831 2
0.955936 0.544229 2
0.933119 0.249066 3
0.961551 0.566938 2
0.963508 1 1
0.959393 0.557602 2
0.990042 1 1
0.947912 0.519358 2
0.966059 1 1
0.91951 0.227379 3
0.971118 1 1
0.949498 0.523686 2
0.977793 1 1
0.977967 1 1
0.995809 1 1
0.940108 0.265141 3
0.934422 0.251748 3
0.946652 0.516101 2
0.939283 0.263011 3
0.94135 0.268485 3
0.944052 0.509837 2
0.974656 1 1
0.970354 1 1
0.95862 0.554449 2
0.927317 0.238561 3
0.958596 0.554354 2
0.94108 0.267742 3
0.90176 0.01033 7
0.913172 0.0516345 5
0.917152 0.0543075 5
0.897418 0.00457272 8
0.864915 1.85807e-06 17
0.96532 0.585347 2
0.873675 5.86373e-05 13
0.873219 2.60932e-05 14
0.902742 0.0104942 7
0.907226 0.0232935 6
0.92271 0.115601 4
0.87627 6.22921e-05 13
0.858405 1.30298e-07 20
0.911405 0.0247847 6
0.918659 0.0554326 5
0.91693 0.109314 4
0.925446 0.119079 4
0.93678 0.256949 3
0.898146 0.00977565 7
0.875945 0.000303391 11
0.969535 0.609616 2
0.882776 0.000759157 10
0.88356 0.00168385 9
0.903531 0.0221593 6
0.919372 0.11181 4
0.953279 0.535124 2
0.897647 0.00970475 7
0.888696 0.00397022 8
0.916017 0.0535032 5
0.914236 0.0523101 5
0.973361 1 1
0.975105 1 1
0.994629 1 1
0.937315 0.258195 3
0.929993 0.243134 3
0.950008 0.525134 2
0.935004 0.252988 3
0.936974 0.257399 3
0.941501 0.50424 2
0.971071 1 1
0.974516 1 1
0.954749 0.540043 2
0.926611 0.237425 3
0.95625 0.545369 2
0.93992 0.26465 3
0.916058 0.0135317 7
0.908699 0.00285055 9
0.923691 0.0310176 6
0.876225 1.20677e-06 18
0.893037 0.000209242 12
0.890115 9.06157e-05 13
0.89047 9.16134e-05 13
0.894433 0.000218086 12
0.878661 2.88272e-06 17
0.908316 0.00282108 9
0.9363 0.0755829 5
0.936172 0.0753733 5
0.983922 0.733661 2
0.890829 9.26442e-05 13
0.872935 2.19812e-07 20
0.928261 0.123063 4
0.915493 0.0531441 5
0.917314 0.0544251 5
0.89935 0.00995201 7
0.938157 0.260212 3
0.871464 2.49854e-05 14
0.92919 0.124477 4
0.933645 0.250133 3
0.898692 0.00985463 7
0.919749 0.0562885 5
0.905382 0.022708 6
0.959941 0.559898 2
0.94343 0.274465 3
0.904458 0.0107971 7
0.884292 0.000780949 10
0.941227 0.148671 4
0.929175 0.0351228 6
0.923228 0.0307167 6
0.924676 0.0316797 6
0.970055 0.612913 2
0.879073 1.34424e-06 18
0.95886 0.339144 3
0.962767 0.363422 3
0.922553 0.0158231 7
0.934983 0.0734774 5
0.902233 0.00117612 10
0.959891 0.34516 3
0.91696 0.0138093 7
0.924203 0.0313582 6
0.905327 0.00128402 10
0.930017 0.125782 4
0.918018 0.0549458 5
0.912636 0.0252733 6
0.914435 0.0260327 6
0.960206 0.561023 2
0.868644 2.07375e-06 17
0.948672 0.291966 3
0.952196 0.306053 3
0.912072 0.0250465 6
0.923732 0.0597616 5
0.892867 0.000931954 10
0.950782 0.30015 3
0.91358 0.0256649 6
0.913204 0.0255068 6
0.894791 0.00205863 9
0.934363 0.133407 4
0.945092 0.279615 3
0.95174 0.304112 3
0.920969 0.0572932 5
0.894139 0.00203209 9
0.993972 1 1
0.902168 0.0049975 8
0.902386 0.00501909 8
0.926543 0.0625848 5
0.938777 0.142701 4
0.955342 0.320512 3
0.909414 0.0118007 7
0.889128 0.000400818 11
0.938537 0.14215 4
0.938353 0.14173 4
0.947074 0.517174 2
0.935188 0.253387 3
0.942156 0.505629 2
0.909536 0.102904 4
0.936499 0.256306 3
0.896124 0.0202863 6
0.931783 0.246447 3
0.936259 0.25576 3
0.910499 0.103654 4
0.937822 0.497008 2
0.934237 0.251359 3
0.978902 1 1
0.963126 0.574289 2
0.919948 0.112432 4
0.899352 0.0210452 6
0.923825 0.031106 6
0.911192 0.0122151 7
0.909609 0.0058644 8
0.901297 0.00236761 9
0.944475 0.157633 4
0.864343 3.14247e-08 22
0.933882 0.132494 4
0.937939 0.1408 4
0.89972 0.00109979 10
0.916231 0.013584 7
0.894099 0.000454144 11
0.951504 0.30312 3
0.926407 0.0624407 5
0.903121 0.00247147 9
0.883735 3.48338e-05 14
0.950985 0.300975 3
0.952723 0.308341 3
0.93417 0.133037 4
0.987243 1 1
0.958538 0.554122 2
0.912095 0.0250556 6
0.969853 0.611626 2
0.965578 0.586718 2
0.981354 1 1
0.956657 0.546869 2
0.905932 0.0110745 7
0.928005 0.122682 4
0.877667 6.44246e-05 13
0.968388 0.602588 2
0.96313 0.574311 2
0.967734 0.598726 2
0.959457 0.557867 2
0.946155 0.283097 3
0.961583 0.567086 2
0.985934 1 1
0.907448 0.00558216 8
0.991354 1 1
0.994611 1 1
0.959629 0.558585 2
0.965903 0.588456 2
0.91867 0.0280652 6
0.958699 0.338232 3
0.905695 0.00537278 8
0.960087 0.560517 2
0.941545 0.149492 4
0.955543 0.542821 2
0.942777 0.506976 2
0.946394 0.515451 2
0.919975 0.227968 3
0.948754 0.521623 2
0.899138 0.044728 5
0.943873 0.509426 2
0.948434 0.520755 2
0.920535 0.228689 3
0.946319 0.515263 2
0.932901 0.248629 3
0.989409 1 1
0.950769 0.527348 2
0.929007 0.241398 3
0.908069 0.101803 4
0.964119 0.372825 3
0.951343 0.181464 4
0.946029 0.1624 4
0.939448 0.0811713 5
0.974165 0.641667 2
0.900604 0.000545968 11
0.96853 0.603437 2
0.973298 0.635183 2
0.93868 0.0797304 5
0.95696 0.328736 3
0.923547 0.016242 7
0.978533 0.6782 2
0.926005 0.0326226 6
0.943517 0.154856 4
0.92295 0.0159881 7
0.974663 0.645499 2
0.962903 0.573222 2
0.968306 0.602095 2
0.933652 0.132063 4
0.948802 0.292453 3
0.919905 0.0564146 5
0.948718 0.292138 3
0.952504 0.307385 3
0.935468 0.135573 4
0.965235 0.584902 2
0.951024 0.301138 3
0.986375 1 1
0.942926 0.272968 3
0.946478 0.284184 3
0.925548 0.0615467 5
0.948857 0.521905 2
0.935926 0.25501 3
0.93834 0.260658 3
0.915947 0.0534548 5
0.949052 0.522444 2
0.891423 0.0041384 8
0.942546 0.27186 3
0.94719 0.286631 3
0.916011 0.0534993 5
0.939898 0.264593 3
0.924683 0.118072 4
0.981909 1 1
0.948581 0.521152 2
0.923383 0.116423 4
0.902598 0.0218961 6
0.951401 0.529236 2
0.96452 0.5812 2
0.95443 0.538952 2
0.958995 0.555967 2
0.920982 0.11358 4
0.961608 0.5672 2
0.931379 0.245681 3
0.930014 0.243171 3
0.964704 0.582141 2
0.960208 0.561033 2
0.935229 0.253476 3
0.91902 0.111437 4
0.881435 0.00162853 9
0.972249 1 1
0.979786 1 1
0.920043 0.112536 4
0.919571 0.112024 4
0.937979 0.497297 2
0.88399 0.00371412 8
0.883106 0.00367015 8
0.924725 0.23452 3
0.885152 0.00377377 8
0.887933 0.00854262 7
0.888113 0.00856096 7
0.915993 0.108411 4
0.965882 1 1
0.9209 0.229165 3
0.938019 0.497372 2
0.90217 0.0459628 5
0.889309 0.00868575 7
0.950826 0.300329 3
0.958649 0.33795 3
0.971464 0.62222 2
0.92613 0.0621483 5
0.908139 0.00566941 8
0.972468 0.629196 2
0.9147 0.0131347 7
0.915812 0.0134579 7
0.931341 0.0682719 5
0.952593 0.307775 3
0.976778 0.662711 2
0.929625 0.0660986 5
0.910263 0.0119947 7
0.945603 0.281268 3
0.937386 0.139581 4
0.937775 0.259289 3
0.932167 0.247187 3
0.948837 0.521853 2
0.897285 0.00965416 7
0.907056 0.0232378 6
0.915102 0.0528805 5
0.906782 0.0231489 6
0.910336 0.0243796 6
0.900349 0.0101045 7
0.930824 0.127097 4
0.962372 0.570713 2
0.949497 0.523683 2
0.96622 0.590183 2
0.913565 0.0518813 5
0.896217 0.00447757 8
0.9263 0.236932 3
0.93301 0.248846 3
0.947239 0.5176 2
0.901785 0.0457996 5
0.884583 0.00374427 8
0.964711 1 1
0.890481 0.00881246 7
0.891775 0.0193784 6
0.906987 0.0481857 5
0.927221 0.238405 3
0.968404 1 1
0.910161 0.103388 4
0.903694 0.046629 5
0.920571 0.228736 3
0.914888 0.107383 4
0.933621 0.250084 3
0.93684 0.257087 3
0.954481 0.539125 2
0.901871 0.0216971 6
0.892578 0.00421467 8
0.950174 0.525612 2
0.896844 0.0095934 7
0.898884 0.0098829 7
0.906592 0.0230875 6
0.931976 0.246818 3
0.983562 1 1
0.924021 0.117222 4
0.923118 0.116096 4
0.920918 0.113508 4
0.910517 0.0500607 5
0.956908 0.328464 3
0.946711 0.284977 3
0.936082 0.136821 4
0.947853 0.28898 3
0.992979 1 1
0.894992 0.000978569 10
0.982937 1 1
0.986983 1 1
0.945413 0.280651 3
0.953045 0.309765 3
0.910624 0.0120793 7
0.959861 0.55956 2
0.90819 0.0115332 7
0.945501 0.280935 3
0.927287 0.0633903 5
0.950856 0.300452 3
0.939644 0.263935 3
0.931052 0.127477 4
0.93825 0.141498 4
0.9842 1 1
0.888375 0.000393734 11
0.973046 0.633343 2
0.97697 0.664343 2
0.935923 0.136495 4
0.945795 0.281898 3
0.907329 0.0113531 7
0.961158 0.565179 2
0.911961 0.0250021 6
0.936686 0.13808 4
0.918152 0.0550463 5
0.944359 0.510544 2
0.945039 0.512144 2
0.963889 0.578022 2
0.908573 0.0489995 5
0.904277 0.0468922 5
0.943883 0.50945 2
0.907619 0.0485047 5
0.910073 0.0498115 5
0.91287 0.0514478 5
0.94105 0.26766 3
0.992159 1 1
0.938334 0.260643 3
0.93563 0.254355 3
0.927332 0.238586 3
0.913852 0.106454 4
0.955632 0.54314 2
0.94834 0.520501 2
0.963008 0.57372 2
0.914082 0.0522104 5
0.924915 0.118375 4
0.921089 0.113702 4
0.924887 0.118339 4
0.928483 0.123396 4
0.916847 0.054088 5
0.947876 0.519262 2
0.964205 0.579603 2
0.966958 0.594278 2
0.958919 0.555656 2
0.929704 0.125283 4
0.910889 0.0502722 5
0.97132 1 1
0.958958 0.555818 2
0.963293 1 1
0.931746 0.246376 3
0.950671 0.527059 2
0.915123 0.107599 4
0.949448 0.523547 2
0.953501 0.535849 2
0.933185 0.489089 2
0.961832 1 1
0.946543 0.515825 2
0.991532 1 1
0.944406 0.510654 2
0.943432 0.508429 2
0.922359 0.231129 3
0.916815 0.0540654 5
0.928405 0.123279 4
0.932169 0.129388 4
0.910998 0.0246282 6
0.879196 6.69073e-05 13
0.981253 1 1
0.887961 0.000839233 10
0.887602 0.000833147 10
0.916472 0.0538212 5
0.922345 0.0584874 5
0.935369 0.135374 4
0.890604 0.000886818 10
0.870256 4.85922e-06 16
0.925997 0.119824 4
0.931672 0.128526 4
0.984029 0.734899 2
0.979634 0.688518 2
0.963593 0.369099 3
0.969682 0.610541 2
0.965287 0.381407 3
0.926854 0.0332559 6
0.973721 0.638316 2
0.974298 0.642688 2
0.970842 0.618042 2
0.986055 0.759383 2
0.934394 0.0725761 5
0.95784 0.333453 3
0.907773 0.00278037 9
0.977922 0.672671 2
0.956454 0.326104 3
0.922331 0.231091 3
0.923597 0.232871 3
0.941799 0.504868 2
0.888319 0.00858219 7
0.88341 0.00811146 7
0.934462 0.49115 2
0.886458 0.0083957 7
0.888905 0.0188399 6
0.892751 0.019572 6
0.919381 0.227217 3
0.971296 1 1
0.918692 0.226363 3
0.929192 0.241719 3
0.906925 0.100979 4
0.895517 0.020152 6
0.930982 0.12736 4
0.938115 0.26011 3
0.951862 0.530641 2
0.907023 0.0232269 6
0.889064 0.00184775 9
0.969199 0.607523 2
0.895202 0.00440052 8
0.896407 0.00449232 8
0.912265 0.0510793 5
0.932226 0.247302 3
0.97065 0.616778 2
0.913523 0.0518546 5
0.904193 0.0223512 6
0.925889 0.119678 4
0.920194 0.112702 4
0.938108 0.141177 4
0.933094 0.131038 4
0.950209 0.297856 3
0.89784 0.00219266 9
0.906158 0.00542653 8
0.917742 0.0275877 6
0.906265 0.00543911 8
0.909719 0.0118695 7
0.901048 0.00235407 9
0.931463 0.12817 4
0.965272 0.585097 2
0.948015 0.289562 3
0.963006 0.573711 2
0.914454 0.0260413 6
0.89746 0.00217497 9
0.943791 0.275552 3
0.956881 0.547702 2
0.952967 0.534116 2
0.943989 0.276159 3
0.908997 0.0238959 6
0.976416 0.659655 2
0.918723 0.0554818 5
0.917858 0.0548264 5
0.949663 0.295722 3
0.951331 0.3024 3
0.940793 0.266966 3
0.913049 0.0254426 6
0.881111 0.000153393 12
0.958851 0.555382 2
0.964632 0.581772 2
0.915833 0.0134642 7
0.925477 0.0322406 6
0.934595 0.0728811 5
0.900975 0.00113676 10
0.875562 1.17775e-06 18
0.975038 0.648439 2
0.883046 1.57801e-05 15
0.88347 1.60015e-05 15
0.906435 0.00268438 9
0.919301 0.0284014 6
0.946986 0.285923 3
0.894142 0.000454664 11
0.881668 1.50933e-05 15
0.918124 0.0141855 7
0.91868 0.0280708 6
0.95627 0.545444 2
0.96212 0.569541 2
0.943386 0.274331 3
0.996165 1 1
0.948758 0.292287 3
0.926685 0.120779 4
0.96049 0.562249 2
0.957299 0.549283 2
0.996606 1 1
0.96419 0.579531 2
0.915883 0.0534109 5
0.927769 0.122334 4
0.879765 0.000148739 12
0.981028 1 1
0.978769 1 1
0.949624 0.295573 3
0.939319 0.263102 3
0.949875 0.296547 3
0.909351 0.0240215 6
0.929642 0.125184 4
0.905384 0.0109694 7
0.926905 0.121089 4
0.931087 0.127534 4
0.911127 0.0246776 6
0.940663 0.266615 3
0.946451 0.284091 3
0.974588 0.644921 2
0.968063 0.600656 2
0.922234 0.0583879 5
0.902188 0.00499949 8
0.979156 1 1
0.965791 0.587854 2
0.965174 0.584582 2
0.941502 0.268906 3
0.959281 0.557137 2
0.917503 0.10988 4
0.959247 0.557001 2
0.963131 0.574313 2
0.942668 0.272216 3
0.969828 0.611465 2
0.943175 0.273705 3
0.986092 1 1
0.934278 0.251444 3
0.952094 0.531359 2
0.930651 0.244326 3
0.953926 0.313764 3
0.952114 0.305702 3
0.970873 0.618247 2
0.915248 0.0263953 6
0.915127 0.0263404 6
0.938655 0.261434 3
0.917742 0.0547398 5
0.920511 0.0569101 5
0.919109 0.0557813 5
0.949124 0.293661 3
0.985184 1 1
0.950838 0.300378 3
0.943052 0.273339 3
0.933374 0.13155 4
0.917519 0.0545756 5
0.933182 0.0707954 5
0.932029 0.0691902 5
0.950662 0.178757 4
0.895885 0.000227971 12
0.895938 0.00022834 12
0.930461 0.0362499 6
0.897995 0.000243712 12
0.900837 0.000549855 11
0.899885 0.000534293 11
0.928715 0.0347356 6
0.976709 0.662119 2
0.933778 0.0716584 5
0.944001 0.156244 4
0.914037 0.00654015 8
0.89993 0.000535012 11
0.940594 0.147066 4
0.953291 0.310868 3
0.952379 0.306842 3
0.937095 0.138952 4
0.904004 0.00518577 8
0.984056 1 1
0.913332 0.0127589 7
0.912743 0.012604 7
0.94276 0.152742 4
0.947376 0.287285 3
0.944148 0.276647 3
0.911081 0.0121883 7
0.882139 3.32204e-05 14
0.952759 0.308499 3
0.95711 0.329527 3
35 0 3 4 5 7 9 11 12 13 14 15 16 17 18 19 22 23 24 25 27 28 29 30 31 34 35 36 39 40 41 43 45 46 47 48 
37 0 3 4 5 7 8 9 11 12 13 14 15 16 17 18 19 22 23 24 25 27 28 29 30 31 33 34 35 36 39 40 41 43 45 46 47 48 
31 0 3 4 5 7 9 12 13 14 15 16 18 19 22 23 24 25 27 29 31 32 33 34 35 36 39 41 45 46 47 48 
48 0 2 3 4 5 6 7 8 9 10 11 12 13 14 15 16 17 18 19 21 22 23 24 25 26 27 28 29 30 31 32 33 34 35 36 37 38 39 40 41 42 43 44 45 46 47 48 49 
47 0 2 3 4 5 6 7 8 9 10 11 12 13 14 15 16 17 18 19 21 22 23 24 25 26 27 28 29 30 31 32 33 34 35 36 37 38 39 40 41 42 43 45 46 47 48 49 
42 0 1 3 4 5 6 7 8 9 11 12 13 14 15 16 17 18 19 21 22 23 24 25 27 28 29 30 31 32 33 34 35 36 38 39 40 41 43 45 46 47 48 
47 0 2 3 4 5 6 7 8 9 10 11 12 13 14 15 16 17 18 19 21 22 23 24 25 26 27 28 29 30 31 32 33 34 35 36 37 38 39 40 41 42 43 45 46 47 48 49 
41 0 3 4 5 6 7 8 9 11 12 13 14 15 16 17 18 19 21 22 23 24 25 27 28 29 30 31 32 33 34 35 36 38 39 40 41 43 45 46 47 48 
48 0 1 2 3 4 5 6 7 8 9 10 11 12 13 14 15 16 17 18 19 21 22 23 24 25 26 27 28 29 30 31 32 33 34 35 36 37 38 39 40 41 42 43 45 46 47 48 49 
39 0 1 3 4 5 6 7 8 9 12 13 14 15 16 18 19 21 22 23 24 25 27 28 29 30 31 32 33 34 35 36 38 39 40 41 45 46 47 48 
21 0 3 4 5 7 13 14 18 19 22 25 27 29 31 34 35 39 41 45 47 48 
17 0 3 4 5 7 13 14 15 16 18 19 22 25 29 35 41 45 
0 
42 0 1 3 4 5 6 7 8 9 11 12 13 14 15 16 17 18 19 21 22 23 24 25 27 28 29 30 31 32 33 34 35 36 38 39 40 41 43 45 46 47 48 
50 0 1 2 3 4 5 6 7 8 9 10 11 12 13 14 15 16 17 18 19 20 21 22 23 24 25 26 27 28 29 30 31 32 33 34 35 36 37 38 39 40 41 42 43 44 45 46 47 48 49 
