60 15 8e+06
2.04903 103369
1.62735 121178
1.36093 175355
1.51777 130759
1.46622 167397
2.78776 149253
2.07789 112248
1.924 170798
1.71417 189175
1.3064 189856
1.77881 162614
2.78468 196527
1.54357 182622
2.05532 173513
1.15941 129482
2.48241 100132
1.92987 198070
2.12968 174252
1.0399 189503
2.29381 133649
2.43032 176819
1.22604 194884
1.40856 114590
1.00061 166185
2.38175 169043
2.59625 133379
1.52936 121473
2.59793 119795
2.93214 130449
1.83299 176670
1.76729 186728
1.09172 123243
2.48564 167350
1.14517 155084
1.96682 191804
1.83531 190935
2.96133 188597
1.37113 161438
1.61084 150395
1.5476 105059
1.85169 177588
2.2285 123445
1.2137 179661
1.22634 157156
2.66795 104765
2.83713 199642
2.59345 198739
2.86152 180630
1.55024 114107
1.57305 114529
2.9324 115049
1.45825 193454
2.01457 180658
2.24867 149158
1.47975 154605
1.31343 133294
1.0563 170952
1.33592 183949
1.30035 109124
2.64895 112305
0.951862 0.530642 2
0.952768 0.53348 2
0.911519 0.050637 5
0.862254 3.91517e-06 16
0.868088 5.18997e-05 13
0.927556 0.122023 4
0.883896 0.00169298 9
0.875875 0.000302994 11
0.87913 0.000711366 10
0.990032 1 1
0.904662 0.02249 6
0.89164 0.00415247 8
0.951304 0.528942 2
0.932627 0.248086 3
0.890403 0.00407358 8
0.901824 0.00496388 8
0.938632 0.261377 3
0.942097 0.270574 3
0.91504 0.0263013 6
0.931851 0.128835 4
0.943994 0.276174 3
0.96616 0.589852 2
0.921316 0.0575874 5
0.937676 0.140218 4
0.921848 0.0580484 5
0.98053 1 1
0.922625 0.0587385 5
0.95967 0.558757 2
0.963964 0.578399 2
0.973652 0.637804 2
0.978342 1 1
0.953977 0.537425 2
0.915749 0.10818 4
0.866196 4.99088e-05 13
0.86757 0.000115849 12
0.931271 0.245478 3
0.868969 0.000118944 12
0.881262 0.00162419 9
0.879622 0.00158427 9
0.96172 0.567705 2
0.895795 0.0202132 6
0.899963 0.0211983 6
0.935567 0.254215 3
0.92704 0.238111 3
0.875673 0.000671262 10
0.951194 0.301835 3
0.986318 1 1
0.950456 0.298841 3
0.900229 0.00231068 9
0.906975 0.00552411 8
0.966236 0.590269 2
0.914883 0.0131866 7
0.913749 0.0128708 7
0.91845 0.0279505 6
0.963668 0.576929 2
0.942803 0.152859 4
0.928065 0.064261 5
0.981362 0.705729 2
0.974192 0.641872 2
0.92197 0.02993 6
0.953143 0.534682 2
0.967374 0.596647 2
0.926563 0.120607 4
0.877054 0.000309824 11
0.883703 0.000772341 10
0.942574 0.271943 3
0.898846 0.00987727 7
0.890482 0.00407856 8
0.894759 0.00931868 7
0.989076 1 1
0.921186 0.113812 4
0.905484 0.0227394 6
0.968192 0.601421 2
0.949552 0.52384 2
0.905585 0.0227707 6
0.902285 0.0460119 5
0.925317 0.235412 3
0.967305 1 1
0.975783 1 1
0.966301 0.590624 2
0.950561 0.526737 2
0.910165 0.0498628 5
0.993182 1 1
0.976949 1 1
0.886536 0.00384774 8
0.941983 0.505259 2
0.983246 1 1
0.91426 0.106816 4
0.939649 0.500483 2
0.914375 0.106919 4
0.89317 0.00425501 8
0.929704 0.242619 3
0.938417 0.260847 3
0.918321 0.110709 4
0.936843 0.257095 3
0.937733 0.259189 3
0.97551 1 1
0.922631 0.115506 4
0.940786 0.266946 3
0.911798 0.0508007 5
0.981989 1 1
0.921082 0.113694 4
0.949241 0.522969 2
0.955982 0.544396 2
0.982946 1 1
0.943837 0.509345 2
0.982169 1 1
0.95845 0.553768 2
0.909182 0.0493239 5
0.916804 0.10919 4
0.972743 1 1
0.923208 0.116206 4
0.92226 0.115062 4
0.92818 0.239989 3
0.953719 0.536567 2
0.953002 0.534228 2
0.935202 0.253417 3
0.982004 1 1
0.985019 1 1
0.930367 0.243809 3
0.937491 0.4964 2
0.975661 1 1
0.965969 1 1
0.917969 0.225487 3
0.926141 0.236684 3
0.977609 1 1
0.929139 0.241627 3
0.930686 0.244391 3
0.937526 0.496465 2
0.944147 0.510055 2
0.961488 0.566655 2
0.942278 0.505891 2
0.976051 1 1
0.994997 1 1
0.936282 0.494241 2
0.949001 0.293198 3
0.93495 0.134545 4
0.935904 0.136457 4
0.901904 0.00497164 8
0.892461 0.000923539 10
0.939405 0.144172 4
0.860286 2.68667e-08 22
0.917533 0.0274828 6
0.904415 0.00522997 8
0.903943 0.00517921 8
0.894803 0.000974244 10
0.938143 0.141256 4
0.905751 0.00537926 8
0.919297 0.0283992 6
0.86638 3.84055e-07 19
0.950595 0.299395 3
0.928969 0.06531 5
0.924213 0.0313653 6
0.88932 8.84396e-05 13
0.880198 6.62193e-06 16
0.929411 0.0658395 5
0.850705 1.02724e-11 0
0.904742 0.00257143 9
0.892089 0.00020358 12
0.902568 0.001187 10
0.884555 1.659e-05 15
0.925138 0.0320008 6
0.899563 0.00109533 10
0.910437 0.00598017 8
0.856874 7.3773e-11 29
0.913127 0.0516067 5
0.931254 0.245445 3
0.970237 0.614084 2
0.961374 0.566145 2
0.950081 0.525344 2
0.955581 0.542957 2
0.89949 0.0210795 6
0.978232 1 1
0.961323 0.565913 2
0.891266 0.00412823 8
0.933528 0.249894 3
0.994611 1 1
0.914805 0.0526824 5
0.939549 0.26369 3
0.904339 0.0223941 6
0.924847 0.118287 4
0.960827 0.563716 2
0.944567 0.51103 2
0.90284 0.0219636 6
0.914949 0.107439 4
0.954512 0.539233 2
0.93913 0.262624 3
0.913223 0.0516662 5
0.924116 0.117343 4
0.949218 0.522904 2
0.960087 0.560517 2
0.921626 0.114318 4
0.988228 1 1
0.975372 1 1
0.946268 0.515137 2
0.933418 0.13163 4
0.962535 0.571477 2
0.993401 1 1
0.939649 0.263949 3
0.942027 0.270377 3
0.98858 1 1
0.919174 0.0558322 5
0.95473 0.539981 2
0.955279 0.54189 2
0.922462 0.0585916 5
0.956208 0.545217 2
0.969261 0.607903 2
0.948858 0.292661 3
0.974066 0.640916 2
0.925484 0.11913 4
0.965209 1 1
0.966122 1 1
0.958096 0.552367 2
0.911077 0.104115 4
0.907528 0.10141 4
0.967736 1 1
0.886007 0.00835205 7
0.9275 0.238859 3
0.920452 0.228581 3
0.930184 0.243477 3
0.920687 0.228887 3
0.948644 0.521324 2
0.93619 0.49408 2
0.948911 0.522055 2
0.892558 0.0195332 6
0.94565 0.281422 3
0.944953 0.279171 3
0.955238 0.320003 3
0.92021 0.0566626 5
0.911485 0.0248157 6
0.956071 0.544716 2
0.877108 2.88574e-05 14
0.936467 0.13762 4
0.923777 0.0598039 5
0.908146 0.0115239 7
0.91247 0.0252058 6
0.957883 0.551533 2
0.917375 0.0274043 6
0.934754 0.134161 4
0.883128 0.000160878 12
0.875914 6.17686e-05 13
0.896652 0.00451148 8
0.937323 0.258216 3
0.985437 1 1
0.962924 0.57332 2
0.921105 0.0574084 5
0.895242 0.00440355 8
0.975401 0.651329 2
0.962131 0.569592 2
0.8591 3.03836e-07 19
0.920165 0.0566255 5
0.956072 0.544721 2
0.886977 0.000822769 10
0.911494 0.0248193 6
0.897795 0.00460352 8
0.897569 0.00969382 7
0.924253 0.117517 4
0.965453 0.586054 2
0.977838 1 1
0.977549 1 1
0.949055 0.522451 2
0.921134 0.113754 4
0.986676 1 1
0.989728 1 1
0.88705 0.0038761 8
0.951296 0.528919 2
0.972777 1 1
0.917615 0.109993 4
0.942706 0.272327 3
0.925009 0.118499 4
0.972661 0.630566 2
0.987553 1 1
0.950613 0.29947 3
0.898871 0.00469406 8
0.900774 0.00486408 8
0.966912 0.594022 2
0.895814 0.00210168 9
0.914199 0.0259298 6
0.913294 0.0255444 6
0.956185 0.545133 2
0.927124 0.121401 4
0.932572 0.130099 4
0.957616 0.550499 2
0.959678 0.558788 2
0.902742 0.0104943 7
0.970017 0.612668 2
0.947404 0.287383 3
0.934386 0.13345 4
0.892052 0.000915208 10
0.886213 0.000173657 12
0.943236 0.273884 3
0.863922 1.5687e-07 20
0.908108 0.0115157 7
0.898702 0.0022338 9
0.921785 0.0579928 5
0.897433 0.00217375 9
0.929233 0.124544 4
0.9175 0.0274663 6
0.925935 0.0619452 5
0.870386 2.18769e-06 17
0.926814 0.0628752 5
0.962824 0.572844 2
0.975551 0.652543 2
0.93213 0.0693275 5
0.941108 0.148365 4
0.978186 0.675045 2
0.935702 0.136045 4
0.944068 0.15644 4
0.952564 0.307645 3
0.929139 0.0655126 5
0.972233 0.627532 2
0.952639 0.307974 3
0.962613 0.362386 3
0.988736 1 1
0.942507 0.152052 4
0.949429 0.294823 3
0.936368 0.256007 3
0.93775 0.259228 3
0.90345 0.0106168 7
0.894131 0.00203178 9
0.941187 0.268037 3
0.861957 3.32157e-07 19
0.919151 0.0558144 5
0.906132 0.0111132 7
0.904851 0.0108694 7
0.89655 0.00450346 8
0.939858 0.26449 3
0.9072 0.0113267 7
0.920987 0.0573083 5
0.868056 4.56742e-06 16
0.868842 4.18114e-07 19
0.894866 0.000975684 10
0.934401 0.133478 4
0.983727 1 1
0.980892 0.700927 2
0.918632 0.0280454 6
0.91302 0.0126762 7
0.967349 0.596504 2
0.971254 0.620799 2
0.859814 5.12193e-09 24
0.931923 0.128958 4
0.945512 0.280972 3
0.891437 0.00042409 11
0.914762 0.026177 6
0.914467 0.0260467 6
0.966333 0.590801 2
0.991892 1 1
0.949152 0.293767 3
0.89738 0.000496781 11
0.901096 0.00114044 10
0.965938 0.588649 2
0.901454 0.00115145 10
0.912127 0.00623098 8
0.913289 0.0127473 7
0.962798 0.363628 3
0.931311 0.0682319 5
0.92919 0.065573 5
0.965983 0.58889 2
0.963999 0.578572 2
0.908447 0.00570918 8
0.944593 0.27803 3
0.967923 0.599833 2
0.930729 0.244471 3
0.882483 0.000755081 10
0.890755 0.00409569 8
0.945924 0.282325 3
0.909728 0.0496208 5
0.895173 0.00937159 7
0.901338 0.0215545 6
0.98047 1 1
0.930761 0.244528 3
0.908592 0.0490095 5
0.979268 1 1
0.957001 0.548154 2
0.916495 0.0538379 5
0.924575 0.0605737 5
0.908468 0.00571186 8
0.914661 0.0131236 7
0.891636 0.000426217 11
0.878482 6.25346e-06 16
0.91499 0.0132173 7
0.83947 5.98118e-12 0
0.905386 0.00533761 8
0.889111 0.000187387 12
0.878885 6.33699e-06 16
0.873329 1.0871e-06 18
0.923118 0.0306462 6
0.880263 1.44399e-05 15
0.894788 0.000462545 11
0.845141 7.79823e-12 0
0.949946 0.296822 3
0.960206 0.561023 2
0.970228 0.61403 2
0.925658 0.0616597 5
0.920913 0.029303 6
0.973795 0.63887 2
0.892455 0.000435145 11
0.942373 0.151689 4
0.933916 0.132557 4
0.920431 0.0290265 6
0.928289 0.0645173 5
0.96399 0.578527 2
0.933752 0.132251 4
0.952127 0.305757 3
0.898734 0.00223537 9
0.923625 0.0596605 5
0.920072 0.05655 5
0.937649 0.140159 4
0.919239 0.0283676 6
0.905214 0.00531818 8
0.933661 0.13208 4
0.860909 2.75052e-08 22
0.933215 0.131257 4
0.91572 0.0266113 6
0.884264 0.000165385 12
0.895332 0.000986428 10
0.950394 0.29859 3
0.893943 0.000955006 10
0.912802 0.0253411 6
0.866328 3.83375e-07 19
0.933426 0.0711455 5
0.915513 0.00679948 8
0.918263 0.0142317 7
0.890965 4.40081e-05 14
0.879137 6.20106e-07 19
0.920172 0.0148995 7
0.84322 7.11646e-12 0
0.905414 0.00128729 10
0.890266 4.29632e-05 14
0.886892 1.7978e-05 15
0.877188 5.72489e-07 19
0.924289 0.0314162 6
0.886811 1.79272e-05 15
0.900211 0.000539535 11
0.849073 9.45835e-12 0
0.901902 0.00497149 8
0.928975 0.124146 4
0.970282 0.614379 2
0.973006 0.633054 2
0.973919 0.639804 2
0.953877 0.313538 3
0.922378 0.0585166 5
0.984108 1 1
0.987323 1 1
0.891543 0.000905032 10
0.9541 0.314575 3
0.975232 0.649981 2
0.921996 0.0581781 5
0.947309 0.287048 3
0.926619 0.0626657 5
0.932016 0.246895 3
0.960213 0.561055 2
0.996063 1 1
0.941864 0.505004 2
0.943588 0.508779 2
0.986358 1 1
0.918292 0.225876 3
0.957153 0.548728 2
0.956943 0.547937 2
0.920059 0.228075 3
0.955332 0.542074 2
0.971887 1 1
0.946312 0.515246 2
0.971586 1 1
0.92449 0.234172 3
0.933238 0.249305 3
0.939045 0.262409 3
0.960699 0.563155 2
0.933015 0.248857 3
0.922507 0.115357 4
0.956028 0.544562 2
0.881821 0.0016383 9
0.949136 0.522675 2
0.934383 0.251666 3
0.900181 0.0212536 6
0.917214 0.109593 4
0.969978 1 1
0.914341 0.106888 4
0.934879 0.252719 3
0.887484 0.00390041 8
0.927748 0.0339503 6
0.906681 0.00270157 9
0.907553 0.00276414 9
0.881078 3.14875e-06 17
0.868985 1.71115e-08 23
0.909891 0.00294575 9
0.833526 4.5914e-12 0
0.895142 0.000222821 12
0.8799 1.38844e-06 18
0.880438 3.07481e-06 17
0.867073 7.04297e-09 24
0.913556 0.00645949 8
0.878066 1.29314e-06 18
0.890376 4.31251e-05 14
0.839355 5.94991e-12 0
0.870461 8.98691e-08 21
0.900884 0.00113399 10
0.936166 0.075363 5
0.965425 0.382449 3
0.986404 0.763812 2
0.922533 0.0302767 6
0.935567 0.074395 5
0.956344 0.325537 3
0.974015 0.640529 2
0.869178 3.83556e-08 22
0.949063 0.17272 4
0.938473 0.142004 4
0.903585 0.00122119 10
0.924652 0.0316633 6
0.936399 0.0757466 5
0.947053 0.286155 3
0.975545 0.652492 2
0.939179 0.143637 4
0.890355 0.000412892 11
0.898283 0.00221359 9
0.954443 0.316182 3
0.913564 0.0128209 7
0.903265 0.00510822 8
0.909153 0.0117424 7
0.973278 0.635036 2
0.937267 0.139324 4
0.91681 0.027127 6
0.984304 1 1
0.965262 0.585045 2
0.920513 0.0290731 6
0.89957 0.00109552 10
0.927887 0.0640594 5
0.968054 0.600604 2
0.972299 0.627999 2
0.977431 0.668334 2
0.952281 0.306417 3
0.926709 0.0627619 5
0.980404 0.69603 2
0.991354 1 1
0.891313 0.000199136 12
0.957592 0.332104 3
0.970393 0.615098 2
0.922837 0.0304675 6
0.947798 0.288784 3
0.930796 0.0675628 5
0.897451 0.0205887 6
0.925184 0.23521 3
0.965694 1 1
0.975523 1 1
0.979173 1 1
0.949686 0.524218 2
0.92477 0.234588 3
0.982804 1 1
0.992606 1 1
0.888505 0.00860131 7
0.95481 0.540254 2
0.970275 1 1
0.919799 0.11227 4
0.944716 0.511379 2
0.928652 0.240787 3
0.888124 0.00039142 11
0.904905 0.00528372 8
0.94433 0.277208 3
0.972544 0.629731 2
0.951309 0.302311 3
0.928947 0.124103 4
0.887978 0.000390086 11
0.976651 0.661635 2
0.955897 0.323271 3
0.866142 3.8097e-07 19
0.917157 0.0272968 6
0.967041 0.594747 2
0.890819 0.000890932 10
0.915456 0.0264901 6
0.891495 0.00090409 10
0.939765 0.264247 3
0.977798 1 1
0.957229 0.549016 2
0.909353 0.0240219 6
0.917951 0.0548955 5
0.970353 0.614834 2
0.927089 0.121351 4
0.921907 0.0581 5
0.928971 0.124139 4
0.952501 0.532634 2
0.956076 0.544736 2
0.933808 0.132355 4
0.984717 1 1
0.986341 1 1
0.934281 0.133249 4
0.973863 0.639383 2
0.941844 0.150275 4
0.922746 0.0588484 5
0.87958 3.08754e-05 14
0.874431 5.49905e-06 16
0.933063 0.130981 4
0.855978 8.38748e-10 26
0.89544 0.000988959 10
0.886827 0.000176415 12
0.923501 0.0595443 5
0.888307 0.00018339 12
0.916265 0.0268663 6
0.913053 0.0126851 7
0.917854 0.0276445 6
0.862496 2.92285e-08 22
0.941568 0.269089 3
0.923568 0.116652 4
0.924223 0.11748 4
0.893504 0.00916261 7
0.882836 0.00166457 9
0.927241 0.238437 3
0.849227 9.82802e-08 20
0.908518 0.0489704 5
0.894369 0.0092694 7
0.894865 0.0093322 7
0.883345 0.00167808 9
0.928256 0.240117 3
0.894531 0.00928976 7
0.907409 0.0483982 5
0.855217 1.43149e-06 17
0.952287 0.306444 3
0.975441 0.651656 2
0.975786 0.654446 2
0.923413 0.0308364 6
0.923519 0.0309053 6
0.988868 1 1
0.905271 0.00260572 9
0.939379 0.144111 4
0.936631 0.0761326 5
0.933598 0.0713954 5
0.940805 0.147596 4
0.958287 0.335919 3
0.950617 0.299484 3
0.968533 0.603459 2
0.911915 0.00619841 8
0.927074 0.238166 3
0.95768 0.550747 2
0.992099 1 1
0.943947 0.509596 2
0.948065 0.519765 2
0.982504 1 1
0.924727 0.11813 4
0.958087 0.552332 2
0.961202 0.565376 2
0.919007 0.111423 4
0.962018 0.56907 2
0.969266 0.607938 2
0.948021 0.519647 2
0.974215 1 1
0.930889 0.244766 3
0.888591 0.00396405 8
0.914502 0.107033 4
0.955427 0.542412 2
0.98767 1 1
0.98262 1 1
0.939094 0.262532 3
0.917579 0.109957 4
0.986566 1 1
0.98744 1 1
0.877742 0.000694706 10
0.944448 0.510752 2
0.965987 0.588911 2
0.908416 0.0489168 5
0.933062 0.248952 3
0.920706 0.11327 4
0.892564 0.000206383 12
0.92902 0.0653707 5
0.935302 0.0739764 5
0.914101 0.0129672 7
0.932544 0.0698974 5
0.93553 0.0743364 5
0.976217 0.657991 2
0.918539 0.0143247 7
0.936482 0.0758848 5
0.913174 0.00639686 8
0.977922 0.672671 2
0.917464 0.0139695 7
0.950235 0.297962 3
0.954555 0.316712 3
0.983784 0.732079 2
0.968487 1 1
0.97517 1 1
0.959049 0.556186 2
0.909114 0.102582 4
0.907649 0.101497 4
0.971884 1 1
0.891313 0.0192888 6
0.925281 0.235357 3
0.920585 0.228754 3
0.938558 0.498382 2
0.925401 0.23554 3
0.945563 0.513403 2
0.944666 0.511261 2
0.95545 0.542492 2
0.898024 0.0443015 5
0.891023 0.00887281 7
0.916241 0.108647 4
0.957564 0.550298 2
0.986965 1 1
0.978989 1 1
0.941043 0.503288 2
0.915465 0.107915 4
0.990296 1 1
0.985559 1 1
0.878987 0.00156936 9
0.943458 0.508488 2
0.969425 1 1
0.90904 0.102526 4
0.933925 0.250709 3
0.918814 0.111221 4
0.945945 0.282397 3
0.948912 0.292864 3
0.960773 0.56348 2
0.923733 0.11686 4
0.915876 0.0534063 5
0.96147 0.566575 2
0.882246 0.000343691 11
0.940234 0.265474 3
0.928382 0.123244 4
0.910936 0.0246049 6
0.917814 0.0547935 5
0.961991 0.568945 2
0.921883 0.114617 4
0.939972 0.264787 3
0.888301 0.00182303 9
0.887458 0.00179653 9
0.923633 0.116734 4
0.92946 0.124898 4
0.910233 0.0243416 6
0.929272 0.124604 4
0.929594 0.12511 4
0.98117 1 1
0.913886 0.0520851 5
0.93229 0.247426 3
0.909621 0.0241182 6
0.972381 0.628581 2
0.912065 0.0509597 5
0.945912 0.282286 3
0.948659 0.521364 2
0.988493 1 1
0.906565 0.0479767 5
0.933347 0.249526 3
0.97517 1 1
0.968903 1 1
0.968984 1 1
0.958522 0.554057 2
0.921192 0.229551 3
0.98226 1 1
0.982544 1 1
0.895351 0.0201158 6
0.954395 0.538835 2
0.978919 1 1
0.925134 0.235135 3
0.950719 0.527199 2
0.925788 0.236134 3
0.874938 5.58547e-06 16
0.89433 0.000963579 10
0.934669 0.133995 4
0.979926 0.691343 2
0.957438 0.331277 3
0.91864 0.0280497 6
0.890231 0.000411637 11
0.972109 0.626663 2
0.95711 0.329527 3
0.856569 1.96473e-09 25
0.915518 0.0265182 6
0.954653 0.317177 3
0.883597 7.50436e-05 13
0.908096 0.0115132 7
0.892845 0.000931493 10
0.990961 1 1
0.960401 0.348234 3
0.925037 0.0610307 5
0.875587 2.59022e-06 17
0.875762 2.60564e-06 17
0.940066 0.145763 4
0.871989 1.03751e-06 18
0.89103 0.000197551 12
0.888094 8.52505e-05 13
0.955429 0.320939 3
0.901034 0.00235333 9
0.910407 0.0120281 7
0.936864 0.138458 4
0.932757 0.0701945 5
0.878753 6.30943e-06 16
0.957008 0.328988 3
0.954512 0.316509 3
0.955516 0.321371 3
0.913931 0.0129206 7
0.907655 0.00560804 8
0.960827 0.563716 2
0.879643 3.09301e-05 14
0.930394 0.0670523 5
0.920346 0.0289781 6
0.918801 0.0281345 6
0.914766 0.0261791 6
0.952038 0.305375 3
0.925463 0.0614604 5
0.940334 0.146422 4
0.885953 0.00017251 12
0.985244 1 1
0.947938 0.519428 2
0.921749 0.114461 4
0.875586 0.000301361 11
0.872506 0.000127448 12
0.934238 0.251361 3
0.859999 1.62145e-06 17
0.891391 0.0041363 8
0.884954 0.00172238 9
0.935232 0.253482 3
0.891081 0.00411638 8
0.911878 0.0508481 5
0.920685 0.113246 4
0.921852 0.114581 4
0.866634 2.2305e-05 14
0.974954 0.647777 2
0.951805 0.183348 4
0.913122 0.00638851 8
0.863609 5.31069e-10 27
0.865266 1.29372e-09 26
0.928715 0.0347356 6
0.867946 3.29607e-09 25
0.878575 6.05823e-07 19
0.877238 2.62893e-07 20
0.96281 0.363711 3
0.894162 0.000103172 13
0.897104 0.000236857 12
0.934767 0.0731436 5
0.925196 0.032042 6
0.874623 1.07253e-07 21
0.905845 0.0228513 6
0.913688 0.0519591 5
0.94512 0.279705 3
0.945201 0.279964 3
0.927817 0.122405 4
0.934247 0.25138 3
0.873702 2.64125e-05 14
0.95691 0.547814 2
0.936445 0.256181 3
0.874918 6.03414e-05 13
0.9067 0.0231223 6
0.966653 0.59257 2
0.892791 0.00197948 9
0.915606 0.0532209 5
0.878335 0.00014406 12
0.926301 0.0328401 6
0.940371 0.146512 4
0.972188 0.627217 2
0.946567 0.164131 4
0.937092 0.0769121 5
0.96232 0.360431 3
0.893957 0.000215003 12
0.963377 0.367598 3
0.949234 0.173344 4
0.900062 0.000537129 11
0.929399 0.0658241 5
0.985261 0.749532 2
0.919604 0.0146946 7
0.942744 0.152697 4
0.89941 0.000526811 11
0.905685 0.0228016 6
0.917807 0.054788 5
0.952911 0.533938 2
0.95538 0.542243 2
0.938484 0.261012 3
0.940181 0.265334 3
0.883323 0.000766874 10
0.967959 0.600043 2
0.947292 0.286989 3
0.878415 0.000144316 12
0.916161 0.0536033 5
0.976124 1 1
0.898961 0.00989412 7
0.922741 0.115638 4
0.887853 0.00180883 9
0.934785 0.252519 3
0.913906 0.106501 4
0.913683 0.106305 4
0.884866 0.00375886 8
0.873539 0.000648644 10
0.916657 0.109048 4
0.839486 5.68556e-09 23
0.899392 0.0448269 5
0.884766 0.0037537 8
0.887309 0.00847969 7
0.873212 0.000645314 10
0.918474 0.110868 4
0.885047 0.00376826 8
0.897162 0.0205216 6
0.845412 8.80823e-08 20
0.933017 0.248861 3
0.923449 0.116505 4
0.933329 0.249489 3
0.908089 0.0487466 5
0.895776 0.00945014 7
0.932767 0.248362 3
0.856543 6.45152e-07 18
0.922753 0.115652 4
0.906907 0.0481461 5
0.890159 0.00405846 8
0.891081 0.00411638 8
0.941625 0.269246 3
0.895591 0.00942585 7
0.911956 0.0508945 5
0.86227 8.90345e-06 15
38 5 9 10 11 14 15 16 17 19 21 22 25 26 27 28 29 30 31 32 35 36 37 39 40 41 43 45 46 47 49 50 52 53 55 56 57 58 59 
38 2 5 9 10 11 13 14 15 16 18 19 21 23 25 26 27 28 30 31 32 37 39 40 41 45 46 47 49 50 51 52 53 54 55 56 57 58 59 
34 2 5 9 10 11 14 15 16 18 19 21 25 26 27 28 31 32 37 39 40 41 45 46 47 50 51 52 53 54 55 56 57 58 59 
20 9 10 11 15 16 21 25 27 28 31 32 37 40 47 50 55 56 57 58 59 
54 0 2 3 4 5 7 8 9 10 11 13 14 15 16 17 18 19 20 21 22 23 24 25 26 27 28 29 30 31 32 34 35 36 37 38 39 40 41 42 43 45 46 47 49 50 51 52 53 54 55 56 57 58 59 
34 2 5 9 10 11 14 15 16 18 19 21 25 26 27 28 30 31 32 37 39 40 41 45 47 50 51 52 53 54 55 56 57 58 59 
55 1 2 3 4 5 6 7 8 9 11 12 13 14 15 16 17 18 19 20 21 22 23 24 26 27 29 30 31 33 34 35 36 37 38 39 40 41 42 43 44 45 46 47 48 49 50 51 52 53 54 55 56 57 58 59 
17 9 10 11 16 21 25 27 28 31 32 37 40 50 55 57 58 59 
47 0 2 3 5 9 10 11 13 14 15 16 17 18 19 21 22 23 25 26 27 28 29 30 31 32 35 36 37 39 40 41 42 43 45 46 47 49 50 51 52 53 54 55 56 57 58 59 
59 0 1 2 3 4 5 6 7 8 9 10 11 12 13 14 15 16 17 18 19 20 21 22 23 24 25 26 27 28 29 30 31 32 33 34 35 36 37 38 39 40 41 42 43 44 45 46 47 49 50 51 52 53 54 55 56 57 58 59 
55 0 2 3 4 5 7 8 9 10 11 13 14 15 16 17 18 19 20 21 22 23 24 25 26 27 28 29 30 31 32 33 34 35 36 37 38 39 40 41 42 43 45 46 47 49 50 51 52 53 54 55 56 57 58 59 
23 9 10 11 15 16 19 21 25 27 28 31 32 37 39 40 47 50 52 55 56 57 58 59 
53 2 3 4 5 7 8 9 10 11 13 14 15 16 17 18 19 20 21 22 23 25 26 27 28 29 30 31 32 33 34 35 36 37 38 39 40 41 42 43 45 46 47 49 50 51 52 53 54 55 56 57 58 59 
45 5 9 10 11 13 14 15 16 17 18 19 20 21 22 23 25 26 27 28 29 30 31 32 33 35 36 37 39 40 41 42 43 45 46 47 49 50 51 52 53 55 56 57 58 59 
57 0 1 2 3 4 5 6 7 8 9 10 11 12 13 14 15 16 17 18 19 20 21 22 23 24 26 27 29 30 31 33 34 35 36 37 38 39 40 41 42 43 44 45 46 47 48 49 50 51 52 53 54 55 56 57 58 59 
