70 15 6e+06
1.85276 187441
2.15318 163726
2.52523 144319
4.09118 134265
2.61201 111097
2.84614 138162
3.8891 151866
1.26899 176444
3.30747 150320
1.62333 114586
1.20659 181868
2.93243 191329
4.63236 120351
1.09016 122892
2.91507 145713
2.93797 137275
1.46064 108215
1.90003 103536
5.4603 147572
4.6819 102221
1.59083 135467
1.11884 105970
1.11687 190849
1.92303 194178
5.30486 170316
2.9905 173726
2.57083 158915
2.58473 146579
7.60441 163336
1.18616 136559
2.53799 155746
1.86369 112973
2.02154 148036
2.69921 125105
3.1828 180331
1.97063 172000
3.72251 127393
2.47562 109541
5.9733 137797
4.57556 198294
1.34772 107824
1.10799 144295
3.68555 188807
2.17529 136403
1.39025 160617
2.19694 145838
1.63326 106102
2.4093 144416
1.62879 150093
2.69761 128645
1.17997 195644
1.51022 176481
2.46185 102844
7.40708 163704
2.895 177756
2.23124 126876
2.89874 101896
4.57985 181575
7.51369 139815
3.40611 147000
2.26047 122545
2.7837 185031
2.23417 186026
1.75913 135670
5.17219 178184
8.81725 148329
1.7509 173848
4.94042 113356
1.36275 184274
4.57358 161094
0.895194 0.00937439 7
0.947972 0.519518 2
0.904411 0.0224156 6
0.943323 0.274143 3
0.956254 0.545383 2
0.898186 0.00978141 7
0.867417 2.27066e-05 14
0.931037 0.24504 3
0.893673 0.00429004 8
0.974093 1 1
0.962064 0.569281 2
0.872788 5.74713e-05 13
0.895981 0.00947729 7
0.901369 0.0215628 6
0.889389 0.00401148 8
0.899264 0.000524561 11
0.931238 0.0369649 6
0.908096 0.00280446 9
0.952672 0.308117 3
0.981848 0.710805 2
0.887263 1.82152e-05 15
0.889903 4.24355e-05 14
0.920013 0.0148415 7
0.887038 1.80709e-05 15
0.990739 1 1
0.92935 0.0352717 6
0.893736 0.000101721 13
0.8952 0.000106847 13
0.890646 4.35261e-05 14
0.913974 0.00652946 8
0.941494 0.504225 2
0.971781 1 1
0.947398 0.518011 2
0.939168 0.262719 3
0.915204 0.107673 4
0.97423 1 1
0.874078 0.0002931 11
0.984413 1 1
0.964172 0.579438 2
0.90951 0.0495016 5
0.930428 0.243919 3
0.883047 0.00167013 9
0.953529 0.535941 2
0.977221 1 1
0.885779 0.0038069 8
0.928003 0.12268 4
0.921998 0.114753 4
0.934717 0.252373 3
0.965866 0.588261 2
0.966829 0.593554 2
0.896055 0.00446507 8
0.93601 0.255198 3
0.922046 0.114809 4
0.902131 0.0103912 7
0.943209 0.273805 3
0.897099 0.00962847 7
0.940144 0.265238 3
0.917598 0.0546337 5
0.899273 0.00994053 7
0.960756 0.563406 2
0.872016 2.11901e-07 20
0.931263 0.0681688 5
0.880873 3.12477e-06 17
0.915686 0.0134204 7
0.927949 0.0341105 6
0.883306 7.37941e-06 16
0.84118 6.46965e-12 0
0.912832 0.00634181 8
0.876107 5.48306e-07 19
0.948509 0.170727 4
0.969777 0.61114 2
0.846428 8.29948e-12 0
0.874924 5.23461e-07 19
0.88607 1.74704e-05 15
0.862567 1.13408e-09 26
0.93054 0.244123 3
0.971368 1 1
0.940121 0.265176 3
0.976012 1 1
0.964479 0.580994 2
0.927157 0.238301 3
0.893239 0.00913054 7
0.961553 0.566951 2
0.925647 0.119349 4
0.958419 0.553647 2
0.945027 0.512116 2
0.900241 0.0212689 6
0.930694 0.244406 3
0.930673 0.244368 3
0.912888 0.0514587 5
0.938501 0.142068 4
0.941915 0.150463 4
0.946902 0.165226 4
0.986707 0.767719 2
0.973164 0.634201 2
0.913189 0.00639944 8
0.923382 0.0308165 6
0.941494 0.149359 4
0.9177 0.014046 7
0.950751 0.300024 3
0.913683 0.00648061 8
0.929618 0.0660902 5
0.93099 0.0678139 5
0.916574 0.0136892 7
0.945033 0.159308 4
0.949773 0.524464 2
0.941579 0.504403 2
0.957856 0.551429 2
0.984524 1 1
0.961135 0.565074 2
0.919936 0.227919 3
0.929495 0.24225 3
0.945105 0.512302 2
0.926074 0.236578 3
0.939501 0.500194 2
0.908107 0.101831 4
0.936831 0.49521 2
0.941043 0.503288 2
0.923218 0.232329 3
0.948552 0.521074 2
0.954093 0.537816 2
0.929411 0.242102 3
0.959944 0.559909 2
0.969501 0.6094 2
0.949123 0.522641 2
0.915563 0.108006 4
0.943253 0.273935 3
0.935823 0.254781 3
0.924137 0.11737 4
0.926615 0.120681 4
0.894392 0.00927235 7
0.951151 0.528485 2
0.941933 0.27011 3
0.918556 0.110953 4
0.960043 0.560328 2
0.977771 1 1
0.925621 0.119314 4
0.978599 1 1
0.952259 0.531873 2
0.925643 0.119344 4
0.929227 0.124535 4
0.939972 0.264787 3
0.938418 0.260849 3
0.941346 0.268474 3
0.905225 0.0226599 6
0.884476 0.000783676 10
0.950065 0.525297 2
0.962076 0.569336 2
0.931572 0.246046 3
0.94535 0.280444 3
0.88332 3.44023e-05 14
0.948509 0.291365 3
0.891504 0.000424804 11
0.915216 0.0132827 7
0.914788 0.0131596 7
0.906729 0.0054943 8
0.837599 5.49604e-12 0
0.930767 0.0675255 5
0.896393 0.00101178 10
0.92792 0.0640967 5
0.990042 1 1
0.844334 7.50252e-12 0
0.890128 0.000192658 12
0.908977 0.00577894 8
0.856248 3.71828e-10 27
0.892998 0.00910159 7
0.923403 0.232593 3
0.901634 0.0457362 5
0.945851 0.514105 2
0.976321 1 1
0.879852 0.00158973 9
0.888205 0.0085704 7
0.912273 0.105098 4
0.879848 0.00158963 9
0.985397 1 1
0.923631 0.232919 3
0.891391 0.00891425 7
0.888407 0.00859119 7
0.883209 0.00367521 8
0.912571 0.105348 4
0.910088 0.0242881 6
0.897448 0.00457513 8
0.915054 0.0263077 6
0.940124 0.265185 3
0.94723 0.286774 3
0.873903 1.19761e-05 15
0.944971 0.279226 3
0.897777 0.00460204 8
0.881121 0.000153428 12
0.926646 0.120724 4
0.875501 2.7659e-05 14
0.944783 0.278629 3
0.897867 0.00460945 8
0.876934 2.87233e-05 14
0.970246 0.614142 2
0.892628 0.00905754 7
0.95038 0.526209 2
0.901745 0.0457828 5
0.937574 0.258809 3
0.946817 0.516517 2
0.90037 0.021302 6
0.860296 1.94326e-05 14
0.932202 0.247255 3
0.894484 0.0199298 6
0.963588 0.576538 2
0.972381 1 1
0.866011 0.00011256 12
0.89486 0.0200097 6
0.903413 0.0465036 5
0.881577 0.0016321 9
0.942637 0.506668 2
0.91019 0.0498771 5
0.945682 0.513693 2
0.950878 0.527669 2
0.937794 0.259335 3
0.899176 0.0210018 6
0.962443 0.571046 2
0.916725 0.109114 4
0.909128 0.0492951 5
0.914686 0.107199 4
0.877147 0.0006878 10
0.969216 1 1
0.928271 0.240142 3
0.901904 0.021706 6
0.979474 1 1
0.98045 1 1
0.917461 0.0545329 5
0.975269 0.650279 2
0.93983 0.264417 3
0.913094 0.0254613 6
0.929241 0.124557 4
0.938018 0.259874 3
0.932067 0.129209 4
0.943087 0.273442 3
0.893124 0.00199223 9
0.875337 2.75413e-05 14
0.948253 0.290427 3
0.964167 0.579411 2
0.931041 0.127459 4
0.938097 0.260067 3
0.910604 0.103737 4
0.890754 0.0191818 6
0.91444 0.106977 4
0.933439 0.249712 3
0.936584 0.494772 2
0.871239 0.00062587 10
0.95567 0.543273 2
0.892802 0.0195822 6
0.879578 0.00350595 8
0.915574 0.108016 4
0.866464 0.000257072 11
0.95413 0.537939 2
0.897321 0.0440392 5
0.87412 0.00146416 9
0.979406 1 1
0.941914 0.150461 4
0.955235 0.319989 3
0.945293 0.160103 4
0.926732 0.062787 5
0.901232 0.00236406 9
0.989055 1 1
0.869736 1.93945e-07 20
0.96977 0.611096 2
0.974113 0.641277 2
0.894389 0.000457646 11
0.916243 0.0135875 7
0.878999 6.36106e-06 16
0.956776 0.327774 3
0.99024 1 1
0.878752 6.30937e-06 16
0.909351 0.0117867 7
0.919168 0.0558275 5
0.916964 0.0541722 5
0.957061 0.548381 2
0.979085 0.683316 2
0.884615 0.000166823 12
0.916723 0.0270851 6
0.914156 0.0259113 6
0.888242 0.0003925 11
0.959944 0.559909 2
0.904464 0.0107982 7
0.91944 0.0560421 5
0.901114 0.00489595 8
0.88795 0.000389829 11
0.941995 0.270284 3
0.866181 0.000112911 12
0.875787 0.0014985 9
0.87271 0.00064025 10
0.909358 0.102768 4
0.9347 0.252338 3
0.84054 1.38535e-08 22
0.894926 0.0200239 6
0.86913 0.000268728 11
0.844087 8.48685e-08 20
0.929913 0.242991 3
0.871713 0.000630434 10
0.893235 0.01967 6
0.857065 1.81864e-05 14
0.843716 8.39947e-08 20
0.917219 0.109598 4
0.86735 0.000590646 10
0.90287 0.0462649 5
0.875833 0.00149948 9
0.918831 0.226534 3
0.94808 0.519805 2
0.857635 4.22879e-05 13
0.866025 0.000255239 11
0.889641 0.0189738 6
0.856334 1.79213e-05 14
0.96498 1 1
0.915465 0.107915 4
0.868157 0.000597645 10
0.863473 0.000245019 11
0.860862 0.000102751 12
0.889991 0.0190386 6
0.944991 0.51203 2
0.985176 1 1
0.953362 0.535396 2
0.958392 0.553538 2
0.934799 0.491708 2
0.957564 0.550298 2
0.885993 0.00835071 7
0.993314 1 1
0.953443 0.535659 2
0.927977 0.239649 3
0.938045 0.497419 2
0.894553 0.0199444 6
0.951905 0.530775 2
0.961127 0.565039 2
0.900424 0.0452375 5
0.951227 0.528712 2
0.960475 0.562181 2
0.955516 0.542727 2
0.936729 0.256833 3
0.910066 0.0498078 5
0.985624 1 1
0.879456 0.000324679 11
0.978041 1 1
0.977883 1 1
0.901669 0.0216426 6
0.917636 0.110013 4
0.888766 0.00183804 9
0.965136 0.584385 2
0.989315 1 1
0.888923 0.00184315 9
0.925599 0.119285 4
0.908615 0.0237626 6
0.930582 0.126699 4
0.952137 0.531494 2
0.95103 0.528122 2
0.888025 0.00181426 9
0.950625 0.526923 2
0.910798 0.0502198 5
0.895818 0.00444692 8
0.928183 0.122946 4
0.88214 0.000750356 10
0.953374 0.535436 2
0.913095 0.0515865 5
0.891038 0.00411364 8
0.976586 1 1
0.898883 0.0209298 6
0.897521 0.020605 6
0.904978 0.0472157 5
0.937735 0.259192 3
0.954505 0.539207 2
0.86784 0.000116435 12
0.926799 0.237725 3
0.894644 0.0199636 6
0.873291 0.000288957 11
0.937707 0.259125 3
0.88185 0.00163902 9
0.926615 0.237431 3
0.888286 0.00857873 7
0.87101 0.000277538 11
0.951555 0.529702 2
0.875113 0.000665175 10
0.895423 0.0201316 6
0.882762 0.0016626 9
0.923993 0.233443 3
0.953443 0.535659 2
0.855565 1.44419e-06 17
0.888475 0.00395728 8
0.886255 0.00383245 8
0.857255 3.45996e-06 16
0.954712 0.539917 2
0.895639 0.0201789 6
0.889086 0.00866214 7
0.868094 0.000116991 12
0.858839 8.22935e-06 15
0.912674 0.105435 4
0.929073 0.065434 5
0.973205 0.634504 2
0.935238 0.135113 4
0.932944 0.130765 4
0.912316 0.0124944 7
0.964824 0.582761 2
0.864097 3.11198e-08 22
0.975994 0.656149 2
0.952503 0.307378 3
0.909866 0.0119031 7
0.939288 0.143894 4
0.872789 2.36101e-06 17
0.940812 0.147614 4
0.96699 0.59446 2
0.876894 5.9396e-06 16
0.918968 0.111382 4
0.913493 0.0518354 5
0.925297 0.11888 4
0.956417 0.545983 2
0.963774 0.577454 2
0.886642 0.00177163 9
0.936112 0.255427 3
0.912694 0.0513397 5
0.892692 0.00906515 7
0.941528 0.268976 3
0.891448 0.00413997 8
0.938665 0.26146 3
0.908228 0.0488186 5
0.889831 0.00403828 8
0.961909 0.568569 2
0.88459 0.000166721 12
0.882884 0.000159938 12
0.890251 0.000880171 10
0.92191 0.0581022 5
0.940416 0.265957 3
0.853155 1.70719e-09 25
0.920492 0.0568941 5
0.879574 6.75455e-05 13
0.858663 2.5295e-08 22
0.926925 0.121117 4
0.869942 2.15775e-06 17
0.918426 0.0552541 5
0.873719 1.19148e-05 15
0.856267 1.0137e-08 23
0.942886 0.272851 3
0.885679 0.00174318 9
0.914455 0.0524525 5
0.894092 0.00923491 7
0.937735 0.259192 3
0.968504 0.603284 2
0.8714 0.000124677 12
0.885718 0.00174431 9
0.90345 0.0221361 6
0.871624 0.000125229 12
0.976908 1 1
0.916597 0.10899 4
0.888176 0.0039399 8
0.88057 0.000729509 10
0.874728 0.000296612 11
0.910207 0.0498865 5
0.967866 0.599499 2
0.913095 0.012696 7
0.966005 0.589011 2
0.942517 0.152078 4
0.918826 0.0281475 6
0.917835 0.0276349 6
0.951309 0.302311 3
0.925471 0.0614682 5
0.930696 0.0674353 5
0.897467 0.00103871 10
0.873144 1.08003e-06 18
0.961691 0.567575 2
0.951572 0.303403 3
0.919937 0.028749 6
0.95206 0.305469 3
0.954209 0.538206 2
0.973488 1 1
0.961648 0.56738 2
0.954031 0.537606 2
0.927349 0.238613 3
0.96748 0.597255 2
0.889108 0.00399463 8
0.993039 1 1
0.965153 0.584473 2
0.918264 0.11065 4
0.927105 0.238217 3
0.898122 0.0207465 6
0.963039 0.57387 2
0.97118 1 1
0.901336 0.0215539 6
0.886314 8.24422e-06 16
0.927227 0.033542 6
0.895269 0.000107101 13
0.938565 0.0795203 5
0.964254 0.373793 3
0.880221 1.40612e-06 18
0.873455 1.0194e-07 21
0.913093 0.00638379 8
0.878095 5.94e-07 19
0.988013 0.785133 2
0.937184 0.0770709 5
0.877246 5.73833e-07 19
0.883934 3.5124e-06 17
0.883502 3.45351e-06 17
0.897118 0.000236961 12
0.909583 0.0241044 6
0.969832 0.611493 2
0.918743 0.0554969 5
0.950415 0.526309 2
0.949531 0.523779 2
0.918723 0.0554818 5
0.869971 2.41031e-05 14
0.951407 0.529255 2
0.912912 0.0514735 5
0.957416 0.549728 2
0.970329 0.614679 2
0.876603 0.000138736 12
0.912797 0.051403 5
0.921876 0.114609 4
0.889863 0.00187442 9
0.872196 1.14278e-05 15
0.921988 0.0581707 5
0.881168 0.000153597 12
0.921762 0.0579733 5
0.943034 0.273287 3
0.873472 2.62592e-05 14
0.853582 3.99107e-09 24
0.905359 0.0109645 7
0.869067 4.69805e-06 16
0.966831 0.593567 2
0.946492 0.284231 3
0.857644 5.56437e-08 21
0.871947 1.13511e-05 15
0.876548 6.27073e-05 13
0.876515 6.26576e-05 13
0.88267 0.0016602 9
0.929798 0.242785 3
0.891723 0.00415787 8
0.933405 0.249643 3
0.955156 0.541458 2
0.881341 0.000739607 10
0.864466 9.38069e-06 15
0.913976 0.0521425 5
0.877811 0.000314364 11
0.979136 1 1
0.946822 0.51653 2
0.868692 5.25641e-05 13
0.881772 0.000745371 10
0.884532 0.00171053 9
0.887575 0.00390555 8
0.877478 0.000312352 11
0.935578 0.25424 3
0.886437 0.00176549 9
0.922332 0.115147 4
0.935074 0.253139 3
0.886796 0.00177626 9
0.847602 7.43009e-09 23
0.917278 0.109656 4
0.880212 0.000724912 10
0.955563 0.542895 2
0.969539 0.609639 2
0.852841 1.09444e-07 20
0.879869 0.000720556 10
0.889673 0.00402862 8
0.86919 2.36615e-05 14
0.98617 0.760827 2
0.926141 0.0327224 6
0.983853 0.732867 2
0.94752 0.167295 4
0.919594 0.0146909 7
0.93545 0.0742099 5
0.933474 0.071216 5
0.940646 0.147196 4
0.948499 0.170694 4
0.900134 0.000538287 11
0.883621 7.46344e-06 16
0.943638 0.155201 4
0.969721 0.610788 2
0.937547 0.0776983 5
0.937029 0.0768058 5
0.866393 1.93937e-06 17
0.882035 0.000342179 11
0.873498 2.62764e-05 14
0.912633 0.025272 6
0.940403 0.265921 3
0.844121 4.04687e-11 29
0.887966 0.000839324 10
0.873841 2.65053e-05 14
0.846599 1.0504e-10 28
0.939524 0.263626 3
0.881377 0.000154346 12
0.887273 0.000827658 10
0.858383 1.30203e-07 20
0.847341 2.5192e-10 27
0.911194 0.0247031 6
0.895433 0.000224811 12
0.961366 0.354239 3
0.903516 0.00121884 10
0.924059 0.0312614 6
0.919207 0.0145545 7
0.920048 0.0148543 7
0.846074 8.1577e-12 0
0.944026 0.156317 4
0.909595 0.00292157 9
0.928796 0.0348034 6
0.983589 0.729856 2
0.853252 1.17231e-11 0
0.902866 0.00119684 10
0.922359 0.0301685 6
0.863903 1.20974e-09 26
0.893802 0.00919903 7
0.93488 0.252722 3
0.902867 0.0219712 6
0.946247 0.515083 2
0.970098 0.613188 2
0.887819 0.00391941 8
0.877998 0.000315509 11
0.920977 0.113575 4
0.885788 0.00174635 9
0.994352 1 1
0.941036 0.267622 3
0.882263 0.000752048 10
0.891622 0.00415131 8
0.891137 0.00411999 8
0.90144 0.0215814 6
0.932046 0.246953 3
0.977047 1 1
0.938565 0.498395 2
0.937278 0.496013 2
0.916309 0.223544 3
0.964632 1 1
0.86778 0.000594355 10
0.980304 1 1
0.953487 0.535806 2
0.913314 0.105983 4
0.940066 0.501308 2
0.876457 0.00337385 8
0.943205 0.507921 2
0.967177 1 1
0.880851 0.00356326 8
0.871416 0.00141174 9
0.92559 0.235829 3
0.880387 0.0035421 8
0.918896 0.226614 3
0.936523 0.494665 2
0.876882 0.00339115 8
0.847646 1.19004e-06 17
0.908008 0.101759 4
0.871291 0.0014094 9
0.959382 0.557558 2
0.956004 0.544476 2
0.852205 7.12665e-06 15
0.872487 0.00143204 9
0.879842 0.00351766 8
0.869994 0.000614165 10
0.969853 0.611626 2
0.939628 0.263895 3
0.968916 0.605778 2
0.931847 0.246571 3
0.902481 0.0218637 6
0.975783 1 1
0.892999 0.00424327 8
0.958722 0.55486 2
0.991379 1 1
0.889559 0.00402175 8
0.895428 0.00940458 7
0.902739 0.0219352 6
0.986469 1 1
0.976647 1 1
0.897862 0.00973522 7
0.904977 0.0472152 5
0.890831 0.0191964 6
0.909529 0.102899 4
0.933219 0.249266 3
0.940875 0.502942 2
0.867984 0.000263604 11
0.946019 0.51452 2
0.891294 0.019285 6
0.875459 0.00149161 9
0.921055 0.229371 3
0.869372 0.000608479 10
0.944492 0.510855 2
0.892434 0.0195084 6
0.870963 0.000623242 10
0.969707 1 1
0.976141 1 1
0.95018 0.525629 2
0.980447 1 1
0.947553 0.518414 2
0.917635 0.110013 4
0.968178 1 1
0.9019 0.0458482 5
0.968827 1 1
0.977894 1 1
0.903928 0.046734 5
0.904729 0.0471003 5
0.911575 0.104519 4
0.986981 1 1
0.970833 1 1
0.909587 0.102944 4
0.898916 0.0209379 6
0.953676 0.536427 2
0.908148 0.0487772 5
0.945592 0.513472 2
0.955027 0.541007 2
0.903499 0.0221499 6
0.867999 5.18034e-05 13
0.936341 0.255945 3
0.898631 0.0208685 6
0.970087 1 1
0.965911 0.588504 2
0.873717 0.000291188 11
0.900318 0.0212887 6
0.906673 0.0480299 5
0.88949 0.00401756 8
0.955131 0.319483 3
0.971017 0.619211 2
0.964775 0.582508 2
0.974457 0.643905 2
0.946062 0.162504 4
0.948199 0.290228 3
0.902639 0.00244317 9
0.978235 0.675486 2
0.949785 0.296196 3
0.9338 0.0716904 5
0.927735 0.063888 5
0.911159 0.00608494 8
0.956534 0.326516 3
0.951803 0.304377 3
0.91773 0.0140558 7
0.997943 1 1
0.929607 0.242446 3
0.988522 1 1
0.943266 0.508056 2
0.913993 0.106578 4
0.945899 0.514224 2
0.922329 0.231088 3
0.946041 0.514574 2
0.959812 0.559353 2
0.896125 0.0436054 5
0.885702 0.0083229 7
0.9324 0.24764 3
0.98135 1 1
0.947718 0.518846 2
0.925491 0.235677 3
0.877317 2.90197e-05 14
0.899322 0.00473313 8
0.885134 0.000168991 12
0.926974 0.0630485 5
0.95691 0.547814 2
0.858792 2.54155e-08 22
0.887978 0.000390086 11
0.889783 0.000871489 10
0.86019 6.07901e-08 21
0.959282 0.557145 2
0.899982 0.00479173 8
0.888983 0.000399433 11
0.870666 2.20686e-06 17
0.86208 1.4721e-07 20
0.91234 0.0251534 6
0.938478 0.260997 3
0.949517 0.29516 3
0.947477 0.28764 3
0.992948 1 1
0.97434 0.643009 2
0.917812 0.054792 5
0.916265 0.0536762 5
0.947781 0.288723 3
0.92112 0.0574205 5
0.954351 0.538684 2
0.921132 0.0574312 5
0.92281 0.0589064 5
0.932766 0.130445 4
0.921272 0.0575501 5
0.937265 0.258079 3
0.96382 0.577682 2
0.965974 0.588842 2
0.971971 1 1
0.959412 0.557682 2
0.930418 0.243901 3
0.963247 0.574876 2
0.898818 0.00987306 7
0.983136 1 1
0.965884 0.588357 2
0.918481 0.110874 4
0.919866 0.112343 4
0.907999 0.0486997 5
0.970134 0.613422 2
0.966811 0.593455 2
0.910462 0.0500293 5
0.972524 1 1
0.956305 0.545569 2
0.979286 1 1
0.953603 0.536184 2
0.923739 0.233075 3
0.965865 0.588252 2
0.902117 0.0459401 5
0.974427 1 1
0.972662 1 1
0.910394 0.103571 4
0.910574 0.103713 4
0.911627 0.104562 4
0.980228 1 1
0.969008 1 1
0.911508 0.104465 4
0.863076 1.52326e-07 20
0.884457 0.00016617 12
0.870603 2.20253e-06 17
0.911358 0.0247665 6
0.940657 0.266599 3
0.844203 7.45599e-12 0
0.878942 3.03328e-05 14
0.874727 1.2256e-05 15
0.845612 7.97712e-12 0
0.944698 0.278361 3
0.887993 0.000390224 11
0.878909 3.03054e-05 14
0.85615 4.41271e-09 24
0.847435 2.02219e-11 30
0.902476 0.00502806 8
0.981113 0.703175 2
0.948301 0.290603 3
0.990918 1 1
0.959542 0.343096 3
0.928984 0.0653288 5
0.952559 0.307624 3
0.91543 0.026478 6
0.963631 0.576747 2
0.962 0.568986 2
0.912657 0.0125818 7
0.903911 0.00517586 8
0.925052 0.0610457 5
0.978272 0.675824 2
0.955427 0.320932 3
0.924607 0.0606042 5
0.918819 0.111226 4
0.966155 0.589827 2
0.92828 0.240157 3
0.966338 0.590829 2
0.966117 0.589619 2
0.918021 0.110403 4
0.885356 0.00378444 8
0.9523 0.532001 2
0.915261 0.107726 4
0.96743 0.596969 2
0.952892 0.533877 2
0.891755 0.00895583 7
0.919207 0.111636 4
0.921437 0.1141 4
0.906118 0.047758 5
0.90492 0.0225675 6
0.971521 0.622609 2
0.91308 0.0515777 5
0.932379 0.2476 3
0.924745 0.118153 4
0.92847 0.123377 4
0.854129 4.94722e-08 21
0.953948 0.537327 2
0.918539 0.0553405 5
0.931703 0.12858 4
0.976623 1 1
0.861537 1.69042e-06 17
0.912318 0.0511112 5
0.930974 0.127347 4
0.871595 2.50653e-05 14
0.898947 0.0209456 6
0.890122 0.00877318 7
0.904078 0.0468017 5
0.93165 0.246194 3
0.943757 0.509163 2
0.864279 4.80175e-05 13
0.936637 0.25662 3
0.889064 0.00865973 7
0.870929 0.000277147 11
0.925653 0.235925 3
0.871651 0.000280664 11
0.935122 0.253243 3
0.887127 0.00846153 7
0.867333 0.000115337 12
0.960172 0.560879 2
0.859592 1.91501e-05 14
0.875001 0.000663975 10
0.86656 0.0001137 12
0.905191 0.0473157 5
0.932745 0.24832 3
0.837221 9.44292e-10 25
0.883323 0.00368082 8
0.866727 0.00011405 12
0.839703 2.42777e-09 24
0.932672 0.248174 3
0.875437 0.000668686 10
0.882158 0.0036243 8
0.851492 5.63134e-07 18
0.840415 5.85711e-09 23
0.90594 0.0476721 5
0.882003 0.00361694 8
0.884511 0.0037406 8
0.8881 0.00855961 7
0.922115 0.230794 3
0.943308 0.508152 2
0.852663 1.34291e-06 17
0.913743 0.106358 4
0.880064 0.00159483 9
0.857468 7.9816e-06 15
0.931896 0.246663 3
0.873963 0.000653013 10
0.912175 0.105015 4
0.871802 0.000281407 11
0.855821 3.34382e-06 16
0.936672 0.256701 3
0.952593 0.307773 3
0.960773 0.56348 2
0.956994 0.328914 3
0.937991 0.140915 4
0.911124 0.0121987 7
0.984717 1 1
0.880853 3.20069e-05 14
0.978758 0.680269 2
0.978236 0.675494 2
0.902456 0.00502603 8
0.917489 0.0274611 6
0.890173 0.000411061 11
0.966342 0.590851 2
0.988465 1 1
0.890342 0.000412761 11
0.970598 0.616436 2
0.93191 0.128936 4
0.975523 1 1
0.963 0.573684 2
0.936651 0.256654 3
0.927706 0.122242 4
0.939024 0.262357 3
0.942495 0.271715 3
0.938 0.25983 3
0.915849 0.0533872 5
0.892222 0.00419081 8
0.9485 0.291332 3
0.957268 0.549166 2
0.930446 0.126476 4
0.949356 0.523289 2
0.920989 0.0573094 5
0.978455 0.677484 2
0.928071 0.0642675 5
0.934056 0.132822 4
0.917232 0.0273335 6
0.952109 0.305677 3
0.860647 2.72348e-08 22
0.971062 0.619511 2
0.940672 0.147261 4
0.917679 0.0275564 6
0.951919 0.304869 3
0.868944 9.36559e-07 18
0.931131 0.127609 4
0.954415 0.31605 3
0.875212 1.24256e-05 15
0.893438 0.00044633 11
0.936599 0.137897 4
0.902549 0.00243798 9
0.945424 0.280686 3
0.967654 0.598263 2
0.888945 0.000186548 12
0.875735 2.60324e-06 17
0.922128 0.0300266 6
0.886488 8.13514e-05 13
0.991085 1 1
0.944371 0.157325 4
0.880166 1.43962e-05 15
0.891742 0.00020157 12
0.892245 0.000432822 11
0.898974 0.00107885 10
0.89757 0.000240403 12
0.902219 0.000573835 11
0.904306 0.00124655 10
0.940609 0.0834501 5
0.961527 0.355269 3
0.869592 7.93033e-09 24
0.918831 0.0144242 7
0.897813 0.000242289 12
0.874061 1.04649e-07 21
0.946553 0.164083 4
0.889188 1.95235e-05 15
0.919393 0.0146198 7
0.888003 1.87015e-05 15
0.872832 4.50439e-08 22
0.943867 0.155858 4
0.871691 2.09205e-07 20
0.879636 6.49758e-06 16
0.878155 2.8313e-06 17
0.914368 0.0130413 7
0.938884 0.142949 4
0.84515 7.80151e-12 0
0.900685 0.00112799 10
0.87353 4.96203e-07 19
0.849006 9.42667e-12 0
0.932186 0.0694039 5
0.873694 4.99298e-07 19
0.899128 0.00108312 10
0.862324 2.52631e-09 25
0.84833 9.11377e-12 0
0.923297 0.0307614 6
0.920152 0.0288695 6
0.940256 0.146228 4
0.928909 0.0652397 5
0.974045 0.640759 2
0.99381 1 1
0.902125 0.00241371 9
0.908449 0.0057095 8
0.933727 0.0715845 5
0.904072 0.00252921 9
0.97064 0.616709 2
0.92332 0.0307758 6
0.913343 0.0127617 7
0.914601 0.0131066 7
0.905571 0.00262558 9
0.931993 0.0691414 5
0.901983 0.0011681 10
0.968491 0.603207 2
0.910194 0.00594577 8
0.930677 0.0674114 5
0.924401 0.0314921 6
0.925126 0.0319923 6
0.852283 1.11432e-11 0
0.950674 0.299712 3
0.915226 0.0132854 7
0.932428 0.0697364 5
0.980101 0.693048 2
0.859568 1.91956e-10 28
0.909169 0.00288745 9
0.927613 0.0338435 6
0.870033 3.97924e-08 22
0.917184 0.109564 4
0.932878 0.248583 3
0.925548 0.235764 3
0.969093 1 1
0.991788 1 1
0.896296 0.0203246 6
0.912223 0.105056 4
0.927089 0.23819 3
0.898963 0.04466 5
0.967802 1 1
0.916588 0.108981 4
0.91645 0.108847 4
0.910511 0.103664 4
0.899705 0.04495 5
0.936523 0.494665 2
0.911907 0.012391 7
0.922221 0.0300834 6
0.919651 0.0285918 6
0.960268 0.561291 2
0.98173 0.709558 2
0.887588 0.000179945 12
0.916795 0.0271201 6
0.91727 0.0273521 6
0.891134 0.000420899 11
0.961224 0.565471 2
0.906741 0.00549573 8
0.919892 0.0287245 6
0.903874 0.00517186 8
0.890937 0.000418845 11
0.941935 0.150516 4
62 0 1 3 4 5 6 7 8 9 10 11 12 13 14 15 16 18 19 20 21 23 24 25 27 28 29 30 31 32 33 34 35 36 37 38 39 40 42 44 46 47 48 49 50 51 52 53 54 55 56 57 58 59 61 62 63 64 65 66 67 68 69 
44 0 1 3 4 5 6 10 11 12 13 18 19 20 24 25 27 28 29 32 33 34 35 36 38 39 40 42 44 46 49 50 53 55 56 57 58 59 63 64 65 66 67 68 69 
59 0 1 3 4 5 6 7 8 9 10 11 12 13 14 16 18 19 20 21 23 24 25 27 28 29 30 31 32 33 34 35 36 37 38 39 40 42 44 46 47 49 50 51 53 54 55 56 57 58 59 61 62 63 64 65 66 67 68 69 
45 0 1 3 4 5 6 10 11 12 13 16 18 19 20 24 25 27 28 29 32 33 34 35 36 38 39 40 42 44 46 49 50 53 55 56 57 58 59 63 64 65 66 67 68 69 
29 0 1 4 11 13 18 19 20 24 25 28 29 32 34 35 36 38 40 42 46 49 53 57 58 59 63 64 65 69 
68 0 1 2 3 4 5 6 7 8 9 10 11 12 13 14 15 16 17 18 19 20 21 22 23 24 25 26 27 28 29 30 31 32 33 34 35 36 37 38 39 40 41 42 43 44 45 46 47 48 49 50 51 52 54 55 56 57 58 59 60 61 62 63 64 66 67 68 69 
54 0 1 2 3 5 6 7 8 11 12 13 14 16 18 19 20 21 23 24 25 26 27 28 29 31 32 33 34 35 36 38 40 41 42 44 46 47 49 50 51 53 55 56 57 58 59 61 62 63 64 65 66 68 69 
59 0 1 3 4 5 6 7 8 9 10 11 12 13 14 15 16 18 19 20 21 23 24 25 27 28 29 30 32 33 34 35 36 37 38 39 40 42 44 46 47 48 49 50 51 53 54 55 56 57 58 59 61 63 64 65 66 67 68 69 
68 0 1 2 3 4 5 6 7 8 9 10 11 12 13 14 15 16 17 18 19 20 21 22 23 24 25 26 27 28 29 30 31 32 33 34 35 36 37 38 39 40 41 42 43 44 45 46 47 48 49 50 51 52 54 55 56 57 58 59 60 61 62 63 64 66 67 68 69 
18 4 11 19 20 25 29 32 34 35 36 38 40 42 49 53 58 63 65 
23 0 1 4 11 13 19 20 25 29 32 34 35 36 38 40 42 46 49 53 58 59 63 65 
55 0 1 2 3 5 6 7 8 11 12 13 14 16 18 19 20 21 23 24 25 26 27 28 29 31 32 33 34 35 36 38 40 41 42 44 46 47 49 50 51 53 55 56 57 58 59 61 62 63 64 65 66 67 68 69 
69 0 1 2 3 4 5 6 7 8 9 10 11 12 13 14 15 16 17 18 19 20 21 22 23 24 25 26 27 28 29 30 31 32 33 34 35 36 37 38 39 40 41 42 44 45 46 47 48 49 50 51 52 53 54 55 56 57 58 59 60 61 62 63 64 65 66 67 68 69 
68 0 1 2 3 4 5 6 7 8 9 10 11 12 13 14 15 16 17 18 19 20 21 22 23 24 25 26 27 28 29 30 31 32 33 34 35 36 37 38 39 40 41 42 44 45 46 47 48 49 50 51 52 53 54 55 56 57 58 59 60 61 62 63 64 66 67 68 69 
50 0 1 3 4 5 6 7 10 11 12 13 16 18 19 20 21 23 24 25 27 28 29 32 33 34 35 36 38 39 40 42 44 46 47 49 50 53 55 56 57 58 59 62 63 64 65 66 67 68 69 
