50 15 6e+06
1.30266 144394
2.68548 128329
3.71057 179777
2.29765 180286
3.11956 168522
1.49559 178313
1.19253 104682
1.76723 154445
2.96727 142827
1.86246 118076
1.06355 101678
1.13047 176584
1.97924 156249
1.67735 155541
4.37802 167150
2.17148 159051
1.04294 117368
3.85793 148604
2.10291 150904
5.67274 198082
1.36508 140340
1.58445 181738
2.53039 196564
1.12198 144310
4.63932 178580
1.3857 194699
1.83084 162822
1.49645 190458
5.87034 127973
4.50836 151332
1.23405 144262
3.16613 146141
2.15908 178927
2.64747 163733
1.6326 134514
1.65542 149592
1.84726 141925
2.84422 129664
2.44026 140608
2.81709 180505
5.99564 158703
1.59428 149108
4.10972 197800
5.94288 137126
1.88802 182186
2.76611 165661
2.99198 147113
5.68076 112824
2.49571 116112
4.5902 164547
0.94391 0.15598 4
0.927745 0.0638996 5
0.923425 0.0308442 6
0.989242 1 1
0.968122 0.601002 2
0.923759 0.0310625 6
0.962446 0.571061 2
0.959412 0.342335 3
0.951477 0.30301 3
0.928903 0.0652322 5
0.951288 0.302224 3
0.969034 0.606502 2
0.928145 0.0643517 5
0.907671 0.00561008 8
0.929956 0.0665051 5
0.911803 0.0249398 6
0.950993 0.528013 2
0.838319 5.67699e-12 0
0.914505 0.0524852 5
0.910175 0.0243201 6
0.979531 1 1
0.941638 0.269282 3
0.901468 0.0102824 7
0.874055 5.91492e-05 13
0.944939 0.279124 3
0.938398 0.2608 3
0.891963 0.00194855 9
0.88887 0.00184141 9
0.880342 0.000330493 11
0.86365 1.79248e-06 17
0.930673 0.126848 4
0.886828 0.000379867 11
0.955565 0.542899 2
0.950983 0.300969 3
0.932131 0.12932 4
0.884002 0.000164327 12
0.923866 0.0598887 5
0.952581 0.307718 3
0.97922 0.684583 2
0.888258 0.000392648 11
0.909614 0.0241155 6
0.947229 0.286768 3
0.901117 0.00489623 8
0.88085 6.97802e-05 13
0.920953 0.0572792 5
0.963876 0.57796 2
0.894238 0.00925306 7
0.921619 0.11431 4
0.960473 0.562175 2
0.926491 0.237233 3
0.899775 0.0211509 6
0.941202 0.268077 3
0.985079 1 1
0.980659 1 1
0.893925 0.00921426 7
0.914621 0.10714 4
0.932307 0.247459 3
0.888882 0.00398121 8
0.869009 5.29173e-05 13
0.897957 0.0207074 6
0.899972 0.00229739 9
0.880089 3.13199e-05 14
0.980316 0.69516 2
0.931238 0.127788 4
0.931191 0.12771 4
0.869934 9.67741e-07 18
0.904692 0.00526022 8
0.92096 0.0572856 5
0.944089 0.276465 3
0.883035 7.39135e-05 13
0.902616 0.00504209 8
0.951949 0.304994 3
0.91338 0.0255804 6
0.894576 0.00096909 10
0.944616 0.278102 3
0.907659 0.101504 4
0.979564 1 1
0.852234 3.07713e-06 16
0.924629 0.234378 3
0.930824 0.244646 3
0.985817 1 1
0.948018 0.51964 2
0.903305 0.0464557 5
0.880013 0.00352527 8
0.973315 1 1
0.961431 0.566397 2
0.910757 0.103859 4
0.914517 0.107046 4
0.90683 0.100911 4
0.885802 0.00833242 7
0.884296 0.000781009 10
0.949206 0.293971 3
0.886825 0.000820294 10
0.92463 0.118003 4
0.960121 0.56066 2
0.921451 0.114116 4
0.923656 0.116763 4
0.893365 0.00426849 8
0.886553 0.000815882 10
0.955217 0.54167 2
0.957057 0.548365 2
0.946404 0.283934 3
0.98239 1 1
0.972164 0.627048 2
0.943499 0.27467 3
0.915026 0.026295 6
0.931125 0.127599 4
0.925886 0.0618946 5
0.960005 0.560169 2
0.985484 1 1
0.916037 0.0267591 6
0.942832 0.272694 3
0.930005 0.125762 4
0.929448 0.065884 5
0.934648 0.133954 4
0.95413 0.314713 3
0.992152 1 1
0.955727 0.322417 3
0.934116 0.132936 4
0.957326 0.330675 3
0.906774 0.0480798 5
0.987268 1 1
0.856618 3.40768e-06 16
0.927341 0.238599 3
0.936616 0.256572 3
0.980072 1 1
0.948845 0.521872 2
0.904062 0.0467946 5
0.882129 0.00164617 9
0.980967 1 1
0.96742 0.596909 2
0.916191 0.108599 4
0.92165 0.114347 4
0.913929 0.106522 4
0.892201 0.00900748 7
0.954374 0.538762 2
0.879695 6.77512e-05 13
0.922747 0.058849 5
0.945194 0.279942 3
0.913046 0.0254416 6
0.885544 0.000369039 11
0.926096 0.11996 4
0.97108 0.619631 2
0.982943 1 1
0.879431 6.73028e-05 13
0.89989 0.00478345 8
0.92104 0.0573531 5
0.876956 2.87405e-05 14
0.857181 2.39673e-08 22
0.889398 0.000864464 10
0.979406 1 1
0.90022 0.0100846 7
0.87106 1.10846e-05 15
0.937377 0.258343 3
0.904605 0.010824 7
0.920009 0.0564989 5
0.946286 0.283534 3
0.95686 0.547624 2
0.926202 0.120107 4
0.897052 0.00454326 8
0.911096 0.0246657 6
0.899002 0.00470532 8
0.867348 4.47919e-06 16
0.850459 1.53398e-09 25
0.862698 7.70126e-07 18
0.891819 0.019387 6
0.981122 1 1
0.846598 1.16117e-06 17
0.913359 0.106023 4
0.927079 0.238174 3
0.96706 1 1
0.933348 0.489348 2
0.889388 0.0189275 6
0.868634 0.000601852 10
0.977323 1 1
0.956325 0.545643 2
0.906634 0.100774 4
0.919921 0.227899 3
0.916127 0.223338 3
0.886982 0.0185022 6
0.94622 0.515017 2
0.89026 0.00406468 8
0.939319 0.263102 3
0.957462 0.549905 2
0.930112 0.243348 3
0.891315 0.00890571 7
0.932547 0.247929 3
0.96821 0.601524 2
0.992374 1 1
0.89088 0.00885675 7
0.912254 0.0510729 5
0.940857 0.267139 3
0.895148 0.00936839 7
0.87488 0.000297442 11
0.909728 0.0496208 5
0.857385 6.60426e-07 18
0.916352 0.108753 4
0.883952 0.00169451 9
0.898763 0.00986508 7
0.934297 0.251485 3
0.888825 0.00397782 8
0.892779 0.0042283 8
0.868997 5.29042e-05 13
0.86858 5.24397e-05 13
0.922236 0.115033 4
0.923303 0.116324 4
0.930049 0.243234 3
0.975347 1 1
0.988198 1 1
0.950075 0.525328 2
0.877359 6.02906e-06 16
0.920718 0.0291906 6
0.908064 0.00565979 8
0.920461 0.0290435 6
0.955181 0.319726 3
0.896407 0.00101213 10
0.909536 0.00585441 8
0.891044 0.000197632 12
0.892964 0.000440879 11
0.926225 0.0622478 5
0.934979 0.134602 4
0.955723 0.3224 3
0.984196 0.736839 2
0.967916 0.599791 2
0.973576 0.637235 2
0.919589 0.0561603 5
0.877946 0.000142835 12
0.966367 0.590987 2
0.939864 0.264506 3
0.924891 0.118344 4
0.8738 5.88046e-05 13
0.91279 0.0513985 5
0.94114 0.267907 3
0.970422 0.615287 2
0.8797 0.000326259 11
0.90069 0.0101578 7
0.942045 0.270427 3
0.897299 0.00965611 7
0.87746 0.000141326 12
0.921279 0.113919 4
0.890647 0.00190138 9
0.951625 0.529915 2
0.891263 0.00192317 9
0.931424 0.128104 4
0.967085 0.594999 2
0.925043 0.118544 4
0.929848 0.125512 4
0.899928 0.0100396 7
0.89284 0.00198134 9
0.957438 0.549815 2
0.962476 0.5712 2
0.952352 0.532166 2
0.98053 1 1
0.965938 0.588646 2
0.945258 0.280149 3
0.89697 0.000491084 11
0.939613 0.144666 4
0.823248 2.97668e-12 0
0.897908 0.000504313 11
0.89505 0.000465816 11
0.963506 0.36849 3
0.924548 0.0315924 6
0.885705 3.70084e-05 14
0.858387 1.80946e-10 28
0.933696 0.0715382 5
0.923642 0.0309854 6
0.876675 1.22713e-06 18
0.876989 1.24159e-06 18
0.870516 9.00724e-08 21
0.850111 9.96659e-12 0
0.8783 6.54334e-05 13
0.909926 0.0242289 6
0.921407 0.0576661 5
0.921302 0.0575755 5
0.95199 0.531038 2
0.887895 0.000838113 10
0.906152 0.0111173 7
0.893913 0.00202307 9
0.899971 0.00479068 8
0.915056 0.0528496 5
0.926783 0.120916 4
0.959949 0.559929 2
0.968866 0.605475 2
0.953265 0.535081 2
0.989359 1 1
0.898523 0.00222514 9
0.945631 0.281359 3
0.827222 3.50941e-12 0
0.901748 0.00239251 9
0.90017 0.00230762 9
0.96874 0.604708 2
0.92824 0.0644612 5
0.888173 0.000182738 12
0.861304 1.23354e-08 23
0.939687 0.144846 4
0.92913 0.0655014 5
0.881504 3.26124e-05 14
0.882578 3.36521e-05 14
0.876129 5.79717e-06 16
0.855255 3.55298e-10 27
0.971422 1 1
0.890415 0.00880523 7
0.911246 0.0504777 5
0.95341 0.535553 2
0.917998 0.110379 4
0.898974 0.0209521 6
0.939095 0.262535 3
0.985539 1 1
0.971245 1 1
0.889534 0.00402022 8
0.909356 0.0494178 5
0.921995 0.114749 4
0.880038 0.00159419 9
0.860567 8.55872e-06 15
0.88734 0.00389234 8
0.968514 1 1
0.91167 0.104597 4
0.864442 0.000248813 11
0.937206 0.495884 2
0.908246 0.101933 4
0.934109 0.490571 2
0.953427 0.535608 2
0.948139 0.519963 2
0.91631 0.223546 3
0.9079 0.10168 4
0.919601 0.227493 3
0.899471 0.0448581 5
0.872353 0.00142946 9
0.856549 1.79985e-05 14
0.863424 0.000244829 11
0.935639 0.254374 3
0.915492 0.0531429 5
0.938186 0.260281 3
0.975092 0.648873 2
0.96248 0.571216 2
0.909512 0.0240791 6
0.947394 0.287346 3
0.954732 0.539985 2
0.95829 0.553132 2
0.91728 0.0544004 5
0.939206 0.262817 3
0.973616 0.637538 2
0.926904 0.121087 4
0.905935 0.0228794 6
0.937109 0.257714 3
0.971523 0.622623 2
0.898019 0.00105309 10
0.914923 0.0131981 7
0.962526 0.571436 2
0.926853 0.062917 5
0.905196 0.0053162 8
0.946386 0.283871 3
0.992603 1 1
0.972848 0.63191 2
0.897345 0.00103558 10
0.917622 0.0275276 6
0.930483 0.0671645 5
0.88848 0.000184238 12
0.86885 1.87547e-07 20
0.895017 0.000465403 11
0.883738 7.49487e-06 16
0.977674 0.670475 2
0.853403 1.18169e-11 0
0.912318 0.00626063 8
0.934377 0.0725499 5
0.949969 0.176087 4
0.926687 0.0331293 6
0.884893 7.8178e-06 16
0.868111 7.39165e-09 24
0.980336 0.695364 2
0.958371 0.336383 3
0.91445 0.00661087 8
0.936624 0.0761216 5
0.935467 0.0742366 5
0.900504 0.00054432 11
0.904516 0.0108078 7
0.931584 0.128375 4
0.921344 0.0576117 5
0.94902 0.293267 3
0.981754 1 1
0.912886 0.0514576 5
0.934767 0.25248 3
0.918842 0.0555731 5
0.918772 0.0555194 5
0.935901 0.254956 3
0.952526 0.532713 2
0.983562 1 1
0.966928 0.594113 2
0.945035 0.279431 3
0.965047 0.58392 2
0.903293 0.0105893 7
0.981266 1 1
0.850453 8.20272e-09 23
0.92147 0.114138 4
0.929754 0.125362 4
0.9809 1 1
0.944001 0.276194 3
0.899411 0.00996117 7
0.876754 0.000139189 12
0.975186 1 1
0.960337 0.561586 2
0.909487 0.02407 6
0.91579 0.0533468 5
0.90909 0.0239287 6
0.885874 0.000805062 10
0.887586 0.00390618 8
0.867519 2.27599e-05 14
0.990032 1 1
0.917023 0.109405 4
0.918131 0.110515 4
0.856778 6.49356e-07 18
0.890834 0.0041007 8
0.908447 0.0489332 5
0.933778 0.250405 3
0.870631 5.47944e-05 13
0.88953 0.00401996 8
0.938807 0.261811 3
0.904411 0.0224153 6
0.886918 0.00177997 9
0.939027 0.262365 3
0.929269 0.0656679 5
0.908928 0.00577246 8
0.946473 0.163823 4
0.96648 0.591612 2
0.958074 0.334738 3
0.901803 0.00239557 9
0.938977 0.143165 4
0.94931 0.294366 3
0.958831 0.338978 3
0.911038 0.00606717 8
0.932554 0.0699104 5
0.97359 0.637343 2
0.925997 0.0620093 5
0.90506 0.00259198 9
0.940949 0.14796 4
0.908276 0.0115514 7
0.872829 1.16263e-05 15
0.978717 0.679891 2
0.931379 0.128028 4
0.921559 0.0577968 5
0.866605 8.68563e-07 18
0.904274 0.0107636 7
0.929634 0.125173 4
0.958207 0.552803 2
0.875026 2.73203e-05 14
0.895517 0.00208899 9
0.940488 0.266148 3
0.898039 0.0046237 8
0.878762 6.61859e-05 13
0.925877 0.119662 4
0.937759 0.140401 4
0.962516 0.571387 2
0.88546 7.90109e-05 13
0.963186 0.574578 2
0.959121 0.556481 2
0.964085 0.579001 2
0.983467 1 1
0.938606 0.142308 4
0.916535 0.026995 6
0.960964 0.56432 2
0.978158 0.674789 2
0.941832 0.150245 4
0.926402 0.0624345 5
0.910871 0.0121379 7
0.908732 0.0116499 7
0.957782 0.55114 2
0.92437 0.117667 4
0.861254 1.67739e-06 17
0.938147 0.260186 3
0.913938 0.052118 5
0.948697 0.52147 2
0.960312 0.56148 2
0.940896 0.267244 3
0.909331 0.0240143 6
0.920133 0.112635 4
0.929588 0.125099 4
0.902408 0.0104378 7
0.879811 0.000326984 11
0.865049 4.21017e-06 16
0.867091 1.00058e-05 15
0.914473 0.107007 4
0.911807 0.10471 4
0.946136 0.514809 2
0.955901 0.544103 2
0.964853 1 1
0.899626 0.0449189 5
0.931799 0.246477 3
0.933089 0.249006 3
0.941835 0.504943 2
0.914944 0.107434 4
0.934968 0.49199 2
0.986168 1 1
0.940447 0.502072 2
0.919489 0.227352 3
0.958392 0.553538 2
0.85629 6.40651e-07 18
0.924853 0.118294 4
0.872094 0.000126402 12
0.89616 0.00950098 7
0.931493 0.245896 3
0.896144 0.00949889 7
0.89424 0.00925328 7
0.865927 2.19515e-05 14
0.862166 3.90631e-06 16
0.930725 0.244462 3
0.927282 0.121628 4
0.92288 0.115807 4
0.970293 0.61445 2
0.99222 1 1
0.93619 0.255603 3
0.89342 0.000943685 10
0.91138 0.012261 7
0.935819 0.136283 4
0.936355 0.137386 4
0.961247 0.565576 2
0.893076 0.000936362 10
0.917448 0.0274407 6
0.910373 0.0120203 7
0.917993 0.0277151 6
0.915787 0.0266424 6
0.931699 0.128573 4
0.976297 0.65866 2
0.958194 0.552752 2
0.938678 0.142473 4
0.982755 1 1
0.914934 0.0262536 6
0.987255 1 1
0.871089 2.23636e-06 17
0.941194 0.148586 4
0.952365 0.306781 3
0.971946 0.625532 2
0.959294 0.557191 2
0.915138 0.0263455 6
0.895072 0.000980397 10
0.98491 1 1
0.983719 1 1
0.931679 0.128538 4
0.933236 0.131296 4
0.92239 0.0585272 5
0.906054 0.00541443 8
0.973859 1 1
0.921897 0.114634 4
0.875933 0.00013677 12
0.951768 0.530354 2
0.922559 0.115419 4
0.94098 0.267473 3
0.967833 0.599305 2
0.957974 0.551888 2
0.92582 0.119583 4
0.918659 0.111059 4
0.932452 0.247742 3
0.91369 0.05196 5
0.885738 0.00174488 9
0.869284 2.37138e-05 14
0.877118 0.000140282 12
0.864811 4.18378e-06 16
0.940924 0.26732 3
0.867697 2.28533e-05 14
0.902899 0.0219801 6
0.936894 0.257213 3
0.911469 0.0506075 5
0.90499 0.0225885 6
0.872444 5.70301e-05 13
0.865006 9.50413e-06 15
0.946753 0.285121 3
0.939732 0.264164 3
0.923845 0.116999 4
0.967396 0.596771 2
0.978652 1 1
0.928025 0.122712 4
0.926748 0.0331752 6
0.878904 1.33548e-06 18
0.957847 0.333492 3
0.943013 0.153441 4
0.923822 0.0311039 6
0.876617 5.59528e-07 19
0.916476 0.0136589 7
0.948235 0.169761 4
0.979062 0.683099 2
0.880278 3.05679e-06 17
0.901453 0.00115141 10
0.939298 0.143917 4
0.893811 0.000214067 12
0.8738 2.27628e-07 20
0.915314 0.013311 7
0.900244 0.00231143 9
0.926474 0.0625117 5
0.924111 0.0601233 5
0.944506 0.277759 3
0.975703 0.653773 2
0.907336 0.0113546 7
0.92922 0.0656093 5
0.915223 0.0263839 6
0.917155 0.0272956 6
0.930941 0.127291 4
0.946839 0.285417 3
0.981983 0.712227 2
0.967624 0.598086 2
0.945987 0.282533 3
0.971049 0.619423 2
0.935003 0.134649 4
0.887175 8.29823e-05 13
0.950917 0.300698 3
0.952548 0.307576 3
0.930979 0.0677987 5
0.885543 3.68205e-05 14
0.925911 0.06192 5
0.956939 0.328626 3
0.984301 0.738055 2
0.888362 8.59297e-05 13
0.909768 0.00588631 8
0.944867 0.158804 4
0.898701 0.00107137 10
0.878412 6.23905e-06 16
0.917088 0.0138497 7
0.901999 0.00240658 9
0.982039 0.712825 2
0.87488 2.52923e-06 17
0.935085 0.13481 4
0.958294 0.335956 3
0.953666 0.312568 3
0.945725 0.28167 3
0.90569 0.00537224 8
0.890276 0.00019345 12
0.987758 1 1
0.981708 0.709324 2
0.937463 0.13975 4
0.950204 0.297838 3
0.940891 0.147815 4
0.918384 0.027916 6
0.91942 0.0560265 5
0.890777 0.00190593 9
0.964672 0.581978 2
0.949001 0.293197 3
0.9402 0.265383 3
0.883905 0.000356018 11
0.921422 0.0576785 5
0.940862 0.267153 3
0.962422 0.570948 2
0.892998 0.00198739 9
0.913931 0.0521137 5
0.958662 0.554617 2
0.913461 0.0518156 5
0.893266 0.00426165 8
0.936739 0.256855 3
0.966937 0.594164 2
0.915869 0.0266803 6
0.864916 3.65664e-07 19
0.93918 0.26275 3
0.911215 0.0247113 6
0.938457 0.141966 4
0.956933 0.547899 2
0.947691 0.2884 3
0.915749 0.0266246 6
0.912038 0.0250326 6
0.92346 0.0595063 5
0.901755 0.00495718 8
0.875582 1.25575e-05 15
0.859942 6.02617e-08 21
0.865772 3.76256e-07 19
0.918103 0.0550094 5
0.923518 0.11659 4
0.934196 0.251273 3
0.962318 0.57046 2
0.977174 1 1
0.910609 0.0501124 5
0.941027 0.2676 3
0.934796 0.252541 3
0.93739 0.258373 3
0.926673 0.120762 4
0.946938 0.285759 3
0.996038 1 1
0.947664 0.518704 2
0.926211 0.120119 4
0.956262 0.545412 2
0.985668 1 1
0.897359 0.00966443 7
0.900289 0.0100952 7
0.955061 0.541127 2
0.918612 0.0553965 5
0.908812 0.023831 6
0.947349 0.287189 3
0.986806 1 1
0.958313 0.553225 2
0.895848 0.00444919 8
0.914589 0.0525405 5
0.919085 0.111506 4
0.879949 0.000327891 11
0.861032 1.66729e-06 17
0.882999 0.000762286 10
0.924283 0.233866 3
0.942817 0.507063 2
0.915184 0.107654 4
0.969048 1 1
0.992521 1 1
0.929895 0.242958 3
0.956763 0.547261 2
0.936557 0.494724 2
0.92928 0.241872 3
0.945597 0.513486 2
0.96705 1 1
0.978473 1 1
0.950753 0.527299 2
0.930237 0.243572 3
0.943478 0.508532 2
0.96253 0.571455 2
0.932318 0.129649 4
0.872382 2.33019e-06 17
0.951248 0.302059 3
0.926808 0.0628689 5
0.952697 0.308227 3
0.973845 0.639245 2
0.949752 0.296069 3
0.918685 0.0280734 6
0.928692 0.0649843 5
0.940769 0.266901 3
0.915359 0.0264456 6
0.891495 0.00090409 10
0.875913 1.26775e-05 15
0.8795 3.08068e-05 14
0.92193 0.0155712 7
0.946706 0.164581 4
0.843359 7.16331e-12 0
0.920853 0.015153 7
0.912196 0.00624167 8
0.97731 0.667284 2
0.948476 0.170613 4
0.910364 0.00298519 9
0.881882 3.24527e-06 17
0.940882 0.147792 4
0.938574 0.0795361 5
0.895013 0.000221945 12
0.887352 1.82727e-05 15
0.877164 5.71946e-07 19
0.864692 1.25749e-09 26
0.921411 0.0576692 5
0.943178 0.273713 3
0.841075 6.43857e-12 0
0.918499 0.0553099 5
0.909011 0.011711 7
0.973643 0.637733 2
0.946038 0.282705 3
0.909116 0.0117342 7
0.880327 6.885e-05 13
0.937359 0.139523 4
0.935084 0.134808 4
0.892062 0.000915407 10
0.883997 0.000164306 12
0.873839 1.19546e-05 15
0.861602 6.39308e-08 21
14 1 5 10 11 17 19 21 26 31 36 43 47 48 49 
15 1 5 8 10 11 17 19 21 26 31 36 43 47 48 49 
44 0 2 3 4 5 6 7 8 9 10 11 12 13 14 15 16 18 20 21 22 23 25 26 27 28 29 30 31 32 33 34 35 36 37 38 39 40 41 42 43 44 45 46 47 
23 1 3 5 8 10 11 17 19 20 21 23 24 26 30 31 35 36 41 43 45 47 48 49 
27 0 1 3 5 8 9 10 11 17 19 20 21 23 24 26 30 31 35 36 37 41 43 45 46 47 48 49 
11 1 10 17 19 21 31 36 43 47 48 49 
15 1 5 10 17 19 20 21 26 31 36 43 45 47 48 49 
19 1 5 8 10 11 17 19 21 24 26 30 31 35 36 43 45 47 48 49 
42 0 1 3 5 6 7 8 9 10 11 12 13 14 16 17 18 19 20 21 22 23 24 25 26 28 30 31 32 33 34 35 36 37 39 41 43 44 45 46 47 48 49 
20 1 5 8 10 11 17 19 20 21 23 26 30 31 35 36 43 45 47 48 49 
19 1 5 8 10 11 17 19 21 24 26 30 31 35 36 41 43 47 48 49 
36 0 1 3 5 6 7 8 9 10 11 12 16 17 19 20 21 22 23 24 25 26 28 30 31 33 35 36 37 41 43 44 45 46 47 48 49 
25 1 5 6 8 10 11 16 17 19 21 24 26 30 31 33 35 36 37 41 43 45 46 47 48 49 
41 0 1 2 3 5 6 7 8 9 10 11 12 16 17 19 20 21 22 23 24 25 26 28 30 31 32 33 35 36 37 38 39 40 41 43 44 45 46 47 48 49 
46 0 1 2 3 5 6 7 8 9 10 11 12 13 14 15 16 18 19 20 21 22 23 24 25 26 28 30 31 32 33 34 35 36 37 38 39 40 41 42 43 44 45 46 47 48 49 
