70 15 6e+06
2.82062 118276
1.65478 122564
1.2669 154173
3.79132 142716
2.10465 137443
2.06456 198805
2.56816 164931
2.55954 185659
3.09094 187231
2.601 140174
1.81585 136869
2.35397 151739
2.0799 127644
1.0753 118975
2.81528 131815
2.28513 102005
2.14769 193996
2.80283 112936
2.94653 144616
2.49442 107614
4.09786 133109
2.45879 170045
2.11487 107334
1.09208 148879
1.99093 143966
2.62612 111247
1.62041 142485
1.38261 100056
1.50145 171548
5.4771 152045
1.16668 178795
2.83134 120468
4.62738 151538
2.70076 170959
2.43463 162161
1.67354 128048
1.0914 174804
5.03213 106499
2.62538 181660
1.80027 141255
1.00409 112649
2.02775 197291
1.04422 175532
1.67706 107701
2.42003 100331
2.14119 122630
2.05974 113848
3.85003 106951
1.30464 147010
5.82827 149681
1.47568 145515
2.77119 143353
4.5101 145737
2.92172 112992
1.06636 128011
1.55865 197941
1.63861 108102
6.07773 125959
2.37257 176387
2.60025 185156
3.58643 174774
4.37139 156816
1.20839 174749
1.04973 187054
1.84307 100775
2.1843 181030
2.4303 161972
2.61581 144448
2.2718 119300
2.98745 164824
0.935191 0.253393 3
0.961684 0.567543 2
0.961385 0.566193 2
0.917489 0.0545535 5
0.949046 0.522427 2
0.954368 0.538742 2
0.96289 0.573157 2
0.924133 0.117365 4
0.944975 0.279239 3
0.95115 0.528482 2
0.954389 0.538813 2
0.987797 1 1
0.961814 0.568134 2
0.913238 0.0516756 5
0.880465 0.000331323 11
0.886883 0.000380348 11
0.970134 0.613422 2
0.933929 0.132582 4
0.871826 5.08566e-06 16
0.990048 1 1
0.904837 0.0052762 8
0.912283 0.0251306 6
0.929217 0.124519 4
0.897889 0.00219495 9
0.902854 0.00506612 8
0.914272 0.0259617 6
0.941295 0.268334 3
0.955111 0.319386 3
0.877386 2.90733e-05 14
0.842708 6.94721e-12 0
0.966921 0.394165 3
0.926873 0.0332698 6
0.950322 0.177435 4
0.950769 0.179176 4
0.913588 0.00646492 8
0.990469 1 1
0.993197 1 1
0.90554 0.00129208 10
0.976221 0.658024 2
0.983689 0.730996 2
0.957134 0.329656 3
0.966535 0.391067 3
0.935567 0.074395 5
0.932576 0.0699416 5
0.906189 0.00131719 10
0.906563 0.00269326 9
0.891718 0.000201432 12
0.955977 0.323671 3
0.939614 0.14467 4
0.901187 0.00114321 10
0.936946 0.138633 4
0.925483 0.0322456 6
0.93728 0.139351 4
0.947849 0.288965 3
0.943551 0.154953 4
0.893538 0.000212349 12
0.934171 0.0722412 5
0.935681 0.136002 4
0.97503 0.648378 2
0.936989 0.138725 4
0.917083 0.0542578 5
0.938458 0.260948 3
0.992801 1 1
0.920756 0.113326 4
0.947633 0.518625 2
0.946529 0.284357 3
0.945194 0.279942 3
0.954143 0.537981 2
0.945807 0.28194 3
0.948264 0.520298 2
0.923447 0.116502 4
0.974251 1 1
0.982507 1 1
0.932643 0.248119 3
0.895489 0.00941262 7
0.954565 0.539412 2
0.9494 0.294711 3
0.947014 0.28602 3
0.926074 0.11993 4
0.929292 0.124636 4
0.964799 0.582631 2
0.978558 1 1
0.905835 0.0228481 6
0.951656 0.530011 2
0.958913 0.555634 2
0.973453 0.636326 2
0.973475 0.636487 2
0.941588 0.269144 3
0.911927 0.0508772 5
0.883397 0.00035216 11
0.903647 0.0466079 5
0.907937 0.0486679 5
0.972752 1 1
0.92549 0.235676 3
0.921505 0.229969 3
0.935302 0.253635 3
0.92751 0.238876 3
0.958461 0.553813 2
0.942013 0.505323 2
0.940371 0.501919 2
0.899229 0.0210148 6
0.946081 0.514671 2
0.956349 0.545732 2
0.953145 0.53469 2
0.915095 0.107572 4
0.943826 0.509319 2
0.95967 0.558757 2
0.950338 0.526087 2
0.918315 0.110703 4
0.939611 0.263849 3
0.9567 0.547029 2
0.968769 0.604882 2
0.911863 0.0508392 5
0.94485 0.511694 2
0.951786 0.53041 2
0.967281 0.596114 2
0.977859 1 1
0.948973 0.522226 2
0.9083 0.0488561 5
0.877875 0.000696272 10
0.891725 0.00415804 8
0.876912 0.000308984 11
0.940419 0.265964 3
0.92908 0.124308 4
0.888795 0.00183898 9
0.920799 0.113375 4
0.90902 0.0492369 5
0.931956 0.24678 3
0.932365 0.247572 3
0.927512 0.12196 4
0.877379 0.000311757 11
0.917585 0.0546244 5
0.922397 0.115225 4
0.969692 0.610605 2
0.939723 0.264139 3
0.900596 0.00112536 10
0.979395 0.686241 2
0.943972 0.156161 4
0.884316 1.64577e-05 15
0.983235 0.725867 2
0.918455 0.0142963 7
0.926353 0.0328791 6
0.930042 0.0666121 5
0.910862 0.00604135 8
0.916146 0.0135583 7
0.927475 0.0337353 6
0.955073 0.319198 3
0.962581 0.362173 3
0.887512 3.92006e-05 14
0.853024 1.15836e-11 0
0.89542 0.00940357 7
0.924989 0.234916 3
0.974361 1 1
0.905646 0.0475312 5
0.945428 0.513076 2
0.925292 0.235374 3
0.92246 0.1153 4
0.977848 1 1
0.927195 0.238363 3
0.928145 0.239929 3
0.901345 0.0215562 6
0.950863 0.527627 2
0.977291 1 1
0.927121 0.238242 3
0.88979 0.00403579 8
0.879564 6.75287e-05 13
0.906538 0.0111933 7
0.956353 0.545745 2
0.896213 0.00211899 9
0.930305 0.126247 4
0.909857 0.0119009 7
0.905216 0.0109376 7
0.987429 1 1
0.914055 0.0258677 6
0.913685 0.0257094 6
0.882653 0.000159058 12
0.931227 0.12777 4
0.957153 0.548728 2
0.924515 0.0605146 5
0.88896 0.000399221 11
0.935865 0.136375 4
0.880863 1.47134e-05 15
0.930691 0.0674293 5
0.985939 1 1
0.877702 6.09623e-06 16
0.954528 0.316583 3
0.939743 0.144979 4
0.89574 0.000474631 11
0.968097 0.600857 2
0.9608 0.350688 3
0.906618 0.00548107 8
0.925524 0.0615225 5
0.908472 0.00571245 8
0.970823 0.61792 2
0.958203 0.335452 3
0.890746 0.00409514 8
0.915427 0.0530988 5
0.96874 0.604708 2
0.905408 0.0227161 6
0.936281 0.255808 3
0.921251 0.113886 4
0.916895 0.0541222 5
0.980967 1 1
0.924835 0.118271 4
0.924864 0.118309 4
0.893937 0.00430865 8
0.943115 0.273525 3
0.967214 0.595733 2
0.930778 0.244561 3
0.893844 0.00430207 8
0.926754 0.0628103 5
0.867671 8.03345e-08 21
0.917447 0.0139643 7
0.978455 0.677484 2
0.864715 1.42001e-08 23
0.941208 0.148622 4
0.926868 0.0629331 5
0.885038 3.6248e-05 14
0.954033 0.31426 3
0.946983 0.285914 3
0.894998 0.000465164 11
0.911611 0.0123176 7
0.89542 0.000470501 11
0.965254 0.585002 2
0.969476 0.609243 2
0.864772 1.61628e-07 20
0.95234 0.306673 3
0.90792 0.011476 7
0.847382 8.69643e-12 0
0.964859 0.58294 2
0.880088 3.13193e-05 14
0.888288 0.00039293 11
0.91031 0.0120057 7
0.872785 5.23201e-06 16
0.877801 1.33978e-05 15
0.895117 0.000981444 10
0.915121 0.0263376 6
0.929282 0.124621 4
0.8529 3.19667e-10 27
0.819027 2.5069e-12 0
0.855188 5.12286e-08 21
0.903733 0.0106666 7
0.929837 0.125494 4
0.864781 4.18041e-06 16
0.935469 0.253999 3
0.882989 0.000349111 11
0.881574 0.000338926 11
0.973497 0.636653 2
0.884515 0.000784262 10
0.885451 0.000798478 10
0.865967 4.31459e-06 16
0.91135 0.0247633 6
0.943053 0.273342 3
0.890192 0.00188564 9
0.855963 5.25696e-08 21
0.895473 0.00442084 8
0.930837 0.127119 4
0.973295 0.635162 2
0.902476 0.0104492 7
0.952297 0.531991 2
0.924505 0.117841 4
0.922986 0.115935 4
0.976087 1 1
0.925148 0.118682 4
0.926738 0.120853 4
0.903943 0.0222781 6
0.953094 0.534526 2
0.98294 1 1
0.921761 0.114476 4
0.884536 0.00078457 10
0.913161 0.025489 6
0.869538 2.13106e-06 17
0.926683 0.0627348 5
0.961753 0.567857 2
0.871889 5.09504e-06 16
0.935238 0.135113 4
0.92075 0.0571087 5
0.900621 0.00484998 8
0.949285 0.294272 3
0.942192 0.270844 3
0.887411 0.000384986 11
0.91411 0.0258914 6
0.904626 0.00525293 8
0.985244 1 1
0.973289 0.63512 2
0.975604 1 1
0.896627 0.0437858 5
0.924586 0.234313 3
0.970587 1 1
0.883056 0.00807998 7
0.972332 1 1
0.964413 1 1
0.881976 0.00798579 7
0.971176 1 1
0.971049 1 1
0.93838 0.498047 2
0.934599 0.491377 2
0.906622 0.100765 4
0.933961 0.490331 2
0.920898 0.229163 3
0.923223 0.0307136 6
0.921028 0.0293695 6
0.985458 0.751937 2
0.937946 0.140815 4
0.927191 0.0335145 6
0.955424 0.320914 3
0.948371 0.170242 4
0.945548 0.160891 4
0.959919 0.345325 3
0.959777 0.34448 3
0.919147 0.0145335 7
0.96482 0.377919 3
0.961808 0.357081 3
0.953132 0.310155 3
0.915231 0.0132871 7
0.95826 0.553016 2
0.940258 0.501691 2
0.922852 0.231815 3
0.914991 0.107478 4
0.912849 0.105584 4
0.949756 0.524415 2
0.964587 1 1
0.883213 0.00367542 8
0.935701 0.493234 2
0.942679 0.506761 2
0.998924 1 1
0.948819 0.521801 2
0.918836 0.22654 3
0.893507 0.0197256 6
0.869488 0.000270367 11
0.876623 5.59662e-07 19
0.892779 9.85806e-05 13
0.948884 0.17207 4
0.899964 0.000535561 11
0.914302 0.00658525 8
0.907323 0.00274734 9
0.900406 0.000542708 11
0.97052 0.615925 2
0.913917 0.0065199 8
0.912177 0.00623881 8
0.874792 2.37092e-07 20
0.922326 0.0157305 7
0.94329 0.154214 4
0.933133 0.0707261 5
0.899543 0.00052889 11
0.939328 0.263127 3
0.932132 0.129323 4
0.978207 1 1
0.941832 0.269825 3
0.930028 0.125799 4
0.970603 0.61647 2
0.966742 0.593067 2
0.932103 0.129273 4
0.969097 0.606893 2
0.972388 0.628625 2
0.937696 0.259101 3
0.979886 1 1
0.959487 0.55799 2
0.943192 0.273754 3
0.908645 0.0237728 6
0.941983 0.270252 3
0.941905 0.270032 3
0.973177 0.634295 2
0.935202 0.135042 4
0.935923 0.136495 4
0.969466 0.609184 2
0.97122 0.620566 2
0.928414 0.064661 5
0.963258 0.574926 2
0.968485 0.603167 2
0.946727 0.285031 3
0.989961 1 1
0.96082 0.563684 2
0.932593 0.130136 4
0.899218 0.00225918 9
0.956372 0.545815 2
0.921621 0.230125 3
0.958994 0.555961 2
0.95749 0.550013 2
0.91373 0.106346 4
0.98979 1 1
0.978923 1 1
0.914177 0.106742 4
0.986211 1 1
0.99198 1 1
0.943765 0.509181 2
0.966752 1 1
0.940432 0.502042 2
0.945642 0.513594 2
0.916557 0.223829 3
0.916403 0.0136365 7
0.934192 0.0722724 5
0.996271 1 1
0.92274 0.0304062 6
0.943933 0.156048 4
0.946613 0.16428 4
0.944086 0.156492 4
0.955429 0.320939 3
0.947048 0.165709 4
0.948936 0.172258 4
0.920814 0.015138 7
0.971243 0.620727 2
0.979413 0.686411 2
0.936348 0.0756618 5
0.898881 0.000518697 11
0.885596 0.000170959 12
0.917642 0.0275376 6
0.963721 0.577194 2
0.897783 0.00218998 9
0.941421 0.268681 3
0.915395 0.0264619 6
0.912212 0.0251023 6
0.988663 1 1
0.917978 0.0277076 6
0.918509 0.0279812 6
0.891438 0.000902961 10
0.940332 0.265733 3
0.968528 0.603426 2
0.922215 0.0583717 5
0.885627 0.000171094 12
0.898727 0.00107209 10
0.934045 0.132801 4
0.976083 0.656886 2
0.904442 0.00255233 9
0.95412 0.314666 3
0.927564 0.0636969 5
0.926437 0.0624718 5
0.972078 0.626447 2
0.927708 0.0638577 5
0.92957 0.066031 5
0.907663 0.00560907 8
0.956943 0.328646 3
0.986701 1 1
0.922254 0.0301036 6
0.884968 3.61694e-05 14
0.888362 0.000183658 12
0.945225 0.280042 3
0.956834 0.328073 3
0.88656 8.15211e-05 13
0.974144 0.641509 2
0.913745 0.0128699 7
0.916061 0.0135325 7
0.963239 0.574837 2
0.91114 0.0122025 7
0.914244 0.0130067 7
0.904991 0.0052932 8
0.948647 0.291876 3
0.979724 0.68939 2
0.90102 0.00235259 9
0.864608 3.17583e-08 22
0.985668 1 1
0.900445 0.00112088 10
0.921826 0.0298428 6
0.96054 0.349082 3
0.884329 3.54675e-05 14
0.970762 0.617518 2
0.967475 0.597228 2
0.878656 6.28923e-06 16
0.965193 0.584679 2
0.967159 0.595416 2
0.946211 0.283282 3
0.935182 0.135001 4
0.905535 0.00535456 8
0.925211 0.0612053 5
0.911374 0.0122594 7
0.872583 1.05907e-06 18
0.932334 0.0696068 5
0.94272 0.152631 4
0.873149 1.08022e-06 18
0.965574 0.586694 2
0.898141 0.00105632 10
0.89982 0.00110265 10
0.965974 0.588842 2
0.896481 0.00101393 10
0.899063 0.00108132 10
0.889061 0.000187134 12
0.931765 0.0688339 5
0.963382 0.57553 2
0.890989 0.000197324 12
0.855082 1.54136e-10 28
0.882979 7.29368e-06 16
0.925171 0.0320244 6
0.959605 0.343465 3
0.89042 4.31893e-05 14
0.952041 0.305388 3
0.91146 0.0061297 8
0.910223 0.00297333 9
0.985474 0.752136 2
0.912249 0.00624999 8
0.913688 0.00648156 8
0.892902 9.89757e-05 13
0.94065 0.147208 4
0.972662 0.630576 2
0.91191 0.00619771 8
0.875382 5.32889e-07 19
0.931257 0.24545 3
0.968818 1 1
0.955844 0.543899 2
0.910954 0.104016 4
0.952842 0.533716 2
0.948018 0.51964 2
0.95766 0.550666 2
0.92172 0.230258 3
0.938157 0.497629 2
0.944442 0.510739 2
0.954849 0.540391 2
0.980642 1 1
0.959867 0.559582 2
0.906445 0.0479178 5
0.873847 0.00065182 10
0.971804 1 1
0.903366 0.0464827 5
0.934567 0.252053 3
0.972061 1 1
0.891428 0.00891848 7
0.981973 1 1
0.971123 1 1
0.891521 0.00892909 7
0.981369 1 1
0.98153 1 1
0.940489 0.502157 2
0.943588 0.50878 2
0.916126 0.108538 4
0.94056 0.5023 2
0.922736 0.231652 3
0.894613 0.0043572 8
0.981275 1 1
0.934501 0.251915 3
0.876178 0.000137486 12
0.981445 1 1
0.910603 0.0501092 5
0.919265 0.111697 4
0.923097 0.11607 4
0.902517 0.0218738 6
0.907958 0.0235376 6
0.92391 0.117082 4
0.946295 0.283566 3
0.953419 0.535582 2
0.878618 0.000319343 11
0.84455 5.24832e-10 26
0.945394 0.280589 3
0.943068 0.273387 3
0.96874 0.604708 2
0.935256 0.135148 4
0.934647 0.133954 4
0.971266 0.62088 2
0.974895 0.647312 2
0.924425 0.0604267 5
0.963367 0.575457 2
0.969246 0.607811 2
0.95106 0.301285 3
0.989337 1 1
0.957548 0.550235 2
0.930085 0.125891 4
0.897634 0.00218304 9
0.942012 0.270334 3
0.96226 0.57019 2
0.947895 0.289131 3
0.915279 0.0264091 6
0.940546 0.146948 4
0.953581 0.312181 3
0.965979 0.588869 2
0.910462 0.012041 7
0.941625 0.269246 3
0.948568 0.291584 3
0.968016 0.600379 2
0.975232 0.649981 2
0.947804 0.288803 3
0.905162 0.00531234 8
0.874821 5.56541e-06 16
0.932014 0.0691705 5
0.93897 0.143149 4
0.984819 0.744196 2
0.932248 0.0694885 5
0.93942 0.144207 4
0.961609 0.355797 3
0.960464 0.348621 3
0.939156 0.143583 4
0.959139 0.340745 3
0.96264 0.362566 3
0.935841 0.0748343 5
0.984914 0.745326 2
0.969266 0.607938 2
0.936715 0.0762743 5
0.901131 0.00114149 10
0.883086 0.00366918 8
0.901117 0.0455209 5
0.957386 0.549613 2
0.903812 0.0466819 5
0.92209 0.230761 3
0.913926 0.106519 4
0.907671 0.101513 4
0.975621 1 1
0.919684 0.227598 3
0.91846 0.110853 4
0.882592 0.00364513 8
0.930749 0.244508 3
0.952115 0.531426 2
0.934542 0.252002 3
0.899223 0.0447609 5
0.895972 0.0094761 7
0.920517 0.113059 4
0.974764 1 1
0.908827 0.0491339 5
0.939854 0.264478 3
0.926425 0.120415 4
0.922513 0.115364 4
0.976649 1 1
0.92937 0.24203 3
0.929777 0.242749 3
0.899747 0.0211438 6
0.94925 0.522993 2
0.972577 1 1
0.931993 0.246851 3
0.894591 0.00929739 7
0.950002 0.297041 3
0.954818 0.540282 2
0.942752 0.272458 3
0.91902 0.0557122 5
0.931718 0.128606 4
0.957386 0.549613 2
0.971398 0.62177 2
0.903487 0.0106232 7
0.944279 0.277052 3
0.951482 0.30303 3
0.976462 0.66004 2
0.969924 0.612075 2
0.940083 0.265078 3
0.905131 0.0109216 7
0.876556 6.27185e-05 13
0.86026 4.44142e-05 13
0.919613 0.227508 3
0.931436 0.245787 3
0.863134 0.000106896 12
0.953257 0.535054 2
0.886136 0.00836448 7
0.887127 0.00846158 7
0.96419 1 1
0.885325 0.00828716 7
0.887448 0.00849359 7
0.875925 0.00150142 9
0.918479 0.226103 3
0.950212 0.525722 2
0.883567 0.00812551 7
0.848357 1.2102e-06 17
0.886225 0.00837304 7
0.926446 0.237163 3
0.963269 0.574979 2
0.893776 0.0197813 6
0.952 0.531067 2
0.914906 0.1074 4
0.91352 0.106163 4
0.984005 1 1
0.915742 0.108174 4
0.917176 0.109556 4
0.895641 0.0201794 6
0.943818 0.509301 2
0.975441 1 1
0.914912 0.107405 4
0.878178 0.00155078 9
0.949681 0.524202 2
0.921226 0.113858 4
0.964573 0.581473 2
0.956255 0.545389 2
0.916011 0.108428 4
0.982937 1 1
0.972732 1 1
0.919957 0.112442 4
0.984405 1 1
0.987084 1 1
0.938492 0.498257 2
0.967853 1 1
0.94461 0.51113 2
0.950062 0.525288 2
0.918727 0.11113 4
0.910686 0.0245103 6
0.894413 0.00204318 9
0.958442 0.553739 2
0.943008 0.273211 3
0.90278 0.0105007 7
0.941232 0.268159 3
0.929664 0.12522 4
0.936293 0.255837 3
0.952138 0.531496 2
0.947866 0.289026 3
0.89746 0.0045761 8
0.937588 0.258842 3
0.937338 0.25825 3
0.976191 0.657775 2
0.937189 0.2579 3
0.925319 0.11891 4
0.967004 0.594538 2
0.962806 0.572757 2
0.910109 0.0498319 5
0.959069 0.55627 2
0.945567 0.281152 3
0.952967 0.534116 2
0.930683 0.244385 3
0.937473 0.258569 3
0.943112 0.273518 3
0.945883 0.282189 3
0.982838 1 1
0.969236 0.607749 2
0.909609 0.0495559 5
0.875634 0.000135909 12
0.893003 0.00198759 9
0.914104 0.0258888 6
0.970417 0.615253 2
0.90893 0.0116932 7
0.933625 0.132013 4
0.923801 0.0598267 5
0.91885 0.0555797 5
0.977054 0.665065 2
0.927909 0.12254 4
0.927668 0.122187 4
0.894874 0.00206206 9
0.943967 0.27609 3
0.965785 0.587821 2
0.934794 0.134239 4
0.897698 0.00459554 8
0.910234 0.00595135 8
0.944852 0.158759 4
0.981845 0.710771 2
0.910624 0.0120793 7
0.958043 0.334568 3
0.937946 0.140815 4
0.938587 0.142263 4
0.95783 0.333397 3
0.93593 0.136509 4
0.938919 0.143031 4
0.921119 0.0294228 6
0.970694 0.617069 2
0.993617 1 1
0.922531 0.0302753 6
0.885605 7.93335e-05 13
0.903905 0.00123232 10
0.86035 1.99705e-10 28
0.917998 0.0141437 7
0.953189 0.310413 3
0.863706 1.19818e-09 26
0.92493 0.0318556 6
0.910579 0.0030034 9
0.895209 0.000223279 12
0.938818 0.0799851 5
0.931778 0.0688513 5
0.877646 5.8321e-07 19
0.904369 0.00124879 10
0.896427 0.000231848 12
0.977201 0.666341 2
0.981237 0.704444 2
0.933316 0.249462 3
0.877374 0.000311732 11
0.9274 0.238696 3
0.984596 1 1
0.874382 0.000294732 11
0.950925 0.527808 2
0.936239 0.255714 3
0.893267 0.00913387 7
0.964328 0.580226 2
0.957085 0.54847 2
0.903406 0.0221233 6
0.921876 0.114609 4
0.905203 0.0226533 6
0.9704 1 1
0.961601 0.567164 2
0.944286 0.277073 3
0.91928 0.0283898 6
0.96792 0.599816 2
0.955647 0.32202 3
0.916375 0.0269185 6
0.977348 0.667618 2
0.966984 0.594424 2
0.924055 0.060069 5
0.981926 0.711622 2
0.982438 0.717102 2
0.93328 0.131377 4
0.96639 0.591112 2
0.946595 0.284582 3
0.954361 0.315794 3
0.921337 0.029551 6
0.8648 3.20031e-08 22
0.881107 3.22405e-05 14
0.935305 0.135246 4
0.89029 0.00019352 12
0.90403 0.00518852 8
0.89509 0.000980814 10
0.88782 0.000181043 12
0.962428 0.570973 2
0.902256 0.00242113 9
0.900126 0.00230531 9
0.86228 1.28335e-08 23
0.909139 0.0117393 7
0.930769 0.0675289 5
0.925516 0.0615137 5
0.894955 0.00097771 10
0.919584 0.0146871 7
0.918621 0.0143524 7
0.98436 0.738757 2
0.936097 0.0752494 5
0.926342 0.0328704 6
0.951723 0.304039 3
0.944414 0.157453 4
0.948253 0.169826 4
0.95687 0.328263 3
0.956304 0.325334 3
0.915324 0.013314 7
0.961349 0.354131 3
0.961431 0.354653 3
0.954104 0.314592 3
0.9158 0.0134543 7
0.954102 0.314582 3
0.950288 0.29817 3
0.936667 0.138041 4
0.918863 0.0281672 6
0.92553 0.0615284 5
0.956539 0.326538 3
0.971428 0.621974 2
0.897039 0.00102782 10
0.942813 0.152887 4
0.950057 0.29726 3
0.983584 1 1
0.963408 0.575658 2
0.933261 0.131341 4
0.902194 0.00241761 9
0.875112 5.61561e-06 16
0.939527 0.263635 3
0.962095 0.569426 2
0.930501 0.244052 3
0.904221 0.046867 5
0.932406 0.247653 3
0.941704 0.504666 2
0.956011 0.544499 2
0.89527 0.0200984 6
0.928575 0.240657 3
0.935684 0.254473 3
0.976868 1 1
0.957271 0.549178 2
0.932346 0.247534 3
0.890104 0.00877118 7
0.861925 2.01121e-05 14
0.971128 0.61995 2
0.922893 0.058982 5
0.946224 0.283327 3
0.953676 0.536427 2
0.909075 0.0239232 6
0.991824 1 1
0.991766 1 1
0.901609 0.00494305 8
0.977221 0.666509 2
0.984279 1 1
0.956564 0.546525 2
0.961711 0.567664 2
0.931011 0.127409 4
0.932542 0.130045 4
0.907806 0.011452 7
0.886717 3.82108e-05 14
0.891335 9.41263e-05 13
0.953156 0.310261 3
0.914138 0.0129775 7
0.908527 0.00571964 8
0.917636 0.0140252 7
0.908948 0.00577511 8
0.957872 0.333628 3
0.925888 0.0325368 6
0.923205 0.0307019 6
0.880626 6.71906e-06 16
0.926625 0.0330822 6
0.94094 0.147937 4
0.949087 0.29352 3
0.914873 0.0131838 7
0.867508 3.57447e-08 22
0.925473 0.0322379 6
0.939023 0.143273 4
0.869989 8.815e-08 21
0.958658 0.338001 3
0.89357 0.000212548 12
0.894601 0.000219194 12
0.968426 0.602816 2
0.892599 0.000206594 12
0.89483 0.000220714 12
0.882927 1.57187e-05 15
0.926197 0.0327632 6
0.958222 0.335557 3
0.889608 8.92186e-05 13
0.853962 1.21714e-11 0
0.931182 0.245311 3
0.892444 0.00903584 7
0.948202 0.52013 2
0.969641 1 1
0.892865 0.00908562 7
0.958219 0.552851 2
0.943823 0.509312 2
0.914198 0.106761 4
0.972246 1 1
0.965561 0.586624 2
0.909512 0.0495027 5
0.938249 0.260436 3
0.925361 0.235479 3
0.981172 1 1
0.9491 0.522577 2
0.934358 0.0725217 5
0.936304 0.07559 5
0.983261 0.726154 2
0.935682 0.0745787 5
0.935995 0.0750833 5
0.964631 0.581766 2
0.962496 0.3616 3
0.937069 0.138897 4
0.962623 0.362454 3
0.965978 0.588863 2
0.936206 0.0754277 5
0.983236 0.72588 2
0.965911 0.588504 2
0.939437 0.144248 4
0.904076 0.00252944 9
0.863144 2.99749e-08 22
0.916362 0.0269122 6
0.936754 0.138226 4
0.868966 4.19947e-07 19
0.948758 0.292287 3
0.890175 0.00019291 12
0.890021 0.000192093 12
0.973885 0.639549 2
0.890382 0.000413165 11
0.892017 0.000430331 11
0.876302 5.82893e-06 16
0.920917 0.029305 6
0.953203 0.310475 3
0.891257 0.00042219 11
0.856015 3.67863e-10 27
0.892513 0.0042103 8
0.957375 0.549573 2
0.953248 0.535024 2
0.885432 0.00173603 9
0.985605 1 1
0.915559 0.0531891 5
0.919927 0.112409 4
0.950821 0.527503 2
0.911067 0.0503741 5
0.915037 0.0528371 5
0.912886 0.0514576 5
0.952333 0.532104 2
0.976506 1 1
0.895787 0.00945162 7
0.859841 1.61459e-06 17
0.998545 1 1
0.908418 0.0115819 7
0.919895 0.0287258 6
0.946646 0.284756 3
0.888859 0.000398259 11
0.966892 0.593906 2
0.970926 0.6186 2
0.876535 1.2908e-05 15
0.95675 0.327638 3
0.960986 0.564416 2
0.959133 0.556532 2
0.93766 0.140182 4
0.90638 0.00545276 8
0.91421 0.0259347 6
0.898078 0.00220385 9
0.930538 0.126626 4
0.946478 0.284184 3
0.981019 1 1
0.926119 0.119993 4
0.945868 0.282142 3
0.957883 0.551533 2
0.959538 0.558205 2
0.938678 0.261492 3
0.953413 0.535561 2
0.957728 0.550932 2
0.939017 0.262339 3
0.990562 1 1
0.972762 0.631291 2
0.929259 0.124585 4
0.894038 0.00202805 9
0.87408 0.00146335 9
0.879271 0.00349243 8
0.939021 0.499264 2
0.903944 0.0467414 5
0.898324 0.044415 5
0.904396 0.0469468 5
0.895423 0.0201316 6
0.952326 0.532083 2
0.913193 0.105879 4
0.910109 0.103348 4
0.867316 0.000260698 11
0.912753 0.105502 4
0.928785 0.241016 3
0.941325 0.503873 2
0.911357 0.104342 4
0.950493 0.526539 2
0.947849 0.519192 2
0.958183 0.552711 2
0.930939 0.244858 3
0.933404 0.249642 3
0.969476 0.609243 2
0.979144 1 1
0.915631 0.10807 4
0.958201 0.55278 2
0.965093 0.584158 2
0.96204 0.569174 2
0.983871 1 1
0.950635 0.526954 2
0.920978 0.113577 4
0.890451 0.0040766 8
0.909418 0.102814 4
0.948351 0.520531 2
0.978116 1 1
0.907934 0.101705 4
0.961855 1 1
0.936284 0.494244 2
0.937815 0.496994 2
0.956339 0.545696 2
0.933547 0.489664 2
0.936858 0.495258 2
0.922066 0.230728 3
0.970629 1 1
0.995359 1 1
0.918903 0.226623 3
0.882194 0.00800455 7
0.952222 0.531756 2
0.9401 0.265121 3
0.962527 0.571439 2
0.938864 0.261954 3
0.929017 0.241415 3
0.976738 1 1
0.981946 1 1
0.918019 0.1104 4
0.966751 0.593118 2
0.973395 1 1
0.95576 0.543597 2
0.982946 1 1
0.950681 0.52709 2
0.929624 0.242476 3
0.898832 0.0209174 6
0.984276 1 1
0.91973 0.0562737 5
0.932767 0.130446 4
0.94741 0.287403 3
0.901468 0.0102824 7
0.977799 1 1
0.985122 1 1
0.888888 0.000855351 10
0.964834 0.582811 2
0.970726 0.617276 2
0.964768 0.582472 2
0.951406 0.302713 3
0.919641 0.0562024 5
0.92046 0.0568682 5
0.89953 0.00475147 8
70 0 1 2 3 4 5 6 7 8 9 10 11 12 13 14 15 16 17 18 19 20 21 22 23 24 25 26 27 28 29 30 31 32 33 34 35 36 37 38 39 40 41 42 43 44 45 46 47 48 49 50 51 52 53 54 55 56 57 58 59 60 61 62 63 64 65 66 67 68 69 
61 0 1 2 3 4 6 7 8 9 10 11 12 13 14 15 16 17 18 19 20 22 23 24 25 26 27 28 29 31 32 33 34 35 36 38 39 40 42 43 44 45 46 47 48 49 50 51 52 53 56 57 58 59 60 61 62 64 65 66 67 68 
31 3 6 8 10 11 13 16 17 22 26 27 28 29 31 32 39 40 42 43 45 47 48 49 52 53 57 58 61 62 65 67 
65 0 1 2 3 4 5 6 7 8 9 10 11 12 13 16 17 18 20 21 22 23 24 25 26 27 28 29 31 32 33 34 35 36 37 38 39 40 41 42 43 44 45 46 47 48 49 50 51 52 53 54 55 56 57 58 59 60 61 62 64 65 66 67 68 69 
41 3 4 6 8 10 11 12 13 14 16 17 18 20 22 26 27 28 29 31 32 38 39 40 42 43 45 47 48 49 50 51 52 53 57 58 59 60 61 62 65 67 
56 0 1 3 4 6 8 9 10 11 12 13 14 15 16 17 18 20 22 23 24 25 26 27 28 29 31 32 33 35 36 38 39 40 42 43 44 45 46 47 48 49 50 51 52 53 57 58 59 60 61 62 64 65 66 67 68 
63 0 1 2 3 4 5 6 7 8 9 10 11 12 13 14 15 16 17 18 20 22 23 24 25 26 27 28 29 31 32 33 35 36 37 38 39 40 41 42 43 44 45 46 47 48 49 50 51 52 53 55 56 57 58 59 60 61 62 64 65 66 67 68 
12 3 8 11 16 18 22 39 45 49 52 57 65 
53 0 1 3 4 6 8 9 10 11 12 13 14 15 16 17 18 20 22 23 24 25 26 27 28 29 31 32 35 36 38 39 40 42 43 44 45 46 47 48 49 50 51 52 53 57 58 59 60 61 62 64 65 67 
50 1 3 4 6 8 9 10 11 12 13 14 15 16 17 18 20 22 23 24 25 26 27 28 29 31 32 36 38 39 40 42 43 44 45 47 48 49 50 51 52 53 57 58 59 60 61 62 64 65 67 
68 0 1 2 3 4 5 6 7 8 9 10 11 12 13 14 15 16 17 18 19 20 21 22 23 24 25 26 27 28 29 31 32 33 34 35 36 37 38 39 40 41 42 43 44 45 46 47 48 49 50 51 52 53 54 55 56 57 58 59 60 61 62 64 65 66 67 68 69 
45 1 3 4 6 8 9 10 11 13 15 16 17 18 20 22 23 26 27 28 29 31 32 35 38 39 40 42 43 45 46 47 48 49 51 52 53 57 58 59 60 61 62 64 65 67 
30 3 6 8 10 11 13 16 17 18 20 22 26 27 28 29 31 32 39 40 42 43 45 47 49 52 53 57 58 61 65 
26 3 6 8 10 11 13 16 17 22 27 28 29 31 32 39 40 42 43 45 47 49 52 57 58 61 65 
33 3 4 6 8 10 11 13 16 17 18 20 22 26 27 28 29 31 32 39 40 42 43 45 47 48 49 52 53 57 61 62 65 67 
