80 15 6e+06
5.08134 169365
1.30746 144437
3.2743 192124
2.93254 193474
2.22329 175935
2.09285 118106
5.27192 155057
3.36324 115141
2.26338 130215
1.46318 161547
1.01907 182774
1.95784 101866
2.26416 181658
2.25888 113793
4.97031 162562
2.20061 107900
2.63614 119297
5.82997 194315
2.03706 126307
5.43126 162204
2.16425 187906
1.26474 131821
2.18551 192768
4.12752 174425
2.60094 164888
1.15459 187493
3.86981 111179
2.873 137978
1.6411 130716
1.13814 114371
2.94227 106228
2.51092 192394
2.92975 101612
1.57718 174245
1.99674 128521
5.29908 136177
1.78611 147555
4.37813 163044
1.15571 169022
4.39455 103814
2.18738 120450
1.46109 114009
5.57188 193388
1.48156 152838
3.32928 174909
2.36565 113559
4.68011 189502
1.3431 166840
2.61381 195236
1.45241 160160
1.38557 102785
1.41964 195623
1.24191 132540
1.84943 100355
4.49706 173637
1.78921 176155
4.95719 101183
3.37428 196874
3.98542 143591
1.70675 127838
1.0677 114832
2.58014 106780
2.03107 132819
2.18224 190836
1.34659 184932
3.01666 127945
1.28562 194826
2.95396 151487
1.02955 191177
2.16059 101168
5.83402 199359
2.26695 177333
2.82404 121949
2.79873 153135
2.73225 128137
2.17163 177910
1.42755 196815
1.48011 126683
2.27517 154488
1.63172 136893
0.879774 6.52775e-06 16
0.877967 2.81252e-06 17
0.950536 0.299159 3
0.876605 2.68192e-06 17
0.928659 0.0649464 5
0.875729 1.18495e-06 18
0.924832 0.0317874 6
0.93271 0.0701284 5
0.964294 0.580052 2
0.982074 0.713194 2
0.886524 3.79762e-05 14
0.882233 1.53687e-05 15
0.968737 0.604693 2
0.902156 0.00241544 9
0.86437 1.39952e-08 23
0.896132 0.0202879 6
0.88859 0.00861017 7
0.918693 0.111094 4
0.922312 0.231065 3
0.937368 0.496178 2
0.891683 0.00894756 7
0.970221 1 1
0.914434 0.106972 4
0.971384 1 1
0.952799 0.53358 2
0.892356 0.0194928 6
0.875083 0.000664853 10
0.95984 0.559471 2
0.913852 0.106454 4
0.908396 0.0489064 5
0.86421 9.32299e-06 15
0.857947 6.70928e-07 18
0.903847 0.0222503 6
0.888409 0.00182649 9
0.908196 0.0488018 5
0.85989 1.61674e-06 17
0.933842 0.250537 3
0.893514 0.0042789 8
0.965287 0.585177 2
0.948537 0.521035 2
0.862869 3.97731e-06 16
0.849461 1.83716e-08 22
0.970561 0.616193 2
0.882958 0.000761698 10
0.875033 0.000134208 12
0.943343 0.274204 3
0.93855 0.14218 4
0.952421 0.307023 3
0.932079 0.12923 4
0.993664 1 1
0.93874 0.142616 4
0.963543 0.576316 2
0.960947 0.564243 2
0.942928 0.272976 3
0.944672 0.278281 3
0.944667 0.278264 3
0.927667 0.0638123 5
0.929207 0.0655936 5
0.966063 0.589327 2
0.921559 0.0577968 5
0.919835 0.112309 4
0.927333 0.238587 3
0.957375 0.549573 2
0.87437 0.000657274 10
0.93598 0.255132 3
0.918177 0.110562 4
0.897444 0.020587 6
0.96723 1 1
0.897242 0.0205401 6
0.911674 0.104601 4
0.938894 0.49902 2
0.955858 0.543948 2
0.889959 0.00875548 7
0.934928 0.252824 3
0.868159 0.000117133 12
0.982987 1 1
0.974892 1 1
0.925574 0.235805 3
0.94038 0.265859 3
0.962933 0.573361 2
0.978105 1 1
0.937411 0.258423 3
0.943183 0.507872 2
0.905424 0.0474257 5
0.906633 0.0480102 5
0.974636 1 1
0.946463 0.515624 2
0.89189 0.00897141 7
0.989183 1 1
0.936602 0.256541 3
0.947349 0.287189 3
0.953145 0.310213 3
0.956151 0.324552 3
0.900969 0.00234982 9
0.959455 0.342581 3
0.945033 0.279426 3
0.91884 0.0281547 6
0.976744 0.662421 2
0.907618 0.00560337 8
0.917701 0.027567 6
0.965078 0.584081 2
0.967963 0.600067 2
0.897248 0.00103311 10
0.964091 0.57903 2
0.895083 0.000980661 10
0.913878 0.00651327 8
0.910394 0.00597401 8
0.961558 0.355466 3
0.910608 0.00600462 8
0.965021 0.379413 3
0.909497 0.00291367 9
0.957362 0.330869 3
0.954804 0.317903 3
0.968992 0.606248 2
0.975472 0.651903 2
0.917874 0.0141029 7
0.907255 0.00274247 9
0.957176 0.329879 3
0.936631 0.0761321 5
0.898457 0.000512339 11
0.940776 0.266919 3
0.928347 0.24027 3
0.881754 0.00163658 9
0.983023 1 1
0.923686 0.1168 4
0.938876 0.261986 3
0.933244 0.249318 3
0.894375 0.00927024 7
0.889185 0.0039992 8
0.88129 0.00162488 9
0.921549 0.11423 4
0.893847 0.00920465 7
0.875468 0.000300699 11
0.933831 0.250514 3
0.992999 1 1
0.993081 1 1
0.979968 1 1
0.910279 0.10348 4
0.940645 0.502473 2
0.946408 0.515485 2
0.99037 1 1
0.925476 0.235654 3
0.92835 0.240275 3
0.890871 0.019204 6
0.891228 0.0192723 6
0.971781 1 1
0.942936 0.507325 2
0.87735 0.00153225 9
0.973012 1 1
0.940786 0.502761 2
0.987707 1 1
0.984097 1 1
0.92451 0.234201 3
0.932121 0.487435 2
0.957409 0.549702 2
0.983723 1 1
0.928585 0.240674 3
0.943398 0.508352 2
0.898839 0.0446118 5
0.901443 0.0456562 5
0.984097 1 1
0.954907 0.540591 2
0.885704 0.00832301 7
0.986462 1 1
0.929545 0.242337 3
0.942552 0.27188 3
0.930023 0.125791 4
0.890475 0.00189541 9
0.990918 1 1
0.932786 0.130481 4
0.939857 0.264487 3
0.944422 0.277496 3
0.902232 0.0104082 7
0.899833 0.0100251 7
0.89166 0.00193746 9
0.924707 0.118103 4
0.897085 0.00454583 8
0.885955 0.000806351 10
0.939712 0.26411 3
0.985978 1 1
0.96097 0.564345 2
0.964853 0.582909 2
0.948139 0.290012 3
0.914033 0.0521794 5
0.966727 0.592981 2
0.958117 0.552449 2
0.927177 0.121477 4
0.968625 0.604011 2
0.90909 0.0239287 6
0.916316 0.0537115 5
0.976087 1 1
0.96565 0.587098 2
0.897368 0.00456863 8
0.978758 1 1
0.908566 0.0237455 6
0.902215 0.0104053 7
0.908312 0.0236579 6
0.963526 0.576232 2
0.863489 3.4893e-07 19
0.928005 0.122682 4
0.900073 0.00479992 8
0.893208 0.00199544 9
0.961148 0.565134 2
0.90218 0.0103994 7
0.919142 0.055807 5
0.919755 0.0562934 5
0.934237 0.133165 4
0.897424 0.0045732 8
0.919812 0.0563394 5
0.855926 2.29147e-08 22
0.969411 0.608841 2
0.956728 0.547131 2
0.897773 0.00972258 7
0.961112 0.564973 2
0.938532 0.261131 3
0.967673 0.598373 2
0.931378 0.245679 3
0.913483 0.0518294 5
0.890828 0.00410031 8
0.887342 0.00179295 9
0.948973 0.522226 2
0.920575 0.113124 4
0.876879 0.000139561 12
0.957363 0.549528 2
0.963481 0.576014 2
0.914998 0.0528111 5
0.919304 0.0559349 5
0.981126 1 1
0.880265 0.000150439 12
0.946601 0.284601 3
0.91223 0.0251094 6
0.911585 0.0248544 6
0.979793 1 1
0.918266 0.0551323 5
0.934159 0.133017 4
0.930704 0.126899 4
0.938482 0.261008 3
0.911855 0.0249602 6
0.935014 0.134671 4
0.87199 1.13643e-05 15
0.966653 0.59257 2
0.977915 0.672609 2
0.902067 0.00117076 10
0.90432 0.00254467 9
0.924015 0.0312326 6
0.970404 0.615165 2
0.893792 0.000213946 12
0.92183 0.0298455 6
0.866876 1.55825e-08 23
0.871634 2.08738e-07 20
0.972558 0.629831 2
0.964119 0.372821 3
0.854764 1.27041e-11 0
0.950985 0.300975 3
0.906035 0.00265682 9
0.866017 1.91818e-06 17
0.870817 1.10133e-05 15
0.941618 0.269228 3
0.835929 5.10185e-12 0
0.899094 0.00471331 8
0.86356 7.90369e-07 18
0.872538 2.56539e-05 14
0.927846 0.122448 4
0.895288 0.00440699 8
0.914299 0.052351 5
0.881763 0.000340248 11
0.894701 0.00436363 8
0.896156 0.00447283 8
0.884871 0.000789604 10
0.827018 3.47957e-12 0
0.871998 1.13666e-05 15
0.869044 4.69509e-06 16
0.936083 0.136823 4
0.875955 2.79889e-05 14
0.920823 0.05717 5
0.867833 2.02375e-06 17
0.92526 0.118831 4
0.919791 0.0563226 5
0.970199 0.613843 2
0.978116 0.674414 2
0.876791 2.86143e-05 14
0.870302 4.86573e-06 16
0.980975 1 1
0.893818 0.00201933 9
0.863218 3.45876e-07 19
0.969629 0.610208 2
0.958194 0.552752 2
0.918426 0.0279379 6
0.958371 0.553454 2
0.961096 0.564902 2
0.965255 0.585005 2
0.949785 0.296196 3
0.933045 0.130949 4
0.911289 0.0122387 7
0.908751 0.0116541 7
0.95597 0.323636 3
0.928299 0.12312 4
0.897115 0.00215919 9
0.973907 0.639715 2
0.952778 0.308584 3
0.878903 0.0015674 9
0.871407 0.000627477 10
0.905587 0.0475031 5
0.908734 0.102296 4
0.919651 0.227557 3
0.87455 0.00147285 9
0.952162 0.531572 2
0.899093 0.0447103 5
0.965453 1 1
0.945389 0.512983 2
0.875131 0.00148478 9
0.858656 1.87843e-05 14
0.960762 0.563431 2
0.896185 0.0202997 6
0.895118 0.0200654 6
0.885454 0.00829932 7
0.887199 0.00846866 7
0.969629 1 1
0.865361 0.000252507 11
0.928227 0.240068 3
0.882075 0.00362039 8
0.907151 0.10114 4
0.949223 0.522919 2
0.933181 0.24919 3
0.952967 0.534116 2
0.897592 0.0441396 5
0.901502 0.0456809 5
0.933115 0.249057 3
0.907278 0.10123 4
0.854909 7.54799e-06 15
0.95218 0.531626 2
0.950385 0.526222 2
0.956514 0.546337 2
0.924174 0.233706 3
0.988873 1 1
0.947965 0.5195 2
0.947251 0.51763 2
0.971794 1 1
0.92936 0.242012 3
0.93474 0.491611 2
0.958575 0.554267 2
0.943939 0.509578 2
0.91677 0.109157 4
0.976468 1 1
0.915794 0.108223 4
0.926527 0.0330088 6
0.914786 0.0131591 7
0.894546 0.000218825 12
0.981641 0.708624 2
0.934708 0.0730535 5
0.922974 0.0305545 6
0.961034 0.352149 3
0.902414 0.00118198 10
0.916403 0.0136363 7
0.904996 0.00258781 9
0.912197 0.00624185 8
0.886281 3.76851e-05 14
0.902899 0.00245839 9
0.931266 0.0681732 5
0.967113 0.595156 2
0.956974 0.548054 2
0.963363 0.575437 2
0.947074 0.286229 3
0.906551 0.0230745 6
0.959002 0.555993 2
0.954892 0.540539 2
0.919266 0.0559044 5
0.967805 0.599139 2
0.90327 0.0105852 7
0.911692 0.0507383 5
0.975444 1 1
0.97316 0.634175 2
0.892133 0.0019548 9
0.971142 0.620044 2
0.901632 0.010309 7
0.894025 0.00922657 7
0.893367 0.00914599 7
0.970278 0.61435 2
0.882764 0.00166268 9
0.942122 0.270647 3
0.890119 0.00405596 8
0.928136 0.239914 3
0.951541 0.529659 2
0.956447 0.546092 2
0.976468 1 1
0.90268 0.0219188 6
0.900077 0.021227 6
0.954395 0.538835 2
0.916825 0.109211 4
0.871284 0.00012439 12
0.960566 0.562578 2
0.948495 0.291313 3
0.911263 0.02473 6
0.969385 0.608677 2
0.954499 0.316445 3
0.956689 0.546989 2
0.95319 0.310416 3
0.924415 0.060417 5
0.911243 0.0247222 6
0.906454 0.0111767 7
0.945345 0.280429 3
0.91776 0.0275972 6
0.89695 0.00215173 9
0.962917 0.573288 2
0.962673 0.572129 2
0.957493 0.550023 2
0.949001 0.293198 3
0.932754 0.130423 4
0.95061 0.299458 3
0.977117 0.66561 2
0.952728 0.308365 3
0.963044 0.573895 2
0.944937 0.279119 3
0.927839 0.0640049 5
0.925836 0.0618423 5
0.951077 0.301355 3
0.927166 0.0632575 5
0.91352 0.0256394 6
0.973926 0.63986 2
0.941266 0.268254 3
0.944788 0.511548 2
0.939351 0.499901 2
0.949058 0.522459 2
0.935383 0.492691 2
0.991633 1 1
0.940129 0.501434 2
0.965614 1 1
0.9579 0.551601 2
0.941929 0.505144 2
0.942614 0.50662 2
0.944871 0.511745 2
0.926673 0.237524 3
0.927963 0.239626 3
0.966874 1 1
0.924794 0.234624 3
0.943629 0.508873 2
0.956345 0.545718 2
0.909958 0.10323 4
0.882158 0.0036243 8
0.918104 0.225648 3
0.945612 0.513523 2
0.882091 0.00362112 8
0.928583 0.240671 3
0.863647 0.000107869 12
0.872185 0.000635047 10
0.960677 0.563061 2
0.981713 1 1
0.853105 7.26297e-06 15
0.938955 0.499136 2
0.88172 0.00360359 8
0.883898 7.56629e-05 13
0.880994 3.21367e-05 14
0.947089 0.286281 3
0.885475 7.90442e-05 13
0.933397 0.131592 4
0.879693 1.41873e-05 15
0.934868 0.134383 4
0.931691 0.0687352 5
0.976534 0.660647 2
0.991416 1 1
0.888841 0.000186026 12
0.881827 3.29192e-05 14
0.979398 0.686268 2
0.90607 0.00541621 8
0.872841 1.06865e-06 18
0.989212 1 1
0.983561 0.729532 2
0.922991 0.0160051 7
0.934034 0.0720371 5
0.956818 0.327993 3
0.984852 0.744582 2
0.929203 0.0351461 6
0.941676 0.149836 4
0.898601 0.000514482 11
0.900798 0.000549206 11
0.98216 0.714111 2
0.952866 0.308972 3
0.885368 7.95672e-06 16
0.985636 0.754143 2
0.931628 0.0686513 5
0.893572 0.0427256 5
0.889421 0.0189335 6
0.945413 0.513041 2
0.899631 0.0449208 5
0.943079 0.50764 2
0.889203 0.0188938 6
0.950075 0.525328 2
0.934036 0.490452 2
0.989439 1 1
0.988969 1 1
0.896368 0.0436923 5
0.886051 0.0083563 7
0.980336 1 1
0.915318 0.222432 3
0.886644 0.0184444 6
0.901552 0.0457016 5
0.900274 0.0451771 5
0.972155 1 1
0.891423 0.0193099 6
0.950766 0.527338 2
0.897515 0.0441113 5
0.936831 0.49521 2
0.956161 0.545046 2
0.961062 0.564754 2
0.979287 1 1
0.909253 0.102688 4
0.904573 0.047028 5
0.955916 0.544159 2
0.924561 0.234276 3
0.879842 0.00351767 8
0.897689 0.0206443 6
0.88894 0.00398465 8
0.908315 0.0488641 5
0.932401 0.247642 3
0.933101 0.24903 3
0.893349 0.00914384 7
0.972544 1 1
0.906611 0.0479992 5
0.956413 0.545965 2
0.938564 0.26121 3
0.891269 0.00890051 7
0.871631 0.000125246 12
0.945302 0.512772 2
0.912955 0.105675 4
0.918431 0.110823 4
0.951648 0.303723 3
0.963864 0.5779 2
0.89978 0.00228753 9
0.88965 0.00019015 12
0.915276 0.0133 7
0.954882 0.318278 3
0.882497 3.35716e-05 14
0.919129 0.0283086 6
0.859153 2.1942e-09 25
0.865647 7.42725e-08 21
0.962853 0.57298 2
0.969066 0.606699 2
0.847775 8.86624e-12 0
0.940027 0.145668 4
0.890999 0.000197379 12
0.944995 0.279304 3
0.948647 0.291874 3
0.963806 0.577609 2
0.904664 0.00525709 8
0.96748 0.597255 2
0.942011 0.270331 3
0.926624 0.0626715 5
0.98491 1 1
0.916903 0.0271725 6
0.92696 0.0630328 5
0.960005 0.560169 2
0.958333 0.553303 2
0.906409 0.00545619 8
0.965209 0.584764 2
0.897664 0.00218444 9
0.912658 0.105422 4
0.920424 0.228545 3
0.953862 0.537043 2
0.867316 0.000260698 11
0.928932 0.241268 3
0.911136 0.104163 4
0.891083 0.0192446 6
0.960788 0.563543 2
0.893005 0.0196232 6
0.908179 0.101884 4
0.931813 0.246505 3
0.950499 0.526554 2
0.886495 0.00839933 7
0.927332 0.238586 3
0.861103 4.51333e-05 13
0.913494 0.0518363 5
0.909359 0.0494195 5
0.95656 0.546511 2
0.91363 0.0519221 5
0.964222 0.579691 2
0.909049 0.0492525 5
0.961671 0.567485 2
0.950674 0.527067 2
0.972063 1 1
0.974858 1 1
0.916332 0.108734 4
0.904454 0.0224283 6
0.959083 0.556326 2
0.935835 0.254808 3
0.901176 0.0215117 6
0.968322 0.602192 2
0.981061 0.70264 2
0.919343 0.0284237 6
0.90569 0.00263353 9
0.938031 0.141004 4
0.969605 0.610057 2
0.903723 0.0025077 9
0.939458 0.144298 4
0.880457 6.68037e-06 16
0.886653 3.81332e-05 14
0.985963 0.75822 2
0.979062 0.683099 2
0.868673 8.35878e-08 21
0.962702 0.362981 3
0.904749 0.00257188 9
0.906241 0.00543632 8
0.906394 0.00545433 8
0.985056 0.747037 2
0.888803 8.70701e-05 13
0.952778 0.308584 3
0.902453 0.00243241 9
0.930599 0.0673114 5
0.966614 0.592355 2
0.948686 0.292019 3
0.966232 0.590245 2
0.916193 0.0135725 7
0.914356 0.013038 7
0.943182 0.153911 4
0.929176 0.0655573 5
0.878055 6.16654e-06 16
0.947177 0.517439 2
0.946687 0.516187 2
0.962933 0.573361 2
0.917839 0.110218 4
0.98491 1 1
0.9432 0.50791 2
0.943417 0.508395 2
0.978631 1 1
0.930126 0.243372 3
0.937346 0.258269 3
0.955902 0.544108 2
0.944931 0.511886 2
0.918219 0.110605 4
0.971049 1 1
0.90937 0.0494256 5
0.958547 0.554158 2
0.970786 0.617673 2
0.902763 0.0104979 7
0.896091 0.00446784 8
0.920604 0.0569871 5
0.9618 0.568071 2
0.888383 0.000846496 10
0.922392 0.0585288 5
0.863909 7.98794e-07 18
0.869844 1.07351e-05 15
0.96894 0.605928 2
0.969752 0.610984 2
0.852249 3.79303e-09 24
0.946144 0.283057 3
0.897336 0.00456606 8
0.985474 1 1
0.972482 0.629295 2
0.906973 0.0232107 6
0.947495 0.287704 3
0.945172 0.279872 3
0.983246 1 1
0.928431 0.123318 4
0.924279 0.117551 4
0.891703 0.00415657 8
0.89081 0.00190709 9
0.96458 0.581506 2
0.935804 0.254739 3
0.877975 0.000142926 12
0.969353 0.608479 2
0.948033 0.289629 3
0.895859 0.00445008 8
0.887272 0.000827645 10
0.908553 0.0237411 6
0.929808 0.125448 4
0.932135 0.129329 4
0.891509 0.00193202 9
0.97082 0.617899 2
0.906285 0.0229898 6
0.958207 0.552803 2
0.939966 0.264771 3
0.889798 0.00187224 9
0.870539 1.09327e-05 15
0.947465 0.2876 3
0.911449 0.0248016 6
0.915871 0.0534028 5
0.937253 0.139294 4
0.943289 0.154212 4
0.962072 0.358799 3
0.892773 0.000207641 12
0.954277 0.315399 3
0.935015 0.0735262 5
0.914153 0.0129816 7
0.98053 0.697285 2
0.907871 0.00563527 8
0.919815 0.0286816 6
0.955158 0.319612 3
0.96319 0.366303 3
0.898574 0.00106792 10
0.954355 0.315765 3
0.8864 3.78276e-05 14
0.875688 0.000671418 10
0.876713 0.000682845 10
0.958096 0.552367 2
0.860083 8.4643e-06 15
0.92017 0.112675 4
0.872177 0.000283273 11
0.904068 0.0467975 5
0.937581 0.258825 3
0.935788 0.254704 3
0.955357 0.542162 2
0.886738 0.00385883 8
0.889456 0.00870139 7
0.9386 0.261298 3
0.897643 0.0206334 6
0.849113 2.27671e-07 19
0.905563 0.0227636 6
0.898555 0.00983465 7
0.929695 0.125268 4
0.925204 0.118757 4
0.949138 0.52268 2
0.901041 0.0102135 7
0.976864 1 1
0.926173 0.120066 4
0.974482 0.644103 2
0.959523 0.558141 2
0.902916 0.0105241 7
0.88615 0.000809426 10
0.960016 0.560216 2
0.924455 0.117776 4
0.911416 0.0505766 5
0.890465 0.000414005 11
0.896222 0.00100761 10
0.958435 0.553709 2
0.854325 7.80706e-10 26
0.918829 0.0281492 6
0.888242 0.000183076 12
0.886483 0.000174862 12
0.950953 0.300846 3
0.900184 0.00230833 9
0.91821 0.0278265 6
0.907515 0.0113914 7
0.921876 0.0580722 5
0.897169 0.00216165 9
0.908471 0.0115933 7
0.846321 8.25616e-12 0
0.952337 0.306661 3
0.946507 0.163934 4
0.945031 0.159301 4
0.938755 0.0798685 5
0.989985 1 1
0.947629 0.167667 4
0.961676 0.356227 3
0.956594 0.326824 3
0.934533 0.0727866 5
0.935193 0.0738049 5
0.951438 0.181846 4
0.931353 0.0682874 5
0.920604 0.0150592 7
0.974099 0.64117 2
0.929092 0.0350519 6
0.956001 0.323793 3
0.955108 0.319369 3
0.95435 0.315744 3
0.922984 0.0590654 5
0.9836 1 1
0.951959 0.30504 3
0.942775 0.272525 3
0.971602 0.623161 2
0.924143 0.0601537 5
0.929852 0.125518 4
0.963774 0.577454 2
0.949101 0.293575 3
0.911704 0.0123406 7
0.980069 0.692733 2
0.915378 0.0264542 6
0.966603 0.592292 2
0.967774 0.59896 2
0.944564 0.27794 3
0.922161 0.0583234 5
0.971275 0.620943 2
0.963081 0.574074 2
0.933413 0.131622 4
0.964028 0.578716 2
0.911669 0.0248874 6
0.917172 0.0273039 6
0.977127 0.665697 2
0.959503 0.558058 2
0.899268 0.0047284 8
0.987268 1 1
0.916569 0.0270112 6
0.995929 1 1
0.986806 0.769008 2
0.916875 0.0137828 7
0.934128 0.0721761 5
0.950545 0.299195 3
0.991485 1 1
0.924857 0.0318051 6
0.935624 0.0744856 5
0.893067 0.000209427 12
0.894865 0.000220952 12
0.980689 0.698878 2
0.951335 0.302415 3
0.879808 3.00464e-06 17
0.97899 0.682425 2
0.933096 0.0706727 5
0.893501 0.00200685 9
0.888387 0.000846567 10
0.9377 0.259108 3
0.904978 0.010893 7
0.941706 0.269474 3
0.889067 0.000858533 10
0.955983 0.544398 2
0.928271 0.123078 4
0.996078 1 1
0.979053 1 1
0.894531 0.00435123 8
0.882219 0.000343497 11
0.980527 1 1
0.914437 0.0524405 5
0.891651 0.00193715 9
0.933879 0.132488 4
0.945768 0.281809 3
0.921125 0.0294264 6
0.875242 2.56017e-06 17
0.920541 0.029089 6
0.934697 0.134051 4
0.882334 3.34109e-05 14
0.938133 0.141233 4
0.869428 4.26871e-07 19
0.880048 1.43439e-05 15
0.953753 0.312967 3
0.983246 0.725984 2
0.85992 5.14463e-09 24
0.935893 0.136433 4
0.873059 2.38175e-06 17
0.912623 0.105392 4
0.903813 0.0466821 5
0.917902 0.110282 4
0.942679 0.506761 2
0.947487 0.518241 2
0.90819 0.0487992 5
0.988743 1 1
0.918695 0.111097 4
0.955146 0.541422 2
0.940896 0.502987 2
0.906117 0.0477576 5
0.885684 0.00380181 8
0.941448 0.504129 2
0.928156 0.239948 3
0.928475 0.240487 3
0.947394 0.166868 4
0.938859 0.142891 4
0.932693 0.0701041 5
0.951708 0.303974 3
0.975687 0.653644 2
0.942699 0.152574 4
0.973436 0.636198 2
0.94198 0.150637 4
0.936166 0.075363 5
0.932203 0.0694271 5
0.941209 0.148623 4
0.918503 0.0143125 7
0.921557 0.0296815 6
0.964023 0.578693 2
0.940422 0.146639 4
0.885738 7.96316e-05 13
0.891503 0.000200205 12
0.954569 0.31678 3
0.850082 9.95178e-12 0
0.914354 0.0130373 7
0.883535 3.46247e-05 14
0.882734 3.38078e-05 14
0.946117 0.282969 3
0.897816 0.00104776 10
0.916088 0.0135405 7
0.902736 0.00244883 9
0.917399 0.027416 6
0.895428 0.000988666 10
0.903675 0.00250482 9
0.842013 6.72514e-12 0
0.889939 0.00404487 8
0.895814 0.00945514 7
0.957167 0.548781 2
0.853435 2.5695e-07 19
0.917824 0.110203 4
0.887759 0.00391604 8
0.885354 0.00173378 9
0.950013 0.525148 2
0.898913 0.00988707 7
0.916913 0.109298 4
0.907101 0.0482427 5
0.92183 0.114556 4
0.895908 0.00946762 7
0.90777 0.0485818 5
0.845502 2.96407e-09 24
0.969356 0.608495 2
0.971374 0.621607 2
0.941477 0.268834 3
0.921648 0.0578742 5
0.967647 0.598222 2
0.966083 0.589436 2
0.930612 0.126748 4
0.961212 0.565419 2
0.908143 0.0115231 7
0.913569 0.02566 6
0.980982 0.701837 2
0.96208 0.569355 2
0.895751 0.00209896 9
0.98736 1 1
0.916663 0.0270562 6
0.985142 1 1
0.976746 0.662435 2
0.899735 0.00476957 8
0.936796 0.138313 4
0.93471 0.134076 4
0.987604 1 1
0.915488 0.0265045 6
0.918031 0.0549557 5
0.880119 6.84854e-05 13
0.880221 6.86633e-05 13
0.965535 0.586489 2
0.938957 0.262189 3
0.866696 8.71053e-07 18
0.961393 0.566228 2
0.939699 0.264078 3
0.866408 7.64746e-08 21
0.861755 5.55945e-09 24
0.918881 0.0281764 6
0.880585 1.45857e-05 15
0.913705 0.0128589 7
0.862119 1.27495e-08 23
0.929378 0.0657996 5
0.90543 0.00534252 8
0.973407 0.635984 2
0.964948 0.583404 2
0.868159 1.82756e-07 20
0.858145 9.2351e-10 26
0.987753 1 1
0.886977 8.25059e-05 13
0.867367 7.93811e-08 21
0.894005 0.00045301 11
0.894394 0.000457708 11
0.975604 0.652971 2
0.878157 2.83152e-06 17
0.940095 0.145833 4
0.8903 0.000193573 12
0.921591 0.0297016 6
0.955148 0.319564 3
0.947174 0.286578 3
0.96693 0.594122 2
0.904255 0.00254062 9
0.90415 0.00253402 9
0.945236 0.159927 4
0.916597 0.0136962 7
0.867184 3.52668e-08 22
0.918782 0.0281241 6
0.920858 0.0292708 6
0.993347 1 1
0.890905 0.000196864 12
0.958388 0.336479 3
0.915394 0.0133346 7
0.925705 0.061708 5
0.985091 0.747464 2
0.932796 0.0702482 5
0.947909 0.289179 3
0.931589 0.0685995 5
0.932796 0.0702482 5
0.925382 0.0321733 6
0.940944 0.147949 4
0.881607 1.50639e-05 15
0.986225 1 1
0.973141 0.634034 2
0.908185 0.0115321 7
0.947156 0.286513 3
0.946348 0.283742 3
0.98366 1 1
0.929095 0.0654605 5
0.925519 0.0615174 5
0.892609 0.000436864 11
0.891842 0.000428432 11
0.965542 0.586524 2
0.936674 0.138056 4
0.878887 1.38422e-05 15
0.970655 0.616808 2
0.947365 0.287248 3
0.871918 0.000281984 11
0.87503 0.000298266 11
0.953629 0.536271 2
0.847987 4.07274e-08 21
0.910772 0.0502049 5
0.868934 0.000118864 12
0.888082 0.00393452 8
0.935685 0.254476 3
0.914567 0.107092 4
0.933982 0.250827 3
0.88574 0.00380481 8
0.893974 0.00922025 7
0.916169 0.108578 4
0.892539 0.00904701 7
0.8381 1.74439e-10 27
0.935486 0.254038 3
0.923886 0.233287 3
0.902993 0.0463185 5
0.980151 1 1
0.944277 0.510354 2
0.931695 0.24628 3
0.965771 1 1
0.911723 0.104641 4
0.920072 0.228092 3
0.910313 0.103507 4
0.921762 0.230315 3
0.895801 0.0202145 6
0.906054 0.0477274 5
0.94135 0.503925 2
0.965731 1 1
0.95691 0.547814 2
0.96936 0.608522 2
0.903774 0.022229 6
0.894406 0.00434225 8
0.920497 0.113036 4
0.95998 0.560061 2
0.887701 0.00180409 9
0.923348 0.11638 4
0.863951 4.09032e-06 16
0.870214 5.43009e-05 13
0.968501 0.603262 2
0.97177 0.624318 2
0.852415 4.67971e-08 21
0.945559 0.281126 3
0.895423 0.00940403 7
0.960872 0.563912 2
0.973643 0.637733 2
0.9181 0.0550073 5
0.898657 0.00467568 8
0.933048 0.130954 4
0.962358 0.570645 2
0.8978 0.00460395 8
0.937965 0.259746 3
0.87634 6.23968e-05 13
0.883414 0.000352289 11
0.978773 1 1
0.98452 1 1
0.864959 1.86044e-06 17
0.956178 0.545107 2
0.897765 0.004601 8
0.893372 0.00426902 8
0.88471 0.00171551 9
0.905905 0.0228701 6
0.928548 0.123494 4
0.9292 0.124494 4
0.889049 0.00184727 9
0.967976 0.60014 2
0.903468 0.0221412 6
0.956571 0.546549 2
0.937998 0.259825 3
0.887127 0.00178633 9
0.867821 2.29187e-05 14
0.946478 0.515662 2
0.908713 0.0490737 5
0.914697 0.0526112 5
0.893105 0.000936973 10
0.88583 0.000371402 11
0.918916 0.0556313 5
0.918251 0.0551211 5
0.935307 0.135251 4
0.88866 0.000396385 11
0.966362 0.590962 2
0.913684 0.025709 6
0.974364 0.643194 2
0.955043 0.541064 2
0.889876 0.000873206 10
0.873264 1.1766e-05 15
0.963624 0.576714 2
0.911201 0.0247058 6
0.904396 0.0107858 7
0.940541 0.26629 3
0.945564 0.281143 3
0.963935 0.578252 2
0.897922 0.00461403 8
0.960209 0.561037 2
0.937966 0.14086 4
0.919796 0.0563267 5
0.984175 1 1
0.912322 0.0251461 6
0.923569 0.0596081 5
0.957312 0.549332 2
0.961065 0.564764 2
0.90254 0.00503446 8
0.959073 0.556283 2
0.891236 0.000899 10
0.931604 0.068619 5
0.941332 0.148939 4
0.94108 0.148293 4
0.878606 2.87707e-06 17
0.933075 0.0706436 5
0.930941 0.0677506 5
0.893563 0.0002125 12
0.956801 0.3279 3
0.885704 3.70062e-05 14
0.897853 0.000503515 11
0.952181 0.305988 3
0.97564 0.653259 2
0.876897 2.70915e-06 17
0.941257 0.148747 4
0.874272 5.10455e-07 19
0.930729 0.0674777 5
0.94307 0.153599 4
0.893257 0.000444232 11
0.869835 4.33101e-07 19
0.900863 0.00234416 9
0.933569 0.13191 4
0.866193 7.58431e-08 21
0.911174 0.0122109 7
0.847163 8.60295e-12 0
0.855585 1.57876e-10 28
0.944681 0.278307 3
0.963126 0.574289 2
0.836815 5.30673e-12 0
0.92254 0.0302813 6
0.870803 4.48469e-07 19
0.889092 0.00866274 7
0.882908 0.00366045 8
0.92553 0.235737 3
0.9081 0.101826 4
0.934666 0.252265 3
0.884648 0.00822389 7
0.958039 0.552142 2
0.917543 0.10992 4
0.986676 1 1
0.966237 1 1
0.888053 0.00855482 7
0.873804 0.000651367 10
0.97661 1 1
0.908688 0.102262 4
0.894458 0.0199242 6
0.894816 0.00205966 9
0.886474 0.000376829 11
0.91018 0.0243221 6
0.927166 0.121461 4
0.932352 0.129709 4
0.890443 0.000883778 10
0.969883 0.611816 2
0.907287 0.0113445 7
0.961228 0.565491 2
0.942691 0.272282 3
0.889301 0.000862723 10
0.870552 4.90074e-06 16
0.950658 0.299652 3
0.910921 0.0245991 6
0.913236 0.0255204 6
0.931589 0.246078 3
0.943013 0.507495 2
0.925801 0.236154 3
0.8743 0.000656536 10
0.922436 0.231236 3
0.932015 0.246893 3
0.883752 0.00370215 8
0.94218 0.50568 2
0.872628 0.000639431 10
0.883856 0.00370735 8
0.951919 0.530818 2
0.981126 1 1
0.86344 4.7227e-05 13
0.935754 0.254629 3
0.871517 0.000280003 11
0.979204 1 1
0.966234 0.590257 2
0.909299 0.0240028 6
0.954361 0.538719 2
0.949536 0.295232 3
0.975943 1 1
0.93592 0.254998 3
0.925635 0.119334 4
0.897855 0.00460846 8
0.896011 0.00446166 8
0.960217 0.561071 2
0.931355 0.127986 4
0.88393 0.000775635 10
0.9703 0.614495 2
0.95331 0.535226 2
0.902126 0.0459439 5
0.905363 0.0473967 5
0.983637 1 1
0.873472 0.000647963 10
0.939526 0.500243 2
0.89908 0.0447054 5
0.909775 0.103088 4
0.96806 1 1
0.924692 0.234472 3
0.942697 0.5068 2
0.916387 0.108787 4
0.922785 0.23172 3
0.920591 0.228762 3
0.923151 0.232236 3
0.864203 0.000108942 12
0.906005 0.0229014 6
0.902945 0.0219929 6
0.961558 0.566971 2
0.903112 0.0220399 6
0.95674 0.547177 2
0.9017 0.0216511 6
0.950897 0.527728 2
0.951 0.528033 2
0.972898 1 1
0.983922 1 1
0.910745 0.0501896 5
0.901764 0.0216681 6
0.963337 0.575309 2
0.928733 0.240926 3
0.890859 0.00410228 8
68 0 1 2 3 4 5 6 7 10 12 13 15 16 17 18 20 21 22 24 25 27 28 29 30 31 32 33 34 35 36 37 38 39 40 41 42 44 45 46 47 48 49 50 51 52 53 54 55 56 57 58 59 61 62 63 65 67 68 69 70 71 72 73 74 75 76 78 79 
69 0 1 2 3 4 5 6 7 10 11 12 13 15 17 18 19 20 21 22 23 24 25 26 27 28 29 30 31 32 33 34 36 37 38 39 40 41 44 45 46 47 48 49 50 51 52 53 54 55 56 57 58 59 61 62 63 65 66 68 69 70 71 72 74 75 76 77 78 79 
23 0 2 17 18 20 21 25 30 32 33 40 46 48 53 57 58 61 62 65 70 74 78 79 
68 0 1 2 3 4 5 6 7 9 10 12 13 15 18 19 20 21 22 23 24 25 26 27 28 29 30 31 32 33 34 36 37 38 39 40 41 44 45 46 47 48 49 50 51 52 53 54 55 56 58 59 61 62 63 65 66 68 69 70 71 72 73 74 75 76 77 78 79 
43 0 1 2 3 4 6 7 13 15 17 18 20 21 25 30 32 33 34 36 37 38 40 41 44 45 46 47 48 53 57 58 61 62 63 65 69 70 71 72 74 75 78 79 
64 0 1 2 3 4 5 6 7 10 12 13 15 16 17 18 20 21 22 24 25 27 28 29 30 31 32 33 35 36 37 38 39 40 41 42 45 46 47 48 49 50 51 52 53 54 56 57 58 59 61 62 63 65 67 68 70 71 72 73 74 75 76 78 79 
55 0 1 2 3 4 6 7 12 13 15 17 18 20 21 22 24 25 28 29 30 32 33 34 36 37 38 40 41 44 45 46 47 48 49 50 51 53 54 55 57 58 59 61 62 63 65 69 70 71 72 74 75 76 78 79 
28 0 2 4 7 13 15 17 18 21 25 30 32 33 37 38 40 46 48 53 57 58 61 62 63 65 74 78 79 
19 0 2 13 17 18 21 25 30 32 33 40 46 48 57 58 61 62 65 78 
11 0 2 17 18 21 25 30 46 61 62 65 
58 0 1 2 3 4 6 7 12 13 15 17 18 20 21 22 24 25 27 28 29 30 32 33 34 36 37 38 40 41 44 45 46 47 48 49 50 51 53 54 55 56 57 58 59 61 62 63 65 68 69 70 71 72 74 75 76 78 79 
50 0 1 2 3 4 6 7 12 13 15 17 18 20 21 22 24 25 28 30 32 33 34 36 37 38 40 41 44 45 46 47 48 50 53 54 57 58 61 62 63 65 69 70 71 72 74 75 76 78 79 
9 0 17 18 21 30 46 57 61 65 
56 0 1 2 3 4 6 7 12 13 15 17 18 20 21 22 24 25 27 28 30 32 33 34 36 37 38 40 41 44 45 46 47 48 49 50 51 53 54 55 56 57 58 59 61 62 63 65 69 70 71 72 74 75 76 78 79 
75 0 1 2 3 4 5 6 7 8 9 10 11 12 13 14 15 16 18 19 20 21 22 24 25 26 27 28 29 30 31 32 33 34 35 36 37 38 39 40 41 42 43 44 45 46 47 49 50 51 52 53 54 55 56 58 59 60 61 62 63 64 65 66 67 68 70 71 72 73 74 75 76 77 78 79 
