70 15 6e+06
1.74029 153953
1.32394 157838
2.90019 118848
2.93259 134840
4.06777 150173
1.67631 100156
1.6811 171617
4.02106 167623
2.8379 103588
1.73446 136768
2.23721 175010
1.04369 106407
1.57224 104363
5.26269 189881
1.4797 161166
7.09171 190403
1.47153 101349
3.11115 159747
2.36937 120109
2.22533 114483
2.09109 125761
2.77099 111329
3.17039 112829
1.17521 106015
1.67818 192748
2.61423 122348
2.58375 111325
3.12045 130791
3.41162 160001
1.10948 159816
2.73372 196866
1.00807 132765
3.6897 178648
1.16002 129048
1.5833 107165
3.59307 193528
3.75682 119108
1.65787 157108
4.92608 128934
2.47903 124692
1.1767 163295
2.79804 172352
3.09076 112057
3.71291 134960
1.26795 177092
2.44987 129490
2.70212 188121
4.37985 124114
4.33367 126554
3.16574 139610
3.39387 161537
3.45667 193242
2.88963 166809
2.15775 108308
2.44318 183785
1.08843 107114
1.58909 106370
1.30393 131471
1.26908 135967
1.53861 179070
2.49811 113813
2.12297 184292
2.63543 196071
2.90561 126547
1.02279 158637
2.26239 131394
2.56231 173555
1.62342 177165
1.15658 154311
2.43015 142350
0.936281 0.255808 3
0.929943 0.243044 3
0.988803 1 1
0.880799 0.000732471 10
0.879343 0.000713995 10
0.887584 0.00390609 8
0.974699 1 1
0.949656 0.524131 2
0.886481 0.00384476 8
0.906023 0.0477121 5
0.944223 0.51023 2
0.938492 0.261032 3
0.937254 0.258053 3
0.928616 0.240727 3
0.911975 0.0509058 5
0.976511 1 1
0.96321 0.574697 2
0.965987 0.588911 2
0.906143 0.0477702 5
0.907894 0.0486455 5
0.920185 0.112692 4
0.979549 1 1
0.936751 0.256884 3
0.919789 0.112259 4
0.916635 0.109026 4
0.975703 1 1
0.954614 0.539579 2
0.936692 0.256748 3
0.965377 0.585651 2
0.922792 0.23173 3
0.949276 0.294237 3
0.950406 0.298638 3
0.898447 0.00106448 10
0.935367 0.135372 4
0.945302 0.280289 3
0.963202 0.574658 2
0.909003 0.00578245 8
0.890805 0.000417479 11
0.965871 0.588285 2
0.909182 0.0117488 7
0.925234 0.0612283 5
0.90521 0.00531775 8
0.9026 0.00244092 9
0.955113 0.319392 3
0.912212 0.0124679 7
0.911943 0.104823 4
0.915182 0.107653 4
0.950619 0.526908 2
0.884278 0.00372869 8
0.878825 0.0015656 9
0.880772 0.00161204 9
0.933361 0.249554 3
0.973466 1 1
0.878716 0.00156309 9
0.922572 0.231424 3
0.904501 0.0469947 5
0.894351 0.0199016 6
0.954781 0.540155 2
0.910304 0.103501 4
0.926835 0.237782 3
0.922399 0.115227 4
0.915527 0.053167 5
0.973436 0.636198 2
0.867338 1.00681e-05 15
0.865729 4.28705e-06 16
0.873779 5.87768e-05 13
0.962419 0.570933 2
0.939872 0.264526 3
0.872706 5.73655e-05 13
0.893706 0.00429232 8
0.934501 0.251915 3
0.933697 0.250239 3
0.925496 0.119147 4
0.914404 0.0524191 5
0.899433 0.00996451 7
0.92768 0.0338968 6
0.934138 0.0721921 5
0.952827 0.308799 3
0.906136 0.00266374 9
0.900443 0.000543316 11
0.901785 0.00116181 10
0.938417 0.0792494 5
0.996945 1 1
0.899562 0.000529196 11
0.944599 0.158004 4
0.912652 0.00631315 8
0.898105 0.000507161 11
0.978354 0.67657 2
0.928324 0.0344138 6
0.949345 0.173752 4
0.958547 0.554158 2
0.941783 0.504834 2
0.952245 0.531831 2
0.886236 0.00837418 7
0.889523 0.00870846 7
0.903626 0.0465983 5
0.970167 1 1
0.914624 0.107143 4
0.903884 0.0467143 5
0.892749 0.0195715 6
0.994203 1 1
0.979729 1 1
0.912559 0.105337 4
0.946197 0.514959 2
0.898701 0.0445587 5
0.929837 0.0663586 5
0.939144 0.143555 4
0.883264 3.4345e-05 14
0.95847 0.336939 3
0.970334 0.614717 2
0.980587 0.697854 2
0.890052 0.000192254 12
0.887106 8.28163e-05 13
0.983283 0.726402 2
0.919571 0.0285481 6
0.899784 0.00228774 9
0.87876 1.3789e-05 15
0.902308 0.00242411 9
0.939995 0.145591 4
0.92046 0.0290431 6
0.942688 0.272272 3
0.951176 0.528558 2
0.954115 0.537889 2
0.921505 0.114178 4
0.916512 0.0538499 5
0.91873 0.111133 4
0.943969 0.276095 3
0.984263 1 1
0.91652 0.0538557 5
0.956137 0.544958 2
0.922274 0.115078 4
0.904774 0.0225235 6
0.989654 1 1
0.94486 0.278873 3
0.962021 0.569082 2
0.927524 0.0636524 5
0.934752 0.0731211 5
0.950286 0.298163 3
0.908545 0.00572196 8
0.902609 0.00244145 9
0.903495 0.00249386 9
0.936374 0.137426 4
0.995885 1 1
0.901211 0.00114395 10
0.947653 0.288265 3
0.911256 0.00609926 8
0.896227 0.000481016 11
0.981031 0.702337 2
0.928729 0.0650275 5
0.952289 0.306451 3
0.933406 0.131608 4
0.946882 0.285564 3
0.891637 0.000906888 10
0.978558 0.678432 2
0.990032 1 1
0.990216 1 1
0.89579 0.00210066 9
0.901613 0.00494347 8
0.988298 1 1
0.938766 0.261711 3
0.900116 0.00480375 8
0.87814 6.5175e-05 13
0.918119 0.0550216 5
0.945199 0.279956 3
0.939101 0.26255 3
0.938802 0.142759 4
0.95447 0.316308 3
0.927304 0.0634087 5
0.949863 0.296498 3
0.942714 0.272349 3
0.940073 0.14578 4
0.922037 0.0582141 5
0.955689 0.32223 3
0.937255 0.139297 4
0.985111 1 1
0.908725 0.0116483 7
0.888158 0.000182668 12
0.974694 0.645741 2
0.947071 0.286218 3
0.991824 1 1
0.921481 0.114151 4
0.934699 0.252335 3
0.880371 0.000726952 10
0.977077 1 1
0.987619 1 1
0.978387 1 1
0.884264 0.00170307 9
0.891978 0.0089815 7
0.977643 1 1
0.932367 0.247576 3
0.888848 0.00397921 8
0.867238 5.09896e-05 13
0.908798 0.0491189 5
0.933062 0.248952 3
0.931683 0.246256 3
0.910073 0.0119506 7
0.922403 0.0301962 6
0.868425 4.12052e-07 19
0.966171 0.589913 2
0.974587 0.644915 2
0.966491 0.591674 2
0.872677 1.06255e-06 18
0.879855 1.42585e-05 15
0.966608 0.59232 2
0.921132 0.0294302 6
0.878523 1.36906e-05 15
0.857407 8.93471e-10 26
0.896583 0.00101645 10
0.921249 0.0294993 6
0.919948 0.0287552 6
0.945342 0.512868 2
0.928085 0.239828 3
0.933729 0.250306 3
0.875125 0.00148466 9
0.879703 0.00351149 8
0.894976 0.0200347 6
0.951144 0.528462 2
0.896264 0.0203175 6
0.895732 0.0201994 6
0.877119 0.00152717 9
0.979003 1 1
0.984561 1 1
0.894779 0.0199925 6
0.933647 0.250136 3
0.882831 0.00365673 8
0.908887 0.00286522 9
0.900282 0.000540693 11
0.956191 0.324758 3
0.851363 1.0625e-11 0
0.850243 1.00339e-11 0
0.858961 8.21379e-11 29
0.949854 0.296463 3
0.922072 0.0299923 6
0.858086 7.84942e-11 29
0.876424 5.55237e-07 19
0.926972 0.0333459 6
0.932378 0.0696669 5
0.907614 0.00276862 9
0.899948 0.000535299 11
0.882056 7.05967e-06 16
0.969488 0.609321 2
0.987485 1 1
0.935083 0.25316 3
0.950456 0.526431 2
0.950683 0.527094 2
0.959089 0.556351 2
0.937803 0.259356 3
0.940258 0.265536 3
0.957393 0.549642 2
0.953603 0.536185 2
0.934512 0.251939 3
0.911752 0.0507737 5
0.953709 0.536534 2
0.980435 1 1
0.958747 0.554959 2
0.953545 0.535994 2
0.940843 0.502877 2
0.911374 0.104356 4
0.900125 0.0451175 5
0.907769 0.101584 4
0.925197 0.23523 3
0.926904 0.237892 3
0.88761 0.00850993 7
0.926977 0.23801 3
0.887379 0.0084867 7
0.954022 0.537576 2
0.939853 0.500885 2
0.893339 0.0196911 6
0.948219 0.520175 2
0.892057 0.0194338 6
0.954289 0.315456 3
0.93871 0.142547 4
0.959308 0.341728 3
0.88294 7.28344e-06 16
0.885439 1.7095e-05 15
0.898695 0.000515885 11
0.976885 0.66362 2
0.918989 0.0144787 7
0.898719 0.000516256 11
0.892848 0.000208095 12
0.985184 0.748598 2
0.979053 0.683012 2
0.915087 0.0132452 7
0.94216 0.151115 4
0.898903 0.000519024 11
0.950992 0.301006 3
0.933625 0.132013 4
0.933953 0.132627 4
0.880985 7.00239e-05 13
0.885815 0.000171907 12
0.90134 0.00491737 8
0.951542 0.303278 3
0.898339 0.0022163 9
0.902155 0.00499626 8
0.881583 7.1123e-05 13
0.981917 1 1
0.978454 0.677476 2
0.89795 0.0021978 9
0.939496 0.144388 4
0.887239 0.00017831 12
0.948119 0.169356 4
0.953683 0.312649 3
0.898394 0.00051141 11
0.947654 0.167752 4
0.957821 0.333346 3
0.975872 0.65515 2
0.90716 0.00273562 9
0.895618 0.000226098 12
0.978644 0.679221 2
0.918801 0.0144137 7
0.919668 0.0147172 7
0.898573 0.00051407 11
0.90887 0.00286387 9
0.956655 0.327141 3
0.921337 0.015338 7
0.956437 0.546054 2
0.941208 0.268094 3
0.919819 0.112292 4
0.895063 0.00935752 7
0.901741 0.0216621 6
0.918685 0.111086 4
0.936202 0.25563 3
0.892368 0.00420057 8
0.920106 0.112605 4
0.886881 0.00177885 9
0.965165 0.584533 2
0.952026 0.531148 2
0.896317 0.009522 7
0.948426 0.520734 2
0.891954 0.00417308 8
0.919045 0.014498 7
0.92709 0.033436 6
0.941799 0.150158 4
0.905739 0.00263683 9
0.898999 0.00107953 10
0.898475 0.000512611 11
0.927502 0.0636283 5
0.986331 0.762875 2
0.896064 0.00047887 11
0.94719 0.166182 4
0.902387 0.00118108 10
0.887677 3.94102e-05 14
0.976474 0.660136 2
0.920856 0.0292699 6
0.950891 0.300592 3
0.984105 1 1
0.967114 0.595163 2
0.954467 0.53908 2
0.91002 0.0242631 6
0.91304 0.0254391 6
0.926795 0.120933 4
0.968552 0.603572 2
0.92847 0.123377 4
0.926761 0.120886 4
0.914966 0.0262681 6
0.978023 0.673575 2
0.95413 0.314713 3
0.930864 0.127164 4
0.971481 0.622335 2
0.920879 0.0572173 5
0.948404 0.520675 2
0.933722 0.25029 3
0.96231 0.570423 2
0.878297 0.000701276 10
0.880307 0.00160069 9
0.893008 0.0091028 7
0.978326 1 1
0.919921 0.112403 4
0.892908 0.00909079 7
0.890463 0.0088105 7
0.977426 1 1
0.977467 1 1
0.914421 0.10696 4
0.936583 0.256496 3
0.896545 0.0203808 6
0.932698 0.130323 4
0.949466 0.294963 3
0.900386 0.00482836 8
0.988506 1 1
0.980982 1 1
0.970757 0.617483 2
0.900871 0.00487313 8
0.918703 0.0554661 5
0.967553 0.597678 2
0.962215 0.569983 2
0.898323 0.00464743 8
0.876211 2.81785e-05 14
0.936603 0.137906 4
0.944728 0.278458 3
0.961573 0.56704 2
0.907641 0.0114177 7
0.915261 0.0264011 6
0.934172 0.133042 4
0.896032 0.00211112 9
0.88885 0.000398175 11
0.887571 0.00038641 11
0.918824 0.0281466 6
0.975226 0.649932 2
0.885131 0.000168976 12
0.938417 0.141876 4
0.89273 0.000929112 10
0.879343 3.06723e-05 14
0.964343 0.580302 2
0.909147 0.0117412 7
0.941269 0.268262 3
0.91019 0.0243258 6
0.921591 0.0578241 5
0.923175 0.116166 4
0.914157 0.0522591 5
0.905654 0.0227919 6
0.901581 0.0103007 7
0.910737 0.0245293 6
0.967328 0.59638 2
0.898851 0.00987801 7
0.958782 0.555101 2
0.888612 0.00183302 9
0.87219 2.54341e-05 14
0.971541 0.622742 2
0.914676 0.0525975 5
0.960014 0.560204 2
0.959212 0.341171 3
0.943604 0.155103 4
0.922948 0.0305379 6
0.896293 0.000481894 11
0.902711 0.00119169 10
0.919518 0.0146638 7
0.939345 0.14403 4
0.895318 0.000224019 12
0.920832 0.029256 6
0.889114 8.78912e-05 13
0.968159 0.601225 2
0.953922 0.313747 3
0.899094 0.000521946 11
0.950769 0.300099 3
0.894265 0.000216989 12
0.954374 0.315857 3
0.945374 0.280524 3
0.987642 1 1
0.891963 0.000429746 11
0.891884 0.000428886 11
0.901956 0.00240415 9
0.99374 1 1
0.945495 0.280915 3
0.90115 0.0023596 9
0.911207 0.0122188 7
0.962267 0.570224 2
0.951348 0.302471 3
0.93858 0.142247 4
0.945289 0.280246 3
0.917431 0.0274321 6
0.945667 0.513657 2
0.929199 0.241731 3
0.919026 0.111444 4
0.880886 0.000733616 10
0.887072 0.00387736 8
0.903573 0.0221712 6
0.936246 0.255729 3
0.886678 0.00177271 9
0.904876 0.0225543 6
0.875759 0.000302334 11
0.967004 0.594538 2
0.962769 0.572583 2
0.888335 0.00394915 8
0.935957 0.255081 3
0.881054 0.000735818 10
0.930016 0.12578 4
0.924485 0.117815 4
0.982633 1 1
0.876956 0.000139793 12
0.875053 6.05305e-05 13
0.882666 0.000346736 11
0.967689 0.598465 2
0.950065 0.525297 2
0.881469 0.000338187 11
0.90399 0.0107124 7
0.937554 0.258761 3
0.932839 0.130576 4
0.936044 0.255276 3
0.922807 0.115717 4
0.909789 0.0241789 6
0.9409 0.267254 3
0.928824 0.123915 4
0.900112 0.0100678 7
0.891772 0.00194156 9
0.900074 0.0100619 7
0.917468 0.0545383 5
0.915861 0.0533954 5
0.875821 0.000136448 12
0.919544 0.0561249 5
0.876573 0.000138647 12
0.943995 0.276175 3
0.933355 0.249541 3
0.881554 0.000338781 11
0.936086 0.25537 3
0.881029 0.000335144 11
0.927627 0.239068 3
0.914706 0.107217 4
0.958323 0.553266 2
0.86107 4.51047e-05 13
0.862119 0.00010501 12
0.873657 0.0014549 9
0.96561 1 1
0.914685 0.107199 4
0.873354 0.0014489 9
0.877857 0.00343171 8
0.954801 0.540224 2
0.964765 1 1
0.905199 0.0997858 4
0.91656 0.108954 4
0.883849 0.0081509 7
0.903305 0.0464557 5
0.912968 0.105686 4
0.923701 0.23302 3
0.901341 0.0456139 5
0.893187 0.0196602 6
0.88993 0.0190272 6
0.909499 0.102876 4
0.967242 1 1
0.887307 0.00847949 7
0.945221 0.512578 2
0.885134 0.00826916 7
0.87045 0.000618402 10
0.963562 1 1
0.906398 0.100608 4
0.9468 0.516475 2
0.917024 0.00708523 8
0.905854 0.00130412 10
0.956655 0.327141 3
0.853995 1.21933e-11 0
0.854119 1.22736e-11 0
0.864489 5.55561e-10 27
0.957521 0.33172 3
0.91576 0.00684472 8
0.863948 5.40324e-10 27
0.874505 1.06702e-07 21
0.94067 0.0835743 5
0.949547 0.174499 4
0.903837 0.00122996 10
0.906773 0.00134052 10
0.88037 1.41448e-06 18
0.922753 0.0588548 5
0.924839 0.0608335 5
0.962511 0.571363 2
0.889451 0.00018912 12
0.884832 7.76341e-05 13
0.888167 0.000182709 12
0.945188 0.279922 3
0.977791 0.671513 2
0.88626 8.08228e-05 13
0.925183 0.0611765 5
0.916058 0.026769 6
0.905418 0.00534118 8
0.959 0.339945 3
0.92034 0.0289751 6
0.930152 0.0667478 5
0.973468 1 1
0.955796 0.543724 2
0.948823 0.521812 2
0.900309 0.0212864 6
0.904157 0.0468379 5
0.918845 0.111253 4
0.965482 0.586203 2
0.918066 0.110449 4
0.919188 0.111615 4
0.903238 0.0464261 5
0.988699 1 1
0.964531 0.581255 2
0.919294 0.111728 4
0.96112 0.565007 2
0.909049 0.0492525 5
0.94904 0.293345 3
0.940174 0.146028 4
0.902282 0.00117769 10
0.907588 0.00276671 9
0.916328 0.0136136 7
0.934023 0.0720208 5
0.916587 0.0136931 7
0.88323 1.58756e-05 15
0.936229 0.0754664 5
0.889378 8.85956e-05 13
0.941141 0.14845 4
0.925519 0.0322707 6
0.891023 9.32096e-05 13
0.947234 0.166331 4
0.893502 0.000212119 12
0.902678 0.0219183 6
0.91448 0.0524685 5
0.915256 0.0529837 5
0.911312 0.050516 5
0.902251 0.0218004 6
0.89697 0.00961075 7
0.902742 0.021936 6
0.959159 0.556637 2
0.894179 0.0092457 7
0.955805 0.543756 2
0.880813 0.000732665 10
0.864502 9.38892e-06 15
0.963272 0.574996 2
0.907537 0.0484631 5
0.955828 0.54384 2
0.955595 0.543005 2
0.948532 0.521019 2
0.990216 1 1
0.896236 0.0203112 6
0.895668 0.0201851 6
0.905045 0.0472474 5
0.987965 1 1
0.951653 0.53 2
0.904072 0.0467992 5
0.916962 0.109345 4
0.958133 0.552511 2
0.945489 0.513224 2
0.94488 0.511766 2
0.94763 0.518616 2
0.92321 0.232319 3
0.947828 0.288889 3
0.948888 0.292773 3
0.897067 0.000492415 11
0.934695 0.0730332 5
0.944761 0.158488 4
0.962526 0.361805 3
0.907679 0.00561107 8
0.889393 8.8636e-05 13
0.965262 0.585045 2
0.908002 0.00565189 8
0.924138 0.0313147 6
0.904282 0.00254228 9
0.901208 0.00114385 10
0.95359 0.312222 3
0.910977 0.00605816 8
0.921841 0.114569 4
0.909343 0.0240185 6
0.955382 0.542252 2
0.856284 1.21748e-07 20
0.857095 1.24921e-07 20
0.868329 1.03237e-05 15
0.96055 0.562507 2
0.912537 0.0512443 5
0.867976 1.02315e-05 15
0.874149 5.92773e-05 13
0.948508 0.29136 3
0.959429 0.557749 2
0.90215 0.0103944 7
0.910974 0.0503208 5
0.880091 0.000328829 11
0.96455 0.581353 2
0.958181 0.552704 2
0.913976 0.0521425 5
0.923138 0.116121 4
0.931056 0.245075 3
0.948905 0.522039 2
0.926623 0.120692 4
0.89897 0.00989552 7
0.950655 0.527014 2
0.906876 0.0231793 6
0.946094 0.282892 3
0.926121 0.119995 4
0.907887 0.0235136 6
0.965101 0.5842 2
0.911111 0.0503998 5
0.950888 0.527701 2
0.950896 0.527723 2
0.979756 1 1
0.905747 0.0475794 5
0.903265 0.0220834 6
0.909777 0.0496477 5
0.968088 0.600801 2
0.971099 1 1
0.908239 0.0488246 5
0.932792 0.248413 3
0.941533 0.26899 3
0.926673 0.237524 3
0.963668 0.576929 2
0.947262 0.517659 2
0.938973 0.262229 3
0.927512 0.23888 3
0.933955 0.250772 3
0.952768 0.53348 2
0.905974 0.0476885 5
0.900274 0.0212773 6
0.901607 0.0216262 6
0.938326 0.260623 3
0.99675 1 1
0.899384 0.0210532 6
0.944465 0.510791 2
0.912531 0.105314 4
0.898014 0.0207209 6
0.978186 1 1
0.928145 0.239929 3
0.949199 0.52285 2
0.928562 0.0648327 5
0.938774 0.142694 4
0.8829 1.57052e-05 15
0.96232 0.360431 3
0.974251 0.642327 2
0.982196 0.714496 2
0.889127 8.79249e-05 13
0.888254 8.56543e-05 13
0.984369 0.738859 2
0.922268 0.0301123 6
0.897823 0.000503081 11
0.876626 1.22485e-06 18
0.90381 0.00251304 9
0.939109 0.143474 4
0.922892 0.0305024 6
0.917061 0.0272495 6
0.925574 0.0615736 5
0.938771 0.142687 4
0.906158 0.00542653 8
0.899139 0.00225528 9
0.898093 0.00105504 10
0.924625 0.0606227 5
0.983367 0.727347 2
0.895632 0.000993468 10
0.948274 0.290502 3
0.899808 0.00228897 9
0.884947 7.7883e-05 13
0.97576 0.654239 2
0.919229 0.0283624 6
0.951653 0.303743 3
0.932379 0.0696695 5
0.916572 0.0136886 7
0.943223 0.154027 4
0.862209 4.94855e-10 27
0.865088 2.87136e-09 25
0.878676 1.32378e-06 18
0.957574 0.332009 3
0.900726 0.000547999 11
0.878929 1.33678e-06 18
0.871778 4.29614e-08 22
0.967077 0.594953 2
0.988039 0.785493 2
0.894877 0.000221033 12
0.920388 0.0149791 7
0.877714 5.84824e-07 19
0.930941 0.127291 4
0.915057 0.0528499 5
0.905581 0.0110069 7
0.869386 4.74047e-06 16
0.876143 6.21049e-05 13
0.89279 0.00197943 9
0.922633 0.058746 5
0.872663 1.15738e-05 15
0.894344 0.00204037 9
0.862276 3.35559e-07 19
0.952676 0.533186 2
0.9544 0.538851 2
0.874162 2.67218e-05 14
0.921876 0.0580722 5
0.867406 1.99815e-06 17
0.913991 0.012937 7
0.926945 0.0630166 5
0.873079 4.87806e-07 19
0.972194 0.627261 2
0.980618 0.698164 2
0.970621 0.616589 2
0.876929 2.71212e-06 17
0.885276 3.65167e-05 14
0.970251 0.614175 2
0.926904 0.0629722 5
0.881829 1.5171e-05 15
0.86047 2.32472e-09 25
0.902159 0.00241564 9
0.925412 0.0321948 6
0.925742 0.0617457 5
0.917933 0.054882 5
0.906985 0.0112831 7
0.958381 0.553493 2
0.855241 9.75472e-09 23
0.855265 9.76346e-09 23
0.865512 8.39224e-07 18
0.958699 0.554769 2
0.917591 0.0546283 5
0.864937 8.24392e-07 18
0.876082 2.80827e-05 14
0.940899 0.26725 3
0.948979 0.293115 3
0.905563 0.0110033 7
0.907786 0.0114478 7
0.881948 0.000156424 12
0.940332 0.50184 2
0.92318 0.232276 3
0.92585 0.236229 3
0.871671 0.000280762 11
0.87679 0.000683722 10
0.892468 0.00903873 7
0.943141 0.507778 2
0.889051 0.00865844 7
0.893428 0.00915335 7
0.871589 0.000280357 11
0.971618 1 1
0.978436 1 1
0.888081 0.00855772 7
0.929118 0.241589 3
0.877181 0.000688191 10
0.941905 0.150438 4
0.951664 0.30379 3
0.949944 0.296817 3
0.925085 0.0319635 6
0.919727 0.0286335 6
0.921238 0.0294927 6
0.940429 0.146655 4
0.981513 0.707292 2
0.91893 0.0144582 7
0.960585 0.349363 3
0.91982 0.0286846 6
0.901815 0.00116275 10
0.993507 1 1
0.945032 0.159305 4
0.96646 0.591499 2
0.940443 0.266028 3
0.937628 0.258939 3
0.987882 1 1
0.891639 0.00894258 7
0.889274 0.00400456 8
0.896128 0.020287 6
0.969973 1 1
0.964256 0.579859 2
0.894726 0.00931447 7
0.919515 0.111964 4
0.939579 0.263768 3
0.929259 0.241837 3
0.951727 0.530227 2
0.934925 0.252819 3
0.925451 0.235616 3
0.982477 1 1
0.987467 1 1
0.952358 0.532182 2
0.931357 0.12799 4
0.932057 0.129191 4
0.94241 0.271469 3
0.95691 0.547814 2
0.945736 0.281705 3
0.941341 0.26846 3
0.940757 0.266867 3
0.951579 0.529776 2
0.929031 0.124231 4
0.953389 0.535482 2
0.983929 1 1
0.946795 0.285264 3
0.959312 0.557267 2
0.942173 0.27079 3
0.948742 0.292227 3
0.886996 0.000177189 12
0.890643 0.000415817 11
0.905114 0.00530699 8
0.966609 0.592326 2
0.912146 0.0250756 6
0.905488 0.00534915 8
0.891996 0.000914083 10
0.996003 1 1
0.979148 0.683908 2
0.910767 0.012113 7
0.947006 0.285992 3
0.897887 0.00219485 9
0.943707 0.509049 2
0.936243 0.494173 2
0.993176 1 1
0.885178 0.00827329 7
0.884304 0.00819227 7
0.893339 0.0196911 6
0.983112 1 1
0.948052 0.519729 2
0.892362 0.0194942 6
0.907976 0.101736 4
0.952166 0.531582 2
0.944868 0.511738 2
0.937836 0.497034 2
0.935423 0.492759 2
0.914073 0.10665 4
0.931605 0.128412 4
0.925063 0.0610566 5
0.983604 1 1
0.876257 1.2804e-05 15
0.874741 1.22607e-05 15
0.882911 7.36682e-05 13
0.970833 0.617986 2
0.946646 0.284756 3
0.881818 7.15609e-05 13
0.901932 0.0049744 8
0.941149 0.267932 3
0.937192 0.139161 4
0.933433 0.131658 4
0.92381 0.0598357 5
0.907807 0.0114523 7
0.927392 0.238683 3
0.939138 0.499489 2
0.935007 0.492056 2
0.925666 0.235946 3
0.918292 0.225876 3
0.916257 0.108662 4
0.924473 0.234146 3
0.975699 1 1
0.913622 0.106252 4
0.968267 1 1
0.904027 0.0467787 5
0.886257 0.00837623 7
0.989134 1 1
0.932107 0.247071 3
0.972123 1 1
0.922603 0.0587185 5
0.937684 0.140235 4
0.885529 0.00036891 11
0.990808 1 1
0.993571 1 1
0.974743 0.646127 2
0.887674 0.000387333 11
0.901166 0.0049008 8
0.972443 0.629018 2
0.944698 0.278361 3
0.888906 0.000398709 11
0.867017 8.80002e-07 18
0.918637 0.0554153 5
0.934604 0.13387 4
0.9434 0.274375 3
0.977242 1 1
0.965379 0.585659 2
0.967231 0.595828 2
0.908446 0.0489325 5
0.909877 0.049703 5
0.921746 0.114458 4
0.979019 1 1
0.939915 0.264638 3
0.921227 0.11386 4
0.919865 0.112342 4
0.972131 1 1
0.951243 0.528759 2
0.940126 0.265189 3
0.966902 0.593964 2
0.926059 0.119909 4
0.958275 0.553075 2
0.941958 0.270182 3
0.925434 0.061431 5
0.893149 0.000937906 10
0.89923 0.00225979 9
0.915792 0.0266447 6
0.942209 0.270894 3
0.896078 0.0021131 9
0.916996 0.0272175 6
0.887647 0.000387091 11
0.971997 0.625884 2
0.958874 0.555476 2
0.899018 0.0022493 9
0.948918 0.292887 3
0.892925 0.00093317 10
0.909303 0.0240043 6
0.902802 0.0105046 7
0.959938 0.559886 2
0.856289 5.31472e-08 21
0.854297 2.164e-08 22
0.861792 7.49637e-07 18
0.948939 0.292964 3
0.932194 0.129432 4
0.860668 7.25295e-07 18
0.88427 0.000780626 10
0.92236 0.11518 4
0.924039 0.117245 4
0.916406 0.0537748 5
0.901522 0.0102911 7
0.889741 0.00187029 9
0.970975 1 1
0.989044 1 1
0.93482 0.252594 3
0.949945 0.524954 2
0.950656 0.527016 2
0.9598 0.5593 2
0.938097 0.260067 3
0.938732 0.261625 3
0.95823 0.552895 2
0.951678 0.530077 2
0.935706 0.254523 3
0.912842 0.105578 4
0.951884 0.530709 2
0.982261 1 1
0.956761 0.547255 2
0.94542 0.280671 3
0.954518 0.539252 2
0.953286 0.535148 2
0.924662 0.118044 4
0.919833 0.112307 4
0.922229 0.115025 4
0.944227 0.27689 3
0.98051 1 1
0.920019 0.11251 4
0.95813 0.552501 2
0.923691 0.116806 4
0.905589 0.0227719 6
0.989359 1 1
0.948059 0.519749 2
0.964231 0.579734 2
0.957793 0.551185 2
0.94089 0.267226 3
0.950507 0.299044 3
0.885532 0.00036894 11
0.888965 0.000856703 10
0.903216 0.00510313 8
0.968392 0.602613 2
0.912981 0.0254144 6
0.903527 0.0106303 7
0.891513 0.000904433 10
0.994186 1 1
0.980723 1 1
0.911037 0.0246432 6
0.945463 0.280813 3
0.897441 0.00217409 9
0.987795 1 1
0.980346 0.695462 2
0.934877 0.134401 4
0.929707 0.125288 4
0.934497 0.133664 4
0.949945 0.296818 3
0.945498 0.280927 3
0.92157 0.0578061 5
0.950249 0.298015 3
0.924191 0.0602 5
0.956345 0.545718 2
0.933045 0.130949 4
0.929855 0.125523 4
0.988031 1 1
0.929286 0.124626 4
0.960464 0.562135 2
0.96223 0.57005 2
0.909205 0.102651 4
0.939362 0.499923 2
0.947944 0.519443 2
0.966215 1 1
0.919258 0.111689 4
0.901781 0.0457978 5
0.968114 1 1
0.917939 0.110319 4
0.933382 0.249597 3
0.912083 0.104938 4
0.913346 0.106011 4
0.967004 1 1
0.921455 0.229902 3
0.93037 0.126351 4
0.916069 0.0267737 6
0.95269 0.308196 3
0.861765 6.43074e-08 21
0.863588 6.87401e-08 21
0.876032 1.27211e-05 15
0.963817 0.577664 2
0.909049 0.0117194 7
0.875958 1.26939e-05 15
0.875531 1.25391e-05 15
0.961212 0.565419 2
0.974917 0.647487 2
0.901152 0.00489951 8
0.918767 0.0281162 6
0.881528 7.10203e-05 13
37 0 1 4 6 14 15 17 18 19 21 23 24 28 29 30 31 32 33 35 37 38 40 42 43 48 49 51 52 54 56 57 58 61 62 63 66 69 
41 0 1 2 4 6 7 14 15 17 18 19 20 21 23 24 28 29 30 32 33 35 37 38 40 41 42 43 48 49 51 52 56 57 58 61 62 63 66 67 68 69 
45 1 2 6 7 10 12 13 14 15 16 17 18 19 20 21 23 24 28 29 30 32 33 35 37 38 40 41 42 43 46 48 49 50 51 52 55 56 57 61 62 64 66 67 68 69 
68 0 1 2 3 4 5 6 7 8 9 10 11 12 13 14 16 17 18 19 20 21 22 23 24 25 26 27 28 29 30 31 32 33 34 36 37 38 39 40 41 42 43 44 45 46 47 48 49 50 51 52 53 54 55 56 57 58 59 60 61 62 63 64 65 66 67 68 69 
45 0 1 2 6 7 10 12 13 14 16 17 18 19 20 21 23 24 28 29 30 32 33 37 38 40 41 42 43 46 48 49 50 51 52 55 56 57 58 61 62 64 66 67 68 69 
48 0 1 2 4 6 7 14 15 16 17 18 19 20 21 23 24 28 29 30 31 32 33 35 37 38 40 41 42 43 44 46 48 49 51 52 54 55 56 57 58 61 62 63 64 66 67 68 69 
25 6 14 15 17 18 19 21 24 28 30 32 33 35 37 38 42 48 49 51 52 56 62 63 66 69 
58 0 1 2 4 6 7 8 10 11 12 13 14 15 16 17 18 19 20 21 23 24 25 28 29 30 31 32 33 35 37 38 40 41 42 43 44 46 48 49 50 51 52 53 54 55 56 57 58 60 61 62 63 64 65 66 67 68 69 
45 0 1 2 4 6 7 14 15 17 18 19 20 21 23 24 28 29 30 31 32 33 35 37 38 40 41 42 43 46 48 49 51 52 54 55 56 57 58 61 62 63 66 67 68 69 
58 0 1 2 4 6 7 8 10 11 12 13 14 15 16 17 18 19 20 21 23 24 25 28 29 30 31 32 33 35 37 38 40 41 42 43 44 46 48 49 50 51 52 53 54 55 56 57 58 60 61 62 63 64 65 66 67 68 69 
21 6 14 17 18 19 21 24 28 30 32 33 35 42 48 49 51 52 56 62 66 69 
3 48 49 52 
62 0 1 2 3 4 5 6 7 8 9 10 12 13 14 15 16 17 18 19 20 21 23 24 25 28 29 30 31 32 33 35 36 37 38 40 41 42 43 44 45 46 48 49 50 51 52 53 54 55 56 57 58 60 61 62 63 64 65 66 67 68 69 
40 0 1 2 4 6 14 15 17 18 19 21 23 24 28 29 30 31 32 33 35 37 38 40 41 42 43 48 49 51 52 56 57 58 61 62 63 66 67 68 69 
54 0 1 2 4 6 7 10 11 12 13 14 15 16 17 18 19 20 21 23 24 25 28 29 30 31 32 33 35 37 38 40 41 42 43 44 46 48 49 50 51 52 54 55 56 57 58 60 61 62 64 66 67 68 69 
