40 15 8e+06
2.09803 187271
2.39516 171164
1.89493 188936
2.30762 195338
1.59196 148325
2.93831 167447
2.58215 148805
2.84577 112928
1.45017 108061
1.54677 168040
1.88811 128812
2.78572 194041
2.35247 150861
2.85802 117579
2.97928 172736
2.31853 110646
1.43328 185231
1.55982 190230
1.01291 156535
1.49503 158832
1.52652 165150
2.17193 108041
2.83818 127982
1.27956 136844
1.29857 191863
1.8001 101464
2.47735 150287
1.23573 146519
1.19097 107718
1.53628 123930
1.59444 174768
2.88655 147431
1.10292 188081
1.13896 172308
1.66751 135499
1.0543 106870
1.54823 136735
1.55391 152363
2.68778 126125
2.17962 161608
0.940754 0.147467 4
0.920534 0.0290852 6
0.944868 0.158808 4
0.948532 0.291448 3
0.897579 0.000499602 11
0.936677 0.138061 4
0.956251 0.325065 3
0.980033 0.692382 2
0.925045 0.0319355 6
0.936649 0.138003 4
0.90164 0.00115725 10
0.925024 0.0319209 6
0.940068 0.145768 4
0.894627 0.000219364 12
0.918003 0.0141452 7
0.936485 0.256272 3
0.946814 0.285329 3
0.920329 0.11285 4
0.846411 1.31399e-09 25
0.92975 0.125356 4
0.868658 2.33683e-05 14
0.912041 0.0509451 5
0.900758 0.0101686 7
0.94483 0.278778 3
0.94486 0.278874 3
0.92208 0.114849 4
0.947825 0.51913 2
0.931271 0.245478 3
0.910858 0.0502543 5
0.966943 0.594197 2
0.89008 0.00188181 9
0.875623 0.000135879 12
0.876019 0.000137021 12
0.973121 0.633888 2
0.8667 9.90868e-06 15
0.881591 0.000339043 11
0.913785 0.0520204 5
0.908597 0.0237561 6
0.859266 6.96527e-07 18
0.872214 5.67379e-05 13
0.874387 5.96029e-05 13
0.877288 0.0001408 12
0.872283 5.68247e-05 13
0.873911 5.89542e-05 13
0.858567 2.98936e-07 19
0.930461 0.067136 5
0.926701 0.0331394 6
0.885331 1.70321e-05 15
0.917923 0.0141189 7
0.93132 0.0682433 5
0.861002 4.66151e-10 27
0.948026 0.169034 4
0.908076 0.00280295 9
0.881248 3.16881e-06 17
0.897432 0.000497509 11
0.940823 0.147642 4
0.924965 0.0318802 6
0.888042 3.98831e-05 14
0.943995 0.156227 4
0.894115 0.00021602 12
0.960585 0.562661 2
0.948637 0.521306 2
0.918875 0.226588 3
0.928942 0.241285 3
0.937328 0.496105 2
0.890976 0.019224 6
0.983518 1 1
0.941172 0.503555 2
0.913181 0.105869 4
0.929809 0.242805 3
0.944215 0.510212 2
0.949557 0.523851 2
0.921337 0.229745 3
0.939687 0.500559 2
0.922795 0.231734 3
0.942225 0.151288 4
0.954911 0.318414 3
0.887276 1.82231e-05 15
0.877392 5.77235e-07 19
0.980151 0.693536 2
0.847825 8.88855e-12 0
0.938715 0.079795 5
0.895885 0.000227971 12
0.894505 0.000104365 13
0.909093 0.00288137 9
0.988855 0.796903 2
0.9494 0.173956 4
0.894346 0.00010381 13
0.996513 1 1
0.916749 0.00703163 8
0.930974 0.127347 4
0.931447 0.128143 4
0.881571 0.000155046 12
0.904407 0.0107877 7
0.941724 0.269522 3
0.853136 1.70589e-09 25
0.943786 0.275539 3
0.901019 0.00488697 8
0.880463 6.90897e-05 13
0.896529 0.00213288 9
0.951518 0.303177 3
0.928598 0.12357 4
0.885493 0.000368617 11
0.956752 0.547221 2
0.896142 0.00211586 9
0.916591 0.0270216 6
0.898687 0.00223306 9
0.966059 0.589303 2
0.905989 0.00540679 8
0.870363 9.81735e-07 18
0.976925 0.663963 2
0.917153 0.0272947 6
0.961323 0.565913 2
0.940312 0.146367 4
0.938966 0.14314 4
0.871128 1.00743e-06 18
0.90448 0.00523702 8
0.954669 0.317256 3
0.861738 1.25537e-08 23
0.917758 0.0275961 6
0.959593 0.558435 2
0.946145 0.283062 3
0.921014 0.0573311 5
0.93276 0.130434 4
0.933404 0.131605 4
0.894568 0.00204947 9
0.98425 1 1
0.944652 0.278217 3
0.914058 0.0258691 6
0.930549 0.126645 4
0.94006 0.265016 3
0.94752 0.287792 3
0.922932 0.0590172 5
0.935345 0.135326 4
0.922291 0.0584386 5
0.967024 1 1
0.978404 1 1
0.910718 0.103828 4
0.889004 0.0188578 6
0.978696 1 1
0.868967 0.000604826 10
0.958461 0.553813 2
0.917539 0.224973 3
0.917717 0.225185 3
0.933018 0.488825 2
0.982348 1 1
0.973625 1 1
0.918021 0.225549 3
0.971248 1 1
0.939113 0.499441 2
0.9305 0.126563 4
0.930424 0.12644 4
0.88162 0.000155223 12
0.906007 0.011089 7
0.940036 0.264952 3
0.853776 9.24155e-09 23
0.943989 0.276159 3
0.901543 0.0102944 7
0.880109 0.000149903 12
0.896197 0.00447605 8
0.949807 0.296279 3
0.927712 0.122251 4
0.885377 0.000367671 11
0.954834 0.540339 2
0.895428 0.00441742 8
0.953883 0.313566 3
0.958943 0.339619 3
0.899201 0.00108516 10
0.896368 0.00101116 10
0.967736 0.598736 2
0.862872 1.31489e-08 23
0.956987 0.328875 3
0.912184 0.0124608 7
0.902403 0.00242957 9
0.918328 0.0278873 6
0.977174 0.666106 2
0.955233 0.319976 3
0.90501 0.0052953 8
0.975522 0.652308 2
0.92124 0.0294935 6
0.979848 1 1
0.990199 1 1
0.923493 0.116559 4
0.891416 0.00192866 9
0.968962 0.606064 2
0.879539 0.00014798 12
0.963953 0.578341 2
0.927612 0.122105 4
0.931106 0.127567 4
0.946617 0.284656 3
0.969305 0.608181 2
0.98728 1 1
0.93122 0.127758 4
0.957549 0.550242 2
0.952105 0.531394 2
0.933084 0.488929 2
0.91817 0.225728 3
0.908963 0.102468 4
0.959626 0.558569 2
0.906703 0.100822 4
0.897309 0.0440348 5
0.958061 0.55223 2
0.940051 0.501279 2
0.895917 0.0435313 5
0.910846 0.10393 4
0.913976 0.106563 4
0.91994 0.227923 3
0.90765 0.101498 4
0.911371 0.104353 4
0.898792 0.0445939 5
0.936413 0.137508 4
0.934328 0.133339 4
0.888532 0.000395186 11
0.912559 0.0252417 6
0.940145 0.265241 3
0.861154 1.42674e-07 20
0.951564 0.30337 3
0.909236 0.0117609 7
0.886096 0.000373625 11
0.90235 0.00501553 8
0.949747 0.296046 3
0.932181 0.129409 4
0.891983 0.00091381 10
0.952723 0.308341 3
0.900396 0.00482924 8
0.977818 1 1
0.956957 0.547987 2
0.958401 0.553574 2
0.91415 0.106718 4
0.928583 0.240671 3
0.917722 0.1101 4
0.973497 1 1
0.967354 1 1
0.952928 0.533991 2
0.969608 1 1
0.930045 0.243226 3
0.962511 0.571363 2
0.962166 0.569754 2
0.920095 0.112592 4
0.955319 0.542031 2
0.960762 0.563429 2
0.981565 1 1
0.909354 0.0240223 6
0.872948 1.16642e-05 15
0.98294 1 1
0.86317 3.45334e-07 19
0.943531 0.274768 3
0.90895 0.0238792 6
0.92189 0.0580847 5
0.934767 0.134186 4
0.976265 0.658396 2
0.975328 0.650746 2
0.918303 0.0551607 5
0.963973 0.578441 2
0.94724 0.286808 3
0.904279 0.0107645 7
0.885599 0.000170974 12
0.910303 0.0120039 7
0.977267 0.666907 2
0.867226 8.8587e-07 18
0.926339 0.0623679 5
0.923927 0.0599467 5
0.942702 0.272314 3
0.888525 0.000395126 11
0.898473 0.00222274 9
0.872744 5.22571e-06 16
0.889261 0.000402099 11
0.903664 0.00514978 8
0.868209 9.14388e-07 18
0.880276 6.87602e-05 13
0.912384 0.0125117 7
0.895686 0.00099475 10
0.966489 0.591662 2
0.895078 0.000980542 10
0.866896 1.74443e-07 20
0.972125 0.626778 2
0.910142 0.0119666 7
0.952196 0.306053 3
0.943394 0.274354 3
0.938741 0.142618 4
0.866936 1.74701e-07 20
0.90154 0.00238097 9
0.955581 0.321692 3
0.85714 8.82909e-10 26
0.918602 0.0280295 6
0.925818 0.11958 4
0.917777 0.0547659 5
0.887665 0.00180294 9
0.93436 0.251618 3
0.9171 0.0542699 5
0.869372 2.3763e-05 14
0.94768 0.518748 2
0.914248 0.0523176 5
0.879939 0.000327825 11
0.895848 0.0044492 8
0.926096 0.119961 4
0.917248 0.0543776 5
0.888756 0.00183768 9
0.927676 0.122199 4
0.889198 0.00185218 9
0.909143 0.0117402 7
0.890025 0.000409582 11
0.917784 0.0276093 6
0.970616 0.616555 2
0.870342 9.81045e-07 18
0.933326 0.131462 4
0.927688 0.0638353 5
0.95005 0.297229 3
0.895528 0.000991016 10
0.905124 0.00530807 8
0.875471 5.67871e-06 16
0.893958 0.000955342 10
0.910881 0.0121402 7
0.870324 9.80452e-07 18
0.886414 0.000174551 12
0.9585 0.553968 2
0.964715 0.582201 2
0.937474 0.258571 3
0.866989 4.43547e-06 16
0.939514 0.2636 3
0.885016 0.000364747 11
0.933596 0.131959 4
0.921571 0.0578075 5
0.95875 0.554974 2
0.964618 0.581703 2
0.933804 0.132346 4
0.967641 0.598188 2
0.948537 0.291469 3
0.921716 0.0579329 5
0.986791 1 1
0.930289 0.12622 4
0.93398 0.250823 3
0.878676 0.000145153 12
0.894812 0.00437177 8
0.948826 0.292539 3
0.847572 1.37274e-09 25
0.939398 0.263305 3
0.895686 0.0044369 8
0.879693 0.000148495 12
0.895497 0.00442263 8
0.958587 0.554318 2
0.930332 0.12629 4
0.883413 0.000352275 11
0.965769 0.587735 2
0.897263 0.00456014 8
0.944461 0.277619 3
0.954522 0.539266 2
0.925303 0.118888 4
0.853409 1.11352e-07 20
0.935488 0.254042 3
0.873275 0.00012944 12
0.919809 0.11228 4
0.907321 0.0233249 6
0.948846 0.521875 2
0.950965 0.527929 2
0.928228 0.123014 4
0.955787 0.543693 2
0.936343 0.25595 3
0.916677 0.0539667 5
0.973483 1 1
0.949215 0.294005 3
0.938133 0.141233 4
0.910283 0.0119993 7
0.935008 0.134658 4
0.930132 0.0667232 5
0.886728 0.000175964 12
0.972588 0.630045 2
0.935239 0.135115 4
0.903095 0.00509064 8
0.919416 0.0284636 6
0.937896 0.140704 4
0.938663 0.142438 4
0.911916 0.0123933 7
0.93536 0.135356 4
0.911896 0.0123883 7
0.928923 0.065256 5
0.909814 0.0058927 8
0.968816 0.605169 2
0.918795 0.028131 6
0.882011 1.52597e-05 15
0.966192 0.590027 2
0.932087 0.0692687 5
0.977716 0.670843 2
0.942318 0.151541 4
0.945687 0.161324 4
0.883497 1.60155e-05 15
0.915504 0.0133666 7
0.958547 0.337374 3
0.874439 1.1308e-06 18
0.923803 0.0310914 6
0.945631 0.281359 3
0.943618 0.27503 3
0.952515 0.307431 3
0.865267 3.6995e-07 19
0.916117 0.0267965 6
0.8996 0.00475764 8
0.923754 0.0597825 5
0.92684 0.0629036 5
0.979015 0.682658 2
0.972823 0.631727 2
0.911375 0.024773 6
0.948174 0.29014 3
0.963458 0.5759 2
0.89951 0.00474967 8
0.983199 1 1
0.906729 0.0231319 6
0.887352 0.000828978 10
0.920381 0.0568028 5
0.962995 0.573662 2
0.866524 4.37981e-06 16
0.940337 0.265745 3
0.923752 0.116883 4
0.95105 0.528181 2
0.897132 0.00454965 8
0.905649 0.0227902 6
0.871246 1.11397e-05 15
0.891557 0.00193375 9
0.912725 0.0253096 6
0.865642 1.8974e-06 17
0.886263 0.000811222 10
0.957207 0.548932 2
0.93771 0.259133 3
0.97529 1 1
0.915768 0.0533318 5
0.908831 0.0491362 5
0.937684 0.259071 3
0.955783 0.54368 2
0.982526 1 1
0.958226 0.552881 2
0.96918 0.607404 2
0.909912 0.0497223 5
0.943569 0.274881 3
0.973338 1 1
0.900112 0.021236 6
0.947917 0.519372 2
0.987548 1 1
0.97531 0.650603 2
0.949262 0.294183 3
0.895157 0.00207382 9
0.943753 0.275436 3
0.901135 0.00489794 8
0.963517 0.576186 2
0.946397 0.283909 3
0.956771 0.547294 2
0.973412 0.636027 2
0.94263 0.272104 3
0.981686 1 1
0.95768 0.550747 2
0.931047 0.127468 4
0.972131 0.626817 2
0.941222 0.148656 4
0.930941 0.0677496 5
0.903315 0.00248302 9
0.937328 0.139457 4
0.925246 0.0320772 6
0.882232 1.53686e-05 15
0.964358 0.580377 2
0.929365 0.0657831 5
0.895548 0.000472149 11
0.911687 0.00616383 8
0.933497 0.0712486 5
0.931166 0.0680427 5
0.904577 0.00256091 9
0.932324 0.0695933 5
0.904165 0.00253497 9
0.900224 0.000539758 11
0.882657 7.21066e-06 16
0.950201 0.17697 4
0.899026 0.000520894 11
0.854813 1.27377e-11 0
0.989015 1 1
0.901556 0.00115461 10
0.945751 0.161525 4
0.926242 0.0327965 6
0.923042 0.0305974 6
0.85561 1.32967e-11 0
0.888357 4.02979e-05 14
0.939107 0.143469 4
0.846462 8.31317e-12 0
0.902613 0.00118849 10
0.955042 0.541059 2
0.966842 1 1
0.927005 0.238054 3
0.861873 0.000104562 12
0.946553 0.51585 2
0.875322 0.00148876 9
0.930237 0.243572 3
0.913204 0.105888 4
0.947769 0.51898 2
0.954135 0.537954 2
0.93969 0.500564 2
0.96773 1 1
0.937873 0.497101 2
0.927809 0.239369 3
0.97551 1 1
0.946715 0.284989 3
0.936906 0.138548 4
0.974706 0.645836 2
0.87973 6.51812e-06 16
0.906873 0.00551177 8
0.920719 0.0291911 6
0.930139 0.0667321 5
0.944935 0.159011 4
0.997442 1 1
0.983419 0.727929 2
0.904114 0.00253179 9
0.942651 0.152443 4
0.985261 1 1
0.892609 0.000436871 11
0.97053 0.615989 2
0.945068 0.279537 3
0.941493 0.268879 3
0.897139 0.00455023 8
0.916042 0.053521 5
0.943484 0.274626 3
0.868739 4.65504e-06 16
0.960752 0.563389 2
0.917562 0.0546072 5
0.894534 0.0020481 9
0.910955 0.024612 6
0.952678 0.533194 2
0.939825 0.264404 3
0.900625 0.00485034 8
0.953273 0.535106 2
0.908369 0.0236777 6
0.925952 0.0619625 5
0.919768 0.0286558 6
0.884812 3.59957e-05 14
0.926897 0.0629651 5
0.921675 0.029752 6
0.864271 1.39369e-08 23
0.946197 0.283235 3
0.909948 0.00591125 8
0.878557 6.26882e-06 16
0.894594 0.000460157 11
0.930939 0.0677479 5
0.918693 0.0280772 6
0.886551 8.1499e-05 13
0.933456 0.0711893 5
0.889355 0.00018863 12
0.962543 0.571515 2
0.974009 0.640484 2
0.930307 0.126249 4
0.868456 4.61841e-06 16
0.950703 0.299831 3
0.879033 6.66349e-05 13
0.937595 0.258858 3
0.918841 0.0555726 5
0.949052 0.29339 3
0.957821 0.55129 2
0.944631 0.278151 3
0.975339 0.650834 2
0.940936 0.267352 3
0.93247 0.129917 4
0.977059 0.665108 2
0.955213 0.319879 3
0.941433 0.149201 4
0.919299 0.0284001 6
0.937176 0.139126 4
0.929087 0.0654508 5
0.895252 0.000468367 11
0.980324 0.695238 2
0.94461 0.158034 4
0.911153 0.00608396 8
0.927428 0.0635455 5
0.935933 0.136516 4
0.942875 0.15306 4
0.920621 0.0291348 6
0.931718 0.0687718 5
0.918384 0.0142722 7
0.938919 0.143031 4
0.918693 0.0280772 6
0.945016 0.279371 3
0.948716 0.29213 3
0.895591 0.000992513 10
0.938581 0.14225 4
0.954061 0.314393 3
0.980228 0.694296 2
0.924613 0.0606105 5
0.935821 0.136286 4
0.899594 0.00227806 9
0.923234 0.0592957 5
0.939823 0.145172 4
0.892561 0.000436326 11
0.916893 0.0271677 6
0.948437 0.2911 3
0.941463 0.149279 4
0.903558 0.00249769 9
0.924212 0.0602204 5
0.938568 0.14222 4
0.876829 5.92738e-06 16
0.967586 0.597865 2
0.925724 0.0617274 5
0.899139 0.00108342 10
0.915631 0.0134041 7
0.947116 0.286373 3
0.940771 0.147511 4
0.906349 0.00544907 8
0.945983 0.282523 3
0.910983 0.0121648 7
26 0 2 3 4 5 6 8 9 10 11 12 13 14 16 17 19 20 22 24 27 30 34 35 37 38 39 
32 0 2 3 4 5 6 7 8 9 10 11 12 13 14 15 17 18 19 20 22 24 25 27 28 29 30 31 34 35 37 38 39 
34 0 2 3 4 5 6 8 9 10 11 12 13 14 15 16 17 19 20 21 22 23 24 25 27 28 29 30 32 34 35 36 37 38 39 
10 2 3 6 10 14 19 22 30 34 35 
24 0 2 3 4 5 6 8 9 10 11 13 14 17 19 20 22 24 27 30 34 35 37 38 39 
29 0 2 3 4 6 8 9 10 11 12 13 14 15 16 17 19 20 22 24 25 27 28 29 30 34 35 37 38 39 
23 0 2 3 4 5 6 8 10 11 13 14 17 19 20 22 24 27 30 34 35 37 38 39 
25 0 2 3 4 5 6 8 9 10 11 12 13 14 17 19 20 22 24 27 30 34 35 37 38 39 
38 0 1 2 3 4 5 6 7 8 9 10 11 12 13 14 15 16 17 19 20 21 22 23 24 25 26 27 28 29 30 32 33 34 35 36 37 38 39 
32 0 2 3 4 5 6 7 8 9 10 11 12 13 14 15 17 18 19 20 22 24 25 27 28 29 30 31 34 35 37 38 39 
30 0 2 3 4 5 6 7 8 9 10 11 12 13 14 15 17 18 19 20 22 24 25 27 28 30 34 35 37 38 39 
27 0 2 3 4 5 6 8 9 10 11 12 13 14 15 16 17 19 20 22 24 27 30 34 35 37 38 39 
33 0 2 3 4 5 6 7 8 9 10 11 12 13 14 15 16 17 18 19 20 22 24 25 27 28 29 30 31 34 35 37 38 39 
32 0 2 3 4 5 6 7 8 9 10 11 12 13 14 15 17 18 19 20 22 24 25 27 28 29 30 33 34 35 37 38 39 
33 0 2 3 4 5 6 8 9 10 11 12 13 14 15 16 17 19 20 21 22 24 25 27 28 29 30 32 34 35 36 37 38 39 
