60 15 8e+06
1.51759 166803
2.43627 108599
1.23678 188608
2.10222 181882
2.37891 190997
1.48605 150077
1.18038 160237
1.68748 107173
1.33816 159868
1.90343 119056
2.71135 159644
2.47088 147979
2.52704 191093
1.53079 104903
2.53091 111915
1.6092 192930
1.77005 107780
2.35708 164880
1.67179 120833
2.60544 183699
1.99503 103097
2.64849 158448
1.33652 159401
1.6337 169727
1.43417 137636
1.62262 110811
1.69149 180847
1.83652 166718
1.17744 128360
2.16215 137422
1.0254 165706
1.91723 156986
1.34432 102830
1.58566 126098
1.04924 193118
2.97172 127693
2.21444 192259
2.6673 125019
2.17641 198815
1.03154 189644
2.16582 151535
1.26193 166058
2.76672 171858
1.97722 120854
1.07658 196890
2.37321 166851
1.52777 108904
1.87015 192026
1.59806 175129
2.36308 138792
1.75346 128750
1.19878 130015
2.93316 168633
1.25375 182403
1.39044 185006
2.59148 194494
1.41688 137813
2.04149 155378
1.60984 117286
1.32672 101739
0.934919 0.134484 4
0.959822 0.559393 2
0.913399 0.0255885 6
0.95603 0.544568 2
0.932334 0.129677 4
0.950801 0.300227 3
0.89404 0.00202816 9
0.955713 0.543426 2
0.941723 0.26952 3
0.928527 0.123463 4
0.937523 0.258689 3
0.908754 0.0238109 6
0.952352 0.306727 3
0.914125 0.025898 6
0.898447 0.00465785 8
0.977536 0.669259 2
0.9614 0.566259 2
0.96317 0.574501 2
0.909174 0.0117472 7
0.979772 0.689852 2
0.972365 0.628468 2
0.906254 0.0111372 7
0.947384 0.287313 3
0.989696 1 1
0.95153 0.303228 3
0.927639 0.0637803 5
0.907246 0.0113361 7
0.918398 0.0279232 6
0.903407 0.00512291 8
0.93619 0.137043 4
0.97022 0.613976 2
0.957096 0.329455 3
0.961826 0.357193 3
0.909379 0.005833 8
0.97308 0.633592 2
0.966341 0.590847 2
0.899694 0.00109904 10
0.94323 0.154046 4
0.98238 0.716468 2
0.944565 0.1579 4
0.934448 0.0726569 5
0.901563 0.00115485 10
0.916383 0.0136302 7
0.898506 0.00051306 11
0.929454 0.065891 5
0.923663 0.0596963 5
0.926843 0.0629067 5
0.923225 0.0592874 5
0.914153 0.02591 6
0.925844 0.0618505 5
0.927368 0.06348 5
0.862487 2.9219e-08 22
0.91683 0.027137 6
0.934978 0.134599 4
0.903358 0.00511778 8
0.981371 0.705826 2
0.870835 9.9747e-07 18
0.906285 0.00544144 8
0.872953 2.37361e-06 17
0.884422 7.67589e-05 13
0.941078 0.148289 4
0.959902 0.345227 3
0.922642 0.030345 6
0.944868 0.158808 4
0.939478 0.144344 4
0.954264 0.315337 3
0.892408 0.00043463 11
0.952411 0.306982 3
0.949326 0.294426 3
0.930233 0.0668494 5
0.944948 0.159049 4
0.904541 0.00255863 9
0.942685 0.152536 4
0.90815 0.00567086 8
0.902609 0.00244145 9
0.942616 0.506623 2
0.92316 0.116148 4
0.963401 0.57562 2
0.883389 0.00167925 9
0.948748 0.521609 2
0.932641 0.248114 3
0.870985 0.000123664 12
0.909834 0.0496792 5
0.952829 0.533675 2
0.914333 0.106882 4
0.940908 0.267277 3
0.870232 0.000121861 12
0.885854 0.00381091 8
0.866675 5.0401e-05 13
0.909609 0.0495559 5
0.911151 0.00608376 8
0.945625 0.16113 4
0.879223 2.94147e-06 17
0.964941 0.583365 2
0.905197 0.00260089 9
0.931135 0.0680022 5
0.915966 0.0135038 7
0.95789 0.333725 3
0.910615 0.00600568 8
0.925377 0.0321699 6
0.884656 1.66463e-05 15
0.941651 0.149769 4
0.990278 1 1
0.955773 0.322649 3
0.89085 9.27045e-05 13
0.955564 0.321609 3
0.950666 0.299684 3
0.95088 0.30055 3
0.913898 0.0258003 6
0.958002 0.552 2
0.955939 0.323482 3
0.888633 0.000396131 11
0.937787 0.140463 4
0.967396 0.596771 2
0.932328 0.129667 4
0.949019 0.293264 3
0.893186 0.000938687 10
0.916209 0.0268399 6
0.89212 0.000916584 10
0.915121 0.0263376 6
0.944111 0.509971 2
0.975204 1 1
0.909067 0.102547 4
0.939003 0.49923 2
0.937255 0.495971 2
0.96329 1 1
0.942626 0.506646 2
0.988855 1 1
0.94062 0.502423 2
0.962143 0.569647 2
0.89091 0.0192114 6
0.959782 0.559227 2
0.964799 1 1
0.961873 0.568406 2
0.926212 0.236794 3
0.977106 1 1
0.945131 0.27974 3
0.96071 0.563205 2
0.88367 0.000771861 10
0.976656 1 1
0.959278 0.557128 2
0.928785 0.123854 4
0.935669 0.25444 3
0.966708 0.592876 2
0.965991 0.588936 2
0.888227 0.00182069 9
0.917397 0.0544861 5
0.901297 0.0102546 7
0.906745 0.0231369 6
0.977201 1 1
0.917421 0.0139557 7
0.94885 0.292632 3
0.892364 0.000205196 12
0.980494 0.696928 2
0.913594 0.012829 7
0.935961 0.136574 4
0.892483 0.0002059 12
0.951927 0.304904 3
0.921989 0.0299418 6
0.918472 0.027962 6
0.919694 0.0286149 6
0.912351 0.0125033 7
0.968219 0.601581 2
0.921867 0.029868 6
0.885544 3.68223e-05 14
0.961911 0.56858 2
0.96059 0.562679 2
0.92826 0.240123 3
0.903039 0.0463388 5
0.955045 0.541069 2
0.965763 0.587705 2
0.96041 0.561903 2
0.959293 0.557189 2
0.95153 0.529626 2
0.991384 1 1
0.878997 0.00156959 9
0.953483 0.53579 2
0.92651 0.237264 3
0.941925 0.505135 2
0.963708 0.577127 2
0.958367 0.553437 2
0.92322 0.116222 4
0.972882 1 1
0.864611 2.13182e-05 14
0.96308 0.574067 2
0.937785 0.259312 3
0.905167 0.0226425 6
0.912315 0.0511094 5
0.953899 0.537166 2
0.939471 0.26349 3
0.885946 0.00175095 9
0.892252 0.00901341 7
0.879235 0.000712659 10
0.881772 0.000745371 10
0.959947 0.559923 2
0.973177 1 1
0.985372 1 1
0.942336 0.506016 2
0.926702 0.237569 3
0.968581 1 1
0.990197 1 1
0.92148 0.114149 4
0.971008 1 1
0.975926 1 1
0.964507 0.581132 2
0.918522 0.110917 4
0.927245 0.238443 3
0.940079 0.501335 2
0.925074 0.235044 3
0.936295 0.255841 3
0.952932 0.309266 3
0.928845 0.0651643 5
0.976382 0.659368 2
0.883095 1.58053e-05 15
0.959675 0.34388 3
0.94007 0.145772 4
0.880577 6.70783e-06 16
0.915303 0.0133077 7
0.961969 0.358124 3
0.92392 0.0311693 6
0.930524 0.0672168 5
0.878001 2.81585e-06 17
0.888511 8.63133e-05 13
0.873196 4.89973e-07 19
0.921639 0.0297302 6
0.941521 0.268957 3
0.906858 0.0231733 6
0.965949 0.588709 2
0.850149 3.50616e-09 24
0.946929 0.285727 3
0.921186 0.057477 5
0.889948 0.00187733 9
0.895769 0.0044432 8
0.938824 0.261856 3
0.922079 0.114848 4
0.87929 0.000147153 12
0.876062 6.19849e-05 13
0.863517 1.78583e-06 17
0.8655 4.26098e-06 16
0.945146 0.279786 3
0.926042 0.0620565 5
0.926655 0.0627048 5
0.92764 0.0637817 5
0.910189 0.0119774 7
0.928679 0.064969 5
0.9283 0.06453 5
0.863007 6.72825e-08 21
0.916023 0.0267525 6
0.937542 0.139923 4
0.904514 0.00524065 8
0.979204 0.684434 2
0.870336 9.80835e-07 18
0.903607 0.00514372 8
0.871788 2.28635e-06 17
0.886967 0.000177056 12
0.941654 0.269327 3
0.90768 0.048536 5
0.956873 0.547674 2
0.849354 4.24832e-08 21
0.945584 0.513455 2
0.921843 0.114571 4
0.899396 0.0210562 6
0.897761 0.00972088 7
0.936275 0.255796 3
0.927265 0.238476 3
0.870441 0.000122358 12
0.883131 0.00167237 9
0.864876 2.14434e-05 14
0.871348 0.000124548 12
0.955573 0.542929 2
0.95394 0.31383 3
0.919862 0.0563794 5
0.96289 0.573157 2
0.860539 2.71241e-08 22
0.957337 0.549427 2
0.934138 0.132977 4
0.909392 0.0117958 7
0.909956 0.0119237 7
0.947568 0.287962 3
0.93972 0.144925 4
0.877395 2.90801e-05 14
0.894257 0.000961939 10
0.876602 1.29329e-05 15
0.882727 7.33054e-05 13
0.965911 0.588504 2
0.894284 0.00203796 9
0.92765 0.12216 4
0.867196 4.46058e-06 16
0.989053 1 1
0.889687 0.000869724 10
0.913593 0.0256702 6
0.885474 0.000368466 11
0.93545 0.253957 3
0.897071 0.00454472 8
0.901201 0.0102393 7
0.895108 0.00439357 8
0.909683 0.0241405 6
0.968195 0.601438 2
0.923402 0.116446 4
0.867515 4.49977e-06 16
0.969661 0.61041 2
0.956447 0.546093 2
0.961983 0.568908 2
0.909046 0.0239131 6
0.97264 0.630415 2
0.965645 0.587074 2
0.899062 0.00471052 8
0.942598 0.272013 3
0.981826 1 1
0.943909 0.275914 3
0.93491 0.134466 4
0.900915 0.00487722 8
0.915883 0.053411 5
0.897875 0.00461007 8
0.928996 0.124177 4
0.97058 1 1
0.945536 0.513338 2
0.977744 1 1
0.894607 0.00929942 7
0.976902 1 1
0.957697 0.55081 2
0.896775 0.020433 6
0.931803 0.246485 3
0.980253 1 1
0.941225 0.503664 2
0.926241 0.236839 3
0.894691 0.00931 7
0.902866 0.0219708 6
0.889628 0.00871973 7
0.934918 0.252804 3
0.946131 0.514796 2
0.957885 0.55154 2
0.911513 0.0506333 5
0.91031 0.0499442 5
0.938973 0.262229 3
0.956287 0.545505 2
0.970365 1 1
0.963277 0.575019 2
0.937445 0.258502 3
0.975422 1 1
0.872012 0.000126197 12
0.972018 1 1
0.936577 0.256483 3
0.960128 0.560692 2
0.946966 0.516898 2
0.956689 0.327321 3
0.954268 0.315358 3
0.924507 0.0605063 5
0.898275 0.0010599 10
0.950158 0.297656 3
0.959212 0.341169 3
0.965703 0.587382 2
0.953895 0.313622 3
0.945924 0.282325 3
0.984819 1 1
0.873077 2.38315e-06 17
0.954993 0.318814 3
0.922384 0.0301843 6
0.941861 0.150321 4
0.965451 0.58604 2
0.940318 0.265695 3
0.976149 0.657426 2
0.907664 0.0234387 6
0.953521 0.535916 2
0.93436 0.133401 4
0.961052 0.564706 2
0.926685 0.120779 4
0.986926 1 1
0.94007 0.265042 3
0.950775 0.300123 3
0.902523 0.0104571 7
0.945032 0.279422 3
0.975304 0.650553 2
0.950761 0.300067 3
0.915248 0.0529783 5
0.938464 0.260962 3
0.920603 0.113155 4
0.958438 0.553723 2
0.883208 0.000765233 10
0.944387 0.277388 3
0.929442 0.242156 3
0.867261 2.26258e-05 14
0.907425 0.0233592 6
0.948936 0.522124 2
0.910523 0.0500639 5
0.944691 0.278339 3
0.86714 2.25629e-05 14
0.884554 0.00171113 9
0.864029 4.09871e-06 16
0.905025 0.0225992 6
0.92828 0.064507 5
0.96376 0.577385 2
0.896926 0.00102498 10
0.965322 0.585362 2
0.922652 0.0303509 6
0.948768 0.292325 3
0.918298 0.0278714 6
0.973839 0.6392 2
0.928889 0.0652165 5
0.938301 0.141613 4
0.900914 0.0023469 9
0.939707 0.144894 4
0.987657 1 1
0.949049 0.293379 3
0.903154 0.00247345 9
0.927254 0.121587 4
0.894081 0.00431886 8
0.943499 0.27467 3
0.836411 5.21216e-12 0
0.93097 0.127339 4
0.907934 0.0235294 6
0.891245 0.0019225 9
0.884683 0.000786775 10
0.921781 0.0579899 5
0.914849 0.0527115 5
0.858285 1.29791e-07 20
0.873148 2.60467e-05 14
0.852196 8.72733e-09 23
0.860731 3.19562e-07 19
0.945899 0.282243 3
0.969853 0.611626 2
0.981055 1 1
0.933266 0.131351 4
0.919377 0.0559919 5
0.962459 0.571122 2
0.984146 1 1
0.944205 0.276824 3
0.976103 0.657052 2
0.963368 0.575459 2
0.985696 1 1
0.896412 0.00212774 9
0.947309 0.287051 3
0.940349 0.265777 3
0.941426 0.268694 3
0.949826 0.296355 3
0.88887 0.00085502 10
0.920862 0.0572028 5
0.864016 8.01408e-07 18
0.984809 1 1
0.884854 0.000363452 11
0.907464 0.0113809 7
0.874769 2.71403e-05 14
0.926936 0.121133 4
0.892801 0.00197985 9
0.893043 0.00198911 9
0.900266 0.00481742 8
0.898118 0.00463027 8
0.956728 0.547131 2
0.911289 0.0247398 6
0.860019 1.37371e-07 20
0.930406 0.243879 3
0.940978 0.503154 2
0.921385 0.229808 3
0.931254 0.245446 3
0.930891 0.24477 3
0.938612 0.498484 2
0.874746 0.000661245 10
0.932273 0.247393 3
0.94076 0.502708 2
0.914165 0.106731 4
0.965769 1 1
0.885335 0.00378334 8
0.92382 0.233192 3
0.888572 0.00860829 7
0.890809 0.00884888 7
0.881888 3.24606e-06 17
0.914628 0.00664169 8
0.855767 1.34106e-11 0
0.977242 0.666693 2
0.877482 5.79334e-07 19
0.900835 0.000549809 11
0.87427 1.05607e-07 21
0.922266 0.0157062 7
0.884945 7.83286e-06 16
0.888517 1.90519e-05 15
0.888864 1.92936e-05 15
0.898878 0.000250846 12
0.955201 0.319824 3
0.913247 0.00640878 8
0.855285 1.30654e-11 0
0.995958 1 1
0.963572 0.576459 2
0.963643 0.576806 2
0.903322 0.00511411 8
0.993374 1 1
0.978601 0.678821 2
0.920756 0.0571139 5
0.950801 0.300227 3
0.991605 1 1
0.966459 0.591496 2
0.910503 0.0120508 7
0.917986 0.0277116 6
0.917513 0.027473 6
0.911478 0.0122848 7
0.95359 0.312222 3
0.938007 0.140951 4
0.971632 0.623364 2
0.909367 0.00583134 8
0.961578 0.56706 2
0.933363 0.071056 5
0.957811 0.333295 3
0.911357 0.0122554 7
0.973945 0.640004 2
0.941063 0.148251 4
0.940609 0.147103 4
0.917152 0.027294 6
0.928527 0.0647923 5
0.970859 0.61816 2
0.93475 0.134154 4
0.906849 0.00550885 8
0.932659 0.248149 3
0.952863 0.533782 2
0.915141 0.0529066 5
0.949136 0.522676 2
0.931108 0.245173 3
0.94613 0.283012 3
0.886378 0.00176374 9
0.946983 0.285913 3
0.940899 0.26725 3
0.922673 0.115556 4
0.947458 0.518167 2
0.899883 0.0100326 7
0.942588 0.271983 3
0.904714 0.0225055 6
0.894656 0.00436036 8
0.971064 1 1
0.941556 0.504356 2
0.955043 0.541064 2
0.880237 0.00159898 9
0.969914 1 1
0.955013 0.540958 2
0.932573 0.24798 3
0.933176 0.24918 3
0.960213 0.561055 2
0.965773 1 1
0.88203 0.00361823 8
0.9191 0.111522 4
0.898903 0.0209347 6
0.907481 0.0484346 5
0.984105 1 1
0.927538 0.0636678 5
0.962914 0.364414 3
0.895561 0.000472318 11
0.962999 0.364998 3
0.921695 0.0297638 6
0.947995 0.289489 3
0.921132 0.0294302 6
0.974218 0.642077 2
0.927532 0.0636615 5
0.939165 0.143606 4
0.897356 0.000496448 11
0.943191 0.153936 4
0.988693 1 1
0.952908 0.30916 3
0.90391 0.00251918 9
0.988457 1 1
0.952485 0.532584 2
0.973015 0.633115 2
0.892986 0.00198691 9
0.994779 1 1
0.967449 0.597077 2
0.916517 0.0538534 5
0.940135 0.265212 3
0.984733 1 1
0.960209 0.561037 2
0.906548 0.0230736 6
0.910712 0.0245202 6
0.90693 0.0231969 6
0.903005 0.0105394 7
0.957419 0.549739 2
0.92373 0.233062 3
0.958702 0.554778 2
0.893893 0.0198055 6
0.973286 1 1
0.918549 0.226188 3
0.943951 0.509606 2
0.910427 0.103597 4
0.966874 1 1
0.925458 0.235627 3
0.931442 0.2458 3
0.904749 0.0471093 5
0.93194 0.246749 3
0.987286 1 1
0.941979 0.505251 2
0.896736 0.0438252 5
0.940468 0.266094 3
0.906635 0.0112127 7
0.955332 0.542074 2
0.848297 1.13092e-10 28
0.944295 0.277102 3
0.920753 0.0571111 5
0.899301 0.00473131 8
0.896829 0.00214628 9
0.934951 0.134547 4
0.926553 0.120594 4
0.86904 2.09884e-06 17
0.882746 0.00015941 12
0.863953 3.54248e-07 19
0.870841 4.94181e-06 16
0.955422 0.542394 2
0.938409 0.141859 4
0.916392 0.0269266 6
0.964459 0.580888 2
0.875437 1.25054e-05 15
0.94501 0.279351 3
0.926615 0.0626618 5
0.867124 3.93915e-07 19
0.903076 0.00508875 8
0.947664 0.288302 3
0.909877 0.0119055 7
0.934522 0.133712 4
0.864994 1.62904e-07 20
0.878381 2.98687e-05 14
0.860772 2.73637e-08 22
0.908331 0.0115634 7
0.953322 0.535264 2
0.96145 0.566485 2
0.918652 0.226313 3
0.909072 0.10255 4
0.946164 0.514878 2
0.962068 0.569302 2
0.96603 1 1
0.964256 1 1
0.944201 0.510178 2
0.983057 1 1
0.876255 0.00150844 9
0.964405 1 1
0.934215 0.251313 3
0.953148 0.534699 2
0.953108 0.534572 2
0.953013 0.309624 3
0.920707 0.0291838 6
0.955 0.318844 3
0.860825 5.34383e-09 24
0.954953 0.318619 3
0.934511 0.133691 4
0.916785 0.0271151 6
0.911859 0.012379 7
0.944882 0.278943 3
0.943681 0.155323 4
0.871945 1.03596e-06 18
0.900041 0.00230091 9
0.878342 6.22482e-06 16
0.887678 0.000180367 12
0.974066 0.640916 2
0.979884 1 1
0.980771 1 1
0.943257 0.508036 2
0.916899 0.109284 4
0.972692 1 1
0.993176 1 1
0.934961 0.252896 3
0.970128 1 1
0.974464 1 1
0.980435 1 1
0.904201 0.0223536 6
0.936509 0.256326 3
0.934863 0.252686 3
0.930979 0.244932 3
0.950739 0.527259 2
0.926135 0.120014 4
0.94174 0.269569 3
0.892289 0.00901771 7
0.906756 0.048071 5
0.919116 0.111539 4
0.937322 0.258213 3
0.977334 1 1
0.950857 0.527609 2
0.917877 0.110257 4
0.954843 0.540369 2
0.8571 1.5022e-06 17
0.991182 1 1
0.934634 0.252196 3
0.9739 1 1
0.931075 0.245111 3
0.951226 0.528708 2
0.925567 0.235793 3
0.978585 1 1
0.879019 0.0015701 9
0.958227 0.552883 2
0.937221 0.257975 3
0.879343 0.00157769 9
0.912084 0.10494 4
0.959445 0.557817 2
0.922226 0.115021 4
0.926848 0.237803 3
0.87587 0.000673423 10
0.884831 0.00375705 8
0.870623 0.000275681 11
0.922037 0.114799 4
0.979634 1 1
0.954344 0.538659 2
0.951997 0.531058 2
0.892242 0.00419216 8
0.975336 1 1
0.967422 0.596919 2
0.938301 0.260563 3
0.946081 0.282847 3
0.967524 0.597509 2
0.978073 1 1
0.88841 0.00182653 9
0.928571 0.12353 4
0.911328 0.0505251 5
0.918067 0.110449 4
0.976217 1 1
0.935078 0.253149 3
0.924832 0.118266 4
0.946185 0.51493 2
0.894814 0.00932564 7
0.939642 0.26393 3
0.930913 0.24481 3
0.866045 2.20098e-05 14
0.912316 0.0511104 5
0.946617 0.516012 2
0.909221 0.049345 5
0.960508 0.562323 2
0.869108 5.30288e-05 13
0.893169 0.00912208 7
0.867866 5.16594e-05 13
0.898081 0.0207367 6
0.98562 1 1
0.962068 0.569302 2
0.952325 0.306607 3
0.899408 0.00226872 9
0.979471 0.686967 2
0.975615 0.653054 2
0.936742 0.1382 4
0.9529 0.309125 3
0.973586 0.637316 2
0.981142 0.70347 2
0.894702 0.000971936 10
0.930341 0.126305 4
0.917888 0.0276615 6
0.921228 0.0575125 5
0.968083 0.600773 2
0.96072 0.563249 2
0.936448 0.137581 4
0.942991 0.273161 3
0.876081 2.80823e-05 14
0.958304 0.553187 2
0.94826 0.290453 3
0.941187 0.268037 3
0.930244 0.126147 4
0.94926 0.294176 3
0.965261 0.585039 2
0.871555 5.04547e-06 16
0.924149 0.06016 5
0.896638 0.00213775 9
0.91092 0.0245986 6
0.996384 1 1
0.919028 0.0144919 7
0.943848 0.155803 4
0.884374 7.67009e-06 16
0.923812 0.016357 7
0.911974 0.00312653 9
0.934701 0.0730434 5
0.955558 0.321579 3
0.956536 0.326527 3
0.913133 0.0063903 8
0.944464 0.157603 4
0.862369 2.21647e-10 28
0.984301 0.738055 2
0.952245 0.185183 4
0.993608 1 1
0.914702 0.00665459 8
0.970585 1 1
0.946463 0.515625 2
0.947577 0.518477 2
0.885176 0.00377503 8
0.967196 1 1
0.958687 0.554719 2
0.941448 0.504129 2
0.939484 0.50016 2
0.958721 0.554857 2
0.973942 1 1
0.880202 0.00159816 9
0.928105 0.239863 3
0.905222 0.0473302 5
0.91612 0.108531 4
0.985549 1 1
0.933548 0.13187 4
0.951518 0.303177 3
0.898842 0.00469153 8
0.914575 0.0260942 6
0.926388 0.0624202 5
0.946271 0.283483 3
0.970213 0.61393 2
0.96088 0.563948 2
0.925916 0.0619253 5
0.961573 0.56704 2
0.866087 8.54475e-07 18
0.985729 1 1
0.942373 0.271363 3
0.974301 0.642711 2
0.933424 0.131641 4
0.953291 0.310868 3
0.937656 0.140173 4
0.929594 0.12511 4
0.879545 3.08449e-05 14
0.948976 0.293103 3
0.946658 0.284794 3
0.956191 0.324758 3
0.934445 0.133564 4
0.941469 0.268813 3
0.969421 0.608899 2
0.864856 1.62109e-07 20
0.936934 0.138607 4
0.902295 0.00501008 8
0.922405 0.0585409 5
0.984304 1 1
0.958931 0.555708 2
0.950014 0.525151 2
0.956222 0.545267 2
0.909835 0.04968 5
0.962039 0.569169 2
0.956893 0.547748 2
0.889979 0.00404733 8
0.936712 0.256793 3
0.970957 1 1
0.934148 0.251173 3
0.945241 0.512627 2
0.893253 0.00913219 7
0.913383 0.0517663 5
0.891387 0.00413606 8
0.9188 0.111206 4
0.974524 0.644424 2
0.942714 0.272349 3
0.986055 1 1
0.887697 0.000834751 10
0.982059 1 1
0.95659 0.546619 2
0.901888 0.010351 7
0.929494 0.124952 4
0.979168 1 1
0.945217 0.280016 3
0.914779 0.0526654 5
0.896845 0.00452674 8
0.898401 0.00465397 8
0.890099 0.00188244 9
0.94476 0.278558 3
0.945385 0.280559 3
0.952464 0.30721 3
0.911908 0.0249813 6
0.903392 0.0106066 7
0.938464 0.260963 3
0.952823 0.308784 3
0.975455 0.651764 2
0.95655 0.546473 2
0.935792 0.136228 4
0.975105 0.648971 2
0.867798 2.02164e-06 17
0.969419 0.608888 2
0.929443 0.124873 4
0.955375 0.542229 2
0.951805 0.304385 3
0.945983 0.282523 3
0.973558 0.637105 2
0.910452 0.0120389 7
0.932949 0.130775 4
0.938901 0.142987 4
0.963872 0.577939 2
0.948508 0.29136 3
0.985019 1 1
0.941289 0.14883 4
0.966783 0.593294 2
0.887332 0.000178745 12
0.963959 0.57837 2
0.958985 0.339858 3
0.963419 0.575708 2
0.931087 0.0679393 5
0.92354 0.0162388 7
0.938177 0.0788161 5
0.912436 0.00316937 9
0.938048 0.0785844 5
0.923395 0.0161763 7
0.933739 0.0716016 5
0.87219 4.37612e-08 22
0.931187 0.0369172 6
0.933257 0.0709036 5
0.90974 0.00293337 9
0.963131 0.365898 3
0.884626 3.6097e-06 17
0.927413 0.0336866 6
0.889206 1.95365e-05 15
0.884595 3.60538e-06 17
0.907387 0.0233466 6
0.939502 0.263569 3
0.88202 0.000748727 10
0.991435 1 1
0.903375 0.0221145 6
0.926156 0.120043 4
0.887729 0.00180495 9
0.944349 0.27727 3
0.911513 0.0506329 5
0.910248 0.0499095 5
0.912226 0.0510563 5
0.909338 0.0240165 6
0.96838 0.602538 2
0.920557 0.113103 4
0.877017 0.000139978 12
30 0 1 2 3 4 5 7 10 12 13 14 15 16 20 21 25 29 30 31 32 33 34 37 40 45 47 54 55 58 59 
35 0 1 2 3 4 5 7 10 12 13 14 15 16 17 18 19 20 21 25 27 29 30 31 32 33 34 37 39 40 45 47 54 55 58 59 
18 0 2 3 4 5 7 14 16 20 21 25 30 34 40 45 47 54 58 
18 0 3 4 5 7 10 14 16 25 29 30 31 34 40 47 54 58 59 
35 0 1 2 3 4 5 6 7 8 10 13 14 16 19 20 21 24 25 26 29 30 31 32 33 34 36 38 40 43 45 47 54 55 58 59 
32 0 1 2 3 4 5 7 10 12 13 14 15 16 17 19 20 21 25 29 30 31 32 33 34 37 40 45 47 54 55 58 59 
60 0 1 2 3 4 5 6 7 8 9 10 11 12 13 14 15 16 17 18 19 20 21 22 23 24 25 26 27 28 29 30 31 32 33 34 35 36 37 38 39 40 41 42 43 44 45 46 47 48 49 50 51 52 53 54 55 56 57 58 59 
43 0 1 2 3 4 5 7 9 10 12 13 14 15 16 17 18 20 21 25 27 28 29 30 32 33 34 35 37 38 39 40 42 43 45 46 47 48 49 51 54 55 58 59 
29 0 1 2 3 4 5 7 10 13 14 16 19 20 21 25 26 29 30 31 33 34 38 40 45 47 54 55 58 59 
46 0 1 2 3 4 5 7 9 10 12 13 14 15 16 17 18 19 20 21 24 25 27 28 29 30 31 32 33 34 35 37 38 39 40 42 43 45 46 47 48 49 51 54 55 58 59 
0 
60 0 1 2 3 4 5 6 7 8 9 10 11 12 13 14 15 16 17 18 19 20 21 22 23 24 25 26 27 28 29 30 31 32 33 34 35 36 37 38 39 40 41 42 43 44 45 46 47 48 49 50 51 52 53 54 55 56 57 58 59 
46 0 1 2 3 4 5 7 9 10 12 13 14 15 16 17 18 19 20 21 24 25 26 27 28 29 30 31 32 33 34 35 36 37 38 39 40 42 43 45 46 47 48 54 55 58 59 
46 0 1 2 3 4 5 6 7 8 9 10 12 13 14 15 16 18 19 20 21 24 25 26 28 29 30 31 32 33 34 35 36 37 38 40 43 45 46 47 48 50 54 55 57 58 59 
50 0 1 2 3 4 5 6 7 8 9 10 12 13 14 15 16 17 18 19 20 21 24 25 26 27 28 29 30 32 33 34 35 36 37 38 39 40 42 43 45 46 47 48 49 51 54 55 57 58 59 
