50 15 8e+06
2.60927 140293
1.3692 116382
1.49949 135258
1.75607 161340
2.17449 182378
1.70961 133885
1.61178 101832
1.14264 141751
1.76943 124324
1.66795 132183
2.55987 145265
1.85315 166076
1.61783 153804
1.43135 141897
1.12125 198081
1.71763 106312
1.26983 185601
1.47421 192700
1.42587 123446
2.05585 197883
1.31609 177442
1.46322 193940
2.39907 133919
2.6514 153829
1.25914 154255
1.86335 174525
1.29066 107706
1.66818 188345
2.05385 145287
2.16719 130515
1.23854 110558
1.28969 173868
1.57895 141694
1.07368 164681
2.86266 190308
2.87427 178179
1.4087 122290
2.21164 155495
1.87734 169678
2.2325 196694
1.98365 133326
2.58976 155400
1.78 184214
2.14718 161976
1.86783 180346
2.68356 173957
1.17165 173816
2.62068 193550
2.58281 124410
1.6803 118404
0.941805 0.269749 3
0.898061 0.00462551 8
0.9602 0.561001 2
0.878061 6.50496e-05 13
0.88619 0.000374414 11
0.885092 0.000365357 11
0.9185 0.0553104 5
0.873394 1.18083e-05 15
0.916121 0.0267981 6
0.904104 0.010733 7
0.941741 0.269571 3
0.95097 0.300914 3
0.908076 0.0115089 7
0.913154 0.0254863 6
0.894024 0.00202749 9
0.959784 0.344522 3
0.894382 0.000457558 11
0.958 0.334329 3
0.928518 0.0647818 5
0.875637 2.59458e-06 17
0.87928 6.42084e-06 16
0.899967 0.0011069 10
0.924796 0.0607904 5
0.902029 0.00240824 9
0.892 0.000430146 11
0.909377 0.00583271 8
0.96979 0.611224 2
0.924098 0.0312877 6
0.894376 0.00045749 11
0.906088 0.0054184 8
0.950683 0.29975 3
0.97979 1 1
0.944516 0.277789 3
0.901936 0.00497481 8
0.959434 0.557771 2
0.963408 0.575658 2
0.973109 0.633799 2
0.895836 0.00210262 9
0.980155 1 1
0.975261 0.650211 2
0.953857 0.313449 3
0.895623 0.00209352 9
0.971561 0.62288 2
0.969969 0.612367 2
0.970859 0.61816 2
0.937838 0.259441 3
0.880417 0.000150963 12
0.927929 0.122569 4
0.954348 0.538673 2
0.860425 1.39234e-07 20
0.866062 1.92071e-06 17
0.878531 6.58078e-05 13
0.952927 0.533988 2
0.882143 0.000157146 12
0.874285 2.6806e-05 14
0.882035 0.000156743 12
0.939405 0.263321 3
0.915749 0.0533185 5
0.873511 2.62852e-05 14
0.899234 0.00472545 8
0.926615 0.0626618 5
0.936219 0.137104 4
0.909866 0.0119031 7
0.936831 0.138388 4
0.918278 0.0278612 6
0.928145 0.0643517 5
0.913114 0.0127011 7
0.931872 0.0689779 5
0.92013 0.0288567 6
0.921521 0.02966 6
0.895787 0.000997157 10
0.875459 2.57896e-06 17
0.960324 0.347763 3
0.911488 0.0122874 7
0.964535 0.581277 2
0.975739 1 1
0.94562 0.281325 3
0.95847 0.553849 2
0.935245 0.253512 3
0.92411 0.117335 4
0.930116 0.125941 4
0.939535 0.263656 3
0.928937 0.124087 4
0.94483 0.278778 3
0.938157 0.260212 3
0.932992 0.248811 3
0.918292 0.0551524 5
0.981291 1 1
0.934978 0.252932 3
0.962167 0.569758 2
0.956523 0.546372 2
0.973801 1 1
0.95016 0.525571 2
0.905369 0.022704 6
0.953683 0.53645 2
0.957493 0.550023 2
0.970791 0.617704 2
0.899234 0.00993469 7
0.977054 1 1
0.970133 0.613418 2
0.955213 0.541655 2
0.901107 0.0214933 6
0.973845 1 1
0.966756 0.593144 2
0.969132 0.607106 2
0.936374 0.137426 4
0.929536 0.0659899 5
0.918522 0.0279878 6
0.952564 0.307646 3
0.909745 0.0118755 7
0.918908 0.0281907 6
0.910586 0.0120703 7
0.947117 0.286379 3
0.917265 0.02735 6
0.916208 0.0268394 6
0.896963 0.00102592 10
0.888065 0.000182217 12
0.96227 0.570236 2
0.907967 0.00564751 8
0.958099 0.334874 3
0.956994 0.328914 3
0.898945 0.000519673 11
0.944767 0.158505 4
0.956052 0.324051 3
0.878603 6.06526e-07 19
0.884192 7.61947e-06 16
0.897039 0.000236364 12
0.952026 0.184264 4
0.900832 0.000549774 11
0.892855 9.88251e-05 13
0.899462 0.000527623 11
0.942321 0.151547 4
0.934496 0.07273 5
0.891963 4.55724e-05 14
0.917179 0.00711595 8
0.933071 0.248969 3
0.958268 0.553046 2
0.918604 0.0553902 5
0.921324 0.11397 4
0.939924 0.264661 3
0.949895 0.524812 2
0.933236 0.2493 3
0.915738 0.0533112 5
0.940467 0.266091 3
0.942995 0.273172 3
0.913214 0.0516605 5
0.877743 0.000142201 12
0.97272 0.630993 2
0.93213 0.247115 3
0.985955 1 1
0.949466 0.294962 3
0.886931 0.000822018 10
0.957676 0.550731 2
0.905716 0.0110326 7
0.870266 4.86062e-06 16
0.872244 1.14424e-05 15
0.898252 0.00464143 8
0.902078 0.0103825 7
0.898711 0.00468032 8
0.887584 0.000832857 10
0.913449 0.0256097 6
0.989389 1 1
0.910694 0.0245134 6
0.892553 0.00197049 9
0.893388 0.00200242 9
0.956731 0.547144 2
0.921765 0.11448 4
0.938334 0.260643 3
0.964576 0.581484 2
0.900586 0.0213574 6
0.90801 0.0487057 5
0.911376 0.050553 5
0.958049 0.552182 2
0.916932 0.109316 4
0.911906 0.050865 5
0.904979 0.0472162 5
0.914239 0.106797 4
0.960391 0.561821 2
0.907276 0.0483307 5
0.945722 0.51379 2
0.924639 0.118015 4
0.914666 0.0525908 5
0.906712 0.0231262 6
0.960058 0.560395 2
0.895652 0.00443435 8
0.904923 0.0225683 6
0.895565 0.00442776 8
0.955872 0.543998 2
0.902137 0.0217693 6
0.901283 0.0102524 7
0.882567 0.000756238 10
0.881371 0.000337506 11
0.946513 0.284301 3
0.893008 0.00424389 8
0.942914 0.272933 3
0.989383 1 1
0.935354 0.253749 3
0.987128 1 1
0.917057 0.0542393 5
0.917057 0.0542393 5
0.919768 0.112236 4
0.943464 0.274564 3
0.911294 0.0505054 5
0.945608 0.281285 3
0.934756 0.252456 3
0.949457 0.523571 2
0.938134 0.260155 3
0.956638 0.546798 2
0.937628 0.258939 3
0.940002 0.264866 3
0.981999 1 1
0.916955 0.0541655 5
0.969777 0.611144 2
0.937541 0.258732 3
0.897091 0.00962738 7
0.901505 0.0215988 6
0.919245 0.111675 4
0.932271 0.247389 3
0.922382 0.115206 4
0.913061 0.0515656 5
0.923602 0.116694 4
0.948362 0.520562 2
0.948568 0.521118 2
0.913786 0.0520211 5
0.930081 0.243292 3
0.941885 0.505049 2
0.89652 0.0437471 5
0.960062 0.560409 2
0.879024 0.00348163 8
0.88434 0.00819559 7
0.883417 0.00811208 7
0.916476 0.223736 3
0.874429 0.00147039 9
0.914259 0.106815 4
0.902257 0.0459998 5
0.939334 0.499868 2
0.953621 0.536243 2
0.907455 0.101357 4
0.911093 0.104128 4
0.893127 0.0196479 6
0.94961 0.174734 4
0.900887 0.000550685 11
0.967583 0.399597 3
0.886625 8.34225e-06 16
0.88757 1.84148e-05 15
0.887261 1.8214e-05 15
0.919276 0.0145786 7
0.88197 3.25605e-06 17
0.917676 0.00721554 8
0.905643 0.00129599 10
0.940414 0.0830584 5
0.958141 0.335104 3
0.914023 0.00653767 8
0.913698 0.00648314 8
0.899082 0.000252534 12
0.94872 0.521533 2
0.88408 0.000777825 10
0.95077 0.527352 2
0.918426 0.110817 4
0.866094 9.76074e-06 15
0.869184 2.36579e-05 14
0.891658 0.00415365 8
0.915294 0.0530092 5
0.893105 0.00425056 8
0.882709 0.000758217 10
0.903536 0.0221606 6
0.981205 1 1
0.912111 0.0509872 5
0.886038 0.00175368 9
0.89436 0.00433891 8
0.919373 0.111812 4
0.898525 0.00983032 7
0.901722 0.0216568 6
0.975565 1 1
0.879186 0.00071206 10
0.888022 0.00393108 8
0.881999 0.000748446 10
0.973167 1 1
0.888177 0.00394001 8
0.886091 0.00175523 9
0.87187 0.000125842 12
0.884159 0.00170018 9
0.932637 0.248107 3
0.878956 0.00070923 10
0.925969 0.119786 4
0.969335 1 1
0.961109 1 1
0.961601 1 1
0.913227 0.105908 4
0.941115 0.503437 2
0.944932 0.51189 2
0.96188 1 1
0.907061 0.101075 4
0.966668 1 1
0.957915 0.551658 2
0.954003 0.537514 2
0.912712 0.105467 4
0.975764 1 1
0.956865 0.547644 2
0.963498 1 1
0.920431 0.0290265 6
0.915171 0.0132696 7
0.902668 0.00244488 9
0.95426 0.315322 3
0.896781 0.00102135 10
0.906271 0.00543987 8
0.894765 0.000462259 11
0.950415 0.298675 3
0.901454 0.00237623 9
0.901353 0.00237065 9
0.880612 1.4598e-05 15
0.876112 2.63687e-06 17
0.944911 0.158938 4
0.892509 0.000435748 11
0.943416 0.154569 4
0.959054 0.340258 3
0.903508 0.00121856 10
0.945055 0.159374 4
0.959772 0.344449 3
0.882931 7.28124e-06 16
0.888825 4.09261e-05 14
0.900274 0.00054057 11
0.95513 0.319477 3
0.904382 0.00124927 10
0.896808 0.000234644 12
0.901224 0.00114434 10
0.937454 0.0775363 5
0.9398 0.145118 4
0.895318 0.000224019 12
0.922651 0.0303502 6
0.934651 0.252232 3
0.994871 1 1
0.929281 0.241874 3
0.890621 0.00882799 7
0.975611 1 1
0.979714 1 1
0.974265 1 1
0.884666 0.00374853 8
0.981217 1 1
0.986929 1 1
0.948077 0.519798 2
0.880854 0.00161406 9
0.960016 0.560216 2
0.974827 1 1
0.967916 1 1
0.970962 0.618842 2
0.904833 0.0108661 7
0.97077 0.61757 2
0.925149 0.118684 4
0.88633 0.000812289 10
0.889585 0.00186506 9
0.911724 0.0249091 6
0.920675 0.057046 5
0.91359 0.0518966 5
0.903183 0.0105702 7
0.921475 0.0577244 5
0.966075 0.589391 2
0.932661 0.130258 4
0.90603 0.0229092 6
0.914623 0.0525626 5
0.939511 0.0812921 5
0.986653 0.767014 2
0.930499 0.0362842 6
0.902748 0.000583474 11
0.964386 0.374744 3
0.972261 0.627731 2
0.961911 0.357749 3
0.896782 0.00023445 12
0.969335 0.608367 2
0.97212 0.62674 2
0.938837 0.0800204 5
0.883444 3.44578e-06 17
0.972043 0.626203 2
0.961152 0.352888 3
0.982679 0.719724 2
0.929095 0.241551 3
0.887415 0.00389651 8
0.913573 0.106209 4
0.989389 1 1
0.867082 0.000114801 12
0.874515 0.000658799 10
0.877857 0.000696064 10
0.988083 1 1
0.882955 0.00366278 8
0.877798 0.000695365 10
0.874277 0.000656298 10
0.908897 0.0491711 5
0.924537 0.234241 3
0.873692 0.000291057 11
0.911624 0.104559 4
0.94063 0.266527 3
0.888463 0.000394544 11
0.927448 0.0635676 5
0.969004 0.60632 2
0.868055 9.09812e-07 18
0.874425 1.21523e-05 15
0.88351 0.000162367 12
0.966669 0.592659 2
0.8878 0.000388468 11
0.880905 6.98791e-05 13
0.883909 0.000163951 12
0.928798 0.123874 4
0.925184 0.0611775 5
0.87877 3.01895e-05 14
0.909497 0.0118193 7
0.929624 0.0355077 6
0.940252 0.0827352 5
0.913065 0.00637931 8
0.935457 0.0742206 5
0.921961 0.0155834 7
0.93179 0.0688679 5
0.917222 0.00712437 8
0.930273 0.0360801 6
0.924266 0.0314007 6
0.925565 0.0323035 6
0.899764 0.000532372 11
0.877549 5.80926e-07 19
0.964358 0.374544 3
0.915564 0.00680883 8
0.968817 0.605176 2
0.934387 0.251673 3
0.977019 1 1
0.923136 0.232214 3
0.907397 0.101316 4
0.957907 0.551629 2
0.96764 1 1
0.949937 0.524932 2
0.901589 0.0457172 5
0.95724 0.549058 2
0.961236 0.565526 2
0.927207 0.238382 3
0.878065 0.00154823 9
0.972116 1 1
0.949515 0.523736 2
0.990199 1 1
0.933757 0.132259 4
0.962981 0.573593 2
0.937104 0.138973 4
0.87477 1.22709e-05 15
0.960014 0.560204 2
0.955404 0.320815 3
0.993093 1 1
0.86885 2.08679e-06 17
0.985506 1 1
0.976991 0.66453 2
0.976399 0.659511 2
0.889246 0.000401956 11
0.940108 0.265141 3
0.990438 1 1
0.93996 0.264756 3
0.934879 0.134406 4
0.879243 6.69848e-05 13
0.924131 0.0601422 5
0.958385 0.553509 2
0.859164 5.86401e-08 21
0.86507 8.27788e-07 18
0.876282 2.82312e-05 14
0.957416 0.549728 2
0.880104 6.84585e-05 13
0.8726 1.15537e-05 15
0.878882 6.63842e-05 13
0.934238 0.133167 4
0.915027 0.0262953 6
0.871367 5.0178e-06 16
0.898932 0.00469929 8
0.9377 0.25911 3
0.964315 0.580159 2
0.923937 0.233361 3
0.919275 0.111708 4
0.944775 0.511518 2
0.954424 0.538931 2
0.93997 0.501118 2
0.913495 0.106141 4
0.947248 0.517622 2
0.949267 0.523041 2
0.919953 0.112438 4
0.881581 0.00163219 9
0.97782 1 1
0.938688 0.261516 3
0.993211 1 1
0.976024 1 1
0.939544 0.263679 3
0.983729 1 1
0.905134 0.0472888 5
0.92335 0.116382 4
0.924579 0.117937 4
0.953016 0.534273 2
0.899361 0.0210473 6
0.953809 0.536867 2
0.941904 0.50509 2
0.962339 0.570558 2
0.932318 0.24748 3
0.952152 0.531538 2
0.946979 0.516931 2
0.938112 0.260103 3
0.950548 0.526698 2
0.935611 0.254312 3
0.932435 0.247709 3
0.95185 0.530605 2
0.914581 0.0525353 5
0.922959 0.115903 4
0.920101 0.0565737 5
0.945646 0.281409 3
0.926493 0.12051 4
0.923668 0.116778 4
0.908613 0.0237618 6
0.900263 0.0100911 7
0.972882 0.632155 2
0.91683 0.0540759 5
0.962539 0.571493 2
0.98458 1 1
0.935251 0.253524 3
0.965524 0.586428 2
0.9382 0.260316 3
0.914334 0.0523739 5
0.919667 0.112127 4
0.932933 0.248693 3
0.932075 0.247008 3
0.937348 0.258275 3
0.929365 0.242021 3
0.930912 0.244808 3
0.92931 0.241925 3
0.969168 0.607328 2
0.927897 0.239516 3
0.950279 0.525914 2
0.936753 0.256888 3
0.96183 0.568207 2
0.940483 0.266133 3
0.876709 0.000139052 12
0.957225 0.549 2
0.953187 0.534828 2
0.991872 1 1
0.870784 2.45768e-05 14
0.985023 1 1
0.974901 1 1
0.979215 1 1
0.892523 0.00421095 8
0.941433 0.268713 3
0.987518 1 1
0.940204 0.265394 3
0.962495 0.571287 2
0.901834 0.0458202 5
0.951219 0.528687 2
0.949946 0.524957 2
0.881665 0.00360098 8
0.886854 0.00843451 7
0.901467 0.045666 5
0.945666 0.513653 2
0.904974 0.0472138 5
0.896503 0.0203713 6
0.905012 0.047232 5
0.947451 0.51815 2
0.93638 0.256033 3
0.896247 0.0203138 6
0.918585 0.110982 4
0.938821 0.261847 3
0.899866 0.00478131 8
0.957412 0.549714 2
0.873576 2.63284e-05 14
0.88909 0.000858938 10
0.887409 0.000829918 10
0.921781 0.0579891 5
0.868782 4.66069e-06 16
0.918848 0.0555785 5
0.906878 0.0231799 6
0.946291 0.283553 3
0.94365 0.275126 3
0.907148 0.023268 6
0.916616 0.0539236 5
0.893941 0.00202421 9
0.93001 0.243164 3
0.892783 0.00907588 7
0.913541 0.051866 5
0.996319 1 1
0.872463 0.000127337 12
0.880234 0.000725192 10
0.881615 0.000743253 10
0.990153 1 1
0.887013 0.00178284 9
0.882482 0.000755064 10
0.876396 0.000305977 11
0.904375 0.0224049 6
0.929847 0.242873 3
0.877667 0.000313491 11
0.917913 0.110293 4
0.98156 1 1
0.926729 0.237613 3
0.963205 1 1
0.944085 0.509912 2
0.905921 0.100278 4
0.91135 0.104336 4
0.924553 0.234264 3
0.938139 0.497594 2
0.928777 0.241002 3
0.920759 0.22898 3
0.923976 0.233418 3
0.934046 0.49047 2
0.961593 1 1
0.91948 0.227341 3
0.942968 0.507395 2
0.936192 0.137048 4
0.984215 0.737055 2
0.926399 0.0624314 5
0.903347 0.00248499 9
0.963517 0.576186 2
0.972493 0.629374 2
0.95724 0.330216 3
0.897454 0.00103838 10
0.964573 0.581473 2
0.968559 0.603612 2
0.933847 0.132428 4
0.88003 1.4336e-05 15
0.971063 0.619516 2
0.956874 0.328284 3
0.985308 1 1
0.921639 0.0297308 6
0.903376 0.00511971 8
0.903817 0.00516587 8
0.971832 0.62474 2
0.884067 7.60127e-05 13
0.893012 0.000441418 11
0.886223 8.07379e-05 13
0.968602 0.603875 2
0.892509 0.000435753 11
0.890704 0.000416443 11
0.875364 5.65971e-06 16
0.883972 7.58142e-05 13
0.937113 0.138992 4
0.883288 3.437e-05 14
0.931063 0.0679085 5
0.983419 1 1
0.934056 0.250981 3
0.964324 0.580205 2
0.939874 0.26453 3
0.913088 0.0515825 5
0.918538 0.110934 4
0.931339 0.245605 3
0.933746 0.250339 3
0.935804 0.254739 3
0.92795 0.239603 3
0.929232 0.241789 3
0.929338 0.241973 3
0.968564 0.603641 2
0.926339 0.120296 4
0.949699 0.524255 2
0.9342 0.251281 3
0.922367 0.115189 4
0.916131 0.0535828 5
0.959579 0.558373 2
0.902581 0.0218913 6
0.911622 0.050697 5
0.904316 0.0223875 6
0.954315 0.538562 2
0.910848 0.0502484 5
0.909359 0.024024 6
0.891826 0.00416464 8
0.888777 0.00183839 9
0.956072 0.544721 2
0.901518 0.0102904 7
0.950605 0.526865 2
0.948157 0.169489 4
0.908802 0.00285855 9
0.930787 0.0365468 6
0.977026 0.664826 2
0.887931 1.86534e-05 15
0.895333 0.000224122 12
0.898997 0.000520464 11
0.97059 0.616384 2
0.904323 0.00124715 10
0.899124 0.000522394 11
0.894062 0.000102828 13
0.914741 0.00666149 8
0.946878 0.165147 4
0.89482 0.000105478 13
0.932852 0.0703271 5
0.92856 0.123513 4
0.913907 0.0258038 6
0.910523 0.0244493 6
0.965446 0.586016 2
0.894384 0.002042 9
0.903413 0.0106102 7
0.896148 0.00211614 9
0.960842 0.563783 2
0.90258 0.00503849 8
0.901002 0.00488544 8
0.884326 0.000165636 12
0.886479 0.000376864 11
0.947534 0.287842 3
0.893306 0.00199926 9
0.941933 0.27011 3
0.94005 0.145724 4
0.890699 0.000416391 11
0.957207 0.330039 3
0.880483 3.16715e-05 14
0.877823 1.34067e-05 15
0.877322 1.32092e-05 15
0.90943 0.0118043 7
0.876147 1.27635e-05 15
0.90759 0.0114069 7
0.895674 0.00099448 10
0.931391 0.128047 4
0.960958 0.564292 2
0.903986 0.00518382 8
0.90399 0.0051842 8
0.888987 0.000399479 11
0.949707 0.295893 3
0.980199 1 1
0.941075 0.267729 3
0.90684 0.0112537 7
0.95792 0.551679 2
0.963872 0.577939 2
0.965614 0.586906 2
0.900741 0.00486101 8
0.97289 0.632216 2
0.970723 0.617259 2
0.946008 0.282605 3
0.893325 0.00199998 9
0.977567 0.669531 2
0.963141 0.57436 2
0.978981 0.682339 2
0.932104 0.247065 3
0.949116 0.52262 2
0.916409 0.223659 3
0.92884 0.241109 3
0.930728 0.244468 3
0.94062 0.502423 2
0.925244 0.2353 3
0.923408 0.2326 3
0.932387 0.247615 3
0.934172 0.490675 2
0.906642 0.100779 4
0.878151 0.00344412 8
0.969788 1 1
0.923806 0.233171 3
0.977619 1 1
0.906098 0.0229307 6
0.845594 2.97375e-09 24
0.903433 0.0221312 6
0.913949 0.0521255 5
0.827094 3.49062e-12 0
0.831413 4.19087e-12 0
0.848667 1.78988e-08 22
0.914421 0.0524301 5
0.850917 4.46169e-08 21
0.841907 2.02206e-10 27
0.857825 6.68632e-07 18
0.940624 0.266511 3
0.877365 0.000311672 11
0.84344 5.02921e-10 26
0.860769 1.65545e-06 17
36 2 3 4 5 6 7 8 9 11 12 14 18 19 20 21 22 24 25 26 27 28 30 31 33 34 36 38 39 40 41 42 43 44 45 47 48 
20 4 7 9 11 12 18 20 24 25 27 28 31 33 38 40 41 43 44 45 48 
42 1 2 3 4 5 6 7 8 9 11 12 13 14 17 18 19 20 21 22 23 24 25 26 27 28 30 31 32 33 34 36 38 39 40 41 42 43 44 45 47 48 49 
19 2 4 7 9 12 18 20 22 24 27 28 31 33 40 41 43 45 47 48 
42 1 2 3 4 5 6 7 8 9 10 11 12 13 14 17 18 19 20 21 22 23 24 25 26 27 28 30 31 32 33 34 36 38 39 40 41 42 43 44 45 47 48 
5 4 9 20 27 48 
43 1 2 3 4 5 6 7 8 9 10 11 12 13 14 17 18 19 20 21 22 23 24 25 26 27 28 30 31 32 33 34 36 38 39 40 41 42 43 44 45 47 48 49 
19 2 4 7 9 12 18 20 22 24 27 28 31 33 40 41 43 45 47 48 
43 1 2 3 4 5 6 7 8 9 10 11 12 13 14 17 18 19 20 21 22 23 24 25 26 27 28 30 31 32 33 34 36 38 39 40 41 42 43 44 45 47 48 49 
45 1 2 3 4 5 6 7 8 9 10 11 12 13 14 16 17 18 19 20 21 22 23 24 25 26 27 28 30 31 32 33 34 36 38 39 40 41 42 43 44 45 46 47 48 49 
50 0 1 2 3 4 5 6 7 8 9 10 11 12 13 14 15 16 17 18 19 20 21 22 23 24 25 26 27 28 29 30 31 32 33 34 35 36 37 38 39 40 41 42 43 44 45 46 47 48 49 
43 1 2 3 4 5 6 7 8 9 10 11 12 13 14 17 18 19 20 21 22 23 24 25 26 27 28 30 31 32 33 34 36 38 39 40 41 42 43 44 45 47 48 49 
19 4 7 9 12 18 20 24 25 27 28 31 33 38 40 41 43 44 45 48 
24 2 4 6 7 9 11 12 18 20 22 24 25 27 28 31 33 38 40 41 43 44 45 47 48 
16 4 7 9 12 18 20 25 27 28 31 33 38 41 43 45 48 
