60 15 8e+06
2.49646 169986
1.44312 112600
1.01951 125562
2.03164 143664
2.13287 181986
1.75719 170043
1.85573 185835
1.94439 110900
1.95435 145870
1.42003 155571
1.92122 134518
2.22014 130193
1.20534 187148
1.35236 156215
1.55818 159084
2.03023 103748
2.39413 104538
2.25219 132366
1.12819 117984
1.20744 152614
1.97201 139617
2.20593 122022
1.86056 190241
1.65857 135660
2.09074 152680
2.98877 148654
2.94907 161800
2.28045 162488
2.3705 178227
1.23273 130134
2.92092 119409
1.76964 127159
2.80346 145483
1.34169 138162
2.31204 141921
2.11191 103776
2.09522 137611
1.05363 172398
2.3628 110742
1.42806 130694
1.4462 192176
1.08049 132895
1.87381 109395
1.435 143017
1.55468 169057
1.3978 132047
2.70695 144896
1.99081 193340
1.13695 118469
1.22842 134616
2.92527 126834
1.16751 120667
2.66029 148205
1.49731 144988
1.05087 192366
1.9639 176499
2.76812 162708
2.47881 141372
1.64405 157221
1.58006 164325
0.968832 0.605269 2
0.954463 0.316275 3
0.928665 0.0649535 5
0.926892 0.0629592 5
0.965393 0.585732 2
0.916368 0.026915 6
0.909003 0.00578245 8
0.944823 0.278756 3
0.89777 0.00104656 10
0.872307 1.04897e-06 18
0.899436 0.00227008 9
0.905468 0.00534687 8
0.947505 0.287739 3
0.946416 0.283974 3
0.933572 0.131915 4
0.946046 0.514586 2
0.95824 0.552936 2
0.939758 0.500698 2
0.941757 0.504778 2
0.976265 1 1
0.955508 0.542696 2
0.94808 0.519806 2
0.952588 0.532907 2
0.915101 0.107578 4
0.90909 0.102564 4
0.919781 0.227721 3
0.942832 0.507096 2
0.925847 0.236226 3
0.97353 1 1
0.9393 0.499802 2
0.942015 0.150729 4
0.919035 0.0144944 7
0.897156 0.000493658 11
0.889931 4.24758e-05 14
0.919776 0.0147559 7
0.871265 9.29074e-08 21
0.863631 1.19379e-09 26
0.907551 0.002764 9
0.86344 1.18276e-09 26
0.830004 3.9462e-12 0
0.863059 1.16121e-09 26
0.860698 2.03286e-10 28
0.940769 0.147506 4
0.902934 0.0011991 10
0.900664 0.000546969 11
0.886554 0.00840507 7
0.94645 0.515591 2
0.95442 0.538917 2
0.856227 1.78832e-05 14
0.894142 0.0198577 6
0.892967 0.0196155 6
0.871651 0.00062984 10
0.870084 0.000614999 10
0.830516 1.31543e-10 27
0.865891 0.000254685 11
0.834321 2.033e-09 24
0.862816 0.000106299 12
0.96074 0.563333 2
0.925071 0.23504 3
0.858159 4.26994e-05 13
0.933274 0.249377 3
0.982755 1 1
0.963732 0.577248 2
0.917716 0.110094 4
0.955334 0.542081 2
0.949821 0.5246 2
0.932757 0.248344 3
0.929829 0.242842 3
0.891462 0.00892229 7
0.907424 0.0484057 5
0.896098 0.0202805 6
0.924851 0.234709 3
0.944637 0.511193 2
0.987913 1 1
0.916685 0.109075 4
0.907076 0.0113014 7
0.929378 0.124771 4
0.92574 0.0617432 5
0.927887 0.0640594 5
0.938524 0.14212 4
0.988609 1 1
0.984245 1 1
0.927246 0.0633457 5
0.913107 0.0254666 6
0.948849 0.292627 3
0.920641 0.057018 5
0.972496 0.629394 2
0.892013 0.000914414 10
0.954077 0.314467 3
0.917636 0.0275345 6
0.958367 0.553437 2
0.954904 0.54058 2
0.933008 0.48881 2
0.946271 0.515143 2
0.986791 1 1
0.943493 0.508565 2
0.938806 0.498852 2
0.960296 0.561413 2
0.917651 0.225107 3
0.897642 0.0441583 5
0.921258 0.229639 3
0.93524 0.492448 2
0.928239 0.240088 3
0.963718 1 1
0.946728 0.516293 2
0.991933 1 1
0.92512 0.235114 3
0.90018 0.0212534 6
0.937247 0.258035 3
0.95967 0.558757 2
0.899222 0.021013 6
0.898798 0.020909 6
0.955356 0.542161 2
0.909878 0.0497034 5
0.855614 1.446e-06 17
0.909168 0.0493165 5
0.898504 0.0208378 6
0.921279 0.113919 4
0.921694 0.114398 4
0.949136 0.522676 2
0.977591 1 1
0.943142 0.273605 3
0.91904 0.0557273 5
0.949893 0.524806 2
0.986759 1 1
0.925537 0.119201 4
0.924113 0.117339 4
0.968023 0.600421 2
0.920036 0.0565207 5
0.880661 0.000332641 11
0.921769 0.114484 4
0.922638 0.115514 4
0.926034 0.119876 4
0.945996 0.282565 3
0.95575 0.543559 2
0.885166 7.89716e-06 16
0.946366 0.163477 4
0.955923 0.323399 3
0.855784 1.34232e-11 0
0.893531 0.000101035 13
0.894095 0.000102943 13
0.872482 9.77814e-08 21
0.869407 1.74418e-08 23
0.830244 3.98673e-12 0
0.867754 7.26935e-09 24
0.834165 4.72107e-12 0
0.863509 1.18672e-09 26
0.958287 0.335919 3
0.925622 0.0323447 6
0.857428 1.46914e-11 0
0.971727 0.624019 2
0.948363 0.290829 3
0.922788 0.0588863 5
0.925052 0.118555 4
0.961253 0.565602 2
0.909879 0.0242117 6
0.903303 0.0105911 7
0.943337 0.274184 3
0.896146 0.00447207 8
0.866036 1.91923e-06 17
0.897284 0.00456189 8
0.900231 0.00481418 8
0.945851 0.282083 3
0.93947 0.263489 3
0.933008 0.130882 4
0.914382 0.00659912 8
0.974859 0.647029 2
0.97577 0.654316 2
0.904863 0.0025792 9
0.938355 0.141735 4
0.956607 0.326891 3
0.933857 0.0717747 5
0.914494 0.0130765 7
0.881063 6.82049e-06 16
0.920323 0.014955 7
0.886566 3.80274e-05 14
0.923996 0.0312198 6
0.936065 0.0751976 5
0.986096 0.759898 2
0.901727 0.00115998 10
0.950277 0.52591 2
0.919443 0.227295 3
0.896486 0.0203674 6
0.897595 0.0441409 5
0.926028 0.236507 3
0.874811 0.00147819 9
0.868496 0.000265872 11
0.915244 0.10771 4
0.87118 0.000625301 10
0.832916 3.42119e-10 26
0.870576 0.000619587 10
0.866084 0.000255482 11
0.936815 0.495183 2
0.905234 0.047336 5
0.908776 0.102328 4
0.885069 0.000365176 11
0.92646 0.120464 4
0.933925 0.132574 4
0.898681 0.00467776 8
0.914957 0.0262642 6
0.976297 0.65866 2
0.955936 0.544229 2
0.899775 0.00477321 8
0.884233 0.00016526 12
0.968642 0.604118 2
0.891677 0.000907679 10
0.944702 0.278374 3
0.889296 0.000862622 10
0.947988 0.289465 3
0.889545 0.000867135 10
0.986619 1 1
0.937532 0.258709 3
0.912912 0.0514735 5
0.947608 0.518558 2
0.978392 1 1
0.916949 0.0541611 5
0.916114 0.053571 5
0.966471 0.591561 2
0.918154 0.110538 4
0.872506 5.71085e-05 13
0.919 0.111416 4
0.915184 0.052935 5
0.924922 0.118384 4
0.938048 0.259947 3
0.956007 0.544487 2
0.901716 0.000564898 11
0.93129 0.0682041 5
0.930794 0.036553 6
0.919247 0.0145682 7
0.932836 0.0703055 5
0.994871 1 1
0.975741 0.654083 2
0.919589 0.0146891 7
0.904142 0.00124068 10
0.955158 0.319612 3
0.911607 0.0030933 9
0.963896 0.371232 3
0.893394 0.00010058 13
0.955794 0.322755 3
0.909565 0.0029192 9
0.968608 0.603908 2
0.943029 0.153484 4
0.91794 0.027688 6
0.918539 0.0279969 6
0.952826 0.308796 3
0.901677 0.00238853 9
0.894939 0.000464421 11
0.936853 0.138436 4
0.8901 0.000192507 12
0.858349 9.32067e-10 26
0.890795 0.000196256 12
0.891965 0.000202859 12
0.946886 0.285578 3
0.931925 0.0690502 5
0.92749 0.0636152 5
0.881569 0.000742646 10
0.944525 0.277818 3
0.96561 0.586885 2
0.87748 0.000312367 11
0.905992 0.0228973 6
0.945798 0.281909 3
0.920457 0.112992 4
0.884363 0.000782006 10
0.857396 6.6064e-07 18
0.932574 0.247981 3
0.8637 4.06367e-06 16
0.909341 0.0494098 5
0.913756 0.0520018 5
0.95199 0.531038 2
0.872399 5.69727e-05 13
0.887512 0.000385888 11
0.915037 0.0263001 6
0.916905 0.0271734 6
0.910846 0.0245709 6
0.918282 0.055145 5
0.977052 0.66505 2
0.973744 0.638491 2
0.908257 0.0115475 7
0.900428 0.00483216 8
0.968992 0.606248 2
0.908359 0.0115693 7
0.963953 0.578341 2
0.877741 2.93529e-05 14
0.938866 0.142907 4
0.899657 0.00476271 8
0.915792 0.0533482 5
0.984747 1 1
0.983662 1 1
0.899633 0.00476055 8
0.935939 0.136528 4
0.944546 0.277885 3
0.922812 0.0589083 5
0.911004 0.0246308 6
0.874607 2.70277e-05 14
0.909093 0.0239298 6
0.87958 6.7556e-05 13
0.913467 0.025617 6
0.947652 0.288262 3
0.978814 1 1
0.898132 0.0046314 8
0.923225 0.016104 7
0.988996 0.798904 2
0.971909 0.625272 2
0.895934 0.000228314 12
0.935383 0.0741031 5
0.926096 0.0326889 6
0.907242 0.0027415 9
0.910046 0.00295858 9
0.86907 7.73503e-09 24
0.889034 1.94139e-05 15
0.87297 9.98366e-08 21
0.899184 0.000523322 11
0.969029 0.606471 2
0.963483 0.368331 3
0.897409 0.00023917 12
0.878777 0.000145479 12
0.94298 0.273127 3
0.957574 0.550337 2
0.852288 2.01952e-08 22
0.889288 0.00185517 9
0.895528 0.00442494 8
0.873032 5.77876e-05 13
0.865134 4.21963e-06 16
0.827401 3.53577e-12 0
0.872163 2.54171e-05 14
0.831668 4.23707e-12 0
0.863642 1.7921e-06 17
0.948759 0.292293 3
0.924675 0.118061 4
0.853059 2.07344e-08 22
0.969702 0.610665 2
0.912562 0.051259 5
0.888062 0.00393335 8
0.918179 0.110564 4
0.938272 0.260491 3
0.880055 0.000722913 10
0.878602 0.000704937 10
0.935097 0.25319 3
0.892999 0.00910165 7
0.837288 7.15267e-11 28
0.891358 0.0041342 8
0.8782 0.000700113 10
0.918334 0.110722 4
0.904905 0.0225631 6
0.931186 0.245317 3
0.942505 0.506381 2
0.97216 1 1
0.948133 0.519947 2
0.905446 0.0474361 5
0.945713 0.513769 2
0.915901 0.108324 4
0.902025 0.0459013 5
0.921886 0.114621 4
0.877164 0.000687999 10
0.874861 0.000662478 10
0.879822 0.00158903 9
0.895992 0.0202569 6
0.972376 1 1
0.952395 0.5323 2
0.909955 0.0497461 5
0.915374 0.0264523 6
0.96867 0.604287 2
0.967617 0.598045 2
0.910193 0.0119783 7
0.941569 0.149554 4
0.964799 0.582631 2
0.941983 0.150644 4
0.918699 0.0280804 6
0.887127 0.000177792 12
0.9263 0.062327 5
0.892914 0.000440305 11
0.93196 0.129024 4
0.929373 0.0657929 5
0.988799 1 1
0.906071 0.0054164 8
0.972861 1 1
0.941663 0.50458 2
0.916395 0.108795 4
0.92233 0.115145 4
0.955886 0.544049 2
0.902891 0.0462738 5
0.897028 0.0204908 6
0.940737 0.502661 2
0.893847 0.00920465 7
0.85931 8.31721e-06 15
0.894444 0.0199211 6
0.894388 0.0199094 6
0.943246 0.508013 2
0.932063 0.246985 3
0.931497 0.245903 3
0.914498 0.107029 4
0.925689 0.235982 3
0.918128 0.110511 4
0.940377 0.265853 3
0.945814 0.514015 2
0.975789 1 1
0.989576 1 1
0.938129 0.260143 3
0.925916 0.236332 3
0.938059 0.259973 3
0.933491 0.249819 3
0.982004 1 1
0.889758 0.00873369 7
0.949559 0.52386 2
0.92928 0.241872 3
0.887233 8.3122e-05 13
0.946791 0.285253 3
0.954264 0.315337 3
0.856659 1.66252e-10 28
0.894629 0.000460584 11
0.892937 0.00020863 12
0.871712 4.63617e-07 19
0.870581 2.00345e-07 20
0.830893 4.09862e-12 0
0.865597 3.30464e-08 22
0.834666 4.82588e-12 0
0.862918 5.84562e-09 24
0.96166 0.35612 3
0.925228 0.0320641 6
0.858667 4.16421e-10 27
0.964221 0.373553 3
0.915169 0.00673727 8
0.893819 0.000102004 13
0.979596 0.688153 2
0.970632 0.616658 2
0.918359 0.0142637 7
0.927414 0.0336873 6
0.996462 1 1
0.949866 0.175696 4
0.87704 5.69085e-07 19
0.950044 0.17637 4
0.930786 0.0365451 6
0.895564 0.000225721 12
0.924683 0.0316846 6
0.988031 0.785381 2
0.86578 8.46275e-07 18
0.900436 0.00483291 8
0.908065 0.0115066 7
0.887833 0.000388774 11
0.895737 0.00209838 9
0.956098 0.544815 2
0.949497 0.295081 3
0.885076 0.000365226 11
0.879416 6.72769e-05 13
0.994328 1 1
0.887319 0.000384171 11
0.941373 0.268546 3
0.864195 3.57066e-07 19
0.92211 0.0582781 5
0.876719 2.85597e-05 14
0.902624 0.0024423 9
0.952391 0.306896 3
0.958115 0.334963 3
0.905062 0.00530113 8
0.930816 0.0675888 5
0.974531 0.644476 2
0.948547 0.291504 3
0.910683 0.0120933 7
0.885034 7.8072e-05 13
0.942253 0.151366 4
0.891572 0.000425527 11
0.937356 0.139517 4
0.914248 0.0130078 7
0.972816 0.631681 2
0.898806 0.00107423 10
0.975783 0.65442 2
0.943823 0.155731 4
0.919923 0.0287416 6
0.950628 0.299531 3
0.988611 1 1
0.927332 0.0634403 5
0.925924 0.0619335 5
0.968494 0.603222 2
0.920748 0.0292074 6
0.882382 1.54428e-05 15
0.922658 0.0303549 6
0.924383 0.0314798 6
0.925691 0.0616932 5
0.94739 0.287333 3
0.955921 0.323393 3
0.928204 0.240029 3
0.943784 0.509223 2
0.92604 0.236526 3
0.882576 0.00364437 8
0.919805 0.112277 4
0.886055 0.00382167 8
0.872645 0.0006396 10
0.89981 0.044992 5
0.854872 3.27016e-06 16
0.847207 2.16192e-07 19
0.856394 7.79509e-06 15
0.867167 0.000114983 12
0.9765 1 1
0.921791 0.230354 3
0.889719 0.00872954 7
0.885113 0.00172689 9
0.914295 0.0523482 5
0.917125 0.0542878 5
0.907799 0.0234839 6
0.915795 0.0533501 5
0.97557 1 1
0.97044 0.615401 2
0.905386 0.0227092 6
0.897396 0.00966968 7
0.972117 0.626721 2
0.905311 0.0226861 6
0.960739 0.563331 2
0.877027 0.000309665 11
0.937868 0.259512 3
0.896714 0.00957569 7
0.905442 0.0227263 6
0.976744 1 1
0.990504 1 1
0.884383 0.00170638 9
0.921515 0.11419 4
0.92875 0.123801 4
0.906431 0.0230363 6
0.896564 0.00955537 7
0.859204 1.58743e-06 17
0.898033 0.00975943 7
0.863889 9.25155e-06 15
0.897013 0.00961653 7
0.955213 0.541655 2
0.960926 0.564152 2
0.883905 0.000775267 10
0.9149 0.0262385 6
0.983704 1 1
0.984309 1 1
0.899116 0.00225412 9
0.935224 0.135086 4
0.944876 0.278924 3
0.922933 0.0590188 5
0.910359 0.0120171 7
0.874209 5.4617e-06 16
0.909775 0.0118824 7
0.879226 3.05724e-05 14
0.91351 0.0256352 6
0.9469 0.285626 3
0.978587 0.678697 2
0.8975 0.00217681 9
0.912885 0.00635036 8
0.967706 0.598561 2
0.968952 0.606003 2
0.90782 0.00278381 9
0.938929 0.143054 4
0.964382 0.374717 3
0.940906 0.147852 4
0.916166 0.0135644 7
0.885013 1.68487e-05 15
0.927366 0.0336503 6
0.890859 9.27317e-05 13
0.930692 0.06743 5
0.928715 0.0347356 6
0.98617 0.760827 2
0.903592 0.00122146 10
0.942127 0.270659 3
0.905082 0.0226166 6
0.882537 0.000755826 10
0.890429 0.00189381 9
0.91491 0.052752 5
0.862244 1.72358e-06 17
0.8572 2.86861e-07 19
0.907378 0.0233435 6
0.865467 4.25717e-06 16
0.820724 2.68523e-12 0
0.864095 4.10578e-06 16
0.855458 1.18628e-07 20
0.923586 0.116676 4
0.89146 0.00414077 8
0.90262 0.0219023 6
0.932339 0.0696138 5
0.938192 0.0788431 5
0.919021 0.0144896 7
0.884549 7.7194e-06 16
0.920519 0.0150276 7
0.882566 3.33096e-06 17
0.870543 4.06843e-08 22
0.902059 0.000570955 11
0.856935 1.42959e-11 0
0.84291 7.01331e-12 0
0.858017 1.51809e-11 0
0.865668 2.95153e-09 25
0.967788 0.599039 2
0.917564 0.014002 7
0.892593 9.79874e-05 13
0.914816 0.0526898 5
0.96995 0.612241 2
0.961378 0.56616 2
0.88179 0.000340441 11
0.921187 0.113813 4
0.908524 0.0237309 6
0.889767 0.00187119 9
0.896785 0.004522 8
0.854768 5.05231e-08 21
0.873679 5.86419e-05 13
0.858148 2.95154e-07 19
0.881928 0.000341419 11
0.984043 1 1
0.94496 0.279192 3
0.884708 0.000787157 10
0.921288 0.113929 4
0.953515 0.535895 2
0.946627 0.28469 3
0.927025 0.121259 4
0.951804 0.530463 2
0.979562 1 1
0.961753 0.567857 2
0.932689 0.24821 3
0.90549 0.0227411 6
0.932781 0.248392 3
0.911789 0.0507953 5
0.952221 0.531755 2
0.915263 0.0529882 5
0.978769 1 1
0.920667 0.113226 4
0.937681 0.140228 4
0.961684 0.567543 2
0.940712 0.266747 3
0.896257 0.00212092 9
0.935453 0.135542 4
0.903915 0.00517626 8
0.890094 0.000877246 10
0.913165 0.0254909 6
0.868108 9.1139e-07 18
0.863906 1.56782e-07 20
0.870291 2.18121e-06 17
0.884257 0.000165357 12
0.980113 0.693162 2
0.940234 0.265474 3
0.901957 0.00497681 8
0.922399 0.231185 3
0.944025 0.509774 2
0.935688 0.254483 3
0.935238 0.253495 3
0.95417 0.538074 2
0.981031 1 1
0.97161 1 1
0.938658 0.49857 2
0.915104 0.107581 4
0.933727 0.250301 3
0.921734 0.230277 3
0.962869 0.573057 2
0.906964 0.0481743 5
0.968442 1 1
0.927369 0.238645 3
0.90801 0.00565295 8
0.925485 0.0614826 5
0.920579 0.029111 6
0.932087 0.0692687 5
0.939384 0.144121 4
0.98233 0.715933 2
0.990294 1 1
0.930172 0.0667732 5
0.918411 0.0279299 6
0.946207 0.283269 3
0.926092 0.0621086 5
0.978668 0.679438 2
0.888656 8.66887e-05 13
0.949955 0.296857 3
0.921157 0.0294453 6
0.911002 0.0503366 5
0.933884 0.250625 3
0.929344 0.124717 4
0.92957 0.125072 4
0.942567 0.271921 3
0.989555 1 1
0.981012 1 1
0.930049 0.125833 4
0.913243 0.0516786 5
0.945221 0.280028 3
0.920557 0.113104 4
0.969898 0.611913 2
0.896448 0.0044955 8
0.958671 0.554653 2
0.919937 0.0564399 5
0.905044 0.0472469 5
0.975209 1 1
0.994458 1 1
0.889496 0.0189473 6
0.924833 0.234682 3
0.940065 0.501306 2
0.916727 0.109116 4
0.900314 0.0451935 5
0.865264 0.000252114 11
0.909769 0.103083 4
0.870437 0.000618281 10
0.906823 0.100906 4
0.944517 0.510913 2
0.969061 1 1
0.887606 0.00850945 7
0.886537 0.00384781 8
0.95422 0.53824 2
0.979158 1 1
0.876089 0.00030421 11
0.908159 0.048783 5
0.937361 0.258305 3
0.912315 0.0511094 5
0.88497 0.00172284 9
0.854044 2.61478e-07 19
0.918059 0.110441 4
0.859813 3.68234e-06 16
0.901586 0.0216204 6
0.927203 0.238375 3
0.954273 0.538419 2
0.872635 0.000127779 12
0.96918 0.607404 2
0.912246 0.00624956 8
0.890022 9.03547e-05 13
0.972978 0.632847 2
0.966476 0.591586 2
0.910877 0.00604365 8
0.919092 0.0145143 7
0.987591 0.779401 2
0.945593 0.161029 4
0.86941 3.87386e-08 22
0.944576 0.157933 4
0.922334 0.0301532 6
0.895642 0.000226264 12
0.919615 0.0146983 7
0.986375 0.763443 2
0.984204 1 1
0.936796 0.138313 4
0.912575 0.0252485 6
0.951577 0.303427 3
0.981896 1 1
0.919557 0.0561353 5
0.919575 0.0561493 5
0.970446 0.615439 2
0.921898 0.0580921 5
0.87511 1.23896e-05 15
0.922903 0.0589913 5
0.91891 0.0281921 6
0.922195 0.0583539 5
0.939012 0.143246 4
0.959442 0.557803 2
0.879902 0.000149199 12
0.94873 0.292184 3
0.971008 0.619145 2
0.859607 1.35515e-07 20
0.895128 0.00439505 8
0.910763 0.0245393 6
0.887032 0.00082368 10
0.87096 1.10551e-05 15
0.83577 5.06612e-12 0
0.890115 0.00188301 9
0.840689 6.32473e-12 0
0.877017 6.34175e-05 13
0.939898 0.264593 3
0.935955 0.255077 3
0.85865 1.31337e-07 20
0.964728 0.582265 2
0.958575 0.554267 2
0.933936 0.132595 4
0.93832 0.141655 4
0.980163 1 1
0.932784 0.130477 4
0.926257 0.0622814 5
0.954734 0.317565 3
0.909093 0.0117291 7
0.887595 0.000386631 11
0.911848 0.0249576 6
0.922533 0.0586558 5
0.938216 0.141421 4
0.959281 0.557137 2
0.94179 0.269707 3
0.908974 0.0238878 6
0.901695 0.0103193 7
0.891696 0.00193878 9
0.951564 0.30337 3
0.935886 0.254922 3
0.947753 0.288621 3
0.972912 0.632375 2
0.940674 0.266646 3
0.948357 0.290807 3
0.922161 0.0583234 5
0.956881 0.547702 2
0.984374 1 1
0.868804 4.66353e-06 16
0.923593 0.116684 4
0.937039 0.257549 3
0.916052 0.0267658 6
0.904554 0.00524506 8
0.892883 0.000439954 11
0.959459 0.557874 2
0.942253 0.151366 4
0.945877 0.282171 3
0.969097 0.606893 2
0.948453 0.291159 3
0.953753 0.312968 3
0.91644 0.0269494 6
0.962059 0.569261 2
0.979008 0.682597 2
0.872646 2.35012e-06 17
0.925565 0.0615636 5
0.944884 0.278949 3
0.925796 0.0324702 6
0.911826 0.00618483 8
0.898421 0.000511802 11
0.966694 0.392335 3
0.952273 0.306383 3
0.94712 0.165949 4
0.966619 0.391733 3
0.957875 0.333645 3
0.954141 0.314764 3
0.912664 0.00631505 8
0.96157 0.355542 3
0.97359 0.637343 2
0.880741 3.10949e-06 17
0.931834 0.0689274 5
0.952886 0.309063 3
0.95926 0.557054 2
0.914248 0.0523182 5
0.893637 0.00428749 8
0.98444 1 1
0.969595 0.609994 2
0.921238 0.113872 4
0.931525 0.245955 3
0.995885 1 1
0.953895 0.537152 2
0.88051 0.000331622 11
0.954633 0.539645 2
0.935364 0.253771 3
0.893037 0.00424588 8
0.925212 0.118767 4
0.988281 1 1
0.915687 0.108123 4
0.954695 0.53986 2
0.943087 0.507658 2
0.876338 0.00151022 9
0.91525 0.107715 4
0.893692 0.0197639 6
0.876848 0.00152124 9
0.892473 0.00903926 7
0.848928 2.26518e-07 19
0.857787 8.03809e-06 15
0.851486 1.30473e-06 17
0.869901 0.000272278 11
0.994977 1 1
0.93015 0.243415 3
0.881212 0.00357987 8
0.89759 0.00458666 8
0.92331 0.0593663 5
0.922703 0.058809 5
0.919412 0.0560199 5
0.928708 0.123738 4
0.986282 1 1
0.980689 1 1
0.917867 0.0548328 5
0.906719 0.0112295 7
0.958797 0.555162 2
0.91448 0.0260523 6
0.969168 0.607328 2
0.885797 0.000371126 11
0.947715 0.288484 3
0.908708 0.0237947 6
0.903592 0.00514215 8
0.967654 0.598263 2
0.980762 0.699608 2
0.894772 0.000973529 10
0.92713 0.063218 5
0.952886 0.309063 3
0.928368 0.0646082 5
0.903757 0.00515951 8
0.871957 2.29876e-06 17
0.923083 0.0591561 5
0.877685 1.33518e-05 15
0.917907 0.0276714 6
0.932228 0.129491 4
0.974475 0.644045 2
0.891198 0.000421567 11
0.885232 0.000366491 11
0.904272 0.0107632 7
0.903837 0.0106851 7
0.915194 0.0263708 6
0.915551 0.0531834 5
0.965794 0.587869 2
0.9773 0.667195 2
0.909675 0.0241376 6
0.908827 0.0238363 6
0.962147 0.569668 2
0.917036 0.054224 5
0.972109 0.626663 2
0.867629 2.01145e-06 17
0.928256 0.123055 4
0.90266 0.0104804 7
0.970052 0.612893 2
0.938045 0.141036 4
0.915711 0.026607 6
0.96062 0.56281 2
0.994359 1 1
0.931758 0.128674 4
0.933512 0.131804 4
0.977485 0.668807 2
0.930518 0.126593 4
0.887179 0.000178035 12
0.932795 0.130497 4
0.933044 0.130946 4
0.91652 0.0269875 6
0.94598 0.282511 3
0.963934 0.578247 2
56 0 1 2 3 4 5 6 7 8 9 10 11 12 13 14 15 16 17 18 19 20 21 23 24 25 26 27 29 30 31 32 33 34 35 36 37 38 39 40 41 42 43 44 45 46 48 49 50 51 52 53 55 56 57 58 59 
17 3 9 11 17 19 20 21 27 30 34 35 39 45 46 49 55 57 
9 3 9 13 17 21 27 29 46 49 
57 0 1 2 3 4 5 6 7 8 10 11 12 13 14 15 16 17 18 19 20 21 23 24 25 26 27 28 29 30 31 32 33 34 35 36 37 38 39 40 41 42 43 44 45 46 48 49 50 51 52 53 54 55 56 57 58 59 
44 0 1 3 4 5 6 9 10 11 13 15 16 17 18 19 20 21 23 24 26 27 29 30 32 33 34 35 36 38 39 40 41 42 43 44 45 46 49 50 51 55 56 57 58 
27 3 4 9 11 13 17 19 20 21 23 24 27 29 30 32 33 34 35 36 38 39 41 45 46 49 55 57 
53 0 1 2 3 4 5 6 7 8 9 10 11 12 13 14 15 16 17 18 19 20 21 22 23 24 25 26 27 29 30 31 32 33 34 35 36 37 38 39 40 41 42 43 44 45 46 48 49 50 55 56 57 59 
54 0 1 2 3 4 5 6 8 9 10 11 12 13 14 15 16 17 18 19 20 21 23 24 25 26 27 29 30 31 32 33 34 35 36 38 39 40 41 42 43 44 45 46 48 49 50 51 52 53 55 56 57 58 59 
55 0 1 2 3 4 5 6 7 8 10 11 12 13 14 15 16 17 18 19 20 22 23 24 25 26 28 29 30 31 32 33 34 35 36 37 39 40 41 42 43 44 45 46 47 48 50 51 52 53 54 55 56 57 58 59 
31 0 3 4 9 10 11 12 13 16 17 19 20 21 23 24 25 27 30 32 34 35 36 39 40 41 45 46 49 50 55 57 
55 0 1 2 3 4 5 6 7 8 10 11 12 13 14 15 16 17 18 19 20 22 23 24 25 26 28 29 30 31 32 33 34 35 36 37 39 40 41 42 43 44 45 46 47 48 50 51 52 53 54 55 56 57 58 59 
54 0 1 2 3 4 5 6 7 8 9 10 11 12 13 14 15 16 17 18 19 20 21 22 23 24 25 26 27 29 30 31 32 33 34 35 36 37 38 39 40 41 42 43 44 45 46 48 49 50 55 56 57 58 59 
32 3 4 5 9 11 13 15 17 18 19 20 21 24 27 29 30 33 34 35 36 39 40 42 43 44 45 46 49 55 56 57 58 
23 3 9 11 13 17 19 20 21 24 27 29 30 32 34 35 36 39 41 45 46 49 55 57 
55 0 1 2 3 4 5 6 7 8 10 11 12 13 14 15 16 17 18 19 20 21 22 23 24 25 26 27 28 29 30 31 32 33 34 35 36 37 38 39 40 41 42 43 44 45 46 47 48 49 50 54 55 56 57 59 
