60 15 6e+06
4.73441 108886
1.4125 187273
2.21115 124741
1.72991 122157
2.24181 102684
3.82822 106369
2.00893 118808
2.02598 116087
2.32368 177395
1.9689 145405
3.85805 103518
1.55645 173021
1.79836 110200
4.19458 179199
3.2743 192124
2.93254 193474
4.44658 175935
4.1857 118106
5.27192 155057
1.68162 115141
2.26338 130215
1.46318 161547
1.01907 182774
5.87351 101866
4.52832 181658
1.12944 113793
4.97031 162562
6.60182 107900
1.31807 119297
1.94332 194315
2.03706 126307
5.43126 162204
2.16425 187906
1.26474 131821
2.18551 192768
4.12752 174425
5.20189 164888
1.15459 187493
1.93491 111179
4.30951 137978
1.6411 130716
1.13814 114371
2.94227 106228
2.51092 192394
5.8595 101612
3.15436 174245
1.99674 128521
5.29908 136177
1.78611 147555
4.37813 163044
1.15571 169022
2.19728 103814
2.18738 120450
1.46109 114009
5.57188 193388
1.48156 152838
4.99392 174909
2.36565 113559
4.68011 189502
1.3431 166840
0.934904 0.0733556 5
0.982782 0.720848 2
0.931434 0.0683945 5
0.931859 0.0689605 5
0.928883 0.0652094 5
0.924141 0.0313168 6
0.955056 0.319119 3
0.925665 0.0323756 6
0.97963 0.688482 2
0.92433 0.0314442 6
0.968125 0.601023 2
0.956607 0.326891 3
0.957605 0.332173 3
0.958678 0.338109 3
0.930529 0.0672224 5
0.900522 0.0452775 5
0.957872 0.551491 2
0.887506 0.00849943 7
0.978519 1 1
0.940403 0.501983 2
0.944643 0.511209 2
0.966564 1 1
0.899915 0.0450336 5
0.963458 0.5759 2
0.937586 0.496574 2
0.923079 0.232133 3
0.987415 1 1
0.915901 0.108324 4
0.927025 0.238087 3
0.956194 0.545164 2
0.904157 0.0223406 6
0.94512 0.279705 3
0.969629 0.610208 2
0.886604 0.0017705 9
0.876729 0.000307915 11
0.872242 5.67733e-05 13
0.929363 0.242017 3
0.888218 0.00182038 9
0.92486 0.118303 4
0.872406 5.69805e-05 13
0.938075 0.260013 3
0.916403 0.053773 5
0.984313 1 1
0.976124 1 1
0.878845 0.000320775 11
0.904857 0.0052784 8
0.968389 0.602595 2
0.897126 0.0021597 9
0.967647 0.598222 2
0.935917 0.136482 4
0.938266 0.141533 4
0.975087 0.64883 2
0.902289 0.00500947 8
0.969361 0.60853 2
0.932577 0.130108 4
0.930319 0.126269 4
0.995325 1 1
0.926033 0.0620475 5
0.937435 0.13969 4
0.949133 0.293696 3
0.897499 0.0205998 6
0.97258 1 1
0.90368 0.0466225 5
0.953699 0.536503 2
0.919819 0.112292 4
0.921716 0.230252 3
0.992617 1 1
0.892322 0.00902157 7
0.9599 0.559725 2
0.916386 0.108786 4
0.927152 0.238293 3
0.985733 1 1
0.933703 0.250251 3
0.948532 0.521019 2
0.932377 0.247595 3
0.846133 3.84942e-08 21
0.92038 0.112906 4
0.870398 0.000122254 12
0.918056 0.110439 4
0.871873 0.00028176 11
0.876856 0.000684474 10
0.946587 0.515936 2
0.840529 1.06045e-09 25
0.904173 0.0468451 5
0.869454 0.000120048 12
0.876326 0.000678485 10
0.933708 0.250262 3
0.897229 0.0205372 6
0.916191 0.108599 4
0.887886 0.00392329 8
0.91224 0.012475 7
0.94975 0.296059 3
0.883769 7.53954e-05 13
0.976297 0.65866 2
0.961237 0.565532 2
0.964788 0.582575 2
0.948277 0.290513 3
0.914851 0.0131774 7
0.967641 0.598188 2
0.958291 0.335939 3
0.928112 0.0643142 5
0.968674 0.604305 2
0.909808 0.0118899 7
0.916897 0.0271693 6
0.975856 0.655019 2
0.924389 0.0314837 6
0.982348 0.716123 2
0.9144 0.00660208 8
0.950083 0.176518 4
0.93867 0.0797124 5
0.936517 0.0759418 5
0.965531 0.383251 3
0.919336 0.0145995 7
0.988529 1 1
0.934402 0.0725882 5
0.952142 0.305821 3
0.9739 0.639665 2
0.942027 0.150762 4
0.948538 0.170831 4
0.94478 0.158544 4
0.912381 0.0511498 5
0.975 1 1
0.903723 0.0222143 6
0.961648 0.56738 2
0.938049 0.259949 3
0.938713 0.261578 3
0.973072 1 1
0.909032 0.0492435 5
0.977433 1 1
0.934311 0.251513 3
0.938544 0.26116 3
0.98768 1 1
0.93233 0.247503 3
0.942215 0.270911 3
0.948748 0.521609 2
0.943456 0.508483 2
0.949407 0.523433 2
0.898905 0.0446375 5
0.943741 0.509126 2
0.967174 1 1
0.959274 0.557109 2
0.932827 0.248482 3
0.945989 0.514445 2
0.975376 1 1
0.962339 0.570558 2
0.952672 0.533173 2
0.947672 0.518726 2
0.919906 0.227879 3
0.919798 0.227742 3
0.9614 0.566259 2
0.863482 0.000245054 11
0.890732 0.0191777 6
0.827227 4.86317e-11 28
0.948549 0.521066 2
0.933553 0.489675 2
0.946089 0.514692 2
0.898951 0.0446553 5
0.872431 0.00143096 9
0.905804 0.100197 4
0.936083 0.493894 2
0.87047 0.00139427 9
0.916905 0.224231 3
0.852155 7.11913e-06 15
0.860846 0.000102722 12
0.948781 0.521698 2
0.907508 0.0233868 6
0.928003 0.12268 4
0.99127 1 1
0.870233 2.42538e-05 14
0.867468 1.0101e-05 15
0.861458 7.42273e-07 18
0.908953 0.0238803 6
0.889585 0.00186506 9
0.912288 0.0510936 5
0.863131 1.76662e-06 17
0.936281 0.25581 3
0.89832 0.00980068 7
0.97049 0.615726 2
0.953977 0.537425 2
0.86665 4.39479e-06 16
0.903301 0.0105907 7
0.925872 0.119655 4
0.863484 1.78415e-06 17
0.969321 0.608282 2
0.971909 0.625272 2
0.983005 1 1
0.925543 0.119209 4
0.910791 0.0245498 6
0.945897 0.282236 3
0.971944 0.625518 2
0.911052 0.0246489 6
0.945819 0.281979 3
0.887792 0.000836357 10
0.893792 0.00429837 8
0.992823 1 1
0.945105 0.279657 3
0.9433 0.274076 3
0.895083 0.00207074 9
0.94071 0.266742 3
0.971182 0.620311 2
0.961751 0.567846 2
0.926935 0.121132 4
0.949738 0.296011 3
0.969054 0.606627 2
0.966376 0.591037 2
0.949906 0.296666 3
0.942164 0.270764 3
0.915013 0.026289 6
0.914223 0.0259404 6
0.961972 0.56886 2
0.939398 0.263305 3
0.945564 0.281143 3
0.8934 0.00427097 8
0.946753 0.285121 3
0.972993 0.632956 2
0.965262 0.585045 2
0.931026 0.245019 3
0.94368 0.275216 3
0.971556 0.622848 2
0.968136 0.601087 2
0.946791 0.28525 3
0.947158 0.28652 3
0.914652 0.0525813 5
0.915242 0.0529744 5
0.966989 0.594457 2
0.898649 0.004675 8
0.976709 0.662119 2
0.923208 0.0592718 5
0.929958 0.125688 4
0.903838 0.0106854 7
0.903407 0.0106092 7
0.979531 1 1
0.889429 0.00086504 10
0.951668 0.303807 3
0.899944 0.00478827 8
0.932841 0.130581 4
0.962 0.568986 2
0.953693 0.536483 2
0.971674 0.623656 2
0.912886 0.0253752 6
0.885786 3.7102e-05 14
0.9635 0.36845 3
0.913405 0.00643463 8
0.927963 0.0641456 5
0.895577 0.000472518 11
0.896504 0.000484724 11
0.979196 0.684355 2
0.877166 1.24986e-06 18
0.940395 0.146572 4
0.891981 0.000202949 12
0.919336 0.0145995 7
0.958271 0.335829 3
0.942705 0.152592 4
0.962147 0.359293 3
0.906627 0.00269772 9
0.938537 0.261142 3
0.951027 0.528112 2
0.966632 0.592456 2
0.895325 0.00440971 8
0.899443 0.00996596 7
0.892383 0.00196411 9
0.925326 0.118919 4
0.921374 0.0576377 5
0.942665 0.272206 3
0.894955 0.00438225 8
0.971699 0.623828 2
0.920711 0.0570767 5
0.976442 0.659868 2
0.958878 0.555493 2
0.89668 0.00451369 8
0.86752 2.00493e-06 17
0.939118 0.262594 3
0.87618 2.81552e-05 14
0.950002 0.297041 3
0.901486 0.0049313 8
0.907172 0.011321 7
0.966373 0.591021 2
0.864246 8.07063e-07 18
0.929184 0.124469 4
0.899201 0.00472261 8
0.895083 0.00207071 9
0.962126 0.569567 2
0.905203 0.0109351 7
0.922409 0.0585444 5
0.918601 0.0553874 5
0.921673 0.0578952 5
0.996078 1 1
0.925329 0.0613236 5
0.9392 0.143686 4
0.925671 0.0616725 5
0.923142 0.0592105 5
0.969069 0.606718 2
0.913629 0.0256857 6
0.977013 0.664718 2
0.921374 0.0576377 5
0.954209 0.315084 3
0.967952 0.600001 2
0.954513 0.316515 3
0.962315 0.570448 2
0.931275 0.127852 4
0.924253 0.233823 3
0.932996 0.248819 3
0.876759 0.00151931 9
0.95447 0.539087 2
0.987707 1 1
0.984097 1 1
0.92451 0.234201 3
0.932121 0.247098 3
0.957409 0.549702 2
0.983723 1 1
0.928585 0.240674 3
0.943398 0.508352 2
0.898839 0.0446118 5
0.901443 0.0456562 5
0.984097 1 1
0.97193 1 1
0.911978 0.104852 4
0.890765 0.0191838 6
0.899424 0.0448395 5
0.942552 0.506484 2
0.930023 0.243187 3
0.890475 0.0191291 6
0.990918 1 1
0.932786 0.248401 3
0.939857 0.500894 2
0.944422 0.510692 2
0.902232 0.0459893 5
0.899833 0.0450011 5
0.89166 0.019356 6
0.924707 0.234493 3
0.911344 0.104331 4
0.949121 0.522635 2
0.882999 0.00807488 7
0.97724 1 1
0.96097 0.564345 2
0.964853 1 1
0.948139 0.519963 2
0.914033 0.106614 4
0.966727 1 1
0.958117 0.552449 2
0.927177 0.238333 3
0.968625 1 1
0.90909 0.102564 4
0.916316 0.108718 4
0.976087 1 1
0.866282 1.51856e-08 23
0.936741 0.138198 4
0.873206 4.90147e-07 19
0.951735 0.304091 3
0.902215 0.00117551 10
0.908312 0.00569166 8
0.963526 0.368631 3
0.863489 5.99323e-09 24
0.928005 0.0641929 5
0.900073 0.00110996 10
0.893208 0.000210291 12
0.961148 0.352864 3
0.90218 0.00117438 10
0.919142 0.0145316 7
0.919755 0.0286486 6
0.945624 0.281337 3
0.913894 0.0520903 5
0.875735 6.15069e-05 13
0.918852 0.0555812 5
0.969411 0.608841 2
0.956728 0.547131 2
0.897773 0.00972258 7
0.961112 0.564973 2
0.938532 0.261131 3
0.967673 0.598373 2
0.931378 0.128026 4
0.913483 0.0518294 5
0.890828 0.00190774 9
0.887342 0.000828812 10
0.948973 0.293092 3
0.883825 0.00169103 9
0.955613 0.543073 2
0.88867 0.00396869 8
0.958944 0.55576 2
0.914998 0.0528111 5
0.919304 0.111739 4
0.981126 1 1
0.880265 0.000725592 10
0.946601 0.515971 2
0.91223 0.0510586 5
0.911585 0.0506752 5
0.979793 1 1
0.918266 0.110653 4
0.934159 0.251195 3
0.930704 0.244424 3
0.89297 0.000934114 10
0.90291 0.00507179 8
0.844383 7.52008e-12 0
0.947757 0.288635 3
0.966653 0.59257 2
0.977915 0.672609 2
0.902067 0.00498755 8
0.90432 0.00521962 8
0.924015 0.0600313 5
0.970404 0.615165 2
0.893792 0.000951705 10
0.92183 0.0580326 5
0.866876 8.76048e-07 18
0.871634 5.05711e-06 16
0.972558 0.629831 2
0.841974 6.71281e-12 0
0.916167 0.0268198 6
0.86915 2.1059e-06 17
0.9116 0.0248606 6
0.866017 3.79369e-07 19
0.870817 2.21734e-06 17
0.941618 0.269228 3
0.835929 5.10185e-12 0
0.899094 0.00225307 9
0.86356 1.549e-07 20
0.872538 5.1937e-06 16
0.927846 0.0640135 5
0.895288 0.00207933 9
0.914299 0.0259734 6
0.881763 7.14578e-05 13
0.890462 0.0191266 6
0.944478 0.510821 2
0.951985 0.53102 2
0.889116 0.0188779 6
0.871998 0.00142269 9
0.869044 0.000605522 10
0.936083 0.493894 2
0.875955 0.0033536 8
0.920823 0.229065 3
0.867833 0.000594811 10
0.92526 0.235325 3
0.919791 0.227734 3
0.970199 1 1
0.978116 1 1
0.876791 0.00338745 8
0.951492 0.52951 2
0.936116 0.493951 2
0.893544 0.0197332 6
0.932138 0.247131 3
0.969629 1 1
0.958194 0.552752 2
0.918426 0.226038 3
0.958371 0.553454 2
0.961096 0.564902 2
0.965255 1 1
0.949785 0.524499 2
0.933045 0.248918 3
0.911289 0.104287 4
0.908751 0.102309 4
0.95597 0.544352 2
0.927688 0.0638353 5
0.929144 0.0655183 5
0.984072 1 1
0.873572 2.42194e-06 17
0.878903 1.38489e-05 15
0.871407 1.01701e-06 18
0.905587 0.00536048 8
0.908734 0.00574672 8
0.919651 0.0285918 6
0.87455 2.50147e-06 17
0.952162 0.305908 3
0.899093 0.00225301 9
0.965453 0.586054 2
0.945389 0.280572 3
0.875131 2.55059e-06 17
0.873874 1.03804e-07 21
0.950523 0.178215 4
0.90538 0.001286 10
0.921434 0.0153757 7
0.885454 7.98212e-06 16
0.887199 1.81735e-05 15
0.969629 0.610208 2
0.865361 1.29986e-09 26
0.928227 0.0343354 6
0.882075 3.26915e-06 17
0.907151 0.00273497 9
0.949223 0.173306 4
0.933181 0.0707939 5
0.952967 0.30942 3
0.897592 0.000240569 12
0.925755 0.236082 3
0.968021 1 1
0.903291 0.0985339 4
0.958536 0.554113 2
0.95218 0.531626 2
0.950385 0.526222 2
0.956514 0.546337 2
0.924174 0.233706 3
0.988873 1 1
0.947965 0.5195 2
0.947251 0.51763 2
0.971794 1 1
0.92936 0.242012 3
0.93474 0.491611 2
0.958575 0.554267 2
0.99675 1 1
0.919273 0.227081 3
0.911363 0.104347 4
0.892583 0.0195383 6
0.926527 0.237291 3
0.914786 0.10729 4
0.894546 0.0199427 6
0.981641 1 1
0.934708 0.491557 2
0.922974 0.231986 3
0.961034 0.564629 2
0.902414 0.0460674 5
0.916403 0.108802 4
0.904996 0.0472243 5
0.912197 0.105034 4
0.903422 0.0221279 6
0.943914 0.509521 2
0.876715 0.000682875 10
0.985545 1 1
0.956974 0.548054 2
0.963363 0.575437 2
0.947074 0.517174 2
0.906551 0.0479697 5
0.959002 0.555993 2
0.954892 0.540539 2
0.919266 0.111697 4
0.967805 0.599139 2
0.90327 0.0220846 6
0.911692 0.0507383 5
0.975444 1 1
0.893178 0.000443327 11
0.967755 0.598846 2
0.927054 0.0631357 5
0.919994 0.0287809 6
0.894025 0.000453254 11
0.893367 0.000445507 11
0.970278 0.61435 2
0.882764 3.3838e-05 14
0.942122 0.151015 4
0.890119 0.00019261 12
0.928136 0.0643415 5
0.951541 0.303273 3
0.956447 0.326066 3
0.976468 0.660088 2
0.90268 0.00244554 9
0.961605 0.567184 2
0.93116 0.127658 4
0.896234 0.00100791 10
0.921648 0.0578734 5
0.960566 0.562578 2
0.948495 0.291313 3
0.911263 0.0122325 7
0.969385 0.608677 2
0.954499 0.316445 3
0.956689 0.327321 3
0.95319 0.310416 3
0.924415 0.060417 5
0.911243 0.0122275 7
0.906454 0.00546149 8
0.945345 0.280429 3
0.951304 0.528942 2
0.953076 0.534468 2
0.907985 0.101742 4
0.936083 0.493894 2
0.957493 0.550023 2
0.949001 0.522304 2
0.932754 0.248337 3
0.95061 0.526881 2
0.977117 1 1
0.952728 0.533353 2
0.963044 0.573895 2
0.944937 0.511901 2
0.927839 0.239419 3
0.925836 0.236208 3
0.951077 0.528264 2
0.94061 0.266474 3
0.971446 1 1
0.918097 0.11048 4
0.940299 0.265645 3
0.944788 0.511548 2
0.939351 0.263183 3
0.949058 0.522459 2
0.935383 0.253811 3
0.991633 1 1
0.940129 0.265197 3
0.965614 0.586906 2
0.9579 0.551601 2
0.941929 0.2701 3
0.942614 0.27206 3
0.944871 0.511745 2
0.873949 5.04175e-07 19
0.902641 0.00244328 9
0.838458 5.71283e-12 0
0.960433 0.348432 3
0.943629 0.155175 4
0.956345 0.325544 3
0.909958 0.00591263 8
0.882158 1.53317e-05 15
0.918104 0.0141787 7
0.945612 0.161089 4
0.882091 1.52987e-05 15
0.928583 0.0648578 5
0.863647 6.03487e-09 24
0.872185 2.13327e-07 20
0.960677 0.349929 3
0.899174 0.0010844 10
0.957461 0.3314 3
0.950234 0.297955 3
0.900716 0.00112893 10
0.883898 3.50065e-05 14
0.880994 1.47742e-05 15
0.947089 0.286281 3
0.885475 3.67435e-05 14
0.933397 0.0711044 5
0.879693 6.51001e-06 16
0.934868 0.134383 4
0.931691 0.0687352 5
0.976534 0.660647 2
0.991416 1 1
0.888841 8.71699e-05 13
0.925813 0.119574 4
0.932133 0.24712 3
0.8769 0.000308913 11
0.95225 0.531845 2
0.989212 1 1
0.983561 1 1
0.922991 0.115941 4
0.934034 0.250936 3
0.956818 0.54747 2
0.984852 1 1
0.929203 0.241738 3
0.941676 0.26939 3
0.898601 0.0208614 6
0.900798 0.0214126 6
0.98216 1 1
0.91392 0.0521069 5
0.963975 0.578454 2
0.957833 0.551341 2
0.904058 0.0107246 7
0.893572 0.00200963 9
0.889421 0.000864886 10
0.945413 0.280651 3
0.899631 0.00476033 8
0.943079 0.273419 3
0.889203 0.000860958 10
0.950075 0.29733 3
0.934036 0.132783 4
0.989439 1 1
0.988969 1 1
0.896368 0.00448926 8
0.901754 0.0103289 7
0.976855 1 1
0.930431 0.126451 4
0.924253 0.117517 4
0.901552 0.0102959 7
0.900274 0.0100928 7
0.972155 0.62699 2
0.891423 0.00413836 8
0.950766 0.527338 2
0.897515 0.0096863 7
0.936831 0.257066 3
0.956161 0.545046 2
0.961062 0.564754 2
0.979287 1 1
0.909253 0.0239865 6
0.951797 0.530442 2
0.934774 0.252496 3
0.959614 0.558523 2
0.884641 0.000361759 11
0.897689 0.00459482 8
0.88894 0.000856272 10
0.908315 0.023659 6
0.932401 0.129795 4
0.933101 0.13105 4
0.893349 0.00200094 9
0.972544 0.629731 2
0.906611 0.0230937 6
0.956413 0.545965 2
0.938564 0.26121 3
0.891269 0.00192339 9
0.879167 6.3967e-06 16
0.896593 0.000485932 11
0.835545 5.01611e-12 0
0.948791 0.29241 3
0.951648 0.303723 3
0.963864 0.5779 2
0.89978 0.00110151 10
0.88965 8.9333e-05 13
0.915276 0.0133 7
0.954882 0.318278 3
0.882497 1.55005e-05 15
0.919129 0.0283086 6
0.859153 4.26186e-10 27
0.865647 1.47754e-08 23
0.962853 0.364 3
0.904942 0.0471992 5
0.958857 0.555404 2
0.888927 0.00864538 7
0.977768 1 1
0.944995 0.512039 2
0.948647 0.521331 2
0.963806 0.577609 2
0.904664 0.04707 5
0.96748 1 1
0.942011 0.505319 2
0.926624 0.237445 3
0.98491 1 1
0.916903 0.109287 4
0.92696 0.237982 3
0.960005 0.560169 2
0.867685 1.01564e-05 15
0.931065 0.127499 4
0.864253 4.12278e-06 16
0.965372 0.585625 2
0.912658 0.051318 5
0.920424 0.112955 4
0.953862 0.537043 2
0.867316 1.00625e-05 15
0.928932 0.124079 4
0.911136 0.0504138 5
0.891083 0.00191676 9
0.960788 0.563543 2
0.893005 0.0042437 8
0.908179 0.0236126 6
0.931813 0.128769 4
0.925358 0.0613535 5
0.982584 1 1
0.942625 0.272089 3
0.921972 0.0581566 5
0.913494 0.0256285 6
0.909359 0.0117882 7
0.95656 0.326652 3
0.91363 0.0256859 6
0.964222 0.579691 2
0.909049 0.0117194 7
0.961671 0.567485 2
0.950674 0.299712 3
0.972063 0.626342 2
0.974858 0.647023 2
0.916332 0.0268979 6
0.897268 0.000238096 12
0.918451 0.0142948 7
0.8563 1.38062e-11 0
0.965845 0.385656 3
0.968322 0.602192 2
0.981061 0.70264 2
0.919343 0.0146019 7
0.90569 0.0012978 10
0.938031 0.0785529 5
0.969605 0.610057 2
0.903723 0.00122597 10
0.939458 0.0811908 5
0.880457 1.41935e-06 18
0.886653 1.78283e-05 15
0.985963 0.75822 2
0.89718 0.00216216 9
0.976239 0.658173 2
0.918258 0.0278509 6
0.93459 0.133843 4
0.906241 0.0111347 7
0.906394 0.0111647 7
0.985056 1 1
0.888803 0.000397729 11
0.952778 0.308584 3
0.902453 0.00502574 8
0.930599 0.126726 4
0.966614 0.592355 2
0.948686 0.292019 3
0.966232 0.590245 2
0.916193 0.0268324 6
0.920016 0.0565046 5
0.970996 0.619066 2
0.902919 0.00507271 8
0.961525 0.566823 2
0.947177 0.286587 3
0.946687 0.284893 3
0.962933 0.573361 2
0.917839 0.0548124 5
0.98491 1 1
0.9432 0.273777 3
0.943417 0.274425 3
0.978631 0.679096 2
0.930126 0.125956 4
0.937346 0.139495 4
0.955902 0.544108 2
0.885521 1.71429e-05 15
0.901037 0.00113862 10
0.840568 6.28964e-12 0
0.950843 0.300398 3
0.958547 0.337374 3
0.970786 0.617673 2
0.902763 0.00119343 10
0.896091 0.000479221 11
0.920604 0.0150592 7
0.9618 0.357027 3
0.888383 4.03322e-05 14
0.922392 0.0301888 6
0.863909 2.71704e-09 25
0.869844 3.94687e-08 22
0.96894 0.605928 2
0.93494 0.252852 3
0.919881 0.056395 5
0.873497 2.6276e-05 14
0.9331 0.131048 4
0.985474 1 1
0.972482 0.629295 2
0.906973 0.0232107 6
0.947495 0.287704 3
0.945172 0.279872 3
0.983246 1 1
0.928431 0.123318 4
0.924279 0.117551 4
0.891703 0.00193903 9
0.89081 0.00190709 9
0.96458 0.581506 2
0.949136 0.293705 3
0.934821 0.134292 4
0.962303 0.570392 2
0.883816 7.54934e-05 13
0.895859 0.000998882 10
0.887272 0.000178465 12
0.908553 0.00572305 8
0.929808 0.0663225 5
0.932135 0.129329 4
0.891509 0.000424864 11
0.97082 0.617899 2
0.906285 0.00544152 8
0.958207 0.335469 3
0.939966 0.14552 4
0.889798 0.000190921 12
0.892532 0.00904617 7
0.949325 0.523203 2
0.879455 0.00158033 9
0.984678 1 1
0.937253 0.258051 3
0.943289 0.508108 2
0.962072 0.56932 2
0.892773 0.00907476 7
0.954277 0.538433 2
0.935015 0.253011 3
0.914153 0.10672 4
0.98053 1 1
0.907871 0.0486339 5
0.919815 0.112287 4
0.955158 0.541464 2
0.86998 8.81167e-08 21
0.944082 0.15648 4
0.91013 0.00593674 8
0.909199 0.00580873 8
0.875688 1.18316e-06 18
0.876713 1.22883e-06 18
0.958096 0.334857 3
0.860083 4.45711e-10 27
0.92017 0.0288791 6
0.872177 2.13257e-07 20
0.904068 0.00252898 9
0.937581 0.140008 4
0.935788 0.0747488 5
0.955357 0.320584 3
0.886738 3.82362e-05 14
0.941539 0.149476 4
0.956209 0.324847 3
0.960133 0.346612 3
0.901205 0.0023626 9
0.905563 0.00535768 8
0.898555 0.0010674 10
0.929695 0.0661836 5
0.925204 0.0611983 5
0.949138 0.293712 3
0.901041 0.0023537 9
0.976864 0.663442 2
0.926173 0.0621935 5
0.974482 0.644103 2
0.959523 0.342981 3
0.902916 0.00245938 9
0.858173 1.5448e-06 17
0.930816 0.24463 3
0.871728 0.000125486 12
0.938941 0.262147 3
0.890465 0.00407748 8
0.896222 0.00950931 7
0.958435 0.553709 2
0.854325 2.6361e-07 19
0.918829 0.111237 4
0.888242 0.00394375 8
0.886483 0.00176686 9
0.950953 0.527893 2
0.900184 0.0212543 6
0.91821 0.110596 4
0.907515 0.0484517 5
0.941604 0.269187 3
0.964831 0.582797 2
0.91151 0.0122928 7
0.943369 0.274282 3
0.952337 0.306661 3
0.946507 0.284281 3
0.945031 0.279418 3
0.938755 0.142649 4
0.989985 1 1
0.947629 0.288179 3
0.961676 0.567508 2
0.956594 0.546634 2
0.934533 0.133733 4
0.935193 0.135025 4
0.951438 0.302844 3
59 0 1 2 3 4 5 6 7 8 9 10 11 12 13 14 15 16 17 18 19 20 21 22 23 24 25 26 28 29 30 31 32 33 34 35 36 37 38 39 40 41 42 43 44 45 46 47 48 49 50 51 52 53 54 55 56 57 58 59 
23 2 4 5 11 15 16 17 18 23 25 27 28 30 31 35 40 42 43 48 50 56 57 58 
16 2 5 11 15 16 18 23 27 28 31 35 40 43 50 56 58 
31 0 1 2 3 4 5 7 8 11 15 16 17 18 19 23 25 27 28 30 31 35 40 42 43 46 47 48 50 55 56 58 
54 0 1 2 3 4 5 6 7 8 9 10 11 12 13 14 15 16 17 18 19 20 22 23 25 26 27 28 30 31 32 34 35 37 38 39 40 41 42 43 44 45 46 47 48 49 50 51 52 54 55 56 57 58 59 
54 0 1 2 3 4 5 6 7 8 9 11 12 13 14 15 16 17 18 19 20 21 22 23 25 27 28 29 30 31 32 33 34 35 36 37 38 39 40 41 42 43 44 46 47 48 49 50 51 54 55 56 57 58 59 
17 2 5 11 15 16 17 27 28 30 31 35 40 42 43 50 56 58 
53 0 1 2 3 4 5 6 7 8 9 10 11 12 13 14 15 16 17 18 19 20 22 23 25 28 29 30 31 32 33 34 35 36 37 38 39 40 41 42 43 44 46 47 48 49 50 51 54 55 56 57 58 59 
35 0 1 2 3 4 5 7 8 11 15 16 17 18 19 23 25 27 28 30 31 35 40 42 43 44 46 47 48 50 51 54 55 56 57 58 
52 0 1 2 3 4 5 6 7 8 9 10 11 12 13 14 15 16 17 18 19 20 22 23 25 26 27 28 30 31 32 34 35 37 38 39 40 41 42 43 45 46 47 48 49 50 51 52 55 56 57 58 59 
43 0 1 2 3 4 5 6 7 8 10 11 15 16 17 18 19 22 23 25 27 28 30 31 32 34 35 38 39 40 42 43 44 46 47 48 50 51 54 55 56 57 58 59 
21 2 4 5 11 15 16 18 23 25 27 28 31 35 40 42 43 47 48 50 56 58 
17 2 5 11 15 16 18 23 27 28 31 35 40 42 43 50 56 58 
9 2 5 11 27 28 31 35 40 56 
46 0 1 2 3 4 5 6 7 8 9 11 12 14 15 16 17 18 19 22 23 25 27 28 30 31 32 34 35 37 38 39 40 42 43 44 46 47 48 50 51 54 55 56 57 58 59 
