80 15 6e+06
2.7322 182454
1.9051 152200
3.24709 149441
2.36164 149934
5.33696 182654
3.55342 118649
3.20984 116854
1.09393 148501
3.38439 107565
2.73354 199949
4.471 176820
1.11535 156859
1.16064 143986
2.95374 186855
1.09449 127755
3.99729 116646
2.59999 127082
2.18932 162843
2.12459 156282
3.43931 188310
2.45587 192758
3.20245 114100
5.13263 174983
1.4026 193077
1.14772 155176
4.84316 195553
2.68471 195600
2.26098 151808
6.5483 168867
2.61791 160123
2.58025 137417
1.77017 117708
3.33592 167498
1.1173 110897
1.24689 185717
2.06198 142901
1.1765 189978
1.30153 120174
1.1089 143034
2.51746 143230
1.96106 114728
4.79391 119523
3.78321 176330
2.07012 144919
1.79202 107207
1.30849 155132
1.13807 136018
3.05952 114167
4.78503 104029
2.82915 144438
5.94878 167710
2.38541 194739
5.95081 184098
4.34141 119066
2.84798 183764
1.79692 160857
1.27997 111136
4.95844 150885
1.71529 105539
4.48828 151210
2.9995 112631
3.79745 102907
2.97191 143173
3.56562 153502
1.19196 111738
2.77333 143357
6.3339 118337
2.52835 178245
2.64127 143367
5.85914 150635
1.38601 128387
2.18358 193073
8.28148 122261
4.31493 144991
2.24795 128158
1.9535 167100
4.30664 176393
1.19287 160563
2.70902 182543
2.19368 136348
0.843925 4.01226e-11 29
0.973662 0.63788 2
0.899228 0.00472492 8
0.844022 4.02943e-11 29
0.928969 0.124136 4
0.938933 0.262127 3
0.873906 2.65492e-05 14
0.880174 0.000150126 12
0.97326 0.634909 2
0.945463 0.280813 3
0.965831 0.588069 2
0.971559 0.622866 2
0.879785 0.000148805 12
0.971772 0.624327 2
0.912165 0.0250832 6
0.860151 7.14492e-07 18
0.967035 0.594717 2
0.916209 0.0536371 5
0.86034 7.18409e-07 18
0.941683 0.269408 3
0.942449 0.271582 3
0.890652 0.00190156 9
0.8978 0.00972637 7
0.980872 1 1
0.96019 0.560958 2
0.984046 1 1
0.976778 1 1
0.895078 0.00439135 8
0.989058 1 1
0.930119 0.125945 4
0.939632 0.263905 3
0.85174 8.58605e-09 23
0.888913 0.00184282 9
0.937352 0.258283 3
0.932647 0.248125 3
0.907439 0.0233639 6
0.884975 0.000791183 10
0.912072 0.0509636 5
0.890261 0.00188802 9
0.875627 6.1351e-05 13
0.884087 0.000777927 10
0.864236 1.82242e-06 17
0.866097 4.3296e-06 16
0.88035 0.00033055 11
0.901953 0.0103617 7
0.921781 0.230341 3
0.898413 0.0444487 5
0.926563 0.237347 3
0.921235 0.229608 3
0.97308 1 1
0.938698 0.498646 2
0.912495 0.105284 4
0.936021 0.493786 2
0.935253 0.492471 2
0.923847 0.233231 3
0.933186 0.249201 3
0.912153 0.104997 4
0.899885 0.0450214 5
0.928967 0.241329 3
0.943854 0.509384 2
0.938211 0.141409 4
0.873858 1.10763e-06 18
0.910644 0.00600982 8
0.936845 0.138419 4
0.953251 0.310689 3
0.922783 0.0304331 6
0.903107 0.00247067 9
0.929975 0.0665282 5
0.911395 0.00611986 8
0.899505 0.00109369 10
0.907585 0.00559932 8
0.887128 8.28702e-05 13
0.886023 3.73791e-05 14
0.903507 0.00249462 9
0.925234 0.0320686 6
0.866167 3.38206e-08 22
0.936879 0.13849 4
0.899955 0.00110654 10
0.865737 3.32342e-08 22
0.962881 0.573113 2
0.976168 0.657587 2
0.877241 2.74175e-06 17
0.891269 0.000198888 12
0.984215 0.737055 2
0.932015 0.0691719 5
0.955805 0.322806 3
0.943111 0.153713 4
0.875699 2.60004e-06 17
0.957268 0.330368 3
0.916861 0.0137782 7
0.977372 0.667826 2
0.849658 9.74092e-12 0
0.925246 0.0320769 6
0.979691 0.689068 2
0.903555 0.00122018 10
0.871665 9.44727e-08 21
0.936226 0.0754613 5
0.959827 0.34478 3
0.87341 2.24061e-07 20
0.88723 3.88449e-05 14
0.882764 7.2382e-06 16
0.864723 2.8224e-09 25
0.91126 0.00609987 8
0.877388 1.26035e-06 18
0.927544 0.0337893 6
0.941937 0.270123 3
0.863494 3.48983e-07 19
0.952234 0.306214 3
0.944405 0.277443 3
0.897594 0.00458698 8
0.866745 8.72414e-07 18
0.970796 0.617743 2
0.98135 1 1
0.877832 6.46857e-05 13
0.90515 0.0109253 7
0.894225 0.00203557 9
0.878876 6.63738e-05 13
0.944404 0.277438 3
0.888589 0.000850089 10
0.946368 0.283812 3
0.885432 0.00173604 9
0.872789 0.000128174 12
0.870477 5.46117e-05 13
0.883731 0.00168848 9
0.95134 0.529051 2
0.950671 0.527059 2
0.856702 6.47994e-07 18
0.879878 0.000720681 10
0.91747 0.109847 4
0.879908 0.000721058 10
0.897739 0.00971771 7
0.880849 0.000733123 10
0.845193 2.93198e-09 24
0.896562 0.00955501 7
0.887381 0.00179415 9
0.908279 0.0236468 6
0.881835 0.000340757 11
0.975021 1 1
0.910484 0.0244348 6
0.892461 0.00420681 8
0.865257 4.23353e-06 16
0.992152 1 1
0.964601 0.581613 2
0.885057 0.000792425 10
0.925125 0.118652 4
0.907677 0.023443 6
0.896694 0.00451483 8
0.980404 1 1
0.902296 0.0104189 7
0.957772 0.551102 2
0.919545 0.0561257 5
0.909178 0.0239597 6
0.953438 0.535644 2
0.919979 0.056474 5
0.954454 0.539036 2
0.92349 0.116555 4
0.936097 0.255393 3
0.955332 0.542074 2
0.934794 0.252537 3
0.94411 0.27653 3
0.945241 0.280094 3
0.924881 0.118331 4
0.92577 0.119515 4
0.939676 0.264017 3
0.971518 0.622591 2
0.881734 0.00360424 8
0.938327 0.497946 2
0.962613 0.571843 2
0.882814 0.00365588 8
0.923914 0.233327 3
0.905724 0.0475684 5
0.935339 0.253716 3
0.933647 0.250136 3
0.93561 0.254309 3
0.984544 1 1
0.963676 1 1
0.954383 0.538792 2
0.943637 0.50889 2
0.958676 0.554675 2
0.969204 1 1
0.881069 0.00357328 8
0.897221 0.0205352 6
0.968014 1 1
0.883045 0.00366714 8
0.8853 0.00828482 7
0.862897 4.67268e-05 13
0.960722 0.563255 2
0.938097 0.497518 2
0.889114 0.00866504 7
0.937976 0.497292 2
0.915673 0.10811 4
0.910468 0.103629 4
0.986369 1 1
0.911159 0.104181 4
0.950927 0.527816 2
0.916602 0.0136977 7
0.878452 6.24722e-06 16
0.972541 0.629712 2
0.918845 0.0281575 6
0.895351 0.00046962 11
0.867019 3.50267e-08 22
0.997722 1 1
0.972386 0.62861 2
0.884796 3.59784e-05 14
0.92172 0.029779 6
0.905971 0.00265251 9
0.893593 0.000448141 11
0.971453 0.622147 2
0.900449 0.00112099 10
0.958133 0.335064 3
0.869589 3.90367e-08 22
0.961292 0.353772 3
0.931449 0.0684139 5
0.870007 3.97476e-08 22
0.941545 0.149492 4
0.933685 0.0715227 5
0.905321 0.00260907 9
0.911141 0.00608225 8
0.969048 0.606589 2
0.975042 0.648475 2
0.9994 1 1
0.977145 0.66585 2
0.9101 0.0059325 8
0.993127 1 1
0.944899 0.158901 4
0.931396 0.245712 3
0.868353 2.32026e-05 14
0.899093 0.00991375 7
0.929663 0.242546 3
0.951267 0.528831 2
0.924535 0.11788 4
0.891315 0.00413144 8
0.917891 0.11027 4
0.908027 0.0487146 5
0.890874 0.00410325 8
0.90089 0.0214364 6
0.880778 0.000732204 10
0.874573 0.00013293 12
0.897292 0.00965522 7
0.913948 0.0521245 5
0.942892 0.507229 2
0.874039 0.000653812 10
0.915239 0.107705 4
0.941689 0.504634 2
0.950625 0.526923 2
0.919113 0.111535 4
0.908545 0.102155 4
0.935746 0.254612 3
0.910109 0.103348 4
0.901508 0.0456835 5
0.908213 0.101909 4
0.887718 0.00852082 7
0.890872 0.00885592 7
0.903878 0.0467117 5
0.929294 0.241897 3
0.931476 0.245863 3
0.888445 0.00859516 7
0.971497 1 1
0.933087 0.249002 3
0.920842 0.22909 3
0.890361 0.00879929 7
0.968533 1 1
0.988873 1 1
0.903963 0.0467499 5
0.930344 0.243766 3
0.920834 0.229079 3
0.904336 0.0469192 5
0.949768 0.524449 2
0.915029 0.107512 4
0.973436 1 1
0.873324 0.000129569 12
0.933504 0.249844 3
0.961528 0.566838 2
0.874659 0.000133168 12
0.908101 0.0487527 5
0.890885 0.00410391 8
0.936592 0.256518 3
0.928031 0.12272 4
0.921898 0.114635 4
0.975179 1 1
0.950667 0.527047 2
0.947491 0.518252 2
0.95139 0.529201 2
0.946719 0.516268 2
0.959836 0.559454 2
0.960196 0.560982 2
0.870334 1.08738e-05 15
0.932203 0.129447 4
0.960269 0.561293 2
0.932088 0.129246 4
0.899245 0.0099364 7
0.931647 0.128484 4
0.960213 0.561053 2
0.898951 0.00989275 7
0.90497 0.0108915 7
0.90495 0.0108878 7
0.885304 0.000796218 10
0.91058 0.0244706 6
0.899751 0.0100126 7
0.941739 0.269564 3
0.945495 0.513239 2
0.879963 0.00352303 8
0.928336 0.240251 3
0.94496 0.511956 2
0.949058 0.522459 2
0.915838 0.223011 3
0.921687 0.230214 3
0.94904 0.522411 2
0.912684 0.105444 4
0.910888 0.103964 4
0.914917 0.10741 4
0.894446 0.0430198 5
0.903847 0.0988918 4
0.91009 0.103333 4
0.941908 0.505098 2
0.956814 0.327971 3
0.849993 9.90717e-12 0
0.897554 0.00104097 10
0.954528 0.316585 3
0.926186 0.062207 5
0.897735 0.00104566 10
0.896742 0.000487947 11
0.924161 0.0313298 6
0.88548 3.67488e-05 14
0.877929 2.80877e-06 17
0.883325 1.59251e-05 15
0.863403 5.97056e-09 24
0.876129 2.63846e-06 17
0.879037 6.36901e-06 16
0.908735 0.00574682 8
0.874215 5.93669e-05 13
0.888497 0.00182931 9
0.873393 5.82628e-05 13
0.872843 5.75416e-05 13
0.958027 0.552098 2
0.970297 0.614475 2
0.85662 1.23048e-07 20
0.87758 0.000141696 12
0.933642 0.250126 3
0.890181 0.00188526 9
0.910352 0.0243854 6
0.895083 0.00439173 8
0.848006 1.39552e-09 25
0.9101 0.0242925 6
0.8908 0.00190675 9
0.996565 1 1
0.835428 1.18262e-11 30
0.906 0.0477012 5
0.998659 1 1
0.89586 0.00946124 7
0.864967 2.14864e-05 14
0.916671 0.109061 4
0.93972 0.264132 3
0.862146 8.87749e-06 15
0.87081 0.000123241 12
0.868472 5.23203e-05 13
0.850031 4.33912e-08 21
0.892094 0.00899497 7
0.863355 9.13435e-06 15
0.909505 0.0494989 5
0.864624 3.62142e-07 19
0.899468 0.00474596 8
0.873521 5.34891e-06 16
0.863471 1.54424e-07 20
0.956339 0.545694 2
0.982447 1 1
0.854781 1.82398e-09 25
0.873781 1.19355e-05 15
0.943914 0.275929 3
0.896014 0.00211034 9
0.917797 0.0276159 6
0.90449 0.0108029 7
0.848469 4.91879e-11 29
0.918455 0.0552763 5
0.890921 0.000892888 10
0.974752 0.646192 2
0.856916 1.99366e-09 25
0.927819 0.0639823 5
0.975866 0.655104 2
0.91427 0.0259609 6
0.882055 7.20099e-05 13
0.934519 0.133706 4
0.961225 0.565478 2
0.8827 7.32542e-05 13
0.893441 0.000944133 10
0.890678 0.000416177 11
0.871963 2.29913e-06 17
0.910646 0.0120845 7
0.88536 0.000169951 12
0.932867 0.130627 4
0.852543 7.17733e-06 15
0.944185 0.510142 2
0.891226 0.019272 6
0.852179 7.12276e-06 15
0.947423 0.518077 2
0.967286 1 1
0.867671 0.000593414 10
0.879611 0.0035074 8
0.981948 1 1
0.928733 0.240926 3
0.952886 0.533858 2
0.946271 0.515143 2
0.868418 0.000599943 10
0.956296 0.545538 2
0.907083 0.101091 4
0.968598 0.603846 2
0.850889 3.60389e-09 24
0.930694 0.126882 4
0.971206 0.620472 2
0.899784 0.0100176 7
0.867966 4.55609e-06 16
0.944227 0.27689 3
0.965385 0.585694 2
0.872147 2.54075e-05 14
0.889746 0.00187046 9
0.883453 0.000352581 11
0.866078 4.32742e-06 16
0.91873 0.0554873 5
0.877976 0.000142927 12
0.930788 0.127037 4
0.873533 2.62997e-05 14
0.867787 4.53357e-06 16
0.859261 1.33984e-07 20
0.871787 1.13022e-05 15
0.940799 0.26698 3
0.947743 0.288584 3
0.845031 9.82269e-11 28
0.86763 4.51406e-06 16
0.911971 0.0250063 6
0.871248 1.11403e-05 15
0.890104 0.00188262 9
0.874518 2.69662e-05 14
0.83425 4.73859e-12 0
0.889509 0.000866486 10
0.87611 6.20559e-05 13
0.932391 0.247624 3
0.867561 2.27817e-05 14
0.958983 0.555917 2
0.934814 0.252581 3
0.895521 0.00941679 7
0.865435 9.60407e-06 15
0.980585 1 1
0.979988 1 1
0.878969 0.000321559 11
0.909949 0.0497431 5
0.897183 0.00964003 7
0.88288 0.000760608 10
0.953909 0.537198 2
0.891562 0.0041474 8
0.950052 0.525259 2
0.927365 0.238639 3
0.874204 0.000293775 11
0.966727 0.592981 2
0.929642 0.242508 3
0.89893 0.0209413 6
0.869326 5.32762e-05 13
0.986689 1 1
0.981555 1 1
0.884383 0.00170637 9
0.91703 0.109411 4
0.90354 0.0221618 6
0.889581 0.00402308 8
0.960217 0.561071 2
0.897906 0.0206954 6
0.956754 0.547229 2
0.87016 4.84589e-06 16
0.949528 0.2952 3
0.950527 0.299124 3
0.871168 1.11164e-05 15
0.919266 0.0559044 5
0.905366 0.0109659 7
0.923928 0.0599476 5
0.92104 0.0573531 5
0.938493 0.261033 3
0.993235 1 1
0.968026 0.600435 2
0.96482 0.582739 2
0.934986 0.134615 4
0.964458 0.580885 2
0.956158 0.545032 2
0.904242 0.0107579 7
0.876308 6.23494e-05 13
0.886296 0.000811749 10
0.902605 0.0104711 7
0.961476 0.5666 2
0.946065 0.282796 3
0.873911 5.89547e-05 13
0.898257 0.00464192 8
0.920121 0.0565898 5
0.889991 0.00187878 9
0.905257 0.0226699 6
0.886482 0.000814741 10
0.860802 3.20279e-07 19
0.903015 0.010541 7
0.902978 0.0105348 7
0.880169 0.00015011 12
0.936655 0.256662 3
0.91657 0.0538909 5
0.879928 0.000149287 12
0.972133 0.626831 2
0.96458 0.581506 2
0.893868 0.0020213 9
0.90825 0.0236369 6
0.980494 1 1
0.94414 0.276622 3
0.965674 0.587231 2
0.947353 0.287205 3
0.891361 0.00192668 9
0.964587 0.581541 2
0.934078 0.132863 4
0.980877 1 1
0.850007 2.81881e-10 27
0.913487 0.0256256 6
0.979729 0.689436 2
0.915204 0.0263753 6
0.883854 0.000163731 12
0.918303 0.0551602 5
0.945145 0.279783 3
0.879543 6.74928e-05 13
0.883729 0.000163233 12
0.883854 0.000163734 12
0.864544 3.61189e-07 19
0.895187 0.00207509 9
0.878855 6.63394e-05 13
0.920653 0.0570284 5
0.881879 7.16774e-05 13
0.94675 0.285111 3
0.934979 0.134602 4
0.882142 7.21748e-05 13
0.955654 0.322054 3
0.941975 0.27023 3
0.910017 0.0119377 7
0.919957 0.0287607 6
0.97063 0.616645 2
0.966537 0.591929 2
0.983824 1 1
0.961667 0.567467 2
0.91067 0.0120902 7
0.979178 0.684188 2
0.951267 0.302136 3
0.867264 5.10172e-05 13
0.948482 0.520885 2
0.91012 0.0498378 5
0.867106 5.08506e-05 13
0.958294 0.55315 2
0.96204 0.569171 2
0.886153 0.00382692 8
0.897912 0.0206968 6
0.995569 1 1
0.945669 0.51366 2
0.970034 1 1
0.956605 0.546677 2
0.886484 0.00384492 8
0.971608 1 1
0.926403 0.237095 3
0.943272 0.273992 3
0.863922 4.0873e-06 16
0.952107 0.531398 2
0.945712 0.281625 3
0.898954 0.00989317 7
0.867994 1.02361e-05 15
0.969716 0.610756 2
0.982394 1 1
0.878767 0.000320282 11
0.905466 0.0227338 6
0.894878 0.00437659 8
0.87933 0.000323864 11
0.943406 0.274393 3
0.889237 0.00185345 9
0.946874 0.285536 3
0.855036 9.68096e-09 23
0.971439 0.622047 2
0.929313 0.124669 4
0.855784 9.95476e-09 23
0.917778 0.0547664 5
0.911726 0.0249097 6
0.903143 0.0105632 7
0.90212 0.00499277 8
0.948401 0.290969 3
0.980245 1 1
0.974615 0.645133 2
0.985582 1 1
0.914257 0.025955 6
0.975261 0.650211 2
0.937003 0.257465 3
0.911912 0.0123925 7
0.882577 7.30133e-05 13
0.976788 0.662796 2
0.914084 0.0258803 6
0.895875 0.000999259 10
0.868223 4.09157e-07 19
0.994186 1 1
0.968951 0.605992 2
0.887317 0.000178672 12
0.926021 0.0620344 5
0.909371 0.0117911 7
0.897643 0.00218344 9
0.976685 0.661915 2
0.903903 0.00517495 8
0.960626 0.562839 2
0.870124 2.41907e-05 14
0.921073 0.113684 4
0.892543 0.00421232 8
0.869391 1.06094e-05 15
0.96914 0.607156 2
0.991812 1 1
0.871668 2.51104e-05 14
0.888461 0.00182817 9
0.967718 0.598633 2
0.918929 0.0556407 5
0.941486 0.26886 3
0.927425 0.121834 4
0.867492 1.0107e-05 15
0.942133 0.270678 3
0.910034 0.0242684 6
0.921333 0.0295486 6
0.89432 0.000963361 10
0.982403 0.716719 2
0.923002 0.0590815 5
0.917792 0.0276133 6
0.888836 0.000186004 12
0.973436 0.636203 2
0.980391 0.695903 2
0.9058 0.00538492 8
0.937538 0.139914 4
0.925311 0.0613062 5
0.910212 0.0119827 7
0.959076 0.340385 3
0.919514 0.0285168 6
0.979833 0.690437 2
0.971971 0.625708 2
0.835551 5.01736e-12 0
0.892068 0.000915534 10
0.969091 0.606855 2
0.907104 0.011307 7
0.878394 2.98792e-05 14
0.896367 0.00212573 9
0.922511 0.058636 5
0.868292 9.16855e-07 18
0.866037 3.79628e-07 19
0.86873 9.30018e-07 18
0.849306 5.11245e-11 29
0.873741 5.38456e-06 16
0.864165 1.58209e-07 20
0.900252 0.0048161 8
0.971017 1 1
0.853821 7.37411e-06 15
0.911272 0.104273 4
0.969425 1 1
0.923172 0.232264 3
0.892151 0.0194523 6
0.913046 0.105753 4
0.940646 0.502476 2
0.88561 0.00831407 7
0.885686 0.00832135 7
0.88781 0.00853012 7
0.868081 0.000596978 10
0.89111 0.0192496 6
0.883009 0.00807577 7
0.920489 0.228629 3
0.857765 1.49691e-11 0
0.961499 0.35509 3
0.907988 0.00279636 9
0.857767 1.49707e-11 0
0.945016 0.159257 4
0.951179 0.301774 3
0.883039 7.30923e-06 16
0.89195 9.59843e-05 13
0.989365 1 1
0.949721 0.175151 4
0.974004 0.640445 2
0.967401 0.596801 2
0.886167 1.75289e-05 15
0.978218 0.675334 2
0.922745 0.0159025 7
0.873905 0.000131113 12
0.955902 0.544107 2
0.941515 0.26894 3
0.874525 0.000132797 12
0.937069 0.25762 3
0.925003 0.118491 4
0.914898 0.0527442 5
0.918834 0.111242 4
0.958408 0.553603 2
0.985345 1 1
0.987924 1 1
0.972961 0.632724 2
0.92061 0.113163 4
0.982614 1 1
0.953793 0.536814 2
0.880177 1.44012e-05 15
0.949199 0.293944 3
0.936082 0.136821 4
0.880504 1.45485e-05 15
0.9522 0.306068 3
0.939165 0.143606 4
0.910714 0.0121007 7
0.919596 0.0285614 6
0.969361 0.60853 2
0.969869 0.611727 2
0.986814 1 1
0.964549 0.58135 2
0.91228 0.0124852 7
0.98164 0.708613 2
0.951799 0.304359 3
0.918717 0.0280903 6
0.892287 0.000919985 10
0.914101 0.0258875 6
0.917751 0.0275922 6
0.975833 0.65483 2
0.943635 0.275081 3
0.900793 0.00486589 8
0.924917 0.0609113 5
0.932471 0.12992 4
0.913709 0.0257193 6
0.925489 0.0614867 5
0.904935 0.00528701 8
0.887816 0.000388614 11
0.921941 0.0581297 5
0.931177 0.127686 4
0.914058 0.00654363 8
0.906934 0.00271942 9
0.928736 0.0650357 5
0.913664 0.00647748 8
0.978408 0.677058 2
0.944231 0.156915 4
0.912183 0.00623964 8
0.933711 0.0715609 5
0.943947 0.156089 4
0.931181 0.0680621 5
0.941832 0.150244 4
0.920645 0.0150748 7
0.901712 0.0011595 10
0.937705 0.140281 4
0.946824 0.16497 4
0.897435 0.0440817 5
0.908539 0.102151 4
0.909132 0.102596 4
0.896647 0.0437932 5
0.996958 1 1
0.965639 1 1
0.891268 0.0192801 6
0.911765 0.104675 4
0.952683 0.533209 2
0.921867 0.230456 3
0.938929 0.499087 2
0.919504 0.227371 3
0.882691 0.00804784 7
0.936674 0.494932 2
0.927238 0.238432 3
0.90926 0.102693 4
0.861603 0.000104074 12
0.878052 0.00343991 8
0.907266 0.101222 4
0.945899 0.514224 2
0.930308 0.243701 3
0.868432 0.000600062 10
0.893898 0.0198067 6
0.904411 0.0992607 4
0.877063 0.00339862 8
0.89087 0.0192039 6
0.872009 0.00142291 9
0.853367 1.69033e-05 14
0.888369 0.018744 6
0.893728 0.0197712 6
0.933606 0.131978 4
0.890222 0.00188669 9
0.930277 0.1262 4
0.933143 0.131127 4
0.960536 0.562447 2
0.926652 0.120732 4
0.919518 0.0561039 5
0.945044 0.279461 3
0.924306 0.117585 4
0.919345 0.055967 5
0.925382 0.118993 4
0.904548 0.0108136 7
0.904323 0.0107725 7
0.920711 0.0570767 5
0.946019 0.282642 3
0.91364 0.0128414 7
0.902333 0.00242551 9
0.92105 0.0293824 6
0.912986 0.0126675 7
0.982366 0.716326 2
0.947721 0.288506 3
0.905415 0.00534093 8
0.927837 0.0640024 5
0.941794 0.150144 4
0.92404 0.0600546 5
0.93616 0.136982 4
0.915318 0.0133124 7
0.89429 0.00045644 11
0.932491 0.129954 4
0.938867 0.14291 4
0.957395 0.549649 2
0.867896 9.0515e-07 18
0.945495 0.280915 3
0.959128 0.556509 2
0.915541 0.0265289 6
0.883317 7.44771e-05 13
0.952415 0.306997 3
0.98008 0.692847 2
0.889398 0.000403416 11
0.907011 0.0112882 7
0.901233 0.00490723 8
0.883366 7.45758e-05 13
0.92847 0.123377 4
0.895653 0.00209478 9
0.948444 0.291127 3
0.925356 0.235472 3
0.893339 0.00914254 7
0.977627 1 1
0.92694 0.23795 3
0.921129 0.113747 4
0.891474 0.0089237 7
0.969841 1 1
0.983181 1 1
0.907012 0.0481981 5
0.935912 0.254981 3
0.925249 0.235309 3
0.909289 0.0493816 5
0.954034 0.537616 2
0.919422 0.111864 4
0.979104 1 1
0.914479 0.00661578 8
0.873418 1.01777e-07 21
0.966705 0.392426 3
0.916839 0.00704921 8
0.889083 4.12792e-05 14
0.860891 9.09623e-11 29
0.994753 1 1
0.967276 0.39706 3
0.878721 1.32608e-06 18
0.916409 0.0069663 8
0.900111 0.000537922 11
0.888327 1.8921e-05 15
0.971608 0.623203 2
0.894667 0.000104936 13
0.951533 0.182232 4
0.865656 2.18188e-05 14
0.965524 0.586428 2
0.932458 0.247754 3
0.866201 2.20875e-05 14
0.933884 0.250625 3
0.926367 0.120334 4
0.906007 0.0229021 6
0.909499 0.049496 5
0.962414 0.57091 2
0.980495 1 1
0.991595 1 1
0.982596 1 1
0.912857 0.0514394 5
0.98993 1 1
0.944122 0.276565 3
0.93998 0.0821999 5
0.886054 8.16383e-06 16
0.932557 0.0699152 5
0.939633 0.0815266 5
0.953475 0.311699 3
0.919822 0.0147726 7
0.923871 0.0163827 7
0.950398 0.177729 4
0.918454 0.0142957 7
0.917076 0.0070956 8
0.921266 0.0153108 7
0.900664 0.000546966 11
0.907258 0.00136045 10
0.916383 0.00696134 8
0.947096 0.16587 4
0.847519 3.1851e-09 24
0.979218 1 1
0.906641 0.0231032 6
0.847747 3.21139e-09 24
0.928813 0.123898 4
0.934463 0.251834 3
0.880986 0.000734916 10
0.886096 0.00175538 9
0.971416 0.621897 2
0.954128 0.537932 2
0.973034 0.633255 2
0.980698 1 1
0.887676 0.00180331 9
0.979203 1 1
0.918956 0.111369 4
0.951441 0.529357 2
0.851858 1.06242e-07 20
0.896173 0.00950275 7
0.949203 0.522861 2
0.929663 0.242546 3
0.901837 0.0216879 6
0.894133 0.00924003 7
0.921542 0.114221 4
0.888313 0.00394785 8
0.87865 0.000705519 10
0.885011 0.00172399 9
0.865039 2.15209e-05 14
0.874139 0.000131745 12
0.880869 0.000733389 10
0.908082 0.0487428 5
0.863158 5.19051e-10 27
0.891205 4.43766e-05 14
0.867197 7.08325e-09 24
0.861863 2.15865e-10 28
0.950559 0.178352 4
0.97335 0.635564 2
0.849289 9.56126e-12 0
0.869011 1.71314e-08 23
0.935165 0.0737608 5
0.888064 1.87425e-05 15
0.909459 0.00291057 9
0.896106 0.000229538 12
0.842178 6.777e-12 0
0.910012 0.00295581 9
0.884508 7.70786e-06 16
0.962366 0.360737 3
0.868333 8.24647e-08 21
0.937334 0.139468 4
0.96321 0.366445 3
0.924376 0.0314749 6
0.891688 0.000201259 12
0.939955 0.145493 4
0.96853 0.60344 2
0.894034 0.000453363 11
0.905042 0.00259078 9
0.902552 0.00243814 9
0.883567 1.60524e-05 15
0.917521 0.0139879 7
0.897159 0.000493697 11
0.944276 0.157046 4
0.881201 0.000737755 10
0.899072 0.00991054 7
0.886184 0.00175798 9
0.880044 0.000328515 11
0.971999 0.625898 2
0.977966 1 1
0.868596 2.33342e-05 14
0.889076 0.00184816 9
0.945095 0.279625 3
0.90322 0.0220706 6
0.92317 0.11616 4
0.906817 0.0231601 6
0.860467 1.64199e-06 17
0.92254 0.115396 4
0.903869 0.0222565 6
0.92751 0.238876 3
0.872661 0.00143539 9
0.900473 0.0452576 5
0.925899 0.236307 3
0.956437 0.546054 2
0.929635 0.242497 3
0.89147 0.0193191 6
0.917649 0.225104 3
0.912891 0.10562 4
0.894326 0.0198962 6
0.905068 0.0996974 4
0.884949 0.0082519 7
0.875523 0.00149295 9
0.901582 0.045714 5
0.915877 0.223056 3
0.861598 3.8504e-06 16
0.969785 0.611192 2
0.923618 0.116715 4
0.861975 8.84205e-06 15
0.936663 0.25668 3
0.933392 0.249617 3
0.897541 0.0096899 7
0.902616 0.0219011 6
0.970932 1 1
0.970251 0.614175 2
0.991085 1 1
0.984201 1 1
0.903497 0.0221495 6
0.997004 1 1
0.936293 0.255837 3
0.874043 2.6641e-05 14
0.892949 0.00198552 9
0.876282 6.231e-05 13
0.872756 2.57931e-05 14
0.961132 0.565063 2
0.975092 0.648873 2
0.858949 1.3262e-07 20
0.879462 0.000147725 12
0.938302 0.260565 3
0.894213 0.00203508 9
0.914682 0.0526016 5
0.899509 0.00474955 8
0.850861 3.60011e-09 24
0.914518 0.0524939 5
0.893771 0.00201746 9
0.935551 0.25418 3
0.859633 1.35632e-07 20
0.89355 0.00200875 9
0.933527 0.131832 4
0.941643 0.269295 3
0.91597 0.053471 5
0.887742 0.000835519 10
0.914692 0.0526079 5
0.898811 0.00468885 8
0.88275 0.000347352 11
0.892029 0.00195097 9
0.87206 1.13857e-05 15
0.869862 1.07402e-05 15
0.888377 0.000846382 10
0.9075 0.023384 6
0.938927 0.262113 3
0.876311 0.000305486 11
0.914453 0.0524511 5
0.937724 0.259167 3
0.954315 0.538564 2
0.92292 0.115855 4
0.906694 0.0480402 5
0.933543 0.249925 3
0.913175 0.0516362 5
0.902789 0.0219493 6
0.910352 0.0499673 5
0.889813 0.00403716 8
0.889696 0.00403003 8
0.906143 0.0477702 5
0.929082 0.241529 3
0.894432 0.00927736 7
0.921714 0.11442 4
0.919922 0.112404 4
0.894029 0.00922713 7
0.986849 1 1
0.961667 0.567467 2
0.899677 0.0211263 6
0.91757 0.109948 4
0.963625 0.576716 2
0.936793 0.256979 3
0.953956 0.537356 2
0.933726 0.250299 3
0.893477 0.00915931 7
0.951295 0.528915 2
0.938249 0.260436 3
0.962577 0.571676 2
0.860047 6.04851e-08 21
0.939477 0.263506 3
0.964734 0.582298 2
0.907772 0.0114449 7
0.875733 2.78268e-05 14
0.950273 0.298109 3
0.974651 0.64541 2
0.881137 7.03004e-05 13
0.899216 0.00472387 8
0.892942 0.00093354 10
0.875399 2.75856e-05 14
0.92521 0.0612043 5
0.8874 0.000384887 11
0.9406 0.266447 3
0.83997 3.38471e-11 29
0.988919 1 1
0.911141 0.0504169 5
0.840577 8.16305e-11 28
0.909517 0.0495055 5
0.910261 0.0499164 5
0.885523 0.00173865 9
0.884803 0.000788588 10
0.947216 0.51754 2
0.961133 0.565065 2
0.964164 0.579396 2
0.986352 1 1
0.897213 0.0096442 7
0.968136 0.601087 2
0.91902 0.111438 4
0.9265 0.120519 4
0.895833 0.0094577 7
0.929433 0.24214 3
0.926028 0.119868 4
0.967673 0.598373 2
0.933468 0.24977 3
0.916477 0.108873 4
0.940704 0.266725 3
0.931176 0.245299 3
0.92321 0.11621 4
0.930933 0.244847 3
0.909926 0.0497303 5
0.902921 0.0219862 6
0.926454 0.120455 4
0.946236 0.515056 2
0.871129 9.23837e-08 21
0.866701 1.54639e-08 23
0.857016 3.26579e-11 30
0.869377 3.86831e-08 22
0.938578 0.142243 4
0.946796 0.164877 4
0.842704 6.94593e-12 0
0.865189 6.46304e-09 24
0.910714 0.00602001 8
0.869468 3.88354e-08 22
0.888493 4.04785e-05 14
0.873171 2.21905e-07 20
0.832063 4.30966e-12 0
0.888007 3.98374e-05 14
0.873847 2.28068e-07 20
0.977212 0.666429 2
0.851733 6.99707e-10 26
0.913116 0.0254703 6
0.975882 0.655235 2
0.918377 0.055217 5
0.887087 0.000382124 11
0.916752 0.027099 6
0.943977 0.276121 3
0.882063 0.000156847 12
0.884841 0.00016776 12
0.885668 0.000370054 11
0.866189 8.57223e-07 18
0.894063 0.00202908 9
0.88073 6.95648e-05 13
0.921068 0.0573764 5
0.952449 0.532469 2
0.862794 3.41173e-07 19
0.947036 0.286096 3
0.954783 0.540162 2
0.903957 0.0107065 7
0.872371 1.14819e-05 15
0.960731 0.563297 2
0.981601 1 1
0.88071 0.000151981 12
0.903345 0.0105983 7
0.894839 0.00206059 9
0.878233 6.53255e-05 13
0.935028 0.134698 4
0.889215 0.000861173 10
0.945179 0.279895 3
0.873057 0.00012887 12
0.947385 0.517977 2
0.953102 0.53455 2
0.874065 0.000131545 12
0.92128 0.11392 4
0.906423 0.0230337 6
0.926289 0.120227 4
0.92396 0.117145 4
0.938884 0.262005 3
0.993127 1 1
0.968283 0.601963 2
0.963057 0.573956 2
0.936541 0.256401 3
0.964251 0.579838 2
0.959274 0.557109 2
0.937399 0.258393 3
0.880252 0.00159936 9
0.918363 0.110753 4
0.936386 0.256048 3
0.9571 0.548528 2
0.92483 0.234678 3
0.909768 0.103082 4
0.936348 0.25596 3
0.916678 0.109068 4
0.907184 0.0482842 5
0.914565 0.10709 4
0.893927 0.0198125 6
0.893257 0.0196744 6
0.910269 0.103473 4
0.933332 0.249495 3
0.874248 1.20919e-05 15
0.913013 0.0254276 6
0.890483 0.000884535 10
0.873365 1.17988e-05 15
0.972319 0.62814 2
0.991623 1 1
0.870736 4.9268e-06 16
0.888962 0.000399233 11
0.959559 0.55829 2
0.913386 0.0255831 6
0.935021 0.134684 4
0.919935 0.056439 5
0.865074 3.67579e-07 19
0.935132 0.134904 4
0.908162 0.0115272 7
0.960206 0.561023 2
0.870075 5.41383e-05 13
0.939644 0.263936 3
0.961128 0.565046 2
0.924964 0.11844 4
0.892257 0.00419311 8
0.941922 0.27008 3
0.970653 0.616799 2
0.895314 0.0093898 7
0.907088 0.0232483 6
0.904294 0.0223811 6
0.885371 0.00173428 9
0.919634 0.112092 4
0.898865 0.00988 7
0.946563 0.515874 2
0.860178 1.62928e-06 17
0.918367 0.110756 4
0.882065 0.000749341 10
0.85937 1.59443e-06 17
0.957634 0.550567 2
0.991766 1 1
0.861068 3.79933e-06 16
0.877407 0.000311929 11
0.962267 0.570224 2
0.910719 0.050175 5
0.933882 0.250621 3
0.922431 0.115265 4
0.857557 6.63621e-07 18
0.935432 0.253918 3
0.899216 0.00993204 7
65 0 1 2 3 4 5 8 10 11 14 15 16 17 18 19 20 21 22 24 25 26 28 31 32 33 34 35 36 38 40 41 42 43 45 46 47 48 49 50 51 52 53 54 56 57 58 59 60 61 62 63 64 65 66 67 68 70 71 72 73 75 76 77 78 79 
72 0 1 2 3 4 5 7 8 9 10 11 13 14 15 16 17 19 20 22 23 24 25 26 27 28 29 30 32 33 34 35 36 37 39 40 41 43 44 45 46 47 48 49 50 51 52 53 54 55 56 57 58 59 60 61 62 63 64 65 66 67 68 69 71 72 73 74 75 76 77 78 79 
72 0 1 2 3 4 5 6 7 8 10 11 14 15 16 17 19 20 21 22 23 24 25 26 27 28 31 32 33 34 35 36 37 38 40 41 42 43 44 45 46 47 48 49 50 51 52 53 54 56 57 58 59 60 61 62 63 64 65 66 67 68 69 70 71 72 73 74 75 76 77 78 79 
65 0 1 2 3 4 5 8 10 11 14 15 16 17 18 19 20 21 22 24 25 26 28 31 32 33 34 35 36 38 40 41 42 43 45 46 47 48 49 50 51 52 53 54 56 57 58 59 60 61 62 63 64 65 66 67 68 70 71 72 73 75 76 77 78 79 
25 2 4 8 15 16 21 22 24 28 32 40 42 47 49 50 59 60 62 63 65 66 67 72 77 79 
27 2 4 8 15 16 21 22 23 24 28 32 34 42 43 47 50 59 60 62 63 65 66 67 72 73 76 77 
75 0 1 2 3 4 5 6 7 8 10 11 13 14 15 16 17 18 19 20 21 22 23 24 25 26 27 28 29 30 31 32 33 34 35 36 37 38 39 40 41 42 43 44 45 46 47 48 49 50 51 52 53 54 56 57 58 59 61 62 63 64 65 66 67 68 69 70 71 73 74 75 76 77 78 79 
68 0 1 2 3 4 5 6 8 10 11 14 15 16 17 19 20 21 22 23 24 25 26 27 28 31 32 33 34 35 36 38 40 42 43 44 45 46 47 48 49 50 51 52 53 54 56 57 58 59 60 61 62 63 64 65 66 67 68 69 70 71 72 73 75 76 77 78 79 
41 2 3 4 5 8 15 16 20 21 22 24 26 28 32 33 34 36 40 42 43 47 48 49 50 51 52 57 59 60 62 63 65 66 67 68 71 72 73 76 77 79 
69 0 1 2 3 4 5 6 7 8 10 14 15 16 17 19 20 21 22 23 24 25 26 27 28 29 30 32 33 34 35 36 37 40 41 42 43 44 45 46 47 48 49 50 51 52 53 54 56 57 58 59 60 61 62 63 64 65 66 67 68 69 71 72 73 74 76 77 78 79 
57 0 1 2 3 4 5 6 8 10 15 16 19 20 21 22 23 24 25 26 27 28 32 33 34 35 36 40 42 43 44 46 47 48 49 50 51 52 53 57 58 59 60 61 62 63 65 66 67 68 69 71 72 73 76 77 78 79 
69 0 1 2 3 4 5 6 7 8 10 14 15 16 17 19 20 21 22 23 24 25 26 27 28 29 30 32 33 34 35 36 37 40 41 42 43 44 45 46 47 48 49 50 51 52 53 54 56 57 58 59 60 61 62 63 64 65 66 67 68 69 71 72 73 74 76 77 78 79 
75 0 1 2 3 4 5 6 7 8 9 10 11 12 13 14 15 16 17 18 19 20 21 22 23 24 25 26 27 30 31 32 33 34 35 36 37 38 39 40 41 42 43 44 45 46 47 48 49 50 51 52 53 54 56 57 58 59 61 62 63 64 65 66 67 68 69 70 71 73 74 75 76 77 78 79 
53 0 1 2 3 4 5 8 10 15 16 19 20 21 22 23 24 25 26 28 32 33 34 35 36 40 42 43 44 46 47 48 49 50 51 52 57 58 59 60 61 62 63 65 66 67 68 71 72 73 76 77 78 79 
63 0 1 2 3 4 5 6 8 10 14 15 16 17 19 20 21 22 23 24 25 26 27 28 32 33 34 35 36 40 42 43 44 45 46 47 48 49 50 51 52 53 56 57 58 59 60 61 62 63 64 65 66 67 68 69 71 72 73 74 76 77 78 79 
