40 15 8e+06
2.16122 105909
1.60439 181474
1.95882 191807
2.14593 174382
2.70386 141219
2.10529 128408
2.44978 163831
1.23086 193387
1.2758 181372
1.33354 189558
1.31777 105351
1.7026 126271
1.29952 131271
1.93649 143382
1.1935 190187
2.45322 124903
1.65967 185631
2.19261 103664
1.66384 193207
1.18786 115150
1.77311 148359
2.48938 148823
1.98047 101643
1.80937 195334
1.75871 128130
1.7822 147756
1.63567 159700
1.37048 100544
1.52301 133813
2.11226 157311
1.0598 199881
2.9915 184365
2.16585 197503
2.78276 198087
1.9589 191189
1.88333 134405
2.4678 139205
1.8969 151093
1.49911 112490
1.92038 139219
0.962279 0.570278 2
0.885403 0.000797741 10
0.909212 0.0239719 6
0.93003 0.125803 4
0.909488 0.0240703 6
0.963077 0.574052 2
0.910846 0.0245709 6
0.934601 0.252126 3
0.892857 0.001982 9
0.903524 0.0106298 7
0.939247 0.26292 3
0.916218 0.0536431 5
0.93319 0.131213 4
0.93059 0.126712 4
0.944666 0.27826 3
0.934861 0.13437 4
0.905941 0.0110761 7
0.964434 0.580763 2
0.906728 0.0112312 7
0.853714 1.74625e-09 25
0.889306 0.000862807 10
0.984929 1 1
0.974135 0.641441 2
0.891054 0.000895455 10
0.850475 2.87599e-10 27
0.901383 0.00492142 8
0.896997 0.00215383 9
0.869895 2.15464e-06 17
0.965013 0.583739 2
0.941118 0.267847 3
0.959747 0.559078 2
0.918398 0.0552324 5
0.908744 0.0238074 6
0.977501 1 1
0.948826 0.292539 3
0.952041 0.531196 2
0.897404 0.00457159 8
0.922031 0.114791 4
0.938815 0.261833 3
0.946115 0.282961 3
0.994359 1 1
0.967457 0.597121 2
0.958649 0.554566 2
0.927036 0.121275 4
0.953509 0.535875 2
0.933321 0.249473 3
0.87601 0.00150322 9
0.875204 0.0014863 9
0.932338 0.24752 3
0.958457 0.553799 2
0.978923 1 1
0.869485 0.000609508 10
0.894298 0.0198905 6
0.89637 0.0203414 6
0.950888 0.5277 2
0.948437 0.520763 2
0.923762 0.233107 3
0.984779 1 1
0.895371 0.0201202 6
0.91898 0.226718 3
0.941723 0.149957 4
0.893726 0.000449709 11
0.88602 8.02715e-05 13
0.951046 0.301225 3
0.967929 0.599865 2
0.96605 0.589254 2
0.877232 6.00445e-06 16
0.902113 0.002413 9
0.916113 0.0135481 7
0.962068 0.5693 2
0.967151 0.595373 2
0.94389 0.155923 4
0.985669 1 1
0.90522 0.00531889 8
0.930653 0.0673797 5
0.933912 0.132549 4
0.923486 0.0595299 5
0.984706 1 1
0.913645 0.0256921 6
0.855555 1.88329e-09 25
0.884075 0.00016462 12
0.9914 1 1
0.974037 0.640697 2
0.90466 0.00525661 8
0.853193 7.43928e-10 26
0.905221 0.00531892 8
0.906013 0.0110902 7
0.868988 9.3793e-07 18
0.972591 0.63007 2
0.945597 0.28125 3
0.938004 0.25984 3
0.94705 0.517113 2
0.990248 1 1
0.928468 0.240475 3
0.866421 0.00011341 12
0.886518 0.00384678 8
0.966737 1 1
0.966557 1 1
0.92611 0.236634 3
0.864998 4.87128e-05 13
0.917046 0.109428 4
0.923332 0.232492 3
0.876687 0.000682551 10
0.974844 1 1
0.954319 0.538575 2
0.972612 1 1
0.894897 0.0431745 5
0.918333 0.225925 3
0.938221 0.497748 2
0.910518 0.103669 4
0.959215 0.556866 2
0.918619 0.226274 3
0.943378 0.508308 2
0.901502 0.0456809 5
0.905066 0.099696 4
0.945924 0.514285 2
0.924167 0.233697 3
0.932839 0.488544 2
0.940096 0.501367 2
0.954949 0.540735 2
0.942307 0.505952 2
0.960224 0.561104 2
0.975517 1 1
0.940149 0.26525 3
0.876556 0.000681069 10
0.891642 0.00894285 7
0.952906 0.53392 2
0.959966 0.560003 2
0.940571 0.266369 3
0.87562 0.00030155 11
0.927201 0.238373 3
0.936449 0.256192 3
0.885023 0.00172435 9
0.970948 1 1
0.960206 0.561023 2
0.994135 1 1
0.918585 0.110982 4
0.932271 0.247389 3
0.96244 0.571032 2
0.918367 0.110756 4
0.949708 0.52428 2
0.925725 0.119454 4
0.952134 0.531484 2
0.926096 0.236612 3
0.914454 0.10699 4
0.965898 0.588429 2
0.948075 0.519791 2
0.935528 0.254129 3
0.95395 0.537334 2
0.977405 1 1
0.927636 0.122141 4
0.964734 0.582298 2
0.917974 0.110355 4
0.96131 0.565854 2
0.910038 0.0497923 5
0.896874 0.0095975 7
0.897928 0.00974452 7
0.913515 0.0518492 5
0.996874 1 1
0.9122 0.0510405 5
0.946543 0.515825 2
0.973322 1 1
0.906965 0.0232082 6
0.923847 0.117003 4
0.938839 0.261892 3
0.928202 0.122975 4
0.876672 2.85241e-05 14
0.871373 5.01862e-06 16
0.932937 0.130753 4
0.968756 0.604808 2
0.968627 0.604022 2
0.864316 1.59051e-07 20
0.889009 0.000399686 11
0.898986 0.00224774 9
0.961012 0.564531 2
0.948845 0.292611 3
0.926059 0.0620739 5
0.99379 1 1
0.89095 0.000893456 10
0.91531 0.0264233 6
0.942362 0.151659 4
0.888801 4.08942e-05 14
0.884923 1.67972e-05 15
0.946 0.162309 4
0.962824 0.363807 3
0.974134 0.64143 2
0.877484 1.2649e-06 18
0.902531 0.00118578 10
0.909781 0.00588801 8
0.956191 0.324758 3
0.962327 0.360481 3
0.937579 0.0777542 5
0.986747 0.768237 2
0.904739 0.00126218 10
0.92955 0.0660072 5
0.953872 0.537075 2
0.957127 0.548632 2
0.93458 0.252082 3
0.981338 1 1
0.915933 0.108355 4
0.916815 0.109202 4
0.916772 0.10916 4
0.936295 0.255841 3
0.970097 1 1
0.915854 0.10828 4
0.964824 0.582761 2
0.980799 1 1
0.92005 0.112544 4
0.945899 0.514225 2
0.965062 0.583996 2
0.964235 0.579755 2
0.89454 0.000459489 11
0.903751 0.00250944 9
0.947935 0.289274 3
0.935316 0.0739971 5
0.979987 0.691937 2
0.89949 0.00109325 10
0.925034 0.0319279 6
0.908539 0.00572117 8
0.929414 0.0658422 5
0.961275 0.353664 3
0.935061 0.073599 5
0.958522 0.337231 3
0.925086 0.0319643 6
0.947363 0.28724 3
0.912674 0.00631669 8
0.985681 0.754702 2
0.941006 0.148105 4
0.927698 0.0339107 6
0.868068 1.64233e-08 23
0.868395 1.66645e-08 23
0.918848 0.0144301 7
0.922081 0.0299978 6
0.952841 0.308862 3
0.869184 3.83647e-08 22
0.912069 0.00622217 8
0.932138 0.0693391 5
0.869808 3.94067e-08 22
0.932767 0.0702076 5
0.92977 0.0662764 5
0.96203 0.569128 2
0.899126 0.00471608 8
0.902318 0.00501239 8
0.955108 0.319369 3
0.94447 0.277645 3
0.976273 0.658456 2
0.895901 0.00210543 9
0.921501 0.0577469 5
0.915657 0.0265821 6
0.938913 0.262077 3
0.970052 0.612893 2
0.943109 0.273509 3
0.96597 0.588821 2
0.923053 0.0591283 5
0.947378 0.287293 3
0.929993 0.243134 3
0.867626 0.000115968 12
0.871636 0.000280587 11
0.922945 0.231944 3
0.946471 0.515645 2
0.983059 1 1
0.867908 0.000116582 12
0.892393 0.00902989 7
0.886201 0.00382955 8
0.938853 0.498941 2
0.938682 0.498616 2
0.913342 0.106008 4
0.971685 1 1
0.892191 0.00900622 7
0.914223 0.106783 4
0.960388 0.561807 2
0.883659 7.51716e-05 13
0.907765 0.0114435 7
0.928281 0.0645082 5
0.908729 0.0116493 7
0.962998 0.573674 2
0.90971 0.0118676 7
0.933239 0.131302 4
0.891122 0.000420776 11
0.902693 0.00504984 8
0.937634 0.140125 4
0.914511 0.026066 6
0.932607 0.130161 4
0.929055 0.065413 5
0.94284 0.272716 3
0.935158 0.253322 3
0.917298 0.0544139 5
0.977647 1 1
0.911733 0.0507627 5
0.855303 1.18055e-07 20
0.886463 0.000814422 10
0.995715 1 1
0.976402 1 1
0.900046 0.0100577 7
0.852611 2.04187e-08 22
0.904431 0.0224215 6
0.903238 0.0220756 6
0.869779 2.39932e-05 14
0.971578 0.622995 2
0.944985 0.279272 3
0.919893 0.112372 4
0.917175 0.0543246 5
0.883961 0.000776087 10
0.955489 0.54263 2
0.953234 0.534977 2
0.916808 0.0540605 5
0.868256 1.03046e-05 15
0.889373 0.00185796 9
0.948157 0.520011 2
0.957471 0.549942 2
0.956173 0.545088 2
0.96417 0.579427 2
0.940202 0.26539 3
0.89692 0.00960382 7
0.920345 0.112868 4
0.967089 0.595021 2
0.943422 0.27444 3
0.966572 0.592118 2
0.953145 0.310213 3
0.891981 0.000913772 10
0.914292 0.0259702 6
0.952788 0.308631 3
0.974199 0.641929 2
0.936318 0.137309 4
0.889858 0.000872869 10
0.944095 0.276483 3
0.944109 0.276525 3
0.904033 0.0107202 7
0.984205 1 1
0.984503 1 1
0.955579 0.542948 2
0.925543 0.11921 4
0.97513 0.649167 2
0.930456 0.126492 4
0.874042 5.91317e-05 13
0.9049 0.0108786 7
0.974319 0.642843 2
0.996249 1 1
0.913654 0.0519371 5
0.871188 2.48182e-05 14
0.92398 0.11717 4
0.920692 0.0570609 5
0.888841 0.00184046 9
0.990042 1 1
0.9653 0.585244 2
0.929172 0.241684 3
0.977046 1 1
0.959559 0.55829 2
0.937092 0.495678 2
0.874095 0.00146365 9
0.881524 0.00359442 8
0.936765 0.495094 2
0.941612 0.504474 2
0.950072 0.525318 2
0.874186 0.00146548 9
0.922186 0.230892 3
0.937629 0.496652 2
0.879177 0.00348831 8
0.952508 0.532657 2
0.946986 0.516949 2
0.919734 0.0286374 6
0.888364 8.59359e-05 13
0.869722 8.71985e-08 21
0.940594 0.147067 4
0.990901 1 1
0.941551 0.149508 4
0.858544 4.13986e-10 27
0.882271 1.53879e-05 15
0.915535 0.0133757 7
0.98858 1 1
0.952781 0.308596 3
0.939773 0.145051 4
0.973517 0.636798 2
0.886874 3.84031e-05 14
0.912198 0.00624201 8
0.951725 0.530221 2
0.919088 0.111509 4
0.971844 1 1
0.924374 0.117673 4
0.869604 0.000120396 12
0.902773 0.0219447 6
0.977796 1 1
0.99309 1 1
0.90691 0.0481475 5
0.866522 5.02424e-05 13
0.918697 0.111099 4
0.914311 0.106861 4
0.88518 0.00377523 8
0.982732 1 1
0.959408 0.557663 2
0.936049 0.255287 3
0.861844 3.87452e-06 16
0.883725 0.000772647 10
0.909552 0.0495249 5
0.907026 0.0232279 6
0.965007 0.583708 2
0.886731 0.00177431 9
0.908817 0.0491286 5
0.871977 5.64396e-05 13
0.900089 0.0100643 7
0.921564 0.114246 4
0.896726 0.00957736 7
0.932265 0.247377 3
0.90436 0.0224005 6
0.91853 0.110925 4
0.91016 0.0119708 7
0.875337 1.24698e-05 15
0.858599 1.10833e-08 23
0.92749 0.0636152 5
0.994051 1 1
0.940087 0.145813 4
0.848502 2.12755e-11 30
0.872301 5.15731e-06 16
0.902128 0.00499357 8
0.987752 1 1
0.940483 0.14679 4
0.926039 0.0620535 5
0.97333 0.635416 2
0.876178 1.2775e-05 15
0.901164 0.00490069 8
0.94323 0.273866 3
0.898395 0.00465352 8
0.888763 0.000853137 10
0.955791 0.543708 2
0.967853 0.59942 2
0.961707 0.567649 2
0.879164 0.000146741 12
0.903929 0.0107015 7
0.921303 0.0575766 5
0.962922 0.57331 2
0.971653 0.623508 2
0.949152 0.293767 3
0.98086 1 1
0.907587 0.0234132 6
0.933324 0.131458 4
0.94488 0.511766 2
0.878857 0.00347441 8
0.885628 0.00831581 7
0.933765 0.490014 2
0.942107 0.505524 2
0.997403 1 1
0.882018 0.00361766 8
0.906903 0.100963 4
0.895486 0.0201453 6
0.935035 0.492103 2
0.948985 0.522258 2
0.922658 0.231543 3
0.968226 1 1
0.906575 0.100732 4
0.92848 0.240495 3
0.976675 1 1
0.918562 0.110959 4
0.920088 0.112584 4
0.972933 1 1
0.93459 0.252103 3
0.95576 0.543597 2
0.910955 0.104017 4
0.936599 0.256532 3
0.932743 0.248315 3
0.930931 0.244843 3
0.982356 1 1
0.958847 0.555367 2
0.949825 0.524611 2
0.940215 0.501605 2
0.966514 1 1
0.951401 0.302691 3
0.967024 0.594655 2
0.952951 0.30935 3
0.962769 0.363436 3
0.89755 0.00049918 11
0.905409 0.00261487 9
0.93301 0.0705503 5
0.948736 0.292207 3
0.961366 0.354242 3
0.897117 0.000493107 11
0.947892 0.289117 3
0.960558 0.349193 3
0.903738 0.00250866 9
0.959806 0.344655 3
0.968339 0.602296 2
0.942233 0.151312 4
0.949152 0.293769 3
0.917186 0.0273109 6
0.980601 0.697994 2
0.927475 0.0635977 5
0.916284 0.0136 7
0.899594 0.00109619 10
0.919322 0.0284125 6
0.975436 0.651612 2
0.928658 0.0649453 5
0.96706 0.594855 2
0.994689 1 1
0.926547 0.0625892 5
0.928399 0.0646439 5
0.949333 0.294455 3
0.982593 1 1
0.904386 0.0469423 5
0.928025 0.239729 3
0.945052 0.512174 2
0.909253 0.102688 4
0.952254 0.531859 2
0.926876 0.237847 3
0.952564 0.532832 2
0.909531 0.1029 4
0.904411 0.0469534 5
0.950348 0.526115 2
0.930906 0.244797 3
0.929757 0.242712 3
0.95013 0.525485 2
0.96541 1 1
0.960697 0.563146 2
0.885197 0.000366208 11
0.915767 0.0533311 5
0.924197 0.117446 4
0.897356 0.00456771 8
0.949407 0.294739 3
0.920167 0.0566271 5
0.942334 0.271251 3
0.889106 0.000859224 10
0.891695 0.00193875 9
0.931008 0.127404 4
0.910332 0.0243782 6
0.920301 0.0567373 5
0.936413 0.256108 3
0.945236 0.280077 3
0.989865 1 1
0.91078 0.103877 4
0.931023 0.245013 3
0.95219 0.531659 2
0.91271 0.105466 4
0.951182 0.528575 2
0.927652 0.239109 3
0.953974 0.537415 2
0.916547 0.108942 4
0.908244 0.101932 4
0.956643 0.546818 2
0.937967 0.497276 2
0.931927 0.246724 3
0.953235 0.534981 2
0.971678 1 1
0.967015 1 1
0.892662 0.019554 6
0.907474 0.101371 4
0.942857 0.507152 2
0.9256 0.235844 3
0.97517 1 1
0.905134 0.0472888 5
0.930431 0.243924 3
0.904005 0.0467687 5
0.919713 0.227634 3
0.954329 0.538609 2
0.929341 0.241978 3
0.948984 0.522255 2
0.929128 0.241607 3
0.948961 0.522192 2
0.915094 0.0132472 7
0.841975 6.71303e-12 0
0.869882 1.95027e-07 20
0.885931 8.00698e-05 13
0.883873 3.498e-05 14
0.93944 0.144254 4
0.876654 2.68643e-06 17
0.89538 0.00046999 11
0.849702 9.76228e-12 0
0.876938 2.71297e-06 17
0.896941 0.00102537 10
0.873161 1.08069e-06 18
0.908355 0.00569726 8
0.889034 0.000186997 12
0.898697 0.00107126 10
0.92234 0.0584823 5
0.848657 9.26355e-12 0
0.87682 1.30156e-05 15
0.89236 0.000434093 11
0.887399 0.000179057 12
0.943933 0.275986 3
0.883331 7.45049e-05 13
0.902501 0.00503061 8
0.856038 8.40961e-10 26
0.880551 3.17322e-05 14
0.903061 0.00508725 8
0.879393 3.07147e-05 14
0.912081 0.0124348 7
0.896196 0.00100698 10
0.905897 0.00539618 8
0.926203 0.23678 3
0.974638 1 1
0.960617 0.562798 2
0.932975 0.248778 3
0.870198 0.000273667 11
0.878209 0.0015515 9
0.937886 0.259557 3
0.940857 0.502907 2
0.946295 0.515204 2
0.87027 0.000274008 11
0.918217 0.110603 4
0.933425 0.249684 3
0.875419 0.000668484 10
0.951453 0.529394 2
0.944011 0.509742 2
19 0 1 3 7 11 12 14 16 17 18 25 26 29 33 34 35 36 37 38 
36 0 1 2 3 4 5 6 7 8 9 11 12 13 14 15 16 17 18 19 21 22 23 24 25 26 27 28 29 30 31 32 33 34 35 36 39 
25 0 1 3 4 5 7 9 11 12 14 16 17 18 19 22 25 26 29 30 33 34 35 36 37 38 
30 0 1 2 3 4 5 7 9 11 12 14 16 17 18 19 21 22 24 25 26 27 28 29 30 33 34 35 36 37 38 
32 0 1 2 3 4 5 6 7 8 9 11 12 14 16 17 18 19 21 22 25 26 27 28 29 30 31 33 34 35 36 37 38 
10 0 1 7 18 26 33 34 36 37 38 
15 0 1 7 14 17 18 25 26 29 33 34 35 36 37 38 
20 0 1 3 7 9 11 12 14 16 17 18 25 26 29 33 34 35 36 37 38 
39 0 1 2 3 4 5 6 7 8 9 10 11 12 13 14 15 16 17 18 19 20 21 22 23 24 25 26 27 28 29 30 31 32 33 34 35 36 38 39 
39 0 1 2 3 4 5 6 7 8 9 10 11 12 13 14 15 16 17 18 19 21 22 23 24 25 26 27 28 29 30 31 32 33 34 35 36 37 38 39 
32 0 1 2 3 4 5 6 7 8 9 11 12 14 16 17 18 19 21 22 23 25 26 29 30 31 33 34 35 36 37 38 39 
35 0 1 2 3 4 5 6 7 8 9 11 12 13 14 15 16 17 18 19 21 22 23 25 26 28 29 30 31 33 34 35 36 37 38 39 
26 0 1 3 5 6 7 9 11 12 14 16 17 18 19 21 22 25 26 29 30 33 34 35 36 37 38 
13 0 1 5 7 18 19 22 25 26 33 34 37 38 
28 0 1 2 3 4 7 9 11 12 14 16 17 18 19 22 24 25 26 27 28 29 30 33 34 35 36 37 38 
