30 15 6e+06
2.26447 159275
3.28899 145612
1.90613 168899
5.55056 120821
2.69328 132587
2.46605 128680
2.53195 168992
3.29501 156123
2.53943 126886
1.01161 126758
7.15269 125502
3.01817 101344
4.95661 156503
1.63696 115824
1.07617 193113
1.29169 139168
1.40922 163548
2.26062 131753
2.0642 198462
5.74816 198527
4.03066 107059
4.10023 119034
8.56403 100307
1.63428 199398
2.18157 155860
1.47026 142899
1.52174 157737
5.63554 151161
2.6958 155475
2.36618 181022
0.891134 0.00888522 7
0.954424 0.538931 2
0.959266 0.557077 2
0.895051 0.0200509 6
0.903138 0.0463821 5
0.946724 0.516282 2
0.919993 0.112482 4
0.938643 0.498542 2
0.922414 0.231206 3
0.90893 0.049189 5
0.894951 0.0200294 6
0.874845 0.000662304 10
0.969475 1 1
0.952752 0.53343 2
0.9387 0.498652 2
0.910005 0.0119349 7
0.924359 0.0603622 5
0.913158 0.0127125 7
0.913846 0.0128972 7
0.919412 0.028461 6
0.909409 0.0117995 7
0.907954 0.0114831 7
0.941441 0.149223 4
0.967501 0.597377 2
0.915389 0.0264595 6
0.916964 0.0272022 6
0.902418 0.00243043 9
0.94465 0.278211 3
0.919609 0.0285686 6
0.934794 0.134239 4
0.988138 1 1
0.922077 0.0582494 5
0.892292 0.00196073 9
0.991005 1 1
0.995207 1 1
0.906959 0.0112778 7
0.94813 0.289979 3
0.958403 0.553583 2
0.893967 0.00202523 9
0.981912 1 1
0.984625 1 1
0.961541 0.566894 2
0.877985 6.49282e-05 13
0.858044 5.64125e-08 21
0.955045 0.541069 2
0.869562 1.06566e-05 15
0.877567 0.000141655 12
0.873282 2.61344e-05 14
0.872786 2.58125e-05 14
0.876271 6.22935e-05 13
0.865056 1.86558e-06 17
0.859861 3.11032e-07 19
0.891947 0.00194796 9
0.975502 0.652143 2
0.869271 1.05764e-05 15
0.877272 6.38099e-05 13
0.869449 1.06254e-05 15
0.924377 0.117676 4
0.904966 0.0108908 7
0.885341 0.000796781 10
0.834895 4.87453e-12 0
0.899765 0.00477225 8
0.922186 0.058346 5
0.838595 5.74825e-12 0
0.845973 1.02252e-10 28
0.900916 0.0101936 7
0.864098 8.03424e-07 18
0.878881 0.000145816 12
0.892794 0.0019796 9
0.851077 3.62925e-09 24
0.838994 5.85316e-12 0
0.821213 2.73909e-12 0
0.956717 0.547092 2
0.982186 1 1
0.879118 0.000146588 12
0.967647 0.598222 2
0.91994 0.112423 4
0.893464 0.00427538 8
0.971222 0.620579 2
0.973596 0.637386 2
0.902849 0.0105125 7
0.932019 0.2469 3
0.959991 0.560109 2
0.921143 0.113763 4
0.959182 0.556733 2
0.975974 1 1
0.959266 0.557079 2
0.893906 0.00430648 8
0.871586 2.506e-05 14
0.951949 0.530909 2
0.951706 0.530165 2
0.944215 0.510212 2
0.918062 0.110444 4
0.955942 0.54425 2
0.963641 1 1
0.926446 0.237163 3
0.94734 0.517861 2
0.982891 1 1
0.925504 0.235698 3
0.961733 0.567765 2
0.9567 0.547029 2
0.935234 0.492439 2
0.914463 0.106998 4
0.892816 0.019585 6
0.973662 1 1
0.92293 0.115867 4
0.94482 0.511624 2
0.928694 0.24086 3
0.927015 0.238072 3
0.934091 0.251054 3
0.928511 0.240548 3
0.92919 0.241715 3
0.962407 0.570877 2
0.94542 0.513056 2
0.933522 0.249881 3
0.928647 0.240779 3
0.910099 0.0498261 5
0.942164 0.505645 2
0.918591 0.110989 4
0.956401 0.545921 2
0.899466 0.00996943 7
0.882124 0.000750137 10
0.868662 2.33702e-05 14
0.902186 0.0217826 6
0.903634 0.0221888 6
0.866742 2.23594e-05 14
0.874865 0.000133737 12
0.908432 0.0489254 5
0.971952 0.625575 2
0.892364 0.00420031 8
0.907886 0.0235132 6
0.904339 0.0223941 6
0.904488 0.0224382 6
0.881498 0.000741697 10
0.90026 0.0100906 7
0.899269 0.00226175 9
0.985506 1 1
0.980778 0.699771 2
0.902778 0.0024513 9
0.911547 0.0123018 7
0.983387 0.727572 2
0.945935 0.282362 3
0.94703 0.286077 3
0.894498 0.000458982 11
0.923426 0.0594744 5
0.900356 0.00231727 9
0.877948 6.14507e-06 16
0.934273 0.133235 4
0.925108 0.0611013 5
0.952485 0.307303 3
0.915673 0.0134166 7
0.94741 0.166922 4
0.934574 0.0728492 5
0.919743 0.014744 7
0.927073 0.0334234 6
0.932127 0.0693232 5
0.927064 0.0334163 6
0.957867 0.333599 3
0.944067 0.156435 4
0.927931 0.0641087 5
0.921041 0.0293773 6
0.902231 0.00117605 10
0.950195 0.297801 3
0.926683 0.0331264 6
0.953209 0.310502 3
0.884383 7.66763e-05 13
0.957246 0.330247 3
0.970944 0.618719 2
0.888189 0.000182817 12
0.896509 0.00101463 10
0.954203 0.315053 3
0.91972 0.0286296 6
0.932595 0.13014 4
0.909667 0.0118577 7
0.90426 0.00521318 8
0.887424 0.000179171 12
0.866696 7.7331e-08 21
0.963435 0.575787 2
0.954405 0.316004 3
0.934368 0.133415 4
0.837017 5.35487e-12 0
0.894036 0.000957065 10
0.911937 0.0123986 7
0.840741 6.34009e-12 0
0.847667 8.81921e-12 0
0.892201 0.000432347 11
0.860053 5.17325e-09 24
0.878995 1.38877e-05 15
0.905875 0.00539353 8
0.850756 2.37325e-11 30
0.841878 6.68286e-12 0
0.825399 3.25276e-12 0
0.961653 0.5674 2
0.977009 0.664682 2
0.877905 1.34397e-05 15
0.866398 0.000256793 11
0.870311 0.000617106 10
0.865359 0.000111232 12
0.869472 0.000270292 11
0.872459 0.000637751 10
0.857602 1.83848e-05 14
0.85391 7.38813e-06 15
0.886133 0.00836424 7
0.970462 1 1
0.864613 0.000109745 12
0.874238 0.00146654 9
0.867823 0.000262898 11
0.915746 0.108178 4
0.896751 0.0204275 6
0.879302 0.00349379 8
0.908201 0.02362 6
0.984954 1 1
0.962873 0.573077 2
0.911228 0.0504671 5
0.919838 0.112313 4
0.985244 1 1
0.964172 0.579438 2
0.950157 0.525562 2
0.881301 0.000337022 11
0.93498 0.252937 3
0.907414 0.0233555 6
0.884601 0.000785544 10
0.912742 0.0513693 5
0.903133 0.0220458 6
0.95834 0.553332 2
0.897972 0.020711 6
0.983005 1 1
0.981946 1 1
0.901528 0.0456916 5
0.910279 0.10348 4
0.980683 1 1
0.943386 0.508325 2
0.946093 0.514701 2
0.896225 0.0203088 6
0.921712 0.230247 3
0.899286 0.0210289 6
0.876998 0.00152452 9
0.937194 0.257913 3
0.928047 0.239766 3
0.951129 0.528417 2
0.902546 0.0218818 6
0.987159 1 1
0.971764 0.624276 2
0.905734 0.0228167 6
0.914424 0.0524325 5
0.99299 1 1
0.955994 0.544437 2
0.946862 0.516633 2
0.883778 0.000773427 10
0.928594 0.123564 4
0.902362 0.021831 6
0.879649 0.00032593 11
0.919487 0.111934 4
0.910911 0.0502846 5
0.954253 0.538353 2
0.845295 7.85623e-12 0
0.89691 0.00102458 10
0.911067 0.0121849 7
0.849042 9.4436e-12 0
0.855715 3.62823e-10 27
0.89285 0.000439581 11
0.864374 3.14634e-08 22
0.886015 8.02608e-05 13
0.919269 0.0283842 6
0.857575 9.00171e-10 26
0.850601 1.02183e-11 0
0.834767 4.84731e-12 0
0.968674 0.604305 2
0.9721 0.626601 2
0.884072 3.51915e-05 14
0.899552 0.0448896 5
0.889977 0.00875736 7
0.877798 0.00154223 9
0.902588 0.0461423 5
0.90503 0.0472403 5
0.874861 0.000662478 10
0.880067 0.00352769 8
0.913953 0.106543 4
0.982891 1 1
0.89526 0.0200961 6
0.907811 0.048603 5
0.901596 0.0457202 5
0.915294 0.107756 4
0.892027 0.0194278 6
0.90603 0.0477156 5
0.864913 2.14606e-05 14
0.887841 0.00392071 8
0.888313 0.00394785 8
0.868441 5.22863e-05 13
0.873241 0.00012935 12
0.877151 0.000310402 11
0.86485 2.14307e-05 14
0.89495 0.00934305 7
0.964275 0.579958 2
0.869172 5.31014e-05 13
0.871979 0.000126114 12
0.860817 3.77546e-06 16
0.944844 0.51168 2
0.927074 0.238166 3
0.889568 0.00402227 8
0.942374 0.151691 4
0.926306 0.032844 6
0.904621 0.00125789 10
0.94619 0.162915 4
0.950835 0.300368 3
0.908971 0.00287179 9
0.925073 0.0319555 6
0.960139 0.346649 3
0.944541 0.15783 4
0.94256 0.152195 4
0.94999 0.176167 4
0.934896 0.0733419 5
0.916114 0.0135486 7
0.892472 9.76044e-05 13
0.951218 0.301933 3
0.929708 0.125289 4
0.894998 0.00206718 9
0.875249 2.74786e-05 14
0.932205 0.12945 4
0.932529 0.130022 4
0.8783 6.54334e-05 13
0.896147 0.00211609 9
0.928742 0.123788 4
0.949298 0.294321 3
0.918789 0.0555329 5
0.938458 0.260948 3
0.935493 0.135623 4
0.896603 0.00213618 9
0.872836 1.16285e-05 15
0.920021 0.0565085 5
0.945288 0.160086 4
0.897554 0.00104095 10
0.874736 2.51703e-06 17
0.947406 0.287392 3
0.946366 0.283803 3
0.880628 1.46051e-05 15
0.904541 0.00255863 9
0.934683 0.134024 4
0.933645 0.132051 4
0.930678 0.0674121 5
0.95413 0.314713 3
0.952515 0.307431 3
0.888186 8.54823e-05 13
0.864788 3.19881e-08 22
0.926132 0.0621503 5
0.88495 7.78906e-05 13
0.965842 0.588132 2
0.985668 1 1
0.888602 0.00018484 12
0.897156 0.00216105 9
0.967308 0.596267 2
0.926898 0.0629658 5
0.933244 0.131311 4
0.897983 0.00219937 9
0.907105 0.00553999 8
0.887003 0.000177222 12
0.865469 1.65681e-07 20
0.949177 0.293861 3
0.943603 0.274984 3
0.936877 0.138487 4
0.916368 0.0136257 7
0.95912 0.340639 3
0.944935 0.159011 4
0.920429 0.0290255 6
0.92847 0.0647261 5
0.943664 0.155273 4
0.935909 0.136465 4
0.963184 0.574571 2
0.932518 0.0698604 5
0.932235 0.0694707 5
0.920707 0.0291838 6
0.900281 0.00111605 10
0.948767 0.29232 3
0.927502 0.0636283 5
0.96055 0.349143 3
0.986085 1 1
0.914792 0.107295 4
0.886342 0.00838443 7
0.989178 1 1
0.986492 1 1
0.898677 0.0445496 5
0.935345 0.492626 2
0.954034 0.537616 2
0.903841 0.046695 5
0.967628 1 1
0.994629 1 1
0.971618 1 1
0.879706 0.0035116 8
0.858458 1.87082e-05 14
0.948174 0.520056 2
0.961182 0.565283 2
0.947591 0.518513 2
0.917499 0.0545605 5
0.965028 0.583818 2
0.974391 1 1
0.931095 0.245149 3
0.96458 0.581506 2
0.985545 1 1
0.905734 0.0228167 6
0.981403 1 1
0.962243 0.57011 2
0.938068 0.259996 3
0.900963 0.0102012 7
0.881536 0.000742195 10
0.982112 1 1
0.911679 0.0507308 5
0.940534 0.26627 3
0.929678 0.242573 3
0.915705 0.108139 4
0.9226 0.115468 4
0.925808 0.119568 4
0.920087 0.112584 4
0.951401 0.529236 2
0.950839 0.527555 2
0.922227 0.115022 4
0.91751 0.109887 4
0.899825 0.0211634 6
0.952833 0.533686 2
0.928343 0.240263 3
0.9463 0.515215 2
0.897889 0.000242883 12
0.9839 0.73341 2
0.977009 0.664682 2
0.901115 0.000554545 11
0.909794 0.00293778 9
0.996725 1 1
0.950595 0.178492 4
0.942803 0.152859 4
0.883227 3.41678e-06 17
0.923608 0.0162682 7
0.897908 0.000243035 12
0.875322 1.10618e-07 21
0.921995 0.0155969 7
0.914603 0.0066374 8
0.949813 0.175497 4
0.98452 1 1
0.924223 0.0602312 5
0.894152 0.000959622 10
0.986547 1 1
0.99118 1 1
0.909508 0.0118217 7
0.951989 0.305167 3
0.959056 0.556216 2
0.891093 0.000896219 10
0.985812 1 1
0.979813 0.690251 2
0.957525 0.550147 2
0.877539 2.91931e-05 14
0.858043 1.08472e-08 23
0.956647 0.327101 3
26 0 1 2 3 5 6 7 8 9 10 11 13 14 15 16 18 19 20 21 22 23 24 25 26 27 28 
24 0 1 2 3 4 5 6 7 8 10 11 12 13 17 18 19 20 21 22 24 25 26 27 29 
27 0 1 2 3 4 5 6 7 8 9 10 11 12 13 15 17 18 19 20 21 22 23 24 25 26 27 29 
22 0 1 3 5 6 7 8 9 10 11 13 15 18 19 20 21 22 23 24 25 26 27 
21 0 1 3 4 5 6 7 8 10 11 13 17 18 19 20 21 22 23 24 25 27 
29 0 1 2 3 4 5 6 7 8 9 10 11 12 13 15 16 17 18 19 20 21 22 23 24 25 26 27 28 29 
30 0 1 2 3 4 5 6 7 8 9 10 11 12 13 14 15 16 17 18 19 20 21 22 23 24 25 26 27 28 29 
23 0 1 2 3 4 5 6 7 8 10 12 13 17 18 19 20 21 22 24 25 26 27 29 
6 3 4 12 13 17 19 
24 0 1 2 3 4 5 6 7 8 10 11 12 13 17 18 19 20 21 22 24 25 26 27 29 
24 0 1 3 5 6 7 8 9 10 11 13 15 16 18 19 20 21 22 23 24 25 26 27 28 
18 0 1 3 5 6 7 8 10 11 13 18 19 20 21 22 23 24 27 
8 3 4 8 12 13 17 18 19 
6 3 4 12 13 17 19 
24 0 1 2 3 4 5 6 7 8 10 11 12 13 17 18 19 20 21 22 24 25 26 27 29 
