40 15 8e+06
1.58653 137412
1.39949 103306
1.11161 150520
2.09795 107513
1.05455 194939
2.50765 132354
2.5456 189252
1.32075 174302
1.89803 185028
1.12012 100481
2.92413 144683
1.96411 191220
1.46279 137960
1.38625 148254
2.11413 138591
1.40383 113774
1.07992 163910
1.51919 104656
2.64908 153834
1.69139 109113
1.05106 113749
2.01945 196757
1.74717 146584
2.55533 118270
1.72827 117876
1.43294 144558
2.32814 195966
1.61494 162820
1.51319 196547
2.22873 118333
2.1024 151895
1.58233 112544
1.65613 134366
1.38303 163919
1.92779 132663
2.94215 141866
2.52381 108917
1.44542 102599
2.37096 170397
1.43488 115246
0.947533 0.518363 2
0.941192 0.503596 2
0.942306 0.50595 2
0.928658 0.240799 3
0.968044 1 1
0.930295 0.243678 3
0.945694 0.513723 2
0.945962 0.514379 2
0.935215 0.253446 3
0.977536 1 1
0.956308 0.54558 2
0.949142 0.522691 2
0.916165 0.108574 4
0.91466 0.107176 4
0.95543 0.542421 2
0.9739 1 1
0.963147 0.57439 2
0.92373 0.116855 4
0.920354 0.112878 4
0.938133 0.260152 3
0.956222 0.545267 2
0.931029 0.245024 3
0.913326 0.0517309 5
0.903039 0.0220193 6
0.94419 0.510155 2
0.937822 0.259402 3
0.949649 0.524114 2
0.928228 0.240069 3
0.920174 0.112679 4
0.924787 0.118208 4
0.953189 0.534834 2
0.948491 0.52091 2
0.937295 0.258149 3
0.925948 0.236381 3
0.96282 0.572822 2
0.935529 0.254132 3
0.94174 0.504744 2
0.938398 0.2608 3
0.927653 0.239111 3
0.969521 1 1
0.951631 0.529933 2
0.949165 0.522756 2
0.918059 0.110441 4
0.915015 0.1075 4
0.947765 0.518971 2
0.942012 0.270334 3
0.937927 0.140774 4
0.942079 0.270525 3
0.926697 0.0627491 5
0.973416 0.636054 2
0.92491 0.0609038 5
0.944467 0.277635 3
0.951021 0.301123 3
0.940069 0.145769 4
0.981923 0.711588 2
0.955508 0.321328 3
0.945298 0.280276 3
0.911774 0.0123579 7
0.910974 0.0121627 7
0.958802 0.555182 2
0.945322 0.160191 4
0.975485 0.65201 2
0.881029 1.45221e-06 18
0.8805 1.42178e-06 18
0.905295 0.00128281 10
0.938438 0.079287 5
0.888487 1.9031e-05 15
0.875775 2.47019e-07 20
0.865417 1.30354e-09 26
0.90355 0.00122001 10
0.894324 0.000103734 13
0.909667 0.00292743 9
0.900664 0.000546966 11
0.888205 1.88381e-05 15
0.883274 3.42305e-06 17
0.914421 0.0260265 6
0.910917 0.0121489 7
0.943148 0.273624 3
0.920556 0.0569477 5
0.977859 0.672118 2
0.898637 0.00223067 9
0.93997 0.145529 4
0.981708 0.709324 2
0.970126 0.613369 2
0.983466 1 1
0.950852 0.300435 3
0.927902 0.0640765 5
0.893067 0.000936158 10
0.896441 0.00212901 9
0.976903 0.66377 2
0.926101 0.062118 5
0.908745 0.00574822 8
0.966183 0.589977 2
0.943352 0.154389 4
0.959227 0.341257 3
0.911986 0.0124109 7
0.963228 0.574784 2
0.966732 0.593013 2
0.959274 0.341527 3
0.983224 0.725737 2
0.974131 0.641413 2
0.947715 0.288484 3
0.91238 0.0125105 7
0.917446 0.0274398 6
0.987985 1 1
0.934032 0.250931 3
0.975831 1 1
0.897203 0.0205311 6
0.887441 0.00849286 7
0.945267 0.512688 2
0.918464 0.110857 4
0.901606 0.0457242 5
0.911228 0.104237 4
0.900369 0.0452154 5
0.934448 0.251802 3
0.910908 0.10398 4
0.912923 0.105647 4
0.889377 0.00869296 7
0.882353 0.00363364 8
0.911973 0.104847 4
0.922707 0.231611 3
0.9609 0.564037 2
0.860427 4.45548e-05 13
0.859326 4.36389e-05 13
0.890304 0.019097 6
0.917308 0.224701 3
0.867466 0.000261346 11
0.859544 4.38179e-05 13
0.849268 1.23671e-06 17
0.885332 0.00828778 7
0.873546 0.0014527 9
0.887778 0.00852685 7
0.879979 0.00352377 8
0.867301 0.00026063 11
0.864776 0.000250147 11
0.91271 0.105466 4
0.924684 0.23446 3
0.921237 0.11387 4
0.901517 0.021602 6
0.993142 1 1
0.895775 0.0202089 6
0.920245 0.112757 4
0.961224 0.565471 2
0.950465 0.526457 2
0.967933 0.599889 2
0.931438 0.245792 3
0.915275 0.107739 4
0.882121 0.00164597 9
0.882333 0.00165143 9
0.951228 0.528714 2
0.949252 0.294147 3
0.897794 0.00104719 10
0.945417 0.280664 3
0.966106 0.589558 2
0.897332 0.00103527 10
0.95259 0.307761 3
0.955131 0.319483 3
0.8942 0.000455357 11
0.888569 0.000184679 12
0.918137 0.0277889 6
0.948246 0.290401 3
0.973757 0.63859 2
0.9842 0.736882 2
0.988663 1 1
0.916422 0.026941 6
0.898153 0.00977661 7
0.910709 0.0501694 5
0.914107 0.0522265 5
0.892703 0.0042231 8
0.978599 1 1
0.881571 0.000338902 11
0.911525 0.0506402 5
0.964831 0.582797 2
0.956267 0.545431 2
0.957766 0.551076 2
0.922364 0.115185 4
0.903239 0.0220758 6
0.869895 2.40593e-05 14
0.871272 5.55671e-05 13
0.94741 0.287403 3
0.939091 0.143432 4
0.899035 0.00225011 9
0.981291 0.704999 2
0.983974 1 1
0.922081 0.0582528 5
0.932114 0.129291 4
0.991747 1 1
0.926256 0.0622812 5
0.921575 0.0578108 5
0.94588 0.282181 3
0.982337 0.716005 2
0.977064 0.665152 2
0.948264 0.290467 3
0.95744 0.331284 3
0.949982 0.296963 3
0.986306 1 1
0.93359 0.25002 3
0.936054 0.255299 3
0.942583 0.506552 2
0.91837 0.11076 4
0.977503 1 1
0.945905 0.514239 2
0.903767 0.0466617 5
0.895284 0.00938592 7
0.933661 0.250165 3
0.947314 0.517793 2
0.973321 1 1
0.960314 0.561488 2
0.950942 0.527861 2
0.921899 0.114637 4
0.889984 0.000191895 12
0.917652 0.0275427 6
0.889411 0.000188914 12
0.870597 4.45125e-07 19
0.959044 0.340198 3
0.873418 1.0905e-06 18
0.888562 0.000184643 12
0.934496 0.133661 4
0.926402 0.0624345 5
0.934536 0.133738 4
0.899384 0.00226749 9
0.885847 7.9879e-05 13
0.855052 1.53912e-10 28
0.853678 6.29294e-11 29
0.919477 0.0284965 6
0.94116 0.50353 2
0.994611 1 1
0.886807 0.00386264 8
0.882192 0.00164779 9
0.921741 0.114452 4
0.929395 0.242074 3
0.893072 0.00911037 7
0.889939 0.00875324 7
0.879293 0.00157652 9
0.916127 0.108538 4
0.900561 0.021351 6
0.910458 0.103622 4
0.894522 0.0199377 6
0.884293 0.00372946 8
0.894537 0.0199409 6
0.911178 0.024697 6
0.907389 0.0113655 7
0.942726 0.272384 3
0.919595 0.0561654 5
0.975087 0.64883 2
0.895573 0.00209138 9
0.938928 0.262115 3
0.985582 1 1
0.973945 0.639999 2
0.980151 1 1
0.949538 0.29524 3
0.925632 0.119329 4
0.890867 0.000891856 10
0.894695 0.00205468 9
0.977724 0.670912 2
0.900583 0.0213567 6
0.933647 0.250137 3
0.88936 0.00400974 8
0.872797 0.000128196 12
0.957656 0.550653 2
0.884122 0.00169916 9
0.890058 0.00405223 8
0.926463 0.120468 4
0.917026 0.109408 4
0.934501 0.251915 3
0.900785 0.0214091 6
0.8914 0.00413692 8
0.862251 8.89944e-06 15
0.859149 1.5851e-06 17
0.915886 0.10831 4
0.88575 0.00174524 9
0.894874 0.00437632 8
0.911604 0.0506863 5
0.888677 0.00183513 9
0.964062 0.578885 2
0.869702 2.3949e-05 14
0.90728 0.0233112 6
0.969486 0.60931 2
0.965127 0.584337 2
0.949518 0.523744 2
0.917412 0.0544973 5
0.895036 0.00438825 8
0.861491 1.6883e-06 17
0.864538 4.15375e-06 16
0.94663 0.2847 3
0.969762 0.611048 2
0.955043 0.541064 2
0.933145 0.249118 3
0.927629 0.12213 4
0.946 0.282579 3
0.951645 0.529978 2
0.939931 0.26468 3
0.923027 0.115985 4
0.912788 0.0513975 5
0.954446 0.539006 2
0.94754 0.287863 3
0.95562 0.543097 2
0.929351 0.124728 4
0.92346 0.116519 4
0.935232 0.253482 3
0.980422 1 1
0.942832 0.272694 3
0.940153 0.265262 3
0.939776 0.264277 3
0.934023 0.13276 4
0.963781 0.577488 2
0.948719 0.292144 3
0.916853 0.027148 6
0.907604 0.0114099 7
0.947921 0.289223 3
0.953622 0.31237 3
0.970162 0.613599 2
0.945608 0.281285 3
0.939311 0.263082 3
0.933166 0.131168 4
0.950288 0.177304 4
0.897534 0.000240127 12
0.931063 0.0679085 5
0.951403 0.181705 4
0.888163 1.88096e-05 15
0.958913 0.339449 3
0.940818 0.14763 4
0.882291 3.29608e-06 17
0.876211 2.51611e-07 20
0.907462 0.00275745 9
0.934843 0.0732609 5
0.962698 0.362954 3
0.999553 1 1
0.982337 0.716005 2
0.903743 0.00122667 10
0.90824 0.101929 4
0.905547 0.100021 4
0.940126 0.501427 2
0.916831 0.224145 3
0.974588 1 1
0.89262 0.0195457 6
0.936066 0.493864 2
0.987816 1 1
0.975994 1 1
0.976925 1 1
0.946538 0.515812 2
0.92249 0.23131 3
0.887844 0.0186513 6
0.891743 0.0193721 6
0.975565 1 1
0.918678 0.226346 3
0.949136 0.522675 2
0.901907 0.0458512 5
0.88705 0.00845388 7
0.965219 1 1
0.901887 0.0458426 5
0.903826 0.0466879 5
0.930138 0.243394 3
0.919523 0.227395 3
0.94604 0.51457 2
0.91443 0.106969 4
0.907799 0.101606 4
0.879045 0.00348258 8
0.875205 0.00148633 9
0.924764 0.234579 3
0.924766 0.234582 3
0.967677 0.598397 2
0.892111 0.00899695 7
0.880985 0.00161728 9
0.945924 0.514285 2
0.909206 0.049337 5
0.895814 0.0202173 6
0.911313 0.0505162 5
0.900616 0.0213653 6
0.931731 0.246349 3
0.905489 0.0474565 5
0.905351 0.0473912 5
0.880936 0.00161607 9
0.874461 0.000295157 11
0.909545 0.0495211 5
0.907495 0.00275987 9
0.924615 0.0316379 6
0.912649 0.00631277 8
0.893261 0.000100142 13
0.984105 0.735779 2
0.890551 9.1846e-05 13
0.911761 0.00617496 8
0.9546 0.316928 3
0.944579 0.157945 4
0.958972 0.339785 3
0.92286 0.0304819 6
0.907691 0.00277425 9
0.875226 5.29648e-07 19
0.874875 2.37903e-07 20
0.942668 0.15249 4
0.958437 0.336754 3
0.908101 0.0028048 9
0.951652 0.303741 3
0.967009 0.594567 2
0.908905 0.00286659 9
0.957605 0.332173 3
0.962086 0.358891 3
0.903981 0.00123501 10
0.897634 0.000500377 11
0.929446 0.0353542 6
0.9574 0.33107 3
0.98617 0.760827 2
0.975714 0.653857 2
0.975946 0.655753 2
0.925834 0.0324978 6
0.908079 0.00280316 9
0.87855 6.05209e-07 19
0.981055 0.702577 2
0.959481 0.342736 3
0.923433 0.0161929 7
0.898862 0.000250713 12
0.97034 0.61475 2
0.943672 0.155298 4
0.943988 0.156206 4
0.945779 0.161613 4
0.96863 0.60404 2
0.941993 0.150671 4
0.914159 0.00656084 8
0.925709 0.0324075 6
0.96467 0.376815 3
0.946463 0.163791 4
0.946061 0.162501 4
0.93609 0.0752383 5
0.922753 0.0304147 6
0.969619 0.610145 2
0.928917 0.0652489 5
0.939492 0.144379 4
0.943463 0.154701 4
0.932452 0.0697699 5
0.973494 0.636632 2
0.949994 0.297009 3
0.944119 0.156589 4
0.912251 0.00625027 8
0.909915 0.00590669 8
0.950595 0.299395 3
0.980799 1 1
0.932387 0.247615 3
0.942829 0.272685 3
0.947566 0.518448 2
0.923891 0.117058 4
0.969943 0.612196 2
0.952558 0.532813 2
0.910484 0.0500421 5
0.902076 0.0217528 6
0.9403 0.265648 3
0.954536 0.539315 2
0.978989 1 1
0.958187 0.552727 2
0.951433 0.529334 2
0.929031 0.124231 4
0.933916 0.132557 4
0.903451 0.00512748 8
0.986123 1 1
0.96603 0.589148 2
0.938814 0.142786 4
0.922936 0.059021 5
0.986411 1 1
0.945404 0.280621 3
0.940244 0.265499 3
0.963435 0.575787 2
0.996186 1 1
0.965184 0.584636 2
0.931157 0.127653 4
0.938386 0.141805 4
0.969521 0.609525 2
0.912093 0.104947 4
0.928877 0.241173 3
0.914965 0.107454 4
0.896156 0.0436163 5
0.986595 1 1
0.895056 0.0432296 5
0.914553 0.107079 4
0.953593 0.536152 2
0.943106 0.507701 2
0.961635 1 1
0.925693 0.235987 3
0.911511 0.104467 4
0.879174 0.00348817 8
0.878479 0.00345812 8
0.943775 0.509203 2
0.945489 0.513224 2
0.956915 0.547831 2
0.924209 0.233757 3
0.912231 0.105062 4
0.965645 0.587071 2
0.927857 0.23945 3
0.928051 0.239772 3
0.934612 0.252149 3
0.923474 0.232695 3
0.962038 0.569162 2
0.938119 0.26012 3
0.935571 0.254225 3
0.906352 0.047872 5
0.902251 0.0459972 5
0.939 0.499224 2
0.966218 0.590171 2
0.94622 0.283313 3
0.942081 0.27053 3
0.935247 0.135131 4
0.949298 0.294321 3
0.94877 0.292332 3
0.94862 0.291775 3
0.929663 0.125219 4
0.919703 0.0562516 5
0.961491 0.566668 2
0.956657 0.546869 2
0.96179 0.568026 2
0.9319 0.12892 4
0.927927 0.122567 4
0.943505 0.27469 3
0.955226 0.541704 2
0.936298 0.255847 3
0.951504 0.529549 2
0.940403 0.501983 2
0.956585 0.5466 2
0.938865 0.498964 2
0.956493 0.546261 2
0.94113 0.503467 2
0.931363 0.245649 3
0.973141 1 1
0.966216 0.590159 2
0.96207 0.569309 2
0.92815 0.239938 3
0.927112 0.238228 3
0.955991 0.544427 2
0.948979 0.522243 2
0.949422 0.523474 2
0.934097 0.490553 2
0.921764 0.230317 3
0.966701 1 1
0.931304 0.245539 3
0.937976 0.497292 2
0.939931 0.501041 2
0.928956 0.24131 3
0.969939 1 1
0.94818 0.520072 2
0.944276 0.510352 2
0.913233 0.105914 4
0.910243 0.103453 4
0.947272 0.517684 2
0.915904 0.108327 4
0.963517 1 1
0.881658 0.00360066 8
0.870684 0.0006206 10
0.936955 0.495432 2
0.901143 0.0455315 5
0.885281 0.00828301 7
0.902677 0.046181 5
0.892254 0.0194727 6
0.921371 0.229789 3
0.894854 0.0200086 6
0.895051 0.0200508 6
0.871781 0.000631097 10
0.864856 0.000110227 12
0.899603 0.0449101 5
0.965189 1 1
0.930344 0.243766 3
0.956103 0.544832 2
0.952445 0.532457 2
0.939578 0.500344 2
0.95139 0.529201 2
0.964286 1 1
0.928464 0.240468 3
0.919946 0.227931 3
0.958388 0.553522 2
0.970013 1 1
0.979019 1 1
0.945075 0.51223 2
0.943646 0.50891 2
0.947262 0.517659 2
0.978449 0.677435 2
0.952779 0.308591 3
0.905257 0.00260486 9
0.910102 0.00593283 8
0.907014 0.00272512 9
0.975831 0.65481 2
0.914306 0.00658605 8
0.884288 1.64423e-05 15
0.874704 5.1902e-07 19
0.914537 0.00662586 8
0.917486 0.0139767 7
0.939853 0.145244 4
0.936355 0.0756731 5
0.922652 0.0303512 6
0.897936 0.00050471 11
0.885934 0.00175062 9
0.920432 0.112964 4
0.877579 0.000692808 10
0.860204 3.71816e-06 16
0.946257 0.51511 2
0.86977 5.37842e-05 13
0.877567 0.000692658 10
0.91936 0.111798 4
0.911143 0.0504178 5
0.922362 0.115184 4
0.888227 0.00394289 8
0.877494 0.000691815 10
0.848385 4.12283e-08 21
0.845667 6.95857e-09 23
0.9058 0.0476049 5
35 0 1 2 3 4 5 6 7 8 9 11 12 14 15 16 17 18 19 20 22 23 24 25 27 28 29 30 31 32 33 34 35 36 37 39 
14 7 8 9 11 14 15 17 18 23 24 25 31 36 39 
37 0 1 2 3 4 5 6 7 8 9 11 12 13 14 15 16 17 18 19 20 22 23 24 25 26 28 29 30 31 32 33 34 35 36 37 38 39 
34 0 1 2 3 4 5 6 7 8 9 11 12 14 15 16 17 18 19 20 22 23 24 25 27 28 30 31 32 33 34 35 36 37 39 
14 7 8 9 11 14 15 17 18 23 24 25 31 36 39 
36 0 1 2 3 4 5 6 7 8 9 11 13 14 15 16 17 18 19 20 22 23 24 25 27 28 29 30 31 32 33 34 35 36 37 38 39 
31 0 1 2 3 5 6 7 8 9 11 14 15 16 17 18 19 22 23 24 25 27 28 30 31 32 33 34 35 36 37 39 
17 4 7 8 9 11 14 15 17 18 22 23 24 25 31 32 36 39 
16 7 8 9 11 14 15 17 18 22 23 24 25 31 32 36 39 
22 3 4 5 7 8 9 11 14 15 16 17 18 22 23 24 25 28 31 32 35 36 39 
34 0 1 2 3 4 5 6 7 8 9 11 14 15 16 17 18 19 20 22 23 24 25 28 29 30 31 32 33 34 35 36 37 38 39 
34 0 1 2 3 4 5 6 7 8 9 11 12 14 15 16 17 18 19 20 22 23 24 25 27 28 30 31 32 33 34 35 36 37 39 
40 0 1 2 3 4 5 6 7 8 9 10 11 12 13 14 15 16 17 18 19 20 21 22 23 24 25 26 27 28 29 30 31 32 33 34 35 36 37 38 39 
40 0 1 2 3 4 5 6 7 8 9 10 11 12 13 14 15 16 17 18 19 20 21 22 23 24 25 26 27 28 29 30 31 32 33 34 35 36 37 38 39 
31 0 1 2 3 4 5 6 7 8 9 11 14 15 16 17 18 19 20 22 23 24 25 28 31 32 33 34 35 36 38 39 
