30 15 6e+06
2.27082 196887
2.61332 142388
1.54742 139993
1.23341 129259
2.04644 193456
4.96235 198279
2.99318 173345
1.32692 186750
2.17179 123164
1.57947 132739
2.00478 106651
3.44799 121247
1.95954 175279
2.9317 190033
3.01762 121998
2.55485 129439
3.85913 160709
2.05833 188939
2.40955 193573
1.6821 195153
1.09317 118670
4.52469 134383
2.02007 143894
5.33098 198139
1.29977 163369
1.25235 157607
1.30377 127308
2.3616 162176
2.33386 191077
2.60977 109583
0.911346 0.104333 4
0.951518 0.529589 2
0.902679 0.0461818 5
0.929039 0.241453 3
0.903002 0.0463222 5
0.888864 0.00863878 7
0.918115 0.225662 3
0.904286 0.0468962 5
0.961303 0.565826 2
0.896472 0.0203642 6
0.930418 0.243901 3
0.900319 0.0451954 5
0.884206 0.00818332 7
0.899523 0.0448784 5
0.941126 0.50346 2
0.969366 1 1
0.933322 0.249476 3
0.953038 0.534344 2
0.955625 0.543115 2
0.980705 1 1
0.93862 0.261348 3
0.992022 1 1
0.974025 1 1
0.947273 0.517687 2
0.941029 0.503259 2
0.9463 0.515215 2
0.94609 0.514695 2
0.918202 0.110587 4
0.94884 0.521861 2
0.907846 0.0486211 5
0.890449 0.000194378 12
0.901367 0.00237142 9
0.934051 0.132813 4
0.895805 0.000997576 10
0.892893 0.000440067 11
0.927793 0.0639533 5
0.910724 0.0121029 7
0.920113 0.0288474 6
0.942162 0.151121 4
0.935831 0.136307 4
0.96039 0.348165 3
0.871028 4.52151e-07 19
0.935599 0.135836 4
0.872065 4.69692e-07 19
0.987548 1 1
0.918307 0.225894 3
0.92274 0.231657 3
0.955136 0.541389 2
0.921995 0.230631 3
0.921113 0.229447 3
0.943306 0.508147 2
0.939531 0.500252 2
0.946308 0.515236 2
0.965898 1 1
0.95181 0.530481 2
0.987183 1 1
0.897775 0.044208 5
0.940782 0.502752 2
0.899035 0.0446876 5
0.966943 1 1
0.935689 0.0745896 5
0.985862 0.756948 2
0.890501 4.331e-05 14
0.958323 0.336119 3
0.920571 0.0150469 7
0.875131 2.40448e-07 20
0.927688 0.0339028 6
0.901678 0.00056424 11
0.944425 0.157486 4
0.880959 1.44811e-06 18
0.908425 0.00282945 9
0.935251 0.0738956 5
0.863239 5.21165e-10 27
0.933028 0.0705759 5
0.900071 0.00053728 11
0.91891 0.226631 3
0.94881 0.521778 2
0.859663 1.91783e-05 14
0.936894 0.495324 2
0.902009 0.0458944 5
0.84489 8.67981e-08 20
0.902106 0.0459355 5
0.873821 0.000651548 10
0.90638 0.0478861 5
0.849624 1.24729e-06 17
0.873048 0.000643651 10
0.930952 0.244881 3
0.831127 5.63177e-11 28
0.927478 0.238824 3
0.862551 4.64125e-05 13
0.926737 0.237625 3
0.969366 1 1
0.906727 0.100839 4
0.945883 0.514184 2
0.916688 0.109078 4
0.891821 0.0193873 6
0.930419 0.243903 3
0.912072 0.10493 4
0.967687 1 1
0.898903 0.0446366 5
0.931224 0.24539 3
0.916901 0.109286 4
0.883857 0.00815158 7
0.915933 0.108354 4
0.930985 0.244943 3
0.975831 1 1
0.924298 0.117575 4
0.921014 0.113617 4
0.953102 0.53455 2
0.982172 1 1
0.909377 0.0240305 6
0.962869 0.57306 2
0.94274 0.272426 3
0.91964 0.056201 5
0.909838 0.0241966 6
0.911834 0.0508223 5
0.967407 0.596838 2
0.887903 0.00181041 9
0.971216 0.620544 2
0.876095 0.000137243 12
0.926586 0.237385 3
0.890732 0.00884029 7
0.966193 0.590033 2
0.910798 0.0502199 5
0.943004 0.507475 2
0.96565 0.587098 2
0.945706 0.51375 2
0.972497 1 1
0.914914 0.107407 4
0.960755 0.5634 2
0.936579 0.256488 3
0.906578 0.0479832 5
0.942403 0.506161 2
0.909834 0.0496792 5
0.895878 0.00946365 7
0.981233 1 1
0.955203 0.541622 2
0.935428 0.492768 2
0.978382 1 1
0.974588 1 1
0.91991 0.227885 3
0.983939 1 1
0.952984 0.534171 2
0.956539 0.54643 2
0.923821 0.233193 3
0.939413 0.500022 2
0.959689 0.558835 2
0.902083 0.0459257 5
0.961171 0.565238 2
0.908212 0.101909 4
0.947889 0.519298 2
0.994678 1 1
0.899915 0.021186 6
0.970822 1 1
0.932673 0.248178 3
0.884355 0.00170561 9
0.939459 0.263459 3
0.912352 0.051132 5
0.9506 0.526852 2
0.88988 0.00404127 8
0.915773 0.108204 4
0.945801 0.513984 2
0.871212 0.000124215 12
0.943868 0.509415 2
0.902572 0.021889 6
0.90157 0.00115505 10
0.898816 0.00107451 10
0.96068 0.349944 3
0.901206 0.00114378 10
0.908113 0.00566603 8
0.95649 0.32629 3
0.924818 0.031778 6
0.94249 0.152004 4
0.940546 0.146948 4
0.964548 0.581342 2
0.97579 0.654479 2
0.880198 6.6219e-06 16
0.963024 0.365169 3
0.881933 1.52216e-05 15
0.959601 0.34344 3
0.936501 0.256309 3
0.983112 1 1
0.905724 0.0228137 6
0.957334 0.549417 2
0.924556 0.117907 4
0.890328 0.00406892 8
0.936249 0.255736 3
0.914062 0.0521977 5
0.964254 0.579851 2
0.896851 0.00959437 7
0.926935 0.121132 4
0.928724 0.240912 3
0.880089 0.000723346 10
0.927478 0.12191 4
0.920431 0.112963 4
0.936879 0.257178 3
0.97253 1 1
0.880784 0.000732276 10
0.957683 0.550759 2
0.92007 0.112565 4
0.865595 2.17888e-05 14
0.92273 0.115624 4
0.894457 0.00928049 7
0.929043 0.24146 3
0.870653 0.000122863 12
0.895051 0.00935597 7
0.943461 0.508493 2
0.851925 2.46163e-07 19
0.940468 0.266094 3
0.883044 0.00167005 9
0.893027 0.000441593 11
0.88399 7.58522e-05 13
0.962135 0.569613 2
0.88949 0.000189322 12
0.902099 0.00241221 9
0.966064 0.58933 2
0.916831 0.0271373 6
0.940377 0.146528 4
0.924139 0.0601501 5
0.971551 0.622811 2
0.961036 0.564638 2
0.871391 1.01648e-06 18
0.981205 0.704115 2
0.873485 2.41506e-06 17
0.942317 0.151536 4
0.957205 0.548925 2
0.968691 0.604409 2
0.892454 0.000923394 10
0.974527 0.644447 2
0.939613 0.263854 3
0.877411 2.90927e-05 14
0.938701 0.142526 4
0.908777 0.0116596 7
0.931613 0.128425 4
0.881586 7.11274e-05 13
0.901761 0.00495779 8
0.966106 0.589558 2
0.861393 6.34509e-08 21
0.963057 0.573956 2
0.882173 7.2235e-05 13
0.884529 0.000784467 10
0.924849 0.118289 4
0.884289 0.000780905 10
0.901691 0.0103186 7
0.877006 0.000139943 12
0.872332 2.55237e-05 14
0.892391 0.0019644 9
0.882278 0.000343918 11
0.93627 0.255785 3
0.88017 0.000150111 12
0.913557 0.0518757 5
0.87392 5.89666e-05 13
0.871962 2.52919e-05 14
0.873066 2.59931e-05 14
0.939078 0.262493 3
0.906711 0.0480489 5
0.94419 0.510153 2
0.904084 0.0468044 5
0.923285 0.232426 3
0.899488 0.0210791 6
0.890842 0.00885248 7
0.915327 0.107787 4
0.903915 0.0467282 5
0.960104 0.560587 2
0.898645 0.0208719 6
0.93294 0.248708 3
0.894577 0.0199493 6
0.887632 0.00851214 7
0.893969 0.0198213 6
0.947984 0.51955 2
0.980497 1 1
0.930686 0.126869 4
0.915063 0.0528541 5
0.959635 0.55861 2
0.977796 1 1
0.902614 0.0104726 7
0.96058 0.562638 2
0.936416 0.256116 3
0.920918 0.113508 4
0.903719 0.0106641 7
0.908977 0.0238888 6
0.977647 1 1
0.88179 0.000340441 11
0.981495 1 1
0.875219 6.07655e-05 13
0.958291 0.553135 2
0.90979 0.0496554 5
0.936873 0.257164 3
0.936509 0.256327 3
0.975385 1 1
0.92787 0.122483 4
0.962289 0.570327 2
0.958036 0.552133 2
0.916894 0.109279 4
0.926611 0.120675 4
0.919851 0.112326 4
0.943214 0.273821 3
0.905174 0.0226444 6
0.946891 0.516707 2
0.880409 0.000727436 10
0.89316 0.0042543 8
0.880275 0.000330052 11
0.965254 0.584999 2
0.887827 0.000836954 10
0.903499 0.0106253 7
0.973154 0.634133 2
0.917033 0.0542217 5
0.942993 0.273165 3
0.919219 0.0558678 5
0.976594 1 1
0.956245 0.54535 2
0.871455 2.49802e-05 14
0.990901 1 1
0.873743 5.87281e-05 13
0.933256 0.249342 3
0.924274 0.117545 4
0.965911 0.588504 2
0.872337 5.68937e-05 13
0.945463 0.280813 3
0.907919 0.0235243 6
0.857255 6.58032e-07 18
0.9118 0.0508023 5
0.884644 0.00171364 9
0.923836 0.116988 4
0.862678 3.95787e-06 16
0.888774 0.00183829 9
0.930277 0.243645 3
0.844869 1.2408e-09 25
0.927304 0.121658 4
0.881136 0.000736886 10
0.958182 0.552706 2
0.910873 0.0502628 5
0.941188 0.26804 3
0.937019 0.257503 3
0.975888 1 1
0.93199 0.246845 3
0.964924 0.583278 2
0.962446 0.571058 2
0.919834 0.112308 4
0.930837 0.24467 3
0.923873 0.117035 4
0.941581 0.269124 3
0.90923 0.04935 5
0.945203 0.512534 2
0.884096 0.00169844 9
0.905677 0.022799 6
0.954942 0.540713 2
0.881603 0.000339126 11
0.92659 0.120645 4
0.893817 0.00430017 8
0.867324 1.00644e-05 15
0.905645 0.022789 6
0.88653 0.000815512 10
0.9409 0.267254 3
0.874396 5.96158e-05 13
0.906661 0.02311 6
0.900539 0.0101341 7
0.860843 7.29021e-07 18
0.898848 0.00987757 7
0.914836 0.0527028 5
0.935052 0.134746 4
0.942302 0.271158 3
0.949133 0.293696 3
0.941347 0.268475 3
0.93476 0.134173 4
0.934111 0.132925 4
0.953521 0.535916 2
0.949361 0.29456 3
0.985593 1 1
0.941759 0.269621 3
0.975328 0.650746 2
0.915354 0.0530497 5
0.925828 0.119594 4
0.916305 0.0537043 5
0.953107 0.534567 2
0.98505 0.746973 2
0.960795 0.350659 3
0.917682 0.0275577 6
0.990778 1 1
0.967684 0.598438 2
0.902656 0.00244415 9
0.966797 0.593375 2
0.935827 0.136299 4
0.944631 0.158099 4
0.906233 0.00543536 8
0.922199 0.0300703 6
0.975472 0.651903 2
0.884814 3.59984e-05 14
0.975628 0.653163 2
0.894581 0.000459989 11
0.933558 0.13189 4
0.963484 0.576029 2
0.9226 0.0587162 5
0.949036 0.29333 3
0.926342 0.120299 4
0.907529 0.0233937 6
0.94224 0.270981 3
0.926912 0.121098 4
0.984672 1 1
0.914773 0.0526616 5
0.947534 0.287842 3
0.919546 0.0561264 5
0.899326 0.00473349 8
0.919289 0.0559228 5
0.941744 0.26958 3
0.891583 0.00893611 7
0.926078 0.236584 3
0.899311 0.021035 6
0.906618 0.0480029 5
0.886001 0.00381876 8
0.887743 0.0085233 7
0.902564 0.046132 5
0.895558 0.020161 6
0.947593 0.518519 2
0.895769 0.0202075 6
0.929399 0.242082 3
0.878375 0.00155527 9
0.888158 0.00856556 7
0.877972 0.00154614 9
0.956509 0.54632 2
0.950805 0.300244 3
0.9101 0.0059325 8
0.95789 0.333723 3
0.933099 0.0706769 5
0.967963 0.600067 2
0.94862 0.291774 3
0.967336 0.596427 2
0.978599 0.678805 2
0.927146 0.063236 5
0.947535 0.287845 3
0.937631 0.140118 4
0.930621 0.0673391 5
0.925519 0.0322707 6
0.933961 0.0719284 5
0.896431 0.000483744 11
0.957429 0.331228 3
0.90825 0.00281613 9
0.933513 0.0712722 5
0.935309 0.0739874 5
0.973836 0.639178 2
0.924768 0.0317432 6
0.959536 0.34306 3
0.954528 0.316585 3
0.914099 0.0129668 7
0.92337 0.0308081 6
0.916497 0.0136652 7
0.943711 0.155409 4
0.902109 0.0011721 10
0.947416 0.166943 4
0.877267 1.25459e-06 18
22 0 2 3 4 5 6 9 10 11 12 13 14 15 16 17 20 21 23 24 25 26 27 
13 0 2 4 5 6 12 13 16 17 21 23 26 27 
23 0 1 2 3 4 5 6 9 10 11 12 13 14 15 16 17 20 21 23 24 25 26 27 
16 0 2 4 5 6 10 12 13 15 16 17 21 23 24 26 27 
23 0 1 2 3 4 5 6 9 10 11 12 13 14 15 16 17 20 21 23 24 25 26 27 
29 0 1 2 3 4 5 6 7 9 10 11 12 13 14 15 16 17 18 19 20 21 22 23 24 25 26 27 28 29 
20 0 2 3 4 5 6 9 10 11 12 13 15 16 17 21 23 24 25 26 27 
21 0 2 3 4 5 6 9 10 11 12 13 14 15 16 17 20 21 23 24 26 27 
14 0 4 5 6 10 12 13 15 16 17 21 23 26 27 
27 0 1 2 3 4 5 6 7 9 10 11 12 13 14 15 16 17 18 19 20 21 22 23 24 25 26 27 
17 0 2 3 4 5 6 10 11 12 13 16 17 21 23 24 26 27 
25 0 1 2 3 4 5 6 8 9 10 11 12 13 14 15 16 17 20 21 23 24 25 26 27 28 
19 0 2 3 4 5 6 10 11 12 13 14 16 17 20 21 23 24 26 27 
30 0 1 2 3 4 5 6 7 8 9 10 11 12 13 14 15 16 17 18 19 20 21 22 23 24 25 26 27 28 29 
10 0 4 5 6 12 16 17 21 23 27 
