60 15 6e+06
5.02358 146203
2.40684 150142
3.16793 105225
6.64767 172654
2.79894 148333
3.74211 182786
1.67268 184042
1.45745 147159
1.69885 196739
6.78729 142708
2.93006 130883
3.84192 122079
1.07058 194269
2.62429 117388
2.67305 192161
4.0761 119131
2.76717 122739
4.57312 141737
7.98515 125049
5.95075 124026
4.5404 177051
4.23172 195854
4.35462 136288
2.09788 115794
1.59372 169919
4.69573 157771
1.12364 161259
1.46843 184438
4.03258 198838
1.18148 103156
3.74657 151425
1.07552 122617
2.90598 140855
1.65553 117507
1.13612 183315
1.62768 167914
1.51504 196206
8.78906 196529
1.07202 144218
3.30622 127701
1.32516 183293
3.86965 141705
5.1935 185963
2.215 141043
2.08218 167910
2.22427 149550
2.32068 137825
3.2407 164883
2.51352 149726
4.74824 143698
3.64105 175980
2.05418 190850
2.90319 192968
1.77082 142026
5.03334 149110
2.67274 146774
1.66907 137918
4.35875 199473
5.85417 151476
3.07035 172133
0.894581 0.000104631 13
0.91942 0.0146293 7
0.90663 0.00133476 10
0.94368 0.15532 4
0.976903 0.66377 2
0.940447 0.0831245 5
0.962422 0.361111 3
0.907126 0.00135499 10
0.9573 0.330534 3
0.938745 0.0798509 5
0.972797 0.631544 2
0.904886 0.00126759 10
0.89753 0.000240093 12
0.912325 0.00315896 9
0.920837 0.0151468 7
0.931935 0.246739 3
0.936223 0.255678 3
0.889589 0.00871562 7
0.986914 1 1
0.924579 0.234303 3
0.942317 0.505975 2
0.966179 1 1
0.929082 0.241529 3
0.909956 0.103229 4
0.946941 0.516834 2
0.970853 1 1
0.938787 0.498815 2
0.886052 0.00835635 7
0.909066 0.102546 4
0.913449 0.106101 4
0.838893 5.82633e-12 0
0.869623 2.13664e-06 17
0.890632 0.000887359 10
0.87937 6.71991e-05 13
0.950776 0.300128 3
0.891814 0.000910417 10
0.900568 0.00484509 8
0.857345 1.05606e-08 23
0.954291 0.315467 3
0.887176 0.00038291 11
0.906054 0.0110982 7
0.849468 1.19095e-10 28
0.878052 2.96019e-05 14
0.879258 6.701e-05 13
0.888282 0.000392869 11
0.87548 2.43983e-07 20
0.913414 0.00643609 8
0.966464 0.390499 3
0.876282 2.52365e-07 20
0.929927 0.0357727 6
0.930046 0.0358784 6
0.884037 3.5267e-06 17
0.903132 0.000590647 11
0.898141 0.000244869 12
0.923257 0.0161178 7
0.899032 0.000252117 12
0.886374 8.26298e-06 16
0.952911 0.309173 3
0.941673 0.149826 4
0.948386 0.170292 4
0.889728 0.000870472 10
0.918336 0.0551857 5
0.914918 0.0262467 6
0.93143 0.128114 4
0.989584 1 1
0.94098 0.267473 3
0.948884 0.292757 3
0.905554 0.0110017 7
0.958058 0.552219 2
0.937816 0.140527 4
0.960206 0.561023 2
0.900548 0.00484319 8
0.904722 0.0108455 7
0.916815 0.0271298 6
0.925915 0.0619243 5
0.840968 6.40672e-12 0
0.873868 5.40537e-06 16
0.902366 0.00501714 8
0.874053 5.43579e-06 16
0.94778 0.288718 3
0.895826 0.000998089 10
0.893127 0.00093743 10
0.861708 2.83548e-08 22
0.940306 0.146352 4
0.890501 0.000414369 11
0.901067 0.0023551 9
0.851785 1.32199e-10 28
0.889442 0.000403845 11
0.887696 0.000180456 12
0.896537 0.00213325 9
0.941141 0.267911 3
0.98187 1 1
0.950574 0.299314 3
0.917474 0.0545422 5
0.920431 0.056844 5
0.982922 1 1
0.911088 0.0246626 6
0.970318 0.614608 2
0.887678 0.000387369 11
0.980941 1 1
0.927467 0.121894 4
0.952689 0.308194 3
0.951248 0.302059 3
0.97771 0.670789 2
0.978631 0.679096 2
0.936653 0.138011 4
0.973836 0.639178 2
0.957085 0.54847 2
0.904253 0.0052124 8
0.910262 0.0119945 7
0.968774 0.604916 2
0.897722 0.00218712 9
0.967777 0.598977 2
0.876999 2.87734e-05 14
0.966557 0.592039 2
0.913929 0.0258132 6
0.946864 0.285502 3
0.961322 0.565909 2
0.98768 1 1
0.981618 1 1
0.972823 0.631727 2
0.983691 1 1
0.921631 0.114324 4
0.920275 0.0567153 5
0.897505 0.00457977 8
0.959667 0.558741 2
0.905379 0.0227071 6
0.994384 1 1
0.868809 1.04514e-05 15
0.964691 0.582074 2
0.918878 0.0556012 5
0.983043 1 1
0.925881 0.119667 4
0.950953 0.527893 2
0.947521 0.287795 3
0.864051 6.99336e-08 21
0.870645 9.91088e-07 18
0.842087 6.74832e-12 0
0.937752 0.140384 4
0.910865 0.0121365 7
0.883442 7.47292e-05 13
0.953439 0.311537 3
0.862163 2.8855e-08 22
0.927793 0.0639533 5
0.885183 0.000169199 12
0.936445 0.137575 4
0.869908 9.66892e-07 18
0.834955 4.88748e-12 0
0.852483 1.36497e-10 28
0.859093 4.97098e-09 24
0.847543 5.90087e-10 26
0.880632 0.000151708 12
0.907848 0.0235005 6
0.880143 0.00015002 12
0.954495 0.539175 2
0.902792 0.0105029 7
0.898822 0.00468985 8
0.868359 4.60599e-06 16
0.943435 0.274479 3
0.897449 0.00457525 8
0.907366 0.0233397 6
0.858443 1.30458e-07 20
0.894896 0.00437792 8
0.894016 0.00431423 8
0.90299 0.0105367 7
0.867994 1.81639e-07 20
0.88829 0.000183308 12
0.877253 6.00838e-06 16
0.93041 0.0670721 5
0.95783 0.333397 3
0.907792 0.0056253 8
0.956264 0.325128 3
0.876835 5.92859e-06 16
0.978361 0.676626 2
0.90663 0.00548251 8
0.952152 0.305863 3
0.877105 5.98e-06 16
0.867578 8.00386e-08 21
0.880609 1.45965e-05 15
0.888992 0.000186785 12
0.953836 0.536957 2
0.995109 1 1
0.938561 0.498386 2
0.922256 0.230987 3
0.913541 0.106181 4
0.978072 1 1
0.912312 0.10513 4
0.982303 1 1
0.882527 0.00364202 8
0.980958 1 1
0.927795 0.239346 3
0.965537 1 1
0.940638 0.502459 2
0.967134 1 1
0.965983 1 1
0.857958 3.51903e-06 16
0.891162 0.00888836 7
0.915165 0.107637 4
0.890205 0.00878225 7
0.965289 0.585186 2
0.913687 0.106308 4
0.908245 0.0488278 5
0.878691 0.00070601 10
0.947839 0.519165 2
0.908382 0.0488992 5
0.917723 0.110101 4
0.868976 0.000118958 12
0.902297 0.021813 6
0.903291 0.0220907 6
0.912495 0.0512183 5
0.878691 0.000706012 10
0.904048 0.0467881 5
0.898694 0.0208839 6
0.930361 0.243798 3
0.981341 1 1
0.925567 0.235793 3
0.952776 0.533505 2
0.891738 0.00895386 7
0.974236 1 1
0.923208 0.116206 4
0.957965 0.551853 2
0.88887 0.00398046 8
0.888463 0.0039566 8
0.900382 0.021305 6
0.909254 0.0493627 5
0.920906 0.0292988 6
0.957069 0.329307 3
0.946243 0.163084 4
0.928729 0.0650275 5
0.95038 0.298537 3
0.981403 0.70615 2
0.930799 0.0675672 5
0.943575 0.155021 4
0.916218 0.01358 7
0.975466 0.651858 2
0.94808 0.289799 3
0.932832 0.0702995 5
0.939405 0.144172 4
0.957409 0.331119 3
0.966045 0.58923 2
0.949765 0.524442 2
0.945052 0.512174 2
0.889832 0.0190091 6
0.970047 1 1
0.910475 0.103635 4
0.943406 0.508369 2
0.946691 0.516198 2
0.941087 0.503378 2
0.892711 0.0195639 6
0.949579 0.523916 2
0.952798 0.533577 2
0.955 0.540912 2
0.888458 0.0187598 6
0.912965 0.105683 4
0.915425 0.22255 3
0.86829 2.31687e-05 14
0.904655 0.0224881 6
0.940583 0.266401 3
0.885969 0.00175165 9
0.952892 0.533877 2
0.925813 0.119574 4
0.898998 0.00989971 7
0.892681 0.00422161 8
0.924364 0.117659 4
0.919455 0.1119 4
0.912006 0.0509247 5
0.879532 0.000325166 11
0.927123 0.121399 4
0.92392 0.117095 4
0.932698 0.248227 3
0.848227 9.06737e-12 0
0.883382 7.46074e-05 13
0.920662 0.0291584 6
0.871366 1.0156e-06 18
0.943225 0.273853 3
0.904461 0.00523492 8
0.887249 0.000178359 12
0.871574 1.02284e-06 18
0.924613 0.0606107 5
0.898421 0.00222021 9
0.897984 0.00219943 9
0.859223 4.99782e-09 24
0.907477 0.00558588 8
0.90222 0.00241906 9
0.91064 0.012083 7
0.868593 1.03937e-05 15
0.88692 0.00178004 9
0.872589 5.72145e-05 13
0.93397 0.250803 3
0.951419 0.529291 2
0.905512 0.0227479 6
0.960054 0.560377 2
0.875829 0.00013647 12
0.9712 0.620436 2
0.904866 0.0225513 6
0.953139 0.534672 2
0.877307 0.000140858 12
0.863329 1.7764e-06 17
0.877292 0.000140811 12
0.885426 0.000798084 10
0.901268 0.00491051 8
0.935078 0.134797 4
0.937359 0.139522 4
0.925015 0.0610089 5
0.971966 0.62567 2
0.958951 0.555788 2
0.935117 0.134874 4
0.921863 0.0580609 5
0.935706 0.136054 4
0.953927 0.31377 3
0.950721 0.299902 3
0.912817 0.0126233 7
0.927254 0.0633543 5
0.939073 0.143388 4
0.948585 0.291646 3
0.841403 1.42235e-08 22
0.874732 0.0006611 10
0.90495 0.0472027 5
0.872788 0.000641035 10
0.946522 0.515773 2
0.896566 0.0203856 6
0.89136 0.00891075 7
0.862627 4.64807e-05 13
0.937074 0.25763 3
0.891102 0.0088816 7
0.899784 0.0449816 5
0.852256 1.32955e-06 17
0.89197 0.00898065 7
0.889512 0.00870734 7
0.898282 0.0207847 6
0.828626 3.72256e-12 0
0.859662 9.89556e-10 26
0.884344 3.54839e-05 14
0.867737 8.0541e-08 21
0.938452 0.141956 4
0.881536 1.50296e-05 15
0.888782 8.70169e-05 13
0.847565 8.7751e-12 0
0.943272 0.154164 4
0.876724 2.69299e-06 17
0.894059 0.000453661 11
0.839142 5.89262e-12 0
0.871703 4.63461e-07 19
0.871018 4.51985e-07 19
0.879836 6.54135e-06 16
0.877704 0.00154013 9
0.913122 0.105818 4
0.976075 1 1
0.858749 1.88201e-05 14
0.897859 0.0442395 5
0.920561 0.228723 3
0.861029 4.50688e-05 13
0.906886 0.100951 4
0.865386 0.000111287 12
0.914739 0.107247 4
0.876774 0.00151963 9
0.887097 0.00845858 7
0.973907 1 1
0.948351 0.520531 2
0.948587 0.521168 2
0.965202 0.380766 3
0.992815 1 1
0.928261 0.0343628 6
0.923557 0.0309299 6
0.905542 0.00262368 9
0.968622 0.603996 2
0.910514 0.00599124 8
0.991576 1 1
0.876067 5.47424e-07 19
0.973436 0.636198 2
0.924859 0.0318061 6
0.976796 0.662859 2
0.931414 0.0683671 5
0.957315 0.330618 3
0.954995 0.318824 3
0.877278 6.01323e-06 16
0.914952 0.0132066 7
0.975488 0.652035 2
0.8708 4.48416e-07 19
0.918916 0.0281954 6
0.928599 0.0648762 5
0.87646 5.85817e-06 16
0.905874 0.00539345 8
0.88665 8.17324e-05 13
0.921987 0.0299402 6
0.891886 0.000428901 11
0.887781 0.00018086 12
0.963098 0.574153 2
0.946724 0.285021 3
0.951569 0.303394 3
0.878863 0.0007081 10
0.914172 0.106737 4
0.937605 0.258883 3
0.901765 0.0216684 6
0.968915 1 1
0.936843 0.257095 3
0.915279 0.107743 4
0.90154 0.0216083 6
0.936323 0.255904 3
0.930929 0.244839 3
0.928476 0.240488 3
0.890242 0.00878621 7
0.924879 0.23475 3
0.927674 0.239146 3
0.937161 0.257835 3
0.928646 0.123643 4
0.965153 0.584473 2
0.964775 0.582508 2
0.897585 0.00218076 9
0.909172 0.0117467 7
0.963141 0.57436 2
0.892428 0.000922872 10
0.959533 0.558181 2
0.875376 1.24838e-05 15
0.959809 0.559339 2
0.908777 0.0116596 7
0.938544 0.142166 4
0.96995 0.612241 2
0.994764 1 1
0.985058 1 1
0.865924 8.50104e-07 18
0.902572 0.0104653 7
0.942168 0.270776 3
0.881444 0.000154585 12
0.947447 0.287535 3
0.923115 0.059186 5
0.894037 0.00202803 9
0.890859 0.000891705 10
0.919435 0.056038 5
0.91665 0.0539477 5
0.907157 0.0113178 7
0.877105 6.35527e-05 13
0.928647 0.123644 4
0.923564 0.0596035 5
0.932017 0.129123 4
0.919176 0.0558335 5
0.932194 0.129432 4
0.895502 0.00442302 8
0.978628 1 1
0.941567 0.269084 3
0.944859 0.27887 3
0.979042 1 1
0.92254 0.0586617 5
0.927259 0.121595 4
0.947498 0.287715 3
0.989555 1 1
0.927698 0.12223 4
0.890045 0.00188061 9
0.911063 0.0246531 6
0.917079 0.054255 5
0.946294 0.163248 4
0.978726 0.679975 2
0.946279 0.163199 4
0.904778 0.00257373 9
0.902409 0.00118181 10
0.964165 0.579404 2
0.895529 0.000471898 11
0.977529 0.669199 2
0.870187 8.88657e-08 21
0.964306 0.580116 2
0.911101 0.00607634 8
0.955639 0.32198 3
0.952105 0.305662 3
0.97636 0.659183 2
0.969788 0.611212 2
0.913928 0.0258131 6
0.924675 0.0606717 5
0.888161 0.000391755 11
0.982249 1 1
0.938433 0.141913 4
0.936805 0.138333 4
0.986047 1 1
0.915475 0.0264985 6
0.928352 0.123199 4
0.939483 0.263521 3
0.986887 1 1
0.921774 0.0579833 5
0.882563 0.000158717 12
0.9033 0.00511176 8
0.90931 0.0117774 7
0.891475 0.000200048 12
0.912929 0.0126525 7
0.896173 0.000480302 11
0.94859 0.291663 3
0.9681 0.600875 2
0.932435 0.0697463 5
0.971052 0.619445 2
0.901221 0.00114425 10
0.959867 0.345014 3
0.931631 0.0686558 5
0.975969 0.655945 2
0.901132 0.00114153 10
0.88745 3.91214e-05 14
0.90301 0.00246488 9
0.911162 0.00608534 8
0.880534 0.0016062 9
0.890217 0.00878358 7
0.861873 8.82108e-06 15
0.954635 0.539653 2
0.929612 0.242456 3
0.904112 0.0468173 5
0.97531 1 1
0.881006 0.00161781 9
0.93976 0.264235 3
0.905659 0.0475372 5
0.958405 0.553588 2
0.887424 0.00389702 8
0.85468 1.41217e-06 17
0.872573 0.000285273 11
0.879392 0.000714605 10
0.862791 0.000242409 11
0.879186 0.0034887 8
0.863342 0.000244514 11
0.930722 0.244458 3
0.9414 0.504029 2
0.89696 0.0439067 5
0.956151 0.545007 2
0.868488 0.000600561 10
0.96488 1 1
0.896655 0.0437958 5
0.9463 0.515215 2
0.871016 0.00140429 9
0.854268 1.72033e-05 14
0.868455 0.000600271 10
0.876401 0.00337159 8
0.890675 4.35697e-05 14
0.927558 0.0338001 6
0.992689 1 1
0.873347 4.61126e-08 22
0.909892 0.00294583 9
0.936215 0.0754441 5
0.875153 1.09791e-07 21
0.920259 0.0149313 7
0.876219 2.51689e-07 20
0.930218 0.0360313 6
0.891249 4.44448e-05 14
0.900629 0.000546387 11
0.984263 0.73762 2
0.962753 0.36333 3
0.964307 0.374175 3
0.904733 0.0108476 7
0.927317 0.0634235 5
0.906489 0.0111836 7
0.954621 0.317024 3
0.965807 0.587944 2
0.946749 0.285106 3
0.969841 0.61155 2
0.915424 0.0264754 6
0.946707 0.284964 3
0.946229 0.283342 3
0.984049 1 1
0.914821 0.0262032 6
0.898592 0.00222845 9
0.915856 0.0266742 6
0.923726 0.059756 5
0.851656 2.4431e-07 19
0.888227 0.00394288 8
0.935495 0.254057 3
0.864505 2.12682e-05 14
0.930726 0.244465 3
0.907305 0.0483453 5
0.877213 0.000688566 10
0.877241 0.000688886 10
0.906577 0.0479824 5
0.9008 0.021413 6
0.889815 0.00403728 8
0.862561 2.03876e-05 14
0.92254 0.115396 4
0.912431 0.0511798 5
0.919834 0.112308 4
0.931589 0.128384 4
0.964775 0.582508 2
0.936886 0.257194 3
0.938871 0.261972 3
0.944187 0.276768 3
0.987575 1 1
0.937108 0.25771 3
0.95131 0.302314 3
0.912733 0.0253126 6
0.985217 1 1
0.954389 0.538813 2
0.943529 0.27476 3
0.932087 0.129244 4
0.953786 0.53679 2
0.960485 0.562224 2
0.881111 0.000736563 10
0.90102 0.0214706 6
0.885546 0.00173933 9
0.943045 0.27332 3
0.962247 0.570131 2
0.920096 0.112594 4
0.968571 0.603689 2
0.889605 0.00402448 8
0.967613 0.598025 2
0.919368 0.111806 4
0.966496 0.591699 2
0.890315 0.00406811 8
0.876516 0.000306672 11
0.891265 0.00412817 8
0.899431 0.00996412 7
0.91464 0.0131177 7
0.928226 0.0644449 5
0.893757 0.000450072 11
0.976886 0.663627 2
0.943911 0.155984 4
0.941797 0.150152 4
0.983317 0.726782 2
0.918359 0.027903 6
0.931307 0.0682264 5
0.944026 0.156318 4
0.992937 1 1
0.923158 0.0306721 6
0.887865 8.46743e-05 13
0.908282 0.00568776 8
0.914594 0.0131047 7
0.901658 0.0023875 9
0.93321 0.0708359 5
0.929394 0.0658189 5
0.931758 0.0688255 5
0.976245 0.658227 2
0.956742 0.327593 3
0.943243 0.154084 4
0.920067 0.0288216 6
0.94138 0.149065 4
0.95276 0.308504 3
0.958536 0.33731 3
0.913 0.0126711 7
0.919768 0.0286559 6
0.933076 0.0706447 5
0.942269 0.151408 4
0.966437 0.591374 2
0.96131 0.565854 2
0.900929 0.00487855 8
0.952534 0.307515 3
0.906867 0.0112592 7
0.953235 0.310616 3
0.932496 0.129963 4
0.959216 0.55687 2
0.884384 0.000165875 12
0.960183 0.560926 2
0.942378 0.271377 3
0.973564 0.637148 2
0.901222 0.00490616 8
0.926562 0.062605 5
0.927488 0.121924 4
0.937664 0.14019 4
0.976049 0.656606 2
0.945443 0.160564 4
0.928262 0.0644861 5
0.932437 0.0697489 5
0.997004 1 1
0.923754 0.0310593 6
0.962337 0.360547 3
0.899999 0.00110782 10
0.990985 1 1
0.940569 0.147005 4
0.949785 0.296196 3
0.942927 0.153202 4
0.967015 0.594603 2
0.972065 0.626361 2
0.856529 1.6521e-10 28
0.887607 8.40365e-05 13
0.904448 0.00255274 9
0.895902 0.000476736 11
0.970381 0.615018 2
0.910269 0.00595627 8
0.916135 0.0135548 7
0.875062 1.1565e-06 18
0.961915 0.357772 3
0.905677 0.00263267 9
0.923452 0.0308618 6
0.867315 3.54589e-08 22
0.89204 0.00020329 12
0.895654 0.000473516 11
0.90493 0.00258352 9
0.874961 0.000663542 10
0.910498 0.0500498 5
0.937407 0.258414 3
0.897089 0.0205049 6
0.965171 0.584567 2
0.932835 0.248498 3
0.910796 0.0502186 5
0.898019 0.0207221 6
0.934302 0.251495 3
0.92681 0.237742 3
0.923737 0.233072 3
0.886299 0.00383486 8
0.924398 0.234036 3
0.925521 0.235723 3
0.934858 0.252674 3
0.883772 0.000355004 11
0.921543 0.0577825 5
0.983297 1 1
0.874419 2.68978e-05 14
0.918577 0.055369 5
0.934171 0.13304 4
0.878818 0.000145612 12
0.912725 0.0253096 6
0.88543 0.000368099 11
0.927643 0.12215 4
0.894584 0.00205013 9
0.894232 0.00203584 9
0.970427 0.615317 2
0.954154 0.538019 2
0.958598 0.55436 2
0.917502 0.0274674 6
0.955608 0.321828 3
0.955026 0.318972 3
0.920156 0.0288716 6
0.946953 0.285808 3
0.97815 0.674717 2
0.922417 0.0585517 5
0.942535 0.152128 4
0.911851 0.0123772 7
0.971192 0.620383 2
0.939495 0.144385 4
0.929372 0.065792 5
0.947618 0.288142 3
0.963568 0.576441 2
0.973012 0.633095 2
0.911737 0.00617136 8
0.931427 0.0683851 5
0.903895 0.00251828 9
0.963639 0.369419 3
0.956382 0.325731 3
0.948693 0.171386 4
0.974682 0.645646 2
0.920159 0.0148948 7
0.938721 0.142572 4
0.949412 0.294756 3
0.99223 1 1
0.92144 0.0296119 6
0.897015 0.000491694 11
0.916042 0.0135269 7
0.923226 0.0307155 6
0.907249 0.002742 9
0.946459 0.163779 4
0.980325 0.695247 2
0.896971 0.000235857 12
0.929638 0.0661138 5
0.960238 0.347246 3
0.898677 0.00051562 11
0.936246 0.0754935 5
0.894567 0.000218966 12
0.953603 0.312282 3
0.915279 0.00675698 8
0.918331 0.0142545 7
0.97122 0.620566 2
0.974919 0.647505 2
0.983102 0.724381 2
0.954034 0.314265 3
0.964324 0.374298 3
0.909897 0.00590412 8
0.957878 0.333657 3
0.921374 0.029573 6
0.964558 0.375996 3
0.942464 0.151935 4
0.957148 0.32973 3
0.897615 0.000500112 11
0.971004 0.619123 2
0.954882 0.318278 3
0.963837 0.370816 3
0.908458 0.00283193 9
0.933361 0.0710517 5
0.936095 0.0752475 5
0.982067 0.713124 2
0.975967 0.655931 2
0.912594 0.00630405 8
0.924779 0.0317507 6
0.894442 0.000218147 12
0.954141 0.314764 3
0.907711 0.00277572 9
0.984161 0.736422 2
0.867373 1.5926e-08 23
0.960085 0.346323 3
0.920025 0.0148458 7
0.993276 1 1
0.916446 0.0136498 7
0.941475 0.14931 4
0.938641 0.142388 4
0.983043 1 1
0.964221 0.579683 2
0.900684 0.00485577 8
0.936791 0.138303 4
0.89478 0.00205817 9
0.9481 0.289871 3
0.916722 0.0270849 6
0.967961 0.600057 2
0.87073 4.92588e-06 16
0.95493 0.318507 3
0.926911 0.0629804 5
0.988386 1 1
0.903109 0.00509217 8
0.928365 0.123219 4
0.927124 0.121401 4
0.916313 0.108716 4
0.940744 0.266834 3
0.915959 0.108379 4
0.954907 0.540591 2
0.95956 0.558297 2
0.960213 0.561053 2
0.961844 0.56827 2
0.928574 0.240655 3
0.934533 0.251983 3
0.959942 0.5599 2
0.979565 1 1
0.92694 0.23795 3
0.90902 0.0492369 5
0.927946 0.239597 3
0.935437 0.25393 3
0.868335 4.10761e-07 19
0.905566 0.00535806 8
0.949636 0.295618 3
0.879174 1.39635e-05 15
0.941561 0.149534 4
0.925074 0.0610678 5
0.890257 0.000411896 11
0.89424 0.000961565 10
0.912134 0.012448 7
0.918427 0.0279387 6
0.904062 0.00519189 8
0.879463 3.07744e-05 14
0.936044 0.136744 4
0.928998 0.0653444 5
0.937017 0.138785 4
0.895094 0.0200601 6
0.913164 0.105854 4
0.890517 0.00881652 7
0.957656 0.550653 2
0.957846 0.551389 2
0.930782 0.244568 3
0.98156 1 1
0.902126 0.0459442 5
0.952617 0.533 2
0.931011 0.244992 3
0.982183 1 1
0.904144 0.0468316 5
0.882599 0.00364546 8
0.899707 0.0211336 6
0.907321 0.0483536 5
0.992489 1 1
0.965723 0.587488 2
0.903189 0.0220617 6
0.923458 0.116515 4
0.887007 0.0038737 8
0.944707 0.511359 2
0.904396 0.0469468 5
0.974725 1 1
0.86131 8.70656e-06 15
0.950876 0.527664 2
0.915394 0.107849 4
0.994135 1 1
0.907374 0.0483802 5
0.931883 0.246638 3
0.928828 0.24109 3
0.876995 2.60164e-07 20
0.889338 1.9632e-05 15
0.864839 5.65707e-10 27
0.949122 0.172934 4
0.936122 0.0752906 5
0.904749 0.00126255 10
0.973095 0.633701 2
0.879501 6.29624e-07 19
0.948659 0.171261 4
0.905672 0.00129711 10
0.95849 0.337051 3
0.884479 7.69965e-06 16
0.857031 1.43717e-11 0
0.873899 1.03915e-07 21
0.881137 1.45851e-06 18
0.81887 2.49109e-12 0
0.850504 8.21739e-09 23
0.879685 0.000326164 11
0.855252 1.1787e-07 20
0.925824 0.119588 4
0.871959 2.52898e-05 14
0.87573 0.000136185 12
0.838636 5.75887e-12 0
0.92939 0.124788 4
0.866896 9.95718e-06 15
0.881341 0.000337301 11
0.829357 3.83935e-12 0
0.867062 9.99854e-06 15
0.864104 4.10673e-06 16
0.872632 5.72704e-05 13
0.867249 7.90141e-08 21
0.886821 8.21343e-05 13
0.874796 2.52211e-06 17
0.930839 0.0676189 5
0.95489 0.318316 3
0.906007 0.00540886 8
0.956814 0.327971 3
0.875499 2.58251e-06 17
0.976217 0.657991 2
0.905017 0.00529611 8
0.951557 0.303342 3
0.876205 2.64528e-06 17
0.865239 3.25724e-08 22
0.878519 6.26096e-06 16
0.886821 8.21343e-05 13
55 0 1 3 4 6 7 8 9 10 11 12 13 14 15 16 17 19 20 21 23 24 25 26 27 28 29 30 31 32 33 34 35 36 37 38 39 40 41 42 43 44 45 46 47 48 49 50 51 52 53 54 55 56 57 59 
52 0 1 2 3 4 5 6 7 9 10 11 12 13 14 15 17 18 19 20 21 22 23 25 26 27 28 29 30 31 32 33 34 35 36 37 38 39 40 41 43 44 45 46 47 48 49 53 54 55 57 58 59 
20 2 3 5 10 13 17 18 21 22 23 25 26 28 35 37 44 45 46 54 58 
55 0 1 2 3 4 5 6 7 8 9 10 11 12 13 14 15 17 18 19 20 21 22 23 24 25 26 27 28 29 30 31 32 33 34 35 36 37 38 39 40 41 43 44 45 46 47 48 49 50 53 54 55 57 58 59 
19 2 3 5 10 13 17 18 21 22 23 25 26 28 37 44 45 46 54 58 
42 0 2 3 4 5 10 11 13 14 15 17 18 19 20 21 22 23 25 26 27 28 32 34 35 36 37 38 39 41 43 44 45 46 47 48 49 53 54 55 57 58 59 
48 0 2 3 4 5 6 7 10 11 12 13 14 15 17 18 19 20 21 22 23 24 25 26 27 28 30 32 34 35 36 37 38 39 40 41 43 44 45 46 47 48 49 53 54 55 57 58 59 
52 0 1 2 3 4 5 6 7 9 10 11 12 13 14 15 17 18 19 20 21 23 24 25 26 27 28 29 30 31 32 33 34 35 36 37 38 39 40 41 43 44 45 46 47 48 49 50 53 54 55 57 59 
19 2 3 5 10 13 17 18 21 22 23 25 26 28 37 44 45 46 54 58 
41 0 2 3 4 5 6 7 10 11 13 14 15 17 18 19 20 21 22 23 25 26 27 28 30 32 35 36 37 38 39 41 43 44 45 46 47 49 53 54 58 59 
44 0 2 3 4 5 6 7 10 11 13 14 15 17 18 19 20 21 22 23 25 26 27 28 32 34 35 36 37 38 39 41 43 44 45 46 47 48 49 53 54 55 57 58 59 
56 0 1 2 3 4 5 6 7 8 9 10 11 12 13 14 15 16 17 18 19 20 21 23 24 25 26 27 28 29 30 31 32 33 34 35 36 37 38 39 40 41 42 43 44 45 46 47 48 49 50 51 53 54 55 57 59 
28 2 3 4 5 10 11 13 14 17 18 19 20 21 22 23 25 26 28 35 37 41 44 45 46 49 54 58 59 
47 0 1 2 3 4 5 9 10 11 13 14 15 17 18 19 20 21 22 23 25 26 28 29 31 32 33 34 35 36 37 38 39 40 41 43 44 45 46 47 48 49 53 54 55 57 58 59 
34 0 2 3 4 5 10 11 13 14 15 17 18 19 20 21 22 23 25 26 28 32 34 35 37 39 41 44 45 46 47 49 54 58 59 
