40 15 8e+06
2.60541 124006
1.87641 198792
1.41789 108163
1.42212 185904
1.39724 124257
1.27351 100415
2.55047 159423
2.89198 176210
1.4019 108461
1.54627 148834
2.70261 144103
1.21864 176766
2.92468 179281
1.37354 137459
1.63559 118859
1.61193 147896
1.63546 136625
2.25527 141953
1.10075 153865
2.08529 112025
1.72755 185877
1.23105 129359
1.26388 129849
1.27606 171804
2.37967 187166
1.34671 157915
1.28075 103211
1.60921 160153
2.37082 137690
1.38694 187384
1.66158 157112
2.16867 193833
1.52966 182380
2.3752 199331
1.63167 192551
2.2812 112410
2.01322 136975
1.06775 157021
2.55374 128352
1.011 195303
0.944772 0.278594 3
0.962853 0.57298 2
0.95481 0.540254 2
0.947769 0.288677 3
0.918751 0.0555029 5
0.926301 0.120243 4
0.917427 0.0545081 5
0.956507 0.546314 2
0.904201 0.0107504 7
0.924437 0.0604384 5
0.921617 0.0578466 5
0.924233 0.0602407 5
0.922063 0.0582366 5
0.96019 0.560958 2
0.943261 0.273959 3
0.935437 0.0741886 5
0.893239 0.000100072 13
0.89303 9.93908e-05 13
0.842087 6.74832e-12 0
0.964846 0.378114 3
0.866838 6.96672e-09 24
0.908245 0.00281575 9
0.865172 2.8828e-09 25
0.962727 0.363149 3
0.897771 0.000502331 11
0.894568 0.000218974 12
0.94862 0.171122 4
0.913001 0.00636901 8
0.891006 9.31582e-05 13
0.841797 6.6576e-12 0
0.918655 0.014364 7
0.868551 1.67808e-08 23
0.882742 3.3535e-06 17
0.82619 3.36152e-12 0
0.938027 0.0785466 5
0.862022 2.17658e-10 28
0.879061 1.34363e-06 18
0.853011 1.15753e-11 0
0.931534 0.0685269 5
0.869354 1.73995e-08 23
0.893072 9.95247e-05 13
0.937403 0.0774481 5
0.883847 7.52452e-06 16
0.866087 3.01123e-09 25
0.827954 3.61873e-12 0
0.945105 0.159528 4
0.901584 0.000562603 11
0.901938 0.00116666 10
0.850861 1.03547e-11 0
0.974215 0.642054 2
0.874906 2.38212e-07 20
0.913704 0.00648416 8
0.874062 2.30076e-07 20
0.966792 0.393119 3
0.90393 0.00123322 10
0.902088 0.00117143 10
0.957462 0.331403 3
0.918855 0.0144322 7
0.899228 0.000523997 11
0.850555 1.01945e-11 0
0.955786 0.322711 3
0.894797 0.000974097 10
0.939967 0.14552 4
0.87436 2.48573e-06 17
0.938826 0.142813 4
0.923192 0.0592564 5
0.881254 3.23778e-05 14
0.907631 0.00560501 8
0.915967 0.026726 6
0.877415 6.03989e-06 16
0.956908 0.328464 3
0.971672 0.623642 2
0.887355 0.000178853 12
0.891572 0.000425527 11
0.879416 1.40673e-05 15
0.959571 0.343265 3
0.970833 0.617986 2
0.950152 0.176783 4
0.927682 0.0338985 6
0.937798 0.0781396 5
0.917202 0.00712037 8
0.93311 0.0706927 5
0.940149 0.0825318 5
0.923801 0.0163519 7
0.937669 0.0779129 5
0.921206 0.0152875 7
0.938287 0.0790141 5
0.938516 0.0794299 5
0.967305 0.397294 3
0.923519 0.0162298 7
0.937659 0.140179 4
0.991266 1 1
0.92045 0.0290374 6
0.914177 0.0129881 7
0.931072 0.0679193 5
0.889051 0.000187082 12
0.957666 0.332506 3
0.91523 0.026387 6
0.926705 0.0627577 5
0.966136 0.58972 2
0.892753 0.000438487 11
0.918659 0.0280598 6
0.961459 0.566527 2
0.990425 1 1
0.905883 0.00539446 8
0.957599 0.550431 2
0.897753 0.00460006 8
0.925097 0.118615 4
0.864027 1.81168e-06 17
0.956787 0.547353 2
0.902959 0.0105314 7
0.893544 0.00200851 9
0.893653 0.00201282 9
0.935794 0.254718 3
0.88739 0.000829601 10
0.934291 0.251471 3
0.979336 1 1
0.899496 0.00997393 7
0.89474 0.0043665 8
0.866893 4.42389e-06 16
0.916664 0.0539573 5
0.866844 9.94419e-06 15
0.934522 0.251959 3
0.874647 0.000133135 12
0.891258 0.00412772 8
0.945236 0.280077 3
0.842731 2.08911e-10 27
0.911347 0.0505366 5
0.868884 2.34921e-05 14
0.84183 8.59257e-11 28
0.968637 0.604085 2
0.923384 0.116425 4
0.848571 7.68171e-09 23
0.863701 4.06375e-06 16
0.884703 0.000787085 10
0.948099 0.519856 2
0.986491 1 1
0.93488 0.252722 3
0.923401 0.116445 4
0.934264 0.251416 3
0.903009 0.0220109 6
0.945315 0.512803 2
0.928635 0.123627 4
0.925029 0.118525 4
0.95184 0.530576 2
0.906205 0.0229645 6
0.927714 0.122253 4
0.950059 0.52528 2
0.982873 1 1
0.916623 0.0539284 5
0.949083 0.522528 2
0.962476 0.5712 2
0.95747 0.549937 2
0.944205 0.276824 3
0.922528 0.115381 4
0.927621 0.122118 4
0.918517 0.110912 4
0.955857 0.543943 2
0.907428 0.0233603 6
0.924859 0.118302 4
0.924623 0.117994 4
0.928466 0.12337 4
0.923384 0.116425 4
0.959566 0.558321 2
0.940496 0.266168 3
0.955543 0.542821 2
0.895909 0.00445385 8
0.946384 0.283864 3
0.879832 0.000148965 12
0.934171 0.13304 4
0.931068 0.127504 4
0.879247 0.000147012 12
0.91405 0.0258656 6
0.91093 0.0246025 6
0.876252 6.22649e-05 13
0.965189 0.584659 2
0.967748 0.598808 2
0.885366 0.000367582 11
0.892642 0.00197384 9
0.885497 0.000368652 11
0.940874 0.267183 3
0.889429 0.00401389 8
0.902162 0.0217762 6
0.845957 3.01219e-09 24
0.959599 0.558461 2
0.878559 0.000318978 11
0.896653 0.00956737 7
0.872371 5.69366e-05 13
0.947733 0.518887 2
0.887774 0.00180637 9
0.908609 0.0490187 5
0.959023 0.556081 2
0.901959 0.021721 6
0.886828 0.00177723 9
0.847268 7.34586e-09 23
0.936202 0.137069 4
0.892679 0.000928047 10
0.964863 0.582962 2
0.902656 0.00504606 8
0.904775 0.00526931 8
0.96991 0.611986 2
0.863362 6.81683e-08 21
0.940566 0.146997 4
0.881936 7.17842e-05 13
0.864124 7.01228e-08 21
0.993002 1 1
0.935348 0.135333 4
0.869201 9.44524e-07 18
0.889513 0.00040454 11
0.91213 0.0124472 7
0.958212 0.552824 2
0.898138 0.0443445 5
0.926039 0.236524 3
0.864806 0.000250265 11
0.956533 0.546409 2
0.903931 0.0467356 5
0.893485 0.0197212 6
0.894542 0.019942 6
0.935325 0.492592 2
0.887443 0.0084931 7
0.935286 0.492526 2
0.979976 1 1
0.899455 0.0448515 5
0.895112 0.020064 6
0.867726 0.000262473 11
0.972915 1 1
0.916793 0.10918 4
0.930202 0.243509 3
0.874703 0.00147598 9
0.976906 1 1
0.902286 0.0460125 5
0.91395 0.10654 4
0.900764 0.0453759 5
0.952933 0.534009 2
0.907826 0.101626 4
0.928986 0.241362 3
0.986791 1 1
0.920087 0.228111 3
0.913847 0.10645 4
0.875594 0.00149444 9
0.900606 0.0101447 7
0.851657 4.5676e-08 21
0.919113 0.111535 4
0.862857 3.97605e-06 16
0.876615 0.000138774 12
0.934501 0.251914 3
0.827894 3.60968e-12 0
0.898708 0.00985701 7
0.854801 1.16226e-07 20
0.826922 3.46558e-12 0
0.952057 0.531244 2
0.908191 0.0236166 6
0.833638 4.61385e-12 0
0.848577 7.68324e-09 23
0.873641 0.000130408 12
0.98349 1 1
0.939934 0.264688 3
0.938238 0.260408 3
0.891431 0.00413891 8
0.976838 1 1
0.905905 0.0228701 6
0.932126 0.247106 3
0.913114 0.0515985 5
0.95533 0.542068 2
0.928035 0.122726 4
0.925622 0.119316 4
0.971952 0.625575 2
0.938604 0.261308 3
0.936921 0.257277 3
0.890316 0.00188989 9
0.930126 0.0667155 5
0.950956 0.30086 3
0.896509 0.000484801 11
0.877449 2.7618e-06 17
0.945326 0.160203 4
0.864252 1.39262e-08 23
0.986743 1 1
0.883317 1.5921e-05 15
0.954536 0.316624 3
0.975657 0.653394 2
0.876273 2.65153e-06 17
0.918447 0.0279491 6
0.992625 1 1
0.950884 0.300567 3
0.870449 1.99321e-07 20
0.930633 0.244294 3
0.87107 0.00012387 12
0.919442 0.111885 4
0.854544 6.10797e-07 18
0.919216 0.111644 4
0.910735 0.0501839 5
0.859916 3.69172e-06 16
0.888704 0.00397068 8
0.898708 0.0208873 6
0.855311 6.23672e-07 18
0.944831 0.51165 2
0.948171 0.520048 2
0.865795 2.18867e-05 14
0.867937 5.1736e-05 13
0.860852 8.61478e-06 15
0.937532 0.496475 2
0.974422 1 1
0.941008 0.503217 2
0.944564 0.511022 2
0.916515 0.10891 4
0.912947 0.105668 4
0.926056 0.236549 3
0.944532 0.510948 2
0.905053 0.0472507 5
0.934741 0.252423 3
0.908618 0.102209 4
0.916721 0.10911 4
0.93003 0.2432 3
0.972393 1 1
0.936797 0.49515 2
0.985685 1 1
0.941349 0.26848 3
0.940932 0.267342 3
0.894038 0.000957096 10
0.973871 0.639444 2
0.908358 0.011569 7
0.931357 0.12799 4
0.915897 0.0266935 6
0.952579 0.307713 3
0.927828 0.0639931 5
0.927522 0.0636505 5
0.971726 0.624014 2
0.937843 0.140587 4
0.938262 0.141525 4
0.893002 0.000934801 10
0.920231 0.0566799 5
0.938438 0.141923 4
0.947998 0.289502 3
0.976925 0.663963 2
0.891679 0.000907719 10
0.933067 0.130989 4
0.891713 0.0009084 10
0.972034 0.626141 2
0.876554 1.2915e-05 15
0.900272 0.00481797 8
0.915574 0.0265442 6
0.901686 0.00495051 8
0.895646 0.00209449 9
0.936839 0.138405 4
0.972743 0.631155 2
0.930322 0.243727 3
0.89086 0.00885458 7
0.96437 0.580439 2
0.906783 0.0480842 5
0.898217 0.0207692 6
0.977926 1 1
0.859513 8.3555e-06 15
0.944782 0.511534 2
0.875668 0.000671198 10
0.860969 8.63813e-06 15
0.984185 1 1
0.927909 0.239535 3
0.865242 4.89528e-05 13
0.887773 0.00391681 8
0.917157 0.109537 4
0.941937 0.150523 4
0.908955 0.00577603 8
0.984097 0.735679 2
0.922906 0.0305113 6
0.907647 0.00560703 8
0.97745 0.668506 2
0.874747 1.1434e-06 18
0.96147 0.354902 3
0.885647 3.69406e-05 14
0.8772 2.7378e-06 17
0.974827 0.646783 2
0.933964 0.0719336 5
0.88041 6.66966e-06 16
0.905868 0.00264552 9
0.931728 0.0687852 5
0.911746 0.0061728 8
0.934675 0.0730023 5
0.939171 0.143618 4
0.985249 0.749387 2
0.884122 1.63509e-05 15
0.926671 0.0331174 6
0.887759 3.95159e-05 14
0.965526 0.586436 2
0.869824 8.75581e-08 21
0.897085 0.000492667 11
0.907448 0.00275647 9
0.893175 0.000210092 12
0.891311 9.4055e-05 13
0.933504 0.0712585 5
0.976314 0.658802 2
0.926458 0.0624944 5
0.874178 2.47081e-06 17
0.939633 0.144716 4
0.876557 5.87616e-06 16
0.901687 0.00238907 9
0.943916 0.275934 3
0.851584 2.47218e-11 30
0.913331 0.0127587 7
0.879108 1.39357e-05 15
0.850208 1.00157e-11 0
0.973942 0.639982 2
0.934196 0.133087 4
0.857503 8.97306e-10 26
0.870985 1.00252e-06 18
0.885657 7.94505e-05 13
0.959357 0.557452 2
0.956699 0.547023 2
0.965392 0.585729 2
0.936359 0.255986 3
0.93017 0.243451 3
0.932706 0.248241 3
0.917453 0.109831 4
0.955173 0.541517 2
0.913089 0.0515828 5
0.921991 0.114744 4
0.933773 0.250396 3
0.938888 0.262016 3
0.922851 0.115771 4
0.953425 0.535601 2
0.934861 0.252681 3
0.952915 0.309188 3
0.948037 0.16907 4
0.97256 0.629846 2
0.943377 0.154459 4
0.921526 0.0296628 6
0.94199 0.150662 4
0.907278 0.0027441 9
0.966041 0.589208 2
0.903587 0.00122129 10
0.912259 0.00625153 8
0.938653 0.142416 4
0.933951 0.0719138 5
0.912528 0.00629357 8
0.945001 0.159211 4
0.943733 0.155472 4
0.919278 0.227088 3
0.948157 0.52001 2
0.939839 0.500858 2
0.972164 1 1
0.893602 0.0197452 6
0.921251 0.22963 3
0.900542 0.0452856 5
0.95919 0.556764 2
0.88041 0.00354313 8
0.910099 0.10334 4
0.906765 0.100865 4
0.899696 0.0449465 5
0.904044 0.09902 4
0.947031 0.517064 2
0.962508 1 1
0.930171 0.243454 3
0.957034 0.548277 2
0.946451 0.515593 2
0.961218 0.565443 2
0.904679 0.0470772 5
0.923286 0.116303 4
0.909341 0.0494098 5
0.958858 0.555411 2
0.891187 0.00889123 7
0.918095 0.110478 4
0.912872 0.105604 4
0.910113 0.0498338 5
0.913259 0.105936 4
0.955348 0.542133 2
0.954019 0.537566 2
0.948794 0.171747 4
0.927548 0.0337922 6
0.991402 1 1
0.937413 0.0774662 5
0.914248 0.00657598 8
0.962443 0.361251 3
0.889826 4.2324e-05 14
0.972937 0.632554 2
0.893761 0.000101807 13
0.893584 0.000101213 13
0.956851 0.328163 3
0.93469 0.0730264 5
0.895307 0.000223948 12
0.924507 0.0315641 6
0.9432 0.153962 4
0.939319 0.143967 4
0.908134 0.0115213 7
0.98276 1 1
0.924741 0.0607364 5
0.905036 0.00529825 8
0.98008 0.692847 2
0.873194 2.39227e-06 17
0.963526 0.576235 2
0.883196 7.4235e-05 13
0.875915 5.75825e-06 16
0.972661 0.630566 2
0.931024 0.12743 4
0.8788 1.3806e-05 15
0.905092 0.00530447 8
0.933964 0.132649 4
0.950422 0.298702 3
0.98051 1 1
0.927854 0.12246 4
0.910644 0.0244945 6
0.943775 0.275505 3
0.895098 0.00207136 9
0.956523 0.546372 2
0.917632 0.0546584 5
0.937012 0.257487 3
0.960509 0.562331 2
0.902139 0.0103927 7
0.931622 0.128441 4
0.961943 0.568724 2
0.977922 0.672671 2
0.904222 0.0107543 7
0.955156 0.319604 3
0.91463 0.0261185 6
0.910296 0.0120022 7
0.861683 2.83276e-08 22
0.988236 1 1
0.881282 3.24034e-05 14
0.925092 0.0610859 5
0.883537 7.49228e-05 13
0.974718 0.645931 2
0.915939 0.0267132 6
0.90633 0.00544683 8
0.96267 0.572113 2
0.930615 0.126753 4
0.912246 0.0124765 7
0.860702 2.72915e-08 22
0.956103 0.544832 2
0.955032 0.541023 2
0.918968 0.111382 4
0.888739 0.00862574 7
0.966104 0.589549 2
0.88592 0.0038144 8
0.960863 0.563872 2
0.901294 0.0215427 6
0.962536 0.571481 2
0.955666 0.543259 2
0.900357 0.0212986 6
0.943416 0.508393 2
0.967539 1 1
0.953076 0.534468 2
0.884066 0.00371795 8
0.955991 0.323741 3
0.918377 0.0279125 6
0.989912 1 1
0.92007 0.0288236 6
0.921132 0.0574306 5
0.96308 0.574067 2
0.886415 0.000174559 12
0.956374 0.325689 3
0.898861 0.00224157 9
0.888119 0.000182478 12
0.972961 0.632724 2
0.946864 0.285502 3
0.892266 0.000919544 10
0.91513 0.026342 6
0.926509 0.0625489 5
0.917723 0.110101 4
0.890117 0.00877258 7
0.960693 0.563127 2
0.921209 0.113838 4
0.884416 0.00373573 8
0.996588 1 1
0.853789 5.98495e-07 18
0.957543 0.550216 2
0.862881 2.05288e-05 14
0.857133 3.44981e-06 16
0.96202 0.56908 2
0.911123 0.0504064 5
0.85916 8.28901e-06 15
0.887306 0.00389043 8
0.933647 0.250136 3
0.936849 0.257108 3
0.878048 6.50283e-05 13
0.931342 0.127965 4
0.865659 1.89835e-06 17
0.919744 0.056285 5
0.923586 0.116675 4
0.862965 7.76301e-07 18
0.900661 0.0101534 7
0.89782 0.0046056 8
0.859437 1.34758e-07 20
0.958162 0.552626 2
0.951472 0.52945 2
0.868946 4.68219e-06 16
0.874846 2.71944e-05 14
0.872457 2.56022e-05 14
0.940161 0.265282 3
0.880108 0.0001499 12
0.928126 0.122862 4
0.862688 7.69879e-07 18
0.926604 0.120664 4
0.91692 0.0541407 5
0.867837 4.53988e-06 16
0.89674 0.00451848 8
0.90512 0.0109196 7
0.863563 7.90439e-07 18
0.951472 0.302986 3
0.957144 0.548693 2
0.873807 2.64823e-05 14
0.876935 6.32925e-05 13
0.868651 4.64362e-06 16
22 1 2 3 4 7 8 11 12 13 14 15 16 19 23 24 26 31 32 36 37 38 39 
38 0 1 2 3 4 5 7 8 9 10 11 12 13 14 15 16 17 19 20 21 22 23 24 25 26 27 28 29 30 31 32 33 34 35 36 37 38 39 
18 2 4 7 8 11 12 13 14 16 19 23 24 26 32 36 37 38 39 
37 0 4 5 6 7 8 9 10 11 12 13 14 15 16 17 18 19 20 21 22 23 24 25 26 27 28 29 30 31 32 33 34 35 36 37 38 39 
26 1 2 3 4 7 8 11 12 13 14 15 16 17 19 21 23 24 26 28 31 32 34 36 37 38 39 
19 1 2 3 4 7 8 11 12 13 14 15 16 19 23 26 34 37 38 39 
39 0 1 2 3 4 5 6 7 8 9 10 11 12 13 14 15 17 18 19 20 21 22 23 24 25 26 27 28 29 30 31 32 33 34 35 36 37 38 39 
24 1 3 4 7 8 11 12 13 14 15 16 17 19 21 23 24 26 31 32 34 36 37 38 39 
39 0 1 2 3 4 5 6 7 8 9 10 11 12 13 14 15 16 17 19 20 21 22 23 24 25 26 27 28 29 30 31 32 33 34 35 36 37 38 39 
38 0 1 2 3 4 5 6 7 8 9 10 11 12 13 14 15 17 18 19 20 21 22 23 24 25 27 28 29 30 31 32 33 34 35 36 37 38 39 
12 2 4 7 8 11 12 14 16 19 26 38 39 
16 1 2 3 4 7 8 11 12 13 14 16 19 23 26 38 39 
39 0 1 2 3 4 5 6 7 8 9 10 11 12 13 14 15 17 18 19 20 21 22 23 24 25 26 27 28 29 30 31 32 33 34 35 36 37 38 39 
39 0 1 2 3 4 5 6 7 8 9 10 11 12 13 14 15 16 17 19 20 21 22 23 24 25 26 27 28 29 30 31 32 33 34 35 36 37 38 39 
19 4 7 8 11 12 13 14 15 16 19 23 24 26 31 32 36 37 38 39 
