70 15 8e+06
1.27759 159212
1.65071 112281
1.54657 130621
1.4318 167157
2.23472 195483
1.37549 118945
1.82106 171919
1.21433 132109
1.90415 145167
1.9184 135624
2.93626 128814
2.82145 105623
2.66987 110977
1.86437 187205
2.38983 106123
1.6545 173550
2.94366 114466
1.5517 160431
2.67131 153214
1.08687 186700
2.1913 126121
1.96866 108572
1.57075 178891
2.30857 153565
1.48059 106559
2.36117 185401
1.38362 139720
1.39884 172264
2.69016 107503
1.85382 102418
1.02999 177934
2.15652 178381
1.25247 193104
1.77602 105549
2.03513 196842
1.23141 133007
1.86051 165110
2.21352 177854
2.66468 137410
1.17727 180154
2.47166 180789
1.15785 161452
1.23406 174308
2.91104 136168
2.29208 103934
1.56209 183750
1.34645 147801
1.24812 100811
1.3532 103986
1.03882 182508
1.62388 169393
1.67406 178140
1.3563 194406
2.102 196376
1.12279 139061
2.62923 196129
1.41404 115751
2.99813 111602
2.23292 154729
2.89899 136254
1.98723 126808
1.51767 109959
1.08426 188363
1.4136 160866
1.74265 166671
1.1329 196580
1.27396 102060
2.17466 130116
1.72396 183061
1.5344 183345
0.944027 0.509779 2
0.956813 0.547449 2
0.911643 0.0507096 5
0.923885 0.11705 4
0.930529 0.244103 3
0.925825 0.11959 4
0.945473 0.513185 2
0.937832 0.259425 3
0.925642 0.119343 4
0.942492 0.271704 3
0.978318 1 1
0.939293 0.263036 3
0.958384 0.553507 2
0.919195 0.111623 4
0.993923 1 1
0.945403 0.280616 3
0.934344 0.251583 3
0.890532 0.00189739 9
0.934778 0.252503 3
0.920946 0.0572739 5
0.905759 0.0228245 6
0.948276 0.29051 3
0.917491 0.0545549 5
0.905578 0.0227684 6
0.950451 0.526415 2
0.961413 0.566318 2
0.92328 0.116295 4
0.940197 0.265377 3
0.899455 0.00996782 7
0.973468 0.636439 2
0.871794 2.51877e-05 14
0.883945 0.000356323 11
0.840643 6.31146e-12 0
0.870332 1.08733e-05 15
0.925556 0.119227 4
0.87692 6.32691e-05 13
0.957703 0.550836 2
0.885058 0.000792443 10
0.876776 6.30512e-05 13
0.879624 0.000148265 12
0.916841 0.0540835 5
0.905965 0.0228888 6
0.872868 2.5865e-05 14
0.87334 2.61722e-05 14
0.913045 0.0515556 5
0.967995 0.600256 2
0.948495 0.170679 4
0.913161 0.0063948 8
0.941546 0.149495 4
0.906611 0.00133399 10
0.91212 0.00622997 8
0.921153 0.0152673 7
0.9233 0.0161359 7
0.911955 0.00312479 9
0.961478 0.354952 3
0.953744 0.312928 3
0.918377 0.0142699 7
0.97058 0.616316 2
0.905443 0.00128839 10
0.967873 0.599538 2
0.987206 1 1
0.91623 0.0536517 5
0.885804 0.00174681 9
0.974694 1 1
0.880595 0.000729829 10
0.881036 0.000735573 10
0.902867 0.0219711 6
0.891902 0.00416963 8
0.880875 0.000733471 10
0.995009 1 1
0.925297 0.11888 4
0.888852 0.00184082 9
0.94211 0.270611 3
0.874584 0.000132961 12
0.940068 0.265039 3
0.981089 0.702923 2
0.936822 0.0764545 5
0.90545 0.00128867 10
0.952973 0.309448 3
0.895004 0.000106139 13
0.900474 0.000543826 11
0.911804 0.00311112 9
0.91135 0.00307038 9
0.900314 0.000541206 11
0.972882 0.632155 2
0.941481 0.149326 4
0.906127 0.00131477 10
0.963228 0.366568 3
0.893898 0.000102271 13
0.955908 0.323322 3
0.947988 0.168901 4
0.92662 0.0330787 6
0.884045 1.63093e-05 15
0.941309 0.148881 4
0.913235 0.00640678 8
0.897528 0.000498867 11
0.942691 0.152553 4
0.909165 0.00580405 8
0.897349 0.000496343 11
0.955447 0.321027 3
0.952548 0.307576 3
0.914823 0.0131697 7
0.935342 0.0740386 5
0.891253 0.000198797 12
0.964833 0.582809 2
0.861725 8.7907e-06 15
0.874851 0.000297285 11
0.832322 4.35811e-12 0
0.860844 8.61332e-06 15
0.91963 0.112087 4
0.869716 0.000120655 12
0.948032 0.519677 2
0.877289 0.000689431 10
0.869581 0.000120341 12
0.869649 0.000120498 12
0.907042 0.0482135 5
0.898773 0.0209032 6
0.863001 2.05818e-05 14
0.8665 5.022e-05 13
0.902737 0.0219348 6
0.883907 0.00370994 8
0.876605 0.000681623 10
0.832999 2.54122e-11 29
0.889195 0.00867365 7
0.903015 0.0463279 5
0.861766 2.00442e-05 14
0.941715 0.504691 2
0.871308 0.000278981 11
0.861607 1.99768e-05 14
0.894719 0.0199797 6
0.909797 0.0496588 5
0.888443 0.00859498 7
0.873471 0.000289898 11
0.857246 3.45916e-06 16
0.911397 0.104375 4
0.884288 0.000165481 12
0.922048 0.0582235 5
0.879531 3.08336e-05 14
0.872133 2.31172e-06 17
0.973246 0.634804 2
0.921672 0.0578946 5
0.980738 0.699374 2
0.929139 0.124398 4
0.921532 0.0577732 5
0.886789 0.000176244 12
0.950825 0.300325 3
0.95253 0.307499 3
0.901779 0.00495948 8
0.918359 0.027903 6
0.939872 0.145291 4
0.939386 0.49997 2
0.931315 0.24556 3
0.886774 0.00386085 8
0.930531 0.244106 3
0.923652 0.232949 3
0.904655 0.0470658 5
0.953445 0.535668 2
0.916285 0.108689 4
0.904474 0.0469825 5
0.945213 0.512558 2
0.960933 0.564184 2
0.92398 0.233424 3
0.934757 0.252459 3
0.898505 0.0208383 6
0.970891 1 1
0.950392 0.526245 2
0.915242 0.107709 4
0.874628 0.000296063 11
0.950921 0.527797 2
0.901098 0.0214911 6
0.885436 0.00378868 8
0.932282 0.24741 3
0.896929 0.00960511 7
0.88526 0.00173109 9
0.961554 0.566953 2
0.939388 0.26328 3
0.902126 0.0217663 6
0.92759 0.239008 3
0.879195 0.000712166 10
0.951976 0.530994 2
0.947436 0.518109 2
0.970822 1 1
0.931965 0.246797 3
0.919906 0.112386 4
0.919721 0.112186 4
0.93316 0.249149 3
0.92469 0.234468 3
0.944256 0.510306 2
0.932996 0.248819 3
0.939361 0.499921 2
0.965024 0.583798 2
0.935758 0.254638 3
0.982247 1 1
0.926358 0.237024 3
0.973155 1 1
0.955827 0.543835 2
0.961866 0.568372 2
0.931731 0.246349 3
0.925913 0.11971 4
0.907459 0.0233704 6
0.92406 0.117271 4
0.913578 0.0518889 5
0.934334 0.251562 3
0.923909 0.117081 4
0.945048 0.279474 3
0.952421 0.532381 2
0.923821 0.116969 4
0.990652 1 1
0.917453 0.109831 4
0.962139 0.569629 2
0.878767 6.6194e-05 13
0.873735 2.64339e-05 14
0.830238 3.98568e-12 0
0.883682 0.000354311 11
0.902945 0.010529 7
0.860215 1.38268e-07 20
0.94071 0.26674 3
0.869491 4.75462e-06 16
0.86006 1.37556e-07 20
0.889346 0.000863526 10
0.906945 0.0112748 7
0.887323 0.000828493 10
0.869509 4.757e-06 16
0.855881 2.28782e-08 22
0.90777 0.0234741 6
0.89533 0.0201113 6
0.951899 0.530758 2
0.997962 1 1
0.866017 0.000255207 11
0.896086 0.0435917 5
0.945795 0.513968 2
0.879168 0.00348791 8
0.945072 0.512223 2
0.945807 0.513999 2
0.883157 0.00808891 7
0.916995 0.224335 3
0.920468 0.228602 3
0.941911 0.505106 2
0.9432 0.50791 2
0.91448 0.107013 4
0.970755 1 1
0.947536 0.518369 2
0.918755 0.111159 4
0.940121 0.501417 2
0.898437 0.0208217 6
0.910308 0.0499426 5
0.909919 0.0497261 5
0.920756 0.113326 4
0.910155 0.0498572 5
0.959246 0.556995 2
0.944727 0.511405 2
0.912432 0.105231 4
0.977241 1 1
0.903744 0.0466511 5
0.9574 0.549667 2
0.946243 0.515074 2
0.972034 1 1
0.938014 0.259864 3
0.917275 0.109653 4
0.915229 0.107696 4
0.93382 0.250492 3
0.91788 0.110259 4
0.944214 0.510209 2
0.933667 0.250178 3
0.936486 0.256274 3
0.958649 0.554568 2
0.932859 0.248545 3
0.989256 1 1
0.92713 0.238257 3
0.965544 0.586536 2
0.941704 0.149907 4
0.963563 0.368892 3
0.917899 0.0141112 7
0.91963 0.0147038 7
0.932401 0.0696992 5
0.93172 0.0687736 5
0.943092 0.153659 4
0.943764 0.155562 4
0.931537 0.0685307 5
0.938563 0.14221 4
0.980865 0.70065 2
0.943406 0.154543 4
0.962676 0.362808 3
0.924996 0.0319012 6
0.993039 1 1
0.890524 0.00881725 7
0.885444 0.0037891 8
0.841392 1.42189e-08 22
0.893901 0.0198072 6
0.910869 0.103948 4
0.870249 0.000273909 11
0.950465 0.526457 2
0.879969 0.00159253 9
0.870088 0.000273151 11
0.900741 0.0453663 5
0.91898 0.111395 4
0.896944 0.0204715 6
0.881829 0.00360874 8
0.865612 0.000111745 12
0.920432 0.228556 3
0.858338 5.69854e-08 21
0.901397 0.00492278 8
0.863842 3.52964e-07 19
0.846694 4.53748e-11 29
0.965082 0.584101 2
0.910703 0.0245166 6
0.953778 0.536764 2
0.914841 0.0262121 6
0.910608 0.0244809 6
0.860714 1.40585e-07 20
0.924903 0.0608967 5
0.939461 0.263464 3
0.87793 6.48406e-05 13
0.909395 0.0240371 6
0.913011 0.0254271 6
0.913828 0.0128924 7
0.907118 0.00554153 8
0.862326 2.52652e-09 25
0.913399 0.0127767 7
0.920569 0.0291049 6
0.887341 8.33845e-05 13
0.960433 0.348432 3
0.898029 0.00105335 10
0.887169 8.29666e-05 13
0.923015 0.0305802 6
0.940533 0.146913 4
0.91195 0.0062038 8
0.905915 0.00264869 9
0.882007 1.52578e-05 15
0.944469 0.157617 4
0.851737 1.08319e-11 0
0.916282 0.0135995 7
0.892144 0.000203899 12
0.832755 4.44029e-12 0
0.963 0.573684 2
0.943649 0.155231 4
0.922589 0.0303119 6
0.940782 0.147537 4
0.94365 0.155233 4
0.849269 9.55197e-12 0
0.921038 0.0293752 6
0.95765 0.33242 3
0.885215 3.6447e-05 14
0.945946 0.162138 4
0.906556 0.00547356 8
0.895002 0.0200403 6
0.915797 0.108226 4
0.870863 0.00062229 10
0.887208 0.00846962 7
0.950846 0.527574 2
0.90647 0.0479298 5
0.991699 1 1
0.915682 0.108117 4
0.906311 0.0478521 5
0.900159 0.0451309 5
0.94971 0.524286 2
0.935508 0.254086 3
0.90288 0.0462691 5
0.902162 0.0459594 5
0.944277 0.510355 2
0.926973 0.0333467 6
0.938139 0.141246 4
0.891679 9.51572e-05 13
0.915102 0.0132495 7
0.939758 0.145016 4
0.916153 0.0135604 7
0.967929 0.599865 2
0.927588 0.0338236 6
0.915972 0.0135056 7
0.930596 0.0673078 5
0.972493 0.629374 2
0.938451 0.141953 4
0.933197 0.0708166 5
0.910271 0.00595663 8
0.975583 0.652798 2
0.955195 0.319791 3
0.960749 0.35037 3
0.93403 0.0720306 5
0.924648 0.0316607 6
0.904312 0.00124674 10
0.923181 0.0306863 6
0.909497 0.00291367 9
0.933048 0.0706045 5
0.923037 0.0305943 6
0.943435 0.154623 4
0.948541 0.170841 4
0.921324 0.015333 7
0.99362 1 1
0.916672 0.0137193 7
0.957789 0.333171 3
0.907711 0.00277572 9
0.929249 0.0656436 5
0.883231 1.58761e-05 15
0.897307 0.000495765 11
0.952645 0.308001 3
0.915911 0.0134873 7
0.988472 1 1
0.926125 0.0327103 6
0.91574 0.0134364 7
0.9117 0.00616574 8
0.96429 0.58003 2
0.943278 0.15418 4
0.917398 0.0139484 7
0.910931 0.0060515 8
0.959467 0.342655 3
0.886879 0.00843697 7
0.929895 0.242958 3
0.887756 0.00852463 7
0.872736 0.000640517 10
0.981178 1 1
0.930733 0.244478 3
0.975859 1 1
0.938192 0.497695 2
0.930592 0.244218 3
0.888217 0.00857163 7
0.95659 0.546619 2
0.961889 0.568478 2
0.907731 0.0485619 5
0.927353 0.238619 3
0.944126 0.510005 2
0.903552 0.0106346 7
0.9458 0.281916 3
0.900682 0.0101566 7
0.88733 0.000828612 10
0.970965 0.618863 2
0.938287 0.260529 3
0.973789 0.638831 2
0.948135 0.289996 3
0.938117 0.260115 3
0.903864 0.0106899 7
0.975545 1 1
0.96682 0.593503 2
0.9255 0.119152 4
0.93345 0.249736 3
0.962504 0.571332 2
0.855265 2.23856e-08 22
0.916205 0.0536341 5
0.887865 0.000837592 10
0.837532 5.47964e-12 0
0.971266 0.62088 2
0.939223 0.262859 3
0.93175 0.12866 4
0.938532 0.261131 3
0.939191 0.262777 3
0.853735 9.22777e-09 23
0.925556 0.119227 4
0.959176 0.556705 2
0.886232 0.000810728 10
0.940341 0.265758 3
0.911091 0.0246638 6
0.893265 0.000940371 10
0.940108 0.265141 3
0.8974 0.00217224 9
0.877188 2.89189e-05 14
0.981913 1 1
0.939571 0.263746 3
0.971408 0.621842 2
0.947812 0.288833 3
0.939418 0.263355 3
0.893477 0.000944896 10
0.96542 0.585877 2
0.97056 0.616184 2
0.916901 0.0271713 6
0.935653 0.135945 4
0.951735 0.304091 3
0.979596 0.688153 2
0.938836 0.0800198 5
0.907843 0.00278555 9
0.95069 0.178867 4
0.895728 0.000226862 12
0.902297 0.000575226 11
0.911599 0.00309258 9
0.913114 0.00638717 8
0.902137 0.000572366 11
0.970452 0.615481 2
0.942289 0.151462 4
0.907365 0.00275038 9
0.965763 0.385027 3
0.895717 0.000226789 12
0.956498 0.326332 3
0.956814 0.547454 2
0.915897 0.0534205 5
0.876627 0.000307316 11
0.956945 0.547945 2
0.897501 0.00968423 7
0.884784 0.00171758 9
0.927079 0.121336 4
0.896262 0.00951465 7
0.884609 0.00171268 9
0.96831 0.602124 2
0.937611 0.258898 3
0.899951 0.010043 7
0.930756 0.244521 3
0.878459 0.000318353 11
0.951077 0.528264 2
0.915702 0.108136 4
0.99197 1 1
0.945621 0.513545 2
0.889722 0.00403159 8
0.94016 0.265279 3
0.965358 0.585546 2
0.928183 0.239993 3
0.97697 1 1
0.965182 0.584624 2
0.908547 0.048986 5
0.967242 0.595891 2
0.962704 0.572276 2
0.95824 0.552936 2
0.95829 0.553132 2
0.96027 0.561299 2
0.976256 0.658321 2
0.926584 0.0626289 5
0.891294 0.000199029 12
0.961861 0.357421 3
0.894877 0.00046366 11
0.892107 0.000203684 12
0.917735 0.0140574 7
0.903398 0.00248802 9
0.891939 0.000202703 12
0.981048 0.702504 2
0.939741 0.144974 4
0.902215 0.00241879 9
0.947901 0.289153 3
0.88558 3.68634e-05 14
0.954732 0.317555 3
0.963456 0.57589 2
0.898822 0.00468985 8
0.865438 3.72072e-07 19
0.982247 1 1
0.873472 1.18338e-05 15
0.865772 8.46071e-07 18
0.901748 0.00495652 8
0.876837 2.86491e-05 14
0.865606 8.41701e-07 18
0.979764 0.689778 2
0.914567 0.0260906 6
0.877602 2.9243e-05 14
0.920675 0.057046 5
0.859457 2.60483e-08 22
0.9287 0.123724 4
0.871443 2.07175e-07 20
0.944871 0.158817 4
0.926801 0.0628607 5
0.84822 9.06431e-12 0
0.953151 0.31024 3
0.979771 0.689842 2
0.917428 0.013958 7
0.972887 0.632191 2
0.979811 0.690223 2
0.865968 1.4981e-08 23
0.935287 0.0739513 5
0.971901 0.62522 2
0.911788 0.00617916 8
0.982755 0.72055 2
0.921963 0.0299256 6
0.982885 1 1
0.923447 0.0594939 5
0.890509 0.000885032 10
0.966754 0.593134 2
0.889051 0.000400084 11
0.888405 0.000394013 11
0.911152 0.0246872 6
0.899496 0.00474841 8
0.888241 0.000392492 11
0.986993 1 1
0.934093 0.132891 4
0.897138 0.00216023 9
0.947346 0.28718 3
0.881896 7.17089e-05 13
0.949013 0.293242 3
0.931547 0.245998 3
0.96776 0.598877 2
0.91994 0.112423 4
0.909909 0.0497209 5
0.942167 0.505651 2
0.939907 0.264617 3
0.948498 0.520928 2
0.952109 0.531404 2
0.93972 0.264132 3
0.928518 0.24056 3
0.990568 1 1
0.953659 0.53637 2
0.957159 0.548751 2
0.933261 0.249352 3
0.989561 1 1
0.917747 0.110125 4
0.962337 0.570551 2
0.973564 1 1
0.88763 0.00390869 8
0.8985 0.0208371 6
0.93918 0.262751 3
0.888976 0.00398677 8
0.943506 0.508594 2
0.939118 0.262593 3
0.904964 0.0472094 5
0.92923 0.241785 3
0.921575 0.11426 4
0.964507 0.581132 2
0.934386 0.251672 3
0.930283 0.243656 3
0.919254 0.111685 4
0.940771 0.502731 2
0.893941 0.0198156 6
0.906069 0.0477345 5
0.949457 0.523571 2
0.922572 0.231423 3
0.974919 1 1
0.9337 0.250245 3
0.922392 0.231174 3
0.921863 0.230451 3
0.976566 1 1
0.946869 0.516651 2
0.930791 0.244584 3
0.916945 0.109329 4
0.973532 1 1
0.919998 0.112487 4
0.974093 1 1
0.96914 1 1
0.890297 0.00879223 7
0.909316 0.0493967 5
0.947916 0.519369 2
0.899561 0.0210971 6
0.953668 0.536398 2
0.947829 0.51914 2
0.908372 0.0488942 5
0.940095 0.265109 3
0.932394 0.247628 3
0.968984 1 1
0.942447 0.506256 2
0.940079 0.265067 3
0.917774 0.0276042 6
0.915759 0.0266294 6
0.870462 9.85003e-07 18
0.914177 0.0129881 7
0.92749 0.0636152 5
0.895751 0.000996302 10
0.966247 0.590328 2
0.906599 0.00547875 8
0.895576 0.000992164 10
0.925611 0.0616113 5
0.949589 0.295437 3
0.920149 0.0288676 6
0.913436 0.0127865 7
0.890308 0.000412414 11
0.953145 0.310211 3
0.889478 0.00870367 7
0.884202 0.00372481 8
0.84021 5.81865e-09 23
0.893096 0.0196417 6
0.909903 0.103187 4
0.869115 0.000268662 11
0.949356 0.523289 2
0.8788 0.00156503 9
0.868955 0.000267933 11
0.899767 0.0449749 5
0.917697 0.110075 4
0.895834 0.0202219 6
0.8806 0.00355177 8
0.864502 0.000109528 12
0.919132 0.111556 4
0.925537 0.235747 3
0.992999 1 1
0.944668 0.511267 2
0.8988 0.0209096 6
0.933196 0.24922 3
0.955283 0.541903 2
0.926776 0.237687 3
0.966455 0.591474 2
0.955116 0.541317 2
0.917828 0.110207 4
0.968398 1 1
0.953786 0.53679 2
0.968361 1 1
0.948324 0.520459 2
0.965674 0.587231 2
0.835316 4.96569e-12 0
0.896636 0.00213763 9
0.873365 5.32382e-06 16
0.818019 2.40714e-12 0
0.949116 0.29363 3
0.923513 0.0595558 5
0.91259 0.0252546 6
0.920373 0.0567964 5
0.923525 0.0595669 5
0.833791 4.64464e-12 0
0.90393 0.00517788 8
0.937878 0.140664 4
0.866548 3.86241e-07 19
0.926245 0.0622689 5
0.889796 0.00040731 11
0.955401 0.3208 3
0.948926 0.292915 3
0.906999 0.00552701 8
0.935535 0.135708 4
0.919169 0.0283301 6
0.915768 0.0134448 7
0.937314 0.139425 4
0.927559 0.0636911 5
0.91559 0.0133921 7
0.954448 0.316205 3
0.966072 0.589372 2
0.927611 0.0637497 5
0.959408 0.34231 3
0.909125 0.00579875 8
0.981503 0.707194 2
0.853604 3.17526e-06 16
0.896293 0.0203239 6
0.859316 1.9041e-05 14
0.842392 1.46635e-08 22
0.959967 0.560005 2
0.906345 0.0478685 5
0.949166 0.522758 2
0.910113 0.10335 4
0.906255 0.0478249 5
0.856159 7.7553e-06 15
0.919557 0.112009 4
0.934564 0.252049 3
0.872841 0.000641569 10
0.905278 0.0473566 5
0.907807 0.048601 5
0.949183 0.522806 2
0.959869 0.559592 2
0.941368 0.503962 2
0.918128 0.225677 3
0.899321 0.0447993 5
0.923702 0.233021 3
0.901528 0.0456916 5
0.932506 0.247847 3
0.923575 0.232839 3
0.936095 0.493916 2
0.941314 0.503849 2
0.917979 0.225498 3
0.992531 1 1
0.917476 0.2249 3
0.948973 0.522226 2
0.858189 6.7552e-07 18
0.896038 0.0094848 7
0.857124 2.86213e-07 19
0.848383 7.632e-09 23
0.957063 0.548389 2
0.902486 0.0218653 6
0.955918 0.544163 2
0.907383 0.0233451 6
0.902382 0.0218365 6
0.861609 1.69377e-06 17
0.922001 0.114756 4
0.931765 0.246412 3
0.874552 0.000132873 12
0.900789 0.0101735 7
0.911297 0.0505073 5
0.846416 8.2946e-12 0
0.903507 0.00513326 8
0.874407 5.49492e-06 16
0.830427 4.0179e-12 0
0.963481 0.576014 2
0.924969 0.0609628 5
0.929277 0.0656776 5
0.924591 0.0605887 5
0.924937 0.0609304 5
0.84593 8.10077e-12 0
0.916012 0.026747 6
0.946085 0.28286 3
0.874741 5.5516e-06 16
0.926112 0.0621293 5
0.902011 0.00498208 8
0.887354 0.000829007 10
0.95331 0.535226 2
0.918426 0.0552539 5
0.866304 4.35386e-06 16
0.97438 0.643315 2
0.967171 0.595485 2
0.942875 0.272819 3
0.972746 0.63118 2
0.967036 0.594721 2
0.883923 0.000775537 10
0.957992 0.551958 2
0.998115 1 1
0.922152 0.114933 4
0.963932 0.578236 2
0.94321 0.273808 3
0.898719 0.02089 6
0.934159 0.251195 3
0.889365 0.00401002 8
0.885351 0.00173369 9
0.968933 0.605883 2
0.927451 0.23878 3
0.985522 1 1
0.936688 0.256738 3
0.92729 0.238516 3
0.900758 0.0214022 6
0.965807 0.587944 2
0.957051 0.548342 2
0.915991 0.108409 4
0.923051 0.116014 4
0.955375 0.542229 2
0.907569 0.00559733 8
0.962031 0.358532 3
0.916967 0.0138117 7
0.887404 8.35368e-05 13
0.966106 0.589558 2
0.953475 0.311699 3
0.956623 0.326973 3
0.964413 0.580658 2
0.953292 0.310874 3
0.905179 0.00259971 9
0.981611 0.708314 2
0.977201 0.666333 2
0.937248 0.139282 4
0.947866 0.289026 3
0.966219 0.590174 2
0.951197 0.528622 2
0.903537 0.0106319 7
0.86524 4.23159e-06 16
0.960985 0.564414 2
0.887574 0.000832689 10
0.872947 2.59165e-05 14
0.919269 0.0559073 5
0.884278 0.000780739 10
0.872775 2.58052e-05 14
0.965674 0.587231 2
0.925543 0.11921 4
0.888629 0.00183358 9
0.919245 0.0558884 5
0.866729 4.40422e-06 16
0.938469 0.260974 3
0.893205 0.00093909 10
0.890855 0.000418002 11
0.846514 8.33427e-12 0
0.894963 0.000977902 10
0.916616 0.0270338 6
0.875921 5.75928e-06 16
0.956614 0.326926 3
0.885675 0.000171301 12
0.875759 5.73005e-06 16
0.902828 0.00506343 8
0.924665 0.0606617 5
0.902802 0.00506087 8
0.886396 0.00017447 12
0.871266 1.01214e-06 18
0.925638 0.0616391 5
0.881241 0.00162366 9
0.942691 0.506787 2
0.907418 0.0484027 5
0.86198 8.84323e-06 15
0.985506 1 1
0.956719 0.5471 2
0.94808 0.519806 2
0.961115 0.564988 2
0.956607 0.546682 2
0.879045 0.000710322 10
0.953317 0.535248 2
0.986571 1 1
0.913002 0.0515294 5
0.954538 0.539321 2
0.938328 0.26063 3
0.894107 0.0198502 6
0.956327 0.54565 2
0.991129 1 1
0.865096 0.000251435 11
0.902888 0.0462726 5
0.953701 0.53651 2
0.884388 0.00819998 7
0.952433 0.532417 2
0.953719 0.536567 2
0.882592 0.00803916 7
0.921525 0.229995 3
0.927514 0.238883 3
0.941506 0.50425 2
0.951175 0.528554 2
0.917797 0.225281 3
0.93913 0.262624 3
0.941393 0.268602 3
0.895972 0.0094761 7
0.925778 0.119527 4
0.930438 0.243937 3
0.914472 0.0524638 5
0.955378 0.542239 2
0.926259 0.120185 4
0.914289 0.0523448 5
0.942225 0.270938 3
0.971176 0.620271 2
0.93301 0.248846 3
0.942317 0.271202 3
0.908207 0.0488077 5
0.98142 1 1
0.909286 0.0493802 5
0.968475 0.603109 2
0.923337 0.116366 4
0.887715 0.00391349 8
0.96147 0.566573 2
0.958334 0.553309 2
0.950213 0.525725 2
0.969914 1 1
0.958146 0.552564 2
0.905848 0.047628 5
0.980818 1 1
0.977516 1 1
0.941896 0.270007 3
0.952298 0.531995 2
0.96631 0.590674 2
0.923727 0.0310416 6
0.994629 1 1
0.945563 0.160937 4
0.897034 0.000491965 11
0.934027 0.0720269 5
0.957159 0.329786 3
0.926539 0.0330179 6
0.968307 0.602106 2
0.956992 0.328903 3
0.916026 0.0135219 7
0.967836 0.599319 2
0.955058 0.319127 3
0.966811 0.593455 2
0.950189 0.297778 3
0.964364 0.580409 2
0.893179 0.00425566 8
0.881345 0.000739651 10
0.837703 1.30356e-11 30
0.899234 0.00993469 7
0.902307 0.021816 6
0.864073 9.29224e-06 15
0.942039 0.27041 3
0.874063 0.000131539 12
0.863909 4.08585e-06 16
0.904452 0.0224276 6
0.914248 0.0523182 5
0.889783 0.00403534 8
0.880378 0.000727035 10
0.859229 1.58845e-06 17
0.917392 0.10977 4
0.911574 0.0123084 7
0.990642 1 1
0.953362 0.31119 3
0.884745 7.74463e-05 13
0.935432 0.135502 4
0.969548 0.609698 2
0.920689 0.0291737 6
0.979305 0.685386 2
0.969395 0.60874 2
0.903469 0.00512933 8
0.958886 0.339295 3
0.959445 0.342524 3
0.9567 0.327377 3
0.962654 0.572036 2
0.952362 0.306769 3
0.909345 0.00290148 9
0.958654 0.337978 3
0.982464 0.717378 2
0.879501 6.29639e-07 19
0.897015 0.000236184 12
0.941458 0.0851976 5
0.884723 3.62369e-06 17
0.944016 0.156287 4
0.941421 0.085121 5
0.896696 0.00023382 12
0.924276 0.0165622 7
0.92075 0.0151139 7
0.955895 0.32326 3
0.937374 0.0773983 5
0.923992 0.0164361 7
0.887342 1.82658e-05 15
0.952863 0.308958 3
0.91772 0.0140524 7
0.866423 6.83529e-09 24
0.975172 0.649505 2
0.966351 0.389604 3
0.943593 0.155073 4
0.971984 0.625798 2
0.966216 0.388544 3
0.884012 7.56968e-06 16
0.958196 0.33541 3
0.997766 1 1
0.921864 0.0155448 7
0.963126 0.365863 3
0.943365 0.154427 4
0.943826 0.509319 2
0.934497 0.251907 3
0.890389 0.0040727 8
0.933251 0.249331 3
0.922312 0.115124 4
0.906378 0.047885 5
0.949897 0.524817 2
0.918103 0.110486 4
0.906197 0.0477967 5
0.948833 0.521841 2
0.962287 0.570315 2
0.924314 0.117596 4
0.939495 0.263551 3
0.900103 0.0212336 6
0.973873 1 1
0.954344 0.538659 2
0.954653 0.539716 2
0.912878 0.105609 4
0.932035 0.246932 3
0.920431 0.228554 3
0.920505 0.22865 3
0.93538 0.492685 2
0.932264 0.247374 3
0.920328 0.228421 3
0.951348 0.529075 2
0.968154 1 1
0.930666 0.244355 3
0.965065 1 1
0.913792 0.106401 4
0.983059 1 1
0.845207 7.82299e-12 0
0.895411 0.000988279 10
0.862641 2.93935e-08 22
0.831769 4.25542e-12 0
0.959512 0.558096 2
0.911854 0.0123779 7
0.935458 0.135553 4
0.913329 0.0255591 6
0.911796 0.0123635 7
0.846318 8.25518e-12 0
0.91337 0.0255763 6
0.936715 0.138142 4
0.869026 9.39105e-07 18
0.912062 0.01243 7
0.900317 0.00231528 9
0.959038 0.556141 2
0.894495 0.000967279 10
0.861092 2.76969e-08 22
0.98153 0.707467 2
0.870471 9.85281e-07 18
0.861775 2.84277e-08 22
0.89953 0.00227482 9
0.872816 2.36304e-06 17
0.861609 2.8248e-08 22
0.975178 0.649555 2
0.910828 0.0121278 7
0.874014 5.42941e-06 16
0.91605 0.0267652 6
0.855498 8.21315e-10 26
0.92477 0.0607651 5
0.888662 0.00861768 7
0.963444 0.57583 2
0.937203 0.495877 2
0.864565 0.000109651 12
0.953824 0.536916 2
0.987651 1 1
0.925443 0.235604 3
0.991302 1 1
0.987485 1 1
0.882736 0.00365209 8
0.951062 0.528217 2
0.979388 1 1
0.929721 0.242649 3
0.982496 1 1
0.938568 0.4984 2
36 1 2 4 6 7 8 9 10 11 14 19 20 21 23 24 26 27 28 30 32 34 35 37 40 42 43 46 47 49 52 54 55 58 61 65 68 
56 0 1 2 3 4 5 6 7 8 9 10 11 12 13 14 16 17 18 19 20 21 23 24 25 26 27 28 30 31 32 33 34 35 37 38 40 42 43 44 46 47 48 49 52 53 54 55 56 58 59 60 61 65 66 67 68 
66 0 1 3 4 5 6 8 9 10 11 12 13 15 16 17 18 19 20 21 22 23 24 25 26 27 28 29 30 31 32 33 34 35 36 37 38 39 40 41 42 43 44 45 46 47 48 49 50 51 52 53 54 56 57 58 59 60 61 62 63 64 65 66 67 68 69 
20 2 6 7 8 11 14 19 21 23 26 32 35 42 43 47 49 54 55 61 68 
38 0 1 2 4 6 7 8 9 10 11 14 19 20 21 23 24 26 27 28 30 32 34 35 37 40 42 43 46 47 49 52 54 55 58 61 65 67 68 
66 0 1 2 3 4 5 6 7 8 9 10 11 12 13 14 16 17 18 19 20 21 22 23 24 25 26 27 28 29 30 31 32 33 34 35 37 38 39 40 41 42 43 44 46 47 48 49 50 51 52 53 54 55 56 58 59 60 61 62 63 64 65 66 67 68 69 
21 1 2 4 6 7 8 10 11 14 19 21 23 32 35 42 43 54 55 61 65 68 
62 0 1 2 3 4 5 6 7 8 9 10 11 12 13 14 16 17 18 19 20 21 22 23 24 26 27 28 29 30 31 32 33 34 35 36 37 38 40 42 43 44 45 46 47 49 50 51 52 53 54 55 56 58 59 60 61 64 65 66 67 68 69 
59 0 1 2 3 4 5 6 7 8 9 10 11 12 14 18 19 20 21 22 23 24 26 27 28 29 30 31 32 33 34 35 36 37 38 40 42 43 44 45 46 47 49 50 51 52 53 54 55 56 58 59 60 61 64 65 66 67 68 69 
18 2 6 7 8 10 11 14 19 21 23 32 35 42 43 54 55 61 68 
39 0 1 2 4 6 7 8 9 10 11 14 19 20 21 23 24 26 27 28 30 32 34 35 37 40 42 43 46 47 49 50 52 54 55 58 61 65 67 68 
54 0 1 2 3 4 5 6 7 8 9 10 11 12 13 14 16 18 19 20 21 23 24 26 27 28 29 30 31 32 34 35 37 38 40 42 43 45 46 47 49 50 52 53 54 55 56 58 59 61 64 65 66 67 68 
45 0 1 2 3 4 5 6 7 8 9 10 11 12 13 14 16 17 18 19 21 23 24 25 26 27 28 31 32 34 35 37 38 40 42 43 46 49 52 54 55 58 61 65 66 68 
67 0 1 2 3 4 5 6 7 8 9 10 11 12 13 14 16 17 18 19 20 21 22 23 24 25 26 27 28 29 30 31 32 33 34 35 36 37 38 39 40 41 42 43 44 45 46 47 48 49 50 51 52 53 54 55 56 58 59 60 61 62 64 65 66 67 68 69 
38 0 1 2 3 4 5 6 7 8 9 10 11 14 19 20 21 23 24 26 31 32 34 35 37 40 42 43 46 47 49 52 54 55 58 61 65 66 68 
