70 15 6e+06
2.36059 125953
16.1706 163898
2.03972 113776
2.27985 185497
2.51166 121118
1.20635 177856
3.22347 107797
2.61018 153262
1.7277 160974
2.79141 172157
1.88329 138980
1.68789 156160
5.28963 149071
1.03165 150341
2.43873 114573
1.35132 100594
3.54952 114636
4.27999 100546
2.47347 195617
1.34456 171953
1.59169 193147
3.09439 141468
1.53872 152479
4.35399 122216
3.71505 157711
5.87409 149966
3.48206 168476
5.26302 157567
27.1747 152409
1.74063 198148
6.17848 167273
3.93256 109892
2.9608 135720
1.48682 156628
6.13245 199643
5.06943 172352
2.14404 196798
2.76975 135311
1.91297 139349
2.93366 157873
4.82589 187237
23.4631 161918
2.1093 108316
3.41967 108152
2.04994 144711
2.74864 179880
1.85202 151161
2.7112 156198
6.56364 116903
4.41122 180960
5.56273 181045
19.3702 122858
4.31774 139248
2.80781 124129
1.1568 159864
3.12827 104938
2.25842 197015
2.62607 132562
4.17353 165772
3.90215 166177
3.90934 161024
4.17326 106381
1.24562 166885
2.60247 178230
1.90921 175113
2.61776 178121
6.98043 127301
2.11305 157424
1.2393 162634
5.28146 147138
0.95609 0.324242 3
0.961096 0.352534 3
0.953114 0.310075 3
0.949319 0.173658 4
0.967611 0.399832 3
0.927348 0.0336359 6
0.92696 0.0333367 6
0.902708 0.00119159 10
0.950204 0.176982 4
0.962416 0.361071 3
0.986204 0.761259 2
0.938231 0.078912 5
0.917665 0.0140346 7
0.953512 0.311866 3
0.944691 0.158278 4
0.868533 2.06679e-06 17
0.882891 0.000159967 12
0.889615 0.000868404 10
0.880482 6.91225e-05 13
0.867004 8.79631e-07 18
0.873162 1.1733e-05 15
0.878896 6.64071e-05 13
0.878667 6.60299e-05 13
0.899685 0.00476514 8
0.82709 3.49011e-12 0
0.845766 1.86997e-11 30
0.90712 0.0113104 7
0.898286 0.0046443 8
0.889257 0.000861924 10
0.898086 0.00462759 8
0.959455 0.557857 2
0.951179 0.301774 3
0.951079 0.30136 3
0.950277 0.298127 3
0.970452 0.615481 2
0.917731 0.0547322 5
0.917236 0.0543689 5
0.905068 0.0109099 7
0.94546 0.280803 3
0.970975 0.618929 2
0.98755 1 1
0.934531 0.133729 4
0.917585 0.0546244 5
0.951499 0.303099 3
0.935335 0.135307 4
0.950781 0.527384 2
0.981534 1 1
0.967444 0.59705 2
0.95442 0.538917 2
0.958205 0.552796 2
0.941516 0.268944 3
0.94419 0.276775 3
0.910637 0.0501285 5
0.976543 1 1
0.927218 0.121536 4
0.950219 0.525742 2
0.963525 0.576227 2
0.932996 0.248819 3
0.967571 0.597783 2
0.975638 1 1
0.876002 0.00150304 9
0.932535 0.247905 3
0.894333 0.0198977 6
0.881052 0.00357248 8
0.882868 0.00365853 8
0.960398 0.561848 2
0.964479 1 1
0.847119 5.03359e-07 18
0.90738 0.101303 4
0.865729 0.000111982 12
0.889684 0.00872573 7
0.900887 0.0454262 5
0.871106 0.000624601 10
0.894298 0.0198903 6
0.944136 0.51003 2
0.924756 0.0607514 5
0.98703 1 1
0.940271 0.146264 4
0.927477 0.0635998 5
0.933208 0.131245 4
0.968681 0.60435 2
0.97162 0.623286 2
0.885616 7.9359e-05 13
0.951044 0.301217 3
0.914666 0.013125 7
0.939959 0.145502 4
0.939931 0.145435 4
0.908486 0.0057143 8
0.940369 0.146506 4
0.986833 1 1
0.98444 0.739699 2
0.922414 0.030203 6
0.960578 0.349316 3
0.973779 0.638754 2
0.975837 0.654863 2
0.884267 3.53999e-05 14
0.885627 7.93825e-05 13
0.945517 0.280987 3
0.946082 0.282851 3
0.941368 0.149033 4
0.940899 0.147833 4
0.944068 0.15644 4
0.947972 0.289407 3
0.960822 0.563692 2
0.913543 0.0128153 7
0.89816 0.0046338 8
0.955289 0.541922 2
0.916718 0.0539963 5
0.903178 0.0105692 7
0.905145 0.0226355 6
0.971186 0.620342 2
0.977488 1 1
0.867169 4.45731e-06 16
0.929841 0.125501 4
0.885271 0.0007957 10
0.909817 0.0241891 6
0.922376 0.1152 4
0.891407 0.00192833 9
0.916697 0.0539811 5
0.968018 0.600393 2
0.940966 0.267432 3
0.993806 1 1
0.953235 0.534981 2
0.941799 0.269733 3
0.950344 0.526105 2
0.953391 0.535492 2
0.954814 0.540269 2
0.8969 0.00960111 7
0.960634 0.562871 2
0.931103 0.245163 3
0.956425 0.546009 2
0.947764 0.518969 2
0.918119 0.110502 4
0.953433 0.535627 2
0.97641 1 1
0.904956 0.0472055 5
0.901259 0.0455797 5
0.924244 0.23381 3
0.917858 0.110237 4
0.900968 0.0454596 5
0.878485 0.00155777 9
0.883763 0.0037027 8
0.922227 0.230947 3
0.930636 0.2443 3
0.856346 3.38569e-06 16
0.872171 0.000283242 11
0.941802 0.504873 2
0.941496 0.504231 2
0.923835 0.233214 3
0.912595 0.105368 4
0.982782 1 1
0.93593 0.136509 4
0.984379 1 1
0.996357 1 1
0.975127 0.649149 2
0.897157 0.00216109 9
0.89971 0.00228396 9
0.953267 0.310761 3
0.969902 0.611937 2
0.926034 0.0620485 5
0.935522 0.135681 4
0.97097 0.618894 2
0.968896 0.605658 2
0.98438 1 1
0.93167 0.128523 4
0.921623 0.114315 4
0.983888 1 1
0.937147 0.257802 3
0.924349 0.117641 4
0.930083 0.125888 4
0.971815 0.624627 2
0.974908 1 1
0.88278 0.000759203 10
0.948054 0.519737 2
0.912452 0.0511922 5
0.937734 0.25919 3
0.937157 0.257826 3
0.905706 0.022808 6
0.93724 0.258021 3
0.985202 1 1
0.868798 7.63553e-09 24
0.926925 0.0333095 6
0.885697 8.05496e-06 16
0.872786 4.49498e-08 22
0.876333 2.52916e-07 20
0.96153 0.355287 3
0.963479 0.368302 3
0.837373 5.44083e-12 0
0.898078 0.000244371 12
0.863641 2.37039e-10 28
0.887203 8.52916e-06 16
0.890682 4.35807e-05 14
0.860825 4.01728e-11 30
0.8857 8.05597e-06 16
0.935781 0.0747379 5
0.968714 1 1
0.931695 0.24628 3
0.979837 1 1
0.982271 1 1
0.961725 0.567729 2
0.89436 0.00926833 7
0.897574 0.0206174 6
0.959229 0.556927 2
0.970562 1 1
0.913027 0.105736 4
0.923905 0.233315 3
0.977966 1 1
0.981226 1 1
0.979531 1 1
0.930929 0.244839 3
0.880412 0.00354323 8
0.919317 0.227137 3
0.902656 0.0461715 5
0.889697 0.00872718 7
0.883477 0.00368844 8
0.922732 0.231647 3
0.928666 0.240812 3
0.867618 0.000262005 11
0.916467 0.108864 4
0.852168 3.07256e-06 16
0.874771 0.00147738 9
0.916477 0.108873 4
0.892089 0.01944 6
0.902436 0.0460768 5
0.936517 0.494653 2
0.918442 0.110834 4
0.957027 0.548253 2
0.9409 0.267254 3
0.926887 0.237866 3
0.922507 0.115357 4
0.942492 0.271706 3
0.948239 0.520229 2
0.896104 0.0094936 7
0.955521 0.542742 2
0.889563 0.00402198 8
0.912534 0.0512421 5
0.952029 0.531158 2
0.921704 0.114409 4
0.940734 0.266807 3
0.974286 1 1
0.949825 0.17554 4
0.928314 0.0344057 6
0.967569 0.59777 2
0.963375 0.367583 3
0.944634 0.158108 4
0.894476 0.00021837 12
0.898548 0.00051369 11
0.953251 0.310689 3
0.967586 0.597868 2
0.896938 0.00023561 12
0.910482 0.00598657 8
0.980872 0.700722 2
0.980522 0.697206 2
0.967143 0.595327 2
0.932443 0.0697566 5
0.90299 0.00246371 9
0.917373 0.0139403 7
0.925475 0.0614718 5
0.915005 0.0132218 7
0.902173 0.00241642 9
0.900969 0.00113656 10
0.906685 0.00548905 8
0.904534 0.00255817 9
0.936567 0.137829 4
0.861123 2.39325e-09 25
0.880416 1.45087e-05 15
0.94344 0.154639 4
0.92821 0.0644269 5
0.925119 0.0319874 6
0.931946 0.0690774 5
0.890879 0.00410351 8
0.951689 0.530113 2
0.905274 0.0226751 6
0.892949 0.00423988 8
0.899643 0.0211176 6
0.99222 1 1
0.990705 1 1
0.853032 1.10079e-07 20
0.916182 0.108591 4
0.890965 0.004109 8
0.914982 0.0528002 5
0.90637 0.0230167 6
0.875674 0.000301855 11
0.905362 0.0227018 6
0.954676 0.539792 2
0.979286 1 1
0.919317 0.227137 3
0.965019 1 1
0.979596 1 1
0.967617 1 1
0.880948 0.00789868 7
0.883092 0.00808311 7
0.961931 1 1
0.950619 0.526906 2
0.925404 0.235544 3
0.92831 0.240207 3
0.952721 0.533329 2
0.964275 1 1
0.965078 1 1
0.913663 0.106288 4
0.920689 0.22889 3
0.969251 1 1
0.926937 0.237946 3
0.917975 0.110356 4
0.931442 0.2458 3
0.960928 0.56416 2
0.958086 0.55233 2
0.872736 0.000640517 10
0.932045 0.246951 3
0.933808 0.250467 3
0.957975 0.551893 2
0.919376 0.22721 3
0.891735 0.0193705 6
0.927203 0.238375 3
0.954454 0.539036 2
0.968383 0.602556 2
0.91058 0.00600065 8
0.957468 0.331438 3
0.971004 0.619123 2
0.956856 0.328188 3
0.872706 4.81031e-07 19
0.875089 1.15765e-06 18
0.972059 0.626318 2
0.944011 0.156274 4
0.915759 0.0134421 7
0.917923 0.0276794 6
0.94844 0.291111 3
0.967833 0.599305 2
0.95744 0.331284 3
0.906187 0.00542992 8
0.899191 0.0210053 6
0.957895 0.551582 2
0.916973 0.109355 4
0.903597 0.0465855 5
0.9066 0.0479938 5
0.976438 1 1
0.982804 1 1
0.866408 0.000113383 12
0.929686 0.242588 3
0.888531 0.008604 7
0.913174 0.105862 4
0.921511 0.229976 3
0.890371 0.00880035 7
0.916977 0.10936 4
0.968816 1 1
0.9215 0.0296473 6
0.957811 0.333295 3
0.944169 0.276711 3
0.930143 0.0667373 5
0.925349 0.0613441 5
0.940646 0.147197 4
0.946249 0.28341 3
0.89938 0.00226728 9
0.958841 0.339035 3
0.891425 0.000423966 11
0.914156 0.0129825 7
0.955533 0.321453 3
0.925061 0.0610545 5
0.943995 0.276175 3
0.974443 0.643795 2
0.935678 0.0745733 5
0.956236 0.324984 3
0.959464 0.342636 3
0.945679 0.1613 4
0.937909 0.140733 4
0.928957 0.0652969 5
0.933859 0.0717783 5
0.915901 0.0134846 7
0.973957 0.640093 2
0.898614 0.000514683 11
0.919497 0.0146565 7
0.972955 0.632683 2
0.942002 0.150695 4
0.95922 0.341217 3
0.967543 0.59762 2
0.978154 0.674757 2
0.920328 0.0289683 6
0.967166 0.595455 2
0.981316 0.705256 2
0.96665 0.592555 2
0.881999 3.30845e-05 14
0.884319 3.54571e-05 14
0.96419 0.579531 2
0.953066 0.309862 3
0.922766 0.0304228 6
0.92685 0.0629144 5
0.955991 0.323741 3
0.968339 0.602296 2
0.967179 0.595531 2
0.915418 0.0133413 7
0.959399 0.342259 3
0.957716 0.332776 3
0.954469 0.316304 3
0.951809 0.304403 3
0.970888 0.618351 2
0.92335 0.0307955 6
0.923068 0.0306142 6
0.905455 0.00261786 9
0.950279 0.298133 3
0.96469 0.376961 3
0.985784 0.755982 2
0.938745 0.142627 4
0.919613 0.0146977 7
0.954879 0.318262 3
0.941805 0.150173 4
0.901229 0.00236392 9
0.89046 0.000194435 12
0.918179 0.0278105 6
0.914001 0.0129397 7
0.895906 0.000476791 11
0.866118 3.37533e-08 22
0.871217 4.55268e-07 19
0.926893 0.0629606 5
0.922316 0.0301418 6
0.85075 1.02961e-11 0
0.86483 1.42696e-08 23
0.934389 0.133456 4
0.941801 0.150162 4
0.917769 0.0276015 6
0.900583 0.00112496 10
0.857002 3.26339e-11 30
0.874117 2.30595e-07 20
0.878041 1.29195e-06 18
0.86869 3.75657e-08 22
0.855831 1.34578e-11 0
0.867533 1.60387e-08 23
0.873228 2.22419e-07 20
0.866441 6.84093e-09 24
0.888424 4.03865e-05 14
0.817123 2.322e-12 0
0.836106 5.14201e-12 0
0.89524 0.000223485 12
0.885754 1.72806e-05 15
0.877696 1.27508e-06 18
0.88966 4.2088e-05 14
0.979489 1 1
0.935118 0.253236 3
0.959242 0.556978 2
0.966178 1 1
0.984204 1 1
0.898046 0.0207284 6
0.898596 0.0445187 5
0.926213 0.236796 3
0.947464 0.518182 2
0.96071 0.563205 2
0.961783 0.567992 2
0.940679 0.502543 2
0.933788 0.250427 3
0.959634 0.558606 2
0.922932 0.231926 3
0.879963 0.000721746 10
0.924801 0.118227 4
0.901547 0.02161 6
0.888197 0.00394112 8
0.88416 0.00170021 9
0.933754 0.250357 3
0.939574 0.263756 3
0.862258 8.9008e-06 15
0.915553 0.107997 4
0.856204 1.46794e-06 17
0.879465 0.000715504 10
0.913541 0.106181 4
0.886903 0.00386793 8
0.901376 0.0215646 6
0.94156 0.269065 3
0.891439 0.0089197 7
0.945379 0.512959 2
0.911136 0.0504137 5
0.897484 0.00968191 7
0.897634 0.00970299 7
0.960512 0.562342 2
0.966505 0.59175 2
0.864246 2.11474e-05 14
0.924787 0.118208 4
0.875426 0.000300464 11
0.899649 0.0211192 6
0.918911 0.111323 4
0.888808 0.00397683 8
0.911067 0.0503741 5
0.960017 0.560218 2
0.99473 1 1
0.93601 0.2552 3
0.978455 1 1
0.990972 1 1
0.984626 1 1
0.896927 0.0045333 8
0.898866 0.00469363 8
0.94703 0.286074 3
0.963624 0.576714 2
0.936564 0.256454 3
0.943772 0.275496 3
0.961272 0.565686 2
0.958254 0.552989 2
0.978696 1 1
0.928908 0.124042 4
0.905698 0.0475561 5
0.959481 0.557967 2
0.925444 0.235606 3
0.911621 0.104557 4
0.912016 0.104883 4
0.963489 0.57605 2
0.969772 1 1
0.87659 0.00151564 9
0.939115 0.499445 2
0.888131 0.0085628 7
0.912551 0.105331 4
0.932337 0.247518 3
0.901254 0.0455777 5
0.925389 0.235522 3
0.975282 1 1
0.8698 5.38193e-05 13
0.893078 0.00911118 7
0.891823 0.00416444 8
0.881072 0.00073605 10
0.869866 5.38957e-05 13
0.888141 0.00393791 8
0.893966 0.00921923 7
0.871962 0.000126071 12
0.90358 0.0221733 6
0.832541 4.39942e-12 0
0.852784 1.09253e-07 20
0.908712 0.0490729 5
0.893841 0.00920389 7
0.891503 0.00414355 8
0.909343 0.0494111 5
0.915972 0.108391 4
0.905153 0.0472978 5
0.933948 0.250756 3
0.929023 0.241425 3
0.911035 0.104082 4
0.878714 0.00156303 9
0.88369 0.00369907 8
0.935648 0.254394 3
0.938296 0.497888 2
0.865274 0.000111061 12
0.879831 0.00158925 9
0.950602 0.526856 2
0.954907 0.540591 2
0.93353 0.249898 3
0.914561 0.107086 4
0.946323 0.28366 3
0.953699 0.312723 3
0.941053 0.26767 3
0.938246 0.14149 4
0.957468 0.54993 2
0.925306 0.0613004 5
0.923937 0.0599563 5
0.892825 0.000931081 10
0.938083 0.141122 4
0.969869 0.611727 2
0.996582 1 1
0.926197 0.0622184 5
0.906463 0.0111784 7
0.941451 0.268764 3
0.936459 0.137603 4
0.907048 0.0112957 7
0.959356 0.557448 2
0.927192 0.121498 4
0.913302 0.025548 6
0.913103 0.025465 6
0.960695 0.56314 2
0.96693 0.594122 2
0.878805 6.62558e-05 13
0.941041 0.267638 3
0.888011 0.000840088 10
0.912318 0.0251445 6
0.934626 0.133913 4
0.903606 0.0106442 7
0.927123 0.1214 4
0.97593 0.655622 2
0.94832 0.520446 2
0.96638 0.591062 2
0.971225 0.620602 2
0.95664 0.546806 2
0.951987 0.531028 2
0.931955 0.246777 3
0.935922 0.255003 3
0.919475 0.111921 4
0.986113 1 1
0.913128 0.0516075 5
0.934033 0.250933 3
0.977487 1 1
0.944372 0.277341 3
0.971094 0.619724 2
0.97124 0.6207 2
0.901724 0.00495421 8
0.951481 0.303025 3
0.922551 0.0586716 5
0.908687 0.01164 7
0.907188 0.0113243 7
0.954695 0.317381 3
0.96097 0.564345 2
0.876441 2.83496e-05 14
0.936658 0.138022 4
0.880801 6.9692e-05 13
0.904819 0.0108635 7
0.931589 0.128384 4
0.901429 0.00492585 8
0.922447 0.0585785 5
0.968438 0.602888 2
0.92729 0.0335908 6
0.97054 0.616057 2
0.948487 0.170652 4
0.93425 0.0723596 5
0.93266 0.0700581 5
0.949538 0.174468 4
0.954628 0.317061 3
0.898489 0.00051282 11
0.962743 0.363261 3
0.90181 0.0011626 10
0.925366 0.0321623 6
0.955691 0.322238 3
0.923533 0.0309142 6
0.948403 0.170354 4
0.987176 0.773857 2
0.866429 3.06122e-09 25
0.89047 4.32632e-05 14
0.888398 1.89698e-05 15
0.877617 5.82523e-07 19
0.86659 3.08509e-09 25
0.886598 1.77939e-05 15
0.892397 9.73711e-05 13
0.868474 7.51939e-09 24
0.900202 0.000539391 11
0.829664 3.88961e-12 0
0.849978 9.89961e-12 0
0.905167 0.00127802 10
0.890234 4.29165e-05 14
0.888082 1.87546e-05 15
0.90679 0.00134124 10
0.939687 0.500559 2
0.935358 0.253758 3
0.928652 0.240787 3
0.9291 0.241559 3
0.94931 0.523159 2
0.909488 0.102867 4
0.907594 0.0484918 5
0.886934 0.00844242 7
0.923221 0.232335 3
0.986653 1 1
0.983377 1 1
0.912389 0.105195 4
0.896925 0.0204672 6
0.929064 0.241497 3
0.91845 0.110842 4
0.887931 0.00854245 7
0.92151 0.229975 3
0.910618 0.103748 4
0.897963 0.0207088 6
0.890143 0.00877541 7
0.918734 0.111137 4
0.924764 0.234579 3
0.87805 0.00154791 9
0.924195 0.233738 3
0.856 7.72851e-06 15
0.878018 0.00154718 9
0.925644 0.235912 3
0.902577 0.0461374 5
0.910364 0.103547 4
0.938716 0.498681 2
0.911633 0.0507039 5
0.906323 0.0230017 6
0.930944 0.244867 3
0.924631 0.118005 4
0.907556 0.0234027 6
0.881979 0.000748172 10
0.887154 0.00178717 9
0.927728 0.122274 4
0.937004 0.257468 3
0.862505 1.73611e-06 17
0.87817 0.000316565 11
0.948491 0.52091 2
0.948032 0.519678 2
0.930531 0.126614 4
0.917018 0.054211 5
0.90197 0.0458779 5
0.91426 0.106816 4
0.924167 0.233697 3
0.914156 0.106723 4
0.900749 0.0453697 5
0.897336 0.0205619 6
0.903017 0.0463291 5
0.905662 0.0475388 5
0.93475 0.252444 3
0.859198 1.89948e-05 14
0.878106 0.00154915 9
0.942269 0.505872 2
0.928845 0.241119 3
0.923802 0.233165 3
0.928535 0.240589 3
0.947866 0.289026 3
0.930182 0.0667863 5
0.932962 0.130798 4
0.935924 0.136498 4
0.956021 0.323894 3
0.900656 0.00233309 9
0.899363 0.00226647 9
0.896013 0.00100256 10
0.925218 0.0612117 5
0.992957 1 1
0.976676 0.661845 2
0.915574 0.0265442 6
0.903755 0.00515931 8
0.933378 0.131557 4
0.914146 0.0259068 6
0.884054 0.00169731 9
0.941944 0.270142 3
0.901896 0.0217038 6
0.888633 0.00396652 8
0.891292 0.00412991 8
0.96982 0.611417 2
0.97438 1 1
0.853086 2.54399e-07 19
0.914712 0.107223 4
0.874832 0.000297177 11
0.899029 0.0209656 6
0.90739 0.0483883 5
0.876999 0.0003095 11
0.901883 0.0217005 6
0.952678 0.533193 2
0.904254 0.01076 7
0.888301 0.000845083 10
0.919557 0.0561348 5
0.91686 0.0540971 5
0.898099 0.00462872 8
0.862114 3.33827e-07 19
0.867028 1.97591e-06 17
0.934277 0.133241 4
0.922056 0.058231 5
0.852595 3.84323e-09 24
0.865467 1.88779e-06 17
0.934599 0.133861 4
0.946719 0.285003 3
0.91915 0.0558132 5
0.897256 0.00455958 8
0.884037 0.000777194 10
0.917089 0.0542624 5
0.906654 0.0231075 6
0.894169 0.00432521 8
0.886081 0.00175493 9
0.915123 0.0528946 5
0.921116 0.113733 4
0.875384 0.000135196 12
0.920079 0.112575 4
0.851881 4.60037e-08 21
0.873778 0.000130773 12
0.921876 0.114609 4
0.899643 0.00999622 7
0.906394 0.0230243 6
0.934227 0.251338 3
0.912288 0.10511 4
0.914443 0.10698 4
0.93343 0.249693 3
0.925075 0.235046 3
0.909592 0.102947 4
0.891992 0.00898315 7
0.897346 0.0205642 6
0.920903 0.22917 3
0.941787 0.504841 2
0.865643 0.000111807 12
0.88288 0.00365909 8
0.951773 0.530367 2
0.943638 0.508893 2
0.933031 0.248888 3
0.926443 0.237158 3
0.876884 5.9377e-06 16
0.891735 0.000427277 11
0.898338 0.00106156 10
0.888854 0.000186095 12
0.875559 2.58774e-06 17
0.880934 1.47463e-05 15
0.886705 8.18616e-05 13
0.885046 7.80989e-05 13
0.908704 0.00574274 8
0.835457 4.99672e-12 0
0.854369 6.50955e-11 29
0.915969 0.0135048 7
0.905689 0.00537218 8
0.897981 0.00105209 10
0.906952 0.00552129 8
0.913072 0.0515722 5
0.887492 0.000831302 10
0.924807 0.118234 4
0.925066 0.118574 4
0.905455 0.0227303 6
0.857944 1.28369e-07 20
0.862452 7.64484e-07 18
0.950563 0.526742 2
0.924053 0.117262 4
0.859755 3.10014e-07 19
0.870286 1.08602e-05 15
0.936902 0.257231 3
0.957719 0.550898 2
0.924421 0.117733 4
0.894029 0.00431522 8
0.917317 0.0544275 5
0.977778 1 1
0.928937 0.124088 4
0.917609 0.0546415 5
0.927028 0.121264 4
0.976396 0.659484 2
0.975455 0.651764 2
0.8741 2.66802e-05 14
0.937519 0.258679 3
0.918845 0.0555757 5
0.943988 0.276154 3
0.925642 0.119342 4
0.895483 0.00442157 8
0.929111 0.124355 4
0.9694 0.608771 2
0.9633 0.575129 2
0.971253 1 1
0.971075 1 1
0.962395 0.570821 2
0.973032 1 1
0.931166 0.24528 3
0.932578 0.24799 3
0.914995 0.107481 4
0.971261 1 1
0.94319 0.507887 2
0.964524 0.581222 2
0.958522 0.554059 2
0.933842 0.250537 3
0.971408 1 1
0.959207 0.556836 2
0.958035 0.334519 3
0.950505 0.178142 4
0.949514 0.174379 4
0.948754 0.171602 4
0.968949 0.605985 2
0.917605 0.0140152 7
0.916996 0.00707991 8
0.903719 0.00122583 10
0.943985 0.156198 4
0.972233 0.627532 2
0.988919 0.79781 2
0.933024 0.0705713 5
0.916096 0.00690722 8
0.949934 0.175952 4
0.934493 0.072725 5
0.925267 0.0612617 5
0.980119 0.693229 2
0.943826 0.155739 4
0.930093 0.0666749 5
0.932337 0.129683 4
0.96131 0.565854 2
0.965861 0.588231 2
0.890886 0.000418323 11
0.956571 0.326705 3
0.907547 0.00559453 8
0.93219 0.129425 4
0.947058 0.286174 3
0.914936 0.013202 7
0.943839 0.155776 4
0.997218 1 1
0.930268 0.126187 4
0.991492 1 1
0.942434 0.271539 3
0.930936 0.127284 4
0.939804 0.264348 3
0.964157 0.579361 2
0.965018 0.583764 2
0.886774 0.000379402 11
0.95069 0.299781 3
0.925815 0.0618205 5
0.951487 0.303049 3
0.938334 0.141687 4
0.908207 0.0115368 7
0.942615 0.272061 3
0.976878 0.663556 2
0.885419 0.00036801 11
0.903552 0.0106346 7
0.907556 0.0234026 6
0.897172 0.00455287 8
0.884823 0.000363204 11
0.892777 0.00197895 9
0.898617 0.00467229 8
0.888874 0.000855092 10
0.918806 0.0555456 5
0.845318 4.2665e-11 29
0.86495 8.2473e-07 18
0.925093 0.118609 4
0.91119 0.0247019 6
0.907212 0.0232891 6
0.91914 0.0558058 5
0.931665 0.0687007 5
0.926746 0.0628017 5
0.952826 0.308796 3
0.944745 0.158439 4
0.928585 0.0648599 5
0.898457 0.00106475 10
0.903315 0.00248305 9
0.935567 0.135772 4
0.959721 0.344148 3
0.883058 3.41348e-05 14
0.899456 0.00109229 10
0.971243 0.620727 2
0.960977 0.351792 3
0.95241 0.306977 3
0.935779 0.136201 4
0.909764 0.00588578 8
0.892902 0.00020842 12
0.925091 0.0319683 6
0.922453 0.0302268 6
0.903573 0.00249858 9
0.865824 1.48882e-08 23
0.870671 2.01038e-07 20
0.938741 0.142618 4
0.927329 0.0634365 5
0.857787 1.75667e-10 28
0.870623 2.00668e-07 20
0.940016 0.145641 4
0.952324 0.306605 3
0.924683 0.0316846 6
0.901443 0.00115111 10
0.882901 0.00366012 8
0.917173 0.109552 4
0.905455 0.0474403 5
0.892871 0.00908639 7
0.885148 0.00377353 8
0.916363 0.108764 4
0.922348 0.115166 4
0.873473 0.000289907 11
0.918969 0.111384 4
0.851526 5.63635e-07 18
0.873572 0.000648983 10
0.920415 0.112945 4
0.897766 0.0206623 6
0.905203 0.0473212 5
0.934357 0.25161 3
0.955881 0.54403 2
0.932962 0.130798 4
0.940129 0.265197 3
0.943703 0.275285 3
0.963808 0.57762 2
0.901061 0.00489095 8
0.900234 0.00481448 8
0.90357 0.0106378 7
0.931596 0.128397 4
0.984786 1 1
0.976178 0.657668 2
0.922377 0.058516 5
0.911349 0.0247629 6
0.940546 0.266303 3
0.917547 0.0545963 5
0.922077 0.230743 3
0.984049 1 1
0.937858 0.497074 2
0.924973 0.234891 3
0.930435 0.243933 3
0.970948 1 1
0.974218 1 1
0.883554 0.00812433 7
0.948915 0.522066 2
0.912149 0.104993 4
0.937402 0.496239 2
0.938097 0.497518 2
0.906575 0.100732 4
0.937946 0.497236 2
0.986375 1 1
0.930081 0.243292 3
0.909436 0.102827 4
0.945559 0.513394 2
0.943112 0.507715 2
0.923838 0.233218 3
0.878893 0.00347597 8
0.8834 0.00811054 7
0.9522 0.531689 2
0.946468 0.515637 2
0.877017 0.00339672 8
0.889728 0.01899 6
0.959633 0.558601 2
0.9721 1 1
0.945146 0.512398 2
0.915999 0.223193 3
0.919753 0.0147478 7
0.982459 0.71733 2
0.933578 0.0713665 5
0.921391 0.0295829 6
0.928821 0.0651361 5
0.975347 0.650903 2
0.976871 0.663499 2
0.87885 2.90225e-06 17
0.943463 0.154701 4
0.915242 0.0132902 7
0.940604 0.147092 4
0.932058 0.0692298 5
0.90112 0.00114115 10
0.933709 0.0715574 5
0.978237 0.675502 2
0.889317 0.000188435 12
0.920888 0.0292885 6
0.912088 0.0124366 7
0.89961 0.00109666 10
0.891195 0.000198472 12
0.916424 0.013643 7
0.922447 0.0302234 6
0.880741 1.46572e-05 15
0.9255 0.0614979 5
0.856164 3.7038e-10 27
0.877925 6.1406e-06 16
0.927544 0.0636746 5
0.905201 0.00531677 8
0.911821 0.0123697 7
0.937964 0.140855 4
0.920276 0.0289387 6
0.977611 0.669918 2
0.938398 0.141832 4
0.924802 0.060797 5
0.927588 0.0637233 5
0.966381 0.591065 2
0.97123 0.620633 2
0.885711 7.95702e-05 13
0.951 0.301039 3
0.904901 0.00528324 8
0.929741 0.0662407 5
0.941621 0.149691 4
0.909676 0.0118598 7
0.938417 0.141876 4
0.991492 1 1
0.966269 0.590451 2
0.967228 0.595812 2
0.981213 1 1
0.969539 0.609639 2
0.972946 0.632621 2
0.926964 0.0630379 5
0.929273 0.124606 4
0.923329 0.0593838 5
0.982841 1 1
0.934087 0.132879 4
0.953521 0.31191 3
0.970097 0.613184 2
0.943951 0.276043 3
0.981467 1 1
0.960213 0.561053 2
0.876865 0.000684572 10
0.887606 0.00390733 8
0.897733 0.0206546 6
0.889073 0.00866069 7
0.874821 0.000662043 10
0.874818 0.000662015 10
0.88052 0.00160587 9
0.888654 0.00396778 8
0.907213 0.0482989 5
0.833718 2.61574e-11 29
0.851864 5.68657e-07 18
0.915454 0.107905 4
0.908142 0.048774 5
0.897362 0.0205679 6
0.902215 0.0217905 6
60 1 3 4 5 7 8 9 10 11 12 13 14 15 16 17 18 19 20 21 22 23 24 25 27 28 30 31 32 33 34 35 37 38 39 40 41 43 44 45 47 48 49 50 51 52 53 54 56 57 58 59 60 61 63 64 65 66 67 68 69 
55 1 3 4 5 6 7 9 10 11 12 13 14 15 16 17 19 21 22 23 24 25 27 28 30 31 32 33 34 35 37 38 39 40 41 43 44 45 47 48 49 50 51 52 54 56 58 59 60 61 63 64 66 67 68 69 
32 1 9 10 13 14 16 17 19 21 24 25 27 28 30 34 35 41 43 44 45 48 49 50 51 52 58 59 60 61 64 66 69 
54 1 3 4 5 7 8 9 10 11 12 13 14 15 16 17 18 22 23 24 27 28 30 31 33 34 35 37 38 39 40 41 43 44 45 47 48 49 50 51 52 53 56 57 58 59 60 61 63 64 65 66 67 68 69 
58 1 3 4 5 7 8 9 10 11 12 13 14 15 16 17 18 19 21 22 23 24 25 27 30 31 32 33 34 35 37 38 39 40 41 43 44 45 47 48 49 50 51 52 53 54 56 57 58 59 60 61 63 64 65 66 67 68 69 
66 0 1 2 3 4 5 6 7 8 9 10 11 12 13 14 15 16 17 18 19 21 22 23 24 25 26 27 28 29 30 31 32 33 34 35 37 38 39 40 41 43 44 45 47 48 49 50 51 52 53 54 55 56 57 58 59 60 61 62 63 64 65 66 67 68 69 
54 1 3 4 5 6 7 9 10 11 12 13 14 15 16 17 19 21 22 23 24 25 27 28 30 31 32 33 34 35 37 38 39 40 41 43 44 45 47 48 49 50 51 52 56 58 59 60 61 63 64 66 67 68 69 
38 1 4 7 9 14 15 16 17 22 23 24 27 28 30 31 33 34 35 37 39 40 41 43 44 45 47 48 49 50 51 52 58 59 60 61 64 66 69 
33 1 9 10 13 14 16 17 19 21 23 24 25 27 28 30 34 35 41 43 44 45 48 49 50 51 52 58 59 60 61 64 66 69 
64 0 2 3 4 5 6 7 8 9 10 11 12 13 14 15 16 17 18 19 20 21 22 23 24 25 26 29 30 31 32 33 35 36 37 38 39 40 42 43 44 45 46 47 48 49 50 52 53 54 55 56 57 58 59 60 61 62 63 64 65 66 67 68 69 
65 0 1 2 3 4 5 6 7 8 9 10 11 12 13 14 15 16 17 18 19 20 21 22 23 24 25 26 27 29 30 31 32 33 34 35 36 37 38 39 40 43 44 45 47 48 49 50 51 52 53 54 55 56 57 58 59 60 61 63 64 65 66 67 68 69 
38 1 4 7 9 12 14 15 16 17 23 24 27 28 30 31 33 34 35 37 39 40 41 43 44 45 47 48 49 50 51 52 58 59 60 61 64 66 69 
39 1 4 7 9 12 14 15 16 17 22 23 24 27 28 30 31 33 34 35 37 39 40 41 43 44 45 47 48 49 50 51 52 58 59 60 61 64 66 69 
44 1 4 7 9 12 13 14 15 16 17 21 22 23 24 27 28 30 31 33 34 35 37 38 39 40 41 43 44 45 47 48 49 50 51 52 56 58 59 60 61 64 66 67 69 
43 1 4 7 9 12 13 14 15 16 17 22 23 24 27 28 30 31 33 34 35 37 38 39 40 41 43 44 45 47 48 49 50 51 52 56 58 59 60 61 64 66 67 69 
