60 15 8e+06
2.07057 157370
1.49904 100181
2.88853 145370
1.24477 169577
2.50698 162955
2.13353 167684
1.62782 110561
1.68743 199424
2.04495 142557
1.06103 140949
1.01256 110808
1.9545 126622
1.54454 157689
2.11674 156192
1.32895 104835
1.88162 143024
1.25309 131284
2.20401 147138
2.27521 125221
2.39533 177114
2.01135 159439
1.68633 197399
1.22958 146039
1.85742 165047
2.14663 129705
1.73176 113364
1.87142 160205
1.72622 168110
1.11813 142471
2.43925 184637
1.85359 110886
2.85039 102988
1.70708 104707
2.18303 183663
2.50018 195778
1.37533 105311
2.23306 187488
1.92738 187006
2.46711 105828
2.73557 191010
1.87351 198984
2.06108 104526
1.99708 100305
1.92633 145249
1.51466 163942
1.55258 115610
1.12377 107503
2.58703 170568
1.62178 165868
1.1583 146808
1.12271 141911
2.35766 138449
1.00115 128640
2.13501 115367
1.18207 190394
1.12163 162845
1.33945 181740
1.44399 159730
1.11407 139740
1.57924 100774
0.940003 0.0822446 5
0.91221 0.00314828 9
0.970588 0.616372 2
0.977731 0.670974 2
0.961832 0.357231 3
0.942047 0.150813 4
0.931106 0.0368418 6
0.896885 0.000235219 12
0.966639 0.391897 3
0.966861 0.393674 3
0.947117 0.165941 4
0.947375 0.166804 4
0.967407 0.398135 3
0.947972 0.168846 4
0.944561 0.157889 4
0.847221 8.62782e-12 0
0.894325 0.000217381 12
0.884999 3.62044e-05 14
0.898865 0.00107584 10
0.880612 6.71586e-06 16
0.94082 0.147635 4
0.914961 0.013209 7
0.902097 0.00117174 10
0.870324 8.93649e-08 21
0.888263 8.56775e-05 13
0.875188 1.16182e-06 18
0.868641 8.34824e-08 21
0.910082 0.00592993 8
0.900859 0.00113322 10
0.879001 2.91809e-06 17
0.943625 0.275051 3
0.920891 0.057227 5
0.992746 1 1
0.952714 0.308305 3
0.944459 0.277611 3
0.931556 0.128329 4
0.905232 0.0109406 7
0.872022 5.11498e-06 16
0.981675 1 1
0.984836 1 1
0.970393 0.615098 2
0.973608 0.637473 2
0.940654 0.266592 3
0.956382 0.545852 2
0.965153 0.584473 2
0.920478 0.0568831 5
0.86099 6.25428e-08 21
0.911013 0.0246343 6
0.959128 0.556509 2
0.961233 0.565513 2
0.904996 0.0108964 7
0.972892 0.632227 2
0.946975 0.285885 3
0.918112 0.0550161 5
0.906916 0.011269 7
0.888564 0.000395489 11
0.889945 0.000874469 10
0.966408 0.591211 2
0.89221 0.000918412 10
0.885992 0.000372748 11
0.882493 0.00803056 7
0.971602 1 1
0.940868 0.502928 2
0.915631 0.10807 4
0.897547 0.0441231 5
0.969513 1 1
0.890153 0.0190688 6
0.860798 0.000102638 12
0.917281 0.22467 3
0.947982 0.519545 2
0.944727 0.511405 2
0.935006 0.492054 2
0.914788 0.107292 4
0.974972 1 1
0.951408 0.529257 2
0.857546 1.26737e-07 20
0.905127 0.0109208 7
0.897242 0.00455849 8
0.90908 0.0239252 6
0.890113 0.00188295 9
0.953882 0.537109 2
0.919883 0.056397 5
0.90256 0.0104633 7
0.881908 0.00034128 11
0.900651 0.0101518 7
0.887449 0.000830586 10
0.880808 0.000333634 11
0.919538 0.0561198 5
0.913338 0.051738 5
0.891277 0.00192366 9
0.856349 4.44773e-09 24
0.88794 0.000389743 11
0.88904 0.000399984 11
0.909445 0.0118076 7
0.892029 0.000914738 10
0.939153 0.143578 4
0.931033 0.127445 4
0.918817 0.0555542 5
0.876776 2.86026e-05 14
0.89132 0.000900651 10
0.876446 2.83535e-05 14
0.870869 2.22094e-06 17
0.921995 0.0581767 5
0.89993 0.00478708 8
0.879376 6.72093e-05 13
0.883107 0.00167173 9
0.850636 1.02442e-07 20
0.885491 0.00379156 8
0.92913 0.241611 3
0.923467 0.116527 4
0.901115 0.0214956 6
0.979489 1 1
0.982858 1 1
0.88641 0.00384087 8
0.8834 0.00167954 9
0.86514 2.1569e-05 14
0.864208 2.113e-05 14
0.942574 0.506532 2
0.876262 0.000305203 11
0.864372 2.12063e-05 14
0.860847 1.4121e-07 20
0.981022 1 1
0.918706 0.0554685 5
0.891626 0.000906666 10
0.874003 1.20093e-05 15
0.949674 0.295765 3
0.869129 2.10457e-06 17
0.841881 6.6838e-12 0
0.895362 0.00208244 9
0.925988 0.119813 4
0.927632 0.122135 4
0.917603 0.0546374 5
0.891281 0.000899887 10
0.953629 0.312401 3
0.935061 0.134764 4
0.898085 0.0443246 5
0.961369 0.566118 2
0.954843 0.540369 2
0.909856 0.103151 4
0.897494 0.0441033 5
0.9323 0.247445 3
0.871137 0.000624899 10
0.839659 1.34876e-08 22
0.933591 0.250023 3
0.961362 0.566088 2
0.97578 1 1
0.966237 1 1
0.902526 0.0461154 5
0.972915 1 1
0.982891 1 1
0.849738 2.31611e-07 19
0.919452 0.111896 4
0.896038 0.0202671 6
0.89761 0.0206257 6
0.878127 0.00154963 9
0.956638 0.546797 2
0.900103 0.0212336 6
0.881006 0.00161781 9
0.8776 0.000693046 10
0.900801 0.0214134 6
0.89081 0.00884891 7
0.88289 0.00365957 8
0.905629 0.047523 5
0.91906 0.11148 4
0.895859 0.0202275 6
0.87117 1.00886e-06 18
0.922432 0.058565 5
0.915266 0.0264031 6
0.921082 0.029401 6
0.901123 0.00235816 9
0.974323 0.642877 2
0.920741 0.0292034 6
0.897328 0.00216889 9
0.898224 0.00221079 9
0.919183 0.0283375 6
0.9063 0.00544328 8
0.8993 0.00226329 9
0.929296 0.0657002 5
0.932908 0.130701 4
0.910334 0.0120111 7
0.898553 0.0445022 5
0.888807 0.0188222 6
0.918959 0.226692 3
0.954148 0.537999 2
0.938022 0.497378 2
0.941124 0.503456 2
0.971729 1 1
0.940967 0.503131 2
0.913541 0.106181 4
0.918345 0.225939 3
0.899857 0.0450107 5
0.897261 0.0440171 5
0.968876 1 1
0.914671 0.107186 4
0.900133 0.0451208 5
0.936039 0.136733 4
0.924298 0.0603032 5
0.979204 0.684434 2
0.932803 0.130512 4
0.926644 0.0626928 5
0.920446 0.0290351 6
0.886173 0.000173482 12
0.853651 3.3052e-10 27
0.970708 0.61716 2
0.977161 0.665989 2
0.982261 0.715189 2
0.991795 1 1
0.920839 0.02926 6
0.954522 0.316554 3
0.974373 0.643257 2
0.961558 0.566971 2
0.902708 0.0219266 6
0.971176 1 1
0.946328 0.515286 2
0.94663 0.516044 2
0.911254 0.0504825 5
0.897605 0.00969886 7
0.865605 2.17939e-05 14
0.991824 1 1
0.963898 0.578069 2
0.95711 0.548566 2
0.965315 0.585321 2
0.93199 0.246845 3
0.936121 0.255448 3
0.949987 0.525076 2
0.856838 1.42194e-11 0
0.915832 0.0134639 7
0.90072 0.000547896 11
0.906467 0.00268657 9
0.886974 1.80303e-05 15
0.960632 0.349649 3
0.911093 0.00607513 8
0.891661 9.51027e-05 13
0.883484 7.42679e-06 16
0.904901 0.00126813 10
0.893217 9.99992e-05 13
0.885864 1.73461e-05 15
0.915353 0.00677041 8
0.920564 0.0150445 7
0.897687 0.00050114 11
0.863461 1.54371e-07 20
0.908034 0.0115001 7
0.9031 0.00509124 8
0.915256 0.0263986 6
0.896077 0.00211307 9
0.958943 0.555754 2
0.92435 0.0603542 5
0.905146 0.0109245 7
0.887919 0.000389554 11
0.906379 0.0111618 7
0.89272 0.000928896 10
0.886234 0.000374787 11
0.925584 0.0615839 5
0.918248 0.0551189 5
0.896369 0.00212584 9
0.884408 7.67975e-06 16
0.849787 9.80464e-12 0
0.885631 1.72076e-05 15
0.929725 0.0355964 6
0.924685 0.031686 6
0.899974 0.000535725 11
0.97979 0.690028 2
0.983057 0.723882 2
0.887035 1.80689e-05 15
0.883397 7.40339e-06 16
0.865119 2.87558e-09 25
0.864355 1.2368e-09 26
0.942922 0.153187 4
0.875759 2.46855e-07 20
0.864226 1.22899e-09 26
0.898879 0.00469471 8
0.941266 0.268254 3
0.95004 0.297193 3
0.942064 0.27048 3
0.922088 0.0582591 5
0.985397 1 1
0.919229 0.0558755 5
0.888386 0.000846546 10
0.93037 0.126351 4
0.954515 0.539244 2
0.940754 0.26686 3
0.933863 0.132458 4
0.94365 0.275126 3
0.965677 0.587242 2
0.94426 0.276992 3
0.894883 0.000463734 11
0.968842 0.605329 2
0.955098 0.319321 3
0.922187 0.0300629 6
0.905628 0.0053652 8
0.96049 0.348781 3
0.89008 0.000192405 12
0.859093 2.18847e-09 25
0.930827 0.0676035 5
0.96266 0.572065 2
0.961267 0.565663 2
0.951311 0.302319 3
0.918577 0.0280167 6
0.991354 1 1
0.968039 0.600516 2
0.948033 0.289629 3
0.866729 3.8863e-07 19
0.926598 0.0626434 5
0.969272 0.607973 2
0.985978 1 1
0.902622 0.00504268 8
0.946882 0.285564 3
0.919409 0.0284598 6
0.939792 0.145097 4
0.920876 0.0572148 5
0.903824 0.00516665 8
0.907298 0.0113467 7
0.964078 0.578967 2
0.900544 0.00232719 9
0.899756 0.00228629 9
0.900126 0.0212395 6
0.921292 0.113934 4
0.940403 0.26592 3
0.951523 0.529607 2
0.930761 0.244528 3
0.974134 1 1
0.938617 0.261339 3
0.907839 0.0486175 5
0.926242 0.236841 3
0.942517 0.506408 2
0.925673 0.235956 3
0.920639 0.113195 4
0.958073 0.552275 2
0.946136 0.514808 2
0.927689 0.239171 3
0.917445 0.0545208 5
0.937805 0.25936 3
0.971551 0.622811 2
0.952858 0.533767 2
0.935004 0.13465 4
0.963637 0.576775 2
0.91709 0.0542627 5
0.884053 0.000357158 11
0.951169 0.301733 3
0.975279 0.650354 2
0.958183 0.552711 2
0.952943 0.53404 2
0.948697 0.292062 3
0.972961 0.632724 2
0.959607 0.558494 2
0.978951 1 1
0.887718 0.0039137 8
0.956754 0.547229 2
0.950322 0.52604 2
0.957419 0.549743 2
0.902241 0.0217976 6
0.903107 0.0220385 6
0.872374 0.000284266 11
0.981681 1 1
0.949152 0.522721 2
0.939868 0.264515 3
0.947651 0.518672 2
0.935372 0.253787 3
0.921704 0.114409 4
0.933101 0.24903 3
0.92873 0.240921 3
0.87895 0.0015685 9
0.929461 0.242189 3
0.978272 1 1
0.971486 1 1
0.922001 0.230639 3
0.967866 1 1
0.934093 0.251057 3
0.933997 0.250858 3
0.925673 0.235956 3
0.906759 0.0480725 5
0.907585 0.0484872 5
0.986443 1 1
0.911091 0.104127 4
0.904429 0.0469617 5
0.849216 4.23026e-08 21
0.907187 0.0482861 5
0.891435 0.00413913 8
0.899353 0.0210455 6
0.880287 0.000725869 10
0.950422 0.526332 2
0.908338 0.0488763 5
0.891848 0.00416609 8
0.874822 0.000297123 11
0.895439 0.0094061 7
0.883705 0.00168778 9
0.876474 0.000306427 11
0.90905 0.0492533 5
0.910762 0.0501993 5
0.888116 0.00393645 8
0.903405 0.00121502 10
0.90112 0.00114115 10
0.930429 0.0670962 5
0.959408 0.342308 3
0.940336 0.146425 4
0.953066 0.309862 3
0.959829 0.344791 3
0.92787 0.0340476 6
0.922527 0.0302729 6
0.930397 0.0670552 5
0.911961 0.00620544 8
0.908819 0.00285985 9
0.971727 0.624019 2
0.927714 0.0339236 6
0.912554 0.00629763 8
0.878875 3.02765e-05 14
0.932167 0.129384 4
0.925933 0.0619432 5
0.926868 0.0629331 5
0.90661 0.0112077 7
0.986666 1 1
0.919116 0.0283017 6
0.89286 0.000931822 10
0.907685 0.0114267 7
0.93024 0.126141 4
0.917686 0.0275598 6
0.910441 0.0120361 7
0.933166 0.131168 4
0.944727 0.278453 3
0.921856 0.0580549 5
0.852427 5.7717e-07 18
0.916844 0.10923 4
0.897422 0.0205818 6
0.901246 0.0215301 6
0.881783 0.00163731 9
0.957833 0.551341 2
0.905225 0.0473315 5
0.886274 0.0038335 8
0.879611 0.00158401 9
0.90189 0.0217023 6
0.891048 0.00887558 7
0.883408 0.00167977 9
0.909777 0.0496477 5
0.91888 0.11129 4
0.895814 0.0202175 6
0.98392 1 1
0.881589 7.11334e-05 13
0.950389 0.298572 3
0.95494 0.540706 2
0.965748 0.587622 2
0.900395 0.00482919 8
0.909554 0.0118322 7
0.879516 6.74459e-05 13
0.97408 0.641023 2
0.942837 0.272709 3
0.931577 0.128365 4
0.938656 0.261436 3
0.940204 0.265394 3
0.916026 0.0267537 6
0.925219 0.0612132 5
0.898169 0.00977894 7
0.923411 0.116458 4
0.93981 0.264365 3
0.948926 0.522096 2
0.9282 0.122972 4
0.97697 1 1
0.936133 0.255475 3
0.905777 0.0228299 6
0.924886 0.118338 4
0.942276 0.271085 3
0.925889 0.119678 4
0.920532 0.113075 4
0.955219 0.541679 2
0.947323 0.517817 2
0.92819 0.122957 4
0.871759 0.000125564 12
0.932019 0.2469 3
0.919344 0.111781 4
0.919361 0.111799 4
0.899272 0.0210254 6
0.981205 1 1
0.913748 0.106362 4
0.889051 0.00399123 8
0.900682 0.0213824 6
0.923948 0.11713 4
0.912439 0.0511846 5
0.904837 0.0471504 5
0.925934 0.23636 3
0.940312 0.26568 3
0.917012 0.109394 4
0.865286 8.33353e-07 18
0.888082 0.000841306 10
0.895528 0.00208944 9
0.919092 0.0557681 5
0.901946 0.0103606 7
0.941325 0.268416 3
0.941819 0.269788 3
0.927336 0.121705 4
0.884552 0.00036105 11
0.897249 0.00455901 8
0.881417 0.000154491 12
0.876412 6.25036e-05 13
0.932169 0.129388 4
0.903437 0.0106144 7
0.883819 0.000355356 11
0.914929 0.0131998 7
0.943029 0.153484 4
0.9721 0.626606 2
0.947487 0.167182 4
0.930231 0.0668474 5
0.963388 0.367669 3
0.911652 0.00615856 8
0.878898 2.90726e-06 17
0.949768 0.296127 3
0.977273 0.666959 2
0.962147 0.359293 3
0.955923 0.323399 3
0.942995 0.153391 4
0.978838 0.681014 2
0.964345 0.374448 3
0.911871 0.0249665 6
0.942897 0.272882 3
0.967343 0.596467 2
0.947566 0.287954 3
0.929409 0.124818 4
0.968265 0.601855 2
0.914215 0.0259369 6
0.881687 7.13153e-05 13
0.945863 0.282123 3
0.972182 0.627178 2
0.957251 0.5491 2
0.950888 0.300582 3
0.94443 0.27752 3
0.976738 0.662365 2
0.959794 0.559274 2
0.954884 0.540512 2
0.865023 4.87379e-05 13
0.927069 0.238158 3
0.965396 0.585752 2
0.985866 1 1
0.898414 0.0208164 6
0.939187 0.262768 3
0.912465 0.105259 4
0.942556 0.506493 2
0.920893 0.113481 4
0.90467 0.0470729 5
0.908891 0.0491683 5
0.957867 0.551471 2
0.899136 0.0209918 6
0.900128 0.0212402 6
0.971931 0.625428 2
0.882076 0.000342472 11
0.949189 0.293905 3
0.96855 0.603557 2
0.981022 1 1
0.907491 0.0233811 6
0.924028 0.117232 4
0.893494 0.0042775 8
0.968122 0.601002 2
0.94213 0.270667 3
0.927441 0.121857 4
0.932775 0.248379 3
0.954172 0.538079 2
0.917134 0.0542944 5
0.922052 0.114815 4
0.943307 0.274097 3
0.914805 0.0526828 5
0.978307 1 1
0.970875 1 1
0.958337 0.553321 2
0.939045 0.262409 3
0.92323 0.116235 4
0.88934 0.0040085 8
0.973895 1 1
0.973497 1 1
0.954195 0.538156 2
0.955206 0.541634 2
0.959332 0.557351 2
0.951144 0.528462 2
0.95093 0.527824 2
0.858501 9.385e-10 26
0.951949 0.304994 3
0.912489 0.0125385 7
0.899041 0.0010807 10
0.879714 6.51457e-06 16
0.965938 0.588649 2
0.886742 8.19477e-05 13
0.862083 5.63828e-09 24
0.890678 0.000195618 12
0.918776 0.0281214 6
0.913392 0.0127748 7
0.904173 0.0025355 9
0.902639 0.0024432 9
0.942949 0.153263 4
0.919719 0.0286287 6
0.946929 0.285727 3
0.913522 0.0256403 6
0.975492 0.652067 2
0.936246 0.255729 3
0.933143 0.131127 4
0.91393 0.025814 6
0.888341 0.000845768 10
0.856058 2.3023e-08 22
0.979137 1 1
0.970436 0.61538 2
0.970552 0.616133 2
0.980136 1 1
0.923051 0.059127 5
0.944761 0.278561 3
0.962824 0.572844 2
0.867582 4.508e-06 16
0.989409 1 1
0.926092 0.119955 4
0.896038 0.00446376 8
0.87893 6.64628e-05 13
0.949854 0.296463 3
0.870529 1.09298e-05 15
0.842246 6.7984e-12 0
0.902559 0.0104632 7
0.933503 0.131786 4
0.936316 0.255888 3
0.926183 0.12008 4
0.894592 0.00205045 9
0.961265 0.565656 2
0.943873 0.275802 3
0.852615 1.08696e-07 20
0.88131 0.00073919 10
0.883378 0.00167897 9
0.905643 0.0227885 6
0.88891 0.00398286 8
0.932194 0.24724 3
0.930841 0.244676 3
0.921759 0.114473 4
0.871866 0.00012583 12
0.885432 0.00173603 9
0.870385 5.45029e-05 13
0.865019 9.50722e-06 15
0.918632 0.111031 4
0.893392 0.00914901 7
0.873164 0.000129148 12
0.880586 6.70992e-06 16
0.881348 6.88781e-06 16
0.902531 0.00243692 9
0.934953 0.0734313 5
0.919745 0.0286432 6
0.935209 0.0738289 5
0.964652 0.581876 2
0.945673 0.161278 4
0.895599 0.000472805 11
0.902713 0.00244747 9
0.885132 3.63535e-05 14
0.881696 1.51068e-05 15
0.949494 0.29507 3
0.902862 0.00245622 9
0.886194 3.7582e-05 14
0.879852 0.00158974 9
0.968235 1 1
0.934828 0.25261 3
0.891532 0.00893035 7
0.878827 0.00156566 9
0.922445 0.231248 3
0.855449 7.63645e-06 15
0.825018 3.20191e-12 0
0.914248 0.106806 4
0.941327 0.503876 2
0.955926 0.544192 2
0.947495 0.518262 2
0.885176 0.00377503 8
0.957915 0.55166 2
0.962388 0.570785 2
0.883483 0.000352808 11
0.91195 0.0249981 6
0.921014 0.0573311 5
0.936578 0.256486 3
0.91683 0.0540759 5
0.967753 0.598836 2
0.939573 0.263753 3
0.914016 0.0258506 6
0.907381 0.0233446 6
0.923383 0.0594344 5
0.907619 0.0234237 6
0.902124 0.0103902 7
0.946692 0.284912 3
0.930379 0.126366 4
0.910249 0.0243476 6
0.932162 0.247176 3
0.930108 0.243341 3
0.989533 1 1
0.955097 0.54125 2
0.941712 0.269488 3
0.94572 0.513786 2
0.911172 0.050435 5
0.877675 0.000693921 10
0.968351 0.602368 2
0.989454 1 1
0.968965 0.606083 2
0.967143 0.595327 2
0.945918 0.514271 2
0.967054 0.594822 2
0.966935 0.594148 2
0.889366 0.0189234 6
0.977072 1 1
0.949319 0.523186 2
0.91304 0.105747 4
0.897292 0.0440288 5
0.951695 0.530131 2
0.880409 0.00785392 7
0.84976 2.9106e-06 16
0.925369 0.23549 3
0.956945 0.547945 2
0.960716 1 1
0.950332 0.526069 2
0.908895 0.102417 4
0.983888 1 1
0.968371 1 1
0.874851 0.000297285 11
0.96487 0.582998 2
0.928608 0.240713 3
0.885206 0.00172954 9
0.872805 0.000128217 12
0.916471 0.108868 4
0.84928 4.23866e-08 21
0.819096 2.51389e-12 0
0.908672 0.0490521 5
0.934913 0.252794 3
0.950174 0.525613 2
0.942325 0.271224 3
0.8788 0.000707337 10
0.951035 0.528136 2
0.956215 0.545242 2
0.958641 0.337903 3
0.900116 0.000537997 11
0.967586 0.597865 2
0.973716 0.638278 2
0.97049 0.615726 2
0.924017 0.0312333 6
0.923619 0.0309703 6
0.890643 4.35217e-05 14
0.979587 0.688071 2
0.960808 0.350739 3
0.94428 0.157058 4
0.948152 0.16947 4
0.958738 0.338452 3
0.935903 0.0749347 5
0.939501 0.0812725 5
0.870311 4.8669e-06 16
0.994798 1 1
0.928641 0.123635 4
0.892864 0.00198227 9
0.877179 2.89124e-05 14
0.938901 0.262047 3
0.863188 3.45543e-07 19
0.834033 4.69395e-12 0
0.905532 0.0109975 7
0.936045 0.136746 4
0.943267 0.273978 3
0.933266 0.131352 4
0.889557 0.000867356 10
0.961825 0.568186 2
0.950951 0.30084 3
0.874367 2.68622e-05 14
0.965842 0.588132 2
0.931012 0.12741 4
0.911162 0.0246911 6
0.892321 0.0019618 9
0.973416 0.636054 2
0.890777 0.000890121 10
0.8629 3.42337e-07 19
0.908134 0.0115213 7
0.937745 0.259217 3
0.933143 0.131127 4
0.92367 0.0597035 5
0.912231 0.0251098 6
0.963283 0.575046 2
0.939617 0.263865 3
0.885783 0.000371006 11
0.910745 0.0245325 6
0.922284 0.0584327 5
0.939265 0.262966 3
0.919552 0.056131 5
0.966491 0.591674 2
0.942271 0.271071 3
0.916077 0.053545 5
0.909211 0.0239715 6
0.924401 0.0604035 5
0.908254 0.0236383 6
0.903008 0.0105399 7
0.949605 0.295499 3
0.930307 0.126249 4
0.910659 0.0245002 6
0.922562 0.115423 4
0.888135 0.00181776 9
0.933732 0.25031 3
0.978432 1 1
0.963409 0.575661 2
0.933481 0.249797 3
0.967967 0.600088 2
0.932401 0.129795 4
0.933927 0.250713 3
0.931012 0.12741 4
0.91174 0.0507667 5
0.911325 0.0247535 6
0.993936 1 1
0.919389 0.0560017 5
0.910245 0.0243458 6
0.920398 0.0568169 5
0.869765 1.07131e-05 15
0.91786 0.0548275 5
0.966031 0.589154 2
0.962708 0.572295 2
0.914794 0.0526756 5
0.977222 0.666517 2
0.945239 0.280088 3
0.922662 0.0587717 5
0.914241 0.052313 5
0.895503 0.00442306 8
0.896224 0.00447807 8
0.975873 0.655156 2
0.900785 0.0101729 7
0.893341 0.00200059 9
0.950502 0.299025 3
0.907736 0.00277759 9
0.973701 0.638169 2
0.97383 0.639134 2
0.964758 0.582423 2
0.932057 0.069228 5
0.924187 0.0313476 6
0.89057 9.18987e-05 13
0.977611 0.669918 2
0.967665 0.598328 2
0.949614 0.295533 3
0.952102 0.305648 3
0.960257 0.347358 3
0.943833 0.155761 4
0.945547 0.160888 4
0.888064 3.9911e-05 14
0.954035 0.314271 3
0.943006 0.153422 4
0.927775 0.063933 5
0.908391 0.00570193 8
0.986747 0.768237 2
0.905972 0.00265257 9
0.876532 1.2206e-06 18
0.92111 0.0294176 6
0.948943 0.292981 3
0.939654 0.144764 4
0.931204 0.0680918 5
0.928969 0.06531 5
0.969081 0.606794 2
0.944824 0.158676 4
0.868724 4.16384e-07 19
0.903872 0.00517165 8
0.905454 0.00534526 8
0.921655 0.0578799 5
0.902767 0.0050573 8
0.957167 0.329828 3
0.933235 0.131294 4
0.913549 0.0256515 6
0.891713 0.000427038 11
0.908115 0.0115171 7
0.893319 0.000941519 10
0.887437 0.000179236 12
0.932835 0.130569 4
0.917399 0.027416 6
0.896412 0.00101226 10
0.857133 1.44529e-11 0
0.956519 0.326438 3
0.912061 0.0031345 9
0.896024 0.000109916 13
0.876937 2.59521e-07 20
0.962118 0.359097 3
0.882066 1.51454e-06 18
0.857109 1.44336e-11 0
0.889829 1.99914e-05 15
0.918595 0.0143437 7
0.914527 0.00662415 8
0.905087 0.00127501 10
0.898959 0.000251516 12
0.943818 0.155716 4
0.921125 0.0152565 7
0.895164 0.0200752 6
0.886849 0.00386496 8
0.915457 0.107907 4
0.950446 0.5264 2
0.934723 0.252387 3
0.939628 0.500443 2
0.972111 1 1
0.943115 0.50772 2
0.909891 0.103178 4
0.914961 0.10745 4
0.89662 0.0203977 6
0.893897 0.0198065 6
0.965224 0.584842 2
0.911942 0.104822 4
0.897023 0.0204897 6
0.914089 0.00654899 8
0.863029 1.15951e-09 26
0.909649 0.00586988 8
0.957384 0.330985 3
0.955563 0.321604 3
0.909022 0.00287581 9
0.981527 0.707435 2
0.953002 0.309575 3
0.914617 0.00663979 8
0.906121 0.00266268 9
0.887523 3.92142e-05 14
0.888194 4.00823e-05 14
0.967576 0.59781 2
0.893306 0.000210897 12
0.885454 1.71035e-05 15
56 0 2 3 4 5 6 7 8 9 10 11 12 13 14 16 17 18 19 20 21 22 23 24 25 26 27 28 29 30 31 32 33 34 36 37 38 39 40 41 42 43 44 45 46 47 48 49 50 51 52 53 54 55 56 58 59 
1 8 
40 1 4 5 6 8 9 10 11 12 15 16 18 19 21 22 25 26 27 28 30 31 32 33 34 38 40 41 42 43 44 45 46 47 49 50 51 55 56 57 58 
43 1 3 4 5 6 7 8 10 11 12 15 16 17 18 19 21 22 24 25 26 27 28 30 31 32 33 34 38 40 41 42 44 46 49 50 51 52 53 55 56 57 58 59 
56 0 1 2 3 4 5 6 7 8 9 10 11 12 13 14 15 16 17 18 19 21 22 23 24 25 26 27 28 30 31 32 33 34 37 38 39 40 41 42 43 44 45 46 47 48 49 50 51 52 53 54 55 56 57 58 59 
21 1 4 5 6 8 10 11 15 16 25 27 28 31 32 38 40 41 49 50 56 57 
46 0 1 2 4 5 6 8 9 10 11 12 13 15 16 18 19 21 22 25 26 27 28 30 31 32 33 34 37 38 39 40 41 42 43 44 45 46 47 49 50 51 52 55 56 57 58 
43 0 1 2 4 5 6 7 9 10 11 12 13 15 16 17 18 19 21 22 25 26 27 28 30 31 32 33 34 37 38 39 41 42 44 45 46 50 51 52 54 55 56 58 
46 0 1 2 4 5 6 8 9 10 11 12 13 15 16 18 19 21 22 25 26 27 28 30 31 32 33 34 37 38 39 40 41 42 43 44 45 46 47 49 50 51 54 55 56 57 58 
35 1 4 5 6 8 9 10 11 15 16 18 19 21 22 25 27 28 30 31 32 33 34 38 40 41 43 44 46 47 49 50 51 55 56 57 
55 0 1 2 3 4 5 6 7 8 9 10 11 12 15 16 17 18 19 20 21 22 24 25 26 27 28 30 31 32 33 34 35 36 37 38 40 41 42 43 44 45 46 47 48 49 50 51 52 53 54 55 56 57 58 59 
55 0 1 2 3 4 5 6 7 8 9 10 11 12 15 16 17 18 19 20 21 22 24 25 26 27 28 30 31 32 33 34 35 36 37 38 40 41 42 43 44 45 46 47 48 49 50 51 52 53 54 55 56 57 58 59 
42 1 4 5 6 7 8 9 10 11 12 15 16 17 18 19 21 22 25 26 27 28 30 31 32 33 34 38 40 41 42 43 44 46 47 49 50 51 52 55 56 57 58 
35 1 4 5 6 7 8 10 11 12 15 16 17 18 19 21 25 26 27 28 30 31 32 38 40 41 42 44 46 49 50 51 55 56 57 58 
39 1 4 5 6 8 9 10 11 12 15 16 18 19 21 22 25 26 27 28 30 31 32 33 34 38 40 41 42 43 44 46 47 49 50 51 55 56 57 58 
