70 15 8e+06
1.18969 156086
2.08042 133407
2.40801 198918
2.43903 100518
1.21173 167473
1.62522 179682
1.24667 134101
1.62566 138695
1.15342 178033
2.3557 171742
1.79995 111019
2.39427 103041
1.46148 141639
1.06775 157021
2.55374 128352
1.011 195303
2.86335 182145
1.26447 132354
2.39814 108698
1.79676 171392
1.87973 153676
1.02643 140888
1.81292 101340
1.46809 100663
1.49572 186823
1.86916 173497
1.80529 155001
1.63909 129867
2.43885 150217
1.30321 112762
2.27002 170553
2.97967 122897
1.78842 110162
1.05565 185412
1.80062 145941
1.29092 186192
1.74545 130909
2.64819 178036
1.94713 171732
1.92278 197469
1.40488 162099
2.3952 112373
1.41713 115282
1.29394 155485
1.07655 145340
2.1057 165921
1.07445 125535
2.69979 146609
2.5759 187625
1.89843 181673
1.20347 190816
2.52439 156460
2.42334 149919
1.789 186587
1.57539 173018
1.25831 173382
1.94616 162815
2.72626 159194
1.6214 171847
1.13211 197556
1.32533 166402
1.99224 107774
2.29559 138782
1.64501 145672
2.10086 188808
1.95225 164695
2.02479 189626
1.38464 180676
1.92386 182926
1.13191 108084
0.973871 0.639444 2
0.908358 0.011569 7
0.931357 0.12799 4
0.915897 0.0266935 6
0.952579 0.307713 3
0.927828 0.122422 4
0.927522 0.121974 4
0.971726 0.624014 2
0.937843 0.259453 3
0.938262 0.260468 3
0.893002 0.00198754 9
0.997943 1 1
0.952711 0.308291 3
0.93939 0.263284 3
0.937833 0.259429 3
0.891679 9.51572e-05 13
0.933067 0.0706321 5
0.891713 9.52608e-05 13
0.972034 0.626141 2
0.876554 5.58127e-07 19
0.900272 0.000540534 11
0.915574 0.00681065 8
0.901686 0.00115869 10
0.895646 0.000226291 12
0.936839 0.0764821 5
0.972743 0.631155 2
0.91476 0.00666477 8
0.942306 0.151506 4
0.921488 0.0153968 7
0.962905 0.364356 3
0.898217 0.000508803 11
0.977926 0.672711 2
0.859513 8.45504e-11 29
0.944782 0.158549 4
0.875668 2.45905e-07 20
0.860969 2.06126e-10 28
0.984185 0.73671 2
0.927909 0.0340788 6
0.865242 2.89238e-09 25
0.887773 1.85484e-05 15
0.917157 0.0138717 7
0.918461 0.0142981 7
0.902039 0.00116989 10
0.878875 1.33396e-06 18
0.907661 0.00277207 9
0.907647 0.00277102 9
0.97745 0.668506 2
0.874747 2.36649e-07 20
0.96147 0.354902 3
0.885647 1.72171e-05 15
0.8772 5.72765e-07 19
0.974827 0.646783 2
0.933964 0.0719336 5
0.88041 3.07163e-06 17
0.905868 0.00130466 10
0.931728 0.0687852 5
0.930343 0.0669873 5
0.920013 0.0148415 7
0.896078 0.000229338 12
0.92677 0.033192 6
0.884122 7.61267e-05 13
0.926671 0.062722 5
0.887759 0.000180753 12
0.965526 0.586436 2
0.869824 4.32925e-07 19
0.897085 0.00102899 10
0.907448 0.00558226 8
0.893175 0.000443292 11
0.891311 0.000422755 11
0.933504 0.131788 4
0.976314 0.658802 2
0.90671 0.00549205 8
0.936912 0.138561 4
0.917892 0.0276637 6
0.958222 0.335557 3
0.901687 0.000564386 11
0.943916 0.155998 4
0.851584 1.0747e-11 0
0.913331 0.00642259 8
0.879108 1.34609e-06 18
0.850208 1.00157e-11 0
0.973942 0.639982 2
0.934196 0.0722786 5
0.857503 1.47527e-11 0
0.870985 1.87529e-08 23
0.885657 8.04296e-06 16
0.915631 0.00682098 8
0.886014 8.15127e-06 16
0.86526 1.29335e-09 26
0.886266 8.2292e-06 16
0.93017 0.0667703 5
0.932706 0.130337 4
0.917453 0.0274431 6
0.955173 0.319686 3
0.913089 0.0126944 7
0.921991 0.0581733 5
0.933773 0.13229 4
0.938888 0.142959 4
0.922851 0.0589434 5
0.953425 0.311474 3
0.934861 0.13437 4
0.95441 0.316027 3
0.96811 0.600932 2
0.942688 0.152543 4
0.972268 0.627784 2
0.921526 0.0577679 5
0.94199 0.270271 3
0.907278 0.0233107 6
0.966041 0.589208 2
0.903587 0.0106409 7
0.912259 0.025121 6
0.938653 0.26143 3
0.933951 0.132623 4
0.912528 0.0252293 6
0.945001 0.279323 3
0.943733 0.275377 3
0.94613 0.283012 3
0.958314 0.55323 2
0.933145 0.13113 4
0.967541 0.59761 2
0.893602 0.00428504 8
0.921251 0.113886 4
0.900542 0.0101347 7
0.95919 0.556764 2
0.88041 0.000330949 11
0.910099 0.0498261 5
0.906765 0.0231433 6
0.899696 0.0100042 7
0.904044 0.0223077 6
0.947031 0.517064 2
0.962508 0.571351 2
0.915554 0.0531855 5
0.949738 0.524364 2
0.931171 0.24529 3
0.971572 0.622954 2
0.904679 0.0224953 6
0.923286 0.116303 4
0.909341 0.0494098 5
0.958858 0.555411 2
0.891187 0.0041232 8
0.918095 0.110478 4
0.912872 0.0514489 5
0.910113 0.0498338 5
0.913259 0.0516888 5
0.955348 0.542133 2
0.954019 0.537566 2
0.926788 0.120923 4
0.960445 0.562053 2
0.939749 0.264207 3
0.981947 1 1
0.914248 0.0523176 5
0.962443 0.571046 2
0.889826 0.00403795 8
0.972937 1 1
0.893761 0.00919402 7
0.893584 0.00428379 8
0.956851 0.547592 2
0.93469 0.252317 3
0.895307 0.00938898 7
0.924507 0.117844 4
0.9432 0.273777 3
0.938722 0.261601 3
0.9382 0.260315 3
0.913549 0.0518707 5
0.946697 0.516214 2
0.905036 0.0109039 7
0.98008 1 1
0.873194 2.6077e-05 14
0.963526 0.576235 2
0.883196 0.000350652 11
0.875915 6.17699e-05 13
0.972661 0.630566 2
0.931024 0.12743 4
0.8788 0.000145553 12
0.905092 0.0109143 7
0.933964 0.132649 4
0.92784 0.122438 4
0.91898 0.055681 5
0.894974 0.0020662 9
0.92651 0.120534 4
0.943775 0.275505 3
0.895098 0.00936201 7
0.956523 0.546372 2
0.917632 0.110009 4
0.937012 0.257487 3
0.960509 0.562331 2
0.902139 0.02177 6
0.931622 0.24614 3
0.961943 0.568724 2
0.977922 1 1
0.904222 0.0223598 6
0.95659 0.546619 2
0.986168 1 1
0.979022 1 1
0.963971 0.578433 2
0.988236 1 1
0.881282 3.24034e-05 14
0.925092 0.0610859 5
0.883537 7.49228e-05 13
0.974718 0.645931 2
0.915939 0.0267132 6
0.90633 0.00544683 8
0.96267 0.572113 2
0.930615 0.126753 4
0.912246 0.0124765 7
0.860702 1.20409e-08 23
0.963942 0.578289 2
0.923274 0.0593328 5
0.918767 0.0281162 6
0.905836 0.00538906 8
0.966104 1 1
0.88592 0.00834369 7
0.960863 0.563872 2
0.901294 0.0455941 5
0.962536 1 1
0.955666 0.543259 2
0.900357 0.0452108 5
0.943416 0.508393 2
0.967539 1 1
0.953076 0.534468 2
0.884066 0.00817056 7
0.967277 1 1
0.960896 0.56402 2
0.961413 0.566318 2
0.939752 0.500686 2
0.921132 0.229472 3
0.96308 0.574067 2
0.886415 0.00839157 7
0.956374 0.545822 2
0.898861 0.0446204 5
0.888119 0.00856158 7
0.972961 1 1
0.946864 0.516637 2
0.892266 0.019475 6
0.91513 0.107605 4
0.926509 0.237263 3
0.944215 0.510212 2
0.930175 0.243461 3
0.906493 0.047941 5
0.933852 0.250558 3
0.884416 0.000782793 10
0.996588 1 1
0.853789 1.12653e-07 20
0.957543 0.550216 2
0.862881 3.97854e-06 16
0.857133 2.86283e-07 19
0.96202 0.56908 2
0.911123 0.0504064 5
0.85916 6.94414e-07 18
0.887306 0.00179184 9
0.933647 0.250136 3
0.906409 0.0230293 6
0.899995 0.0100499 7
0.87633 0.000137931 12
0.910094 0.0498233 5
0.919744 0.112211 4
0.923586 0.116675 4
0.862965 1.75841e-06 17
0.900661 0.0101534 7
0.89782 0.00972927 7
0.859437 6.99938e-07 18
0.958162 0.552626 2
0.951472 0.52945 2
0.868946 2.35263e-05 14
0.874846 0.000133687 12
0.872457 5.70456e-05 13
0.928132 0.12287 4
0.890038 0.00188038 9
0.871942 5.63948e-05 13
0.885521 0.000799553 10
0.926604 0.0626494 5
0.91692 0.0137969 7
0.867837 8.08614e-08 21
0.89674 0.000487932 11
0.90512 0.00259587 9
0.863563 6.01261e-09 24
0.951472 0.302986 3
0.957144 0.329705 3
0.873807 1.10561e-06 18
0.876935 2.71275e-06 17
0.868651 8.35157e-08 21
0.932591 0.0699628 5
0.892015 0.000203148 12
0.875068 1.15674e-06 18
0.885856 3.71837e-05 14
0.903189 0.0220616 6
0.974618 1 1
0.877984 0.000697562 10
0.977026 1 1
0.882447 0.00165438 9
0.881983 0.00164241 9
0.959276 0.557117 2
0.925694 0.235988 3
0.883351 0.00167822 9
0.91338 0.0517644 5
0.946623 0.516026 2
0.927078 0.238173 3
0.926297 0.236928 3
0.901938 0.0217153 6
0.936595 0.256525 3
0.926927 0.23793 3
0.948235 0.520218 2
0.879026 0.00157026 9
0.930439 0.243939 3
0.903419 0.0465063 5
0.877918 0.00154493 9
0.981163 1 1
0.959299 0.557214 2
0.885116 0.00377189 8
0.898915 0.0209376 6
0.901283 0.0455897 5
0.944359 0.510545 2
0.914517 0.107046 4
0.893452 0.0197144 6
0.91302 0.10573 4
0.941368 0.268533 3
0.902136 0.00499439 8
0.878949 3.03386e-05 14
0.887745 0.000387973 11
0.921635 0.0578624 5
0.872965 5.26022e-06 16
0.93545 0.135538 4
0.965597 0.586815 2
0.884803 0.000167603 12
0.881365 7.07181e-05 13
0.860403 2.69849e-08 22
0.940566 0.146997 4
0.895826 0.00210221 9
0.881936 7.17839e-05 13
0.886128 0.000173284 12
0.943318 0.274128 3
0.879 3.03812e-05 14
0.880548 6.92404e-05 13
0.867999 9.08181e-07 18
0.930182 0.126047 4
0.87228 5.15418e-06 16
0.910984 0.0121649 7
0.9522 0.30607 3
0.885892 0.000172244 12
0.873796 5.39359e-06 16
0.841946 6.704e-12 0
0.932159 0.129369 4
0.886774 0.0003794 11
0.877322 2.90236e-05 14
0.8739 1.1975e-05 15
0.911525 0.0506402 5
0.93224 0.247327 3
0.857489 3.4794e-06 16
0.905912 0.0476588 5
0.889215 0.00400101 8
0.854897 1.41994e-06 17
0.965974 0.588842 2
0.943971 0.50965 2
0.86346 2.07877e-05 14
0.872734 0.000286088 11
0.877774 0.000695087 10
0.92255 0.115408 4
0.88794 0.00392634 8
0.86857 0.000118046 12
0.885497 0.00379188 8
0.923847 0.0311208 6
0.859248 9.70949e-10 26
0.984717 0.74297 2
0.883532 3.46219e-05 14
0.930708 0.0674505 5
0.999 1 1
0.866114 3.37483e-08 22
0.901176 0.00114289 10
0.982112 0.713599 2
0.960298 0.347611 3
0.875654 2.59606e-06 17
0.925004 0.0319072 6
0.951024 0.301138 3
0.976081 0.656866 2
0.934076 0.072099 5
0.938637 0.142379 4
0.871855 2.10558e-07 20
0.981948 0.711861 2
0.894123 0.000216066 12
0.942253 0.151366 4
0.983834 0.732645 2
0.880488 3.08046e-06 17
0.91683 0.0137686 7
0.986479 0.764775 2
0.966582 0.592178 2
0.883152 1.58349e-05 15
0.941133 0.148428 4
0.962682 0.362845 3
0.982349 0.716135 2
0.942726 0.152648 4
0.955228 0.319954 3
0.896066 0.00100385 10
0.89121 0.000421697 11
0.886474 8.13202e-05 13
0.936279 0.137229 4
0.884325 7.65527e-05 13
0.927617 0.063756 5
0.972299 0.627999 2
0.897007 0.00102702 10
0.889685 0.00019033 12
0.859968 5.15482e-09 24
0.949838 0.296403 3
0.903572 0.00514011 8
0.891791 0.000427881 11
0.891604 0.000425873 11
0.898122 0.00977213 7
0.911009 0.0503407 5
0.911533 0.0506448 5
0.947376 0.517954 2
0.886945 0.00178077 9
0.921879 0.114612 4
0.900095 0.0212317 6
0.900187 0.0212552 6
0.914658 0.0525856 5
0.958882 0.555506 2
0.94935 0.523273 2
0.918577 0.110973 4
0.958558 0.554202 2
0.94275 0.272454 3
0.979841 1 1
0.937561 0.139964 4
0.924711 0.0317038 6
0.880474 6.68424e-06 16
0.908699 0.00574214 8
0.914635 0.0131161 7
0.876799 1.23278e-06 18
0.958575 0.337527 3
0.970601 0.616453 2
0.886578 3.80417e-05 14
0.891409 9.43491e-05 13
0.880408 6.66928e-06 16
0.946924 0.165299 4
0.906774 0.00270808 9
0.889152 8.79905e-05 13
0.900487 0.00112212 10
0.894649 0.0199647 6
0.967624 1 1
0.85228 7.13775e-06 15
0.93274 0.48839 2
0.871979 0.00142234 9
0.852947 7.23876e-06 15
0.982732 1 1
0.925716 0.236023 3
0.85806 4.2621e-05 13
0.878174 0.00344509 8
0.905806 0.100198 4
0.91304 0.105748 4
0.892628 0.0195472 6
0.870078 0.000614944 10
0.896993 0.0439189 5
0.98767 1 1
0.890275 0.00878988 7
0.921302 0.113945 4
0.89123 0.00889603 7
0.965924 0.588573 2
0.913476 0.106124 4
0.915887 0.108311 4
0.972823 1 1
0.927177 0.238333 3
0.914024 0.106605 4
0.867453 5.12168e-05 13
0.970867 1 1
0.926374 0.237049 3
0.918827 0.111234 4
0.910242 0.0499056 5
0.90846 0.00283213 9
0.916568 0.00699669 8
0.917084 0.0138484 7
0.95077 0.17918 4
0.896277 0.000230767 12
0.926213 0.0327751 6
0.908644 0.00284628 9
0.911043 0.00304343 9
0.92085 0.0151516 7
0.963852 0.37092 3
0.945917 0.162047 4
0.929543 0.0354377 6
0.967594 0.597916 2
0.947978 0.168866 4
0.989867 1 1
0.937044 0.138844 4
0.915242 0.0263926 6
0.934745 0.134143 4
0.938863 0.1429 4
0.923729 0.0597589 5
0.939637 0.144725 4
0.918915 0.0281949 6
0.936474 0.137636 4
0.940056 0.145738 4
0.969731 0.610852 2
0.923064 0.0591391 5
0.957967 0.334148 3
0.986079 1 1
0.96052 0.562379 2
0.977818 0.671745 2
0.87771 6.44923e-05 13
0.957484 0.549991 2
0.865173 8.30445e-07 18
0.983867 1 1
0.8594 1.34596e-07 20
0.871996 1.13659e-05 15
0.928616 0.123597 4
0.895858 0.00444995 8
0.869651 4.77615e-06 16
0.906749 0.0112354 7
0.976234 0.658132 2
0.901429 0.010276 7
0.915221 0.0529602 5
0.892683 0.00197538 9
0.932483 0.129941 4
0.947404 0.287382 3
0.87419 5.45862e-06 16
0.885424 0.000170224 12
0.865239 1.64328e-07 20
0.936602 0.137904 4
0.87652 1.29024e-05 15
0.905398 0.00533895 8
0.950666 0.299684 3
0.890604 0.000415422 11
0.875861 1.26586e-05 15
0.839732 6.05331e-12 0
0.933212 0.131252 4
0.888274 0.000392797 11
0.880342 3.1545e-05 14
0.87432 5.48037e-06 16
0.943151 0.507801 2
0.88713 0.00388056 8
0.965115 0.584274 2
0.909617 0.0495601 5
0.939845 0.264455 3
0.96882 1 1
0.894793 0.00932297 7
0.927116 0.238235 3
0.970429 1 1
0.97659 1 1
0.897173 0.0205241 6
0.952186 0.531645 2
0.978753 1 1
0.984459 1 1
0.957236 0.549045 2
0.944969 0.279221 3
0.914887 0.0262326 6
0.88487 0.000167883 12
0.90144 0.00492684 8
0.922702 0.0588084 5
0.880116 3.13441e-05 14
0.947889 0.289109 3
0.975668 0.653484 2
0.89093 0.000418775 11
0.891714 0.000427051 11
0.873687 5.37574e-06 16
0.950119 0.297504 3
0.906744 0.00549611 8
0.890944 0.000418922 11
0.89831 0.00221488 9
0.956117 0.544883 2
0.881005 0.00161778 9
0.892706 0.00906677 7
0.873376 0.000289399 11
0.942837 0.507108 2
0.884203 0.00372486 8
0.911718 0.0507537 5
0.959953 0.559947 2
0.898097 0.0207405 6
0.884602 0.00374525 8
0.847858 9.44501e-08 20
0.942763 0.506944 2
0.89728 0.0205488 6
0.888785 0.00397548 8
0.883282 0.00167638 9
0.916537 0.0538676 5
0.936073 0.25534 3
0.909139 0.0239459 6
0.965731 0.587536 2
0.900188 0.0100795 7
0.915437 0.0531057 5
0.929786 0.125413 4
0.926105 0.119973 4
0.913999 0.0521575 5
0.950273 0.298109 3
0.948474 0.291237 3
0.940392 0.265892 3
0.961564 0.567 2
0.936929 0.257295 3
0.97526 0.650205 2
0.963567 0.576436 2
0.900839 0.0101815 7
0.89966 0.00476295 8
0.893888 0.00202208 9
0.942369 0.271353 3
0.893214 0.00199569 9
0.930994 0.127379 4
0.98212 1 1
0.905617 0.0110137 7
0.899408 0.0047407 8
0.867621 4.51284e-06 16
0.960234 0.561144 2
0.913466 0.0256164 6
0.901331 0.0102602 7
0.901186 0.0102368 7
0.961156 0.565171 2
0.88365 0.00168629 9
0.965465 0.586115 2
0.900466 0.0213265 6
0.959579 0.558373 2
0.960752 0.563389 2
0.896931 0.00960527 7
0.938598 0.261293 3
0.972191 1 1
0.956533 0.546409 2
0.884325 0.00170476 9
0.9627 0.572256 2
0.962775 0.57261 2
0.965976 0.588854 2
0.941232 0.268159 3
0.939535 0.263654 3
0.936517 0.256345 3
0.888175 0.00181901 9
0.924003 0.117199 4
0.915726 0.0533025 5
0.885979 0.000806729 10
0.967538 0.59759 2
0.972758 0.631261 2
0.89436 0.00433891 8
0.904041 0.0223066 6
0.89539 0.00441456 8
0.955288 0.541921 2
0.919777 0.0563109 5
0.900235 0.0100869 7
0.915129 0.0528983 5
0.933219 0.131264 4
0.950395 0.526253 2
0.897176 0.00455315 8
0.94955 0.295286 3
0.910826 0.0245631 6
0.898139 0.00463202 8
0.965006 0.583705 2
0.957407 0.549694 2
0.903189 0.0105711 7
0.923192 0.116187 4
0.920876 0.057215 5
0.956843 0.547561 2
0.93893 0.262121 3
0.915869 0.053401 5
0.939149 0.262672 3
0.976356 1 1
0.908276 0.0488435 5
0.926779 0.237692 3
0.913241 0.0516777 5
0.953077 0.53447 2
0.922571 0.115433 4
0.92957 0.242381 3
0.977708 1 1
0.93321 0.249249 3
0.932079 0.247016 3
0.88949 0.00401756 8
0.995012 1 1
0.946492 0.515698 2
0.933397 0.249627 3
0.932196 0.247242 3
0.944354 0.277283 3
0.886993 0.00178225 9
0.880927 0.000334448 11
0.875069 6.05541e-05 13
0.928504 0.123427 4
0.873401 5.82722e-05 13
0.919384 0.0559974 5
0.958398 0.553561 2
0.886483 0.000814744 10
0.877211 0.000140567 12
0.848577 3.30948e-09 24
0.936407 0.256095 3
0.890738 0.00190458 9
0.879793 0.000326866 11
0.878783 0.000145497 12
0.92323 0.116235 4
0.859507 1.60024e-06 17
0.983612 1 1
0.884002 0.00169588 9
0.929847 0.242873 3
0.998389 1 1
0.866137 2.20557e-05 14
0.900825 0.0214196 6
0.981138 1 1
0.960999 0.564473 2
0.876314 0.000305504 11
0.924703 0.118098 4
0.951426 0.529312 2
0.976649 1 1
0.934695 0.252326 3
0.99051 1 1
0.895635 0.00209403 9
0.930859 0.127156 4
0.900378 0.0048276 8
0.966097 0.58951 2
0.924259 0.0602657 5
0.918202 0.027822 6
0.972067 0.626375 2
0.937083 0.138926 4
0.926941 0.0630127 5
0.877501 1.32792e-05 15
0.982704 1 1
0.939534 0.144479 4
0.931259 0.127824 4
0.922865 0.0589566 5
0.904875 0.0225539 6
0.935974 0.255119 3
0.85237 1.07896e-07 20
0.907113 0.0482486 5
0.882542 0.00165686 9
0.850271 4.37179e-08 21
0.967815 0.599198 2
0.937312 0.25819 3
0.858308 1.55031e-06 17
0.869344 5.32961e-05 13
0.87928 0.000713209 10
0.916947 0.109331 4
0.884454 0.00170836 9
0.864498 9.38792e-06 15
0.883265 0.00167594 9
0.965544 1 1
0.867777 0.000262695 11
0.963432 1 1
0.880951 0.00356782 8
0.978349 1 1
0.951939 0.53088 2
0.884947 0.00825168 7
0.933948 0.250757 3
0.968404 1 1
0.935554 0.492982 2
0.863916 0.000108387 12
0.952503 0.532638 2
0.940168 0.501512 2
0.947599 0.518535 2
0.919103 0.226871 3
0.936523 0.137737 4
0.862258 1.2822e-08 23
0.993559 1 1
0.883562 3.46528e-05 14
0.944732 0.278468 3
0.985735 1 1
0.872157 1.04354e-06 18
0.911424 0.0122718 7
0.996874 1 1
0.955701 0.322289 3
0.872657 1.06182e-06 18
0.934708 0.134072 4
0.951218 0.301933 3
0.971879 0.625064 2
0.931532 0.0685241 5
0.978371 1 1
0.889091 0.00184866 9
0.950134 0.525497 2
0.90057 0.0101391 7
0.969093 0.606866 2
0.943757 0.275451 3
0.906689 0.0231187 6
0.954087 0.537795 2
0.956594 0.546634 2
0.942808 0.272624 3
0.880988 0.000334866 11
0.975859 1 1
0.952946 0.53405 2
0.949556 0.523849 2
0.933223 0.249274 3
0.993223 1 1
0.884423 1.65167e-05 15
0.93906 0.143358 4
0.891214 9.37705e-05 13
0.978783 0.680497 2
0.930586 0.0672956 5
0.906056 0.0026583 9
0.959665 0.343819 3
0.944963 0.159095 4
0.926977 0.0333496 6
0.86989 3.95465e-08 22
0.972139 0.626875 2
0.937407 0.0774557 5
0.933987 0.0719673 5
0.918738 0.0143923 7
0.934951 0.134547 4
0.92528 0.0612747 5
0.878017 6.49789e-05 13
0.908162 0.0115272 7
0.912138 0.0250727 6
0.87441 1.2147e-05 15
0.95952 0.558127 2
0.967859 0.599458 2
0.884106 0.000164745 12
0.889275 0.000862259 10
0.879815 6.79585e-05 13
0.944326 0.277197 3
0.904634 0.0108294 7
0.886855 0.000380106 11
0.898705 0.00467983 8
0.946477 0.284178 3
0.935458 0.135553 4
0.898347 0.00221667 9
0.929231 0.124541 4
0.922589 0.0587065 5
0.896584 0.00213532 9
0.961527 0.566832 2
0.976731 0.662309 2
0.904591 0.00524908 8
0.91519 0.026369 6
0.901182 0.00490236 8
0.965495 0.586276 2
0.931111 0.127575 4
0.911321 0.0122464 7
0.925703 0.061705 5
0.87438 2.33095e-07 20
0.924972 0.0318847 6
0.878056 1.29266e-06 18
0.962502 0.361644 3
0.859968 1.95868e-10 28
0.887587 3.9296e-05 14
0.902522 0.00118548 10
0.88442 7.68302e-06 16
0.881443 3.19202e-06 17
0.923488 0.0308852 6
0.984127 0.736036 2
0.896937 0.000235605 12
0.926289 0.0328314 6
0.907981 0.00279581 9
0.947443 0.167035 4
0.927799 0.122378 4
0.92451 0.117848 4
0.923426 0.116476 4
0.950739 0.527259 2
0.912952 0.0514982 5
0.92924 0.124556 4
0.924059 0.11727 4
0.932228 0.247304 3
0.928468 0.123373 4
0.962759 0.572533 2
0.934744 0.25243 3
0.950536 0.526664 2
0.976256 1 1
0.950719 0.527199 2
0.982122 1 1
0.884897 0.000363795 11
0.970251 0.614175 2
0.844582 1.77039e-11 30
0.932124 0.129309 4
0.862506 3.38031e-07 19
0.845817 4.36235e-11 29
0.972191 0.627241 2
0.915382 0.0530686 5
0.850247 6.58072e-10 26
0.872148 1.14129e-05 15
0.90701 0.011288 7
0.903671 0.0106557 7
0.886109 0.000373732 11
0.863346 7.8528e-07 18
0.892059 0.00195209 9
0.9586 0.554371 2
0.866843 0.000258672 11
0.900389 0.0452234 5
0.86301 0.000106662 12
0.954227 0.538265 2
0.890209 0.00878265 7
0.895732 0.0201992 6
0.947905 0.519339 2
0.905198 0.0473189 5
0.884782 0.00823635 7
0.839004 5.59895e-09 23
0.938031 0.497393 2
0.895732 0.0201992 6
0.891357 0.0192972 6
0.879489 0.00350202 8
0.882089 7.20741e-05 13
0.94959 0.295438 3
0.836215 5.16697e-12 0
0.913062 0.025448 6
0.859807 2.63893e-08 22
0.836064 5.13251e-12 0
0.964248 0.579819 2
0.913756 0.0257393 6
0.841966 6.71018e-12 0
0.859543 2.61312e-08 22
0.887748 0.000388004 11
0.897747 0.00218831 9
0.873916 5.41332e-06 16
0.852225 3.10311e-10 27
0.877393 2.90786e-05 14
0.895144 0.00439621 8
0.957766 0.551076 2
0.881545 0.000154953 12
0.995963 1 1
0.876723 6.29701e-05 13
0.88779 0.000836336 10
0.937433 0.258474 3
0.912121 0.0250658 6
0.886309 0.000811953 10
0.922372 0.0585117 5
0.967261 0.596001 2
0.919325 0.0559513 5
0.932388 0.129772 4
0.908743 0.0238069 6
0.948166 0.290109 3
0.975994 0.656149 2
0.882459 3.35346e-05 14
0.955258 0.320101 3
0.894613 0.000969924 10
0.973739 0.638453 2
0.947408 0.287396 3
0.899882 0.00229274 9
0.947987 0.28946 3
0.961527 0.566832 2
0.941608 0.149656 4
0.875909 5.7572e-06 16
0.968573 0.6037 2
0.949928 0.296753 3
0.950284 0.298152 3
0.929452 0.0658886 5
0.937435 0.13969 4
0.889942 0.000408758 11
0.87445 5.50222e-06 16
0.875629 5.70682e-06 16
0.920662 0.0291584 6
0.867428 3.98043e-07 19
0.923022 0.0591001 5
0.955482 0.321203 3
0.880067 3.13002e-05 14
0.872924 2.37131e-06 17
0.848739 9.30168e-12 0
0.931983 0.129063 4
0.886794 0.000176268 12
0.87469 5.54285e-06 16
0.875969 5.76796e-06 16
0.96874 0.604708 2
0.864424 1.83221e-06 17
0.916839 0.0540826 5
0.865337 1.88076e-06 17
0.972188 0.627217 2
0.905806 0.022839 6
0.890653 0.00190161 9
0.945722 0.281658 3
0.921395 0.0576555 5
0.896655 0.00451177 8
0.842923 1.64145e-11 30
0.944027 0.276274 3
0.906165 0.0229518 6
0.904901 0.0108787 7
0.888188 0.000843117 10
0.926931 0.0333143 6
0.922972 0.0159973 7
0.869551 7.91481e-09 24
0.902644 0.000581549 11
0.904776 0.00126354 10
0.865816 1.32982e-09 26
0.957745 0.332932 3
0.958849 0.339082 3
0.87557 1.11849e-07 21
0.88057 1.42577e-06 18
0.874361 1.06028e-07 21
0.935074 0.073618 5
0.895806 0.000109093 13
0.878073 5.93445e-07 19
0.89042 4.31895e-05 14
0.946817 0.164946 4
0.926553 0.0330285 6
0.891382 9.42664e-05 13
0.915534 0.0133755 7
0.92305 0.0306025 6
0.888033 3.98714e-05 14
0.957734 0.332872 3
0.980954 0.701547 2
0.897579 0.000499602 11
0.903043 0.00120275 10
0.887487 3.91689e-05 14
0.958923 0.339504 3
0.918572 0.0143357 7
0.900795 0.0011313 10
0.911563 0.00614508 8
0.973057 0.633426 2
0.90421 0.010752 7
0.938633 0.26138 3
0.914584 0.0260983 6
0.955056 0.54111 2
0.935248 0.135133 4
0.921453 0.057705 5
0.964165 0.579404 2
0.945172 0.279872 3
0.944467 0.277635 3
0.89316 0.000938123 10
0.990026 1 1
0.958207 0.552803 2
0.94654 0.284393 3
0.941516 0.268945 3
0.923577 0.232842 3
0.870989 0.000623488 10
0.971174 1 1
0.897237 0.0440084 5
0.925453 0.235619 3
0.984005 1 1
0.8754 0.00149038 9
0.90546 0.0474427 5
0.972045 1 1
0.976122 1 1
0.890217 0.0190807 6
0.929934 0.243028 3
0.964531 1 1
0.990425 1 1
0.949227 0.522928 2
0.900353 0.0101051 7
0.956191 0.545155 2
0.886378 0.00176372 9
0.99023 1 1
0.881917 0.000747326 10
0.892397 0.00420252 8
0.939174 0.262735 3
0.916845 0.0540867 5
0.891237 0.00412638 8
0.926787 0.120922 4
0.96303 0.573828 2
0.924664 0.118047 4
0.937373 0.258332 3
0.913386 0.0517686 5
0.95239 0.532282 2
0.891245 0.00412688 8
0.982567 1 1
0.854169 1.13978e-07 20
0.945321 0.280351 3
0.868933 2.3519e-05 14
0.856073 2.77415e-07 19
0.976438 1 1
0.920485 0.113023 4
0.8598 1.61284e-06 17
0.883727 0.000772678 10
0.919076 0.111497 4
0.91169 0.0507371 5
0.89756 0.00969251 7
0.874273 0.00013211 12
0.904473 0.0224338 6
0.945424 0.513067 2
0.937491 0.258612 3
0.899421 0.0210623 6
0.932514 0.247863 3
0.921724 0.114433 4
0.898093 0.0207395 6
0.961897 0.568514 2
0.974155 1 1
0.905654 0.0475348 5
0.917693 0.110071 4
0.90447 0.0224328 6
0.965804 0.587926 2
0.933679 0.250203 3
0.913342 0.0517408 5
0.928851 0.241129 3
45 0 2 3 5 7 10 11 13 15 16 17 18 19 20 21 22 23 26 28 29 30 33 34 36 37 39 41 42 43 44 46 47 52 53 56 57 58 59 61 62 63 64 67 68 69 
32 2 5 13 16 17 18 20 21 22 23 26 28 29 30 34 36 37 39 41 44 47 52 53 56 57 58 61 62 63 64 68 69 
68 0 1 2 3 4 6 7 8 9 10 11 12 13 14 15 16 17 18 19 20 21 22 23 24 25 26 27 28 29 30 31 32 33 34 35 36 37 38 39 40 41 42 43 44 45 46 47 48 49 50 51 52 53 54 55 56 57 59 60 61 62 63 64 65 66 67 68 69 
43 0 2 3 5 10 11 13 15 16 17 18 19 20 21 22 23 26 28 29 30 34 36 37 39 41 42 43 44 46 47 51 52 53 56 57 58 61 62 63 64 65 68 69 
64 0 1 2 3 4 5 6 7 8 9 10 11 12 13 14 15 16 17 18 19 20 21 22 23 26 27 28 29 30 31 32 33 34 35 36 37 38 39 40 41 42 43 44 46 47 50 51 52 53 54 55 56 57 58 59 60 61 62 63 64 65 67 68 69 
66 0 1 2 3 4 6 7 8 9 10 11 12 13 14 15 16 17 18 19 20 21 22 23 25 26 27 28 29 30 31 32 33 34 35 36 37 38 39 40 41 42 43 44 46 47 48 49 50 51 52 53 54 55 56 57 59 60 61 62 63 64 65 66 67 68 69 
19 5 17 18 21 22 23 26 28 29 34 36 37 44 47 52 56 58 61 63 
26 2 5 17 18 20 21 22 23 26 28 29 34 36 37 39 41 44 47 52 56 57 58 61 63 64 68 
64 0 1 2 3 4 6 7 8 9 10 11 12 13 14 15 16 17 18 19 20 21 22 23 25 26 27 28 29 30 31 32 33 34 35 36 37 38 39 40 41 42 43 44 46 47 48 50 51 52 53 54 55 56 57 59 60 61 62 63 64 65 67 68 69 
65 0 1 2 3 4 5 6 7 8 9 10 11 12 13 14 15 16 17 18 19 20 21 22 23 26 27 28 29 30 31 32 33 34 35 36 37 38 39 40 41 42 43 44 46 47 48 50 51 52 53 54 55 56 57 58 59 60 61 62 63 64 65 67 68 69 
34 2 3 5 10 11 15 16 17 18 19 20 21 23 26 28 29 33 36 37 39 41 42 44 47 52 53 56 58 59 63 64 67 68 69 
41 2 3 5 7 10 11 15 16 17 18 19 20 21 22 23 26 28 29 30 33 34 36 37 39 41 42 43 44 47 52 53 56 57 58 59 61 63 64 67 68 69 
57 0 1 2 3 4 5 6 7 8 9 10 11 13 15 16 17 18 19 20 21 22 23 26 27 28 29 30 31 32 33 34 36 37 38 39 41 42 43 44 46 47 51 52 53 54 55 56 57 58 59 61 63 64 65 67 68 69 
64 0 1 2 3 4 5 6 7 8 9 10 11 12 13 14 15 16 17 18 19 20 21 22 23 26 27 28 29 30 31 32 33 34 35 36 37 38 39 40 41 42 43 44 46 47 50 51 52 53 54 55 56 57 58 59 60 61 62 63 64 65 67 68 69 
55 0 1 2 3 4 5 6 7 8 9 10 11 15 16 17 18 19 20 21 22 23 26 27 28 29 30 31 32 33 34 36 37 38 39 41 42 43 44 46 47 52 53 54 55 56 57 58 59 61 63 64 65 67 68 69 
