70 15 8e+06
2.37278 167423
2.12553 123361
2.15387 137806
1.20737 150462
1.35643 161377
2.82938 106036
2.86448 130834
1.48571 177130
1.44252 166659
1.63286 179881
1.87689 141709
1.18188 133328
2.68478 159050
1.65104 143030
2.01149 124210
1.43126 131232
2.53458 137895
2.86624 169102
2.47388 173697
1.28218 158950
2.04977 146977
1.34827 178460
2.10035 157018
2.10576 196317
2.03088 122465
1.29943 121861
1.94199 191602
1.96069 198133
1.6421 153780
2.32503 128096
2.71371 176800
1.69371 157944
2.10463 130974
1.5792 129863
1.68759 100516
2.44826 170632
1.71866 133965
1.98031 154954
2.96929 185506
1.682 116320
1.73481 130256
1.01257 195143
2.20349 154718
2.89075 131965
1.67532 198668
2.20612 187235
1.26686 111484
1.84424 132080
2.72186 139147
1.90437 108918
1.27327 196492
1.88556 122245
1.71024 136678
1.67421 166751
2.08191 105089
1.36499 138125
1.92274 184587
2.53619 119015
1.55494 150688
1.41914 172420
1.97719 133562
1.75144 130418
1.87637 113830
1.45192 144694
1.44498 183944
1.60899 116111
1.02349 130752
1.30524 129863
2.35159 136364
1.52911 193607
0.879428 1.40723e-05 15
0.914995 0.0132187 7
0.900669 0.0023338 9
0.897038 0.00102781 10
0.896148 0.00100582 10
0.91776 0.0275972 6
0.898395 0.00106309 10
0.912925 0.0126515 7
0.951985 0.30515 3
0.918536 0.027995 6
0.912518 0.0125459 7
0.949008 0.293223 3
0.94352 0.154864 4
0.954808 0.31792 3
0.977487 0.668829 2
0.954518 0.539252 2
0.949005 0.522314 2
0.977018 1 1
0.917179 0.224551 3
0.97456 1 1
0.940906 0.503007 2
0.924507 0.234196 3
0.973066 1 1
0.952439 0.532437 2
0.972751 1 1
0.944654 0.511233 2
0.93458 0.491345 2
0.962791 1 1
0.962476 1 1
0.940365 0.501907 2
0.890785 0.00409759 8
0.914561 0.107086 4
0.91226 0.0510764 5
0.890804 0.0040988 8
0.911228 0.0504671 5
0.914395 0.106936 4
0.89397 0.00921976 7
0.919982 0.112469 4
0.974997 1 1
0.924779 0.118197 4
0.911192 0.0504462 5
0.973942 1 1
0.964578 0.581495 2
0.967893 0.599656 2
0.979406 1 1
0.938355 0.260695 3
0.992413 1 1
0.954172 0.538078 2
0.960118 0.56065 2
0.938549 0.261172 3
0.985808 1 1
0.966717 0.592927 2
0.975799 0.65455 2
0.928431 0.123318 4
0.980034 1 1
0.98809 1 1
0.910016 0.0242616 6
0.933842 0.250537 3
0.948509 0.291365 3
0.938338 0.260653 3
0.870077 0.000273103 11
0.900318 0.0212887 6
0.891183 0.0088908 7
0.881219 0.00162312 9
0.888927 0.00864538 7
0.90228 0.0460098 5
0.88288 0.00365909 8
0.901044 0.0454906 5
0.950561 0.526737 2
0.906267 0.0478306 5
0.897604 0.0206242 6
0.95466 0.539737 2
0.940323 0.501823 2
0.946139 0.514816 2
0.965579 0.586721 2
0.880635 0.000730347 10
0.918102 0.110485 4
0.901801 0.0216783 6
0.9009 0.0214391 6
0.89656 0.00955474 7
0.921261 0.113898 4
0.902054 0.0217468 6
0.914849 0.0527115 5
0.950065 0.525297 2
0.920568 0.113115 4
0.915759 0.0533256 5
0.945616 0.513532 2
0.942238 0.270977 3
0.954973 0.54082 2
0.977915 1 1
0.951846 0.530594 2
0.925969 0.236414 3
0.965893 1 1
0.895229 0.0200895 6
0.979596 1 1
0.917573 0.10995 4
0.902732 0.0462049 5
0.951206 0.528649 2
0.946143 0.514825 2
0.949333 0.523224 2
0.921838 0.230418 3
0.932869 0.248565 3
0.956936 0.547909 2
0.946746 0.516338 2
0.924751 0.23456 3
0.86072 1.40613e-07 20
0.913015 0.0254287 6
0.878906 6.64231e-05 13
0.912682 0.025292 6
0.86867 2.07539e-06 17
0.921165 0.0574588 5
0.909465 0.0240619 6
0.897062 0.004544 8
0.905047 0.0109059 7
0.902769 0.0104989 7
0.913127 0.0254748 6
0.897428 0.00457347 8
0.900242 0.00481518 8
0.917292 0.0544093 5
0.934908 0.134462 4
0.861834 4.85705e-10 27
0.916543 0.0136793 7
0.878876 1.33403e-06 18
0.920791 0.0151295 7
0.867413 7.15472e-09 24
0.925567 0.0323054 6
0.916544 0.0136798 7
0.897901 0.000504207 11
0.897792 0.000502641 11
0.903379 0.00121412 10
0.917317 0.0139225 7
0.888566 4.05768e-05 14
0.89412 0.000216046 12
0.91191 0.00619771 8
0.927146 0.0334796 6
0.910786 0.103882 4
0.951572 0.529753 2
0.931952 0.246772 3
0.929517 0.242287 3
0.92335 0.232517 3
0.953343 0.535334 2
0.93235 0.487786 2
0.947825 0.519129 2
0.955073 0.541166 2
0.953925 0.537253 2
0.948736 0.521576 2
0.939641 0.500469 2
0.954109 0.537868 2
0.973859 1 1
0.97798 1 1
0.896431 0.00449417 8
0.935114 0.253226 3
0.917762 0.0547545 5
0.915627 0.053235 5
0.911149 0.0504217 5
0.937676 0.259053 3
0.917549 0.0545972 5
0.93191 0.24669 3
0.95659 0.546619 2
0.937797 0.259341 3
0.932535 0.247905 3
0.945799 0.281912 3
0.951614 0.529883 2
0.968485 0.603167 2
0.987868 1 1
0.952362 0.306769 3
0.973872 0.639449 2
0.972386 0.62861 2
0.941219 0.268123 3
0.957974 0.551888 2
0.965153 0.584473 2
0.948656 0.291907 3
0.991892 1 1
0.939656 0.14477 4
0.997529 1 1
0.969416 0.608868 2
0.920712 0.0570772 5
0.947359 0.287225 3
0.957336 0.549425 2
0.940483 0.266135 3
0.900765 0.0214038 6
0.893034 0.0091059 7
0.917287 0.109665 4
0.863827 2.09545e-05 14
0.926992 0.238034 3
0.888062 0.00393335 8
0.869534 0.000120234 12
0.911419 0.0505785 5
0.960974 0.564362 2
0.912849 0.105584 4
0.888898 0.00398215 8
0.966896 0.593928 2
0.961593 0.567131 2
0.942395 0.506144 2
0.930695 0.244408 3
0.891157 0.00191939 9
0.90545 0.0227291 6
0.911833 0.0249516 6
0.8795 0.00014785 12
0.914182 0.0522753 5
0.903705 0.0106617 7
0.883487 0.000352834 11
0.915429 0.0531002 5
0.979863 1 1
0.919322 0.0559487 5
0.901735 0.0103259 7
0.99201 1 1
0.969103 0.606927 2
0.961783 0.567992 2
0.963367 0.575457 2
0.911522 0.104476 4
0.965355 1 1
0.929956 0.243068 3
0.950434 0.526366 2
0.917445 0.109823 4
0.97135 1 1
0.951915 0.530805 2
0.949916 0.524871 2
0.933661 0.250165 3
0.955817 0.543802 2
0.964185 0.579502 2
0.917736 0.110114 4
0.934522 0.25196 3
0.953638 0.5363 2
0.955617 0.543085 2
0.889506 0.00186242 9
0.906896 0.0231858 6
0.910464 0.0244272 6
0.881735 0.000340051 11
0.911798 0.0249378 6
0.905709 0.022809 6
0.885414 0.0007979 10
0.915374 0.0530632 5
0.977999 1 1
0.919574 0.0561488 5
0.903298 0.0105902 7
0.986062 1 1
0.966813 0.593464 2
0.962699 0.572249 2
0.967571 0.597783 2
0.867032 3.9267e-07 19
0.89546 0.000989419 10
0.888024 0.000182019 12
0.875963 5.76691e-06 16
0.886513 0.000174994 12
0.897149 0.00216071 9
0.877743 1.33749e-05 15
0.897079 0.00215754 9
0.94927 0.294214 3
0.902159 0.00499665 8
0.89267 0.000927861 10
0.955783 0.3227 3
0.938702 0.142529 4
0.942729 0.272391 3
0.960842 0.563783 2
0.88426 0.00078048 10
0.912349 0.0511304 5
0.905696 0.0228048 6
0.890707 0.00409268 8
0.903537 0.0221608 6
0.913304 0.0517171 5
0.893175 0.00425535 8
0.915037 0.0528371 5
0.965215 0.584799 2
0.920167 0.112672 4
0.909295 0.0240013 6
0.965018 0.583764 2
0.955269 0.541855 2
0.961546 0.566918 2
0.97928 1 1
0.908735 0.00574682 8
0.90294 0.00246079 9
0.926312 0.0623393 5
0.873404 1.08997e-06 18
0.93498 0.134604 4
0.897897 0.00104989 10
0.879182 1.39671e-05 15
0.921283 0.0295192 6
0.969702 0.610665 2
0.922865 0.0304853 6
0.898759 0.00107296 10
0.970543 0.616078 2
0.971862 0.624951 2
0.952218 0.306147 3
0.938742 0.142621 4
0.855563 6.90628e-11 29
0.886176 3.75606e-05 14
0.876312 1.21066e-06 18
0.86883 8.41169e-08 21
0.874381 1.12849e-06 18
0.888662 8.67043e-05 13
0.869952 1.9555e-07 20
0.886057 3.74196e-05 14
0.936066 0.136788 4
0.891241 0.000198728 12
0.883676 1.61106e-05 15
0.943297 0.154234 4
0.925657 0.0323696 6
0.930357 0.0670052 5
0.949649 0.295669 3
0.896297 0.000230908 12
0.926262 0.0328114 6
0.918042 0.0141581 7
0.903541 0.00121971 10
0.914422 0.00660588 8
0.926941 0.0333222 6
0.90638 0.00268058 9
0.928633 0.0346682 6
0.970237 0.614084 2
0.933969 0.0719397 5
0.923101 0.0306356 6
0.961722 0.356519 3
0.962718 0.363091 3
0.974254 0.642345 2
0.993926 1 1
0.867431 1.00915e-05 15
0.919942 0.112426 4
0.885739 0.000802955 10
0.918452 0.0552737 5
0.875331 0.000135048 12
0.928003 0.12268 4
0.915584 0.0532059 5
0.904056 0.022311 6
0.910504 0.0500534 5
0.909808 0.0241857 6
0.919956 0.112441 4
0.90195 0.0103613 7
0.906105 0.0229328 6
0.923586 0.116675 4
0.940494 0.266162 3
0.891351 0.000423179 11
0.94389 0.275854 3
0.910174 0.011974 7
0.935852 0.13635 4
0.899162 0.00225641 9
0.951056 0.301267 3
0.93498 0.134604 4
0.928992 0.0653381 5
0.928252 0.0644749 5
0.934921 0.134487 4
0.943276 0.274005 3
0.915901 0.0266956 6
0.925893 0.0619013 5
0.944841 0.278814 3
0.956816 0.327982 3
0.956308 0.54558 2
0.938622 0.498503 2
0.975378 1 1
0.907352 0.0483694 5
0.981831 1 1
0.930201 0.243508 3
0.914855 0.107353 4
0.963837 0.577765 2
0.949531 0.523779 2
0.962307 0.570411 2
0.934403 0.251708 3
0.933504 0.249844 3
0.960505 0.562313 2
0.955003 0.540925 2
0.932613 0.248058 3
0.954781 0.540155 2
0.957009 0.548184 2
0.977945 1 1
0.924899 0.118354 4
0.970019 0.61268 2
0.948828 0.521826 2
0.932235 0.247319 3
0.980498 1 1
0.949703 0.524265 2
0.980864 1 1
0.952612 0.532985 2
0.931125 0.245204 3
0.959201 0.556809 2
0.963067 0.574005 2
0.94206 0.270471 3
0.958943 0.555754 2
0.941958 0.270182 3
0.97896 1 1
0.910673 0.050149 5
0.982937 1 1
0.933342 0.249515 3
0.918264 0.110651 4
0.967508 0.597417 2
0.947774 0.518994 2
0.965723 0.587488 2
0.937759 0.259251 3
0.931227 0.245395 3
0.95862 0.554451 2
0.954791 0.540191 2
0.932514 0.247863 3
0.922844 0.0159438 7
0.941406 0.149132 4
0.945175 0.159742 4
0.912485 0.00317393 9
0.942436 0.151859 4
0.938155 0.0787759 5
0.917562 0.00719251 8
0.95237 0.185709 4
0.978758 0.680269 2
0.956704 0.327397 3
0.937324 0.0773111 5
0.959222 0.341225 3
0.982419 0.716898 2
0.995538 1 1
0.972271 0.627804 2
0.836623 5.2615e-12 0
0.880174 1.40354e-06 18
0.856256 1.37727e-11 0
0.87332 1.01346e-07 21
0.849939 9.88029e-12 0
0.886183 8.20367e-06 16
0.871536 4.2503e-08 22
0.870873 1.86557e-08 23
0.901394 0.000559316 11
0.876542 2.55171e-07 20
0.87917 6.20979e-07 19
0.902009 0.00057008 11
0.893096 9.96028e-05 13
0.904819 0.00126513 10
0.926504 0.0329912 6
0.928451 0.0647043 5
0.9854 1 1
0.945077 0.279565 3
0.961246 0.565569 2
0.93037 0.0670211 5
0.98799 1 1
0.965851 0.58818 2
0.966423 0.591299 2
0.929375 0.0657954 5
0.971535 0.622701 2
0.983419 1 1
0.911537 0.0122995 7
0.933314 0.131439 4
0.950024 0.29713 3
0.943601 0.274978 3
0.887663 0.00391057 8
0.908899 0.0491726 5
0.908887 0.0491661 5
0.884836 0.00171904 9
0.908955 0.0492024 5
0.908436 0.0489275 5
0.888113 0.00393628 8
0.915415 0.107869 4
0.974407 1 1
0.919975 0.112462 4
0.905468 0.0474465 5
0.978617 1 1
0.963348 0.575364 2
0.963239 0.574837 2
0.97262 1 1
0.835674 5.04464e-12 0
0.882422 0.000158185 12
0.854728 9.57095e-09 23
0.878899 6.64123e-05 13
0.847121 1.07436e-10 28
0.889329 0.000863223 10
0.876282 2.82306e-05 14
0.87057 4.90329e-06 16
0.89443 0.00204385 9
0.876255 2.82107e-05 14
0.881898 0.000156239 12
0.892938 0.0019851 9
0.886991 0.000823 10
0.900385 0.00482823 8
0.92144 0.0576942 5
0.854382 6.08127e-07 18
0.893228 0.00912915 7
0.874904 0.000297574 11
0.880551 0.000729258 10
0.87007 0.00012148 12
0.897633 0.00970287 7
0.880345 0.00072661 10
0.887909 0.0039246 8
0.925857 0.119634 4
0.893539 0.0091669 7
0.891437 0.00413927 8
0.927327 0.238577 3
0.916827 0.109213 4
0.926998 0.238044 3
0.949123 0.52264 2
0.871605 0.000125181 12
0.925921 0.119721 4
0.889267 0.00400414 8
0.926614 0.237428 3
0.877976 0.000697462 10
0.934555 0.252029 3
0.923313 0.116336 4
0.908258 0.0488344 5
0.908585 0.0490058 5
0.913894 0.0520903 5
0.92631 0.236948 3
0.898594 0.0208597 6
0.905142 0.0472926 5
0.923256 0.116266 4
0.938072 0.260006 3
0.895642 0.000226264 12
0.954291 0.315467 3
0.908372 0.00282542 9
0.970363 0.614901 2
0.893303 0.000210878 12
0.964678 0.376874 3
0.964535 0.375828 3
0.928848 0.0651681 5
0.898206 0.000508644 11
0.932866 0.0703479 5
0.957207 0.330039 3
0.882959 7.28837e-06 16
0.899539 0.000528829 11
0.917636 0.0140252 7
0.920532 0.029084 6
0.904837 0.00257757 9
0.920219 0.0289069 6
0.926202 0.0327667 6
0.893101 0.000209634 12
0.927123 0.0632106 5
0.917947 0.014127 7
0.897499 0.000498465 11
0.930714 0.0674581 5
0.99374 1 1
0.934714 0.073062 5
0.91636 0.0136233 7
0.981154 0.703586 2
0.982711 0.720068 2
0.977591 0.669744 2
0.972381 0.628581 2
0.903081 0.046357 5
0.905628 0.0475228 5
0.92237 0.231145 3
0.877054 0.00152574 9
0.928284 0.240164 3
0.901764 0.0457905 5
0.882214 0.00362701 8
0.920987 0.229281 3
0.980152 1 1
0.923576 0.232841 3
0.901555 0.045703 5
0.984501 1 1
0.977012 1 1
0.959536 0.558197 2
0.949967 0.525017 2
0.923051 0.059127 5
0.9839 1 1
0.937289 0.139371 4
0.972188 0.627217 2
0.921792 0.0579993 5
0.994331 1 1
0.975476 0.651934 2
0.958464 0.553826 2
0.918665 0.0280626 6
0.962567 0.571626 2
0.985458 1 1
0.901266 0.00491033 8
0.922281 0.0584301 5
0.939117 0.143491 4
0.934677 0.134012 4
0.905575 0.00535912 8
0.958917 0.33947 3
0.924223 0.0602306 5
0.946366 0.283803 3
0.912246 0.0124766 7
0.965381 0.585671 2
0.947031 0.286079 3
0.943781 0.275523 3
0.933023 0.130909 4
0.949721 0.295947 3
0.95794 0.334001 3
0.918059 0.0277488 6
0.932836 0.130571 4
0.952178 0.305973 3
0.957447 0.331325 3
0.866344 0.000582123 10
0.922794 0.231732 3
0.882178 0.00800317 7
0.931283 0.245501 3
0.869595 0.000610506 10
0.932471 0.487972 2
0.926161 0.236714 3
0.901848 0.0458261 5
0.893608 0.0197465 6
0.90702 0.101046 4
0.924196 0.233739 3
0.882727 0.00805094 7
0.891154 0.0192582 6
0.909442 0.102832 4
0.921951 0.230571 3
0.963759 0.577379 2
0.973211 0.634546 2
0.972915 0.63239 2
0.947089 0.28628 3
0.95539 0.54228 2
0.962743 0.572461 2
0.955765 0.543615 2
0.984535 1 1
0.919267 0.0559053 5
0.979906 1 1
0.970841 0.618038 2
0.900835 0.0101807 7
0.927526 0.12198 4
0.935933 0.255028 3
0.919862 0.0563794 5
0.887081 0.00845695 7
0.935435 0.492779 2
0.906939 0.100988 4
0.924224 0.23378 3
0.897602 0.0441433 5
0.941314 0.503849 2
0.923956 0.233388 3
0.924251 0.233819 3
0.934901 0.491879 2
0.930282 0.243654 3
0.934188 0.4907 2
0.924477 0.234153 3
0.930877 0.244744 3
0.94893 0.522107 2
0.96531 1 1
0.935124 0.134887 4
0.923447 0.0594941 5
0.953124 0.310119 3
0.892472 0.000923759 10
0.961872 0.568399 2
0.91666 0.0270549 6
0.899186 0.00472127 8
0.945385 0.280558 3
0.964301 0.580087 2
0.94576 0.281786 3
0.919137 0.0558031 5
0.951887 0.304731 3
0.974682 0.645646 2
0.959802 0.559312 2
0.93892 0.262094 3
0.947212 0.286709 3
0.945751 0.281755 3
0.969393 0.608728 2
0.914001 0.0258443 6
0.968758 0.604819 2
0.938535 0.261137 3
0.920928 0.0572585 5
0.967586 0.597868 2
0.959914 0.55978 2
0.968543 0.603517 2
0.941341 0.26846 3
0.941921 0.270078 3
0.970367 0.61493 2
0.968799 0.605064 2
0.946191 0.283217 3
0.847749 1.19294e-06 17
0.898358 0.0444277 5
0.866127 0.000255663 11
0.897918 0.0442614 5
0.856757 1.80741e-05 14
0.906212 0.100478 4
0.894617 0.0199579 6
0.883536 0.00812269 7
0.897335 0.0440445 5
0.889224 0.0188976 6
0.898347 0.0444237 5
0.892123 0.0194469 6
0.891442 0.0193136 6
0.907219 0.101188 4
0.926527 0.237291 3
0.898871 0.00224209 9
0.900217 0.00481298 8
0.917672 0.0275524 6
0.871814 5.0839e-06 16
0.924272 0.0602786 5
0.896375 0.0021261 9
0.876937 2.87257e-05 14
0.915702 0.0266028 6
0.974698 0.645771 2
0.918179 0.0278105 6
0.896166 0.00211691 9
0.983691 1 1
0.971186 0.620342 2
0.953925 0.313762 3
0.945489 0.280897 3
0.877424 6.04159e-06 16
0.907166 0.00554744 8
0.898709 0.00107158 10
0.886983 8.25211e-05 13
0.896318 0.00100996 10
0.908748 0.00574862 8
0.888985 0.00018675 12
0.908541 0.00572142 8
0.957698 0.332679 3
0.913763 0.0128747 7
0.904314 0.00521894 8
0.959514 0.342929 3
0.947664 0.288303 3
0.954126 0.314694 3
0.973393 0.635883 2
0.9119 0.0249783 6
0.971984 0.625798 2
0.926464 0.120469 4
0.970917 0.618539 2
0.91153 0.024833 6
0.982438 1 1
0.970507 0.61584 2
0.947472 0.287625 3
0.915002 0.0262843 6
0.951972 0.305093 3
0.973765 0.63865 2
0.898574 0.0046686 8
0.917263 0.0543879 5
0.935194 0.135026 4
0.934766 0.134185 4
0.9509 0.300632 3
0.986509 1 1
0.963951 0.578331 2
0.956317 0.545614 2
0.946965 0.285852 3
0.975801 0.65457 2
0.964576 0.581484 2
0.983834 1 1
0.923401 0.0594506 5
0.984008 1 1
0.983339 1 1
0.904778 0.0108558 7
0.930406 0.12641 4
0.942002 0.270305 3
0.928476 0.123385 4
0.948949 0.172305 4
0.933413 0.0711278 5
0.967459 0.398566 3
0.902106 0.000571802 11
0.975422 0.651499 2
0.925575 0.0323111 6
0.909334 0.00290061 9
0.957499 0.331602 3
0.955168 0.319661 3
0.95678 0.327794 3
0.92913 0.035084 6
0.940033 0.0823042 5
0.966247 0.388792 3
0.957633 0.332326 3
0.935287 0.0739518 5
0.857336 1.71827e-10 28
0.904695 0.00256845 9
0.876828 2.70273e-06 17
0.898589 0.00106832 10
0.868725 8.37633e-08 21
0.91133 0.00611027 8
0.896713 0.000487553 11
0.893137 0.000209855 12
0.914082 0.0129619 7
0.89897 0.00107873 10
0.903922 0.00251995 9
0.909745 0.00588315 8
0.907411 0.0055776 8
0.922362 0.0301707 6
0.943162 0.153854 4
0.927139 0.238271 3
0.973509 1 1
0.933582 0.250003 3
0.985545 1 1
0.916754 0.109142 4
0.974968 1 1
0.993642 1 1
0.951033 0.528131 2
0.897098 0.020507 6
0.95168 0.530085 2
0.977848 1 1
0.879386 0.00157868 9
0.902364 0.0460457 5
0.916651 0.109042 4
0.90922 0.102663 4
0.869217 2.36762e-05 14
0.909301 0.0240035 6
0.889966 0.00187791 9
0.895382 0.00441402 8
0.884268 0.000780601 10
0.913567 0.0518822 5
0.895576 0.0044286 8
0.903733 0.0222172 6
0.93728 0.258113 3
0.909499 0.0240741 6
0.907406 0.0233528 6
0.934821 0.252595 3
0.929201 0.124495 4
0.941688 0.269421 3
0.96429 0.58003 2
0.898014 0.00462162 8
0.953824 0.313295 3
0.915674 0.0265898 6
0.948099 0.289867 3
0.903185 0.00509989 8
0.962075 0.569334 2
0.947024 0.286054 3
0.93562 0.135879 4
0.923691 0.0597226 5
0.941295 0.268334 3
0.95382 0.313278 3
0.909589 0.0118401 7
0.923019 0.0590978 5
0.942188 0.270833 3
0.949545 0.295266 3
0.869748 1.77146e-08 23
0.92644 0.032944 6
0.885576 8.01848e-06 16
0.934617 0.0729149 5
0.872867 9.9398e-08 21
0.936154 0.075344 5
0.929618 0.0355032 6
0.905348 0.00128481 10
0.895962 0.000228511 12
0.910517 0.00299816 9
0.927846 0.0340283 6
0.884673 7.75464e-06 16
0.893752 0.000101777 13
0.91216 0.0062362 8
0.924098 0.0312877 6
0.931458 0.0684253 5
0.978838 0.681014 2
0.938771 0.142687 4
0.981568 0.707862 2
0.921868 0.0298684 6
0.978824 0.680878 2
0.990625 1 1
0.956578 0.326743 3
0.901913 0.00240171 9
0.957251 0.330275 3
0.983023 0.7235 2
0.88403 3.51468e-05 14
0.907388 0.00557475 8
0.921456 0.0296211 6
0.913245 0.0127358 7
0.947255 0.286861 3
0.950582 0.299345 3
0.970034 0.612778 2
0.918704 0.028083 6
0.966515 0.591803 2
0.943479 0.154749 4
0.925575 0.0615746 5
0.971523 0.622623 2
0.958793 0.338762 3
0.973097 0.633711 2
0.946143 0.283053 3
0.94019 0.146067 4
0.968581 0.603747 2
0.970436 0.61538 2
0.948237 0.290368 3
0.925186 0.0320344 6
0.977988 0.673267 2
0.933936 0.0718912 5
0.987492 1 1
0.917251 0.0139014 7
0.981883 0.711167 2
0.99545 1 1
0.952876 0.309019 3
0.902232 0.00117608 10
0.954488 0.316397 3
0.982581 0.718648 2
0.884619 1.66259e-05 15
0.906997 0.00272388 9
0.922106 0.0300131 6
0.91572 0.0134304 7
0.863666 0.000107905 12
0.917202 0.224577 3
0.881422 0.00358962 8
0.918409 0.226017 3
0.870573 0.000619561 10
0.925733 0.236049 3
0.914872 0.107369 4
0.90005 0.0450876 5
0.90392 0.0467305 5
0.905687 0.100117 4
0.917566 0.225006 3
0.895252 0.0200944 6
0.899756 0.0449703 5
0.917317 0.224712 3
0.933649 0.489828 2
0.881807 0.000155905 12
0.93976 0.264235 3
0.894877 0.00206216 9
0.956814 0.547454 2
0.880346 0.000150717 12
0.950057 0.29726 3
0.950158 0.297656 3
0.915141 0.0529066 5
0.890467 0.000884236 10
0.919405 0.0560142 5
0.942445 0.271571 3
0.876542 6.26979e-05 13
0.890621 0.000887155 10
0.90897 0.0238862 6
0.915127 0.0528968 5
0.858582 1.10762e-08 23
0.891912 0.000912388 10
0.879411 3.07302e-05 14
0.875557 1.25484e-05 15
0.876444 1.28737e-05 15
0.894907 0.000976616 10
0.876389 1.2853e-05 15
0.890299 0.000412319 11
0.936512 0.137715 4
0.895668 0.0020954 9
0.889575 0.000405145 11
0.941108 0.267819 3
0.926518 0.0625582 5
0.933416 0.131626 4
0.954154 0.314825 3
0.929642 0.0355234 6
0.981896 0.711304 2
0.947599 0.167565 4
0.955424 0.320914 3
0.933631 0.0714433 5
0.982151 0.714018 2
0.960206 0.347051 3
0.968559 0.603612 2
0.935037 0.0735608 5
0.974277 0.642522 2
0.978931 0.681875 2
0.917036 0.0138333 7
0.939006 0.0803351 5
0.955797 0.322768 3
0.948508 0.170724 4
0.88509 7.81954e-05 13
0.885874 0.000172165 12
0.903084 0.00508957 8
0.858285 4.80889e-09 24
0.910452 0.0120389 7
0.882426 3.35012e-05 14
0.863122 2.99486e-08 22
0.900756 0.00233844 9
0.960585 0.562661 2
0.903229 0.00510442 8
0.881924 3.30126e-05 14
0.976572 0.660966 2
0.955558 0.321579 3
0.939677 0.14482 4
0.934843 0.134335 4
0.935723 0.254559 3
0.931842 0.24656 3
0.956051 0.544644 2
0.900763 0.0214033 6
0.960752 0.563389 2
0.925531 0.235738 3
0.907257 0.0483213 5
0.952228 0.531776 2
0.970066 1 1
0.95351 0.535879 2
0.927487 0.238838 3
0.954243 0.53832 2
0.981309 1 1
0.969664 1 1
0.947833 0.51915 2
0.953324 0.311018 3
0.976918 0.663899 2
0.958681 0.338129 3
0.95905 0.340235 3
0.941486 0.149339 4
0.968251 0.60177 2
0.967904 0.599722 2
0.972233 0.627532 2
0.909115 0.00579734 8
0.96979 0.611224 2
0.976935 0.664049 2
0.890772 0.000196133 12
0.916497 0.0136652 7
0.927026 0.0631048 5
0.913638 0.012841 7
0.898252 0.0443874 5
0.922351 0.231118 3
0.919967 0.227958 3
0.897735 0.0206551 6
0.918266 0.110653 4
0.921834 0.230412 3
0.901196 0.0455535 5
0.92812 0.239887 3
0.979466 1 1
0.932972 0.248771 3
0.918876 0.111286 4
0.971691 1 1
0.970381 1 1
0.97637 1 1
0.985079 1 1
0.925531 0.235738 3
0.97591 1 1
0.944358 0.510543 2
0.951416 0.529282 2
0.931339 0.245605 3
0.977362 1 1
0.955487 0.542625 2
0.96458 0.581506 2
0.93866 0.261446 3
0.970621 1 1
0.97316 1 1
0.920975 0.113573 4
0.941814 0.5049 2
0.959559 0.55829 2
0.95394 0.537303 2
0.913186 0.0127201 7
0.933149 0.131138 4
0.935222 0.135081 4
0.905729 0.00537678 8
0.933471 0.131728 4
0.930949 0.0677603 5
0.910211 0.0119824 7
0.942309 0.151517 4
0.985459 1 1
0.946796 0.285268 3
0.929276 0.0656761 5
0.967469 0.597191 2
0.982659 0.719503 2
0.991209 1 1
0.978847 0.681091 2
0.905016 0.0109002 7
0.922364 0.0585037 5
0.926567 0.120613 4
0.895543 0.00442612 8
0.926732 0.120845 4
0.920363 0.0567882 5
0.899815 0.00477674 8
0.931989 0.129073 4
0.991435 1 1
0.936195 0.255616 3
0.918553 0.0553509 5
0.978342 1 1
0.981497 1 1
0.979767 1 1
0.975668 0.653484 2
0.874822 5.56543e-06 16
0.892741 0.000929338 10
0.895323 0.000986231 10
0.869079 4.21623e-07 19
0.89718 0.00216216 9
0.892206 0.000432396 11
0.872247 2.32018e-06 17
0.900144 0.00230624 9
0.962026 0.569107 2
0.904372 0.00522525 8
0.889335 0.000402809 11
0.976609 0.661279 2
0.951202 0.301866 3
0.946914 0.285675 3
0.955689 0.32223 3
0.961846 0.568281 2
0.969091 0.606855 2
0.964085 0.579004 2
0.950319 0.526032 2
0.947289 0.286978 3
0.95975 0.559091 2
0.959051 0.556193 2
0.97265 0.63049 2
0.908187 0.0236153 6
0.968491 0.603207 2
0.96839 0.602599 2
0.889958 0.00187765 9
0.916301 0.0537017 5
0.924945 0.118415 4
0.909855 0.0242029 6
68 0 1 2 3 4 5 6 7 8 9 10 11 12 13 14 15 16 17 18 19 20 21 22 23 24 25 26 28 29 31 32 33 34 35 36 37 38 39 40 41 42 43 44 45 46 47 48 49 50 51 52 53 54 55 56 57 58 59 60 61 62 63 64 65 66 67 68 69 
63 0 1 2 3 4 5 6 7 8 9 10 11 12 13 14 15 16 17 18 19 20 21 22 23 24 25 26 27 28 29 30 31 32 33 34 35 36 37 38 40 41 42 43 44 45 46 48 49 51 52 53 55 57 58 59 60 61 62 64 65 66 67 68 
66 0 1 2 3 4 5 7 8 9 10 11 12 13 14 15 16 17 18 19 20 21 22 24 25 26 28 29 30 31 32 33 34 35 36 37 38 39 40 41 42 43 44 45 46 47 49 50 51 52 53 54 55 56 57 58 59 60 61 62 63 64 65 66 67 68 69 
61 0 1 2 3 4 5 7 8 9 10 11 12 13 14 15 16 17 18 19 20 21 22 23 24 26 27 28 29 30 31 32 33 34 35 36 37 38 40 41 42 43 44 45 46 48 49 51 52 53 55 57 58 59 60 61 62 64 65 66 67 68 
69 0 1 2 3 4 5 6 7 8 9 10 11 12 13 14 15 16 17 18 19 20 21 22 23 24 25 26 28 29 30 31 32 33 34 35 36 37 38 39 40 41 42 43 44 45 46 47 48 49 50 51 52 53 54 55 56 57 58 59 60 61 62 63 64 65 66 67 68 69 
63 0 1 2 3 4 5 6 7 8 9 10 11 12 13 14 15 16 17 18 19 20 21 22 23 24 25 26 27 28 29 30 31 32 33 34 35 36 37 38 40 41 42 43 44 45 46 48 49 51 52 53 55 57 58 59 60 61 62 64 65 66 67 68 
65 0 1 2 3 4 5 6 7 8 9 10 11 12 13 14 15 16 17 18 19 20 21 22 23 24 25 26 27 28 29 30 31 32 33 34 35 36 37 38 40 41 42 43 44 45 46 47 48 49 51 52 53 55 56 57 58 59 60 61 62 64 65 66 67 68 
63 0 1 2 3 4 5 6 7 8 9 10 11 12 13 14 15 16 17 18 19 20 21 22 23 24 25 26 27 28 29 30 31 32 33 34 35 36 37 38 40 41 42 43 44 45 46 48 49 51 52 53 55 57 58 59 60 61 62 64 65 66 67 68 
42 0 2 4 5 7 8 9 10 13 14 15 16 17 19 20 21 22 27 29 30 31 32 33 34 37 38 40 43 45 46 49 51 52 53 57 58 59 64 65 66 67 68 
58 0 2 3 4 5 7 8 9 10 11 12 13 14 15 16 17 18 19 20 21 22 26 27 28 29 30 31 32 33 34 35 36 37 38 40 43 44 45 46 49 50 51 52 53 54 55 56 57 58 59 60 61 62 64 65 66 67 68 
60 0 1 2 3 4 5 7 8 9 10 11 12 13 14 15 16 17 18 19 20 21 22 24 26 27 28 29 30 31 32 33 34 35 36 37 38 40 41 42 43 44 45 46 48 49 51 52 53 55 57 58 59 60 61 62 64 65 66 67 68 
31 0 2 4 5 7 8 10 13 15 16 17 19 20 21 22 27 29 30 31 32 38 40 43 45 49 51 53 57 59 64 68 
43 0 2 4 5 7 8 9 10 12 13 14 15 16 17 19 20 21 22 27 29 30 31 32 34 35 37 38 40 43 44 45 49 51 52 53 57 58 59 61 64 66 67 68 
43 0 2 4 5 7 8 9 10 13 14 15 16 17 19 20 21 22 27 29 30 31 32 33 34 35 37 38 40 43 44 45 49 51 52 53 57 58 59 61 64 66 67 68 
30 0 2 4 5 7 8 10 13 15 16 17 19 20 21 27 29 30 31 32 38 40 43 45 49 51 57 59 61 64 68 
