70 15 8e+06
2.04257 123606
1.31711 110248
2.56245 120752
1.97821 161569
1.59758 170513
1.42399 144362
1.48855 118932
2.29809 101559
2.02693 171323
2.35185 143516
1.25282 100632
1.08185 108620
1.29512 110203
2.17894 159384
1.00244 124201
2.34495 130139
1.40374 193880
2.82527 177377
1.79695 198020
1.49683 129125
2.39015 135673
2.37426 175202
1.02287 150475
1.85255 132783
1.19797 193354
1.21665 166076
2.3841 176084
2.63957 116711
1.77831 126457
2.71368 175682
1.87808 168863
2.86178 162741
2.70298 198926
1.46949 146470
1.38496 177090
1.33905 120391
1.07204 133621
1.08672 142065
1.93342 113383
2.53863 190665
2.12234 160666
1.27546 160328
1.10501 168855
2.66184 110595
1.22588 107109
2.33507 176908
1.89521 129818
1.46197 162767
1.68783 140329
2.33463 189131
2.26433 171510
2.46488 148053
2.00932 194595
2.53041 119137
1.81979 186329
2.20028 188291
2.24992 140176
1.21237 173290
2.88946 163049
2.58687 117102
1.96085 105318
1.6431 145223
1.1301 105742
1.62892 104042
1.36503 110800
1.31231 171072
1.08315 124710
1.24802 187900
2.00233 138881
1.97752 136297
0.943867 0.275785 3
0.929355 0.124734 4
0.925432 0.11906 4
0.955053 0.541098 2
0.951564 0.529729 2
0.957434 0.549797 2
0.976204 1 1
0.944585 0.278006 3
0.957769 0.551089 2
0.91841 0.0552419 5
0.998389 1 1
0.987894 1 1
0.928524 0.123458 4
0.954962 0.540782 2
0.911668 0.0248871 6
0.922203 0.114994 4
0.915574 0.0531988 5
0.912791 0.0513991 5
0.929638 0.125178 4
0.965261 0.585037 2
0.936731 0.256837 3
0.957897 0.551587 2
0.926279 0.120213 4
0.967157 0.595406 2
0.938946 0.262161 3
0.971031 0.619299 2
0.961897 0.568514 2
0.956007 0.544487 2
0.926865 0.121032 4
0.922752 0.115651 4
0.894013 0.0198306 6
0.84772 5.11051e-07 18
0.844984 2.03749e-07 19
0.889767 0.00873472 7
0.954193 0.538151 2
0.904705 0.0470892 5
0.915842 0.108268 4
0.859025 1.89271e-05 14
0.94741 0.518041 2
0.983261 1 1
0.909318 0.102737 4
0.907897 0.101678 4
0.924692 0.234472 3
0.875734 0.00149738 9
0.865002 0.000110517 12
0.911735 0.0123484 7
0.9567 0.327377 3
0.954194 0.315013 3
0.925697 0.0616998 5
0.924636 0.0606332 5
0.923193 0.0592574 5
0.939492 0.144379 4
0.96376 0.577382 2
0.92845 0.0647029 5
0.898184 0.00220891 9
0.960958 0.564292 2
0.951899 0.304782 3
0.931129 0.127606 4
0.936001 0.136655 4
0.942593 0.271999 3
0.903922 0.00251995 9
0.866127 3.37661e-08 22
0.863442 5.98091e-09 24
0.90229 0.00242307 9
0.971696 0.623805 2
0.916292 0.0136025 7
0.9307 0.0674409 5
0.877126 2.73076e-06 17
0.964032 0.578737 2
0.991595 1 1
0.927266 0.0633668 5
0.924428 0.0315102 6
0.942705 0.152592 4
0.890281 0.000193472 12
0.883542 3.46318e-05 14
0.863529 4.73098e-05 13
0.898241 0.0207749 6
0.898448 0.0208244 6
0.872241 0.000635602 10
0.913297 0.105969 4
0.876972 0.00152394 9
0.896738 0.0204245 6
0.897611 0.0206259 6
0.910867 0.103946 4
0.910548 0.103693 4
0.912976 0.105692 4
0.902819 0.0462426 5
0.968119 1 1
0.874882 0.000662701 10
0.956556 0.546493 2
0.975608 0.653003 2
0.912053 0.0124276 7
0.907514 0.00559042 8
0.984923 0.745435 2
0.94176 0.150054 4
0.987637 1 1
0.98285 0.721595 2
0.929866 0.0663942 5
0.949326 0.294426 3
0.907785 0.00562436 8
0.968001 0.600291 2
0.979136 0.683795 2
0.902001 0.00240667 9
0.969891 0.611868 2
0.882445 1.54743e-05 15
0.906027 0.0477143 5
0.974536 1 1
0.971825 1 1
0.921352 0.114002 4
0.908936 0.0491921 5
0.915557 0.108001 4
0.92873 0.240921 3
0.978361 1 1
0.913234 0.0516732 5
0.881953 0.00164165 9
0.94862 0.521259 2
0.941728 0.269534 3
0.915179 0.10765 4
0.936118 0.255442 3
0.938936 0.262135 3
0.917482 0.0139755 7
0.962642 0.362576 3
0.959176 0.340961 3
0.932441 0.069754 5
0.921206 0.0294737 6
0.92786 0.0640292 5
0.941976 0.150624 4
0.973477 0.636503 2
0.925866 0.0325209 6
0.892724 0.000207345 12
0.962276 0.36014 3
0.955097 0.319315 3
0.921509 0.0296532 6
0.945003 0.159216 4
0.933524 0.0712876 5
0.866887 2.2433e-05 14
0.931172 0.245292 3
0.932668 0.248168 3
0.879182 0.000322915 11
0.897828 0.00973038 7
0.878906 0.000321158 11
0.896868 0.00959671 7
0.924875 0.118323 4
0.898342 0.00980379 7
0.883865 0.000774683 10
0.91703 0.0542199 5
0.906927 0.0231958 6
0.936471 0.256241 3
0.888282 0.00182242 9
0.993136 1 1
0.897244 0.00455863 8
0.907304 0.011348 7
0.905718 0.011033 7
0.904604 0.0108239 7
0.949915 0.296702 3
0.911409 0.0247863 6
0.931983 0.129062 4
0.913365 0.0255743 6
0.948068 0.289752 3
0.938433 0.260887 3
0.945959 0.282442 3
0.936259 0.137186 4
0.981304 1 1
0.903581 0.0106397 7
0.936886 0.257194 3
0.965616 0.586921 2
0.921466 0.114134 4
0.916655 0.0539514 5
0.981226 1 1
0.915081 0.0528661 5
0.964445 0.58082 2
0.955452 0.5425 2
0.939686 0.264045 3
0.922403 0.115233 4
0.881807 0.000745846 10
0.950416 0.526314 2
0.95897 0.555866 2
0.882724 0.000758428 10
0.992251 1 1
0.875986 0.00030362 11
0.859495 3.73258e-11 30
0.877249 5.73902e-07 19
0.876889 5.65651e-07 19
0.865605 1.31579e-09 26
0.918437 0.0142901 7
0.873112 1.00446e-07 21
0.892602 9.80158e-05 13
0.879123 1.34686e-06 18
0.914006 0.00653492 8
0.92578 0.0324587 6
0.904874 0.00126715 10
0.895725 0.000226844 12
0.973834 0.639162 2
0.864423 1.24093e-09 26
0.930128 0.0359507 6
0.904603 0.00125724 10
0.894839 0.000220779 12
0.892659 9.81975e-05 13
0.909083 0.00288064 9
0.967012 0.594587 2
0.918842 0.0144277 7
0.938682 0.0797343 5
0.903523 0.00121908 10
0.963137 0.365936 3
0.957468 0.331438 3
0.946563 0.164115 4
0.939023 0.143271 4
0.9731 0.633737 2
0.903718 0.0012258 10
0.91768 0.0140396 7
0.876482 0.00151332 9
0.873432 0.000647545 10
0.872063 0.000633845 10
0.880063 0.00159479 9
0.941814 0.5049 2
0.890126 0.00877363 7
0.90889 0.102413 4
0.879235 0.00157516 9
0.935949 0.255063 3
0.95443 0.538952 2
0.916516 0.108912 4
0.908925 0.10244 4
0.976885 1 1
0.874887 0.000662757 10
0.912373 0.105181 4
0.932439 0.0697518 5
0.869784 8.74174e-08 21
0.866263 3.39549e-08 22
0.926715 0.0627682 5
0.974663 0.645504 2
0.942812 0.152885 4
0.950535 0.299154 3
0.883983 1.62755e-05 15
0.973814 0.639019 2
0.958569 0.337494 3
0.937252 0.139292 4
0.93952 0.144445 4
0.918665 0.0143673 7
0.910032 0.005923 8
0.869999 1.95905e-07 20
0.869602 0.00012039 12
0.885231 0.0037779 8
0.884586 0.00374441 8
0.875886 0.000673597 10
0.928148 0.239934 3
0.88338 0.00167901 9
0.903137 0.0463818 5
0.888076 0.00393418 8
0.924034 0.233502 3
0.932112 0.247079 3
0.915602 0.108043 4
0.906367 0.0478796 5
0.985304 1 1
0.874592 0.00029587 11
0.933638 0.250118 3
0.908363 0.10202 4
0.867617 0.000261999 11
0.864805 0.000110125 12
0.906378 0.047885 5
0.975451 1 1
0.920639 0.228824 3
0.934599 0.252123 3
0.879099 0.00157198 9
0.967929 1 1
0.987275 1 1
0.930081 0.243292 3
0.927778 0.239318 3
0.940256 0.501688 2
0.893847 0.0197961 6
0.882535 0.00364241 8
0.87029 0.000121999 12
0.958969 0.555862 2
0.962135 0.569613 2
0.884764 0.00375361 8
0.88392 0.0037106 8
0.880152 0.00159694 9
0.894754 0.00931802 7
0.945912 0.514256 2
0.886421 0.0038415 8
0.863535 2.08214e-05 14
0.915129 0.107604 4
0.906794 0.0480897 5
0.909041 0.0492486 5
0.899008 0.0209603 6
0.962488 0.571256 2
0.914962 0.107451 4
0.976852 1 1
0.971884 1 1
0.931273 0.245482 3
0.903706 0.0466341 5
0.922161 0.114944 4
0.931029 0.245024 3
0.995476 1 1
0.909083 0.0492711 5
0.87409 0.00065434 10
0.947376 0.517953 2
0.943883 0.50945 2
0.900535 0.0213442 6
0.949615 0.524017 2
0.920366 0.112891 4
0.939361 0.499922 2
0.896977 0.0204791 6
0.893494 0.019723 6
0.940842 0.502875 2
0.985696 1 1
0.953673 0.536417 2
0.97141 1 1
0.910854 0.103936 4
0.993223 1 1
0.949762 0.524432 2
0.96561 1 1
0.964788 1 1
0.936281 0.49424 2
0.929495 0.242249 3
0.895395 0.0201255 6
0.854531 1.25467e-11 0
0.927282 0.0335849 6
0.929757 0.0662598 5
0.867202 3.52931e-08 22
0.883171 1.58449e-05 15
0.866011 1.50084e-08 23
0.883242 1.58816e-05 15
0.917767 0.014068 7
0.883713 1.61301e-05 15
0.86997 8.80799e-08 21
0.903332 0.00248404 9
0.89358 0.000212612 12
0.922834 0.0304656 6
0.877594 2.77586e-06 17
0.988953 1 1
0.877548 2.66443e-07 20
0.976515 0.660481 2
0.979189 0.684293 2
0.893354 0.000100449 13
0.866074 1.34714e-09 26
0.882937 3.37877e-06 17
0.890466 4.32584e-05 14
0.960631 0.349646 3
0.870716 1.85203e-08 23
0.83951 5.99209e-12 0
0.906678 0.00133667 10
0.902773 0.000583945 11
0.873409 4.62419e-08 22
0.913264 0.0064115 8
0.914101 0.00655096 8
0.906105 0.0229328 6
0.918413 0.110804 4
0.916497 0.108893 4
0.914771 0.0526604 5
0.950727 0.527224 2
0.920217 0.112727 4
0.940944 0.267374 3
0.925477 0.119121 4
0.950856 0.527606 2
0.932122 0.2471 3
0.957282 0.549216 2
0.946938 0.516827 2
0.968159 0.601225 2
0.915164 0.0529221 5
0.938713 0.261578 3
0.879259 0.00349192 8
0.972268 1 1
0.975251 1 1
0.894283 0.0429646 5
0.886963 0.0184988 6
0.888458 0.0187598 6
0.901857 0.0458299 5
0.958558 0.554202 2
0.890192 0.0190759 6
0.864057 0.000247296 11
0.921864 0.230453 3
0.914335 0.106883 4
0.905757 0.100165 4
0.909776 0.103089 4
0.951708 0.530168 2
0.88038 0.000150833 12
0.85912 5.85504e-08 21
0.857181 2.39673e-08 22
0.880767 0.00015218 12
0.948543 0.291491 3
0.893208 0.00199544 9
0.909595 0.0241089 6
0.867276 1.99047e-06 17
0.9412 0.268071 3
0.975621 0.653105 2
0.911444 0.0247998 6
0.906162 0.0111192 7
0.953836 0.536957 2
0.871716 1.12808e-05 15
0.890013 0.000875733 10
0.896007 0.00948064 7
0.882071 0.00164466 9
0.880026 0.0015939 9
0.898887 0.0209309 6
0.963143 0.57437 2
0.909835 0.0496798 5
0.928508 0.240543 3
0.890406 0.0088043 7
0.957176 0.548817 2
0.967318 0.596327 2
0.933865 0.250585 3
0.927221 0.238405 3
0.971608 1 1
0.892032 0.00898781 7
0.909229 0.0493495 5
0.873187 0.000129209 12
0.975389 1 1
0.980363 1 1
0.88863 0.00396633 8
0.874156 0.000131791 12
0.880986 0.000734916 10
0.892308 0.00419657 8
0.956863 0.547635 2
0.877822 0.000314431 11
0.85032 4.37855e-08 21
0.911159 0.0504273 5
0.904858 0.0225489 6
0.890222 0.00406235 8
0.906096 0.02293 6
0.937623 0.258925 3
0.855196 3.54339e-10 27
0.887956 0.000181695 12
0.888278 0.000183251 12
0.863275 3.01283e-08 22
0.907545 0.00559427 8
0.868614 4.14791e-07 19
0.888241 0.000183069 12
0.887087 0.000177608 12
0.904447 0.00523337 8
0.908751 0.0116541 7
0.903532 0.00513587 8
0.893617 0.000448417 11
0.964103 0.579093 2
0.865194 7.30043e-08 21
0.948477 0.291249 3
0.870933 2.22544e-06 17
0.869306 9.47806e-07 18
0.868082 9.10607e-07 18
0.874457 5.50345e-06 16
0.936124 0.136907 4
0.884478 0.000166259 12
0.9031 0.00509124 8
0.874601 5.52768e-06 16
0.93017 0.126027 4
0.950903 0.300641 3
0.910806 0.0121225 7
0.903182 0.0050996 8
0.973322 0.635358 2
0.869413 9.51164e-07 18
0.910722 0.0121025 7
0.854157 2.15349e-08 22
0.90301 0.0105403 7
0.904095 0.0107313 7
0.864249 1.8231e-06 17
0.897811 0.00460482 8
0.867062 4.44431e-06 16
0.886238 0.000810828 10
0.899026 0.00470735 8
0.896228 0.00447844 8
0.892578 0.00197144 9
0.904147 0.0107406 7
0.893868 0.0020213 9
0.94919 0.293911 3
0.869576 1.06606e-05 15
0.970686 0.617014 2
0.944358 0.510542 2
0.901969 0.0458773 5
0.898338 0.0444204 5
0.946944 0.516842 2
0.97874 1 1
0.95905 0.556191 2
0.978001 1 1
0.916386 0.108786 4
0.986279 1 1
0.94307 0.507621 2
0.971672 1 1
0.971594 1 1
0.933309 0.249449 3
0.936072 0.493876 2
0.896544 0.0203806 6
0.956113 0.544869 2
0.907514 0.0484512 5
0.90352 0.0221561 6
0.960066 0.560427 2
0.965723 0.587488 2
0.971243 0.620727 2
0.991626 1 1
0.923329 0.116356 4
0.97343 1 1
0.930555 0.244151 3
0.977365 1 1
0.982195 1 1
0.923031 0.11599 4
0.948593 0.521185 2
0.893255 0.0042609 8
0.943223 0.154027 4
0.945878 0.161922 4
0.94094 0.147937 4
0.960155 0.346743 3
0.911558 0.0030889 9
0.94719 0.166182 4
0.94838 0.170272 4
0.96452 0.375719 3
0.918334 0.0142553 7
0.878768 6.10686e-07 19
0.954921 0.318463 3
0.958313 0.336062 3
0.891026 4.41022e-05 14
0.981568 0.707862 2
0.894793 0.000105383 13
0.895366 0.0201192 6
0.903962 0.0467493 5
0.902411 0.0460661 5
0.902311 0.046023 5
0.950053 0.525263 2
0.909532 0.102901 4
0.930011 0.243167 3
0.909962 0.103233 4
0.947685 0.518761 2
0.94063 0.502443 2
0.943243 0.508005 2
0.933765 0.25038 3
0.984544 1 1
0.900788 0.0453857 5
0.935078 0.253149 3
0.905306 0.0473699 5
0.919181 0.111607 4
0.917321 0.109699 4
0.914136 0.106705 4
0.949387 0.523374 2
0.919373 0.111812 4
0.940054 0.265 3
0.925994 0.236453 3
0.949547 0.523824 2
0.930941 0.244862 3
0.956694 0.547005 2
0.946274 0.515151 2
0.968071 0.600702 2
0.914845 0.107344 4
0.940034 0.264949 3
0.887447 0.000830564 10
0.941365 0.268526 3
0.941293 0.268328 3
0.899843 0.00477925 8
0.916027 0.0535106 5
0.899784 0.004774 8
0.918074 0.0549881 5
0.940117 0.265166 3
0.917406 0.0544923 5
0.897613 0.00458861 8
0.938797 0.261788 3
0.928471 0.123378 4
0.944776 0.278608 3
0.908182 0.0236136 6
0.970097 0.613184 2
0.912871 0.105603 4
0.955206 0.541634 2
0.952631 0.533044 2
0.926708 0.237579 3
0.926284 0.236907 3
0.924467 0.234138 3
0.940974 0.503146 2
0.962767 0.572574 2
0.930112 0.243348 3
0.899694 0.0449457 5
0.962516 0.571387 2
0.953321 0.535261 2
0.932116 0.247088 3
0.936595 0.494792 2
0.941824 0.50492 2
0.90458 0.0108194 7
0.92943 0.124851 4
0.927723 0.122267 4
0.915015 0.0528223 5
0.940793 0.266966 3
0.918172 0.0550613 5
0.938253 0.260444 3
0.935216 0.253448 3
0.942002 0.270305 3
0.920413 0.0568293 5
0.957499 0.550047 2
0.946625 0.284682 3
0.959572 0.558344 2
0.918476 0.0552921 5
0.947284 0.286962 3
0.881284 3.24054e-05 14
0.909549 0.0118311 7
0.908986 0.0117056 7
0.89013 0.00041063 11
0.92957 0.066031 5
0.894984 0.000978376 10
0.915136 0.0263447 6
0.911557 0.0123044 7
0.9279 0.064074 5
0.921266 0.0295092 6
0.931691 0.128559 4
0.921364 0.029567 6
0.977334 0.667492 2
0.892245 0.000432822 11
0.954381 0.31589 3
0.878177 6.19116e-06 16
0.862007 5.61971e-09 24
0.860239 2.30115e-09 25
0.879435 6.45408e-06 16
0.946122 0.282984 3
0.891269 0.000198886 12
0.908396 0.00570255 8
0.869475 1.92026e-07 20
0.939067 0.143376 4
0.969395 0.60874 2
0.911863 0.01238 7
0.905902 0.00539667 8
0.959674 0.343875 3
0.871429 4.58816e-07 19
0.895522 0.000471808 11
0.948723 0.292159 3
0.879372 1.40484e-05 15
0.875541 5.69105e-06 16
0.942751 0.152716 4
0.970608 0.6165 2
0.95926 0.341449 3
0.96452 0.5812 2
0.894708 0.000972082 10
0.974651 0.64541 2
0.94407 0.276407 3
0.947488 0.287681 3
0.952034 0.305358 3
0.913762 0.0128745 7
0.924998 0.0609919 5
0.871781 1.03012e-06 18
0.942662 0.506724 2
0.899755 0.0211458 6
0.896176 0.00950321 7
0.944679 0.511293 2
0.981495 1 1
0.957191 0.548872 2
0.975504 1 1
0.913987 0.106573 4
0.989104 1 1
0.945711 0.513762 2
0.969091 1 1
0.968816 0.605169 2
0.934215 0.251313 3
0.933477 0.24979 3
0.895764 0.0094486 7
0.926221 0.0622438 5
0.963041 0.57388 2
0.958035 0.334519 3
0.942899 0.153124 4
0.903036 0.00246643 9
0.931204 0.0680918 5
0.935794 0.136232 4
0.981303 0.705117 2
0.909193 0.00580791 8
0.871635 4.62305e-07 19
0.947606 0.288098 3
0.947515 0.287774 3
0.891365 0.000199424 12
0.963671 0.576947 2
0.904871 0.00257975 9
0.855899 3.65907e-10 27
0.89454 0.000968276 10
0.895102 0.000981086 10
0.864788 7.1893e-08 21
0.905007 0.00529498 8
0.869179 4.23125e-07 19
0.888741 0.000185529 12
0.892656 0.000437397 11
0.902531 0.00243692 9
0.903339 0.00511588 8
0.905164 0.00531255 8
0.895031 0.000979448 10
0.959985 0.560083 2
0.867993 1.81636e-07 20
0.957376 0.330945 3
0.871671 2.2779e-06 17
0.941257 0.148747 4
0.942843 0.272725 3
0.884674 7.72938e-05 13
0.897601 0.00218149 9
0.883246 7.43356e-05 13
0.900504 0.00232509 9
0.934181 0.133059 4
0.898836 0.00224035 9
0.880961 3.21064e-05 14
0.921113 0.0574148 5
0.91131 0.0122438 7
0.931015 0.127415 4
0.895116 0.000981426 10
0.984463 1 1
0.927248 0.121579 4
0.954103 0.537849 2
0.950204 0.525699 2
0.941993 0.27028 3
0.928968 0.124135 4
0.93804 0.259928 3
0.952301 0.532006 2
0.968196 0.601442 2
0.934172 0.251223 3
0.898823 0.00987385 7
0.972299 0.627999 2
0.965616 0.586921 2
0.922364 0.115185 4
0.952778 0.533511 2
0.92589 0.119679 4
0.883861 0.008152 7
0.895329 0.0201112 6
0.8942 0.0198698 6
0.890366 0.0191086 6
0.941318 0.503857 2
0.897863 0.0442409 5
0.917994 0.225516 3
0.899862 0.0450124 5
0.937863 0.497084 2
0.939069 0.499356 2
0.930644 0.244315 3
0.921335 0.229741 3
0.997218 1 1
0.888794 0.0188199 6
0.935084 0.492185 2
0.917447 0.0545229 5
0.930045 0.125826 4
0.927502 0.121945 4
0.927755 0.122314 4
0.949329 0.294439 3
0.931251 0.127811 4
0.951564 0.30337 3
0.939269 0.262975 3
0.951911 0.304836 3
0.923987 0.0600038 5
0.971001 0.619101 2
0.960013 0.5602 2
0.952256 0.306309 3
0.929925 0.125634 4
0.935123 0.134885 4
0.910549 0.0120615 7
0.970674 0.616936 2
0.96752 0.597485 2
0.925818 0.0618237 5
0.913254 0.0255278 6
0.920301 0.0289531 6
0.933661 0.13208 4
0.978044 0.673764 2
0.917715 0.0275741 6
0.885646 0.000171176 12
0.953606 0.312297 3
0.946727 0.285031 3
0.917179 0.0273076 6
0.940022 0.145655 4
0.936666 0.13804 4
0.888689 0.00183553 9
0.994213 1 1
0.999 1 1
0.904584 0.0108202 7
0.882768 0.000347486 11
0.895693 0.00443742 8
0.905386 0.0227092 6
0.974722 0.64596 2
0.887232 0.000826974 10
0.856256 5.30879e-08 21
0.923101 0.116076 4
0.918093 0.0550017 5
0.890852 0.00190857 9
0.923186 0.116179 4
0.92819 0.122957 4
0.879759 6.7861e-05 13
0.857435 1.05971e-08 23
0.855478 4.29685e-09 24
0.879901 6.81055e-05 13
0.947794 0.288767 3
0.892483 0.000923994 10
0.908633 0.0116284 7
0.86568 3.7509e-07 19
0.940398 0.265907 3
0.976219 0.658011 2
0.910098 0.0119563 7
0.904977 0.0108929 7
0.951782 0.304289 3
0.870605 2.20267e-06 17
0.888095 0.000391151 11
0.92513 0.0319955 6
0.963759 0.370266 3
0.958765 0.338607 3
0.941782 0.150112 4
0.901791 0.00116201 10
0.929985 0.0665412 5
0.934475 0.0726987 5
0.981713 0.709379 2
0.907929 0.00279198 9
0.870466 8.98867e-08 21
0.946306 0.163287 4
0.946176 0.16287 4
0.890465 9.16016e-05 13
0.962681 0.362838 3
0.904672 0.00256699 9
0.884258 0.00016536 12
0.911641 0.0248763 6
0.910944 0.0121555 7
0.893188 0.000938737 10
0.931872 0.12887 4
0.897987 0.00219954 9
0.918191 0.0278167 6
0.914101 0.0258875 6
0.930424 0.12644 4
0.92229 0.0584384 5
0.934894 0.134435 4
0.924522 0.0605218 5
0.976925 0.663963 2
0.895296 0.00207965 9
0.953716 0.312798 3
0.953895 0.313622 3
0.894675 0.000461148 11
0.890787 0.000196213 12
0.952785 0.308617 3
0.972955 0.632683 2
0.967665 0.598325 2
0.980064 0.692686 2
0.910161 0.00594106 8
0.980289 0.694897 2
0.939131 0.143526 4
0.963971 0.578433 2
0.968274 0.601909 2
0.921148 0.02944 6
0.937731 0.140338 4
0.884522 3.56774e-05 14
0.879293 0.000713379 10
0.925208 0.118762 4
0.925315 0.118904 4
0.890266 0.00406509 8
0.917224 0.109603 4
0.892277 0.00419445 8
0.911579 0.0506716 5
0.924152 0.117389 4
0.917135 0.109516 4
0.904017 0.0222997 6
0.930891 0.244769 3
0.920315 0.112835 4
0.956908 0.547806 2
0.896186 0.00950458 7
0.972687 1 1
0.894142 0.000103106 13
0.914119 0.006554 8
0.912853 0.00634514 8
0.902789 0.000584236 11
0.941689 0.149868 4
0.908082 0.00280339 9
0.928552 0.0346011 6
0.918724 0.0143873 7
0.940657 0.0835469 5
0.928821 0.0348244 6
0.94485 0.158753 4
0.934525 0.072774 5
0.976649 0.661614 2
0.903914 0.00123264 10
0.946411 0.163622 4
0.883898 0.00016391 12
0.857617 1.06709e-08 23
0.855495 4.29989e-09 24
0.883469 0.000162209 12
0.951919 0.304869 3
0.896462 0.00212995 9
0.912098 0.0250567 6
0.866491 8.65429e-07 18
0.944387 0.277388 3
0.982339 1 1
0.91235 0.0251577 6
0.907763 0.011443 7
0.948832 0.292563 3
0.873425 5.33339e-06 16
0.885543 0.000170731 12
0.872204 5.6725e-05 13
0.917777 0.0547659 5
0.91816 0.0550523 5
0.882727 0.000758461 10
0.913107 0.0515945 5
0.885258 0.000795504 10
0.904658 0.0224889 6
0.915971 0.0534714 5
0.912377 0.0511469 5
0.902848 0.0219658 6
0.923337 0.116366 4
0.912834 0.0514258 5
0.958253 0.552988 2
0.888134 0.00181771 9
0.973732 0.638404 2
0.925537 0.119201 4
0.933828 0.25051 3
0.930763 0.244532 3
0.936613 0.256564 3
0.948984 0.522255 2
0.939107 0.262566 3
0.958868 0.55545 2
0.945149 0.279797 3
0.95293 0.533998 2
0.920411 0.112941 4
0.979848 1 1
0.968712 0.604542 2
0.943214 0.273821 3
0.939286 0.263018 3
0.928967 0.241329 3
0.889091 0.00866266 7
0.888687 0.00862032 7
0.887114 0.00387969 8
0.89397 0.00921976 7
0.951504 0.529549 2
0.903116 0.0463724 5
0.922816 0.115728 4
0.895073 0.0200556 6
0.946932 0.51681 2
0.952315 0.532049 2
0.932343 0.247529 3
0.924088 0.233582 3
0.98728 1 1
0.889929 0.00875225 7
0.922638 0.115514 4
0.886434 0.000376481 11
0.903129 0.0105608 7
0.902064 0.00498727 8
0.893949 0.00202454 9
0.939889 0.26457 3
0.900417 0.0048312 8
0.920751 0.0571102 5
0.907245 0.0113359 7
0.937408 0.258415 3
0.933336 0.13148 4
0.935141 0.134922 4
0.925319 0.0613137 5
0.988431 1 1
0.893735 0.00201603 9
0.942121 0.270643 3
0.907595 0.101458 4
0.957878 0.551512 2
0.955797 0.543729 2
0.921546 0.230024 3
0.921718 0.230256 3
0.918996 0.226738 3
0.935335 0.492609 2
0.962903 1 1
0.925261 0.235327 3
0.896187 0.0203003 6
0.956762 0.54726 2
0.947616 0.518578 2
0.931358 0.245641 3
0.932167 0.247187 3
0.94657 0.515892 2
0.941388 0.268588 3
0.910747 0.050191 5
0.907187 0.0232808 6
0.946918 0.28569 3
0.972376 0.628541 2
0.956303 0.545563 2
0.977581 1 1
0.924771 0.118187 4
0.978594 1 1
0.938006 0.259845 3
0.980011 1 1
0.976594 1 1
0.937514 0.258667 3
0.939483 0.263521 3
0.905082 0.0226166 6
0.857737 3.39377e-11 30
0.879783 3.00184e-06 17
0.879619 1.37319e-06 18
0.864409 2.78119e-09 25
0.914967 0.00670137 8
0.871321 9.31234e-08 21
0.890896 9.28373e-05 13
0.880874 3.12491e-06 17
0.910899 0.00604681 8
0.920623 0.0150663 7
0.904071 0.00123816 10
0.894668 0.000219633 12
0.971557 0.622853 2
0.864101 1.22147e-09 26
0.934995 0.0734951 5
0.908069 0.0115074 7
0.860368 1.18816e-08 23
0.857428 2.0374e-09 25
0.904362 0.00522419 8
0.969592 0.609971 2
0.919362 0.0284341 6
0.931085 0.067937 5
0.872391 2.33087e-06 17
0.962995 0.573662 2
0.984141 1 1
0.923987 0.0600045 5
0.922904 0.0589919 5
0.930438 0.067107 5
0.890308 0.00041241 11
0.873239 2.39577e-06 17
0.946457 0.163773 4
0.88131 3.17613e-06 17
0.877548 5.80888e-07 19
0.941658 0.149786 4
0.974938 0.647656 2
0.957839 0.333445 3
0.965465 0.382749 3
0.896379 0.000231498 12
0.979003 0.682546 2
0.94715 0.166051 4
0.949782 0.175379 4
0.953536 0.311975 3
0.917878 0.0141043 7
0.924789 0.0317579 6
0.87527 2.41852e-07 20
0.919958 0.056457 5
0.888482 0.000394728 11
0.885587 0.000170921 12
0.921379 0.0576416 5
0.989337 1 1
0.933842 0.132418 4
0.951597 0.303509 3
0.900106 0.00480293 8
0.983467 1 1
0.966572 0.592118 2
0.951272 0.302155 3
0.947318 0.287082 3
0.95106 0.301284 3
0.911558 0.0123045 7
0.899668 0.00228182 9
0.86708 5.08226e-05 13
0.900589 0.0213583 6
0.900652 0.0213747 6
0.875807 0.000672729 10
0.916698 0.109088 4
0.880577 0.00160726 9
0.900423 0.0213156 6
0.900445 0.0213212 6
0.91438 0.106923 4
0.913021 0.105731 4
0.916707 0.109096 4
0.906518 0.0479534 5
0.970917 1 1
0.878336 0.000701741 10
0.95669 0.546991 2
0.982498 1 1
0.889124 0.0188794 6
0.88471 0.0082297 7
0.971425 1 1
0.942447 0.506255 2
0.986791 1 1
0.970293 1 1
0.906487 0.10067 4
0.949182 0.522804 2
0.912006 0.104875 4
0.948853 0.521896 2
0.958849 0.555374 2
0.892722 0.0195662 6
0.949402 0.523417 2
0.864332 0.00024838 11
68 0 1 2 3 4 5 6 7 8 9 10 12 13 14 15 16 17 18 19 20 22 23 24 25 26 27 28 29 30 31 32 33 34 35 36 37 38 39 40 41 42 43 44 45 46 47 48 49 50 51 52 53 54 55 56 57 58 59 60 61 62 63 64 65 66 67 68 69 
17 5 9 18 21 22 24 27 28 30 36 44 45 50 55 58 64 68 
49 1 2 3 4 5 7 9 10 12 13 14 16 17 18 21 23 24 25 26 27 28 29 30 34 35 36 37 38 39 40 44 45 47 48 49 51 53 55 56 57 58 59 60 61 62 64 65 67 68 
69 0 1 2 3 4 5 6 7 8 9 10 11 12 13 14 15 16 17 18 19 20 21 22 23 24 25 26 27 28 29 30 31 32 33 34 35 36 37 38 39 40 41 42 43 44 45 46 47 48 49 50 51 52 53 54 55 56 57 58 59 60 61 62 63 64 65 66 67 68 
60 0 1 3 5 7 8 9 10 11 12 13 14 16 18 19 20 21 22 23 24 25 26 27 28 29 30 31 32 33 34 35 36 37 38 39 40 42 43 44 45 46 47 48 49 50 51 52 53 55 56 57 58 59 60 61 62 63 64 67 68 
67 0 1 2 3 4 5 6 7 8 9 10 12 13 14 15 16 17 18 19 20 21 22 23 24 25 26 27 28 29 30 31 32 34 35 36 37 38 39 40 41 42 43 44 45 46 47 48 49 50 51 52 53 54 55 56 57 58 59 60 61 62 63 64 65 66 67 68 
64 0 1 2 3 4 5 7 8 9 10 12 13 14 15 16 17 18 19 20 21 22 23 24 25 26 27 28 29 30 31 32 34 35 36 37 38 39 40 42 43 44 45 46 47 48 49 50 51 52 53 54 55 56 57 58 59 60 61 62 63 64 65 67 68 
35 3 5 7 9 10 12 14 16 18 21 22 24 27 28 29 30 34 35 36 37 38 39 44 45 47 49 50 53 55 56 58 61 62 64 68 
58 0 1 2 3 4 5 7 8 9 10 12 13 14 16 17 18 19 20 21 22 23 24 25 26 27 28 29 30 34 35 36 37 38 39 40 43 44 45 46 47 48 49 50 51 52 53 55 56 57 58 59 60 61 62 63 64 67 68 
48 1 3 5 7 8 9 10 12 13 14 16 18 19 21 23 24 25 26 27 28 29 30 34 35 36 37 38 39 40 44 45 46 47 48 49 50 51 53 55 56 57 58 59 60 61 62 64 68 
55 0 1 3 4 5 7 8 9 10 12 13 14 16 17 18 19 21 22 23 24 25 26 27 28 29 30 34 35 36 37 38 39 40 43 44 45 46 47 48 49 50 51 52 53 55 56 57 58 59 60 61 62 64 67 68 
55 0 1 3 5 7 8 9 10 12 13 14 16 18 19 21 22 23 24 25 26 27 28 29 30 33 34 35 36 37 38 39 40 43 44 45 46 47 48 49 50 51 52 53 55 56 57 58 59 60 61 62 63 64 67 68 
20 5 9 12 16 18 21 24 27 28 30 36 39 44 45 53 55 58 61 64 68 
55 0 1 3 5 7 8 9 10 12 13 14 16 18 19 21 22 23 24 25 26 27 28 29 30 33 34 35 36 37 38 39 40 43 44 45 46 47 48 49 50 51 52 53 55 56 57 58 59 60 61 62 63 64 67 68 
1 21 
