80 15 6e+06
5.22976 174358
3.27914 174072
4.48495 123456
1.4922 147343
3.40137 110590
5.08481 192726
1.71359 152596
4.25714 190740
1.83733 184707
2.07259 144690
4.95305 105286
3.13636 177959
3.38135 149144
2.34324 145912
5.7163 134209
1.56479 106238
1.9983 141185
1.15465 194381
2.59651 137966
1.84734 117523
1.1862 152109
2.49348 188350
1.6785 119299
2.76762 113297
4.61181 141299
2.08598 178736
3.25366 168151
4.28474 145168
2.09062 113673
4.31114 105024
1.43153 131385
2.19356 134395
5.62921 110301
1.66464 115695
1.56177 171643
2.01902 182896
2.15393 150157
2.46275 140992
9.21637 146350
1.79559 166049
1.62598 199730
4.67937 101163
3.62638 187829
2.47531 190734
1.70076 105018
2.88333 110305
4.3259 132870
2.71646 157246
4.00847 124737
1.49269 186027
5.15869 168634
3.0365 170091
1.41795 185931
1.77791 111383
2.30742 175983
1.88944 117657
1.80372 191934
1.89929 110782
2.32262 142391
2.89041 120054
2.59246 117483
1.95821 199166
1.2562 114186
1.71498 157370
1.83393 127452
1.84737 132747
3.13221 120974
1.43669 191786
4.14333 184722
3.35135 150842
1.2388 189089
2.79862 155900
2.31216 118770
2.14022 167006
1.98874 190606
2.66165 149430
5.79561 174184
5.11209 124454
5.113 184086
2.12177 134838
0.885693 0.00174358 9
0.89539 0.00441458 8
0.933916 0.250691 3
0.933825 0.250503 3
0.959419 0.557711 2
0.962181 0.569825 2
0.940734 0.266805 3
0.873432 5.83132e-05 13
0.93815 0.260195 3
0.958117 0.552449 2
0.952611 0.53298 2
0.91747 0.0545397 5
0.921567 0.11425 4
0.879243 0.000323303 11
0.928173 0.122932 4
0.930133 0.243385 3
0.931765 0.246412 3
0.884299 0.00819179 7
0.916429 0.108827 4
0.922278 0.231017 3
0.921366 0.229783 3
0.894052 0.0198387 6
0.957105 0.548547 2
0.899178 0.0447432 5
0.922467 0.231278 3
0.905531 0.0474766 5
0.913547 0.106186 4
0.961937 0.568699 2
0.943214 0.507942 2
0.94468 0.511296 2
0.879149 1.3482e-06 18
0.888243 4.01462e-05 14
0.962255 0.360001 3
0.961739 0.356634 3
0.955375 0.320677 3
0.962609 0.362356 3
0.918858 0.0144334 7
0.874972 2.38869e-07 20
0.918114 0.014182 7
0.952841 0.308862 3
0.934101 0.0721369 5
0.945804 0.16169 4
0.931341 0.0682719 5
0.876636 5.59945e-07 19
0.926039 0.0326475 6
0.968114 1 1
0.959084 0.556328 2
0.838985 4.25619e-10 26
0.867254 5.1006e-05 13
0.898112 0.0207442 6
0.892948 0.00909561 7
0.896969 0.0204773 6
0.976804 1 1
0.902883 0.0219755 6
0.899857 0.0211715 6
0.899072 0.0209762 6
0.860068 8.46155e-06 15
0.918228 0.110614 4
0.981275 1 1
0.928744 0.240945 3
0.972271 0.627804 2
0.963508 0.368504 3
0.842526 6.88822e-12 0
0.870718 9.08262e-08 21
0.902375 0.0011807 10
0.897133 0.000493327 11
0.901163 0.00114249 10
0.978673 0.679488 2
0.907112 0.00273217 9
0.904145 0.00253372 9
0.90341 0.0012152 10
0.863222 2.63207e-09 25
0.921878 0.0298746 6
0.986001 0.758694 2
0.933123 0.0707111 5
0.890752 0.00190506 9
0.891907 0.00194647 9
0.88103 0.000153107 12
0.911223 0.0247145 6
0.894266 0.00203724 9
0.895894 0.00445273 8
0.860072 1.3761e-07 20
0.920472 0.0568779 5
0.864499 8.13347e-07 18
0.893641 0.00201234 9
0.87299 2.59443e-05 14
0.916422 0.0537866 5
0.933276 0.131369 4
0.904494 0.0108037 7
0.908476 0.0237143 6
0.979807 1 1
0.990425 1 1
0.867019 2.25009e-05 14
0.891524 0.00414495 8
0.936897 0.25722 3
0.929959 0.243074 3
0.944084 0.276449 3
0.950575 0.526777 2
0.950311 0.52601 2
0.939265 0.262966 3
0.945115 0.279688 3
0.879862 0.000327319 11
0.938149 0.260193 3
0.966569 0.592105 2
0.963896 0.578056 2
0.868143 0.000264304 11
0.872506 0.000638218 10
0.918325 0.110714 4
0.943115 0.50772 2
0.902221 0.0459845 5
0.907029 0.0482066 5
0.860442 4.45676e-05 13
0.888591 0.00861025 7
0.863393 0.000107386 12
0.90054 0.0452847 5
0.875805 0.00149887 9
0.955637 0.543158 2
0.930331 0.243744 3
0.877363 0.00153255 9
0.901932 0.0458618 5
0.885961 0.00381663 8
0.892967 0.00909782 7
0.951039 0.528148 2
0.985166 1 1
0.941159 0.503528 2
0.947509 0.518299 2
0.896278 0.0203207 6
0.895297 0.0201041 6
0.898327 0.0207954 6
0.938945 0.262158 3
0.912802 0.105544 4
0.980729 1 1
0.953849 0.537 2
0.890089 0.00876957 7
0.930142 0.243402 3
0.923394 0.116436 4
0.933024 0.248875 3
0.888997 0.00184556 9
0.901756 0.0216662 6
0.956245 0.54535 2
0.949605 0.523989 2
0.994678 1 1
0.898885 0.009883 7
0.990444 1 1
0.958392 0.553538 2
0.985845 1 1
0.886029 0.00175341 9
0.922739 0.115635 4
0.91114 0.0504161 5
0.947414 0.518051 2
0.912257 0.0510748 5
0.915994 0.0534872 5
0.903916 0.0106992 7
0.936757 0.256896 3
0.927825 0.122416 4
0.929317 0.124675 4
0.891388 0.00192765 9
0.933884 0.250625 3
0.895691 0.00443731 8
0.927181 0.121482 4
0.905327 0.0226913 6
0.936086 0.25537 3
0.968063 0.600656 2
0.922557 0.115416 4
0.940546 0.266303 3
0.892553 0.00904869 7
0.895974 0.0202529 6
0.905295 0.0473648 5
0.936293 0.255837 3
0.912949 0.105669 4
0.915831 0.108258 4
0.874246 0.000294003 11
0.915976 0.108395 4
0.878117 0.000699131 10
0.911879 0.10477 4
0.888697 0.00397029 8
0.941388 0.504003 2
0.94951 0.523719 2
0.903378 0.0464879 5
0.921087 0.113699 4
0.952071 0.305516 3
0.962358 0.570645 2
0.88359 7.50291e-05 13
0.904096 0.00519553 8
0.957282 0.330443 3
0.949454 0.294917 3
0.96998 0.612436 2
0.927688 0.0638353 5
0.976343 0.65904 2
0.95998 0.560061 2
0.972528 0.629617 2
0.890083 0.000410154 11
0.940609 0.147104 4
0.940453 0.146716 4
0.970134 0.613422 2
0.895654 0.00943408 7
0.900827 0.02142 6
0.923778 0.116916 4
0.95644 0.546066 2
0.930046 0.243228 3
0.933939 0.250738 3
0.888264 0.00182184 9
0.91277 0.0513864 5
0.891616 0.00415089 8
0.928614 0.123595 4
0.903753 0.022223 6
0.958649 0.554566 2
0.961542 0.566898 2
0.903593 0.0221769 6
0.932207 0.247265 3
0.912601 0.0125674 7
0.920609 0.0569913 5
0.933496 0.131774 4
0.963089 0.574111 2
0.968817 0.605176 2
0.972933 0.632524 2
0.92383 0.0598543 5
0.91579 0.0266437 6
0.926598 0.0626434 5
0.967119 0.595189 2
0.94051 0.146858 4
0.950089 0.297382 3
0.976908 0.66382 2
0.914244 0.0259493 6
0.960198 0.560989 2
0.939741 0.500664 2
0.95004 0.525225 2
0.894583 0.0199506 6
0.913319 0.105988 4
0.968864 1 1
0.960912 0.56409 2
0.975272 1 1
0.919099 0.111521 4
0.980233 1 1
0.971594 1 1
0.984976 1 1
0.898419 0.0208175 6
0.943399 0.508354 2
0.929839 0.242859 3
0.970221 1 1
0.934302 0.251495 3
0.943645 0.27511 3
0.912442 0.0511864 5
0.937044 0.257562 3
0.981262 1 1
0.976478 1 1
0.947678 0.518741 2
0.927535 0.121993 4
0.951579 0.529776 2
0.982388 1 1
0.963141 0.57436 2
0.923168 0.116158 4
0.970975 0.618925 2
0.931613 0.246123 3
0.984409 1 1
0.983565 0.729586 2
0.976087 0.656919 2
0.851443 1.06693e-11 0
0.879152 2.93397e-06 17
0.913798 0.0128843 7
0.908228 0.00568082 8
0.913179 0.00639777 8
0.977032 0.664877 2
0.919219 0.0145586 7
0.915677 0.0134177 7
0.9156 0.0133951 7
0.870611 9.0427e-08 21
0.930445 0.0671161 5
0.996513 1 1
0.944702 0.15831 4
0.844429 6.67681e-09 23
0.852586 2.50805e-07 19
0.989574 1 1
0.955042 0.541059 2
0.914485 0.107018 4
0.92197 0.114719 4
0.877504 0.000691925 10
0.846473 1.66717e-08 22
0.876813 0.000683988 10
0.911925 0.0508759 5
0.892123 0.0089984 7
0.952505 0.532647 2
0.903631 0.0221878 6
0.844673 6.73116e-09 23
0.88991 0.00404308 8
0.932985 0.130839 4
0.940216 0.265426 3
0.911339 0.0247592 6
0.941488 0.268865 3
0.962128 0.569578 2
0.961152 0.565149 2
0.926837 0.0629004 5
0.93803 0.141004 4
0.931179 0.127689 4
0.962132 0.569597 2
0.941287 0.26831 3
0.931298 0.12789 4
0.992979 1 1
0.936212 0.13709 4
0.976124 0.657219 2
0.908842 0.0491419 5
0.915391 0.107846 4
0.928523 0.240568 3
0.961992 0.568949 2
0.950803 0.527448 2
0.954337 0.538637 2
0.908108 0.0487564 5
0.919543 0.111994 4
0.911403 0.0505691 5
0.949413 0.523448 2
0.924028 0.117232 4
0.955275 0.541875 2
0.978868 1 1
0.914011 0.0521648 5
0.950936 0.527842 2
0.971376 0.621625 2
0.966362 0.590962 2
0.854797 1.52067e-10 28
0.883755 3.48554e-05 14
0.913175 0.0127172 7
0.908388 0.00570157 8
0.906456 0.00546168 8
0.990145 1 1
0.912463 0.0125318 7
0.914766 0.0131535 7
0.910944 0.0121555 7
0.876436 5.85363e-06 16
0.935695 0.136031 4
0.989728 1 1
0.944377 0.157344 4
0.887715 0.00391349 8
0.895678 0.00943728 7
0.959087 0.556343 2
0.98872 1 1
0.952776 0.533505 2
0.960128 0.560692 2
0.907769 0.0485813 5
0.891873 0.0089694 7
0.909125 0.0492935 5
0.95025 0.525832 2
0.924507 0.117844 4
0.971594 1 1
0.952094 0.531359 2
0.889375 0.0040106 8
0.934647 0.252225 3
0.871884 0.000632102 10
0.875449 0.0014914 9
0.907159 0.0482719 5
0.933661 0.250165 3
0.898454 0.020826 6
0.902505 0.0461065 5
0.85811 1.85756e-05 14
0.894991 0.020038 6
0.86147 4.5452e-05 13
0.897023 0.0204897 6
0.87299 0.000643068 10
0.944372 0.510576 2
0.930471 0.243997 3
0.882387 0.00363529 8
0.902016 0.0458973 5
0.963618 0.576686 2
0.965884 0.588357 2
0.875388 1.24881e-05 15
0.904914 0.00528468 8
0.933092 0.131034 4
0.928895 0.124022 4
0.91819 0.0278159 6
0.975423 0.651505 2
0.924053 0.0600674 5
0.93443 0.133534 4
0.926075 0.0620907 5
0.896892 0.00214913 9
0.958087 0.552332 2
0.973382 0.635803 2
0.964222 0.579691 2
0.888952 0.0188484 6
0.897432 0.0440804 5
0.959605 0.558484 2
0.979848 1 1
0.959429 0.557749 2
0.967275 1 1
0.915235 0.107702 4
0.889854 0.0190132 6
0.916104 0.108517 4
0.956756 0.547235 2
0.93194 0.246749 3
0.962235 1 1
0.949402 0.523417 2
0.889046 0.0188653 6
0.936757 0.495079 2
0.968274 0.601909 2
0.978849 0.681116 2
0.878137 2.96701e-05 14
0.90238 0.00501855 8
0.949075 0.293477 3
0.942064 0.27048 3
0.951199 0.301853 3
0.946008 0.282605 3
0.957475 0.549955 2
0.951457 0.302923 3
0.955237 0.54174 2
0.890088 0.000877118 10
0.947392 0.287343 3
0.958722 0.554859 2
0.975455 0.651764 2
0.904274 0.00254179 9
0.914102 0.0129674 7
0.906444 0.00546026 8
0.913607 0.0128325 7
0.961059 0.352306 3
0.957599 0.33214 3
0.970164 0.613616 2
0.884781 3.59623e-05 14
0.966193 0.590033 2
0.961878 0.35753 3
0.976436 0.65982 2
0.897196 0.0010318 10
0.920751 0.0292096 6
0.894376 0.00045749 11
0.938379 0.14179 4
0.90795 0.0486745 5
0.91535 0.107808 4
0.935144 0.25329 3
0.967401 1 1
0.959542 0.558222 2
0.963977 0.578462 2
0.91502 0.107504 4
0.914622 0.107141 4
0.917861 0.110241 4
0.95783 0.551327 2
0.931496 0.245901 3
0.956728 0.547131 2
0.976265 1 1
0.911174 0.104194 4
0.953514 0.535891 2
0.877016 0.000139975 12
0.882007 0.000748544 10
0.927078 0.121335 4
0.954882 0.540505 2
0.914878 0.0527313 5
0.919815 0.112287 4
0.872332 5.68869e-05 13
0.895166 0.00439788 8
0.875216 0.000134722 12
0.913142 0.0516161 5
0.887984 0.00181297 9
0.965176 0.58459 2
0.941803 0.269746 3
0.885222 0.000794954 10
0.913353 0.0517477 5
0.953257 0.535054 2
0.96278 0.572634 2
0.89445 0.0092796 7
0.919883 0.112362 4
0.963896 0.578056 2
0.957746 0.551001 2
0.948782 0.521701 2
0.942384 0.50612 2
0.954296 0.538497 2
0.965876 0.588312 2
0.95926 0.557054 2
0.907409 0.0483982 5
0.964357 0.580374 2
0.94934 0.523243 2
0.994412 1 1
0.882566 0.000346009 11
0.891725 0.00193984 9
0.958753 0.554985 2
0.961008 0.564514 2
0.959205 0.556824 2
0.966399 0.591165 2
0.922376 0.1152 4
0.877922 0.000142759 12
0.921716 0.114422 4
0.956672 0.546925 2
0.937791 0.259328 3
0.944585 0.278006 3
0.933973 0.250808 3
0.87986 0.000327305 11
0.929539 0.125023 4
0.878398 6.55911e-05 13
0.883325 0.000161644 12
0.925944 0.119752 4
0.954227 0.538265 2
0.915385 0.0264575 6
0.920201 0.0566548 5
0.872976 1.1673e-05 15
0.896777 0.00452139 8
0.875925 2.79675e-05 14
0.913687 0.02571 6
0.888584 0.000850002 10
0.963953 0.578341 2
0.943008 0.27321 3
0.886725 0.000378978 11
0.914432 0.0260315 6
0.981909 1 1
0.977674 1 1
0.857617 1.83902e-05 14
0.885623 0.00831531 7
0.919651 0.227557 3
0.914244 0.106802 4
0.916341 0.108743 4
0.979158 1 1
0.92242 0.231213 3
0.921463 0.229912 3
0.919926 0.227905 3
0.877031 0.00152525 9
0.937312 0.496076 2
0.99506 1 1
0.95095 0.527885 2
0.939613 0.263855 3
0.93545 0.253959 3
0.850936 8.34395e-09 23
0.881633 0.000339335 11
0.897125 0.00454908 8
0.894206 0.00432785 8
0.88121 0.000336393 11
0.976804 1 1
0.886931 0.000822018 10
0.898065 0.00976403 7
0.888338 0.00182423 9
0.878221 0.0001437 12
0.929892 0.125582 4
0.957447 0.549849 2
0.92561 0.119299 4
0.923324 0.0593792 5
0.933435 0.131662 4
0.912135 0.0250714 6
0.928454 0.123353 4
0.985077 1 1
0.977966 0.673071 2
0.96666 0.592609 2
0.90825 0.0236369 6
0.96812 0.600995 2
0.987202 1 1
0.984521 1 1
0.912485 0.0252118 6
0.946794 0.285263 3
0.91599 0.0534847 5
0.964715 0.582201 2
0.890427 0.000413621 11
0.900101 0.00480244 8
0.937882 0.140672 4
0.941134 0.26789 3
0.966496 0.591699 2
0.970185 0.613748 2
0.940922 0.267315 3
0.879755 3.1027e-05 14
0.939181 0.143643 4
0.964857 0.582931 2
0.954744 0.317612 3
0.924439 0.0604402 5
0.929587 0.125098 4
0.884819 0.000167669 12
0.934612 0.133885 4
0.89838 0.000246783 12
0.908164 0.00280962 9
0.909173 0.00288776 9
0.914142 0.00655789 8
0.958081 0.334775 3
0.955689 0.32223 3
0.964052 0.372342 3
0.87959 6.31991e-07 19
0.959868 0.345026 3
0.958522 0.337231 3
0.970133 0.613418 2
0.897716 0.000241532 12
0.917403 0.00716055 8
0.888779 1.92337e-05 15
0.933415 0.071131 5
0.904839 0.00527636 8
0.905626 0.00536486 8
0.879358 1.40423e-05 15
0.910766 0.0121129 7
0.901879 0.00239983 9
0.902558 0.0024385 9
0.870118 4.37513e-07 19
0.935369 0.135374 4
0.874864 2.52786e-06 17
0.901563 0.00238225 9
0.882353 3.34297e-05 14
0.913141 0.0127081 7
0.941971 0.150612 4
0.919053 0.0282682 6
0.919491 0.0285044 6
0.990795 1 1
0.997176 1 1
0.858875 6.88787e-07 18
0.884149 0.000778838 10
0.92707 0.121324 4
0.920406 0.112936 4
0.934291 0.251471 3
0.956683 0.546965 2
0.940392 0.265892 3
0.929344 0.124717 4
0.934576 0.252074 3
0.873304 5.81447e-05 13
0.932484 0.247805 3
0.974852 1 1
0.955409 0.542346 2
0.916864 0.0541004 5
0.92396 0.117145 4
0.925245 0.11881 4
0.957207 0.548932 2
0.959577 0.558367 2
0.962086 0.569382 2
0.917579 0.0546198 5
0.924443 0.117761 4
0.921048 0.113656 4
0.95845 0.553768 2
0.933446 0.249726 3
0.947672 0.288334 3
0.986711 1 1
0.920744 0.113312 4
0.960962 0.564311 2
0.883471 7.47884e-05 13
0.892266 0.000433055 11
0.963914 0.57815 2
0.972734 0.631094 2
0.957558 0.331923 3
0.96544 0.585984 2
0.916334 0.0268991 6
0.882022 3.31075e-05 14
0.916433 0.0269461 6
0.954864 0.31819 3
0.932512 0.129992 4
0.955879 0.323177 3
0.940252 0.146218 4
0.882345 7.25648e-05 13
0.931085 0.127532 4
0.900672 0.00485464 8
0.908291 0.0115548 7
0.94352 0.274733 3
0.975783 0.65442 2
0.95812 0.552464 2
0.963919 0.578171 2
0.91262 0.0252667 6
0.90651 0.0111877 7
0.914934 0.0262536 6
0.956021 0.544537 2
0.929363 0.124747 4
0.963483 0.576022 2
0.967654 0.598263 2
0.903348 0.0105989 7
0.946969 0.285866 3
0.952578 0.532877 2
0.945536 0.281049 3
0.84037 1.46454e-11 30
0.869918 2.40725e-05 14
0.893652 0.00428856 8
0.88948 0.00186154 9
0.885786 0.000803689 10
0.981682 1 1
0.891661 0.00193749 9
0.895043 0.00438878 8
0.890133 0.00188362 9
0.864621 4.16286e-06 16
0.920208 0.0566606 5
0.96975 0.610972 2
0.923924 0.117099 4
0.928816 0.0651305 5
0.93593 0.136509 4
0.914657 0.0261304 6
0.94537 0.280511 3
0.961413 0.566318 2
0.961364 0.566099 2
0.924041 0.0600559 5
0.935028 0.134698 4
0.92817 0.0643813 5
0.961104 0.564936 2
0.938914 0.143018 4
0.935477 0.135592 4
0.995833 1 1
0.932435 0.129856 4
0.971982 0.625784 2
0.885539 0.000799833 10
0.893733 0.00429423 8
0.962745 0.572468 2
0.986719 1 1
0.953475 0.535764 2
0.961148 0.565134 2
0.909115 0.0239374 6
0.888295 0.000844979 10
0.910123 0.024301 6
0.950856 0.527606 2
0.92577 0.119515 4
0.968982 0.606184 2
0.948215 0.290286 3
0.88649 0.000814869 10
0.932834 0.130568 4
0.861997 3.32588e-07 19
0.865356 8.3517e-07 18
0.902605 0.0104709 7
0.926502 0.120522 4
0.888602 0.00085031 10
0.892861 0.00198214 9
0.848338 2.62631e-10 27
0.885679 0.000370149 11
0.851582 1.60324e-09 25
0.887112 0.000382347 11
0.863158 3.45203e-07 19
0.938953 0.262178 3
0.919587 0.0561589 5
0.872718 1.15911e-05 15
0.891449 0.000903181 10
0.88221 0.0036268 8
0.888374 0.00858781 7
0.942199 0.505721 2
0.973046 1 1
0.929855 0.242887 3
0.935565 0.254211 3
0.885805 0.00833273 7
0.895518 0.0201523 6
0.888242 0.00857417 7
0.927854 0.239445 3
0.902001 0.0458909 5
0.979178 1 1
0.950016 0.525157 2
0.888182 0.00856809 7
0.92331 0.232461 3
0.904709 0.0225043 6
0.906538 0.0230704 6
0.888693 0.00183565 9
0.920405 0.112935 4
0.90909 0.0239287 6
0.910273 0.0243564 6
0.875156 6.06761e-05 13
0.9326 0.248032 3
0.879697 0.000326241 11
0.908592 0.0237544 6
0.888134 0.00181771 9
0.922753 0.115653 4
0.949182 0.522802 2
0.917716 0.0547211 5
0.924473 0.1178 4
0.989544 1 1
0.993695 1 1
0.862007 1.71237e-06 17
0.888283 0.00182246 9
0.928684 0.123701 4
0.922409 0.115239 4
0.930933 0.244847 3
0.963468 0.575951 2
0.937094 0.257678 3
0.930809 0.244618 3
0.933079 0.248986 3
0.877975 0.000315368 11
0.938023 0.259887 3
0.980394 1 1
0.958709 0.554807 2
0.901502 0.0102879 7
0.908493 0.0237201 6
0.938032 0.259908 3
0.971832 0.62474 2
0.951557 0.303342 3
0.956495 0.546271 2
0.907064 0.0112989 7
0.910505 0.0244426 6
0.909804 0.0241843 6
0.949736 0.296004 3
0.923473 0.0595182 5
0.9638 0.577581 2
0.97064 0.616709 2
0.905713 0.0110322 7
0.945606 0.281279 3
0.945031 0.279418 3
0.947409 0.287402 3
0.883731 0.000163242 12
0.915038 0.0263004 6
0.931672 0.128526 4
0.92937 0.124758 4
0.907582 0.0114054 7
0.966583 0.592181 2
0.912998 0.0254215 6
0.932324 0.12966 4
0.9181 0.0277698 6
0.909227 0.0117589 7
0.966997 0.594499 2
0.956567 0.546536 2
0.958143 0.552554 2
0.93892 0.262094 3
0.946366 0.283803 3
0.906575 0.0112007 7
0.935914 0.136476 4
0.962435 0.571009 2
0.960155 0.560807 2
0.930743 0.126963 4
0.941905 0.270032 3
0.935396 0.135428 4
0.962905 0.57323 2
0.944445 0.277569 3
0.925349 0.0613441 5
0.986993 1 1
0.941425 0.268691 3
0.981912 1 1
0.967242 1 1
0.977848 1 1
0.876607 0.00151601 9
0.900023 0.0450768 5
0.948345 0.520514 2
0.941075 0.503355 2
0.95464 0.539669 2
0.94236 0.506067 2
0.96097 0.564343 2
0.950829 0.527526 2
0.957274 0.549186 2
0.887399 0.00848869 7
0.943604 0.508816 2
0.955986 0.544408 2
0.972319 1 1
0.905706 0.0475599 5
0.915065 0.107546 4
0.938433 0.260886 3
0.955417 0.542377 2
0.983543 1 1
0.991527 1 1
0.939342 0.263161 3
0.899862 0.0211727 6
0.940202 0.26539 3
0.980784 1 1
0.956495 0.546271 2
0.938537 0.261142 3
0.953888 0.537129 2
0.902732 0.0219333 6
0.953856 0.537023 2
0.924491 0.031553 6
0.934628 0.0729317 5
0.903821 0.00122941 10
0.918602 0.0143458 7
0.97438 0.643315 2
0.96751 0.398988 3
0.977178 0.666135 2
0.905563 0.00129294 10
0.978023 0.673575 2
0.976534 0.660647 2
0.995146 1 1
0.902696 0.00058252 11
0.938227 0.0789051 5
0.915167 0.00673694 8
0.959751 0.344328 3
0.857016 1.81682e-05 14
0.86523 0.000251974 11
0.995329 1 1
0.96838 1 1
0.927305 0.238542 3
0.934963 0.491982 2
0.888274 0.00857756 7
0.859125 4.34745e-05 13
0.887964 0.00854575 7
0.924692 0.234472 3
0.903541 0.0465607 5
0.962326 1 1
0.91713 0.109511 4
0.857374 1.83001e-05 14
0.903132 0.0463795 5
0.965619 0.586935 2
0.960073 0.560457 2
0.85182 3.732e-09 24
0.881126 0.000153446 12
0.908293 0.0236515 6
0.903783 0.0106755 7
0.900502 0.0101284 7
0.993988 1 1
0.906467 0.0111792 7
0.90979 0.0241792 6
0.905196 0.0109339 7
0.874504 2.69566e-05 14
0.932763 0.130439 4
0.984005 1 1
0.939222 0.262856 3
0.938132 0.0787343 5
0.945172 0.159733 4
0.906176 0.00131667 10
0.936118 0.0752846 5
0.959626 0.343586 3
0.957728 0.332843 3
0.927611 0.0338423 6
0.94313 0.153767 4
0.93228 0.0695323 5
0.959983 0.34571 3
0.941242 0.148708 4
0.926177 0.0327487 6
0.989192 0.801729 2
0.941593 0.149617 4
0.978945 0.682004 2
0.908369 0.0488926 5
0.918277 0.110665 4
0.924594 0.234326 3
0.936287 0.255824 3
0.982553 1 1
0.981568 1 1
0.956509 0.546321 2
0.895648 0.020181 6
0.956001 0.544464 2
0.981978 1 1
0.97263 1 1
0.919557 0.112009 4
0.940985 0.50317 2
0.90197 0.021724 6
0.951873 0.530675 2
0.965592 0.586788 2
0.975267 0.65026 2
0.883035 0.000160519 12
0.908639 0.0237707 6
0.952111 0.305688 3
0.945705 0.281604 3
0.946038 0.282705 3
0.950271 0.298104 3
0.952113 0.305695 3
0.954244 0.538321 2
0.952811 0.308728 3
0.896853 0.00452738 8
0.955733 0.543499 2
0.960118 0.56065 2
0.982252 1 1
0.935144 0.253291 3
0.931857 0.246588 3
0.854822 1.41726e-06 17
0.885811 0.00380861 8
0.898372 0.0208063 6
0.895905 0.0202374 6
0.879935 0.00159173 9
0.972112 1 1
0.885567 0.00379561 8
0.899151 0.0209956 6
0.887912 0.00392472 8
0.883054 0.00167031 9
0.932918 0.248663 3
0.952648 0.5331 2
0.925878 0.236273 3
0.959794 0.559276 2
0.965698 1 1
0.885608 0.00831396 7
0.914415 0.106955 4
0.946263 0.515123 2
0.941838 0.504951 2
0.928897 0.241208 3
0.961921 1 1
0.934617 0.491407 2
0.947643 0.518649 2
0.938196 0.497702 2
0.904888 0.0995769 4
0.967178 1 1
0.963731 1 1
0.977775 1 1
0.902753 0.0462137 5
0.910002 0.0497723 5
0.938953 0.262178 3
0.972191 1 1
0.955121 0.541336 2
0.960185 0.560934 2
0.910297 0.0499367 5
0.910428 0.0500104 5
0.912952 0.105672 4
0.953248 0.535024 2
0.926822 0.237761 3
0.962388 0.570785 2
0.971346 1 1
0.906352 0.0478723 5
0.947808 0.519084 2
0.959382 0.557556 2
0.96569 0.587313 2
0.886639 0.00385339 8
0.915268 0.107732 4
0.947893 0.519308 2
0.943386 0.508325 2
0.930435 0.243933 3
0.960274 0.561315 2
0.93614 0.25549 3
0.949298 0.523126 2
0.939866 0.264509 3
0.905502 0.0474627 5
0.96774 0.598764 2
0.962589 0.571728 2
0.979539 1 1
0.906985 0.101021 4
0.916949 0.109332 4
0.915303 0.107764 4
0.924351 0.233967 3
0.971868 1 1
0.969031 1 1
0.965163 1 1
0.890441 0.0191226 6
0.963036 1 1
0.972304 1 1
0.977848 1 1
0.907773 0.101588 4
0.930603 0.244239 3
0.898619 0.0445275 5
0.945723 0.513792 2
0.900363 0.00482626 8
0.906453 0.0111764 7
0.930726 0.126936 4
0.964569 0.581451 2
0.941631 0.269264 3
0.945837 0.282037 3
0.898633 0.00467369 8
0.913536 0.025646 6
0.90177 0.0049586 8
0.94007 0.265042 3
0.914554 0.0260852 6
0.961915 0.568596 2
0.969242 0.607788 2
0.906531 0.0111918 7
0.940797 0.266977 3
0.9425 0.506371 2
0.951197 0.528622 2
0.90506 0.0472544 5
0.93199 0.246845 3
0.969607 1 1
0.965354 1 1
0.941625 0.5045 2
0.938544 0.498355 2
0.946358 0.515362 2
0.97075 1 1
0.95513 0.541367 2
0.919743 0.227673 3
0.976484 1 1
0.941654 0.504561 2
0.991992 1 1
0.859859 4.40905e-10 27
0.867165 3.52383e-08 22
0.973452 0.636315 2
0.977847 0.672009 2
0.922059 0.0299842 6
0.929468 0.0659076 5
0.879321 2.9519e-06 17
0.867585 3.58592e-08 22
0.880159 6.61318e-06 16
0.919538 0.0146709 7
0.895355 0.000469674 11
0.985077 0.74729 2
0.92486 0.0318069 6
0.862951 2.59958e-09 25
0.904463 0.00255369 9
0.882355 0.00363372 8
0.883837 0.00814977 7
0.88296 0.00807147 7
0.912058 0.104918 4
0.890229 0.0190829 6
0.892436 0.0195088 6
0.854619 7.50116e-06 15
0.911265 0.104267 4
0.858826 4.32327e-05 13
0.889415 0.0189324 6
0.867954 0.00026347 11
0.919007 0.226751 3
0.928106 0.239865 3
0.895669 0.0201855 6
0.902211 0.0459803 5
0.936537 0.494689 2
0.935801 0.493407 2
0.869852 0.000612863 10
0.901365 0.0456237 5
0.912249 0.105077 4
0.910294 0.103493 4
0.88963 0.00871992 7
0.969489 1 1
0.895108 0.0200632 6
0.912825 0.105564 4
0.899208 0.044755 5
0.898215 0.0443734 5
0.948871 0.521944 2
0.952232 0.53179 2
0.938343 0.497977 2
0.879458 1.36456e-06 18
0.885145 7.89088e-06 16
0.936521 0.0759489 5
0.965615 0.38389 3
0.923178 0.0160841 7
0.928594 0.0346356 6
0.879693 1.37719e-06 18
0.894832 0.000105521 13
0.882303 3.29755e-06 17
0.921279 0.0153157 7
0.895681 0.000226532 12
0.974644 0.645357 2
0.946319 0.163327 4
0.886378 1.76578e-05 15
0.918678 0.0143717 7
0.935651 0.254402 3
0.943246 0.273916 3
0.909952 0.0497447 5
0.939303 0.263061 3
0.964638 0.581805 2
0.962893 0.573171 2
0.93068 0.244379 3
0.938532 0.261131 3
0.935108 0.253213 3
0.964888 0.58309 2
0.944963 0.279202 3
0.928468 0.123373 4
0.988693 1 1
0.937936 0.259675 3
0.980289 1 1
0.934071 0.13285 4
0.943733 0.275378 3
0.911496 0.0248199 6
0.934627 0.133915 4
0.983877 1 1
0.977667 0.670414 2
0.952496 0.307349 3
0.924893 0.0608871 5
0.956265 0.545425 2
0.985614 1 1
0.968174 0.60131 2
0.920249 0.0566945 5
0.965924 0.588573 2
0.930116 0.125941 4
0.98276 1 1
0.884947 7.7883e-05 13
0.893093 0.000442351 11
0.963173 0.574519 2
0.987868 1 1
0.952467 0.307222 3
0.960111 0.560619 2
0.908095 0.011513 7
0.888003 0.000181918 12
0.909124 0.0117361 7
0.949857 0.296476 3
0.92474 0.0607353 5
0.97011 0.61327 2
0.947935 0.289274 3
0.886036 0.000172877 12
0.932142 0.129339 4
0.841577 6.58996e-12 0
0.850062 9.94175e-12 0
0.978758 0.680269 2
0.945512 0.160777 4
0.913685 0.00648102 8
0.920839 0.0151476 7
0.880238 1.40706e-06 18
0.840924 6.39366e-12 0
0.8789 6.14045e-07 19
0.911216 0.00305858 9
0.893941 0.000102418 13
0.940121 0.0824766 5
0.897411 0.00023918 12
0.840497 6.26904e-12 0
0.886887 1.79748e-05 15
0.897307 0.000238392 12
0.899192 0.000523447 11
0.889148 4.13697e-05 14
0.920221 0.0149174 7
0.904418 0.00125054 10
0.906096 0.00131353 10
0.869384 1.74232e-08 23
0.925175 0.0320271 6
0.873765 1.03312e-07 21
0.903761 0.00122732 10
0.88265 3.34159e-06 17
0.924225 0.0313733 6
0.943718 0.15543 4
0.91023 0.00297396 9
0.918059 0.0141639 7
0.909469 0.0240634 6
0.909861 0.0242053 6
0.876403 6.24907e-05 13
0.907973 0.0235428 6
0.902409 0.0104378 7
0.902636 0.0104762 7
0.872145 1.14117e-05 15
0.940845 0.267106 3
0.877038 6.34492e-05 13
0.902246 0.0104104 7
0.883923 0.00035616 11
0.909446 0.0240553 6
0.942503 0.271736 3
0.92411 0.117335 4
0.921658 0.0578822 5
0.895732 0.000226889 12
0.904291 0.00124601 10
0.952337 0.306659 3
0.974957 0.647801 2
0.965938 0.386379 3
0.973643 0.637733 2
0.920698 0.0150944 7
0.896079 0.000229347 12
0.921892 0.0155559 7
0.963297 0.367041 3
0.937634 0.0778516 5
0.957794 0.3332 3
0.955581 0.321692 3
0.895654 0.000226343 12
0.943916 0.155998 4
0.942504 0.27174 3
0.948723 0.292159 3
0.899974 0.0100466 7
0.930285 0.126214 4
0.953114 0.53459 2
0.950801 0.527442 2
0.924299 0.117576 4
0.950057 0.29726 3
0.929292 0.124636 4
0.953673 0.536417 2
0.936888 0.257198 3
0.9213 0.0575739 5
0.984738 1 1
0.947481 0.287654 3
0.976698 1 1
57 1 3 4 5 7 8 10 11 13 14 17 18 19 20 21 22 23 24 25 28 29 32 33 34 38 40 41 42 43 44 45 46 47 48 49 50 51 52 56 57 58 61 62 63 64 66 67 68 69 70 71 72 74 76 77 78 79 
52 1 3 4 5 7 8 10 11 13 14 17 19 20 21 22 23 24 28 29 32 33 34 38 40 42 43 44 45 46 47 48 49 50 51 52 57 58 61 62 63 64 66 67 68 69 70 71 72 74 76 77 79 
55 1 3 5 7 8 10 11 13 14 19 20 21 22 23 24 25 28 29 30 32 33 34 38 39 40 42 43 44 45 46 47 48 49 50 51 52 57 58 60 61 62 63 64 66 67 68 69 70 71 72 74 76 77 78 79 
55 1 3 4 5 6 7 8 10 11 13 14 16 17 19 20 21 23 24 26 28 29 30 32 33 34 38 39 40 42 43 44 46 47 48 49 50 51 52 53 57 58 60 61 62 63 64 66 67 69 70 71 72 76 77 79 
63 1 2 3 4 5 7 8 10 11 13 14 16 17 18 19 20 21 22 23 24 25 28 29 30 31 32 33 34 38 40 41 42 43 44 45 46 47 48 50 51 52 54 56 57 58 61 62 63 64 66 67 68 69 70 71 72 73 74 75 76 77 78 79 
64 1 3 4 5 6 7 8 10 11 12 13 14 15 16 17 19 20 21 22 23 24 25 26 28 29 30 32 33 34 38 39 40 42 43 44 45 46 47 48 49 50 51 52 53 57 58 60 61 62 63 64 66 67 68 69 70 71 72 73 74 76 77 78 79 
78 0 1 2 3 4 5 6 7 8 9 10 11 12 13 14 15 16 17 18 19 20 21 22 23 24 25 26 28 29 30 31 32 33 34 35 36 38 39 40 41 42 43 44 45 46 47 48 49 50 51 52 53 54 55 56 57 58 59 60 61 62 63 64 65 66 67 68 69 70 71 72 73 74 75 76 77 78 79 
22 1 5 7 10 11 13 23 29 32 34 38 43 46 47 48 51 61 69 70 71 76 77 
79 0 1 2 3 4 5 6 7 8 10 11 12 13 14 15 16 17 18 19 20 21 22 23 24 25 26 27 28 29 30 31 32 33 34 35 36 37 38 39 40 41 42 43 44 45 46 47 48 49 50 51 52 53 54 55 56 57 58 59 60 61 62 63 64 65 66 67 68 69 70 71 72 73 74 75 76 77 78 79 
66 1 3 4 5 6 7 8 10 11 13 14 16 17 18 19 20 21 22 23 24 25 26 28 29 30 32 33 34 38 39 40 41 42 43 44 45 46 47 48 49 50 51 52 53 54 56 57 58 60 61 62 63 64 66 67 68 69 70 71 72 73 74 76 77 78 79 
77 0 1 2 3 4 5 6 7 8 10 11 12 13 14 15 16 17 18 19 20 21 22 23 24 25 26 28 29 30 31 32 33 34 35 36 38 39 40 41 42 43 44 45 46 47 48 49 50 51 52 53 54 55 56 57 58 59 60 61 62 63 64 65 66 67 68 69 70 71 72 73 74 75 76 77 78 79 
23 1 5 7 10 11 13 23 29 32 34 38 43 46 47 48 51 61 66 69 70 71 76 77 
33 1 3 4 5 7 8 10 11 13 17 20 21 23 24 29 32 33 34 38 43 46 47 48 51 57 61 66 69 70 71 76 77 79 
25 1 3 4 5 7 10 11 13 21 23 29 32 34 38 43 46 48 51 57 61 69 70 71 76 77 
57 1 3 4 5 7 8 10 11 13 14 17 18 19 20 21 22 23 24 25 28 29 32 33 34 38 40 41 42 43 44 45 46 47 48 50 51 52 56 57 58 61 62 63 64 66 67 68 69 70 71 72 74 75 76 77 78 79 
