70 15 8e+06
2.86736 148736
1.61875 163936
2.11951 112774
1.55118 170559
1.47457 178931
1.56704 156533
1.08701 191366
2.15108 139663
2.3665 106410
1.53376 159182
1.11966 137394
1.84628 136046
2.23292 125715
2.93576 175060
1.00742 108736
1.90015 127759
1.35893 141229
1.61914 121740
1.57436 173632
2.45934 193068
1.94226 197309
2.06689 164178
1.10417 114394
1.34617 180324
1.88081 171651
2.09257 176511
2.50396 198360
1.66562 167479
2.5864 129007
2.03179 118266
1.43784 179033
1.45053 189300
1.73016 134694
2.42908 113309
2.42125 175205
1.71125 126349
1.1082 110976
1.24838 178048
1.95522 191104
1.66095 155867
1.57822 181648
1.13008 161754
1.20257 108768
1.16703 115965
2.0567 199807
1.35508 132825
1.1157 159652
1.77859 191004
1.68472 114695
2.0576 159186
1.74747 141572
1.7617 195396
2.94153 111757
1.58168 159016
1.13355 119921
2.32275 173431
2.90488 192125
1.33322 197405
1.39371 181427
1.7614 148641
2.54272 125066
2.77016 111897
1.31013 128658
2.60559 151254
1.2443 135894
2.43735 176712
1.06667 120688
2.74864 178660
2.85588 185791
2.576 165232
0.889024 8.76525e-05 13
0.899754 0.00110075 10
0.944319 0.157173 4
0.947467 0.287604 3
0.98271 0.720056 2
0.974132 0.641418 2
0.906231 0.0054351 8
0.920135 0.0288598 6
0.900638 0.0011266 10
0.926398 0.0624307 5
0.892602 0.000206611 12
0.933895 0.0718314 5
0.914601 0.0131066 7
0.887596 8.40093e-05 13
0.936434 0.137552 4
0.97183 0.624725 2
0.973971 0.640199 2
0.929594 0.12511 4
0.94649 0.284225 3
0.916035 0.026758 6
0.891138 0.000897087 10
0.985107 1 1
0.953376 0.311252 3
0.9081 0.011514 7
0.984435 1 1
0.973891 0.639593 2
0.876006 2.80269e-05 14
0.998389 1 1
0.97025 0.614167 2
0.975668 0.653484 2
0.855757 6.31318e-07 18
0.857782 1.52909e-06 17
0.941643 0.269295 3
0.92733 0.121697 4
0.919778 0.112247 4
0.941161 0.267965 3
0.866406 2.219e-05 14
0.907125 0.0482546 5
0.91943 0.111873 4
0.884123 0.00169919 9
0.855352 6.24366e-07 18
0.997442 1 1
0.877427 0.000312045 11
0.855113 2.69716e-07 19
0.899492 0.0210799 6
0.910458 0.103622 4
0.895583 0.0201667 6
0.940387 0.501951 2
0.93653 0.494677 2
0.87911 0.0034854 8
0.872488 0.000638046 10
0.905325 0.0473789 5
0.958056 0.55221 2
0.973286 1 1
0.909863 0.103156 4
0.902927 0.0462895 5
0.895238 0.0200914 6
0.916 0.108418 4
0.911402 0.104379 4
0.922628 0.231501 3
0.95718 0.54883 2
0.959538 0.558203 2
0.944405 0.277443 3
0.961857 0.568333 2
0.927105 0.063191 5
0.903918 0.00517656 8
0.970047 0.612864 2
0.963925 0.578202 2
0.918696 0.0280789 6
0.983921 1 1
0.958162 0.552626 2
0.890395 0.000413294 11
0.982892 1 1
0.95595 0.323536 3
0.990737 1 1
0.871811 0.000125692 12
0.87317 0.000129164 12
0.959512 0.558096 2
0.944687 0.511311 2
0.928271 0.240142 3
0.94284 0.507113 2
0.882142 0.00164649 9
0.924264 0.117532 4
0.932938 0.248704 3
0.899771 0.0211497 6
0.871152 0.000124069 12
0.978891 1 1
0.893533 0.00916617 7
0.871193 0.000124168 12
0.915765 0.108196 4
0.924175 0.0313391 6
0.913567 0.00646137 8
0.962345 0.360601 3
0.96198 0.358198 3
0.90284 0.00119599 10
0.893698 0.000101595 13
0.92396 0.0311955 6
0.982809 0.721146 2
0.968443 0.602917 2
0.932127 0.0693232 5
0.918559 0.0143313 7
0.908284 0.00281866 9
0.935968 0.0750396 5
0.924555 0.0315967 6
0.946754 0.164741 4
0.978037 0.673701 2
0.957019 0.329047 3
0.920547 0.0290927 6
0.933728 0.132206 4
0.891287 0.000422503 11
0.869962 4.35079e-07 19
0.96464 0.581816 2
0.953982 0.314025 3
0.914028 0.0129471 7
0.954719 0.317494 3
0.968462 0.603033 2
0.864708 7.16748e-08 21
0.968737 0.604693 2
0.979256 0.684927 2
0.952686 0.308181 3
0.884581 0.00821769 7
0.86764 0.0002621 11
0.91141 0.104385 4
0.90513 0.047287 5
0.850191 1.2644e-06 17
0.846571 2.12528e-07 19
0.876628 0.00151646 9
0.925059 0.235022 3
0.953669 0.536404 2
0.879197 0.00348921 8
0.876171 0.00150665 9
0.876834 0.00152094 9
0.886172 0.00836799 7
0.885852 0.00833715 7
0.890945 0.0192182 6
0.918543 0.055343 5
0.93172 0.128608 4
0.943406 0.274393 3
0.956852 0.547596 2
0.969619 0.610141 2
0.940985 0.267486 3
0.9377 0.259108 3
0.935348 0.135332 4
0.901914 0.0103554 7
0.958216 0.55284 2
0.923395 0.0594454 5
0.908554 0.0237413 6
0.944839 0.278806 3
0.916854 0.0540929 5
0.963935 0.578252 2
0.892307 0.00901985 7
0.894947 0.0200284 6
0.976788 1 1
0.96658 0.592165 2
0.944691 0.511321 2
0.948119 0.519908 2
0.903954 0.0467459 5
0.941759 0.504783 2
0.935778 0.254681 3
0.922362 0.115184 4
0.892297 0.00901866 7
0.956023 0.544545 2
0.915385 0.107841 4
0.891521 0.00892909 7
0.938476 0.260991 3
0.914668 0.107183 4
0.926038 0.236522 3
0.949878 0.524763 2
0.961788 1 1
0.971919 1 1
0.946513 0.515749 2
0.932752 0.248333 3
0.937822 0.497008 2
0.907104 0.101106 4
0.953489 0.535811 2
0.918685 0.226354 3
0.916319 0.108721 4
0.941015 0.503231 2
0.913117 0.105813 4
0.962287 1 1
0.888271 0.00182208 9
0.873467 0.000129945 12
0.926793 0.12093 4
0.918789 0.111195 4
0.863919 9.25817e-06 15
0.861569 3.84762e-06 16
0.882987 0.000762114 10
0.935924 0.255008 3
0.970959 0.618824 2
0.888031 0.00181446 9
0.88072 0.000731447 10
0.89297 0.00424126 8
0.893508 0.00427846 8
0.889272 0.00400445 8
0.90129 0.0215416 6
0.859789 1.3633e-07 20
0.862857 7.73806e-07 18
0.944527 0.277824 3
0.931521 0.128268 4
0.927797 0.122375 4
0.949319 0.294403 3
0.871305 1.11571e-05 15
0.909597 0.0241094 6
0.917687 0.0546992 5
0.889491 0.000866163 10
0.859854 1.36622e-07 20
0.989561 1 1
0.882145 0.000342963 11
0.859046 1.33043e-07 20
0.904548 0.0108136 7
0.890874 0.00410325 8
0.893573 0.00917106 7
0.975477 1 1
0.965024 0.583798 2
0.944462 0.510784 2
0.948826 0.52182 2
0.902546 0.0218818 6
0.940334 0.265738 3
0.935132 0.253266 3
0.920969 0.113566 4
0.890883 0.00410381 8
0.957507 0.550079 2
0.913941 0.0521199 5
0.890088 0.00405403 8
0.937015 0.257493 3
0.885498 7.99531e-06 16
0.898798 0.000250184 12
0.931202 0.0369319 6
0.936326 0.0756266 5
0.993302 1 1
0.972627 0.630325 2
0.904048 0.00123735 10
0.910057 0.00295952 9
0.887904 1.86358e-05 15
0.923726 0.0163194 7
0.89023 4.29098e-05 14
0.922236 0.0156938 7
0.910906 0.00303146 9
0.883893 3.50672e-06 17
0.930799 0.0365578 6
0.921868 0.0298681 6
0.932852 0.0703271 5
0.95084 0.300384 3
0.964941 0.583368 2
0.964662 0.581926 2
0.939246 0.143795 4
0.939896 0.145348 4
0.943068 0.153595 4
0.909499 0.00584938 8
0.960825 0.350847 3
0.925783 0.061788 5
0.912164 0.0124557 7
0.948423 0.291047 3
0.920314 0.0289602 6
0.969739 0.610904 2
0.93494 0.0734111 5
0.924847 0.0317979 6
0.960806 0.350727 3
0.966241 0.388739 3
0.907786 0.00278127 9
0.895381 0.000224455 12
0.935374 0.0740889 5
0.993858 1 1
0.956683 0.327287 3
0.943195 0.153947 4
0.929664 0.0355429 6
0.903644 0.00122326 10
0.94752 0.167295 4
0.935192 0.0738027 5
0.957163 0.329807 3
0.891884 0.00897069 7
0.903905 0.0467237 5
0.94043 0.502037 2
0.945736 0.513824 2
0.98986 1 1
0.969849 1 1
0.909877 0.103167 4
0.91906 0.11148 4
0.896651 0.0204048 6
0.929986 0.243122 3
0.896056 0.0202711 6
0.926675 0.237526 3
0.91757 0.109948 4
0.890355 0.00879864 7
0.938544 0.498355 2
0.867375 5.11343e-05 13
0.869326 0.000119755 12
0.95411 0.53787 2
0.93992 0.26465 3
0.92809 0.239837 3
0.945203 0.512534 2
0.87812 0.000699163 10
0.918945 0.111358 4
0.927648 0.239103 3
0.895962 0.00947472 7
0.866965 5.07021e-05 13
0.984072 1 1
0.889326 0.00400766 8
0.866714 5.04417e-05 13
0.911645 0.0507104 5
0.973211 0.634546 2
0.957471 0.549942 2
0.929697 0.125271 4
0.943385 0.274328 3
0.899915 0.0047857 8
0.878898 0.000145869 12
0.966898 0.593944 2
0.962488 0.571256 2
0.920023 0.0565098 5
0.961627 0.567282 2
0.966196 0.590048 2
0.873399 2.62115e-05 14
0.974552 0.64464 2
0.973602 0.637429 2
0.961964 0.568824 2
0.920873 0.0292795 6
0.904256 0.00521269 8
0.935841 0.136327 4
0.935585 0.135808 4
0.878212 1.35636e-05 15
0.868724 4.16384e-07 19
0.913721 0.0128634 7
0.961034 0.564627 2
0.96109 0.564876 2
0.915936 0.0267115 6
0.912649 0.0125798 7
0.886706 0.000175868 12
0.923675 0.0597081 5
0.921995 0.0299456 6
0.926971 0.0630453 5
0.883323 0.000766874 10
0.884423 0.000782889 10
0.971909 0.625272 2
0.957145 0.548699 2
0.933778 0.250405 3
0.942462 0.271619 3
0.893603 0.00428512 8
0.93601 0.2552 3
0.939676 0.264017 3
0.911215 0.0504599 5
0.882591 0.000756577 10
0.966192 0.590027 2
0.905217 0.0226577 6
0.882699 0.000758072 10
0.927596 0.122082 4
0.875457 6.11064e-05 13
0.887507 0.000831559 10
0.929802 0.125439 4
0.931605 0.128412 4
0.979664 1 1
0.986134 1 1
0.893179 0.00199434 9
0.904648 0.0108318 7
0.887435 0.000830353 10
0.912881 0.0253734 6
0.879591 0.000148156 12
0.931112 0.127578 4
0.900672 0.010155 7
0.873961 2.65862e-05 14
0.921464 0.0577145 5
0.876543 0.000138559 12
0.884515 0.000784262 10
0.946761 0.285149 3
0.943084 0.273434 3
0.962818 0.572817 2
0.979219 1 1
0.891816 0.00416398 8
0.915952 0.0534581 5
0.90608 0.0229249 6
0.911574 0.0506688 5
0.878837 0.000320724 11
0.953413 0.535561 2
0.901303 0.0102556 7
0.875356 0.000135118 12
0.924045 0.117252 4
0.882144 0.000750414 10
0.865665 2.18234e-05 14
0.912238 0.0510635 5
0.905234 0.0226628 6
0.850621 4.42025e-08 21
0.847759 1.73768e-08 22
0.874747 0.000296712 11
0.924223 0.117479 4
0.955357 0.542162 2
0.877896 0.000314884 11
0.873915 0.000131141 12
0.879229 0.000712588 10
0.884491 0.00170937 9
0.883363 0.00167855 9
0.890019 0.00404982 8
0.856938 6.52261e-07 18
0.855241 6.22467e-07 18
0.943612 0.27501 3
0.926454 0.120455 4
0.903127 0.0220442 6
0.919441 0.111884 4
0.864522 9.39331e-06 15
0.912589 0.0512756 5
0.936166 0.25555 3
0.880417 0.000727536 10
0.854903 2.68066e-07 19
0.974042 1 1
0.876147 0.000304541 11
0.856633 6.46746e-07 18
0.896726 0.00957736 7
0.889007 8.76058e-05 13
0.879269 6.41832e-06 16
0.952752 0.308471 3
0.939927 0.145425 4
0.888063 8.51731e-05 13
0.889039 8.76925e-05 13
0.889334 0.000188523 12
0.946676 0.284855 3
0.991941 1 1
0.899363 0.00108969 10
0.883582 3.46736e-05 14
0.922865 0.0304853 6
0.901189 0.00236174 9
0.889431 0.00018902 12
0.915171 0.0132696 7
0.925688 0.119405 4
0.942714 0.272349 3
0.930081 0.243292 3
0.945376 0.280528 3
0.958893 0.55555 2
0.927695 0.122226 4
0.946669 0.516142 2
0.928967 0.124134 4
0.891438 0.00413936 8
0.96511 0.584248 2
0.932317 0.247478 3
0.893001 0.00424344 8
0.950707 0.527166 2
0.923737 0.116865 4
0.962901 0.573213 2
0.900164 0.0023073 9
0.907726 0.0114352 7
0.9624 0.570842 2
0.965473 0.586159 2
0.967796 0.599088 2
0.95915 0.556599 2
0.915559 0.0265372 6
0.937386 0.139581 4
0.917636 0.0275345 6
0.935707 0.136054 4
0.902382 0.00501867 8
0.9383 0.141611 4
0.925538 0.0615369 5
0.898947 0.00224578 9
0.948946 0.29299 3
0.971974 1 1
0.962897 0.573193 2
0.933776 0.250402 3
0.949034 0.522394 2
0.908839 0.0491403 5
0.886682 0.00841759 7
0.973468 1 1
0.963244 0.574859 2
0.918346 0.110735 4
0.971673 1 1
0.968365 1 1
0.8779 0.00154453 9
0.983757 1 1
0.971476 1 1
0.97141 1 1
0.913174 0.0254943 6
0.899242 0.00472616 8
0.946243 0.28339 3
0.942535 0.271831 3
0.884757 0.000167411 12
0.877912 2.94892e-05 14
0.909168 0.0117458 7
0.963598 0.576584 2
0.975657 0.653394 2
0.914611 0.0261102 6
0.906051 0.0110974 7
0.899526 0.00475105 8
0.920198 0.0566524 5
0.913993 0.0258409 6
0.927886 0.122506 4
0.884896 0.00016799 12
0.880884 6.9841e-05 13
0.970551 0.616125 2
0.952602 0.307814 3
0.911305 0.024746 6
0.916796 0.0271206 6
0.890767 0.000889929 10
0.943399 0.274372 3
0.963953 0.578341 2
0.905337 0.0109604 7
0.88193 7.17733e-05 13
0.951607 0.303549 3
0.902944 0.0050753 8
0.884745 0.000167362 12
0.922339 0.0584821 5
0.852588 1.1322e-11 0
0.856001 1.35825e-11 0
0.936427 0.0757924 5
0.923633 0.0162792 7
0.923633 0.0162791 7
0.947944 0.168747 4
0.864271 5.49366e-10 27
0.9018 0.000566368 11
0.910987 0.00303849 9
0.882469 3.3185e-06 17
0.852791 1.14428e-11 0
0.99028 1 1
0.87492 1.08668e-07 21
0.851829 1.08836e-11 0
0.897203 0.000237601 12
0.943132 0.273576 3
0.960818 0.563678 2
0.927317 0.121678 4
0.944504 0.277752 3
0.941327 0.26842 3
0.911694 0.0248973 6
0.964807 0.582672 2
0.935419 0.135475 4
0.893642 0.00201237 9
0.981534 1 1
0.950265 0.29808 3
0.883049 0.000160572 12
0.967342 0.59646 2
0.941076 0.267731 3
0.971387 0.621697 2
0.893761 0.000101805 13
0.887083 1.80996e-05 15
0.969641 0.610283 2
0.954479 0.316352 3
0.904475 0.0012526 10
0.905669 0.00263212 9
0.897221 0.000237739 12
0.953539 0.31199 3
0.979126 0.683699 2
0.909758 0.00293484 9
0.889672 4.21047e-05 14
0.936121 0.0752887 5
0.909475 0.00291193 9
0.893849 0.000102104 13
0.926502 0.0329897 6
0.902747 0.00505525 8
0.916982 0.027211 6
0.935844 0.136334 4
0.945642 0.281395 3
0.986411 1 1
0.954392 0.315942 3
0.922079 0.0582508 5
0.921478 0.0577267 5
0.892756 0.000929653 10
0.941876 0.26995 3
0.907969 0.0114864 7
0.912565 0.0252443 6
0.928456 0.0647096 5
0.901037 0.00488867 8
0.947191 0.286636 3
0.941272 0.268269 3
0.933846 0.250546 3
0.961753 0.567857 2
0.972388 0.62863 2
0.916052 0.0535276 5
0.901077 0.0102193 7
0.944552 0.277901 3
0.994132 1 1
0.947089 0.28628 3
0.954025 0.537587 2
0.937295 0.25815 3
0.903359 0.0221099 6
0.957205 0.548925 2
0.941174 0.268002 3
0.968463 0.603037 2
0.946964 0.516893 2
0.962683 0.572172 2
0.931033 0.245033 3
0.948529 0.521012 2
0.939342 0.499884 2
0.910732 0.103839 4
0.96814 1 1
0.940792 0.502774 2
0.898371 0.0208061 6
0.986927 1 1
0.953345 0.53534 2
0.884766 0.0037537 8
0.972309 1 1
0.944984 0.512013 2
0.976842 1 1
0.862889 4.67197e-05 13
0.870124 0.000273323 11
0.9375 0.496417 2
0.930673 0.244368 3
0.949298 0.523126 2
0.976279 1 1
0.877463 0.00153477 9
0.904715 0.0470937 5
0.901064 0.045499 5
0.896835 0.0204467 6
0.864817 0.000110149 12
0.962965 0.573515 2
0.88705 0.00845388 7
0.86179 4.57324e-05 13
0.9096 0.102953 4
0.902229 0.00117599 10
0.913043 0.00637578 8
0.949869 0.175706 4
0.957176 0.329879 3
0.98045 0.696493 2
0.959833 0.344816 3
0.91973 0.0147395 7
0.930588 0.0672973 5
0.905704 0.00263449 9
0.940204 0.146101 4
0.90591 0.00264833 9
0.926256 0.0328073 6
0.9282 0.0343134 6
0.900759 0.000548553 11
0.950082 0.176515 4
0.876582 0.000138675 12
0.890363 0.00189154 9
0.92303 0.115989 4
0.927031 0.121268 4
0.984174 1 1
0.976429 1 1
0.895211 0.00440121 8
0.90078 0.0101721 7
0.880358 0.000330601 11
0.91452 0.0524949 5
0.881513 0.000338499 11
0.920557 0.0569483 5
0.901667 0.0103148 7
0.87496 6.04003e-05 13
0.921083 0.113695 4
0.886742 0.00842347 7
0.870185 0.000615936 10
0.915499 0.222632 3
0.909052 0.102535 4
0.853949 1.70963e-05 14
0.850384 2.95134e-06 16
0.879302 0.0034938 8
0.928691 0.240854 3
0.95792 0.551679 2
0.882334 0.00801669 7
0.878483 0.00345831 8
0.880517 0.00354801 8
0.889061 0.0188681 6
0.88796 0.0186717 6
0.894368 0.0199052 6
0.867795 1.80304e-07 20
0.876938 5.94813e-06 16
0.935333 0.135302 4
0.931961 0.129026 4
0.961632 0.567307 2
0.989234 1 1
0.883688 7.52292e-05 13
0.905029 0.00529742 8
0.895649 0.000993883 10
0.903366 0.0051186 8
0.870592 9.89323e-07 18
0.949969 0.296914 3
0.892552 0.000436231 11
0.866534 1.72159e-07 20
0.91472 0.0261584 6
0.871622 0.000629555 10
0.863244 0.000107102 12
0.943231 0.507978 2
0.927634 0.239081 3
0.882302 0.00363121 8
0.888373 0.00858772 7
0.873142 0.00144474 9
0.929127 0.241606 3
0.971825 1 1
0.884431 0.00820395 7
0.866734 0.000258209 11
0.931032 0.245031 3
0.884963 0.00825315 7
0.871947 0.000632714 10
0.900561 0.0452931 5
0.888602 8.65486e-05 13
0.874588 1.13688e-06 18
0.931335 0.0682636 5
0.922609 0.0303244 6
0.867982 8.13248e-08 21
0.866175 3.3832e-08 22
0.884246 3.53781e-05 14
0.93843 0.141905 4
0.976213 0.657964 2
0.89014 0.000192724 12
0.881376 1.49535e-05 15
0.898097 0.00105515 10
0.895051 0.000465828 11
0.889509 0.00018942 12
0.903887 0.00251779 9
0.865363 4.24549e-06 16
0.870519 2.44207e-05 14
0.945768 0.281809 3
0.936039 0.255264 3
0.941749 0.269592 3
0.963894 0.578046 2
0.878516 0.000318706 11
0.911385 0.0505584 5
0.912025 0.0509357 5
0.897474 0.00968052 7
0.866368 9.82716e-06 15
0.974523 1 1
0.888856 0.00184095 9
0.864431 4.14205e-06 16
0.911627 0.0506998 5
0.935948 0.0750075 5
0.930202 0.0360173 6
0.96821 0.601524 2
0.978522 0.678101 2
0.920394 0.014981 7
0.906538 0.00133105 10
0.940848 0.147705 4
0.991805 1 1
0.949285 0.173531 4
0.952371 0.306808 3
0.93264 0.0700309 5
0.909413 0.00290688 9
0.953669 0.312585 3
0.935722 0.0746438 5
0.968383 0.602556 2
0.89115 0.00412082 8
0.877679 0.000313565 11
0.936089 0.255376 3
0.927207 0.12152 4
0.872407 0.000127195 12
0.87051 5.4651e-05 13
0.887445 0.00179614 9
0.942454 0.271597 3
0.981076 1 1
0.893878 0.00920836 7
0.884154 0.00170004 9
0.901847 0.0216907 6
0.898452 0.00981968 7
0.891987 0.00417524 8
0.90792 0.048659 5
0.910224 0.049896 5
0.913349 0.0517451 5
0.9812 1 1
0.984097 1 1
0.949252 0.522999 2
0.940882 0.267207 3
0.922549 0.115407 4
0.955753 0.543573 2
0.935719 0.254551 3
0.941261 0.268238 3
0.91055 0.0500793 5
0.93675 0.25688 3
0.934151 0.251178 3
0.909331 0.0240141 6
0.957782 0.551139 2
0.839925 6.1068e-12 0
0.838628 5.75695e-12 0
0.925055 0.0319425 6
0.908445 0.00283097 9
0.891106 9.34518e-05 13
0.911509 0.00613698 8
0.847646 8.81033e-12 0
0.894469 0.000218321 12
0.920099 0.014873 7
0.863568 1.19013e-09 26
0.838038 5.60574e-12 0
0.969526 0.609557 2
0.858985 8.22446e-11 29
0.839612 6.02013e-12 0
0.87944 2.96469e-06 17
0.898437 0.004657 8
0.915647 0.0532487 5
0.920591 0.0569765 5
0.931238 0.127788 4
0.978902 1 1
0.946671 0.284841 3
0.918869 0.0555945 5
0.909002 0.0238975 6
0.878491 0.000144557 12
0.936877 0.257175 3
0.905012 0.0108994 7
0.899353 0.00473589 8
0.922935 0.115873 4
0.896546 0.00450321 8
0.937957 0.259726 3
0.883352 3.44359e-05 14
0.886474 8.13202e-05 13
0.96784 0.599347 2
0.956776 0.327774 3
0.94323 0.154046 4
0.952593 0.307775 3
0.895241 0.000984314 10
0.932526 0.130017 4
0.930661 0.0673906 5
0.913768 0.0128761 7
0.883514 3.46029e-05 14
0.965078 0.584081 2
0.906417 0.00545711 8
0.882551 3.36248e-05 14
0.929415 0.0658434 5
0.869129 4.22368e-07 19
0.880942 3.20889e-05 14
0.925935 0.0619452 5
0.926419 0.062453 5
0.972661 0.630566 2
0.991834 1 1
0.886618 0.000175467 12
0.899477 0.00227216 9
0.884433 7.67823e-05 13
0.906201 0.00543164 8
0.873142 2.38817e-06 17
0.933128 0.131099 4
0.894164 0.000959894 10
0.867662 1.79423e-07 20
0.915013 0.026289 6
0.91181 0.0508078 5
0.917608 0.109985 4
0.970737 1 1
0.978581 1 1
0.958515 0.554028 2
0.94563 0.513567 2
0.926186 0.120084 4
0.95041 0.526295 2
0.926046 0.119891 4
0.946016 0.514512 2
0.913332 0.0517347 5
0.931685 0.24626 3
0.937004 0.257468 3
0.910689 0.0501577 5
0.96099 0.564433 2
0.864879 0.00025056 11
0.859584 0.000100534 12
0.946342 0.515321 2
0.928871 0.241164 3
0.891991 0.0194207 6
0.902456 0.0460855 5
0.869315 0.000607966 10
0.922702 0.231605 3
0.956539 0.54643 2
0.882964 0.00807178 7
0.861299 0.000103527 12
0.950356 0.526139 2
0.881224 0.0079218 7
0.864905 0.000250662 11
0.899526 0.0448794 5
0.966414 0.591246 2
0.954055 0.537685 2
0.937253 0.258051 3
0.950951 0.527888 2
0.905374 0.0227057 6
0.885158 0.00172816 9
0.964333 0.580251 2
0.969841 0.611546 2
0.925898 0.119689 4
0.96373 0.577238 2
0.960812 0.56365 2
0.880501 0.00033156 11
0.97454 1 1
0.96651 0.591775 2
0.967457 0.597121 2
0.866808 9.93535e-06 15
0.87702 0.000139985 12
0.930484 0.126538 4
0.928488 0.123404 4
0.965049 0.583928 2
0.996335 1 1
0.883341 0.000767126 10
0.901478 0.0102839 7
0.890185 0.0018854 9
0.903008 0.0220107 6
0.870087 2.41696e-05 14
0.943453 0.274533 3
0.891692 0.00415585 8
0.865467 4.25717e-06 16
0.913392 0.051772 5
0.945528 0.281023 3
0.964179 0.579475 2
0.924443 0.117761 4
0.941719 0.269509 3
0.937852 0.259474 3
0.908162 0.0236069 6
0.967497 0.597353 2
0.93402 0.250906 3
0.891735 0.00415869 8
0.982199 1 1
0.953114 0.534591 2
0.879684 0.000326155 11
0.968737 0.604693 2
0.943415 0.274417 3
0.969679 0.610521 2
0.843418 7.18354e-12 0
0.845546 7.95192e-12 0
0.928233 0.0644532 5
0.913959 0.0258265 6
0.910008 0.0119356 7
0.934512 0.133693 4
0.85399 7.69597e-10 26
0.894377 0.000964634 10
0.90937 0.0117908 7
0.871563 2.27006e-06 17
0.843039 7.05604e-12 0
0.988108 1 1
0.864811 1.61851e-07 20
0.842788 6.97326e-12 0
0.886604 0.000175408 12
0.952283 0.53195 2
0.961928 0.568658 2
0.939543 0.263675 3
0.957438 0.549815 2
0.935115 0.253228 3
0.909182 0.0493239 5
0.970526 1 1
0.952852 0.533747 2
0.909233 0.0493515 5
0.99169 1 1
0.956262 0.545412 2
0.889278 0.00400477 8
0.979669 1 1
0.950603 0.52686 2
0.988637 1 1
0.927129 0.238256 3
0.928894 0.241203 3
0.974452 1 1
0.992801 1 1
0.941733 0.504728 2
0.926639 0.237468 3
0.938681 0.2615 3
0.969249 1 1
0.936471 0.256241 3
0.956425 0.546009 2
0.927042 0.238114 3
0.920308 0.112827 4
0.9509 0.527734 2
0.926263 0.236874 3
0.974155 1 1
0.916515 0.0538517 5
0.911628 0.0248714 6
0.984263 1 1
0.979196 1 1
0.920809 0.0571588 5
0.91382 0.0520428 5
0.921983 0.0581661 5
0.976322 0.658863 2
0.962535 0.571477 2
0.935418 0.253888 3
0.913355 0.0255702 6
0.926484 0.120497 4
0.934612 0.133885 4
0.916329 0.0537211 5
0.952612 0.532984 2
0.915871 0.108296 4
0.89951 0.0210845 6
0.935158 0.253321 3
0.933525 0.249888 3
0.876145 0.000304529 11
0.867759 5.15447e-05 13
0.908992 0.0492224 5
0.957769 0.551089 2
0.964239 0.579774 2
0.911698 0.050742 5
0.907738 0.0485653 5
0.887873 0.00392255 8
0.919061 0.11148 4
0.916981 0.109364 4
0.923186 0.116179 4
0.90545 0.0227291 6
0.898459 0.00982068 7
0.975417 1 1
0.96385 0.57783 2
0.908964 0.0238844 6
0.906136 0.0229425 6
0.908744 0.0238072 6
0.966014 0.589057 2
0.977241 1 1
0.920826 0.113405 4
0.901285 0.0102527 7
0.928996 0.124177 4
0.921124 0.113742 4
0.905529 0.0227533 6
0.937514 0.258665 3
0.947969 0.51951 2
0.968178 0.601335 2
0.920126 0.112627 4
0.937441 0.258494 3
0.933355 0.249541 3
0.903538 0.0221612 6
0.970178 1 1
0.93131 0.24555 3
0.888562 0.00396235 8
0.981122 1 1
0.956258 0.5454 2
0.875013 0.000298172 11
0.969287 1 1
0.94578 0.513931 2
0.966297 0.590603 2
0.888585 0.00183217 9
0.888311 0.00182336 9
0.97886 1 1
0.962189 0.569862 2
0.930069 0.125866 4
0.935565 0.254211 3
0.897799 0.00972623 7
0.94323 0.273866 3
0.947664 0.288303 3
0.914712 0.0526215 5
0.887272 0.00179079 9
0.959335 0.557361 2
0.909718 0.0241532 6
0.88807 0.0018157 9
0.931563 0.12834 4
0.978261 1 1
0.976788 1 1
0.924794 0.118217 4
0.941266 0.268254 3
0.91012 0.0242998 6
0.885278 0.000795818 10
0.987637 1 1
0.950602 0.526857 2
0.905741 0.022819 6
0.978726 1 1
0.979557 1 1
0.870898 2.46447e-05 14
0.993422 1 1
0.976663 1 1
0.96944 0.60902 2
0.862633 4.64862e-05 13
0.869065 0.000268431 11
0.939676 0.500536 2
0.93162 0.246136 3
0.945505 0.513264 2
0.971118 1 1
0.876652 0.001517 9
0.906169 0.047783 5
0.904516 0.047002 5
0.895871 0.0202301 6
0.8642 0.000108937 12
0.96811 1 1
0.88653 0.00840269 7
0.861599 4.55649e-05 13
0.909179 0.102632 4
0.84105 6.43106e-12 0
0.842701 6.94506e-12 0
0.926049 0.0326549 6
0.91135 0.00611325 8
0.905779 0.00263949 9
0.930035 0.0666022 5
0.851216 1.05451e-11 0
0.892572 9.79202e-05 13
0.909405 0.00290623 9
0.868558 1.67863e-08 23
0.840457 6.25768e-12 0
0.984836 0.744396 2
0.862103 4.92253e-10 27
0.840466 6.26018e-12 0
0.883713 7.48818e-06 16
66 0 1 2 3 4 5 6 7 8 9 10 11 12 13 14 15 16 17 18 19 20 21 22 23 24 25 26 27 28 29 30 31 32 34 35 36 37 38 39 40 41 42 43 44 45 46 47 48 49 51 52 53 54 55 56 57 58 60 61 62 63 64 65 66 67 68 
64 0 1 2 3 4 5 6 8 9 10 11 12 13 14 15 16 17 18 19 21 22 23 24 25 26 27 28 29 30 31 32 34 35 36 37 38 39 40 41 42 43 44 45 46 47 48 49 51 52 53 54 55 56 57 58 60 61 62 63 64 65 66 67 68 
33 2 3 5 8 10 12 13 14 19 22 24 25 26 27 32 33 35 39 42 43 44 45 46 48 50 52 55 57 59 64 66 68 69 
45 0 2 3 5 6 8 10 12 13 14 19 21 22 23 24 25 26 27 29 31 32 33 35 39 41 42 43 44 45 46 48 49 50 52 53 54 55 57 59 62 63 64 66 68 69 
55 0 2 3 5 6 8 10 11 12 13 14 15 16 17 18 19 21 22 23 24 25 26 27 29 31 32 33 35 37 39 40 41 42 43 44 45 46 47 48 49 50 52 53 54 55 56 57 59 61 62 63 64 66 68 69 
45 2 3 5 6 8 10 12 13 14 17 19 21 22 24 25 26 27 29 31 32 33 35 37 39 42 43 44 45 46 47 48 49 50 52 54 55 57 59 61 62 63 64 66 68 69 
68 0 1 2 3 4 5 6 7 8 9 10 11 12 13 14 15 16 17 18 19 20 21 22 23 24 25 26 27 28 29 30 31 32 33 34 35 36 37 38 39 40 41 42 43 44 45 46 47 48 49 51 52 53 54 55 56 57 58 59 60 61 62 63 64 65 66 67 68 
45 0 2 3 5 6 8 10 12 13 14 17 19 21 22 23 24 25 26 27 29 31 32 33 35 39 42 43 44 45 46 48 49 50 52 53 54 55 57 59 62 63 64 66 68 69 
22 2 5 12 13 19 22 25 26 27 32 33 35 39 44 45 46 48 50 55 59 68 69 
63 0 2 3 4 5 6 8 9 10 11 12 13 14 15 16 17 18 19 21 22 23 24 25 26 27 28 29 31 32 33 34 35 36 37 38 39 40 41 42 43 44 45 46 47 48 49 50 51 52 53 54 55 57 58 59 60 61 62 63 64 66 68 69 
66 0 1 2 3 4 5 6 7 8 9 10 11 12 13 14 15 16 17 18 19 20 21 22 23 24 25 26 27 28 29 30 31 32 34 35 36 37 38 39 40 41 42 43 44 45 46 47 48 49 51 52 53 54 55 56 57 58 60 61 62 63 64 65 66 67 68 
13 8 12 25 26 27 42 44 45 48 50 55 59 69 
67 0 1 2 3 4 5 6 7 8 9 10 11 12 13 14 15 16 17 18 19 20 21 22 23 24 25 26 27 28 29 30 31 32 33 34 35 36 37 38 39 40 41 42 43 44 45 46 47 48 49 50 51 52 53 54 55 56 57 59 60 61 62 63 64 66 68 69 
66 0 1 2 3 4 5 6 7 8 9 10 11 12 13 14 15 16 17 18 19 20 21 22 23 24 25 26 27 28 29 30 31 32 34 35 36 37 38 39 40 41 42 43 44 45 46 47 48 49 51 52 53 54 55 56 57 58 60 61 62 63 64 65 66 67 68 
57 0 2 3 5 6 8 9 10 11 12 13 14 15 16 17 18 19 21 22 23 24 25 26 27 29 31 32 33 35 36 37 39 40 41 42 43 44 45 46 47 48 49 50 51 52 53 54 55 57 59 61 62 63 64 66 68 69 
