60 15 8e+06
1.19753 142684
2.56085 190280
1.24923 146629
2.02264 185046
2.89133 167410
1.0805 115395
1.71349 165822
1.36371 152430
2.47585 199617
1.63717 104104
1.6604 110239
2.55745 183117
2.67976 198626
1.6979 174612
2.37188 168187
1.8054 163132
1.97176 121582
1.08686 145648
2.75449 193847
1.1034 176222
2.78819 122981
2.23448 102589
1.03486 176527
2.60663 118801
2.22802 145292
2.58697 152610
2.96811 116555
1.15308 120955
2.45729 126079
1.01241 165834
2.06657 148052
2.60466 109913
2.11899 187843
2.33783 100320
2.16723 109779
1.48404 151110
2.13961 109365
1.93791 121904
1.11482 190376
2.31812 196410
1.45298 173300
1.04246 131711
1.56245 160968
2.13098 161590
2.47366 115031
1.05849 133818
1.60709 102006
1.15761 178273
2.38344 103053
1.54878 140195
2.61527 101257
2.6984 113327
2.75057 128053
1.97321 182903
1.77621 127688
1.14947 165176
1.22525 185414
1.35009 104179
1.60478 185554
2.43201 116491
0.951927 0.530843 2
0.980087 1 1
0.948477 0.291249 3
0.983637 1 1
0.965906 0.588477 2
0.880172 0.00015012 12
0.948109 0.289902 3
0.924052 0.117262 4
0.92183 0.114556 4
0.918377 0.0552165 5
0.879586 0.000148139 12
0.875263 6.08289e-05 13
0.985505 1 1
0.980422 1 1
0.923076 0.116046 4
0.890546 0.0191424 6
0.905948 0.100296 4
0.8983 0.0444058 5
0.906087 0.100392 4
0.922852 0.231814 3
0.957486 0.549996 2
0.910759 0.103861 4
0.936323 0.494312 2
0.90774 0.101563 4
0.970567 1 1
0.956994 0.548128 2
0.921291 0.229683 3
0.916047 0.223247 3
0.90232 0.0460271 5
0.93027 0.243633 3
0.980833 0.700322 2
0.97216 0.627024 2
0.989242 1 1
0.967305 0.59625 2
0.982198 0.71452 2
0.877494 6.05522e-06 16
0.986318 1 1
0.891302 0.000422663 11
0.883905 3.50133e-05 14
0.896776 0.00102123 10
0.87679 5.92002e-06 16
0.892133 0.000431599 11
0.97162 0.623286 2
0.966014 0.58906 2
0.94672 0.285007 3
0.960348 0.347911 3
0.98809 1 1
0.956994 0.328914 3
0.990169 1 1
0.972516 0.629533 2
0.878994 2.9173e-06 17
0.955817 0.322869 3
0.916734 0.0137385 7
0.913607 0.006468 8
0.913486 0.00644801 8
0.878378 2.85379e-06 17
0.878062 2.82198e-06 17
0.993806 1 1
0.986143 0.760486 2
0.927817 0.0639803 5
0.884806 0.00171821 9
0.911264 0.0504881 5
0.882127 0.00164611 9
0.915307 0.107769 4
0.903248 0.0220784 6
0.875929 0.000303301 11
0.884831 0.00171892 9
0.969226 0.607692 2
0.991831 1 1
0.934571 0.252063 3
0.875686 0.000301923 11
0.844294 2.84102e-09 24
0.916575 0.108968 4
0.913489 0.0518333 5
0.874931 0.000297723 11
0.864035 4.09939e-06 16
0.884247 0.000780286 10
0.868821 2.34572e-05 14
0.885855 0.00174829 9
0.893834 0.00430134 8
0.936851 0.257113 3
0.878883 0.000321014 11
0.955373 0.542221 2
0.924897 0.118351 4
0.97892 1 1
0.936904 0.257237 3
0.885539 0.000799842 10
0.893646 0.00428816 8
0.882458 0.000754736 10
0.89184 0.00416553 8
0.886469 0.000814526 10
0.90842 0.0236951 6
0.890128 0.00188345 9
0.910339 0.0243807 6
0.91575 0.0533192 5
0.926849 0.12101 4
0.899089 0.00471287 8
0.972466 0.629176 2
0.941611 0.269207 3
0.988905 1 1
0.926617 0.120683 4
0.887228 0.00082692 10
0.917818 0.0547965 5
0.906934 0.0231981 6
0.905677 0.0227989 6
0.922159 0.230855 3
0.921669 0.23019 3
0.935369 0.253781 3
0.918734 0.111137 4
0.948122 0.519916 2
0.923851 0.233237 3
0.950628 0.526934 2
0.890703 0.00883701 7
0.870535 0.00027526 11
0.914109 0.106681 4
0.923068 0.232118 3
0.949156 0.522732 2
0.928928 0.241261 3
0.915604 0.108044 4
0.989807 1 1
0.900186 0.00481012 8
0.925382 0.118994 4
0.900832 0.00486947 8
0.928347 0.123192 4
0.925323 0.118915 4
0.903682 0.0106576 7
0.906729 0.0112314 7
0.978717 1 1
0.960822 0.563692 2
0.961546 0.566918 2
0.903351 0.0105994 7
0.87331 1.17809e-05 15
0.933551 0.131877 4
0.925378 0.118988 4
0.902673 0.0104826 7
0.886742 8.19477e-05 13
0.891494 0.000200156 12
0.898619 0.00106914 10
0.889672 0.000190264 12
0.915598 0.0133943 7
0.959262 0.34146 3
0.913321 0.0127559 7
0.891578 0.000200634 12
0.865777 3.32879e-08 22
0.923453 0.0308623 6
0.958489 0.337048 3
0.96831 0.602124 2
0.900202 0.00111372 10
0.886198 8.06797e-05 13
0.949685 0.295806 3
0.963856 0.577859 2
0.984309 1 1
0.964294 0.580052 2
0.982614 1 1
0.983863 1 1
0.885316 0.000796395 10
0.965903 0.588459 2
0.913693 0.0519617 5
0.907188 0.0232812 6
0.915002 0.0528135 5
0.884667 0.000786533 10
0.887636 0.000833731 10
0.994001 1 1
0.978804 1 1
0.93858 0.261248 3
0.919727 0.0147385 7
0.927893 0.0340663 6
0.930332 0.0361337 6
0.926225 0.0327844 6
0.951818 0.183401 4
0.935767 0.0747162 5
0.944776 0.158532 4
0.91364 0.00647344 8
0.891658 4.50851e-05 14
0.937775 0.0780999 5
0.935008 0.0735159 5
0.937247 0.0771778 5
0.937213 0.0771206 5
0.922554 0.0158238 7
0.968188 0.404702 3
0.951794 0.304339 3
0.980119 0.693229 2
0.946108 0.162653 4
0.984915 0.745342 2
0.959951 0.345518 3
0.872945 9.97324e-08 21
0.943617 0.15514 4
0.920709 0.0150985 7
0.921582 0.0154335 7
0.912361 0.00626733 8
0.872371 9.73245e-08 21
0.868152 1.64845e-08 23
0.980941 0.701423 2
0.983261 0.726154 2
0.916282 0.0135995 7
0.879211 0.00348979 8
0.903393 0.0464947 5
0.88068 0.00355541 8
0.906182 0.100458 4
0.905327 0.04738 5
0.907942 0.101711 4
0.887623 0.00851119 7
0.992561 1 1
0.96039 0.561813 2
0.96882 1 1
0.907785 0.101596 4
0.867942 0.000263418 11
0.911651 0.104582 4
0.903241 0.0464277 5
0.888969 0.00864974 7
0.933922 0.132568 4
0.942327 0.271231 3
0.944035 0.276299 3
0.940411 0.265944 3
0.966847 0.593654 2
0.921714 0.0579307 5
0.958027 0.552098 2
0.914387 0.052408 5
0.895723 0.00443968 8
0.932844 0.130585 4
0.920979 0.0573017 5
0.925904 0.119698 4
0.95152 0.529597 2
0.936753 0.256888 3
0.969528 0.609573 2
0.862143 1.11136e-09 26
0.871551 2.08057e-07 20
0.872407 2.15218e-07 20
0.870722 9.08394e-08 21
0.892453 0.000205721 12
0.992263 1 1
0.886321 3.77331e-05 14
0.896869 0.000489685 11
0.868209 3.681e-08 22
0.931803 0.0688849 5
0.991773 1 1
0.943225 0.154033 4
0.880923 6.78768e-06 16
0.867126 1.57542e-08 23
0.91816 0.0141973 7
0.838195 5.64533e-12 0
0.855284 1.17984e-07 20
0.844723 5.28331e-10 26
0.856254 1.21634e-07 20
0.868327 1.03233e-05 15
0.9469 0.285626 3
0.856158 1.21264e-07 20
0.919615 0.0561814 5
0.891164 0.00191963 9
0.94532 0.28035 3
0.947419 0.287436 3
0.886742 0.00177465 9
0.864707 4.17228e-06 16
0.852816 2.05623e-08 22
0.876718 0.000139079 12
0.896628 0.00213728 9
0.91313 0.0254763 6
0.903789 0.00516285 8
0.913452 0.0256109 6
0.929001 0.124185 4
0.949145 0.29374 3
0.915756 0.0266278 6
0.941802 0.26974 3
0.913987 0.0258384 6
0.973399 0.635926 2
0.948646 0.29187 3
0.916952 0.0271965 6
0.923315 0.0593708 5
0.909667 0.0118577 7
0.931902 0.128923 4
0.860887 7.29949e-07 18
0.873357 2.61834e-05 14
0.869932 1.07597e-05 15
0.873134 2.60374e-05 14
0.89197 0.00194878 9
0.988792 1 1
0.883196 0.000350652 11
0.910411 0.0244076 6
0.880883 0.000334149 11
0.94559 0.281226 3
0.989015 1 1
0.92699 0.121209 4
0.883022 0.000349355 11
0.869495 1.06381e-05 15
0.910836 0.0245667 6
0.879142 0.000711512 10
0.903562 0.022168 6
0.880329 0.000726413 10
0.90645 0.04792 5
0.904816 0.0225361 6
0.905526 0.0227524 6
0.887 0.00178244 9
0.995009 1 1
0.962946 0.573427 2
0.966286 0.590541 2
0.905367 0.0227033 6
0.865934 2.1955e-05 14
0.911658 0.0507185 5
0.903572 0.022171 6
0.887581 0.00390592 8
0.915924 0.026706 6
0.909531 0.011827 7
0.93002 0.0665841 5
0.906008 0.00540903 8
0.935238 0.135113 4
0.912114 0.0124432 7
0.943865 0.275778 3
0.871677 1.02647e-06 18
0.852271 5.87896e-11 29
0.89511 0.000981276 10
0.911359 0.0122558 7
0.95399 0.314062 3
0.915173 0.0263612 6
0.903359 0.00511787 8
0.980253 0.694538 2
0.943169 0.507841 2
0.946965 0.516896 2
0.954626 0.539623 2
0.944169 0.510105 2
0.973821 1 1
0.911961 0.0508973 5
0.969506 1 1
0.904923 0.0471904 5
0.888451 0.00395588 8
0.92128 0.11392 4
0.911215 0.0504596 5
0.923969 0.117156 4
0.954775 0.540134 2
0.940845 0.267106 3
0.975687 1 1
0.987226 1 1
0.958514 0.554026 2
0.981999 1 1
0.954047 0.537659 2
0.955994 0.544437 2
0.854921 1.42079e-06 17
0.966444 0.591411 2
0.870229 0.000121856 12
0.86642 5.0138e-05 13
0.873156 0.00028826 11
0.854224 6.0554e-07 18
0.874787 0.000296934 11
0.952196 0.531678 2
0.955191 0.541581 2
0.927683 0.239161 3
0.934531 0.133729 4
0.94346 0.274553 3
0.944404 0.277439 3
0.941613 0.149669 4
0.967698 0.59852 2
0.921085 0.0573912 5
0.95819 0.552737 2
0.915457 0.0264902 6
0.896977 0.00215294 9
0.933446 0.131681 4
0.920356 0.0289841 6
0.924511 0.0605107 5
0.952752 0.308471 3
0.93793 0.14078 4
0.968205 0.601499 2
0.880283 0.000330101 11
0.884067 0.000777638 10
0.892387 0.00420182 8
0.882148 0.000342991 11
0.908267 0.0236426 6
0.958584 0.554304 2
0.907007 0.0232219 6
0.884423 0.000782889 10
0.858477 2.98116e-07 19
0.916653 0.0539495 5
0.957883 0.551533 2
0.974663 1 1
0.892564 0.00421374 8
0.878738 0.000320097 11
0.944332 0.277217 3
0.897498 0.00968386 7
0.892201 0.0041894 8
0.911297 0.0505073 5
0.888947 0.00184393 9
0.917708 0.0547152 5
0.918363 0.0552062 5
0.924976 0.118456 4
0.863711 4.0649e-06 16
0.84228 8.75382e-11 28
0.890314 0.00188984 9
0.917656 0.0546765 5
0.971319 0.62124 2
0.898332 0.00980244 7
0.886184 0.00175798 9
0.962786 0.572663 2
0.872197 4.71999e-07 19
0.885787 7.97423e-05 13
0.880803 1.46855e-05 15
0.885708 7.95636e-05 13
0.903828 0.00251417 9
0.978144 0.674661 2
0.893849 0.000451157 11
0.921796 0.0298249 6
0.892201 0.000432347 11
0.957707 0.332727 3
0.977848 0.672017 2
0.925959 0.0619702 5
0.895628 0.00047317 11
0.882018 1.5263e-05 15
0.918989 0.0282342 6
0.861331 9.31345e-11 29
0.874352 1.05989e-07 21
0.870136 1.80317e-08 23
0.87424 1.05471e-07 21
0.892509 4.64635e-05 14
0.985324 0.750295 2
0.883257 3.42086e-06 17
0.913373 0.00642943 8
0.883712 3.48198e-06 17
0.948555 0.170892 4
0.985517 0.752668 2
0.924333 0.0165879 7
0.884057 3.52943e-06 17
0.870598 1.84196e-08 23
0.910023 0.00295672 9
0.947946 0.289313 3
0.975668 0.653484 2
0.945302 0.280289 3
0.978978 0.682313 2
0.964584 0.581525 2
0.883302 0.000161553 12
0.94604 0.28271 3
0.928406 0.123281 4
0.925382 0.0613777 5
0.922663 0.0587733 5
0.882726 0.000159335 12
0.87657 2.84468e-05 14
0.982356 1 1
0.975716 0.653876 2
0.923272 0.0593311 5
0.883907 0.000775303 10
0.889581 0.00402308 8
0.895508 0.00941508 7
0.887931 0.00181131 9
0.913223 0.0516665 5
0.964165 0.579404 2
0.91012 0.0498378 5
0.893579 0.00428345 8
0.867247 2.26183e-05 14
0.92614 0.120022 4
0.963388 0.575557 2
0.965113 0.58426 2
0.898465 0.00982162 7
0.884416 0.000782793 10
0.945619 0.28132 3
0.989891 1 1
0.96295 0.573447 2
0.99038 1 1
0.958182 0.552706 2
0.96387 0.577931 2
0.862241 3.91379e-06 16
0.974523 1 1
0.876125 0.000304417 11
0.871051 5.52985e-05 13
0.880128 0.000723847 10
0.861538 3.84464e-06 16
0.881337 0.000739546 10
0.957997 0.551979 2
0.958664 0.554626 2
0.934936 0.252842 3
0.944195 0.156811 4
0.963006 0.36504 3
0.94859 0.171016 4
0.962778 0.363494 3
0.975694 0.653696 2
0.904536 0.00125481 10
0.956614 0.326926 3
0.92818 0.0342972 6
0.915407 0.00678019 8
0.934788 0.0731756 5
0.903897 0.00123206 10
0.900074 0.000537322 11
0.973713 0.638256 2
0.958769 0.33863 3
0.945505 0.160758 4
0.916532 0.0538641 5
0.929079 0.124306 4
0.925391 0.119005 4
0.928256 0.123056 4
0.949732 0.295988 3
0.937944 0.259696 3
0.938594 0.261283 3
0.926353 0.120315 4
0.903367 0.0106023 7
0.950386 0.298559 3
0.937247 0.258037 3
0.927502 0.121945 4
0.939125 0.262611 3
0.924424 0.0604258 5
0.955397 0.542306 2
0.887083 0.000824521 10
0.895165 0.00207414 9
0.897922 0.00461403 8
0.893891 0.00202221 9
0.917767 0.0547588 5
0.968131 0.601055 2
0.912316 0.0251439 6
0.904398 0.0107862 7
0.877555 6.42499e-05 13
0.93739 0.258373 3
0.96731 0.596277 2
0.953748 0.536663 2
0.904483 0.0108017 7
0.890265 0.000880435 10
0.944599 0.278051 3
0.924206 0.117457 4
0.951614 0.529883 2
0.91884 0.111248 4
0.956308 0.54558 2
0.935767 0.254659 3
0.870487 5.46229e-05 13
0.917988 0.110369 4
0.939051 0.262424 3
0.947385 0.517977 2
0.919989 0.112477 4
0.870026 5.40815e-05 13
0.854798 2.67249e-07 19
0.954214 0.538222 2
0.955213 0.541655 2
0.897039 0.00962014 7
0.883325 7.44935e-05 13
0.885587 0.000170921 12
0.895818 0.00210185 9
0.883416 7.46765e-05 13
0.910313 0.0120062 7
0.951169 0.30173 3
0.910458 0.0120403 7
0.880551 6.92451e-05 13
0.855343 1.86675e-09 25
0.91188 0.0249702 6
0.950469 0.298893 3
0.980601 0.697994 2
0.893755 0.000950915 10
0.880089 3.13199e-05 14
0.948828 0.292547 3
0.849731 9.7767e-12 0
0.861727 5.55276e-09 24
0.858894 9.55395e-10 26
0.861486 5.49585e-09 24
0.880329 1.44697e-05 15
0.984615 0.741758 2
0.87215 4.71178e-07 19
0.901112 0.00235752 9
0.871755 4.64353e-07 19
0.935257 0.135151 4
0.985421 1 1
0.923075 0.0306186 6
0.871256 4.55916e-07 19
0.857896 4.01489e-10 27
0.900825 0.00234212 9
0.913436 0.0518 5
0.924517 0.117857 4
0.922986 0.115935 4
0.923464 0.116523 4
0.946243 0.28339 3
0.942077 0.270516 3
0.936728 0.25683 3
0.921864 0.114595 4
0.898258 0.00979173 7
0.947811 0.288828 3
0.94135 0.268485 3
0.93328 0.24939 3
0.934357 0.25161 3
0.91968 0.0562335 5
0.957716 0.550884 2
0.901169 0.00490113 8
0.927968 0.122627 4
0.898968 0.00470234 8
0.93188 0.128885 4
0.920735 0.057096 5
0.88442 0.00016602 12
0.901957 0.00497686 8
0.968392 0.602613 2
0.973064 0.633472 2
0.941276 0.268281 3
0.884084 0.000164657 12
0.857306 1.05448e-08 23
0.933925 0.132574 4
0.929732 0.125327 4
0.891014 0.00089469 10
0.859962 3.12003e-07 19
0.867397 4.48528e-06 16
0.87088 2.46342e-05 14
0.866228 4.34499e-06 16
0.88936 0.00185756 9
0.980495 1 1
0.885015 0.000791797 10
0.886814 0.000820109 10
0.858713 3.00262e-07 19
0.92128 0.113919 4
0.980181 1 1
0.951957 0.530936 2
0.876479 0.000138368 12
0.8627 1.7455e-06 17
0.919123 0.0557922 5
0.866787 0.000258435 11
0.883076 0.00808171 7
0.874024 0.00146222 9
0.883646 0.00813252 7
0.898143 0.0443463 5
0.964417 1 1
0.886079 0.00835901 7
0.933189 0.489096 2
0.902792 0.0462309 5
0.968273 1 1
0.964439 1 1
0.909635 0.10298 4
0.892908 0.0196035 6
0.880016 0.00352542 8
0.906881 0.100947 4
0.979798 1 1
0.96671 0.592889 2
0.992651 1 1
0.961848 0.56829 2
0.978663 0.679397 2
0.876896 2.86948e-05 14
0.989803 1 1
0.887078 0.000382051 11
0.879115 6.67707e-05 13
0.893704 0.00201479 9
0.876184 2.81579e-05 14
0.894177 0.00203363 9
0.966095 0.589497 2
0.960709 0.563199 2
0.948943 0.292981 3
0.940868 0.267167 3
0.951745 0.530282 2
0.94955 0.523833 2
0.950035 0.525213 2
0.974917 1 1
0.91429 0.0523453 5
0.962075 0.569334 2
0.918059 0.110441 4
0.901569 0.021616 6
0.932431 0.2477 3
0.913585 0.0518934 5
0.916361 0.108762 4
0.961296 0.565793 2
0.946284 0.515175 2
0.962553 0.571562 2
0.944967 0.511972 2
0.958372 0.553459 2
0.952138 0.531496 2
0.956952 0.547971 2
0.979137 1 1
0.908901 0.0491732 5
0.962934 0.573366 2
0.920662 0.113221 4
0.905982 0.0476924 5
0.931765 0.246412 3
0.908217 0.0488131 5
0.909313 0.0493948 5
0.96831 1 1
0.953108 0.534572 2
0.956317 0.545614 2
0.974827 0.646783 2
0.995001 1 1
0.969669 0.610458 2
0.989938 1 1
0.975439 0.651637 2
0.872493 4.4361e-08 22
0.96458 0.376156 3
0.90327 0.00121042 10
0.900225 0.000539769 11
0.902009 0.000570067 11
0.871845 4.30898e-08 22
0.877918 5.89698e-07 19
0.988138 0.786855 2
0.988609 0.793423 2
0.930222 0.036035 6
0.953956 0.537356 2
0.960593 0.562696 2
0.963337 1 1
0.957775 0.551113 2
0.987423 1 1
0.902313 0.046024 5
0.975699 1 1
0.908475 0.102103 4
0.895108 0.0200632 6
0.919771 0.227709 3
0.901599 0.0457213 5
0.910838 0.103924 4
0.968443 1 1
0.954407 0.538876 2
0.96308 1 1
0.96055 0.349146 3
0.943664 0.155273 4
0.975021 0.648311 2
0.938982 0.0802905 5
0.961976 0.358169 3
0.879247 1.35337e-06 18
0.981759 0.70986 2
0.873077 1.00296e-07 21
0.861919 2.16497e-10 28
0.885038 7.85975e-06 16
0.878505 1.31509e-06 18
0.907199 0.0027384 9
0.944401 0.157414 4
0.937701 0.0779683 5
0.959945 0.345485 3
0.909445 0.00290946 9
0.929285 0.0656874 5
0.914552 0.00662842 8
0.930279 0.0669071 5
0.940911 0.147865 4
0.929195 0.065579 5
0.924588 0.0316193 6
0.952587 0.307746 3
0.92847 0.0345335 6
0.970329 0.614679 2
0.928699 0.0347223 6
0.903781 0.00122799 10
0.939502 0.144403 4
0.926509 0.0329955 6
0.930651 0.0673774 5
0.881724 0.000155601 12
0.895608 0.00209285 9
0.890219 0.000879575 10
0.895505 0.00208848 9
0.913724 0.0257256 6
0.96982 0.611417 2
0.90322 0.0105766 7
0.927025 0.121259 4
0.897913 0.00461325 8
0.962652 0.572027 2
0.969338 0.608386 2
0.927049 0.121293 4
0.905554 0.0110017 7
0.891774 0.000909617 10
0.926868 0.121036 4
0.91537 0.0133273 7
0.913924 0.00652096 8
0.928785 0.0347944 6
0.910955 0.00605496 8
0.940179 0.14604 4
0.925689 0.0323932 6
0.943784 0.155617 4
0.885246 1.69826e-05 15
0.864355 2.77418e-09 25
0.910107 0.00593345 8
0.92491 0.0318416 6
0.956873 0.328279 3
0.921016 0.0152148 7
0.907883 0.00278853 9
0.98434 0.738522 2
0.93642 0.137521 4
0.939872 0.14529 4
0.948282 0.290534 3
0.937192 0.139161 4
0.966444 0.591411 2
0.917742 0.0275877 6
0.963461 0.575913 2
0.903771 0.00516104 8
0.885733 0.000171554 12
0.922666 0.0587752 5
0.916982 0.027211 6
0.930858 0.127154 4
0.947841 0.288934 3
0.933842 0.132418 4
0.980418 0.696168 2
0.92751 0.0636365 5
0.95493 0.318507 3
0.921892 0.0298828 6
0.959678 0.343894 3
0.938256 0.141511 4
0.869936 1.95437e-07 20
0.920674 0.029165 6
0.936211 0.137089 4
0.943865 0.155851 4
0.918348 0.0142603 7
0.869461 8.62795e-08 21
0.855633 6.93055e-11 29
0.957148 0.32973 3
0.958676 0.338101 3
0.898729 0.00107214 10
0.873283 0.00064603 10
0.890188 0.00878037 7
0.880216 0.00159849 9
0.890849 0.00885334 7
0.904764 0.0471164 5
0.959714 0.558939 2
0.892047 0.00898951 7
0.939374 0.499947 2
0.908888 0.0491667 5
0.97551 1 1
0.959593 0.558435 2
0.909256 0.0493642 5
0.900083 0.0212287 6
0.887202 0.00846897 7
0.9111 0.104134 4
0.961653 0.5674 2
0.968125 0.601023 2
0.96982 0.611417 2
0.964889 0.583099 2
0.995804 1 1
0.894883 0.00437698 8
0.979592 1 1
0.906412 0.0230302 6
0.895277 0.00440612 8
0.9149 0.0527455 5
0.89418 0.00432599 8
0.903751 0.0222224 6
0.974968 1 1
0.961723 0.56772 2
0.95686 0.547624 2
0.886178 3.75627e-05 14
0.912496 0.00628859 8
0.881385 6.89656e-06 16
0.916967 0.0138117 7
0.899705 0.00109935 10
0.860245 4.4923e-10 27
0.881817 7.00081e-06 16
0.950158 0.297656 3
0.978285 0.675938 2
0.917196 0.0138839 7
0.859964 4.43169e-10 27
0.832616 4.4137e-12 0
0.915766 0.0134443 7
0.915944 0.0134973 7
0.866943 1.56285e-08 23
0.934096 0.0721283 5
0.958314 0.336069 3
0.935516 0.0743137 5
0.9602 0.347017 3
0.960708 0.350121 3
0.901191 0.00114334 10
0.941184 0.148561 4
0.942515 0.152074 4
0.931681 0.0687218 5
0.942028 0.150764 4
0.900635 0.00112651 10
0.888376 4.03232e-05 14
0.96808 0.600759 2
0.95649 0.32629 3
0.929704 0.0661951 5
0.842001 1.44875e-08 22
0.860392 1.94718e-05 14
0.847773 2.19518e-07 19
0.861669 4.56258e-05 13
0.871861 0.00063188 10
0.940299 0.501774 2
0.858636 1.87763e-05 14
0.929786 0.242765 3
0.901565 0.045707 5
0.952462 0.53251 2
0.9407 0.502585 2
0.881672 0.00360132 8
0.869736 0.000271511 11
0.858282 1.86411e-05 14
0.876538 0.00151453 9
0.896508 0.00213195 9
0.900868 0.00487288 8
0.908522 0.0116043 7
0.898894 0.0022432 9
0.925473 0.0614699 5
0.951682 0.303867 3
0.923382 0.0594333 5
0.894898 0.00206304 9
0.87014 2.17104e-06 17
0.925119 0.0611123 5
0.950884 0.300567 3
0.964443 0.580806 2
0.909497 0.0118193 7
0.895428 0.00208521 9
0.959674 0.558774 2
0.8714 0.000124676 12
0.894727 0.00931463 7
0.873647 0.000130422 12
0.897268 0.00965188 7
0.89848 0.00982377 7
0.913219 0.0516642 5
0.881382 0.000740148 10
0.981811 1 1
0.951656 0.53001 2
0.972018 1 1
0.913142 0.0516161 5
0.869174 5.31037e-05 13
0.903264 0.022083 6
0.89423 0.00925208 7
0.885865 0.00174859 9
0.868312 2.31806e-05 14
0.871238 5.55264e-05 13
0.880537 0.000331803 11
0.869277 2.37097e-05 14
0.895284 0.00440664 8
0.956209 0.545219 2
0.894936 0.00438082 8
0.873714 5.86901e-05 13
0.847443 3.17642e-09 24
0.906456 0.023044 6
0.955684 0.543325 2
0.977664 1 1
0.879523 0.000325107 11
0.865938 9.72329e-06 15
0.932649 0.248129 3
57 0 1 2 3 4 5 6 7 8 9 10 11 12 13 14 15 17 18 19 20 21 23 24 25 26 27 28 29 30 31 32 33 34 35 37 38 39 40 41 42 43 44 45 46 47 48 49 50 51 52 53 54 55 56 57 58 59 
58 0 1 2 3 4 5 6 7 8 9 10 11 12 13 14 15 16 17 18 19 20 21 23 24 25 26 27 28 29 31 32 33 34 35 36 37 38 39 40 41 42 43 44 45 46 47 48 49 50 51 52 53 54 55 56 57 58 59 
58 0 1 2 3 4 5 6 7 8 9 10 11 12 13 14 15 16 17 18 19 20 21 23 24 25 26 27 28 29 31 32 33 34 35 36 37 38 39 40 41 42 43 44 45 46 47 48 49 50 51 52 53 54 55 56 57 58 59 
58 0 1 2 3 4 5 6 7 8 9 10 11 12 13 14 15 16 17 18 19 20 21 23 24 25 26 27 28 29 31 32 33 34 35 36 37 38 39 40 41 42 43 44 45 46 47 48 49 50 51 52 53 54 55 56 57 58 59 
47 1 4 5 6 7 8 9 11 13 14 15 16 17 18 19 20 21 23 24 25 26 27 29 31 32 33 35 36 37 38 39 40 42 43 45 47 48 49 50 52 53 54 55 56 57 58 59 
23 1 4 5 6 8 13 16 17 18 19 26 27 34 36 38 40 47 48 51 52 54 56 58 
56 0 1 2 3 4 5 6 7 8 9 10 11 12 13 14 15 16 17 18 19 20 21 23 24 25 26 27 28 29 31 32 33 34 35 36 37 38 39 40 42 43 44 45 47 48 49 50 51 52 53 54 55 56 57 58 59 
6 4 16 19 54 56 58 
0 
10 4 5 6 13 16 19 38 54 56 58 
17 4 5 6 8 13 16 18 19 26 27 36 38 40 52 54 56 58 
46 0 1 3 4 5 6 8 9 10 11 12 13 14 15 16 17 18 19 23 24 26 27 28 29 31 32 33 34 35 36 37 38 39 40 42 43 47 48 50 51 52 55 56 57 58 59 
51 0 1 3 4 5 6 7 8 9 10 11 12 13 14 15 16 17 18 19 21 23 24 26 27 28 29 31 32 33 34 35 36 37 38 39 40 42 43 45 47 48 49 50 51 52 54 55 56 57 58 59 
60 0 1 2 3 4 5 6 7 8 9 10 11 12 13 14 15 16 17 18 19 20 21 22 23 24 25 26 27 28 29 30 31 32 33 34 35 36 37 38 39 40 41 42 43 44 45 46 47 48 49 50 51 52 53 54 55 56 57 58 59 
53 0 1 3 4 5 6 7 8 9 10 11 12 13 14 15 16 17 18 19 21 23 24 26 27 28 29 31 32 33 34 35 36 37 38 39 40 42 43 44 45 47 48 49 50 51 52 53 54 55 56 57 58 59 
