70 15 8e+06
1.99209 102410
1.05521 148032
1.00774 191985
2.19826 109190
1.54291 125841
2.54741 167985
2.44752 127139
1.54507 166294
2.41093 124875
1.5456 121659
1.99667 140706
1.44243 182870
1.5352 153273
1.49651 186738
2.39442 144512
1.60444 113523
1.98266 188844
2.49935 119922
2.85478 131787
1.04629 106818
2.39741 157269
1.02616 156442
1.75882 180359
2.19742 169191
2.12862 111660
2.00207 164133
2.49385 184596
1.88176 130230
2.54286 108238
1.7516 171408
1.18683 142608
2.60265 189232
1.72173 153100
1.2963 179681
1.76609 101721
1.5277 189130
2.16391 175729
2.72854 197469
1.46696 113130
1.20438 123490
1.29838 130275
2.10496 174657
1.80578 110650
2.2184 119401
1.71823 184810
2.01375 190591
1.64519 120001
1.39803 183595
2.10876 110373
2.03022 149419
1.23382 146752
1.30733 123804
2.3074 172716
1.99013 170315
2.32382 144544
1.19665 184283
2.27812 182776
1.61669 103552
1.24025 161349
1.18307 169284
1.8207 132685
1.32727 143118
1.7546 149886
1.35219 199271
1.60365 113215
1.62865 116584
2.5185 149601
2.18623 113877
1.50605 111770
1.63878 181575
0.88369 0.000354376 11
0.901997 0.010369 7
0.94135 0.268485 3
0.984413 1 1
0.963122 0.574269 2
0.880655 0.00015179 12
0.927076 0.121332 4
0.915506 0.0531529 5
0.894594 0.00435586 8
0.874693 6.00259e-05 13
0.951313 0.52897 2
0.926743 0.12086 4
0.888392 0.000846655 10
0.915823 0.0533697 5
0.938192 0.260297 3
0.937555 0.496518 2
0.958096 0.552367 2
0.964896 1 1
0.948961 0.522192 2
0.940782 0.502752 2
0.939513 0.500217 2
0.984301 1 1
0.945401 0.513012 2
0.915138 0.222232 3
0.934979 0.49201 2
0.928952 0.241303 3
0.970731 1 1
0.945598 0.513488 2
0.977201 1 1
0.93743 0.496289 2
0.971941 1 1
0.973985 1 1
0.920019 0.228024 3
0.899439 0.0448452 5
0.899576 0.0448992 5
0.960538 0.562455 2
0.954666 0.539758 2
0.935028 0.25304 3
0.890425 0.00880637 7
0.987795 1 1
0.882024 0.00361793 8
0.935105 0.253206 3
0.982403 1 1
0.966809 1 1
0.894416 0.0199154 6
0.9279 0.23952 3
0.934416 0.251735 3
0.924225 0.117481 4
0.887012 0.00387402 8
0.877541 0.000692355 10
0.99222 1 1
0.930609 0.24425 3
0.898523 0.0208425 6
0.918303 0.11069 4
0.954093 0.537816 2
0.887465 0.00389933 8
0.941665 0.269358 3
0.93805 0.259951 3
0.94063 0.266527 3
0.904879 0.0225552 6
0.88736 0.0017935 9
0.903188 0.0220613 6
0.920029 0.11252 4
0.967134 0.595274 2
0.980511 1 1
0.869733 5.37422e-05 13
0.923947 0.117128 4
0.92759 0.239008 3
0.870081 5.41455e-05 13
0.872236 0.000126761 12
0.92195 0.114696 4
0.909257 0.0493648 5
0.889491 0.00401763 8
0.912183 0.05103 5
0.910992 0.0503309 5
0.8784 0.00345473 8
0.896832 0.0204459 6
0.940731 0.502648 2
0.978601 1 1
0.956089 0.544783 2
0.878092 0.00154885 9
0.922152 0.230845 3
0.909052 0.102535 4
0.896582 0.0203892 6
0.870435 0.00061827 10
0.95576 0.543597 2
0.925181 0.235205 3
0.883408 0.00368505 8
0.911205 0.104219 4
0.94082 0.502831 2
0.893012 0.000935013 10
0.908244 0.0115446 7
0.954653 0.539716 2
0.907736 0.0114374 7
0.887336 0.000384324 11
0.944027 0.276276 3
0.922626 0.0587393 5
0.88444 0.000166103 12
0.972612 0.630215 2
0.908773 0.0116589 7
0.929529 0.125007 4
0.962327 0.570502 2
0.903433 0.0106138 7
0.924731 0.0607269 5
0.950036 0.297177 3
0.925593 0.119277 4
0.929923 0.125631 4
0.891231 0.00192201 9
0.916421 0.0537859 5
0.941715 0.269498 3
0.876558 0.000138603 12
0.929588 0.125099 4
0.96812 0.600995 2
0.841286 1.52527e-11 30
0.898953 0.00989305 7
0.871768 2.51717e-05 14
0.891718 0.00193957 9
0.920777 0.0571319 5
0.923313 0.116336 4
0.870233 2.42538e-05 14
0.878807 0.00347224 8
0.898078 0.0443217 5
0.966151 1 1
0.955319 0.542031 2
0.926941 0.237951 3
0.898341 0.0444214 5
0.923652 0.232949 3
0.895727 0.043464 5
0.934767 0.491655 2
0.879594 0.00350664 8
0.99104 1 1
0.948318 0.520444 2
0.886551 0.00840479 7
0.916124 0.223334 3
0.981096 1 1
0.893325 0.000211019 12
0.912825 0.00634075 8
0.982786 0.720885 2
0.957842 0.333462 3
0.931349 0.0682815 5
0.913367 0.00642837 8
0.938306 0.141623 4
0.907179 0.00273699 9
0.939089 0.143426 4
0.894894 0.000221142 12
0.974428 0.643685 2
0.964469 0.375351 3
0.901488 0.00115249 10
0.931424 0.068381 5
0.980787 0.699862 2
0.886526 0.00176815 9
0.90355 0.0221646 6
0.929164 0.241671 3
0.977194 1 1
0.976382 1 1
0.874603 0.000133013 12
0.926417 0.120404 4
0.923625 0.116724 4
0.880004 0.000722269 10
0.873788 0.0001308 12
0.933716 0.250279 3
0.916924 0.109307 4
0.889741 0.00403279 8
0.91464 0.0525735 5
0.922002 0.114758 4
0.879622 1.41566e-05 15
0.895185 0.000983015 10
0.949159 0.293795 3
0.903852 0.0051696 8
0.881367 3.24833e-05 14
0.929536 0.0659899 5
0.911133 0.012201 7
0.873687 2.43115e-06 17
0.988031 1 1
0.894605 0.000969757 10
0.933185 0.131203 4
0.951874 0.304679 3
0.889825 0.000191061 12
0.912054 0.012428 7
0.953374 0.311244 3
0.882836 0.00365698 8
0.901365 0.0456238 5
0.972993 1 1
0.935879 0.493541 2
0.909892 0.103178 4
0.91511 0.107587 4
0.92418 0.233716 3
0.889931 0.0190274 6
0.960284 0.561358 2
0.889497 0.00870573 7
0.969585 1 1
0.960981 0.564394 2
0.891953 0.0194134 6
0.920072 0.228092 3
0.991005 1 1
0.902866 0.00119684 10
0.921983 0.0155921 7
0.957475 0.331474 3
0.992159 1 1
0.967212 0.396531 3
0.900238 0.000539977 11
0.948109 0.169321 4
0.931022 0.0367639 6
0.904778 0.00126361 10
0.894791 0.000105374 13
0.950775 0.179199 4
0.945279 0.160059 4
0.908239 0.00281529 9
0.936797 0.0764118 5
0.945149 0.15966 4
0.925597 0.23584 3
0.945789 0.513955 2
0.967146 0.595347 2
0.965377 0.585648 2
0.954428 0.538947 2
0.924218 0.117473 4
0.97333 1 1
0.944261 0.510317 2
0.912284 0.0510911 5
0.919751 0.112218 4
0.938873 0.261979 3
0.963875 0.577955 2
0.932256 0.24736 3
0.962609 0.571826 2
0.942892 0.507229 2
0.952243 0.531823 2
0.961303 0.565826 2
0.93304 0.248906 3
0.90391 0.0222685 6
0.898528 0.00983079 7
0.979152 1 1
0.954633 0.539645 2
0.924281 0.117553 4
0.908971 0.0492109 5
0.972276 0.627838 2
0.894066 0.00431786 8
0.94999 0.525084 2
0.963287 0.575069 2
0.966138 0.589732 2
0.908644 0.0237725 6
0.941536 0.268999 3
0.958849 0.555374 2
0.938722 0.261601 3
0.951214 0.528672 2
0.960456 0.5621 2
0.915523 0.0531641 5
0.976078 1 1
0.973 1 1
0.886665 0.00177232 9
0.925426 0.119052 4
0.912674 0.0513273 5
0.939734 0.264167 3
0.94433 0.510477 2
0.965163 0.584522 2
0.914834 0.0527018 5
0.962533 0.571465 2
0.983061 1 1
0.937859 0.140622 4
0.932028 0.129142 4
0.935599 0.135836 4
0.936915 0.138567 4
0.987206 1 1
0.965561 0.586624 2
0.892333 0.000920926 10
0.95024 0.29798 3
0.903707 0.00515421 8
0.946245 0.283397 3
0.968167 0.601268 2
0.987448 1 1
0.911115 0.0121966 7
0.87505 1.23686e-05 15
0.892698 0.000928448 10
0.929428 0.124849 4
0.973057 0.633426 2
0.960206 0.561023 2
0.869543 2.13143e-06 17
0.91685 0.0271467 6
0.909303 0.0117758 7
0.884563 0.000166609 12
0.864766 3.63845e-07 19
0.94322 0.273838 3
0.91487 0.0262252 6
0.879119 6.67777e-05 13
0.905489 0.0109893 7
0.928165 0.12292 4
0.917518 0.0545748 5
0.933037 0.130935 4
0.961376 0.566153 2
0.917454 0.0545279 5
0.901572 0.0049395 8
0.963541 0.576308 2
0.94545 0.280769 3
0.906498 0.0111854 7
0.947359 0.287225 3
0.932285 0.129591 4
0.924553 0.0605513 5
0.97798 0.673197 2
0.9282 0.122972 4
0.949289 0.294287 3
0.942784 0.272552 3
0.899675 0.00228217 9
0.917878 0.0276568 6
0.945417 0.280664 3
0.992387 1 1
0.977599 0.669812 2
0.891096 0.000420505 11
0.942456 0.271601 3
0.932823 0.130548 4
0.893522 0.000945866 10
0.888822 0.000397912 11
0.942164 0.270764 3
0.933958 0.132636 4
0.90391 0.00517571 8
0.930636 0.126787 4
0.934233 0.133158 4
0.870793 0.000276494 11
0.887363 0.00389361 8
0.949556 0.523849 2
0.907934 0.0486664 5
0.883416 0.00368544 8
0.916007 0.108424 4
0.905922 0.0476636 5
0.869662 0.00012053 12
0.989287 1 1
0.883297 0.00367952 8
0.943927 0.50955 2
0.946617 0.516012 2
0.88065 0.00160904 9
0.904992 0.0472226 5
0.962672 0.572122 2
0.902876 0.00506834 8
0.92135 0.057617 5
0.949023 0.293279 3
0.992651 1 1
0.976049 0.656606 2
0.89509 0.000980814 10
0.946332 0.283688 3
0.93482 0.13429 4
0.896412 0.00212774 9
0.892511 0.000924576 10
0.943205 0.273793 3
0.937945 0.140813 4
0.907367 0.011361 7
0.934527 0.13372 4
0.936512 0.137715 4
0.890813 0.000417568 11
0.909575 0.0118369 7
0.950174 0.297721 3
0.991831 1 1
0.963885 0.578002 2
0.88939 0.000403339 11
0.935284 0.135206 4
0.920524 0.0569212 5
0.901367 0.00491988 8
0.882752 7.33559e-05 13
0.954969 0.318693 3
0.935822 0.136288 4
0.895981 0.00210888 9
0.92415 0.0601603 5
0.944414 0.27747 3
0.897812 0.044222 5
0.916706 0.224 3
0.988736 1 1
0.943253 0.508028 2
0.919462 0.227318 3
0.926935 0.237943 3
0.939731 0.500645 2
0.904102 0.0468129 5
0.952625 0.533026 2
0.903674 0.0466197 5
0.961825 1 1
0.976572 1 1
0.906997 0.10103 4
0.935734 0.49329 2
0.979234 1 1
0.913331 0.0255601 6
0.928061 0.122765 4
0.956931 0.547893 2
0.912177 0.0250882 6
0.895834 0.00444815 8
0.963875 0.577955 2
0.939394 0.263293 3
0.900785 0.00486512 8
0.950703 0.299831 3
0.929722 0.125312 4
0.921915 0.058107 5
0.972381 0.628581 2
0.924046 0.0600602 5
0.943642 0.275101 3
0.940838 0.267087 3
0.917423 0.0545048 5
0.937431 0.258469 3
0.970216 0.613951 2
0.972213 0.627396 2
0.956105 0.54484 2
0.918701 0.0554648 5
0.96473 0.582276 2
0.937832 0.259425 3
0.914577 0.026095 6
0.912058 0.0250408 6
0.94649 0.284225 3
0.962508 0.571349 2
0.924045 0.0600593 5
0.954283 0.538453 2
0.948702 0.292078 3
0.971673 1 1
0.979884 1 1
0.917676 0.110054 4
0.919504 0.111952 4
0.930529 0.244103 3
0.922499 0.231323 3
0.966183 1 1
0.978293 1 1
0.872628 0.000639431 10
0.947006 0.517 2
0.886048 0.00382129 8
0.925274 0.235347 3
0.969832 1 1
0.966902 1 1
0.891821 0.00896339 7
0.910837 0.050242 5
0.923982 0.117172 4
0.915408 0.053086 5
0.952029 0.531157 2
0.980778 1 1
0.880212 0.000329629 11
0.938482 0.261008 3
0.955899 0.544096 2
0.862947 3.98531e-06 16
0.890924 0.00410641 8
0.903937 0.0222763 6
0.910232 0.0499004 5
0.910811 0.0502276 5
0.927661 0.122176 4
0.898544 0.00983313 7
0.917506 0.224935 3
0.932194 0.24724 3
0.956752 0.547223 2
0.913146 0.105839 4
0.897734 0.0441926 5
0.967087 1 1
0.942868 0.507174 2
0.904288 0.0468975 5
0.946485 0.515679 2
0.933804 0.490078 2
0.920417 0.228536 3
0.973324 1 1
0.928271 0.240142 3
0.947577 0.518477 2
0.938836 0.49891 2
0.885295 0.00828428 7
0.904631 0.047055 5
0.961152 0.565151 2
0.974516 1 1
0.945469 0.513175 2
0.894409 0.0199138 6
0.930991 0.244954 3
0.908551 0.10216 4
0.917699 0.110077 4
0.881671 0.0036013 8
0.974173 1 1
0.944001 0.509719 2
0.89188 0.0193989 6
0.921416 0.22985 3
0.962664 0.572086 2
0.864468 4.14613e-06 16
0.883444 0.0007686 10
0.946617 0.284656 3
0.952391 0.532289 2
0.924929 0.118394 4
0.879818 0.00032703 11
0.909108 0.0239351 6
0.886115 0.000808868 10
0.919335 0.0559587 5
0.863026 1.7614e-06 17
0.984157 1 1
0.928979 0.124151 4
0.871407 2.49506e-05 14
0.900504 0.0101288 7
0.962959 0.573486 2
0.935418 0.135473 4
0.955597 0.321771 3
0.958253 0.552988 2
0.958074 0.334738 3
0.954003 0.314124 3
0.926848 0.062912 5
0.982929 1 1
0.9541 0.314575 3
0.905276 0.0053252 8
0.927241 0.0633398 5
0.928338 0.0645736 5
0.959005 0.556006 2
0.941528 0.149449 4
0.970906 0.618469 2
0.932929 0.130738 4
0.892511 0.0195239 6
0.911595 0.104536 4
0.955923 0.544181 2
0.989495 1 1
0.960029 0.560268 2
0.89379 0.0197842 6
0.937765 0.496903 2
0.920032 0.22804 3
0.906912 0.100969 4
0.885703 0.00832297 7
0.959399 0.557627 2
0.941108 0.503422 2
0.898158 0.044352 5
0.926966 0.237992 3
0.949969 0.525022 2
0.878119 6.1795e-06 16
0.896858 0.00102327 10
0.945377 0.160362 4
0.976872 0.663506 2
0.951288 0.302224 3
0.881082 1.48149e-05 15
0.9226 0.0303186 6
0.906642 0.00548393 8
0.902623 0.00244227 9
0.871569 4.61175e-07 19
0.962637 0.571957 2
0.92913 0.0655014 5
0.88363 3.47237e-05 14
0.912041 0.0124246 7
0.947278 0.286939 3
0.947534 0.518365 2
0.966148 1 1
0.954783 0.540162 2
0.929684 0.242583 3
0.922819 0.231768 3
0.958117 0.552449 2
0.977896 1 1
0.939135 0.499483 2
0.916069 0.108483 4
0.952187 0.531649 2
0.915585 0.108027 4
0.968842 1 1
0.957647 0.550618 2
0.984246 1 1
0.927731 0.239241 3
0.905977 0.0110832 7
0.925873 0.119655 4
0.978237 1 1
0.971944 0.625518 2
0.948204 0.290249 3
0.915162 0.0529206 5
0.952716 0.533314 2
0.924421 0.117733 4
0.923797 0.0598236 5
0.903379 0.0106042 7
0.96008 0.560489 2
0.964205 0.579603 2
0.913229 0.0255174 6
0.943674 0.275199 3
0.961766 0.567918 2
0.97529 0.650447 2
0.968544 0.603524 2
0.90062 0.0023312 9
0.903006 0.00246466 9
0.916478 0.0269677 6
0.913598 0.0128301 7
0.948257 0.29044 3
0.968761 0.604838 2
0.85795 9.1547e-10 26
0.945266 0.280175 3
0.869219 1.90172e-07 20
0.909031 0.00578609 8
0.966912 0.594022 2
0.950956 0.30086 3
0.875087 2.5468e-06 17
0.86379 1.56145e-07 20
0.880721 6.95487e-05 13
0.915492 0.0265062 6
0.958522 0.554057 2
0.95172 0.304027 3
0.856318 1.94415e-09 25
0.903902 0.00517489 8
0.899876 0.00229243 9
0.872841 5.24071e-06 16
0.852459 3.13506e-10 27
0.932629 0.130201 4
0.90094 0.00487958 8
0.867271 3.95905e-07 19
0.892564 0.000925661 10
0.91611 0.0267933 6
0.911454 0.0505988 5
0.921939 0.114683 4
0.904055 0.0223108 6
0.938522 0.261105 3
0.966896 0.593928 2
0.874439 5.96748e-05 13
0.932008 0.129107 4
0.958076 0.552289 2
0.852218 2.01474e-08 22
0.888986 0.00184519 9
0.891165 0.00191967 9
0.90032 0.0101 7
0.909801 0.0241831 6
0.922329 0.115143 4
0.886337 0.000812404 10
0.944273 0.277034 3
0.964476 0.580975 2
0.959603 0.558476 2
0.939357 0.144057 4
0.932538 0.130038 4
0.94819 0.290197 3
0.985224 1 1
0.944464 0.277628 3
0.914738 0.0261664 6
0.944182 0.276753 3
0.921691 0.0579111 5
0.970034 0.612778 2
0.953235 0.310616 3
0.984503 1 1
0.931969 0.129039 4
0.849683 2.78011e-10 27
0.866338 8.61248e-07 18
0.903358 0.0106006 7
0.943496 0.274662 3
0.936745 0.138207 4
0.843424 7.18542e-12 0
0.889263 0.000862044 10
0.885615 0.000369623 11
0.864519 8.13851e-07 18
0.838673 5.76859e-12 0
0.925326 0.118919 4
0.888278 0.00084467 10
0.85311 3.9195e-09 24
0.878154 6.51975e-05 13
0.907245 0.0113359 7
0.874782 5.55872e-06 16
0.891036 0.000419881 11
0.916313 0.026889 6
0.963244 0.574859 2
0.966064 0.58933 2
0.861482 1.2424e-08 23
0.912914 0.0126487 7
0.913452 0.012791 7
0.869413 4.26645e-07 19
0.861201 1.2284e-08 23
0.925619 0.0616194 5
0.903588 0.00514176 8
0.877442 1.32559e-05 15
0.901279 0.00236663 9
0.9118 0.0123645 7
0.865697 1.90041e-06 17
0.881636 0.000339357 11
0.941172 0.267995 3
0.899471 0.00997025 7
0.87526 6.08252e-05 13
0.913659 0.0519405 5
0.899065 0.00990964 7
0.86271 7.70393e-07 18
0.994437 1 1
0.879557 0.000148042 12
0.935841 0.254822 3
0.939617 0.263865 3
0.875637 6.13653e-05 13
0.898808 0.00468864 8
0.953891 0.53714 2
0.940594 0.50237 2
0.950976 0.52796 2
0.937922 0.259643 3
0.903721 0.0466408 5
0.895273 0.020099 6
0.987604 1 1
0.94961 0.524002 2
0.915872 0.108297 4
0.919335 0.111771 4
0.961358 0.566072 2
0.89917 0.0210002 6
0.955664 0.543254 2
0.951568 0.529743 2
0.959581 0.558383 2
0.915167 0.107639 4
0.904137 0.00519997 8
0.917118 0.0272772 6
0.945022 0.279391 3
0.899686 0.00228275 9
0.882836 3.39097e-05 14
0.961908 0.568567 2
0.926159 0.0621786 5
0.888387 0.000183783 12
0.954449 0.316211 3
0.923584 0.0596221 5
0.913708 0.0128599 7
0.958722 0.338361 3
0.914794 0.0131613 7
0.931226 0.0681208 5
0.93343 0.131652 4
0.948228 0.520201 2
0.96852 0.603378 2
0.948682 0.521427 2
0.945921 0.514277 2
0.946766 0.516389 2
0.931968 0.246802 3
0.993664 1 1
0.96237 0.570701 2
0.898984 0.0209545 6
0.938072 0.260006 3
0.916341 0.108743 4
0.953695 0.536487 2
0.954031 0.537606 2
0.981371 1 1
0.922339 0.115156 4
0.868522 4.62696e-06 16
0.884037 0.000357034 11
0.940651 0.266583 3
0.897517 0.00458075 8
0.874 2.66123e-05 14
0.91835 0.0551963 5
0.900457 0.0101213 7
0.863681 7.9328e-07 18
0.997603 1 1
0.88338 0.000352027 11
0.931657 0.128501 4
0.941001 0.267528 3
0.878583 0.000144854 12
0.900891 0.0101897 7
0.950459 0.298853 3
0.946553 0.164084 4
0.967336 0.596427 2
0.95444 0.316166 3
0.944782 0.158549 4
0.94188 0.150372 4
0.938249 0.0789455 5
0.995064 1 1
0.954879 0.318262 3
0.905842 0.00264378 9
0.940381 0.146537 4
0.919797 0.0147635 7
0.961028 0.352109 3
0.953792 0.31315 3
0.984635 0.741999 2
0.92738 0.0336606 6
0.862555 8.96319e-06 15
0.879808 0.000719798 10
0.94675 0.516348 2
0.910846 0.0502476 5
0.884861 0.00375861 8
0.903468 0.022141 6
0.90027 0.0212762 6
0.865658 4.93664e-05 13
0.975441 1 1
0.872844 0.000286654 11
0.952785 0.533535 2
0.939344 0.263167 3
0.872023 0.000126224 12
0.897794 0.0206688 6
0.967794 0.599074 2
0.893087 0.00911226 7
0.912477 0.0512077 5
0.962759 0.572533 2
0.982782 1 1
0.953683 0.53645 2
0.898421 0.0208179 6
0.939003 0.262304 3
0.917603 0.109981 4
0.914161 0.106728 4
0.888095 0.00393524 8
0.96541 0.585825 2
0.947024 0.517046 2
0.899361 0.0210473 6
0.928838 0.241107 3
0.957416 0.549728 2
0.89473 0.000972578 10
0.914362 0.0260009 6
0.980023 0.692287 2
0.964043 0.57879 2
0.937198 0.139174 4
0.911002 0.0121693 7
0.940427 0.146652 4
0.910983 0.0121648 7
0.933058 0.130972 4
0.89468 0.000971455 10
0.973361 0.635644 2
0.961988 0.568931 2
0.902499 0.00503038 8
0.932643 0.130226 4
0.975192 0.64966 2
0.927206 0.238381 3
0.927911 0.239539 3
0.882333 0.00801663 7
0.904716 0.0994622 4
0.929147 0.241641 3
0.873595 0.00145366 9
0.923076 0.23213 3
0.962905 1 1
0.833696 1.99237e-09 24
0.899239 0.044767 5
0.861242 0.000103425 12
0.884199 0.00818266 7
0.920805 0.229041 3
0.918443 0.226059 3
0.860643 0.000102365 12
0.864687 4.17013e-06 16
0.882496 0.000755263 10
0.95182 0.530514 2
0.918886 0.111296 4
0.892307 0.00419651 8
0.901828 0.0103412 7
0.904217 0.0223581 6
0.870531 2.44279e-05 14
0.967344 0.596477 2
0.873191 5.79964e-05 13
0.962319 0.570467 2
0.941864 0.269914 3
0.873899 5.89385e-05 13
0.900741 0.0101659 7
0.976049 1 1
0.86285 9.02561e-06 15
0.87993 0.000721337 10
0.945996 0.514463 2
0.909046 0.049251 5
0.883293 0.00167667 9
0.904851 0.0225468 6
0.899981 0.0212028 6
0.865057 2.15293e-05 14
0.978282 1 1
0.873675 0.000130498 12
0.950206 0.525703 2
0.939434 0.263397 3
0.872398 0.000127171 12
0.897828 0.00973038 7
0.965827 0.588051 2
0.87762 6.4352e-05 13
0.895091 0.00207107 9
0.928938 0.124089 4
0.974374 0.643269 2
0.964246 0.579811 2
0.870327 1.08719e-05 15
0.918916 0.0556313 5
0.912736 0.0253141 6
0.882851 0.000348094 11
0.866633 1.95302e-06 17
0.940374 0.265843 3
0.914932 0.0527668 5
0.881442 0.000154579 12
0.907421 0.0233579 6
0.926127 0.120003 4
0.947065 0.286199 3
0.966408 0.591211 2
0.944908 0.279025 3
0.947709 0.288464 3
0.951461 0.529417 2
0.926183 0.12008 4
0.987473 1 1
0.967374 0.596647 2
0.894229 0.0043295 8
0.934248 0.251382 3
0.91469 0.0526064 5
0.948463 0.291197 3
0.95166 0.530024 2
0.976061 1 1
0.919325 0.0559513 5
0.913536 0.00645619 8
0.929303 0.0352316 6
0.9632 0.36637 3
0.917978 0.00727738 8
0.901011 0.000552779 11
0.959601 0.34344 3
0.942805 0.152866 4
0.90382 0.00122936 10
0.951625 0.182607 4
0.927971 0.034128 6
0.927525 0.0337747 6
0.978455 0.677484 2
0.924137 0.0165003 7
0.945929 0.162085 4
0.946231 0.163045 4
0.877409 0.00031194 11
0.894826 0.00932717 7
0.960869 0.563902 2
0.91961 0.112066 4
0.894677 0.00930821 7
0.918047 0.110429 4
0.915021 0.107505 4
0.87911 0.000711123 10
0.977632 1 1
0.887802 0.00391849 8
0.954476 0.53911 2
0.955334 0.542081 2
0.887075 0.00387749 8
0.91302 0.0515404 5
0.974455 1 1
0.915284 0.0530025 5
0.931718 0.246323 3
0.934557 0.252032 3
0.96932 0.608274 2
0.988348 1 1
0.893981 0.00431177 8
0.951899 0.530755 2
0.954348 0.538674 2
0.881036 0.000735582 10
0.89953 0.00997903 7
0.921431 0.114093 4
0.928415 0.123294 4
0.917607 0.109985 4
0.93997 0.264782 3
0.917144 0.109524 4
0.872012 1.13709e-05 15
0.887728 0.000835274 10
0.944702 0.278373 3
0.901085 0.0102206 7
0.877656 6.44073e-05 13
0.921153 0.0574489 5
0.904397 0.0107859 7
0.867483 4.4958e-06 16
0.997031 1 1
0.886526 0.000815443 10
0.934273 0.133235 4
0.945134 0.279748 3
0.882086 0.000156931 12
0.904735 0.010848 7
0.953561 0.536046 2
0.878987 0.00348004 8
0.894537 0.0199409 6
0.913376 0.106037 4
0.960597 0.562711 2
0.97124 1 1
0.861766 4.57115e-05 13
0.915121 0.107596 4
0.919429 0.227277 3
0.864939 0.000110391 12
0.863856 0.000108271 12
0.918946 0.226675 3
0.901876 0.0458379 5
0.880985 0.00356938 8
0.903461 0.046525 5
0.906453 0.0479214 5
0.904522 0.0224483 6
0.915952 0.0534581 5
0.904381 0.0224066 6
0.94218 0.270811 3
0.971142 0.620044 2
0.870564 2.44473e-05 14
0.928197 0.122968 4
0.950568 0.526758 2
0.852582 4.70501e-08 21
0.883115 0.000763921 10
0.894482 0.00434772 8
0.899212 0.00993148 7
0.903451 0.0221363 6
0.917912 0.0548667 5
0.888269 0.00182202 9
0.912111 0.0062285 8
0.930988 0.0678112 5
0.954022 0.314211 3
0.983999 0.734546 2
0.973295 0.635162 2
0.903924 0.00123301 10
0.956437 0.326013 3
0.941985 0.15065 4
0.899764 0.000532372 11
0.902049 0.0011702 10
0.940607 0.147099 4
0.945149 0.159661 4
0.916904 0.0137918 7
0.944513 0.157748 4
0.937293 0.0772576 5
0.885585 0.00379656 8
0.903002 0.0220089 6
0.967141 0.595314 2
0.922703 0.115592 4
0.898818 0.0209141 6
0.92631 0.236948 3
0.922761 0.115662 4
0.886021 0.00381982 8
0.97454 1 1
0.896224 0.0203087 6
0.952081 0.53132 2
0.963901 0.578085 2
0.895391 0.00939988 7
0.921243 0.113877 4
0.973074 1 1
0.891761 0.000427554 11
0.907072 0.00553587 8
0.954601 0.31693 3
0.907733 0.00561783 8
0.887073 0.000177543 12
0.942518 0.152081 4
0.921712 0.0297741 6
0.883582 7.50134e-05 13
0.974135 0.641441 2
0.907366 0.00557207 8
0.930312 0.0669481 5
0.961667 0.567467 2
0.902156 0.00241547 9
0.923643 0.0596781 5
0.950856 0.300452 3
0.905882 0.0110647 7
0.918946 0.0556541 5
0.946054 0.282759 3
0.900887 0.00487462 8
0.884261 0.000165374 12
0.963298 0.575124 2
0.927958 0.122612 4
0.890141 0.00087812 10
0.953324 0.311018 3
0.925176 0.0611698 5
0.914094 0.0258844 6
0.960132 0.56071 2
0.91656 0.0270068 6
0.933084 0.131019 4
0.933709 0.132169 4
0.89466 0.00205325 9
0.912373 0.0251669 6
0.938933 0.262127 3
0.987217 1 1
0.979158 1 1
0.884513 0.000360747 11
0.936213 0.137092 4
0.929697 0.125271 4
0.888119 0.000841943 10
0.882934 0.000160129 12
0.939109 0.262572 3
0.927123 0.121399 4
0.898445 0.00465768 8
0.92438 0.0603827 5
0.929483 0.124934 4
0.927283 0.121629 4
0.941929 0.270099 3
0.955173 0.319683 3
0.915134 0.0263436 6
0.902083 0.00498914 8
0.9727 0.630847 2
0.950829 0.300342 3
0.912547 0.025237 6
0.936814 0.138352 4
0.943052 0.273339 3
0.916672 0.0270607 6
0.973207 0.634515 2
0.938161 0.141297 4
0.95675 0.547216 2
0.933777 0.132298 4
0.959222 0.556894 2
0.975545 0.652492 2
0.941733 0.269549 3
0.919526 0.0561102 5
0.91616 0.0536026 5
0.961462 0.56654 2
0.97359 0.637343 2
0.941433 0.268713 3
0.906294 0.0229927 6
0.965019 0.583773 2
0.903087 0.0105534 7
0.956191 0.545155 2
0.970019 0.61268 2
0.985549 1 1
0.915145 0.0529088 5
66 0 1 4 5 6 7 8 9 10 11 12 13 14 16 17 18 19 20 21 22 23 24 25 26 27 28 29 30 31 32 33 34 35 36 37 38 39 40 41 42 43 45 46 47 48 49 50 51 52 53 54 55 56 57 58 59 60 61 62 63 64 65 66 67 68 69 
43 0 1 4 5 7 8 9 10 13 14 16 17 18 20 22 23 26 27 28 30 31 32 33 34 36 37 38 39 40 41 42 46 48 50 51 52 55 56 59 61 62 63 67 
38 0 4 5 7 8 9 10 12 13 14 16 18 20 22 23 26 28 30 31 32 33 34 36 38 39 41 42 50 51 52 53 55 56 59 61 62 63 67 
21 0 4 5 7 10 18 20 22 23 28 34 38 39 41 42 52 55 59 61 62 67 
13 4 7 10 18 28 38 39 41 42 52 55 61 62 
68 0 1 2 4 5 6 7 8 9 10 11 12 13 14 15 16 17 18 19 20 21 22 23 24 25 26 27 28 29 30 31 32 33 34 35 36 37 38 39 40 42 43 44 45 46 47 48 49 50 51 52 53 54 55 56 57 58 59 60 61 62 63 64 65 66 67 68 69 
51 0 1 4 5 7 8 9 10 11 12 13 14 16 18 20 21 22 23 24 26 28 30 31 32 33 34 36 38 39 41 42 43 46 47 48 49 50 51 52 53 54 55 56 58 59 60 61 62 63 64 67 
22 0 4 5 7 10 18 20 22 23 28 33 34 38 39 41 42 52 55 59 61 62 67 
54 0 1 4 5 7 8 9 10 12 13 14 16 17 18 20 21 22 23 24 26 27 28 30 31 32 33 34 35 36 37 38 39 40 41 42 43 46 48 49 50 51 52 53 54 55 56 58 59 61 62 63 64 67 69 
69 0 1 2 3 4 5 6 7 8 9 10 11 12 13 14 15 16 17 18 19 20 21 22 23 24 25 26 27 28 29 30 31 32 33 34 35 36 37 38 39 40 42 43 44 45 46 47 48 49 50 51 52 53 54 55 56 57 58 59 60 61 62 63 64 65 66 67 68 69 
27 0 4 5 7 10 13 18 20 22 23 28 30 31 33 34 38 39 41 42 50 52 55 59 61 62 63 67 
49 0 1 4 5 7 8 9 10 12 13 14 16 17 18 20 22 23 24 26 27 28 30 31 32 33 34 36 38 39 40 41 42 46 48 49 50 51 52 53 54 55 56 58 59 61 62 63 64 67 
64 0 1 4 5 6 7 8 9 10 11 12 13 14 16 17 18 19 20 21 22 23 24 25 26 27 28 29 30 31 32 33 34 35 36 37 38 39 40 41 42 43 46 47 48 49 50 51 52 53 54 55 56 57 58 59 60 61 62 63 64 65 67 68 69 
49 0 1 4 5 7 8 9 10 12 13 14 16 17 18 20 22 23 24 26 27 28 30 31 32 33 34 36 37 38 39 40 41 42 46 48 49 50 51 52 53 54 55 56 58 59 61 62 63 67 
32 0 4 5 7 8 9 10 13 18 20 22 23 26 28 30 31 33 34 36 38 39 41 42 50 51 52 55 59 61 62 63 67 
