30 15 6e+06
5.03894 197755
2.27045 157884
1.84975 172442
1.1777 183447
2.84321 128337
1.19042 136225
2.94852 199226
1.39462 132797
2.78139 162404
4.48308 106194
2.79685 140528
6.98505 137200
2.50167 181847
3.3402 154970
2.19587 143424
3.41352 135901
1.60794 145693
4.59718 127384
3.28867 109496
2.55392 146356
3.58492 140111
2.44343 120716
1.13787 181343
4.88525 195833
6.32003 118304
1.99932 122311
2.22719 144501
3.56096 104201
1.93141 126655
2.97474 136731
0.944216 0.156871 4
0.927339 0.033629 6
0.951518 0.303177 3
0.930945 0.0677546 5
0.925234 0.0320686 6
0.963535 0.368692 3
0.968383 0.602556 2
0.910764 0.00602711 8
0.924915 0.0318452 6
0.94091 0.147861 4
0.967343 0.596467 2
0.966569 0.592105 2
0.902849 0.00119627 10
0.959533 0.343038 3
0.940191 0.14607 4
0.872181 4.7172e-07 19
0.903596 0.00249999 9
0.880854 1.47092e-05 15
0.868071 8.16118e-08 21
0.992335 1 1
0.893961 0.00045249 11
0.893249 0.000444143 11
0.891587 0.000200682 12
0.892361 0.000205178 12
0.936111 0.136881 4
0.892085 0.000203556 12
0.925543 0.0615421 5
0.91191 0.0123919 7
0.88683 8.21574e-05 13
0.95276 0.308504 3
0.919899 0.227871 3
0.973891 1 1
0.92987 0.242914 3
0.944995 0.512039 2
0.887098 0.00845863 7
0.934968 0.252911 3
0.908663 0.102243 4
0.976572 1 1
0.986743 1 1
0.940514 0.502207 2
0.914108 0.106681 4
0.884638 0.00822297 7
0.939232 0.49967 2
0.897279 0.0205486 6
0.924006 0.233462 3
0.908717 0.102283 4
0.966485 1 1
0.918227 0.110613 4
0.934821 0.252596 3
0.879971 0.0035234 8
0.922769 0.231698 3
0.896754 0.0204282 6
0.976902 1 1
0.975844 1 1
0.933008 0.248844 3
0.902162 0.0459595 5
0.873502 0.000648264 10
0.939475 0.500143 2
0.885555 0.00830887 7
0.916719 0.109108 4
0.981195 1 1
0.904526 0.00524199 8
0.973289 0.63512 2
0.950286 0.298163 3
0.876865 2.86706e-05 14
0.96511 0.584248 2
0.977964 0.673047 2
0.891228 0.000898843 10
0.909689 0.0118628 7
0.901994 0.00498043 8
0.979426 0.686536 2
0.930941 0.127291 4
0.870655 2.20615e-06 17
0.978411 0.677083 2
0.895814 0.0021017 9
0.895712 0.00944176 7
0.951925 0.530837 2
0.906652 0.0231068 6
0.901634 0.0216335 6
0.954825 0.540305 2
0.919981 0.112468 4
0.906911 0.0231907 6
0.940755 0.266864 3
0.938901 0.262047 3
0.984245 1 1
0.908672 0.0237824 6
0.915743 0.0533148 5
0.958623 0.554462 2
0.896619 0.00956282 7
0.990996 1 1
0.935862 0.493512 2
0.908977 0.102479 4
0.940056 0.501288 2
0.916982 0.224321 3
0.921087 0.229413 3
0.949052 0.522444 2
0.965535 1 1
0.892693 0.0195602 6
0.906447 0.100642 4
0.924857 0.234718 3
0.961249 1 1
0.983824 1 1
0.886861 0.0184815 6
0.962772 1 1
0.927176 0.238332 3
0.938355 0.260695 3
0.97115 1 1
0.948956 0.522179 2
0.961028 0.564602 2
0.893572 0.0197391 6
0.954526 0.539282 2
0.927603 0.239029 3
0.962694 0.572228 2
0.982879 1 1
0.944907 0.511829 2
0.933213 0.249256 3
0.900642 0.0213719 6
0.930952 0.244881 3
0.916034 0.10845 4
0.929231 0.241787 3
0.985249 1 1
0.929715 0.242638 3
0.994977 1 1
0.978237 1 1
0.883367 0.000767505 10
0.983261 1 1
0.964621 0.581717 2
0.917578 0.109955 4
0.936933 0.257303 3
0.919848 0.112324 4
0.970962 0.618842 2
0.920872 0.113456 4
0.892646 0.00421927 8
0.955442 0.542466 2
0.909835 0.0496798 5
0.857939 1.0804e-08 23
0.890977 0.000893974 10
0.866418 3.84548e-07 19
0.853942 1.76246e-09 25
0.977887 0.672367 2
0.879301 3.06366e-05 14
0.879067 3.04375e-05 14
0.880065 6.83903e-05 13
0.879452 3.07649e-05 14
0.92293 0.0590155 5
0.877746 2.93568e-05 14
0.91301 0.0254267 6
0.903248 0.0051064 8
0.873125 5.28553e-06 16
0.939417 0.263354 3
0.902109 0.0103876 7
0.915997 0.0534893 5
0.91012 0.0242998 6
0.893888 0.00202208 9
0.965911 0.588504 2
0.923064 0.116031 4
0.925639 0.119339 4
0.900851 0.0101833 7
0.907434 0.023362 6
0.945326 0.280367 3
0.923955 0.117139 4
0.957775 0.551113 2
0.909647 0.0241276 6
0.919435 0.0560385 5
0.957259 0.549131 2
0.932406 0.0697066 5
0.93871 0.142547 4
0.938021 0.140983 4
0.962827 0.363824 3
0.860206 4.48393e-10 27
0.935004 0.0735094 5
0.910164 0.00594155 8
0.938931 0.143059 4
0.952492 0.30733 3
0.909817 0.00589305 8
0.916234 0.0135849 7
0.874404 5.13046e-07 19
0.902898 0.0011979 10
0.900759 0.00113023 10
0.894524 0.000218687 12
0.897237 0.00216473 9
0.976559 0.660855 2
0.907985 0.0114897 7
0.918343 0.027895 6
0.8983 0.00221443 9
0.916191 0.0268313 6
0.892263 0.000919487 10
0.99231 1 1
0.971805 0.624556 2
0.950087 0.297376 3
0.896827 0.00214616 9
0.878446 1.36589e-05 15
0.966241 0.590294 2
0.880723 3.18885e-05 14
0.934843 0.134334 4
0.940821 0.147636 4
0.965769 0.587735 2
0.950894 0.300604 3
0.96539 0.58572 2
0.888886 0.000186251 12
0.954896 0.318344 3
0.927786 0.0639458 5
0.95863 0.337842 3
0.978197 0.675141 2
0.939559 0.144538 4
0.93359 0.131949 4
0.898509 0.00106616 10
0.925948 0.0619582 5
0.916473 0.0269651 6
0.924097 0.0601098 5
0.896801 0.0438489 5
0.931427 0.486386 2
0.906522 0.100695 4
0.895252 0.0432977 5
0.974994 1 1
0.920242 0.22831 3
0.914944 0.222019 3
0.917762 0.225239 3
0.920505 0.228651 3
0.964441 1 1
0.914957 0.222034 3
0.93612 0.493958 2
0.931961 0.48719 2
0.906456 0.100648 4
0.980119 1 1
0.855298 4.26659e-09 24
0.883857 0.000163744 12
0.863297 1.53493e-07 20
0.849714 1.20404e-10 28
0.970915 0.61853 2
0.875924 1.26815e-05 15
0.877593 2.92361e-05 14
0.872501 5.18804e-06 16
0.872736 5.22444e-06 16
0.915659 0.0265831 6
0.875844 1.26522e-05 15
0.914204 0.0259319 6
0.894504 0.00204685 9
0.872417 5.1751e-06 16
0.932006 0.129102 4
0.945929 0.514298 2
0.958724 0.554868 2
0.955347 0.542128 2
0.972182 1 1
0.884521 0.00171022 9
0.957419 0.549739 2
0.930373 0.24382 3
0.951779 0.530388 2
0.971004 1 1
0.933881 0.250618 3
0.936375 0.256023 3
0.898224 0.0207708 6
0.919132 0.111556 4
0.919412 0.111853 4
0.918895 0.111306 4
0.904373 0.046936 5
0.916647 0.109038 4
0.912317 0.105134 4
0.895803 0.0202149 6
0.963441 0.575819 2
0.925223 0.235269 3
0.928091 0.239839 3
0.901322 0.0456056 5
0.908359 0.102017 4
0.945405 0.513022 2
0.926367 0.237037 3
0.959964 0.559993 2
0.909182 0.102634 4
0.921892 0.230491 3
0.956683 0.546965 2
0.940897 0.267246 3
0.941706 0.269474 3
0.946889 0.285588 3
0.97161 0.623217 2
0.865769 3.76215e-07 19
0.943837 0.275694 3
0.918829 0.0555637 5
0.939386 0.263275 3
0.955237 0.319997 3
0.914598 0.0261047 6
0.924957 0.0609505 5
0.882424 0.000158194 12
0.904246 0.0107585 7
0.909295 0.011774 7
0.89963 0.00476031 8
0.939386 0.263275 3
0.939599 0.263818 3
0.944995 0.279304 3
0.970041 0.612823 2
0.86341 3.48031e-07 19
0.941551 0.26904 3
0.916815 0.0540654 5
0.937812 0.259377 3
0.953184 0.310389 3
0.91223 0.0251094 6
0.922931 0.0590165 5
0.880141 6.85236e-05 13
0.902486 0.0104509 7
0.907444 0.0113767 7
0.897248 0.00455894 8
0.893247 0.000100097 13
0.920266 0.0149339 7
0.902195 0.000573407 11
0.888792 1.9243e-05 15
0.98026 0.694606 2
0.91562 0.00681904 8
0.914065 0.00654477 8
0.906361 0.001324 10
0.909975 0.0029527 9
0.952445 0.307128 3
0.913215 0.00640353 8
0.941977 0.150628 4
0.92033 0.0149575 7
0.906791 0.00134127 10
0.967617 0.598045 2
0.895102 0.0200618 6
0.959137 0.556547 2
0.906286 0.10053 4
0.903819 0.0466847 5
0.945192 0.512508 2
0.919122 0.226893 3
0.903579 0.0465776 5
0.94961 0.524002 2
0.945482 0.513206 2
0.985313 1 1
0.905915 0.0476604 5
0.908249 0.101936 4
0.968463 1 1
0.892845 0.0195907 6
0.981142 1 1
0.91216 0.0250815 6
0.950906 0.300655 3
0.922812 0.0589083 5
0.913894 0.0257986 6
0.953891 0.313605 3
0.936744 0.138204 4
0.926083 0.0620988 5
0.935734 0.136109 4
0.940597 0.266438 3
0.981763 1 1
0.927439 0.0635578 5
0.934511 0.133689 4
0.94221 0.270897 3
0.915889 0.0266898 6
0.985593 1 1
0.871755 9.48299e-08 21
0.947871 0.168495 4
0.882802 7.24785e-06 16
0.885637 1.72116e-05 15
0.922785 0.0304345 6
0.894119 0.000216044 12
0.876005 5.46082e-07 19
0.949615 0.174752 4
0.935306 0.0739817 5
0.95442 0.316071 3
0.878923 1.33644e-06 18
0.878083 1.29399e-06 18
0.987998 0.784931 2
0.865182 2.88414e-09 25
0.949739 0.175217 4
0.896079 0.000229348 12
0.901399 0.0005594 11
0.902774 0.00119379 10
0.88452 7.71124e-06 16
0.95823 0.335599 3
0.914712 0.00665631 8
0.92213 0.0156512 7
0.886273 1.75937e-05 15
0.893508 0.000100959 13
0.929747 0.0356149 6
0.919317 0.0145929 7
0.963142 0.365975 3
0.894831 0.000220724 12
0.918116 0.0141827 7
0.941676 0.149836 4
0.951218 0.528684 2
0.962147 0.569668 2
0.963241 0.574847 2
0.961495 0.566688 2
0.90703 0.0482073 5
0.973942 1 1
0.948177 0.520065 2
0.947237 0.517594 2
0.965721 1 1
0.952049 0.53122 2
0.953323 0.535269 2
0.922688 0.231586 3
0.925098 0.23508 3
0.935987 0.255147 3
0.939394 0.499984 2
0.877253 2.74287e-06 17
0.952445 0.307128 3
0.888369 8.59501e-05 13
0.89042 0.000194218 12
0.927533 0.0636628 5
0.899951 0.00110642 10
0.882074 1.52905e-05 15
0.952147 0.305843 3
0.93935 0.144042 4
0.961221 0.353326 3
0.884936 3.6134e-05 14
0.884287 3.54223e-05 14
0.988967 1 1
0.871218 2.05363e-07 20
0.956222 0.324914 3
0.93107 0.0368078 6
0.958302 0.336001 3
0.942197 0.151215 4
0.933166 0.0707734 5
0.935285 0.0739487 5
0.956294 0.325281 3
0.941922 0.150483 4
0.941189 0.148572 4
0.951972 0.184039 4
0.973412 0.636027 2
0.944359 0.15729 4
0.937612 0.0778128 5
0.935268 0.0739219 5
0.930572 0.0363499 6
0.966148 0.388012 3
0.882628 0.00165909 9
0.899617 0.0211113 6
0.890177 0.00877917 7
0.874149 0.000654957 10
0.973622 1 1
0.902721 0.0462 5
0.906783 0.0480842 5
0.885711 0.00380326 8
0.890069 0.00876742 7
0.930685 0.244389 3
0.904616 0.0470478 5
0.944876 0.511756 2
0.899857 0.0211715 6
0.90186 0.0458311 5
0.945482 0.513207 2
0.933914 0.132553 4
0.976286 0.658565 2
0.945749 0.281748 3
0.945253 0.280131 3
0.918259 0.0551271 5
0.957507 0.550077 2
0.934959 0.134562 4
0.959082 0.556323 2
0.97308 0.633592 2
0.968719 0.604582 2
0.939191 0.262777 3
0.919362 0.0559803 5
0.941983 0.270252 3
0.922893 0.0589818 5
0.954009 0.537533 2
29 0 1 2 3 5 6 7 8 9 10 11 12 13 14 15 16 17 18 19 20 21 22 23 24 25 26 27 28 29 
21 0 1 4 5 6 8 9 10 14 15 17 20 21 22 23 24 25 26 27 28 29 
20 0 1 4 5 6 9 10 14 15 17 20 21 22 23 24 25 26 27 28 29 
28 0 1 2 3 4 5 6 7 8 9 10 12 13 14 15 16 17 18 20 21 22 23 24 25 26 27 28 29 
7 1 9 10 15 17 24 28 
16 0 1 4 5 6 9 10 14 15 17 20 21 22 24 27 28 
24 0 1 2 3 5 6 7 9 10 12 13 14 15 17 20 21 22 23 24 25 26 27 28 29 
24 0 1 4 5 6 7 8 9 10 13 14 15 16 17 20 21 22 23 24 25 26 27 28 29 
20 0 1 5 6 9 10 12 14 15 17 20 21 22 23 24 25 26 27 28 29 
14 0 1 5 6 9 10 14 15 17 20 21 22 24 28 
17 0 1 5 6 9 10 14 15 17 20 21 22 23 24 26 27 28 
5 1 9 15 24 28 
18 0 1 4 5 6 9 10 14 15 17 20 21 22 23 24 26 27 28 
14 0 1 5 6 9 10 14 15 17 20 21 22 24 28 
11 0 1 6 9 10 14 15 17 20 24 28 
