40 15 6e+06
1.10789 145321
1.63885 117347
1.32797 129331
2.70706 101916
1.05305 173840
1.98129 173200
1.01096 199146
2.43694 167350
2.27351 179349
3.40345 170862
9.21897 125144
1.01025 173599
1.91265 138698
4.78443 156640
1.55055 112490
1.13735 163518
1.50734 141352
1.7499 150174
2.42113 133788
1.37944 187038
2.19139 186183
5.41157 170624
2.17101 162170
1.26969 114371
2.64322 156419
1.92943 148758
4.52226 182822
5.23918 192766
1.56435 156951
2.01261 197380
3.00452 180490
2.71862 110438
5.15202 172776
1.56339 137004
1.70676 150199
4.68353 135738
2.25095 106650
2.39425 173145
1.87483 165637
2.40804 144279
0.988335 1 1
0.961125 0.565033 2
0.976818 1 1
0.987525 1 1
0.949771 0.524459 2
0.962917 0.573288 2
0.94951 0.523719 2
0.912994 0.051524 5
0.913811 0.106418 4
0.934247 0.251379 3
0.947753 0.518939 2
0.89826 0.0207794 6
0.971291 1 1
0.926039 0.236524 3
0.897721 0.0206516 6
0.93935 0.4999 2
0.982459 1 1
0.959871 0.5596 2
0.957684 0.55076 2
0.902516 0.0461112 5
0.91499 0.107476 4
0.906641 0.100778 4
0.927116 0.238235 3
0.901265 0.045582 5
0.889033 0.018863 6
0.915712 0.108146 4
0.87641 0.00151178 9
0.963015 1 1
0.963064 1 1
0.886875 0.00843658 7
0.891919 0.0194066 6
0.896305 0.0436698 5
0.919282 0.227093 3
0.909338 0.102752 4
0.876563 0.00337813 8
0.883882 0.00815385 7
0.897338 0.0440457 5
0.976918 1 1
0.95691 0.547813 2
0.877023 0.00339699 8
0.922115 0.230794 3
0.927852 0.239441 3
0.886021 0.00835343 7
0.875219 0.0014866 9
0.955605 0.543041 2
0.930872 0.244733 3
0.89166 0.00415377 8
0.923449 0.116504 4
0.923928 0.117104 4
0.954704 0.53989 2
0.949819 0.524594 2
0.974013 1 1
0.894698 0.00931092 7
0.933069 0.248964 3
0.970429 0.615333 2
0.964631 0.581766 2
0.944216 0.276857 3
0.89905 0.00990731 7
0.858397 6.79514e-07 18
0.923127 0.116108 4
0.914218 0.0522982 5
0.919819 0.0563449 5
0.943308 0.2741 3
0.932996 0.13086 4
0.894762 0.00436807 8
0.903472 0.0106206 7
0.913851 0.0520624 5
0.986814 1 1
0.958298 0.553164 2
0.892433 0.001966 9
0.937868 0.259512 3
0.926617 0.120683 4
0.909586 0.0241056 6
0.896327 0.00448606 8
0.948068 0.289752 3
0.956556 0.326627 3
0.910068 0.0119494 7
0.933079 0.131011 4
0.939024 0.143275 4
0.99545 1 1
0.982929 0.722461 2
0.975844 0.654921 2
0.883304 7.44522e-05 13
0.907418 0.00557852 8
0.983576 1 1
0.950093 0.297398 3
0.908452 0.0115892 7
0.923153 0.0592207 5
0.877745 1.33755e-05 15
0.89404 0.000957153 10
0.919426 0.0560309 5
0.910392 0.0120247 7
0.941924 0.270086 3
0.933157 0.131152 4
0.909136 0.0117387 7
0.915552 0.0265339 6
0.931563 0.12834 4
0.960479 0.562201 2
0.983824 1 1
0.910779 0.012116 7
0.95739 0.549632 2
0.952354 0.306734 3
0.905105 0.0109168 7
0.881859 7.16399e-05 13
0.968424 0.602805 2
0.890356 0.000412899 11
0.869778 9.62738e-07 18
0.902758 0.00505643 8
0.896679 0.00101883 10
0.896348 0.00101069 10
0.897102 0.00215862 9
0.920201 0.0288969 6
0.918189 0.0278157 6
0.96658 0.592165 2
0.906951 0.00552111 8
0.938713 0.142553 4
0.989096 1 1
0.868388 4.11525e-07 19
0.840404 6.2424e-12 0
0.974827 0.646783 2
0.963142 0.574368 2
0.944322 0.277185 3
0.980872 1 1
0.975666 0.653471 2
0.942758 0.272476 3
0.95312 0.534611 2
0.957648 0.550622 2
0.936376 0.256025 3
0.943785 0.275536 3
0.935767 0.254658 3
0.971843 0.624819 2
0.925366 0.118973 4
0.944887 0.278959 3
0.909926 0.0242289 6
0.927157 0.121448 4
0.941977 0.150628 4
0.901976 0.00240525 9
0.933494 0.0712443 5
0.934548 0.0728088 5
0.963458 0.5759 2
0.960296 0.347599 3
0.985533 0.752868 2
0.89965 0.0010978 10
0.933855 0.0717719 5
0.975058 0.648604 2
0.97187 0.625003 2
0.939456 0.144293 4
0.909758 0.0058849 8
0.868344 8.25014e-08 21
0.921951 0.0299187 6
0.909857 0.00589855 8
0.945365 0.160324 4
0.937904 0.140722 4
0.930863 0.067649 5
0.877075 1.2456e-06 18
0.88871 8.68276e-05 13
0.886854 3.83784e-05 14
0.946197 0.162936 4
0.90444 0.00255225 9
0.867182 3.52644e-08 22
0.902778 0.00119393 10
0.875474 1.17398e-06 18
0.926986 0.0630612 5
0.940675 0.14727 4
0.893196 0.000210221 12
0.890099 0.000410312 11
0.878754 3.01761e-05 14
0.909405 0.0117987 7
0.901358 0.00491904 8
0.887164 0.000382804 11
0.890828 0.000891107 10
0.910851 0.0121331 7
0.940967 0.267435 3
0.977679 0.670514 2
0.893668 0.000949019 10
0.934215 0.133124 4
0.965023 0.583793 2
0.873813 5.3963e-06 16
0.851941 3.06465e-10 27
0.994108 1 1
0.907578 0.0484838 5
0.879463 0.00158052 9
0.913565 0.106202 4
0.90956 0.049529 5
0.919427 0.111869 4
0.918493 0.110887 4
0.943087 0.507658 2
0.910705 0.103818 4
0.959445 0.557817 2
0.931842 0.24656 3
0.956317 0.545613 2
0.98328 1 1
0.881329 0.00162586 9
0.847823 2.19816e-07 19
0.956224 0.545275 2
0.892527 0.00196952 9
0.917202 0.0543436 5
0.922957 0.0590408 5
0.913629 0.0256853 6
0.865558 8.40429e-07 18
0.875825 2.78943e-05 14
0.880369 0.000150797 12
0.967613 0.598025 2
0.917585 0.0546244 5
0.859696 1.35913e-07 20
0.901166 0.00490088 8
0.887244 0.000827173 10
0.901101 0.00489468 8
0.90774 0.0114382 7
0.910409 0.0244066 6
0.959607 0.558494 2
0.953054 0.309806 3
0.988616 1 1
0.978819 0.680836 2
0.933101 0.13105 4
0.944338 0.277234 3
0.945927 0.282336 3
0.94273 0.272395 3
0.939891 0.264574 3
0.924662 0.0606582 5
0.960399 0.561854 2
0.917847 0.0276411 6
0.949933 0.29677 3
0.919447 0.0560475 5
0.923542 0.0595828 5
0.874906 0.000133852 12
0.861894 3.8794e-06 16
0.892396 0.00420242 8
0.884809 0.00171829 9
0.875398 0.000135238 12
0.877744 0.000313959 11
0.898949 0.00989245 7
0.924512 0.11785 4
0.960219 0.56108 2
0.883951 0.00169447 9
0.920253 0.112767 4
0.962323 0.570486 2
0.857492 6.62406e-07 18
0.835472 4.99998e-12 0
0.977352 1 1
0.907919 0.101694 4
0.881143 0.00357666 8
0.915303 0.107765 4
0.910876 0.103954 4
0.918018 0.1104 4
0.917724 0.110102 4
0.942035 0.50537 2
0.914517 0.107047 4
0.963663 0.576906 2
0.929617 0.242465 3
0.957165 0.548772 2
0.986285 1 1
0.882424 0.00363703 8
0.849691 5.37402e-07 18
0.960391 0.561821 2
0.950311 0.52601 2
0.939959 0.501095 2
0.974827 1 1
0.966095 1 1
0.930794 0.244589 3
0.9404 0.501978 2
0.948144 0.519977 2
0.949136 0.522675 2
0.953275 0.535112 2
0.925884 0.236283 3
0.96842 1 1
0.93035 0.243777 3
0.936701 0.49498 2
0.907585 0.101451 4
0.936647 0.494883 2
0.935324 0.253683 3
0.892623 0.009057 7
0.921817 0.11454 4
0.924259 0.233831 3
0.96603 0.589148 2
0.958026 0.552093 2
0.976647 1 1
0.885642 0.0037996 8
0.920346 0.112869 4
0.984786 1 1
0.956804 0.547416 2
0.929704 0.242619 3
0.902278 0.0218078 6
0.859587 8.36936e-06 15
0.909615 0.0495593 5
0.938853 0.498941 2
0.901697 0.0457623 5
0.934662 0.252255 3
0.934343 0.251581 3
0.955733 0.543499 2
0.95423 0.538276 2
0.980033 1 1
0.905801 0.0476055 5
0.94206 0.505424 2
0.966287 1 1
0.977239 1 1
0.947621 0.518593 2
0.907942 0.0486707 5
0.868087 0.000264059 11
0.930302 0.24369 3
0.967305 0.59625 2
0.971147 0.620079 2
0.95627 0.325159 3
0.965248 0.584968 2
0.931277 0.127855 4
0.943156 0.273647 3
0.92442 0.0604219 5
0.896873 0.00214823 9
0.889444 0.000403868 11
0.913235 0.0255198 6
0.92056 0.0569508 5
0.872684 5.2163e-06 16
0.990972 1 1
0.944305 0.277132 3
0.8738 5.39416e-06 16
0.921852 0.0580514 5
0.921186 0.0574766 5
0.949103 0.29358 3
0.939121 0.1435 4
0.90486 0.00527872 8
0.913093 0.0254608 6
0.9249 0.0608944 5
0.974473 0.644027 2
0.967245 0.595908 2
0.903329 0.00511483 8
0.949552 0.295295 3
0.935909 0.136467 4
0.913195 0.0255033 6
0.894575 0.000969072 10
0.954141 0.314764 3
0.952776 0.308575 3
0.992746 1 1
0.968471 0.603087 2
0.969298 0.608139 2
0.91499 0.00670547 8
0.927654 0.0338764 6
0.91725 0.0139011 7
0.921946 0.0155775 7
0.903199 0.00120802 10
0.900503 0.000544309 11
0.923463 0.030869 6
0.880537 1.42389e-06 18
0.97641 0.6596 2
0.957803 0.333251 3
0.888016 1.87102e-05 15
0.977887 0.672367 2
0.957939 0.333996 3
0.987913 1 1
0.992603 1 1
0.946294 0.163248 4
0.958824 0.338941 3
0.952906 0.309148 3
0.92509 0.0319669 6
0.926429 0.0329352 6
0.934101 0.0721369 5
0.957622 0.332267 3
0.909035 0.00578662 8
0.961972 0.358146 3
0.92222 0.030083 6
0.910105 0.00593315 8
0.891835 0.000202103 12
0.877089 5.97697e-06 16
0.908879 0.00576591 8
0.901466 0.00237688 9
0.891766 0.000201709 12
0.894554 0.000459658 11
0.915737 0.0134356 7
0.93402 0.132753 4
0.977944 0.672867 2
0.899538 0.00109461 10
0.937991 0.140915 4
0.974427 0.643673 2
0.873425 1.09078e-06 18
0.849155 9.49725e-12 0
0.99299 1 1
0.893977 0.000955752 10
0.90206 0.00240998 9
0.922628 0.058741 5
0.912501 0.0125415 7
0.875965 5.76719e-06 16
0.884022 7.59189e-05 13
0.895717 0.00099549 10
0.985112 1 1
0.950568 0.299289 3
0.875025 5.60052e-06 16
0.920072 0.0288246 6
0.920472 0.0290498 6
0.890643 0.000415823 11
0.882424 3.34997e-05 14
0.947103 0.28633 3
0.917508 0.0274704 6
0.896933 0.00102517 10
0.931166 0.0680427 5
0.924963 0.0609569 5
0.918359 0.027903 6
0.921442 0.029613 6
0.942967 0.153313 4
0.935322 0.135282 4
0.983241 0.725932 2
0.925077 0.0610706 5
0.966104 0.589549 2
0.974997 0.648116 2
0.895785 0.000997099 10
0.866048 7.54206e-08 21
0.971539 0.622733 2
0.965674 0.384347 3
0.983784 0.732079 2
0.976402 0.659539 2
0.980778 0.699771 2
0.92736 0.0336453 6
0.940193 0.0826192 5
0.928733 0.0347509 6
0.91956 0.0146787 7
0.907614 0.00276862 9
0.912419 0.00627649 8
0.932688 0.0700981 5
0.887081 1.80981e-05 15
0.98234 0.71604 2
0.947121 0.165954 4
0.891902 4.54732e-05 14
0.956017 0.544521 2
0.966459 0.591496 2
0.987548 1 1
0.978717 1 1
0.923463 0.116523 4
0.935576 0.254236 3
0.932752 0.248333 3
0.941819 0.269791 3
0.927955 0.122609 4
0.912748 0.0513728 5
0.945031 0.279418 3
0.904122 0.0223303 6
0.958531 0.554093 2
0.933923 0.250704 3
0.91231 0.0511066 5
0.976052 0.656626 2
0.950653 0.299629 3
0.98343 1 1
0.984981 1 1
0.950204 0.297838 3
0.962094 0.569419 2
0.959438 0.557788 2
0.925742 0.0617457 5
0.93162 0.128437 4
0.939574 0.263756 3
0.964936 0.583342 2
0.915477 0.0264997 6
0.954913 0.318427 3
0.915233 0.0263883 6
0.915235 0.0263893 6
0.897248 0.000494931 11
0.898447 0.000512185 11
0.92367 0.0310043 6
0.913879 0.0129064 7
0.883367 1.59471e-05 15
0.890355 9.12878e-05 13
0.904692 0.00256827 9
0.974682 0.645646 2
0.965472 0.58615 2
0.884397 1.65022e-05 15
0.929745 0.0662448 5
0.935693 0.0745963 5
0.889263 8.82865e-05 13
0.875452 1.17302e-06 18
0.96295 0.364664 3
0.918427 0.110818 4
0.942084 0.505474 2
0.949545 0.523818 2
0.940207 0.265404 3
0.889251 0.00400315 8
0.900251 0.0212715 6
0.902508 0.0218711 6
0.967472 0.597212 2
0.92684 0.23779 3
0.881663 0.00163427 9
0.921434 0.114096 4
0.896982 0.0204803 6
0.92666 0.237503 3
0.925521 0.235723 3
0.915294 0.107756 4
0.918831 0.0281501 6
0.922001 0.0299491 6
0.947419 0.287436 3
0.937166 0.139105 4
0.900004 0.00110796 10
0.908636 0.00573392 8
0.919315 0.0284089 6
0.98099 0.70192 2
0.961666 0.356164 3
0.897774 0.000502374 11
0.943463 0.154701 4
0.930126 0.0667165 5
0.912679 0.0125874 7
0.896978 0.000491182 11
0.949928 0.296753 3
0.891555 0.00414692 8
0.867332 1.00665e-05 15
0.900765 0.0101697 7
0.895642 0.00443358 8
0.90139 0.0102697 7
0.900825 0.0101792 7
0.924768 0.118183 4
0.909457 0.0240593 6
0.958824 0.555273 2
0.913675 0.0519508 5
0.940146 0.265243 3
0.99118 1 1
0.867464 1.01e-05 15
0.837092 5.37273e-12 0
0.963664 0.576908 2
0.962198 0.569902 2
0.936329 0.255919 3
0.972059 1 1
0.969072 1 1
0.948897 0.522016 2
0.95794 0.551757 2
0.966334 1 1
0.931194 0.245333 3
0.946155 0.514857 2
0.943848 0.50937 2
0.980738 1 1
0.931254 0.245445 3
0.938845 0.498926 2
0.901847 0.0458258 5
0.929697 0.242606 3
0.860268 5.22012e-09 24
0.880909 1.47347e-05 15
0.889639 0.00019009 12
0.880146 1.43874e-05 15
0.837687 5.51796e-12 0
0.846628 8.38049e-12 0
0.854784 1.51971e-10 28
0.947664 0.288303 3
0.904996 0.00529381 8
0.834719 4.83698e-12 0
0.877253 6.00838e-06 16
0.877439 6.04449e-06 16
0.865766 7.46112e-08 21
0.873135 1.0797e-06 18
0.904313 0.00521892 8
0.898993 0.00989891 7
0.877466 0.000141344 12
0.910954 0.0246117 6
0.905063 0.0226107 6
0.904655 0.022488 6
0.905691 0.0228034 6
0.928827 0.123919 4
0.922099 0.114871 4
0.97223 0.627517 2
0.91474 0.0526397 5
0.947841 0.288934 3
0.994051 1 1
0.876502 0.000138438 12
0.847436 5.87586e-10 26
0.975179 0.649561 2
0.869675 0.000271229 11
0.890036 0.00876385 7
0.899367 0.0210488 6
0.889765 0.00873453 7
0.846654 9.12428e-08 20
0.855776 3.34034e-06 16
0.863674 4.74459e-05 13
0.95745 0.549861 2
0.91255 0.10533 4
0.843366 1.51133e-08 22
0.886164 0.00382753 8
0.884028 0.00371603 8
0.874955 0.000663476 10
0.880914 0.00161554 9
0.910563 0.103704 4
0.904996 0.0108965 7
0.89657 0.00213472 9
0.926946 0.0630177 5
0.918239 0.0551121 5
0.89718 0.00216216 9
0.902582 0.00503868 8
0.920253 0.0566979 5
0.957357 0.549506 2
0.987651 1 1
0.90078 0.00486464 8
0.945463 0.280813 3
0.957072 0.548421 2
0.890763 0.000889858 10
0.869525 2.13025e-06 17
0.981534 1 1
0.962599 0.362292 3
0.988243 1 1
0.970174 0.613678 2
0.974963 0.647849 2
0.924101 0.0312896 6
0.936832 0.07647 5
0.92398 0.031209 6
0.915177 0.0132712 7
0.901902 0.00116552 10
0.908509 0.00571719 8
0.92696 0.0333364 6
0.881427 6.90674e-06 16
0.986893 0.770136 2
0.952096 0.305624 3
0.886321 3.77331e-05 14
32 0 1 2 4 6 7 8 10 11 13 14 15 17 20 21 22 23 24 25 26 27 28 29 30 31 32 34 35 36 37 38 39 
28 1 2 4 6 7 8 10 11 12 13 14 15 16 17 21 22 24 25 26 28 30 31 32 33 35 36 37 38 
27 1 2 4 6 7 10 11 12 13 14 15 16 17 21 22 24 25 26 28 30 31 32 33 35 36 37 38 
18 1 2 4 10 13 14 20 21 22 25 27 28 30 31 32 35 37 39 
37 0 1 2 3 4 6 7 8 9 10 11 12 13 14 15 16 17 19 20 21 22 23 24 25 26 27 28 29 30 31 32 33 34 36 37 38 39 
31 0 1 2 4 6 7 8 10 11 13 14 15 17 20 21 22 23 24 25 26 27 28 29 30 31 32 34 36 37 38 39 
38 0 1 2 3 4 6 7 8 9 10 11 12 13 14 15 16 17 19 20 21 22 23 24 25 26 27 28 29 30 31 32 33 34 35 36 37 38 39 
7 1 10 13 22 31 35 37 
19 1 2 4 6 10 11 13 15 21 22 24 25 28 30 31 32 35 37 38 
39 0 1 2 3 4 5 6 7 8 9 10 11 12 13 14 15 16 17 18 19 20 21 22 23 24 25 26 27 28 29 30 31 32 33 34 36 37 38 39 
33 1 2 4 6 7 8 10 11 12 13 14 15 16 17 21 22 23 24 25 26 27 28 29 30 31 32 33 34 35 36 37 38 39 
32 0 1 2 4 6 7 8 10 11 13 14 15 17 20 21 22 23 24 25 26 27 28 29 30 31 32 34 35 36 37 38 39 
10 1 10 13 22 25 27 31 35 37 39 
0 
20 1 2 4 6 10 11 13 15 21 22 25 27 28 30 31 32 35 37 38 39 
