50 15 8e+06
2.14946 168435
1.98471 179394
1.5145 143541
2.98126 117687
1.17016 167768
1.94592 133696
1.15798 158452
1.8828 190066
1.92635 127133
2.88902 165095
2.82856 105713
1.27724 144745
1.60252 149638
2.08934 166744
1.7686 144518
2.61094 143680
2.30569 114103
2.63213 129058
1.77486 130419
2.62091 138389
1.74766 135102
2.70221 176484
1.16011 193178
2.14814 111749
2.43229 101815
1.04891 138994
1.34792 151863
1.91674 159151
2.78738 119502
2.17679 140461
2.32124 176155
2.4128 101580
2.57302 100551
1.62695 142092
1.50549 197095
1.76351 139982
2.90098 199571
1.82738 134239
2.37942 196012
2.35934 191190
2.30648 109023
2.08554 153100
2.18457 101643
2.18077 185058
1.0308 125866
2.19145 192877
1.01331 147176
1.20535 134911
1.2073 105460
1.74736 191928
0.971158 1 1
0.974443 1 1
0.874747 0.00147688 9
0.879103 0.00348507 8
0.915554 0.222694 3
0.984903 1 1
0.85484 1.73975e-05 14
0.99231 1 1
0.942681 0.506765 2
0.889356 0.0189217 6
0.925166 0.235182 3
0.90463 0.0994056 4
0.882664 0.00804549 7
0.85485 1.74009e-05 14
0.862192 0.000105145 12
0.888821 8.71189e-05 13
0.902413 0.00243014 9
0.955828 0.322922 3
0.98456 0.741112 2
0.940959 0.147986 4
0.869843 1.9474e-07 20
0.958482 0.337008 3
0.876157 2.641e-06 17
0.935825 0.136295 4
0.937608 0.140067 4
0.898738 0.00107239 10
0.909021 0.00578484 8
0.985425 0.751541 2
0.96283 0.363848 3
0.976845 0.663278 2
0.935194 0.0738062 5
0.950563 0.17837 4
0.935184 0.0737905 5
0.943786 0.155625 4
0.964479 0.375424 3
0.915851 0.0068615 8
0.918512 0.00738897 8
0.922903 0.0159683 7
0.984444 0.739743 2
0.939514 0.0812967 5
0.93242 0.0381072 6
0.930824 0.0365807 6
0.947562 0.16744 4
0.919346 0.0146031 7
0.927408 0.0336827 6
0.935108 0.492226 2
0.949713 0.524293 2
0.8703 0.00139118 9
0.891699 0.0193635 6
0.903855 0.098897 4
0.955792 0.543712 2
0.856417 4.13553e-05 13
0.952464 0.532516 2
0.944819 0.511622 2
0.877478 0.00341581 8
0.897149 0.0439762 5
0.882234 0.00800805 7
0.895039 0.0432238 5
0.858354 4.28538e-05 13
0.872121 0.00142503 9
0.913448 0.1061 4
0.912834 0.105571 4
0.949223 0.522919 2
0.902529 0.046117 5
0.961593 1 1
0.877931 0.00343483 8
0.920805 0.229041 3
0.887965 0.00854592 7
0.918577 0.226222 3
0.976297 1 1
0.955139 0.541399 2
0.98082 1 1
0.904545 0.0470153 5
0.915309 0.10777 4
0.90143 0.0456507 5
0.861517 1.99388e-05 14
0.876052 0.000675441 10
0.930446 0.243952 3
0.976051 1 1
0.909304 0.0493899 5
0.847011 9.21783e-08 20
0.947498 0.518271 2
0.852023 1.32195e-06 17
0.91005 0.103301 4
0.9083 0.0488561 5
0.868528 0.000117952 12
0.878851 0.00156622 9
0.972131 1 1
0.955149 0.541434 2
0.982198 1 1
0.88664 0.00017557 12
0.904613 0.00525151 8
0.877764 1.33832e-05 15
0.923293 0.05935 5
0.892106 0.000431298 11
0.89384 0.000451049 11
0.876022 5.77765e-06 16
0.893316 0.00044492 11
0.928967 0.0653085 5
0.872085 1.04096e-06 18
0.865503 7.38665e-08 21
0.86077 1.20734e-08 23
0.925208 0.0612024 5
0.880885 3.20365e-05 14
0.903389 0.00512104 8
0.958681 0.554696 2
0.975811 0.654654 2
0.888559 0.00084956 10
0.900472 0.00483619 8
0.926282 0.120217 4
0.962804 0.572747 2
0.87119 4.99199e-06 16
0.966334 0.590804 2
0.96337 0.575469 2
0.899001 0.00470519 8
0.922198 0.0583566 5
0.906523 0.0111903 7
0.904082 0.0107289 7
0.872085 1.13934e-05 15
0.882185 0.000157301 12
0.876265 0.00150865 9
0.893802 0.0197866 6
0.900062 0.0450921 5
0.954103 0.537849 2
0.901745 0.0457827 5
0.873217 0.00144622 9
0.90466 0.047068 5
0.875404 0.00149046 9
0.926398 0.237086 3
0.887763 0.00852535 7
0.866863 0.000258759 11
0.868344 0.000599288 10
0.954724 0.539959 2
0.910671 0.103791 4
0.936063 0.49386 2
0.905669 0.0475421 5
0.923152 0.232237 3
0.922061 0.230721 3
0.9627 0.572256 2
0.932908 0.248644 3
0.896848 0.0204497 6
0.917692 0.11007 4
0.900926 0.0454423 5
0.958531 0.554093 2
0.915063 0.107543 4
0.898059 0.0207316 6
0.898569 0.0208536 6
0.966005 1 1
0.92174 0.230285 3
0.941012 0.503225 2
0.967412 1 1
0.983838 1 1
0.911245 0.104251 4
0.911826 0.104726 4
0.952602 0.532952 2
0.945385 0.512973 2
0.890511 0.0191357 6
0.954044 0.53765 2
0.976465 1 1
0.924664 0.23443 3
0.946615 0.516006 2
0.932946 0.248719 3
0.9155 0.107947 4
0.890265 0.0190897 6
0.895973 0.0202526 6
0.989192 1 1
0.975021 0.648311 2
0.896465 0.00449685 8
0.884977 0.000791216 10
0.939927 0.264669 3
0.949232 0.294071 3
0.872259 2.54775e-05 14
0.960345 0.561623 2
0.944594 0.278033 3
0.916532 0.0538641 5
0.962243 0.570113 2
0.939003 0.262304 3
0.888443 0.000847543 10
0.870566 1.09404e-05 15
0.871698 2.51284e-05 14
0.923317 0.232471 3
0.941413 0.504055 2
0.919347 0.111784 4
0.947292 0.517736 2
0.941144 0.503497 2
0.914408 0.106948 4
0.909084 0.0492713 5
0.918865 0.111275 4
0.976465 1 1
0.918486 0.11088 4
0.911256 0.10426 4
0.908105 0.0487548 5
0.950975 0.527959 2
0.911796 0.104701 4
0.926914 0.237908 3
0.898946 0.00470045 8
0.905878 0.011064 7
0.988873 1 1
0.937541 0.139921 4
0.963517 0.576186 2
0.86946 2.12603e-06 17
0.958984 0.555922 2
0.878204 6.52776e-05 13
0.927273 0.121615 4
0.981742 1 1
0.926804 0.120947 4
0.945743 0.281729 3
0.938824 0.261855 3
0.954172 0.31491 3
0.939792 0.264318 3
0.916692 0.109082 4
0.925911 0.236324 3
0.968997 1 1
0.945423 0.513064 2
0.980139 1 1
0.888975 0.0188525 6
0.945354 0.512898 2
0.897482 0.0440989 5
0.949686 0.524218 2
0.972305 1 1
0.936375 0.494405 2
0.948128 0.519934 2
0.947952 0.519466 2
0.943415 0.508389 2
0.939424 0.500043 2
0.913771 0.0520115 5
0.925034 0.118532 4
0.965539 0.586507 2
0.955511 0.542709 2
0.971975 0.625732 2
0.888955 0.00184418 9
0.947312 0.287061 3
0.896824 0.00452509 8
0.953306 0.535212 2
0.962086 0.569382 2
0.928329 0.123165 4
0.938062 0.259981 3
0.958258 0.553007 2
0.946874 0.285536 3
0.947303 0.287029 3
0.94752 0.287792 3
0.962448 0.571068 2
0.877713 6.4497e-05 13
0.89436 0.00204103 9
0.913562 0.0256573 6
0.963591 0.57655 2
0.861994 3.32558e-07 19
0.962699 0.572249 2
0.952827 0.533667 2
0.886705 0.000818343 10
0.909031 0.0239077 6
0.893318 0.00199971 9
0.897851 0.00460812 8
0.863397 7.86486e-07 18
0.875345 6.09453e-05 13
0.909044 0.00287755 9
0.912016 0.00621394 8
0.966489 0.390701 3
0.917964 0.0141324 7
0.968545 0.603528 2
0.875742 2.46679e-07 20
0.937293 0.0772576 5
0.885328 7.94468e-06 16
0.924856 0.0318043 6
0.994071 1 1
0.944654 0.158167 4
0.967179 0.39626 3
0.919773 0.014755 7
0.931948 0.0690802 5
0.917867 0.0141005 7
0.929985 0.125731 4
0.948144 0.290031 3
0.886805 0.000379668 11
0.913162 0.0254895 6
0.916265 0.0268663 6
0.938325 0.141666 4
0.875007 1.23534e-05 15
0.938561 0.142204 4
0.959919 0.559802 2
0.89063 0.000887321 10
0.900406 0.00483013 8
0.889572 0.00040511 11
0.916503 0.0269795 6
0.877511 2.91709e-05 14
0.892888 0.0009324 10
0.883898 0.00815534 7
0.894146 0.0198583 6
0.980394 1 1
0.958074 0.552282 2
0.945102 0.512294 2
0.859267 4.35904e-05 13
0.980064 1 1
0.866848 0.000258693 11
0.92248 0.231296 3
0.95464 0.539669 2
0.904348 0.0469247 5
0.920437 0.228562 3
0.958014 0.552047 2
0.978814 1 1
0.965827 1 1
0.92574 0.0617432 5
0.92183 0.0580326 5
0.933361 0.131526 4
0.892609 0.000926587 10
0.958227 0.552883 2
0.888695 0.000396713 11
0.905034 0.0109035 7
0.899054 0.00470982 8
0.920088 0.0565624 5
0.960743 0.563347 2
0.971261 0.620848 2
0.994764 1 1
0.895024 0.00206826 9
0.900125 0.00480464 8
0.888877 0.000398432 11
0.93791 0.259614 3
0.931429 0.245775 3
0.922326 0.11514 4
0.887279 0.0038889 8
0.954844 0.540372 2
0.900051 0.0212204 6
0.894315 0.00926266 7
0.910591 0.050102 5
0.923479 0.232701 3
0.949053 0.522447 2
0.985308 1 1
0.985112 1 1
0.889997 0.00875962 7
0.89002 0.0087621 7
0.881304 0.00162525 9
0.877542 5.80746e-07 19
0.886198 1.75479e-05 15
0.984625 0.741879 2
0.944775 0.158529 4
0.940181 0.146044 4
0.851025 1.0442e-11 0
0.984503 0.74044 2
0.858994 3.63188e-11 30
0.912012 0.00621327 8
0.956731 0.327539 3
0.902456 0.00118332 10
0.921237 0.0152994 7
0.944445 0.157547 4
0.978113 0.674383 2
0.955651 0.322039 3
0.877242 0.000688898 10
0.894461 0.00928097 7
0.907919 0.0486585 5
0.96309 0.574116 2
0.907076 0.0482301 5
0.871641 0.000280612 11
0.913296 0.105968 4
0.874514 0.000658793 10
0.928236 0.240083 3
0.894472 0.00928242 7
0.870667 0.000275892 11
0.873497 0.000290034 11
0.963497 0.57609 2
0.919409 0.111851 4
0.945054 0.512179 2
0.892445 0.000435041 11
0.909952 0.00591185 8
0.869229 1.90243e-07 20
0.910303 0.00596121 8
0.888471 0.000184193 12
0.904591 0.00256183 9
0.864829 3.20405e-08 22
0.9027 0.00244673 9
0.928552 0.0648214 5
0.866454 7.66103e-08 21
0.866338 7.62681e-08 21
0.858911 9.56142e-10 26
0.91259 0.0125645 7
0.869135 1.8957e-07 20
0.890119 0.00019261 12
0.888745 0.00183733 9
0.898377 0.00980883 7
0.986374 1 1
0.954081 0.537775 2
0.951091 0.528304 2
0.862979 1.75912e-06 17
0.975116 0.649063 2
0.870847 2.46145e-05 14
0.925443 0.119075 4
0.961519 0.566794 2
0.910586 0.0244728 6
0.927078 0.121335 4
0.954544 0.539342 2
0.972475 0.629241 2
0.959481 0.557967 2
0.866634 3.87381e-07 19
0.882226 7.23354e-05 13
0.923005 0.0590849 5
0.978218 0.675334 2
0.909047 0.0117191 7
0.854981 1.83908e-09 25
0.935592 0.135822 4
0.859314 1.13971e-08 23
0.916798 0.0271213 6
0.903723 0.0051559 8
0.86908 9.4077e-07 18
0.876886 1.3041e-05 15
0.975329 0.650753 2
0.94274 0.272425 3
0.970305 0.614529 2
0.921306 0.0295326 6
0.928029 0.06422 5
0.96565 0.587098 2
0.933661 0.0714873 5
0.987485 1 1
0.89068 0.00019563 12
0.938454 0.141961 4
0.899815 0.00110251 10
0.946041 0.162439 4
0.980495 0.696938 2
0.946459 0.28412 3
0.960016 0.34591 3
0.936151 0.136963 4
0.935367 0.135372 4
0.928561 0.0648319 5
0.933309 0.0709777 5
0.94223 0.151302 4
0.952518 0.307445 3
0.935378 0.0740951 5
0.991266 1 1
0.904429 0.00125093 10
0.92855 0.0345992 6
0.913342 0.00642434 8
0.961611 0.35581 3
0.964618 0.376438 3
0.949329 0.173692 4
0.954783 0.317802 3
0.938501 0.0794034 5
0.926888 0.0332819 6
0.925656 0.032369 6
0.918144 0.110528 4
0.93661 0.256559 3
0.911994 0.0509173 5
0.945007 0.512067 2
0.932221 0.247292 3
0.913048 0.0515576 5
0.9036 0.022179 6
0.916451 0.108848 4
0.969048 0.606593 2
0.910029 0.0497873 5
0.903322 0.0220994 6
0.899579 0.0211015 6
0.948439 0.520768 2
0.906838 0.0481114 5
0.923953 0.117136 4
0.978497 1 1
0.975347 1 1
0.908763 0.102318 4
0.896274 0.0203197 6
0.952863 0.533782 2
0.941006 0.503212 2
0.884356 0.00373265 8
0.951833 0.530552 2
0.953906 0.537188 2
0.928431 0.240412 3
0.96811 1 1
0.947992 0.519571 2
0.899735 0.0449619 5
0.882634 0.00364715 8
0.883385 0.00368389 8
0.852476 1.36451e-10 28
0.863899 6.95377e-08 21
0.946969 0.285866 3
0.951263 0.302117 3
0.909789 0.0118855 7
0.831538 4.21354e-12 0
0.975498 0.652111 2
0.838072 5.61415e-12 0
0.894448 0.000966213 10
0.920103 0.028842 6
0.870268 9.78613e-07 18
0.886342 0.000174233 12
0.94841 0.291001 3
0.982073 0.713182 2
0.973074 0.63355 2
0.931342 0.127965 4
0.948112 0.289913 3
0.877752 1.33785e-05 15
0.902345 0.00501504 8
0.909052 0.0117201 7
0.945851 0.282083 3
0.865175 1.63952e-07 20
0.94433 0.277208 3
0.95182 0.30445 3
0.88302 7.38839e-05 13
0.89744 0.00217406 9
0.884627 0.000166874 12
0.905657 0.00536848 8
0.867478 3.98731e-07 19
0.882341 7.25559e-05 13
0.868512 1.03721e-05 15
0.885845 0.000804614 10
0.896917 0.00453246 8
0.952228 0.531776 2
0.895657 0.0044347 8
0.865369 4.24611e-06 16
0.903808 0.0222389 6
0.8675 1.01091e-05 15
0.918426 0.0552539 5
0.883128 0.000764104 10
0.860164 7.14763e-07 18
0.862484 1.73509e-06 17
0.952142 0.531509 2
0.910208 0.0243323 6
0.936348 0.25596 3
0.929377 0.242042 3
0.945236 0.512615 2
0.872389 0.000637062 10
0.897001 0.0204845 6
0.903957 0.046747 5
0.947342 0.517866 2
0.859822 4.40475e-05 13
0.944635 0.51119 2
0.946238 0.515062 2
0.87794 0.00154542 9
0.893851 0.0197969 6
0.880364 0.00354106 8
0.900266 0.0451741 5
0.862128 4.60325e-05 13
0.877057 0.00152581 9
0.987939 1 1
0.991943 1 1
0.894735 0.00205629 9
0.891661 0.000907361 10
0.937539 0.139916 4
0.960857 0.563847 2
0.872686 5.21662e-06 16
0.971505 0.622499 2
0.955393 0.320765 3
0.911405 0.0247847 6
0.948009 0.28954 3
0.927849 0.122452 4
0.895252 0.0020778 9
0.871937 5.10227e-06 16
0.876366 1.28447e-05 15
0.878845 0.00156607 9
0.894894 0.020017 6
0.926417 0.237117 3
0.984039 1 1
0.918703 0.111105 4
0.867545 0.000115794 12
0.933619 0.25008 3
0.871898 0.000281884 11
0.929953 0.243061 3
0.91007 0.0498099 5
0.879201 0.00157435 9
0.885368 0.00378512 8
0.983413 1 1
0.939888 0.500954 2
0.965763 0.587705 2
0.965442 0.585993 2
0.958816 0.555241 2
0.86122 6.3059e-08 21
0.862053 6.49803e-08 21
0.902482 0.00502864 8
0.985784 1 1
0.840333 6.22199e-12 0
0.987525 1 1
0.924639 0.060636 5
0.877751 2.93611e-05 14
0.919876 0.0563913 5
0.897199 0.00216301 9
0.86555 3.73469e-07 19
0.839905 6.10134e-12 0
0.845898 8.08856e-12 0
0.962151 0.359319 3
0.980325 0.695247 2
0.892561 0.000206368 12
0.902538 0.00118601 10
0.930991 0.0678152 5
0.960986 0.351846 3
0.874562 5.16169e-07 19
0.966005 0.589011 2
0.966763 0.593182 2
0.903571 0.0024985 9
0.926999 0.0333667 6
0.911416 0.00612303 8
0.906179 0.00266671 9
0.875255 1.16462e-06 18
0.884603 1.66168e-05 15
0.870118 1.08123e-05 15
0.883339 0.000351719 11
0.949227 0.29405 3
0.977882 1 1
0.923462 0.116521 4
0.851683 3.71282e-09 24
0.965619 0.586935 2
0.857719 5.57874e-08 21
0.916252 0.0536668 5
0.925676 0.119388 4
0.881966 0.000156488 12
0.894375 0.00204162 9
0.974893 0.6473 2
0.972898 0.632268 2
0.997396 1 1
0.904027 0.0467788 5
0.911942 0.104822 4
0.984142 1 1
0.942832 0.507096 2
0.968817 1 1
0.875386 0.000668124 10
0.956848 0.54758 2
0.883983 0.00371377 8
0.934728 0.252396 3
0.979152 1 1
0.928984 0.241359 3
0.945705 0.513749 2
0.944467 0.510797 2
0.953254 0.535043 2
0.942597 0.506581 2
0.902124 0.0217658 6
0.920271 0.112786 4
0.90863 0.0490295 5
0.951911 0.530794 2
0.921257 0.113894 4
0.898441 0.00981812 7
0.905195 0.0226508 6
0.901155 0.0215061 6
0.952858 0.533767 2
0.902251 0.0218004 6
0.889358 0.0040096 8
0.887804 0.00391858 8
0.954656 0.539726 2
0.909586 0.0495433 5
0.930424 0.243912 3
0.870899 0.000123455 12
0.885429 0.0037883 8
0.937731 0.259184 3
0.986444 1 1
0.919058 0.111477 4
0.855598 1.44538e-06 17
0.951024 0.528104 2
0.860876 8.61964e-06 15
0.919643 0.112102 4
0.916759 0.109147 4
0.877921 0.000696807 10
0.88784 0.00392063 8
0.982459 1 1
0.958115 0.552442 2
0.985839 1 1
0.956418 0.545986 2
0.963272 0.574996 2
0.867216 1.00371e-05 15
0.877169 0.000310509 11
0.906176 0.022955 6
0.985691 1 1
0.849129 7.83138e-09 23
0.981253 1 1
0.938632 0.261377 3
0.879728 0.000326442 11
0.911735 0.0507635 5
0.892369 0.0042006 8
0.880674 0.000332731 11
0.849756 8.00461e-09 23
0.859263 6.96468e-07 18
0.892307 0.000433513 11
0.908798 0.0116643 7
0.92875 0.0650522 5
0.979305 0.685386 2
0.928861 0.0651835 5
0.881096 3.22308e-05 14
0.929892 0.0664257 5
0.885575 7.92654e-05 13
0.944363 0.277311 3
0.916349 0.0269061 6
0.890373 0.000413071 11
0.894577 0.000969104 10
0.981926 0.711622 2
0.934986 0.134615 4
0.957207 0.330039 3
0.962673 0.362791 3
0.972673 0.630651 2
0.922495 0.0157993 7
0.915473 0.00679223 8
0.965934 0.386349 3
0.933527 0.0712927 5
0.899787 0.000532739 11
0.943004 0.153417 4
0.97264 0.630415 2
0.937948 0.0784066 5
0.957447 0.331325 3
0.946416 0.163641 4
0.919041 0.0144967 7
0.8988 0.000517466 11
0.9016 0.000562872 11
0.909536 0.0495158 5
0.927774 0.239312 3
0.911779 0.0507897 5
0.950478 0.526495 2
0.927524 0.121977 4
0.904742 0.022514 6
0.906048 0.0229148 6
0.90788 0.0486384 5
0.960765 0.563446 2
0.907212 0.0482988 5
0.896448 0.00953965 7
0.894196 0.00924785 7
0.953637 0.536297 2
0.909906 0.0497191 5
0.928998 0.241383 3
0.947121 0.165954 4
0.94433 0.157206 4
0.929448 0.065884 5
0.900226 0.00111442 10
0.968639 0.604099 2
0.909768 0.00588623 8
0.901847 0.00116377 10
0.920294 0.0149441 7
0.939495 0.144385 4
0.954374 0.315855 3
0.985679 0.754668 2
0.980527 0.697256 2
0.903173 0.00120715 10
0.898371 0.000511061 11
0.892395 9.73638e-05 13
0.969639 0.610267 2
0.973553 1 1
0.917655 0.110032 4
0.906132 0.0477648 5
0.962118 0.56953 2
0.935608 0.254305 3
0.893593 0.00917347 7
0.945906 0.514241 2
0.962331 0.570523 2
0.935995 0.255167 3
0.966054 0.589275 2
0.950793 0.527419 2
0.909614 0.0495584 5
0.892056 0.00899062 7
0.893178 0.0091232 7
0.93268 0.0700865 5
0.951607 0.303549 3
0.909154 0.0028862 9
0.933158 0.0707611 5
0.93686 0.076518 5
0.92759 0.0338258 6
0.896793 0.00048865 11
0.931415 0.0683696 5
0.980111 0.693143 2
0.911776 0.00617723 8
0.913549 0.00645846 8
0.906607 0.00269637 9
0.936787 0.0763949 5
0.899061 0.000521428 11
0.913146 0.00639239 8
29 0 2 3 5 6 7 8 9 10 12 16 18 23 24 26 29 32 33 34 35 36 37 38 41 42 43 44 46 49 
29 0 1 2 3 5 6 7 8 9 12 16 18 23 24 26 29 32 33 34 36 37 38 39 41 42 43 44 46 49 
44 0 1 2 3 5 6 7 8 9 10 11 12 14 15 16 18 19 22 23 24 25 26 27 28 29 30 31 32 33 34 35 36 37 38 39 40 41 42 43 44 45 46 48 49 
31 0 2 3 6 7 8 9 10 11 12 16 18 23 24 26 29 30 32 33 34 35 36 37 38 41 43 44 45 46 48 49 
41 0 1 2 3 5 6 7 8 9 10 12 13 14 15 16 18 19 22 23 24 25 26 27 28 29 31 32 33 34 35 36 38 39 40 41 42 43 44 45 46 49 
6 3 6 24 32 34 43 
43 0 1 2 3 5 6 7 8 9 10 11 12 14 15 16 18 19 23 24 25 26 27 28 29 30 31 32 33 34 35 36 38 39 40 41 42 43 44 45 46 47 48 49 
18 0 3 6 7 8 16 18 23 24 29 32 33 34 37 41 43 46 49 
25 0 3 5 6 7 8 9 12 16 18 23 24 26 29 32 33 34 36 37 38 41 43 44 46 49 
46 0 1 2 3 5 6 7 8 9 10 11 12 13 14 15 16 18 19 21 23 24 25 26 27 28 29 30 31 32 33 34 35 36 37 38 39 40 41 42 43 44 45 46 47 48 49 
49 0 1 2 3 4 5 6 7 8 9 10 11 12 13 14 15 16 17 18 19 20 22 23 24 25 26 27 28 29 30 31 32 33 34 35 36 37 38 39 40 41 42 43 44 45 46 47 48 49 
47 0 1 2 3 5 6 7 8 9 10 11 12 13 14 15 16 18 19 21 22 23 24 25 26 27 28 29 30 31 32 33 34 35 36 37 38 39 40 41 42 43 44 45 46 47 48 49 
25 0 3 5 6 7 8 9 12 16 18 23 24 26 29 32 33 34 36 38 41 42 43 44 46 49 
37 0 1 2 3 5 6 7 8 9 10 11 12 15 16 18 23 24 26 28 29 30 31 32 33 34 35 36 38 39 41 42 43 44 45 46 48 49 
35 0 1 2 3 5 6 7 8 9 10 11 12 15 16 18 23 24 26 28 29 30 32 33 34 35 36 38 41 42 43 44 45 46 48 49 
