50 15 8e+06
1.81133 143574
1.31149 165737
1.6509 129892
2.18432 195643
1.11408 102483
1.03843 136065
2.70586 186702
2.62146 100542
1.51198 166484
1.95542 114937
2.44474 137892
2.33771 127114
2.8649 184789
1.2456 131727
2.65283 139096
1.6336 198696
1.87843 124823
1.49572 171480
2.74243 155521
2.71375 103993
2.05047 192618
1.97967 162437
2.48379 152923
2.29452 194445
1.45328 185629
1.01502 181208
1.63174 146512
2.74857 142111
1.83892 162202
2.34908 192165
1.40154 100234
1.55285 178257
1.97022 136013
1.75388 175626
1.18765 160961
1.48303 105995
1.74313 112506
1.07671 149676
2.58781 102180
1.73448 181819
1.27135 143291
2.99479 119485
2.29435 161686
1.52923 104193
2.11131 161465
2.59038 150917
1.68154 149085
2.05748 142026
1.04243 171581
1.83362 184879
0.935665 0.254432 3
0.879367 0.00014741 12
0.903189 0.0105711 7
0.944808 0.278709 3
0.942914 0.272933 3
0.885705 0.000802429 10
0.907739 0.0234637 6
0.959281 0.557137 2
0.895094 0.0043925 8
0.847268 1.35705e-09 25
0.903051 0.0105472 7
0.902932 0.0105269 7
0.991257 1 1
0.885754 0.000803186 10
0.871059 2.47408e-05 14
0.963234 0.574809 2
0.878375 0.000144186 12
0.889643 0.00186702 9
0.958475 0.553869 2
0.948549 0.291512 3
0.927846 0.122447 4
0.935484 0.254032 3
0.92644 0.120437 4
0.926183 0.12008 4
0.924374 0.117673 4
0.954195 0.538156 2
0.91414 0.0522481 5
0.90524 0.0226646 6
0.975995 0.656156 2
0.950956 0.527903 2
0.937203 0.139186 4
0.899863 0.00229176 9
0.901585 0.00238345 9
0.924474 0.0604742 5
0.905956 0.00540299 8
0.960209 0.561037 2
0.950057 0.29726 3
0.909526 0.0118259 7
0.950554 0.299232 3
0.965126 0.584328 2
0.908482 0.0115957 7
0.93108 0.0679302 5
0.874898 5.57855e-06 16
0.967012 0.594587 2
0.98744 1 1
0.943599 0.508804 2
0.875456 0.000300632 11
0.898341 0.0207988 6
0.954923 0.540644 2
0.956538 0.546428 2
0.888413 0.00395365 8
0.909909 0.0497209 5
0.958608 0.5544 2
0.896762 0.00958223 7
0.853984 6.01648e-07 18
0.916191 0.108599 4
0.902097 0.0217585 6
0.988236 1 1
0.89513 0.00936608 7
0.878479 0.000703458 10
0.931483 0.0684583 5
0.840809 6.35987e-12 0
0.859532 9.83653e-10 26
0.945217 0.159869 4
0.971519 0.622596 2
0.871776 4.64701e-07 19
0.887889 8.47358e-05 13
0.917196 0.0273156 6
0.875399 2.5738e-06 17
0.858539 9.40104e-10 26
0.957956 0.334087 3
0.8726 1.0597e-06 18
0.935551 0.13574 4
0.907415 0.00557815 8
0.883133 3.42103e-05 14
0.950059 0.52528 2
0.865316 4.24009e-06 16
0.876129 6.20832e-05 13
0.948171 0.290128 3
0.944855 0.278857 3
0.915657 0.0532554 5
0.921613 0.114303 4
0.914055 0.0521934 5
0.913025 0.0515433 5
0.921368 0.11402 4
0.962844 0.572938 2
0.900468 0.0101231 7
0.897457 0.0045759 8
0.973739 0.638453 2
0.945996 0.282565 3
0.945863 0.282123 3
0.88946 0.000404023 11
0.894665 0.000971105 10
0.93499 0.134624 4
0.919253 0.0283751 6
0.947353 0.287205 3
0.944227 0.27689 3
0.913436 0.0256042 6
0.94056 0.146981 4
0.954678 0.317299 3
0.925212 0.0612065 5
0.923123 0.0591933 5
0.883062 7.39677e-05 13
0.984795 1 1
0.98262 1 1
0.941243 0.148712 4
0.862302 2.20867e-10 28
0.883972 7.5587e-06 16
0.955275 0.320185 3
0.968104 0.6009 2
0.881652 3.21717e-06 17
0.901749 0.000565476 11
0.944691 0.158278 4
0.888503 1.90423e-05 15
0.853873 1.21141e-11 0
0.92946 0.035366 6
0.891032 4.41104e-05 14
0.973332 0.635437 2
0.89851 0.00051313 11
0.878843 1.33231e-06 18
0.980982 1 1
0.884453 0.000783335 10
0.899429 0.00996392 7
0.980332 1 1
0.965949 0.588709 2
0.925504 0.119157 4
0.939694 0.264064 3
0.945127 0.279728 3
0.92762 0.122117 4
0.907917 0.0235237 6
0.953004 0.534235 2
0.920253 0.112767 4
0.925852 0.119627 4
0.955347 0.542127 2
0.934531 0.251978 3
0.978155 1 1
0.880708 0.000731296 10
0.896289 0.00951831 7
0.981754 1 1
0.971165 1 1
0.920476 0.113013 4
0.935099 0.253194 3
0.944492 0.510855 2
0.92286 0.115782 4
0.903408 0.0221241 6
0.956571 0.546549 2
0.916171 0.108581 4
0.928671 0.24082 3
0.951578 0.529772 2
0.929881 0.242933 3
0.972823 0.631727 2
0.924225 0.0602324 5
0.9387 0.142525 4
0.95893 0.555701 2
0.933022 0.130907 4
0.957167 0.548781 2
0.979062 0.683099 2
0.961495 0.566688 2
0.964742 0.582339 2
0.912542 0.0252352 6
0.912034 0.0250311 6
0.961481 0.566626 2
0.919765 0.0563014 5
0.938755 0.142649 4
0.935113 0.134866 4
0.991709 1 1
0.902905 0.00507129 8
0.91781 0.0547907 5
0.976796 0.662859 2
0.952111 0.305688 3
0.941755 0.269611 3
0.958662 0.554617 2
0.957043 0.548312 2
0.945673 0.281497 3
0.912372 0.0251664 6
0.933551 0.131877 4
0.939405 0.263323 3
0.925803 0.0618088 5
0.951183 0.301791 3
0.938199 0.260312 3
0.941384 0.149075 4
0.865784 3.32976e-08 22
0.874077 1.11627e-06 18
0.9366 0.1379 4
0.930363 0.067013 5
0.919789 0.0286672 6
0.921516 0.0296568 6
0.90547 0.00261889 9
0.915013 0.0132241 7
0.934627 0.133915 4
0.9494 0.294711 3
0.900184 0.00111319 10
0.885086 3.63015e-05 14
0.984587 0.741427 2
0.957732 0.332865 3
0.932159 0.24717 3
0.845487 4.83243e-07 18
0.856828 1.80999e-05 14
0.934207 0.490731 2
0.94 0.501178 2
0.894519 0.0199371 6
0.900463 0.0452536 5
0.898332 0.0444179 5
0.891851 0.0193933 6
0.906382 0.100597 4
0.974698 1 1
0.879925 0.00352133 8
0.889504 0.0189488 6
0.954495 0.539175 2
0.927948 0.2396 3
0.933551 0.249941 3
0.947655 0.518683 2
0.973523 1 1
0.92655 0.12059 4
0.904431 0.0224215 6
0.93146 0.245833 3
0.950761 0.527324 2
0.959749 0.559086 2
0.944308 0.277142 3
0.875128 0.000134475 12
0.874212 0.000131942 12
0.962388 0.570785 2
0.920031 0.112523 4
0.892932 0.00423867 8
0.892857 0.00423355 8
0.943415 0.274417 3
0.941528 0.268978 3
0.944907 0.279022 3
0.929087 0.241537 3
0.9044 0.0224124 6
0.986873 1 1
0.987985 1 1
0.934588 0.2521 3
0.995342 1 1
0.927136 0.121419 4
0.889891 0.00404194 8
0.975866 1 1
0.891587 0.00414903 8
0.93219 0.247232 3
0.94205 0.270441 3
0.922158 0.114941 4
0.967916 0.599791 2
0.962828 0.572861 2
0.909169 0.049317 5
0.884555 0.00171116 9
0.968036 0.600495 2
0.966532 0.591897 2
0.924911 0.11837 4
0.976474 1 1
0.908427 0.0489226 5
0.866434 2.22039e-05 14
0.983125 1 1
0.881368 0.000739965 10
0.906206 0.0229647 6
0.918157 0.110542 4
0.928873 0.241166 3
0.910805 0.103897 4
0.909021 0.102512 4
0.915177 0.107648 4
0.894696 0.0199748 6
0.971156 1 1
0.953699 0.536502 2
0.906404 0.100612 4
0.958893 0.55555 2
0.964516 1 1
0.89378 0.0197821 6
0.938538 0.498344 2
0.868659 0.000266601 11
0.950415 0.52631 2
0.973391 1 1
0.975994 1 1
0.903388 0.0464925 5
0.914648 0.107165 4
0.962469 1 1
0.940723 0.502633 2
0.950939 0.527852 2
0.962038 1 1
0.943513 0.508612 2
0.951528 0.529622 2
0.92725 0.238451 3
0.930944 0.244867 3
0.940205 0.501585 2
0.910949 0.104012 4
0.96376 1 1
0.953459 0.535711 2
0.970138 0.613447 2
0.907904 0.00279008 9
0.929587 0.0660521 5
0.970126 0.613369 2
0.949392 0.173925 4
0.9241 0.0312888 6
0.946841 0.165024 4
0.990585 1 1
0.933294 0.0709568 5
0.882595 7.19494e-06 16
0.914991 0.0132177 7
0.938393 0.141821 4
0.953066 0.309862 3
0.917547 0.0139964 7
0.906436 0.00268445 9
0.944251 0.510294 2
0.872007 0.000633299 10
0.879713 0.00158642 9
0.937803 0.496973 2
0.928783 0.241012 3
0.926883 0.237859 3
0.927825 0.239395 3
0.908556 0.0489906 5
0.921768 0.230323 3
0.94019 0.501556 2
0.943831 0.50933 2
0.906398 0.0478945 5
0.885524 0.00379335 8
0.992312 1 1
0.964595 0.581583 2
0.949583 0.174636 4
0.906033 0.0026567 9
0.910452 0.00598238 8
0.936202 0.0754217 5
0.916104 0.0135456 7
0.964831 0.378002 3
0.960597 0.349437 3
0.922086 0.0300009 6
0.958067 0.334696 3
0.95197 0.305084 3
0.914221 0.00657148 8
0.93981 0.145141 4
0.886716 1.78675e-05 15
0.967675 0.598383 2
0.976061 0.656706 2
0.917799 0.0547826 5
0.889624 0.000868568 10
0.914354 0.0259972 6
0.922634 0.0587468 5
0.915013 0.0262893 6
0.881185 0.000153659 12
0.903043 0.0105459 7
0.95161 0.303562 3
0.892266 0.00195974 9
0.835509 5.00804e-12 0
0.87644 2.83488e-05 14
0.904963 0.0108902 7
0.961739 0.567794 2
0.86769 2.01512e-06 17
0.857343 2.41075e-08 22
0.946106 0.514735 2
0.858478 6.81076e-07 18
0.878618 0.000319347 11
0.96098 0.564388 2
0.982621 1 1
0.884565 0.00171145 9
0.90303 0.0220167 6
0.938524 0.261111 3
0.889899 0.0040424 8
0.862662 3.95615e-06 16
0.946015 0.51451 2
0.889524 0.00401963 8
0.95671 0.547066 2
0.909723 0.0496181 5
0.887932 0.00181133 9
0.936605 0.256546 3
0.95548 0.542599 2
0.978038 1 1
0.92726 0.121596 4
0.903526 0.0221577 6
0.944164 0.276695 3
0.962251 0.57015 2
0.955243 0.541761 2
0.957207 0.548932 2
0.886281 0.00176085 9
0.876366 0.000138037 12
0.975963 1 1
0.912231 0.0510592 5
0.900808 0.0101765 7
0.903057 0.0220244 6
0.985091 1 1
0.91037 0.0499776 5
0.924672 0.118058 4
0.969858 0.611654 2
0.944528 0.277827 3
0.949068 0.522487 2
0.966838 0.593606 2
0.958047 0.552173 2
0.953611 0.536211 2
0.914984 0.0528012 5
0.925951 0.119762 4
0.947292 0.286989 3
0.922442 0.115278 4
0.949206 0.52287 2
0.93997 0.264781 3
0.990642 1 1
0.897196 0.00455474 8
0.911927 0.0249888 6
0.978923 1 1
0.956161 0.545046 2
0.937477 0.258579 3
0.953108 0.534572 2
0.953086 0.534499 2
0.940547 0.266304 3
0.912382 0.0251705 6
0.939531 0.263644 3
0.933543 0.249925 3
0.92537 0.118978 4
0.954299 0.538507 2
0.938705 0.261559 3
0.914215 0.106776 4
0.872822 0.000641373 10
0.87293 0.000642463 10
0.904082 0.0468036 5
0.890963 0.00886608 7
0.931249 0.245436 3
0.919635 0.112093 4
0.883413 0.00368526 8
0.920716 0.113281 4
0.978848 1 1
0.904876 0.0471684 5
0.901529 0.0456923 5
0.853633 1.37563e-06 17
0.962267 0.570224 2
0.979767 1 1
0.96434 0.374417 3
0.869103 7.74705e-09 24
0.887131 1.81299e-05 15
0.977894 0.672422 2
0.992937 1 1
0.902467 0.000578311 11
0.919202 0.0145527 7
0.943183 0.153915 4
0.90633 0.00132276 10
0.883814 3.49589e-06 17
0.959299 0.341674 3
0.902773 0.000583945 11
0.942401 0.151762 4
0.932126 0.0693228 5
0.909675 0.00292811 9
0.942752 0.152721 4
0.863881 5.38496e-10 27
0.885567 8.0159e-06 16
0.956714 0.327449 3
0.968642 0.604118 2
0.883191 3.41202e-06 17
0.903365 0.00121367 10
0.946411 0.163623 4
0.890097 4.27159e-05 14
0.85504 1.2894e-11 0
0.929499 0.0353999 6
0.892674 9.82451e-05 13
0.973973 0.640216 2
0.899526 0.000528621 11
0.880028 1.39545e-06 18
0.922159 0.0583218 5
0.941006 0.148106 4
0.934416 0.133509 4
0.907931 0.0114784 7
0.884353 7.66119e-05 13
0.986249 1 1
0.964085 0.579001 2
0.912196 0.0124637 7
0.977692 0.670628 2
0.935746 0.136135 4
0.874289 2.47991e-06 17
0.961553 0.566951 2
0.870028 9.70794e-07 18
0.923466 0.0595115 5
0.941496 0.149365 4
0.963621 0.576701 2
0.867149 8.83693e-07 18
0.883152 0.000160972 12
0.972164 0.627048 2
0.978994 0.682459 2
0.906377 0.0111615 7
0.920393 0.0568127 5
0.934389 0.133456 4
0.90839 0.0115759 7
0.894373 0.00204154 9
0.969952 0.612257 2
0.90191 0.00497224 8
0.928025 0.122712 4
0.94461 0.278083 3
0.92025 0.056695 5
0.951837 0.530566 2
0.886719 0.0038578 8
0.909722 0.0496178 5
0.96088 0.563948 2
0.95497 0.54081 2
0.899011 0.0209611 6
0.921025 0.113629 4
0.971052 1 1
0.907836 0.0486161 5
0.861759 2.00413e-05 14
0.914889 0.107384 4
0.913743 0.106358 4
0.979539 1 1
0.901008 0.0214673 6
0.886063 0.00382211 8
0.938398 0.2608 3
0.881819 0.000340647 11
0.905618 0.0227808 6
0.947239 0.286806 3
0.944195 0.276792 3
0.888572 0.00183173 9
0.910675 0.0245061 6
0.962351 0.570614 2
0.897981 0.0097521 7
0.849856 3.46834e-09 24
0.904254 0.0223692 6
0.905751 0.022822 6
0.988989 1 1
0.888153 0.00181834 9
0.873663 5.86207e-05 13
0.94329 0.274045 3
0.858049 1.08499e-08 23
0.878672 3.0108e-05 14
0.958077 0.552295 2
0.977565 0.669509 2
0.88214 0.000157135 12
0.90108 0.00489272 8
0.938973 0.262229 3
0.887904 0.000389414 11
0.858752 2.53777e-08 22
0.940908 0.267277 3
0.888383 0.000393807 11
0.961062 0.564754 2
0.905227 0.0109398 7
0.883922 0.000164006 12
0.946799 0.285278 3
0.911668 0.0123316 7
0.914969 0.0132113 7
0.932895 0.0703876 5
0.911792 0.0123625 7
0.97151 0.622536 2
0.964633 0.58178 2
0.922009 0.029954 6
0.96385 0.577827 2
0.951906 0.304812 3
0.908188 0.00567573 8
0.944764 0.158495 4
0.884954 3.6154e-05 14
0.960933 0.351518 3
0.972833 0.631803 2
0.919662 0.0285978 6
0.895784 0.00099708 10
0.920667 0.029161 6
0.923357 0.0308003 6
0.913775 0.0128779 7
0.885781 7.97291e-05 13
0.907583 0.00559906 8
0.954763 0.317707 3
0.89711 0.00102962 10
0.838772 5.79455e-12 0
0.875531 2.58528e-06 17
0.910439 0.0120358 7
0.957676 0.332561 3
0.869635 4.30015e-07 19
0.860268 2.30411e-09 25
0.929967 0.0665184 5
0.943246 0.154092 4
0.969475 0.609239 2
0.924213 0.0602215 5
0.903213 0.00247694 9
0.924356 0.0603599 5
0.94381 0.155692 4
0.959392 0.342213 3
0.937099 0.138962 4
0.868671 1.86291e-07 20
0.871628 1.02474e-06 18
0.955078 0.319224 3
0.922817 0.0304548 6
0.887621 0.000180098 12
0.886651 8.17328e-05 13
0.94664 0.284733 3
0.943484 0.274626 3
0.949482 0.523642 2
0.932578 0.130109 4
0.907527 0.023393 6
0.980217 1 1
0.993081 1 1
0.940447 0.266037 3
0.991911 1 1
0.921521 0.114197 4
0.890863 0.00190895 9
0.980269 1 1
0.896862 0.00452811 8
0.929999 0.125754 4
0.937616 0.258908 3
0.955173 0.319686 3
0.86151 1.24381e-08 23
0.879933 1.42929e-05 15
0.969092 0.606862 2
0.995605 1 1
0.893754 0.000450034 11
0.910469 0.0120427 7
0.937141 0.139052 4
0.897657 0.00104362 10
0.876424 5.85141e-06 16
0.960769 0.563463 2
0.89454 0.000968279 10
0.943308 0.154266 4
0.925106 0.0610992 5
0.901979 0.00240545 9
0.92435 0.233965 3
0.925627 0.235886 3
0.920981 0.229273 3
0.910123 0.103358 4
0.887808 0.00852989 7
0.982629 1 1
0.959397 0.557619 2
0.90805 0.0487264 5
0.969301 1 1
0.951205 0.528646 2
0.882247 0.00362855 8
0.949692 0.524233 2
0.867661 0.000116045 12
0.935494 0.254055 3
0.956327 0.54565 2
0.930152 0.0667488 5
0.933682 0.132119 4
0.930586 0.0672956 5
0.915753 0.0266268 6
0.892461 0.000435215 11
0.993081 1 1
0.968903 0.605703 2
0.916567 0.0270101 6
0.979767 0.689805 2
0.942107 0.150974 4
0.883688 7.52292e-05 13
0.959907 0.559755 2
0.875099 5.61344e-06 16
0.933699 0.132151 4
0.950992 0.301006 3
0.94645 0.163749 4
0.893068 0.000209436 12
0.916961 0.0138095 7
0.952872 0.309 3
0.943898 0.155948 4
0.899569 0.00109548 10
0.922052 0.0299798 6
0.974709 0.64586 2
0.909373 0.00583214 8
0.858469 4.12518e-10 27
0.904566 0.00256023 9
0.917609 0.0140166 7
0.976557 0.660841 2
0.894904 0.000463991 11
0.882028 1.52678e-05 15
0.961528 0.566838 2
0.928039 0.122733 4
0.937386 0.258362 3
0.946781 0.285217 3
0.921836 0.0580373 5
0.971917 0.625329 2
0.988418 1 1
0.946599 0.284593 3
0.976818 0.663051 2
0.925341 0.118939 4
0.906431 0.0111721 7
0.9656 0.586835 2
0.905185 0.0109319 7
0.943728 0.275361 3
0.946094 0.282892 3
0.927748 0.122304 4
0.88005 0.000149704 12
0.882232 0.000157476 12
0.917438 0.0545162 5
0.90354 0.0106326 7
0.9391 0.262547 3
0.930438 0.126462 4
0.896151 0.00447244 8
0.929754 0.125362 4
0.969851 0.611614 2
0.914976 0.0262725 6
0.91098 0.0246217 6
0.866279 1.93288e-06 17
0.975139 0.649241 2
0.990032 1 1
0.922846 0.231806 3
0.950574 0.526776 2
0.944007 0.509734 2
0.908843 0.102378 4
0.884686 0.00822746 7
0.983005 1 1
0.967331 1 1
0.916961 0.224295 3
0.981742 1 1
0.926254 0.23686 3
0.871734 0.0014177 9
0.970126 1 1
0.874014 0.00146203 9
0.917804 0.225289 3
0.933598 0.489746 2
0.935567 0.254215 3
0.854822 3.2663e-06 16
0.864258 4.79981e-05 13
0.933828 0.250508 3
0.932975 0.248778 3
0.907016 0.0482001 5
0.910263 0.103468 4
0.900054 0.045089 5
0.902956 0.0463023 5
0.922696 0.231597 3
0.959663 0.558725 2
0.889202 0.00867437 7
0.884732 0.00375193 8
0.970323 1 1
0.944184 0.510141 2
0.945538 0.281056 3
0.931135 0.127616 4
0.934051 0.250972 3
0.930903 0.127228 4
0.907032 0.02323 6
0.988419 1 1
0.9818 1 1
0.930397 0.126397 4
0.984544 1 1
0.937036 0.257544 3
0.896104 0.00446885 8
0.96464 0.581813 2
0.889067 0.00184787 9
0.942126 0.270657 3
0.953077 0.53447 2
0.950032 0.525202 2
0.870553 0.000122625 12
0.880058 0.00159467 9
0.945446 0.513119 2
0.938322 0.260615 3
0.923009 0.115963 4
0.927037 0.238107 3
0.913748 0.106362 4
0.919409 0.111851 4
0.930491 0.244035 3
0.953246 0.535019 2
0.905588 0.0475037 5
0.893348 0.00914367 7
0.983536 1 1
0.955521 0.542742 2
0.92248 0.115324 4
0.975279 1 1
0.978763 1 1
0.910822 0.0502337 5
0.886422 0.00176504 9
0.955113 0.541306 2
0.962078 0.569348 2
0.932543 0.247921 3
0.966388 0.591102 2
0.895178 0.00937224 7
0.864325 9.3489e-06 15
0.984852 1 1
0.889474 0.00401661 8
0.898391 0.00981094 7
0.907071 0.0232427 6
19 0 3 4 7 14 19 22 23 24 28 29 31 32 33 34 36 37 39 42 
25 0 3 7 8 9 10 11 14 19 22 23 24 25 26 28 29 31 32 33 34 36 37 39 42 49 
28 0 1 3 4 5 7 8 9 10 11 13 14 19 22 23 24 25 26 28 29 31 32 33 34 36 37 39 42 
16 0 3 4 7 19 22 23 28 29 32 33 34 36 37 39 42 
13 0 3 4 7 22 23 29 32 33 34 36 39 42 
42 0 1 3 4 5 6 7 8 9 10 11 12 13 14 15 16 18 19 20 21 22 23 24 25 26 28 29 31 32 33 34 35 36 37 38 39 42 43 46 47 48 49 
34 0 1 3 4 5 7 8 9 10 11 12 13 14 18 19 20 22 23 24 25 26 28 29 31 32 33 34 36 37 39 42 43 46 48 
15 0 3 4 7 22 23 28 29 31 32 33 34 36 39 42 
42 0 1 3 4 5 6 7 8 9 10 11 12 13 14 15 18 19 20 21 22 23 24 25 26 28 29 31 32 33 34 35 36 37 38 39 42 43 44 46 47 48 49 
46 0 1 2 3 4 5 6 8 9 10 11 12 13 14 15 16 17 18 19 20 21 23 24 25 26 27 28 30 31 32 33 34 35 37 38 39 40 41 42 43 44 45 46 47 48 49 
16 0 3 4 7 19 22 23 28 29 31 32 33 34 36 39 42 
30 0 1 3 4 5 7 8 9 10 11 13 14 18 19 22 23 24 25 26 28 29 31 32 33 34 36 37 39 42 49 
3 4 7 34 
45 0 1 2 3 4 5 6 7 8 9 10 11 13 14 15 16 17 18 19 21 22 23 24 25 26 28 29 30 31 32 33 34 35 36 37 38 39 40 41 42 43 45 47 48 49 
44 0 1 2 3 4 5 6 7 8 9 10 11 14 15 16 17 18 19 21 22 23 24 25 26 28 29 30 31 32 33 34 35 36 37 38 39 40 41 42 43 45 47 48 49 
