40 15 8e+06
1.48959 107903
1.39899 165352
1.93869 183804
1.99304 123328
1.95308 175630
2.39295 121643
2.40295 184242
1.2059 179133
1.73552 101356
1.67883 162558
2.13936 142711
1.41308 118400
2.13666 160840
1.87577 170412
2.47785 101701
2.7247 156984
1.49171 196881
1.56964 146699
1.58333 158329
2.57335 149635
2.73737 198468
2.38427 103154
2.90637 195010
1.77066 190859
1.5854 193962
1.01323 141155
2.75055 114380
1.43026 167533
1.40436 167441
2.54995 129987
2.86275 100825
1.83107 171586
1.7078 130343
1.41222 141836
1.56864 141650
1.67796 193854
1.42124 117397
1.63391 132562
1.31514 183519
2.21121 178666
0.894473 0.000966775 10
0.935619 0.135876 4
0.946587 0.284554 3
0.856771 1.98152e-09 25
0.947036 0.286097 3
0.892607 0.000436848 11
0.889914 0.000408472 11
0.907971 0.0114868 7
0.970738 0.617358 2
0.908928 0.0116928 7
0.995538 1 1
0.90299 0.00507999 8
0.925147 0.0611409 5
0.959295 0.557198 2
0.902477 0.00502813 8
0.942967 0.153313 4
0.938466 0.0793387 5
0.880037 1.39592e-06 18
0.928629 0.0346649 6
0.916061 0.00690064 8
0.989147 1 1
0.94805 0.169118 4
0.9557 0.322283 3
0.909497 0.00291367 9
0.97568 0.653586 2
0.901927 0.000568618 11
0.983757 0.731762 2
0.959773 0.344455 3
0.871541 4.25128e-08 22
0.960962 0.351699 3
0.932194 0.0694155 5
0.943499 0.154804 4
0.891486 0.000200112 12
0.909583 0.00586079 8
0.924624 0.031644 6
0.966846 0.593648 2
0.934564 0.0728328 5
0.948046 0.289675 3
0.93052 0.0672116 5
0.984116 0.735907 2
0.919668 0.0286008 6
0.967645 0.598209 2
0.980642 0.698405 2
0.886895 3.84293e-05 14
0.969361 0.60853 2
0.916779 0.0137525 7
0.932384 0.0696757 5
0.943354 0.154395 4
0.880616 6.71678e-06 16
0.946013 0.162351 4
0.871533 4.60572e-07 19
0.907748 0.0056197 8
0.914604 0.0131076 7
0.87923 6.41018e-06 16
0.866074 3.36931e-08 22
0.905889 0.00264695 9
0.889149 8.79841e-05 13
0.869693 1.93632e-07 20
0.912832 0.0126271 7
0.85282 1.14599e-11 0
0.957357 0.549506 2
0.973926 1 1
0.935178 0.253366 3
0.915072 0.107552 4
0.969416 1 1
0.914259 0.106815 4
0.948344 0.520513 2
0.958952 0.555792 2
0.903159 0.0463913 5
0.907016 0.0482001 5
0.921999 0.230637 3
0.932734 0.248299 3
0.908145 0.0487754 5
0.910714 0.103824 4
0.892615 0.0195446 6
0.882263 3.33418e-05 14
0.922438 0.0302179 6
0.936868 0.138468 4
0.845731 8.02328e-12 0
0.933259 0.131338 4
0.884267 7.64301e-05 13
0.878123 6.18026e-06 16
0.896021 0.00100276 10
0.974612 0.645109 2
0.902948 0.00246126 9
0.981877 0.711111 2
0.893135 0.000442827 11
0.920414 0.029017 6
0.956265 0.325135 3
0.898397 0.00106315 10
0.912117 0.050991 5
0.954679 0.539805 2
0.964023 0.578693 2
0.871882 2.5242e-05 14
0.971568 0.622926 2
0.898701 0.00985593 7
0.906182 0.022957 6
0.923788 0.116928 4
0.9494 0.523412 2
0.908698 0.0237913 6
0.977778 1 1
0.912426 0.0511769 5
0.921128 0.113746 4
0.959113 0.556447 2
0.898935 0.00989028 7
0.907104 0.00273153 9
0.918499 0.0143111 7
0.873583 2.25635e-07 20
0.890234 9.09494e-05 13
0.902456 0.00118335 10
0.952558 0.307619 3
0.91036 0.00596926 8
0.922006 0.0299522 6
0.928133 0.0643381 5
0.98234 0.71604 2
0.908279 0.00281833 9
0.944484 0.157662 4
0.983255 0.726089 2
0.874127 5.07609e-07 19
0.99068 1 1
0.944276 0.510352 2
0.941209 0.503632 2
0.919288 0.227101 3
0.911683 0.104608 4
0.941089 0.503383 2
0.8915 0.0193248 6
0.93535 0.253738 3
0.936587 0.494777 2
0.873622 0.000649492 10
0.879654 0.00350931 8
0.894582 0.0199504 6
0.909221 0.102663 4
0.878677 0.00156218 9
0.890964 0.0192218 6
0.865299 0.000111112 12
0.893003 0.000209034 12
0.933956 0.0719207 5
0.944776 0.158532 4
0.855535 3.02149e-11 30
0.945016 0.159257 4
0.892023 0.000203192 12
0.888552 8.64192e-05 13
0.906609 0.00269651 9
0.972352 0.628375 2
0.908813 0.00575717 8
0.993443 1 1
0.902116 0.00117236 10
0.925288 0.0321065 6
0.958426 0.336694 3
0.902667 0.00119025 10
0.981027 0.702295 2
0.973727 0.63836 2
0.912312 0.00625979 8
0.937679 0.0779293 5
0.951288 0.302224 3
0.941887 0.150391 4
0.974503 0.64426 2
0.989178 1 1
0.903743 0.00122667 10
0.929442 0.0353507 6
0.913514 0.00645261 8
0.960901 0.351313 3
0.925611 0.032337 6
0.893303 0.00010028 13
0.91413 0.00655594 8
0.885628 0.00831581 7
0.904534 0.04701 5
0.871089 0.000624438 10
0.865758 0.000112043 12
0.893537 0.0197319 6
0.925828 0.236196 3
0.887665 0.00851539 7
0.901075 0.0455035 5
0.938884 0.499001 2
0.955195 0.541593 2
0.911867 0.104759 4
0.919866 0.22783 3
0.968069 1 1
0.877705 0.00154015 9
0.965066 1 1
0.901382 0.00114921 10
0.921005 0.0293564 6
0.88374 1.61449e-05 15
0.879076 2.92599e-06 17
0.908825 0.00575878 8
0.938301 0.141613 4
0.903029 0.00246602 9
0.917268 0.0139068 7
0.945548 0.160891 4
0.967748 0.598808 2
0.922447 0.0302234 6
0.934879 0.0733166 5
0.985065 0.747147 2
0.887545 8.38841e-05 13
0.971436 0.622029 2
0.926051 0.119898 4
0.96728 0.596107 2
0.965184 0.584636 2
0.884409 0.000359932 11
0.990518 1 1
0.902966 0.0105326 7
0.919022 0.0557137 5
0.935508 0.254086 3
0.932891 0.130671 4
0.907506 0.0233861 6
0.958348 0.553364 2
0.918881 0.0556034 5
0.916437 0.0537967 5
0.946892 0.285597 3
0.89573 0.00444027 8
0.928659 0.2408 3
0.94929 0.523105 2
0.951381 0.529177 2
0.889513 0.00870742 7
0.963038 0.573868 2
0.886067 0.00835787 7
0.919615 0.227511 3
0.928816 0.241069 3
0.893953 0.0198181 6
0.881716 0.00360339 8
0.919672 0.227584 3
0.903864 0.046705 5
0.885723 0.00832484 7
0.921402 0.229831 3
0.868354 0.000265238 11
0.932968 0.0704909 5
0.96845 0.60296 2
0.927738 0.0339424 6
0.896664 0.000486894 11
0.958699 0.338232 3
0.934925 0.0733879 5
0.930052 0.0666245 5
0.948916 0.172185 4
0.951302 0.302281 3
0.946 0.162309 4
0.953786 0.313122 3
0.946911 0.165256 4
0.956327 0.32545 3
0.922235 0.0300921 6
0.934588 0.0728706 5
0.948664 0.291939 3
0.975403 0.651348 2
0.944815 0.27873 3
0.906268 0.0111401 7
0.978901 0.681593 2
0.910344 0.0120134 7
0.940065 0.265029 3
0.952696 0.308224 3
0.909652 0.0118543 7
0.90609 0.0111052 7
0.930443 0.126471 4
0.928474 0.123383 4
0.909253 0.0117648 7
0.920279 0.0567192 5
0.892177 0.000917738 10
0.927835 0.239412 3
0.940685 0.266674 3
0.890658 0.00408959 8
0.905359 0.0473947 5
0.922777 0.115682 4
0.963468 0.575951 2
0.930101 0.243328 3
0.943723 0.509085 2
0.933121 0.24907 3
0.985344 1 1
0.920571 0.113119 4
0.963081 0.574074 2
0.985344 1 1
0.88725 0.00388728 8
0.972233 1 1
0.91115 0.00608364 8
0.923792 0.0310842 6
0.93598 0.136611 4
0.876866 2.70629e-06 17
0.936677 0.138061 4
0.864542 1.40971e-08 23
0.902206 0.0024183 9
0.907734 0.005618 8
0.870655 2.00918e-07 20
0.858234 4.07951e-10 27
0.897327 0.000496043 11
0.882047 1.52774e-05 15
0.861417 2.42495e-09 25
0.905801 0.00264102 9
0.844974 7.73587e-12 0
0.978758 0.680269 2
0.935839 0.136324 4
0.881807 3.29005e-05 14
0.96882 0.605195 2
0.917084 0.0272606 6
0.930447 0.0671187 5
0.979406 0.686348 2
0.961896 0.568508 2
0.868697 4.15999e-07 19
0.907447 0.00558205 8
0.877604 6.07685e-06 16
0.944084 0.276448 3
0.897799 0.00104732 10
0.860325 5.23257e-09 24
0.893082 0.000442219 11
0.916265 0.0268663 6
0.925981 0.0619933 5
0.877832 6.12205e-06 16
0.898905 0.00107696 10
0.908547 0.00572226 8
0.961296 0.565795 2
0.919624 0.0285769 6
0.931174 0.0680526 5
0.926939 0.0630103 5
0.991872 1 1
0.910094 0.0119554 7
0.954081 0.314486 3
0.984997 1 1
0.876334 5.83488e-06 16
0.987651 1 1
0.941755 0.150043 4
0.947131 0.286426 3
0.929955 0.0665041 5
0.905748 0.0053789 8
0.950468 0.298889 3
0.891858 0.000202237 12
0.932533 0.0698822 5
0.936972 0.138689 4
0.881655 1.5087e-05 15
0.882419 3.34945e-05 14
0.903912 0.00251934 9
0.909859 0.0058989 8
0.883009 3.40843e-05 14
0.901257 0.00236543 9
0.868248 1.83363e-07 20
0.914846 0.00667984 8
0.928724 0.0347434 6
0.939575 0.144577 4
0.879598 1.37207e-06 18
0.941757 0.150046 4
0.868755 1.69352e-08 23
0.905843 0.0013037 10
0.911975 0.00620762 8
0.87518 2.40944e-07 20
0.862761 5.08755e-10 27
0.901753 0.000565559 11
0.886337 1.76325e-05 15
0.866083 3.0107e-09 25
0.909193 0.00288934 9
0.849472 9.65003e-12 0
0.959704 0.558899 2
0.921167 0.0574604 5
0.861977 7.53749e-07 18
0.983734 1 1
0.898857 0.00469279 8
0.949457 0.294928 3
0.968802 0.605087 2
0.952573 0.532861 2
0.865575 1.89374e-06 17
0.920997 0.0573168 5
0.867401 4.48576e-06 16
0.954292 0.538485 2
0.90633 0.0230041 6
0.844801 9.72717e-11 28
0.908508 0.0237253 6
0.922013 0.0581925 5
0.919933 0.0287473 6
0.865788 1.67586e-07 20
0.913363 0.0255733 6
0.899368 0.0022667 9
0.977392 0.667998 2
0.927535 0.0636647 5
0.93423 0.133151 4
0.906658 0.0112173 7
0.983226 1 1
0.893028 0.000935349 10
0.961802 0.56808 2
0.963105 0.57419 2
0.860895 2.74909e-08 22
0.977426 0.668297 2
0.906923 0.0481539 5
0.919789 0.112259 4
0.934886 0.252734 3
0.873013 0.000287518 11
0.933259 0.249347 3
0.86054 8.55332e-06 15
0.898025 0.0207234 6
0.903503 0.0465436 5
0.86807 0.000116939 12
0.854448 1.40396e-06 17
0.895078 0.0200567 6
0.877962 0.000697302 10
0.857828 3.50797e-06 16
0.904928 0.0471928 5
0.841296 2.56214e-09 24
0.928221 0.123003 4
0.939517 0.263608 3
0.937312 0.139422 4
0.892255 0.00195935 9
0.948901 0.292822 3
0.880711 0.000151985 12
0.919091 0.0557674 5
0.924847 0.0608417 5
0.880166 6.85663e-05 13
0.873393 1.1808e-05 15
0.904953 0.0108884 7
0.898546 0.00466625 8
0.875629 2.77516e-05 14
0.907318 0.0113509 7
0.859681 5.97098e-08 21
0.908454 0.048937 5
0.924371 0.233996 3
0.941989 0.50527 2
0.87306 0.000643771 10
0.93924 0.499686 2
0.86359 4.73673e-05 13
0.899506 0.0210836 6
0.906202 0.0477991 5
0.874326 0.00065681 10
0.858576 8.18084e-06 15
0.901749 0.0457846 5
0.881036 0.00161855 9
0.862612 4.64671e-05 13
0.911756 0.104668 4
0.845551 8.84296e-08 20
0.945593 0.281235 3
0.963748 0.577323 2
0.94243 0.271527 3
0.904897 0.00528275 8
0.969026 0.606456 2
0.901944 0.00497558 8
0.936457 0.1376 4
0.945973 0.282487 3
0.899035 0.00225011 9
0.895809 0.00210146 9
0.921179 0.0574709 5
0.920147 0.0566105 5
0.898177 0.00220853 9
0.915249 0.0263955 6
0.881821 7.15683e-05 13
0.86993 1.95392e-07 20
0.909485 0.00584742 8
0.92835 0.0645874 5
0.834139 4.7157e-12 0
0.920668 0.0291614 6
0.873742 1.10305e-06 18
0.86595 3.3523e-08 22
0.883614 3.47068e-05 14
0.968417 0.602761 2
0.893681 0.000449173 11
0.968714 0.604553 2
0.881669 1.50935e-05 15
0.911658 0.0123293 7
0.952409 0.30697 3
0.89054 0.000194866 12
0.940673 0.266641 3
0.931672 0.128527 4
0.872949 1.16646e-05 15
0.931718 0.128606 4
0.909032 0.0239083 6
0.99712 1 1
0.946839 0.285417 3
0.951579 0.303434 3
0.902268 0.0104142 7
0.971879 0.625064 2
0.894261 0.00203704 9
0.980199 1 1
0.953891 0.53714 2
0.864163 8.05005e-07 18
0.959237 0.556957 2
0.887816 0.00853069 7
0.928419 0.240391 3
0.941407 0.504043 2
0.850771 5.52635e-07 18
0.939461 0.500115 2
0.888205 0.0085704 7
0.8835 0.00368962 8
0.901482 0.0456724 5
0.97383 1 1
0.905911 0.0476583 5
0.988269 1 1
0.897727 0.0206531 6
0.922894 0.231873 3
0.958124 0.552479 2
0.900519 0.0452764 5
0.962971 0.573544 2
0.945851 0.282083 3
0.88383 0.000774183 10
0.94736 0.287229 3
0.921819 0.114542 4
0.977712 1 1
0.969177 0.607385 2
0.972381 0.628581 2
0.899118 0.00991749 7
0.954496 0.539177 2
0.897711 0.00971381 7
0.992119 1 1
0.941598 0.269171 3
0.870789 2.458e-05 14
0.939724 0.264142 3
0.932023 0.246907 3
0.969436 1 1
0.931292 0.245516 3
0.894931 0.020025 6
0.961716 0.567687 2
0.931628 0.246152 3
0.928671 0.24082 3
0.947596 0.518528 2
0.952046 0.531211 2
0.942374 0.506098 2
0.956731 0.547145 2
0.944022 0.509768 2
0.952951 0.534066 2
0.925611 0.235862 3
0.931103 0.245163 3
0.93535 0.0740505 5
0.970859 0.618155 2
0.927968 0.0341257 6
0.898711 0.000516135 11
0.960053 0.346127 3
0.935875 0.074889 5
0.932324 0.0695936 5
0.951264 0.181146 4
0.948875 0.172037 4
0.945779 0.161613 4
0.9523 0.306499 3
0.948422 0.170419 4
0.955229 0.31996 3
0.921468 0.015389 7
0.933932 0.0718863 5
0.880612 1.42817e-06 18
0.915627 0.00682022 8
0.909554 0.00291829 9
0.848715 9.29039e-12 0
0.917537 0.00718734 8
0.896983 0.000235949 12
0.878606 6.06605e-07 19
0.896059 0.000110051 13
0.989212 0.802018 2
0.921113 0.0152518 7
0.956642 0.327072 3
0.901261 0.000557025 11
0.940483 0.0831958 5
0.92487 0.0318136 6
0.920539 0.0150351 7
0.964576 0.581484 2
0.953895 0.313622 3
0.891555 9.47862e-05 13
0.941569 0.149554 4
0.929744 0.0662435 5
0.973367 0.635692 2
0.968674 0.604305 2
0.977584 0.669675 2
0.906182 0.00266688 9
0.956051 0.324044 3
0.905681 0.00263294 9
0.993024 1 1
0.945753 0.16153 4
0.87865 2.8816e-06 17
0.940546 0.146948 4
0.938884 0.499001 2
0.975209 1 1
0.955347 0.542127 2
0.896542 0.0437552 5
0.99197 1 1
0.907628 0.101482 4
0.931001 0.244973 3
0.945885 0.514189 2
0.920096 0.228122 3
0.907357 0.101287 4
0.942783 0.506987 2
0.924971 0.234888 3
0.913104 0.105803 4
0.932387 0.247615 3
0.89424 0.0198781 6
0.918727 0.0280953 6
0.95863 0.554491 2
0.938216 0.141421 4
0.881366 7.07204e-05 13
0.959827 0.559416 2
0.918568 0.0280122 6
0.914908 0.0262422 6
0.933581 0.131931 4
0.963872 0.577939 2
0.932535 0.130033 4
0.97122 0.620566 2
0.929824 0.125474 4
0.946408 0.283945 3
0.937564 0.139972 4
0.923413 0.0594621 5
0.929346 0.241989 3
0.961343 1 1
0.920953 0.229236 3
0.89524 0.0432933 5
0.950613 0.526888 2
0.938258 0.497817 2
0.927391 0.238682 3
0.945787 0.513948 2
0.953985 0.537453 2
0.952423 0.532387 2
0.950829 0.527525 2
0.948168 0.520039 2
0.96419 1 1
0.917572 0.225014 3
0.941787 0.504843 2
13 3 4 8 14 16 18 19 21 22 25 26 27 28 
17 3 4 8 10 13 14 16 18 19 21 22 23 25 26 27 28 37 
13 3 4 8 14 16 18 19 21 22 25 26 27 28 
23 0 3 4 6 8 9 10 13 14 16 18 19 21 22 25 26 27 28 31 33 34 37 38 
17 3 4 8 10 14 16 18 19 21 22 23 25 26 27 28 32 37 
34 0 1 2 3 4 5 6 8 9 10 13 14 15 16 17 18 19 21 22 23 25 26 27 28 29 31 32 33 34 35 36 37 38 39 
14 3 4 8 14 16 18 19 21 22 25 26 27 28 37 
15 3 4 8 10 14 16 18 19 21 22 23 25 26 27 28 
30 0 3 4 5 6 8 9 10 13 14 15 16 18 19 21 22 23 25 26 27 28 29 31 32 33 34 36 37 38 39 
35 0 1 2 3 4 5 6 8 9 10 12 13 14 15 16 17 18 19 21 22 23 25 26 27 28 29 31 32 33 34 35 36 37 38 39 
30 1 2 3 4 6 8 10 13 14 15 16 17 18 19 21 22 23 24 25 26 27 28 30 32 33 34 36 37 38 39 
19 3 4 8 10 13 14 16 18 19 21 22 23 25 26 27 28 32 36 37 
35 0 1 2 3 4 5 6 8 9 10 13 14 15 16 17 18 19 21 22 23 25 26 27 28 29 30 31 32 33 34 35 36 37 38 39 
30 1 2 3 4 6 8 10 13 14 15 16 17 18 19 21 22 23 24 25 26 27 28 30 32 33 34 36 37 38 39 
37 0 1 2 4 5 6 7 8 9 10 11 12 13 14 15 16 17 19 20 21 23 24 25 26 27 28 29 30 31 32 33 34 35 36 37 38 39 
