50 15 8e+06
1.00254 135111
1.06413 172333
1.10416 184486
1.72786 146657
2.89423 159419
2.90907 143287
1.87284 168481
2.54038 158263
1.26077 166901
1.47791 131629
2.78443 144401
2.04696 171344
1.06935 185526
2.61794 125112
1.91221 185422
1.50914 173343
1.67636 121676
2.51881 182264
2.71473 103403
1.88181 113965
2.68196 193759
2.71342 158255
1.45045 116655
2.23489 168485
2.87117 181977
2.56083 136711
2.70002 193167
1.05123 188890
1.31544 190335
1.46418 128270
1.37671 175087
2.50064 138756
1.70338 115918
2.55179 180124
1.74243 172369
1.40123 133305
1.15822 117483
1.5148 143667
1.30884 185824
1.04675 154203
2.57329 193987
2.75392 165125
1.24261 171913
2.19102 180111
1.31508 119867
2.96629 122754
1.86931 181149
1.57929 118217
1.7126 193086
1.12315 167487
0.941851 0.269879 3
0.949251 0.522996 2
0.865413 4.2511e-06 16
0.896638 0.00451043 8
0.962637 0.571957 2
0.914094 0.0522183 5
0.916591 0.0539057 5
0.940594 0.266431 3
0.963755 0.577361 2
0.908391 0.0236851 6
0.947992 0.289479 3
0.90176 0.01033 7
0.935976 0.255122 3
0.91078 0.0502098 5
0.973586 0.637316 2
0.974827 0.646783 2
0.987374 0.7765 2
0.901272 0.00114581 10
0.903312 0.00121187 10
0.979596 0.688153 2
0.914391 0.00660053 8
0.954679 0.317305 3
0.977482 0.668784 2
0.956023 0.323906 3
0.94313 0.153767 4
0.93365 0.0714715 5
0.90196 0.00116735 10
0.95718 0.3299 3
0.92063 0.0150691 7
0.976042 0.656547 2
0.929598 0.0660657 5
0.936901 0.138538 4
0.955203 0.319832 3
0.923812 0.0598377 5
0.922752 0.0588532 5
0.92183 0.0580326 5
0.985517 1 1
0.962211 0.569962 2
0.927678 0.0638242 5
0.996023 1 1
0.914914 0.0262448 6
0.913714 0.0257217 6
0.911093 0.0121913 7
0.938914 0.143018 4
0.930444 0.126472 4
0.915012 0.0262887 6
0.922053 0.0582278 5
0.966897 0.593938 2
0.925608 0.0616076 5
0.908206 0.0115366 7
0.919634 0.0561968 5
0.969933 0.612131 2
0.947505 0.287739 3
0.916897 0.0271693 6
0.982608 1 1
0.906866 0.011259 7
0.9135 0.025631 6
0.896924 0.00215054 9
0.938169 0.141314 4
0.917178 0.027307 6
0.935038 0.253062 3
0.93955 0.263694 3
0.956828 0.547506 2
0.9068 0.0480926 5
0.923694 0.11681 4
0.905612 0.022779 6
0.981309 1 1
0.957581 0.550364 2
0.917546 0.109924 4
0.97818 1 1
0.902324 0.0218204 6
0.897171 0.0096384 7
0.917764 0.110142 4
0.921884 0.114619 4
0.924783 0.118203 4
0.924371 0.117669 4
0.935852 0.254847 3
0.884289 0.000358988 11
0.935926 0.25501 3
0.938853 0.261927 3
0.954547 0.53935 2
0.930147 0.125991 4
0.949154 0.293773 3
0.990814 1 1
0.927613 0.122106 4
0.985376 1 1
0.941612 0.269212 3
0.910667 0.0245032 6
0.949292 0.2943 3
0.967707 0.598571 2
0.942084 0.150913 4
0.952186 0.306008 3
0.931942 0.0690727 5
0.931004 0.0678314 5
0.940635 0.147169 4
0.935128 0.0737028 5
0.982319 0.715815 2
0.982221 0.714766 2
0.95065 0.299617 3
0.97869 0.679639 2
0.935775 0.0747275 5
0.92452 0.0315729 6
0.922919 0.0305192 6
0.948644 0.171208 4
0.953093 0.309979 3
0.963551 0.576357 2
0.961034 0.564627 2
0.864109 3.11345e-08 22
0.86917 1.89822e-07 20
0.976006 0.656248 2
0.883298 3.43796e-05 14
0.913922 0.012918 7
0.934562 0.133789 4
0.931439 0.0684004 5
0.902123 0.00241355 9
0.911637 0.0123239 7
0.870993 4.51562e-07 19
0.970518 0.615912 2
0.884972 7.79365e-05 13
0.952178 0.305973 3
0.980617 1 1
0.992062 1 1
0.90528 0.0473576 5
0.898946 0.0209452 6
0.976715 1 1
0.908696 0.0490644 5
0.957782 0.551139 2
0.976852 1 1
0.947827 0.519133 2
0.945128 0.512357 2
0.92582 0.236183 3
0.896562 0.0203845 6
0.96115 0.565143 2
0.91634 0.108742 4
0.967166 1 1
0.95532 0.320406 3
0.950803 0.300236 3
0.921553 0.029679 6
0.87328 2.39899e-06 17
0.935551 0.135741 4
0.87685 5.93142e-06 16
0.950344 0.298394 3
0.944414 0.27747 3
0.904548 0.00524441 8
0.938973 0.143156 4
0.884768 7.7497e-05 13
0.866677 1.73061e-07 20
0.945424 0.280686 3
0.889482 0.000189279 12
0.920778 0.029225 6
0.938845 0.142857 4
0.950228 0.297932 3
0.886749 3.825e-05 14
0.924604 0.0316303 6
0.95411 0.314618 3
0.941327 0.148927 4
0.936484 0.137657 4
0.958753 0.338534 3
0.99299 1 1
0.931191 0.0680754 5
0.969995 0.61253 2
0.92828 0.064507 5
0.925418 0.0321986 6
0.939792 0.145097 4
0.983394 0.727651 2
0.91496 0.107449 4
0.9246 0.234334 3
0.942942 0.507338 2
0.948876 0.52196 2
0.913856 0.106458 4
0.944371 0.510574 2
0.965018 0.583764 2
0.953851 0.537006 2
0.935447 0.253952 3
0.97641 1 1
0.928912 0.241234 3
0.937563 0.258783 3
0.896317 0.0203293 6
0.9632 0.574645 2
0.93002 0.243182 3
0.989961 1 1
0.986204 1 1
0.903675 0.00515094 8
0.885577 0.000170879 12
0.971198 0.620423 2
0.894229 0.000961334 10
0.951619 0.303603 3
0.963764 0.577403 2
0.932368 0.129737 4
0.938116 0.141197 4
0.910618 0.0120779 7
0.882453 7.27725e-05 13
0.971319 0.62124 2
0.902753 0.00505586 8
0.952358 0.306749 3
0.927521 0.238895 3
0.939484 0.50016 2
0.900688 0.045345 5
0.946041 0.514574 2
0.937651 0.496694 2
0.960703 1 1
0.945108 0.512308 2
0.960391 1 1
0.980787 1 1
0.94419 0.510153 2
0.972599 1 1
0.947409 0.51804 2
0.911274 0.104274 4
0.962398 1 1
0.964712 1 1
0.970398 1 1
0.964989 0.583615 2
0.868579 0.000118066 12
0.867099 5.08429e-05 13
0.976382 1 1
0.880152 0.00159694 9
0.917359 0.109737 4
0.936308 0.25587 3
0.927069 0.238158 3
0.905007 0.0472292 5
0.906467 0.0479286 5
0.867896 5.16915e-05 13
0.980527 1 1
0.883268 0.00167602 9
0.948716 0.52152 2
0.937999 0.140934 4
0.948174 0.290138 3
0.933057 0.0706172 5
0.934784 0.134219 4
0.937042 0.138839 4
0.938207 0.1414 4
0.980268 0.694693 2
0.978228 0.675422 2
0.950278 0.298132 3
0.979691 0.689068 2
0.936721 0.138156 4
0.927864 0.0640334 5
0.91893 0.0282027 6
0.952363 0.306774 3
0.950849 0.300421 3
0.925346 0.235456 3
0.930226 0.243554 3
0.966573 0.592124 2
0.909324 0.0494007 5
0.914771 0.107277 4
0.905993 0.0476979 5
0.97514 1 1
0.950316 0.526022 2
0.912643 0.105409 4
0.978473 1 1
0.899089 0.0209804 6
0.898548 0.0208485 6
0.908134 0.04877 5
0.92328 0.116296 4
0.917812 0.110191 4
0.884868 0.00036356 11
0.895596 0.00443011 8
0.913024 0.0254323 6
0.985957 1 1
0.88916 0.000860196 10
0.967869 0.599513 2
0.926534 0.120567 4
0.923158 0.0592256 5
0.927205 0.121517 4
0.936433 0.256155 3
0.93371 0.132171 4
0.969863 0.611687 2
0.867377 1.99647e-06 17
0.9812 1 1
0.91207 0.0250455 6
0.915477 0.0264997 6
0.925912 0.0619213 5
0.932985 0.130839 4
0.956035 0.323965 3
0.916753 0.0270996 6
0.953856 0.313443 3
0.960585 0.562661 2
0.955273 0.320174 3
0.943555 0.274838 3
0.969335 0.608367 2
0.938473 0.142004 4
0.946062 0.282783 3
0.896977 0.00215294 9
0.972153 0.626976 2
0.935652 0.135944 4
0.889406 0.000864615 10
0.899831 0.0100247 7
0.922705 0.115595 4
0.975926 0.655596 2
0.892133 0.0019548 9
0.960765 0.563446 2
0.934062 0.132833 4
0.928115 0.122845 4
0.92655 0.12059 4
0.94485 0.278841 3
0.93001 0.12577 4
0.96049 0.562249 2
0.871554 1.12318e-05 15
0.978214 1 1
0.913501 0.0256314 6
0.960398 0.561848 2
0.965991 0.588936 2
0.930772 0.127011 4
0.905 0.0108971 7
0.949664 0.295726 3
0.909499 0.0240744 6
0.981142 1 1
0.978072 0.674017 2
0.934912 0.13447 4
0.96717 0.595482 2
0.915914 0.0534322 5
0.898811 0.00468885 8
0.941638 0.269281 3
0.922099 0.0582687 5
0.94723 0.286773 3
0.895094 0.00207116 9
0.906575 0.0112007 7
0.896795 0.00214475 9
0.979353 0.68584 2
0.903692 0.0106594 7
0.994108 1 1
0.925234 0.0612283 5
0.930925 0.127265 4
0.94917 0.293835 3
0.930828 0.127104 4
0.960405 0.561879 2
0.98255 1 1
0.878715 6.61091e-05 13
0.985107 1 1
0.929973 0.125711 4
0.888872 4.09909e-05 14
0.899343 0.000525771 11
0.921469 0.029629 6
0.977214 0.666451 2
0.891807 9.55481e-05 13
0.961751 0.356707 3
0.933143 0.0707399 5
0.927549 0.0337933 6
0.926719 0.0331531 6
0.94381 0.155693 4
0.930558 0.0672588 5
0.961704 0.356405 3
0.871062 9.21285e-08 21
0.97886 0.681218 2
0.91339 0.00643224 8
0.934562 0.491315 2
0.946616 0.516009 2
0.903043 0.0983757 4
0.940171 0.501517 2
0.944215 0.510212 2
0.953709 0.536534 2
0.950057 0.525276 2
0.967228 1 1
0.981648 1 1
0.947608 0.518558 2
0.967394 1 1
0.940598 0.502378 2
0.918024 0.225553 3
0.957169 0.548791 2
0.970464 1 1
0.971336 0.621349 2
0.982725 1 1
0.91092 0.0502895 5
0.907367 0.0233401 6
0.969884 0.61182 2
0.916603 0.0539142 5
0.96482 0.582742 2
0.986211 1 1
0.952975 0.534143 2
0.952823 0.533656 2
0.931493 0.245896 3
0.904521 0.0224481 6
0.951959 0.530942 2
0.924949 0.11842 4
0.969393 0.608728 2
0.946234 0.283359 3
0.938599 0.261295 3
0.908303 0.023655 6
0.856208 1.21457e-07 20
0.925636 0.119334 4
0.860034 7.12069e-07 18
0.931758 0.246399 3
0.927131 0.121411 4
0.889448 0.00186049 9
0.920834 0.113413 4
0.869427 2.37938e-05 14
0.849902 8.04546e-09 23
0.94275 0.272454 3
0.872141 5.66457e-05 13
0.906946 0.0232021 6
0.991384 1 1
0.978848 1 1
0.89247 0.0195157 6
0.874527 0.000658931 10
0.97143 1 1
0.884068 0.00371806 8
0.938531 0.498331 2
0.951251 0.528785 2
0.924845 0.2347 3
0.925189 0.235218 3
0.903058 0.0463472 5
0.872196 0.00063516 10
0.984424 1 1
0.891469 0.00892308 7
0.946176 0.514909 2
0.945681 0.51369 2
0.957799 0.551208 2
0.899308 0.00994574 7
0.927645 0.122153 4
0.956828 0.547506 2
0.941458 0.268782 3
0.950115 0.525441 2
0.972255 1 1
0.983005 1 1
0.94443 0.27752 3
0.961499 0.566703 2
0.928415 0.240385 3
0.929732 0.242668 3
0.944516 0.277791 3
0.98317 1 1
0.989229 1 1
0.987642 1 1
0.888613 0.00396534 8
0.883572 0.000770438 10
0.988589 1 1
0.895037 0.00935421 7
0.93893 0.262121 3
0.957599 0.550431 2
0.939225 0.262865 3
0.926256 0.120181 4
0.917193 0.109573 4
0.882741 0.000758663 10
0.978168 1 1
0.900462 0.0213255 6
0.961485 0.566644 2
0.953086 0.309949 3
0.946658 0.284794 3
0.914529 0.0260741 6
0.865279 8.3317e-07 18
0.932586 0.130124 4
0.869193 2.10872e-06 17
0.941486 0.26886 3
0.93686 0.138451 4
0.898281 0.00464394 8
0.930165 0.126021 4
0.878248 6.53494e-05 13
0.85896 5.82251e-08 21
0.946459 0.28412 3
0.881413 0.000154475 12
0.915397 0.0264628 6
0.939826 0.500831 2
0.947255 0.517641 2
0.864152 0.000108844 12
0.89675 0.0204272 6
0.960566 0.562578 2
0.914421 0.10696 4
0.915162 0.107634 4
0.939103 0.499423 2
0.963714 0.577155 2
0.90715 0.0482672 5
0.94875 0.521614 2
0.902156 0.0459567 5
0.934036 0.250939 3
0.910673 0.103792 4
0.972215 1 1
0.936978 0.257407 3
0.943955 0.509614 2
0.860527 3.74818e-06 16
0.894079 0.00923322 7
0.957782 0.55114 2
0.911989 0.0509143 5
0.911331 0.050527 5
0.935178 0.253366 3
0.960529 0.562414 2
0.903348 0.0221069 6
0.946853 0.51661 2
0.89988 0.0211773 6
0.932131 0.247116 3
0.907673 0.0485322 5
0.968136 0.601087 2
0.937461 0.139745 4
0.929786 0.0662952 5
0.906491 0.00268827 9
0.849873 9.84731e-12 0
0.917043 0.0138355 7
0.853043 1.15948e-11 0
0.925177 0.0320284 6
0.919082 0.0282835 6
0.881288 6.87364e-06 16
0.914988 0.0132168 7
0.861558 2.44028e-09 25
0.843192 7.10737e-12 0
0.934944 0.0734175 5
0.8655 1.46828e-08 23
0.898468 0.00106506 10
0.981076 1 1
0.974409 1 1
0.906634 0.0231013 6
0.879007 0.000321801 11
0.960284 0.561358 2
0.886283 0.00176089 9
0.949838 0.52465 2
0.956404 0.545934 2
0.921911 0.11465 4
0.936375 0.256023 3
0.900589 0.0101419 7
0.874908 0.00013386 12
0.968539 0.603495 2
0.895995 0.00947908 7
0.94116 0.267963 3
0.939121 0.1435 4
0.933678 0.0715124 5
0.920437 0.0149972 7
0.860975 4.65533e-10 27
0.91916 0.014538 7
0.863055 1.16098e-09 26
0.937292 0.0772556 5
0.928005 0.0341558 6
0.888241 4.01437e-05 14
0.927842 0.0340249 6
0.86908 3.81945e-08 22
0.853521 1.18906e-11 0
0.932259 0.0695046 5
0.876466 5.56178e-07 19
0.90393 0.00123322 10
0.958401 0.336552 3
0.970755 0.617466 2
0.905567 0.0012931 10
0.918766 0.0144018 7
0.965683 0.384415 3
0.930202 0.0360173 6
0.958994 0.339913 3
0.983853 0.732867 2
0.969076 0.60676 2
0.950348 0.177534 4
0.947397 0.166879 4
0.91758 0.00719599 8
0.940939 0.0841213 5
0.93627 0.0755338 5
0.981447 0.706606 2
0.890492 0.000194606 12
0.899368 0.0022667 9
0.947873 0.28905 3
0.948672 0.291966 3
0.888441 0.000184047 12
0.935072 0.134785 4
0.942364 0.151665 4
0.927552 0.0636834 5
0.912088 0.0124366 7
0.955791 0.322738 3
0.909967 0.0119261 7
0.933604 0.131975 4
0.872364 1.05105e-06 18
0.95397 0.31397 3
0.904534 0.00524287 8
0.947534 0.518365 2
0.946212 0.514998 2
0.850968 2.99031e-06 16
0.863208 0.000107035 12
0.962358 1 1
0.878707 0.00346793 8
0.900765 0.0453765 5
0.922345 0.23111 3
0.927273 0.23849 3
0.889662 0.0189778 6
0.909822 0.103125 4
0.8666 0.000257642 11
0.955231 0.541721 2
0.878139 0.0034436 8
0.945197 0.512521 2
0.926945 0.121145 4
0.936793 0.256979 3
0.939164 0.262711 3
0.941995 0.270287 3
0.925776 0.119524 4
0.941904 0.270028 3
0.975037 1 1
0.966424 0.591302 2
0.943556 0.274843 3
0.982357 1 1
0.9335 0.249837 3
0.933006 0.24884 3
0.908067 0.0487349 5
0.958591 0.554333 2
0.940842 0.267097 3
0.91045 0.103615 4
0.922046 0.2307 3
0.907119 0.101117 4
0.967336 1 1
0.917935 0.225446 3
0.977416 1 1
0.940996 0.503192 2
0.947495 0.518262 2
0.959761 0.559139 2
0.945354 0.512898 2
0.962785 1 1
0.96546 1 1
0.893403 0.0197044 6
0.984484 1 1
0.943308 0.508152 2
0.918716 0.111118 4
0.914406 0.106947 4
0.926659 0.237501 3
0.853893 6.0018e-07 18
0.899571 0.0210997 6
0.853429 5.92762e-07 18
0.927484 0.238833 3
0.913326 0.0517309 5
0.873144 0.000288195 11
0.921106 0.113721 4
0.855355 6.2441e-07 18
0.844992 6.80306e-09 23
0.911386 0.0505589 5
0.868208 5.20305e-05 13
0.886855 0.00386528 8
0.926719 0.0331531 6
0.921848 0.0298564 6
0.923637 0.0309823 6
0.856039 1.36106e-11 0
0.907186 0.00273749 9
0.856636 3.20092e-11 30
0.931051 0.0678922 5
0.918782 0.0144074 7
0.878701 2.8868e-06 17
0.92337 0.0308081 6
0.860308 4.50613e-10 27
0.847731 8.84714e-12 0
0.919817 0.0147708 7
0.870866 9.1381e-08 21
0.893291 0.000210803 12
0.942199 0.270865 3
0.939662 0.263982 3
0.934027 0.250922 3
0.875185 0.000134634 12
0.923751 0.116881 4
0.87648 0.000138373 12
0.952465 0.532521 2
0.940019 0.264908 3
0.898737 0.00986123 7
0.943551 0.274827 3
0.880252 0.000329895 11
0.867152 2.25692e-05 14
0.930947 0.244874 3
0.890674 0.00409058 8
0.912642 0.0513082 5
0.907506 0.00276069 9
0.91898 0.0144756 7
0.909295 0.0058216 8
0.971156 0.620137 2
0.914295 0.013021 7
0.978122 0.67447 2
0.940557 0.146975 4
0.945146 0.159651 4
0.955116 0.319408 3
0.945972 0.162218 4
0.958585 0.337588 3
0.967426 0.596942 2
0.890279 9.10738e-05 13
0.989096 1 1
0.939135 0.143533 4
0.974033 1 1
0.962174 0.569791 2
0.890096 0.00877037 7
0.861775 4.57191e-05 13
0.954651 0.539709 2
0.870033 0.000272894 11
0.930113 0.24335 3
0.937944 0.497233 2
0.908718 0.102284 4
0.916962 0.109345 4
0.887327 0.00848151 7
0.858562 1.87479e-05 14
0.978013 1 1
0.878482 0.00155771 9
0.929491 0.242242 3
0.91116 0.00305367 9
0.922287 0.0157146 7
0.920249 0.0149278 7
0.966283 0.389071 3
0.915509 0.00679868 8
0.967265 0.396969 3
0.949782 0.175379 4
0.950361 0.177586 4
0.950288 0.177304 4
0.956585 0.326777 3
0.949333 0.173708 4
0.958457 0.336868 3
0.89323 0.000100043 13
0.984474 0.740098 2
0.937944 0.0783983 5
0.933444 0.249722 3
0.931388 0.245698 3
0.939562 0.263724 3
0.873587 0.000130263 12
0.915453 0.053117 5
0.873557 0.000130185 12
0.949402 0.523417 2
0.93415 0.251178 3
0.892872 0.00423462 8
0.942369 0.271353 3
0.875153 0.000134546 12
0.864789 9.45414e-06 15
0.922179 0.114966 4
0.888493 0.00182919 9
0.905669 0.0227965 6
0.922059 0.0156226 7
0.91793 0.00726753 8
0.928365 0.0344474 6
0.85697 1.43235e-11 0
0.902952 0.000587258 11
0.856699 1.41113e-11 0
0.93108 0.0368175 6
0.91703 0.00708644 8
0.876687 2.56753e-07 20
0.92445 0.0166404 7
0.858814 1.5877e-11 0
0.848154 9.0344e-12 0
0.914271 0.00657989 8
0.871434 1.91505e-08 23
0.890416 4.3184e-05 14
0.97339 0.635862 2
0.970616 0.616555 2
0.916088 0.0135406 7
0.884277 1.64359e-05 15
0.954551 0.316692 3
0.89023 9.09365e-05 13
0.958291 0.335936 3
0.960674 0.349908 3
0.922354 0.0301657 6
0.944916 0.158952 4
0.901617 0.00115652 10
0.879195 2.93853e-06 17
0.958709 0.338289 3
0.901213 0.001144 10
0.939825 0.145178 4
0.90376 0.00250997 9
0.910208 0.00594777 8
0.97731 0.667284 2
0.920925 0.0293095 6
0.896248 0.00100825 10
0.912299 0.0124899 7
0.957481 0.331504 3
0.93479 0.134232 4
0.905237 0.00260353 9
0.969413 0.608852 2
0.896484 0.00101401 10
0.907677 0.00561079 8
0.886174 8.06244e-05 13
0.931174 0.0680526 5
0.904866 0.00257942 9
14 7 9 14 25 26 29 32 33 34 37 40 41 44 47 
19 7 9 12 14 25 26 28 29 32 33 34 37 40 41 42 44 46 47 48 
33 0 1 2 4 6 7 8 9 10 12 14 16 20 24 25 26 27 28 29 30 31 32 33 34 35 37 40 41 42 44 46 47 48 
47 0 1 2 3 4 5 6 7 8 9 10 11 12 13 14 15 16 17 18 19 20 21 22 23 24 25 26 27 28 29 30 31 33 34 35 36 37 38 39 40 42 43 44 45 46 48 49 
16 7 9 12 14 25 26 28 29 32 33 34 37 40 41 44 47 
47 0 1 2 3 4 5 6 7 8 9 10 11 12 13 14 15 16 18 19 20 21 22 23 24 25 26 27 28 29 30 31 33 34 35 36 37 38 39 40 41 42 43 44 45 46 48 49 
30 0 1 4 7 8 9 10 12 14 20 24 25 26 27 28 29 30 31 32 33 34 35 37 40 41 42 44 46 47 48 
27 0 1 4 7 8 9 12 14 20 24 25 26 28 29 30 31 32 33 34 37 40 41 42 44 46 47 48 
46 0 1 2 3 4 6 7 8 9 10 11 12 13 14 15 16 17 18 19 20 22 23 24 25 26 27 28 29 32 33 34 35 36 37 38 39 40 41 42 43 44 45 46 47 48 49 
34 0 1 2 4 6 7 8 9 10 12 14 15 16 20 24 25 26 27 28 29 30 31 32 33 34 35 37 40 41 42 44 46 47 48 
37 0 1 2 4 5 6 7 8 9 10 12 13 14 15 16 20 23 24 25 26 27 28 29 30 31 32 33 34 35 37 38 40 41 42 44 46 48 
46 0 1 2 3 4 5 6 7 8 9 10 11 12 13 14 15 16 17 18 19 20 21 22 23 24 25 26 27 28 29 30 31 33 35 36 37 38 39 40 42 43 44 45 46 48 49 
0 
46 0 1 2 3 4 5 6 7 8 9 10 11 12 13 14 15 16 18 20 23 24 25 26 27 28 29 30 31 32 33 34 35 36 37 38 39 40 41 42 43 44 45 46 47 48 49 
31 1 2 3 4 6 7 8 9 12 14 15 16 20 24 25 26 28 29 32 33 34 35 37 40 41 42 44 46 47 48 49 
