60 15 8e+06
2.41918 107981
1.97668 119582
1.8546 131489
2.6729 174564
2.69184 189109
1.6241 115606
1.06346 103240
2.294 141227
1.80998 119057
1.31866 142805
2.86058 167314
1.40014 134444
2.08611 135864
1.44497 111864
1.0977 156062
2.50527 167784
2.63025 107779
1.97521 189613
2.96214 107329
2.95777 162783
1.98512 194153
2.65528 113532
1.05178 124444
1.86084 154275
2.80108 149571
2.6064 156611
2.08947 142097
1.10338 122783
2.55839 135204
2.22296 113182
2.41642 191393
1.78551 169294
2.1876 124393
1.39285 174839
1.95687 145425
1.80319 146525
1.7557 160735
2.08218 152033
1.66663 148522
2.60113 141931
2.03078 106397
1.77065 102336
1.84988 172514
2.93887 168918
2.76192 123385
1.81692 179742
1.85831 158960
1.70532 102009
1.40698 196927
1.73039 108470
2.63298 146142
1.49344 174227
2.11319 126718
2.49697 184814
2.33737 148722
2.20804 191362
1.51142 154442
1.59758 120356
2.18572 132759
1.33921 198427
0.90248 0.00243399 9
0.875893 2.61723e-06 17
0.932313 0.0695775 5
0.875995 2.62639e-06 17
0.878618 6.28136e-06 16
0.912518 0.0125459 7
0.929082 0.0654442 5
0.865688 3.31679e-08 22
0.892301 0.000204822 12
0.880797 1.46827e-05 15
0.922183 0.0300599 6
0.886875 8.22641e-05 13
0.885699 3.70008e-05 14
0.866465 3.42368e-08 22
0.931611 0.0686292 5
0.975593 1 1
0.949969 0.525024 2
0.920719 0.113284 4
0.955256 0.541809 2
0.911529 0.0506426 5
0.91072 0.0501754 5
0.932516 0.247868 3
0.934744 0.25243 3
0.971319 1 1
0.959067 0.556261 2
0.990119 1 1
0.965949 0.588709 2
0.944438 0.510728 2
0.937125 0.257751 3
0.955701 0.543386 2
0.921989 0.114742 4
0.910266 0.0499195 5
0.966184 0.589987 2
0.902459 0.0218576 6
0.918517 0.110912 4
0.947272 0.517684 2
0.969261 0.607903 2
0.882345 0.000753176 10
0.916089 0.0535531 5
0.904727 0.0225095 6
0.951631 0.529936 2
0.911215 0.0504596 5
0.924875 0.118323 4
0.88426 0.00170298 9
0.973621 1 1
0.888679 0.00039657 11
0.913091 0.02546 6
0.95823 0.552897 2
0.887637 0.000180176 12
0.973343 0.635517 2
0.976127 0.657246 2
0.962345 0.570589 2
0.856256 1.93908e-09 25
0.891376 0.000423449 11
0.884275 7.64482e-05 13
0.91809 0.0277647 6
0.889252 0.000402015 11
0.941533 0.26899 3
0.859415 1.14422e-08 23
0.946792 0.285254 3
0.955939 0.544241 2
0.986597 1 1
0.899436 0.044844 5
0.978429 1 1
0.917952 0.110333 4
0.896947 0.0204722 6
0.912889 0.105618 4
0.940473 0.502124 2
0.969399 1 1
0.970598 1 1
0.953545 0.535995 2
0.972095 1 1
0.959542 0.558222 2
0.944541 0.510969 2
0.932005 0.246873 3
0.897516 0.0441114 5
0.88475 0.00823341 7
0.962527 1 1
0.876901 0.00152239 9
0.902898 0.0462771 5
0.942659 0.506716 2
0.955151 0.541441 2
0.858963 4.33429e-05 13
0.890684 0.0191684 6
0.879466 0.00350101 8
0.92489 0.234767 3
0.885782 0.00833048 7
0.90108 0.0455055 5
0.860567 4.46741e-05 13
0.947802 0.519069 2
0.958631 0.554495 2
0.979955 1 1
0.914903 0.221974 3
0.966779 1 1
0.927675 0.239148 3
0.911391 0.10437 4
0.928518 0.24056 3
0.931894 0.487089 2
0.967925 1 1
0.962822 1 1
0.967708 1 1
0.967396 1 1
0.968298 1 1
0.935569 0.493009 2
0.948307 0.520413 2
0.910609 0.0501124 5
0.903238 0.0220757 6
0.97646 1 1
0.892843 0.00423264 8
0.9209 0.113488 4
0.956021 0.544536 2
0.974367 1 1
0.871539 5.58946e-05 13
0.905493 0.022742 6
0.894487 0.00434808 8
0.940792 0.266963 3
0.900868 0.0101861 7
0.920782 0.113355 4
0.873549 0.000130162 12
0.968023 0.600421 2
0.922932 0.115869 4
0.925199 0.235233 3
0.972936 1 1
0.910647 0.0501339 5
0.94066 0.502504 2
0.96137 0.566127 2
0.985582 1 1
0.884703 0.00375047 8
0.920913 0.113503 4
0.910714 0.0501719 5
0.95542 0.542387 2
0.916957 0.109341 4
0.94465 0.511225 2
0.88726 0.00388785 8
0.989705 1 1
0.926294 0.0328352 6
0.886239 1.75729e-05 15
0.910279 0.002978 9
0.895345 0.000224206 12
0.868983 1.71103e-08 23
0.891853 9.56867e-05 13
0.912835 0.00634226 8
0.893114 9.96609e-05 13
0.913335 0.00642325 8
0.902296 0.00117815 10
0.933956 0.0719207 5
0.90774 0.00277788 9
0.88751 1.83756e-05 15
0.893113 9.96588e-05 13
0.925715 0.0324115 6
0.896949 0.000490793 11
0.858311 7.94124e-11 29
0.895056 0.000222237 12
0.866752 6.93936e-09 24
0.847488 8.74171e-12 0
0.876071 5.47525e-07 19
0.894079 0.000215782 12
0.866627 6.89959e-09 24
0.884203 7.62234e-06 16
0.873651 2.26258e-07 20
0.904897 0.00126797 10
0.878808 1.33052e-06 18
0.861411 4.75641e-10 27
0.866266 6.78654e-09 24
0.902039 0.00116989 10
0.929947 0.0357908 6
0.890429 4.32031e-05 14
0.913478 0.00644672 8
0.899108 0.000252753 12
0.872954 4.52942e-08 22
0.895183 0.000106787 13
0.916493 0.00698238 8
0.895858 0.000109288 13
0.917124 0.00710509 8
0.905929 0.00130702 10
0.938445 0.0792999 5
0.911487 0.00308257 9
0.891815 4.53345e-05 14
0.89599 0.000228709 12
0.929929 0.0357748 6
0.94016 0.265279 3
0.898589 0.0208584 6
0.912652 0.0513143 5
0.908725 0.0490797 5
0.876474 0.000306427 11
0.8952 0.00937505 7
0.917309 0.109688 4
0.905828 0.0476181 5
0.926999 0.238046 3
0.91581 0.108238 4
0.946257 0.515109 2
0.921326 0.113972 4
0.898094 0.0207398 6
0.905992 0.0476972 5
0.933182 0.249192 3
0.874091 1.04789e-07 21
0.867713 7.2552e-09 24
0.95823 0.335599 3
0.856284 1.37941e-11 0
0.898887 0.000518789 11
0.944516 0.157756 4
0.945229 0.159905 4
0.836486 5.22966e-12 0
0.868533 7.54029e-09 24
0.857893 1.50765e-11 0
0.902358 0.000576338 11
0.864025 5.42459e-10 27
0.887513 1.83771e-05 15
0.838258 5.66156e-12 0
0.929588 0.0354772 6
0.99021 1 1
0.944932 0.279102 3
0.890579 0.00408463 8
0.97124 0.620705 2
0.88832 0.00394828 8
0.881541 0.00074227 10
0.902168 0.0217779 6
0.966171 0.589913 2
0.987415 1 1
0.980954 1 1
0.957716 0.550884 2
0.984131 1 1
0.926057 0.119907 4
0.968222 0.601595 2
0.924558 0.117911 4
0.943969 0.509645 2
0.898723 0.0445674 5
0.904905 0.0471819 5
0.911718 0.104637 4
0.8718 0.000631286 10
0.888054 0.00855494 7
0.910288 0.103488 4
0.912017 0.104884 4
0.930116 0.243355 3
0.919452 0.227306 3
0.944564 0.511022 2
0.92456 0.234276 3
0.895709 0.0201944 6
0.91187 0.104762 4
0.927387 0.238675 3
0.857774 6.67672e-07 18
0.861938 1.70912e-06 17
0.953682 0.536446 2
0.845182 1.25522e-09 25
0.90782 0.0234909 6
0.952928 0.533991 2
0.939917 0.264642 3
0.821468 2.76768e-12 0
0.854723 1.15945e-07 20
0.845106 1.25172e-09 25
0.887489 0.00179748 9
0.850927 1.92887e-08 22
0.885637 0.00174194 9
0.823678 3.02974e-12 0
0.91846 0.110853 4
0.952669 0.533164 2
0.987848 1 1
0.910979 0.0246212 6
0.966763 0.593186 2
0.929429 0.12485 4
0.909019 0.0239037 6
0.924664 0.118047 4
0.930078 0.125879 4
0.963537 0.576286 2
0.960847 0.563804 2
0.959952 0.559941 2
0.964235 0.579758 2
0.97135 0.621444 2
0.933948 0.132618 4
0.943084 0.273433 3
0.93022 0.0668339 5
0.980948 0.701495 2
0.91067 0.00601358 8
0.947532 0.167335 4
0.944882 0.15885 4
0.913704 0.00648422 8
0.92408 0.0312758 6
0.910717 0.00602035 8
0.941013 0.148124 4
0.939972 0.145534 4
0.942251 0.15136 4
0.942285 0.151452 4
0.9839 0.73341 2
0.914685 0.00665157 8
0.936842 0.0764874 5
0.902156 0.00499636 8
0.920311 0.0567455 5
0.970834 0.61799 2
0.897721 0.00218709 9
0.964596 0.581591 2
0.980336 1 1
0.978849 0.681116 2
0.867597 2.00957e-06 17
0.903535 0.0106316 7
0.895369 0.00208271 9
0.932933 0.130746 4
0.900823 0.0048687 8
0.94723 0.286774 3
0.870601 4.90764e-06 16
0.963624 0.576714 2
0.897635 0.00459041 8
0.869065 1.05204e-05 15
0.924253 0.117517 4
0.870411 1.08957e-05 15
0.870669 1.09703e-05 15
0.904669 0.0108359 7
0.920724 0.0570877 5
0.861862 7.51173e-07 18
0.88695 0.000822331 10
0.87557 6.12688e-05 13
0.915492 0.0531429 5
0.88151 0.000338473 11
0.878068 0.000143216 12
0.862431 7.63997e-07 18
0.923366 0.116401 4
0.920437 0.02903 6
0.959442 0.342505 3
0.930143 0.0667373 5
0.929252 0.0656472 5
0.966944 0.5942 2
0.935717 0.136075 4
0.943081 0.15363 4
0.893944 0.000214918 12
0.927887 0.0640594 5
0.923608 0.0309636 6
0.94214 0.151062 4
0.92745 0.0635709 5
0.989359 1 1
0.897634 0.000500382 11
0.950198 0.297813 3
0.9154 0.107855 4
0.907614 0.101472 4
0.974274 1 1
0.897577 0.020618 6
0.922386 0.231167 3
0.95463 0.539636 2
0.975228 1 1
0.876147 0.00150615 9
0.910327 0.103518 4
0.899262 0.0447761 5
0.945815 0.514019 2
0.905678 0.0475464 5
0.924509 0.2342 3
0.878185 0.00155094 9
0.972549 1 1
0.877622 2.9259e-05 14
0.877905 2.9484e-05 14
0.972556 0.629816 2
0.863122 6.75669e-08 21
0.915529 0.0265235 6
0.962583 0.571705 2
0.95818 0.552697 2
0.840218 6.18923e-12 0
0.873803 5.39471e-06 16
0.863649 1.55383e-07 20
0.907644 0.0114182 7
0.869696 9.6011e-07 18
0.900084 0.00480092 8
0.842349 6.83133e-12 0
0.938297 0.141605 4
0.925785 0.0617902 5
0.902012 0.0049822 8
0.946284 0.283529 3
0.900747 0.00486159 8
0.899821 0.00228964 9
0.927076 0.0631589 5
0.948301 0.290603 3
0.886594 0.000175362 12
0.916753 0.0270996 6
0.904926 0.00528605 8
0.949223 0.294038 3
0.911325 0.0122474 7
0.911382 0.0122613 7
0.887881 0.000389202 11
0.957243 0.549071 2
0.940929 0.147911 4
0.995174 1 1
0.904749 0.00257189 9
0.961166 0.352977 3
0.932251 0.0694929 5
0.905327 0.00260945 9
0.918345 0.014259 7
0.923822 0.0311039 6
0.953002 0.309575 3
0.953156 0.310263 3
0.947186 0.166169 4
0.954947 0.318591 3
0.973544 0.636997 2
0.927866 0.0640351 5
0.934311 0.07245 5
0.913193 0.0064 8
0.951616 0.182571 4
0.932349 0.0696273 5
0.921402 0.0153633 7
0.97513 0.649167 2
0.940106 0.0824478 5
0.944516 0.157757 4
0.886395 8.26975e-06 16
0.920224 0.0149184 7
0.915817 0.00685526 8
0.936111 0.075273 5
0.919683 0.0147228 7
0.981019 0.702212 2
0.89005 4.2647e-05 14
0.948139 0.169426 4
0.926929 0.063 5
0.978428 0.677238 2
0.909088 0.00579381 8
0.944967 0.159107 4
0.945765 0.161568 4
0.912833 0.0126274 7
0.92236 0.030169 6
0.908255 0.00568435 8
0.937859 0.140622 4
0.937182 0.139139 4
0.938853 0.142877 4
0.939282 0.14388 4
0.982427 0.716982 2
0.912237 0.0124741 7
0.934334 0.0724852 5
0.955409 0.542347 2
0.966737 1 1
0.92912 0.241593 3
0.953457 0.535706 2
0.93426 0.490819 2
0.924274 0.233853 3
0.942814 0.507057 2
0.921993 0.230628 3
0.95993 0.55985 2
0.951671 0.530057 2
0.977485 1 1
0.957437 0.549809 2
0.969535 1 1
0.92528 0.235355 3
0.963421 1 1
0.945462 0.280808 3
0.895979 0.00100174 10
0.892461 0.000435215 11
0.913075 0.0126908 7
0.86302 1.32294e-08 23
0.876338 5.8355e-06 16
0.898505 0.00106607 10
0.919042 0.0282621 6
0.931106 0.0679641 5
0.921677 0.0297531 6
0.937999 0.140934 4
0.925944 0.0619545 5
0.889547 0.000189618 12
0.918298 0.0278714 6
0.916647 0.0270484 6
0.978981 0.682339 2
0.936655 0.138016 4
0.879633 6.76452e-05 13
0.966944 0.5942 2
0.87782 2.94162e-05 14
0.870504 2.19578e-06 17
0.890957 0.00089359 10
0.976975 0.664394 2
0.977054 0.665065 2
0.977046 0.665 2
0.945924 0.282325 3
0.976461 0.660033 2
0.91576 0.0266299 6
0.978045 0.673772 2
0.91309 0.0254596 6
0.972246 1 1
0.918521 0.110916 4
0.891338 0.00890829 7
0.940063 0.265025 3
0.874111 0.000293277 11
0.87818 0.000699876 10
0.900418 0.0213142 6
0.946339 0.515314 2
0.957812 0.551256 2
0.949357 0.523292 2
0.951735 0.530253 2
0.953044 0.534365 2
0.90649 0.04794 5
0.946008 0.514492 2
0.921796 0.114516 4
0.981262 1 1
0.935561 0.254203 3
0.881572 0.000742683 10
0.964778 0.582522 2
0.878167 0.000316542 11
0.872025 0.00012623 12
0.892737 0.00422539 8
0.973696 1 1
0.976878 1 1
0.974954 1 1
0.947896 0.519317 2
0.975351 1 1
0.915669 0.0532639 5
0.974507 1 1
0.914933 0.0527672 5
0.894586 0.00205021 9
0.920568 0.0569571 5
0.956154 0.545018 2
0.894572 0.00204966 9
0.978964 0.682184 2
0.971303 0.621132 2
0.962924 0.57332 2
0.862616 1.49934e-07 20
0.897826 0.00219197 9
0.890964 0.000893721 10
0.923558 0.0595976 5
0.895859 0.00210364 9
0.949287 0.29428 3
0.86585 3.77237e-07 19
0.950653 0.299629 3
0.950206 0.525703 2
0.909768 0.103083 4
0.91793 0.11031 4
0.919132 0.111556 4
0.885611 0.00379796 8
0.901406 0.0456405 5
0.924165 0.233693 3
0.913399 0.106057 4
0.937476 0.496373 2
0.925878 0.236273 3
0.957961 0.551838 2
0.931695 0.246279 3
0.908921 0.102437 4
0.913951 0.106541 4
0.942071 0.505445 2
0.979622 1 1
0.94609 0.514695 2
0.917003 0.109385 4
0.954908 0.540592 2
0.906165 0.0477812 5
0.906328 0.0478605 5
0.928354 0.240281 3
0.937742 0.49686 2
0.972491 1 1
0.959944 0.559909 2
0.985432 1 1
0.966708 1 1
0.939057 0.499333 2
0.939853 0.500885 2
0.951401 0.529236 2
0.969349 0.608452 2
0.933831 0.132397 4
0.92237 0.0585098 5
0.94135 0.268485 3
0.90244 0.0104431 7
0.909261 0.0239892 6
0.932235 0.129503 4
0.927953 0.122605 4
0.95926 0.557052 2
0.9469 0.285626 3
0.981806 1 1
0.953404 0.535533 2
0.930935 0.127281 4
0.929514 0.124984 4
0.954415 0.538902 2
0.912662 0.0513204 5
0.925018 0.118511 4
0.974644 0.645357 2
0.905343 0.022696 6
0.955342 0.542111 2
0.97324 0.634756 2
0.988031 1 1
0.876533 6.26849e-05 13
0.912883 0.0514556 5
0.903884 0.0106934 7
0.944369 0.277332 3
0.90969 0.024143 6
0.949369 0.294592 3
0.879392 0.000147493 12
0.976669 1 1
0.9287 0.123725 4
0.90503 0.0226008 6
0.946476 0.284176 3
0.903787 0.0106762 7
0.901636 0.0103097 7
0.927601 0.12209 4
0.949361 0.29456 3
0.889283 0.001855 9
0.919785 0.0563177 5
0.907925 0.0235264 6
0.952462 0.53251 2
0.914354 0.0523865 5
0.914108 0.0522272 5
0.890621 0.0019005 9
0.959614 0.558523 2
0.880038 0.000722696 10
0.87489 0.00013381 12
0.966251 0.590353 2
0.862859 3.97629e-06 16
0.906019 0.0229056 6
0.951569 0.529746 2
0.953222 0.534941 2
0.842212 4.80013e-10 26
0.874865 0.00013374 12
0.864256 9.33323e-06 15
0.908972 0.0492114 5
0.870414 5.45363e-05 13
0.895012 0.00935096 7
0.844089 1.2057e-09 25
0.937108 0.25771 3
0.871292 2.25071e-06 17
0.866582 3.86688e-07 19
0.958398 0.553561 2
0.854277 1.78673e-09 25
0.900193 0.00481074 8
0.946323 0.28366 3
0.94486 0.278874 3
0.833832 4.65304e-12 0
0.866122 3.80717e-07 19
0.855622 4.32144e-09 24
0.899888 0.00478327 8
0.861717 6.41968e-08 21
0.887079 0.000382058 11
0.835675 5.04489e-12 0
0.927957 0.122611 4
0.979745 0.689593 2
0.930615 0.0363894 6
0.906329 0.00132271 10
0.946522 0.163984 4
0.889773 4.22482e-05 14
0.893648 0.000101426 13
0.916131 0.00691381 8
0.941228 0.148673 4
0.965627 0.383983 3
0.954315 0.315581 3
0.968967 0.606094 2
0.959829 0.344791 3
0.921568 0.015428 7
0.942164 0.151126 4
0.938203 0.0788627 5
0.958049 0.552182 2
0.926056 0.236549 3
0.861195 8.68333e-06 15
0.958824 0.555273 2
0.863357 2.07412e-05 14
0.852956 2.53454e-07 19
0.872548 0.000285145 11
0.995683 1 1
0.959764 0.559148 2
0.966246 0.590322 2
0.926096 0.236613 3
0.961896 0.568508 2
0.901876 0.0216984 6
0.991933 1 1
0.894146 0.00924162 7
0.896628 0.043786 5
0.934386 0.491025 2
0.932672 0.248174 3
0.904193 0.099117 4
0.99231 1 1
0.945491 0.513228 2
0.942249 0.505827 2
0.869765 0.00061206 10
0.903078 0.0463556 5
0.898631 0.0445318 5
0.920939 0.229217 3
0.902448 0.0460821 5
0.962683 1 1
0.873357 0.00144897 9
0.938757 0.498758 2
0.916287 0.0268768 6
0.872634 1.06096e-06 18
0.893181 0.000443356 11
0.88487 7.77166e-05 13
0.852338 2.56673e-11 30
0.874904 2.53126e-06 17
0.89527 0.000984995 10
0.887906 0.000181456 12
0.902708 0.00244717 9
0.892567 0.000436398 11
0.918491 0.0279716 6
0.897362 0.00103603 10
0.871789 1.03041e-06 18
0.887275 8.32244e-05 13
0.907958 0.00564634 8
0.91254 0.00629549 8
0.882462 7.16127e-06 16
0.928928 0.065262 5
0.884773 1.67125e-05 15
0.879062 2.92445e-06 17
0.909284 0.00582015 8
0.928056 0.0642511 5
0.875972 1.19557e-06 18
0.901657 0.00115777 10
0.890099 9.05692e-05 13
0.930046 0.0666169 5
0.89612 0.000479608 11
0.88999 9.0267e-05 13
0.87662 1.22462e-06 18
0.934559 0.072826 5
0.891026 9.32164e-05 13
0.873111 2.21372e-07 20
0.946595 0.164222 4
0.868045 3.65565e-08 22
0.88782 3.95943e-05 14
0.927372 0.0336551 6
0.939286 0.143889 4
0.853259 1.17275e-11 0
0.882804 7.2484e-06 16
0.871472 9.37143e-08 21
0.915543 0.013378 7
0.877691 1.27486e-06 18
0.887522 3.92127e-05 14
0.854499 1.25252e-11 0
0.934148 0.0722072 5
0.919377 0.0559919 5
0.884076 0.000357341 11
0.919217 0.0558661 5
0.889821 0.000872195 10
0.873565 2.63208e-05 14
0.900107 0.00480296 8
0.920174 0.0566329 5
0.88427 0.000358843 11
0.907372 0.0233415 6
0.89599 0.00446006 8
0.932256 0.12954 4
0.901763 0.0103305 7
0.888463 0.000847888 10
0.884594 0.000361388 11
0.930189 0.126059 4
0.936681 0.256722 3
0.989337 1 1
0.907365 0.0233395 6
0.955581 0.542957 2
0.937445 0.258502 3
0.908896 0.0238603 6
0.920928 0.113519 4
0.91845 0.0552722 5
0.948194 0.52011 2
0.947779 0.519008 2
0.945549 0.281093 3
0.949824 0.52461 2
0.978282 1 1
0.922462 0.115302 4
0.935701 0.254512 3
0.958716 0.554837 2
0.931616 0.24613 3
0.863001 0.000106644 12
0.964587 1 1
0.867588 0.000261875 11
0.855478 1.76183e-05 14
0.874669 0.00147528 9
0.996384 1 1
0.962873 1 1
0.971076 1 1
0.927782 0.239325 3
0.96589 1 1
0.906556 0.100719 4
0.999106 1 1
0.89617 0.0436215 5
0.958125 0.552483 2
0.960895 0.564016 2
0.931477 0.128193 4
0.951381 0.30261 3
0.93087 0.127174 4
0.924968 0.0609618 5
0.94486 0.278874 3
0.92221 0.0583671 5
0.960464 0.562135 2
0.950917 0.300698 3
0.983819 1 1
0.957144 0.548693 2
0.963708 0.577127 2
0.925274 0.0612687 5
0.966831 0.593567 2
0.88928 0.00868259 7
0.923101 0.232165 3
0.939043 0.499305 2
0.89416 0.0198614 6
0.994176 1 1
0.954635 0.539653 2
0.94643 0.515542 2
0.860636 1.95714e-05 14
0.894522 0.0199377 6
0.889239 0.00867827 7
0.915584 0.108026 4
0.893419 0.0197076 6
0.951793 0.530429 2
0.864095 4.78432e-05 13
0.937958 0.259729 3
0.985945 1 1
0.931342 0.127965 4
0.891175 0.000897818 10
0.955108 0.541291 2
0.881019 0.000153067 12
0.879918 6.8135e-05 13
0.901599 0.0049421 8
0.958378 0.553482 2
0.972507 0.629473 2
0.964662 0.581926 2
0.956523 0.546372 2
0.968098 0.600861 2
0.916162 0.0268177 6
0.958862 0.555428 2
0.923838 0.0598621 5
0.941744 0.150014 4
0.900704 0.00054763 11
0.91447 0.00661419 8
0.910446 0.00299212 9
0.878676 1.32378e-06 18
0.897113 0.00023692 12
0.919349 0.0146041 7
0.906774 0.00270808 9
0.928718 0.0347388 6
0.917415 0.0139539 7
0.948607 0.171076 4
0.923017 0.0160162 7
0.900382 0.000542323 11
0.907034 0.00272654 9
0.935474 0.0742473 5
0.975566 0.652664 2
0.93015 0.125995 4
0.911369 0.0247706 6
0.943464 0.274565 3
0.892758 0.00422685 8
0.898258 0.00979165 7
0.920962 0.0572873 5
0.935954 0.255074 3
0.962422 0.570948 2
0.950635 0.526953 2
0.972304 0.628038 2
0.956514 0.546339 2
0.923227 0.116231 4
0.937021 0.257509 3
0.942895 0.272878 3
0.968688 0.604394 2
0.963601 0.576601 2
0.88676 0.000176112 12
0.9966 1 1
0.8974 0.0021722 9
0.881444 3.25551e-05 14
0.899533 0.00227498 9
0.963064 0.573993 2
0.983144 1 1
0.992865 1 1
0.949577 0.29539 3
0.989145 1 1
0.937886 0.140683 4
0.967174 0.595505 2
0.920604 0.0291248 6
0.967289 0.596157 2
0.913703 0.0128585 7
0.888057 8.51569e-05 13
0.935758 0.136159 4
0.869663 1.93408e-07 20
0.874552 1.13543e-06 18
0.896771 0.000488354 11
0.94452 0.157766 4
0.953102 0.31002 3
0.94517 0.159724 4
0.947025 0.286058 3
0.948532 0.291448 3
0.901662 0.00115795 10
0.943823 0.15573 4
0.917814 0.0140832 7
0.93961 0.263849 3
0.893897 0.00430585 8
0.901399 0.0102712 7
0.907391 0.023348 6
0.867276 1.00523e-05 15
0.884313 0.000781256 10
0.9063 0.0229946 6
0.909114 0.0239372 6
0.925677 0.119389 4
0.915271 0.0529936 5
0.939367 0.263225 3
0.920204 0.112712 4
0.890789 0.00190638 9
0.908776 0.0238185 6
0.922817 0.11573 4
0.923853 0.23324 3
0.879307 0.00157684 9
0.895479 0.0201438 6
0.892151 0.00900156 7
0.85675 3.41838e-06 16
0.877522 0.00153607 9
0.898493 0.0208353 6
0.895161 0.0200746 6
0.910122 0.103358 4
0.899959 0.0211971 6
0.925012 0.234951 3
0.904753 0.0471113 5
0.877613 0.0015381 9
0.894573 0.0199486 6
0.91248 0.105271 4
0.930967 0.0677842 5
0.896055 0.00100358 10
0.92481 0.0608044 5
0.901568 0.00238253 9
0.882813 3.38864e-05 14
0.906275 0.00544031 8
0.927731 0.0638841 5
0.894297 0.000456527 11
0.919205 0.0283493 6
0.907569 0.00559728 8
0.944882 0.15885 4
0.913526 0.0128108 7
0.899845 0.00110337 10
0.894869 0.000463557 11
0.940422 0.146639 4
25 9 10 11 12 14 15 20 29 30 31 32 34 41 42 44 45 47 49 52 53 54 56 57 58 59 
56 0 1 2 3 4 5 6 7 8 9 10 11 12 13 14 15 16 17 19 20 21 22 23 24 26 28 29 30 31 32 33 34 35 36 37 38 39 40 41 42 43 44 45 46 47 49 50 51 52 53 54 55 56 57 58 59 
41 0 1 2 5 7 9 10 11 12 13 14 15 16 20 22 23 24 29 30 31 32 34 35 36 38 39 40 41 42 44 45 46 47 49 52 53 54 56 57 58 59 
43 0 1 2 5 7 8 9 10 11 12 14 15 16 20 22 23 24 29 30 31 32 34 35 36 38 39 40 41 42 44 45 46 47 49 50 52 53 54 55 56 57 58 59 
58 0 1 2 3 4 5 6 7 8 9 11 12 13 14 15 16 17 18 19 20 21 22 23 24 25 26 27 28 29 30 31 32 33 34 35 36 37 38 39 40 41 42 44 45 46 47 48 49 50 51 52 53 54 55 56 57 58 59 
49 0 1 2 4 5 6 7 8 9 10 11 12 13 14 15 16 17 20 22 23 24 28 29 30 31 32 34 35 36 37 38 39 40 41 42 44 45 46 47 49 50 52 53 54 55 56 57 58 59 
47 0 1 2 4 5 6 7 8 9 10 11 12 13 14 15 17 20 22 23 24 28 29 30 31 32 34 35 36 38 39 40 41 42 44 45 46 47 49 50 52 53 54 55 56 57 58 59 
34 0 2 5 7 9 10 11 12 14 15 20 22 24 29 30 31 32 34 35 36 38 39 41 42 44 45 47 52 53 54 56 57 58 59 
41 0 1 2 5 7 9 10 11 12 13 14 15 16 20 22 23 24 29 30 31 32 34 35 36 38 39 40 41 42 44 45 46 47 49 52 53 54 56 57 58 59 
47 0 1 2 3 5 7 8 9 10 11 12 14 15 16 19 20 22 23 24 28 29 30 31 32 33 34 35 36 37 38 39 40 41 42 44 45 46 47 49 50 52 53 54 56 57 58 59 
33 0 1 9 10 11 12 14 15 20 24 29 30 31 32 34 35 36 38 41 42 44 45 46 47 49 52 53 54 55 56 57 58 59 
38 0 1 2 5 7 9 10 11 12 13 14 15 20 22 24 29 30 31 32 34 35 36 38 39 41 42 44 45 46 47 49 52 53 54 56 57 58 59 
52 0 1 2 4 5 6 7 8 9 10 11 12 13 14 15 16 17 19 20 22 23 24 25 28 29 30 31 32 34 35 36 37 38 39 40 41 42 44 45 46 47 48 49 50 52 53 54 55 56 57 58 59 
40 0 1 2 5 7 8 9 10 11 12 14 15 19 20 22 24 29 30 31 32 34 35 36 37 38 39 41 42 44 45 47 49 50 52 53 54 56 57 58 59 
42 0 1 2 5 7 8 9 10 11 12 13 14 15 16 20 22 23 24 29 30 31 32 34 35 36 38 39 40 41 42 44 45 46 47 49 52 53 54 56 57 58 59 
