70 15 8e+06
1.35041 146711
2.36755 117114
1.84095 129758
1.02378 167152
1.12026 180108
1.95117 133485
1.29804 147958
2.36701 133066
2.13931 182013
1.43406 145452
2.72314 146668
2.28296 116008
2.0438 129112
2.23801 133383
1.56207 193871
1.3602 129735
1.03109 114105
2.90668 131991
2.22527 173286
2.60893 145641
1.42589 138525
1.74733 181762
2.58439 182550
1.89902 156307
1.97734 137132
1.37617 141706
2.17313 169493
1.75845 121370
1.18869 179760
1.81397 101578
1.55198 175714
2.03963 199486
1.72418 108955
2.10991 169191
1.66778 129570
1.23242 102518
1.94874 197487
1.63737 146251
1.88623 119776
1.67353 106559
1.91964 176088
2.45987 144513
1.35521 109379
1.07535 131042
2.83923 166578
2.84444 173723
2.57883 114286
2.25761 177842
1.48496 168557
1.40674 163698
2.68781 124555
2.38269 173389
1.31677 185963
2.813 199738
1.82767 105976
1.78877 175970
1.13843 187698
2.36858 159682
2.6091 182364
2.22117 116900
1.09094 137633
1.08655 121703
1.14071 194215
1.70288 142507
1.84387 126161
1.84221 117158
2.54495 129351
1.83049 111252
1.64326 182065
1.52793 191101
0.906277 0.0229872 6
0.919097 0.0557722 5
0.968719 0.604582 2
0.908395 0.0236865 6
0.88651 0.00081518 10
0.887193 0.000826331 10
0.949707 0.295893 3
0.921413 0.0576707 5
0.924984 0.118466 4
0.932201 0.129443 4
0.970287 0.614412 2
0.91974 0.0562816 5
0.925315 0.118904 4
0.929724 0.125316 4
0.927343 0.121715 4
0.878068 6.506e-05 13
0.938258 0.260458 3
0.93678 0.13828 4
0.87983 6.79838e-05 13
0.890734 0.000889314 10
0.887331 0.000384276 11
0.955073 0.541168 2
0.89338 0.00200212 9
0.893932 0.00202382 9
0.909506 0.0240769 6
0.932308 0.129631 4
0.89525 0.0020777 9
0.89241 0.00196511 9
0.898992 0.00470449 8
0.911693 0.0248967 6
0.85011 9.966e-12 0
0.938184 0.141348 4
0.904238 0.00253954 9
0.851618 1.07657e-11 0
0.884342 3.54815e-05 14
0.877744 6.10454e-06 16
0.935447 0.135531 4
0.86489 3.21188e-08 22
0.863948 1.37493e-08 23
0.882716 3.37893e-05 14
0.89826 0.00105948 10
0.868482 1.84977e-07 20
0.861606 5.52418e-09 24
0.868961 1.8833e-07 20
0.888467 8.61992e-05 13
0.886837 0.000820485 10
0.992954 1 1
0.923278 0.116293 4
0.887668 0.000834268 10
0.945105 0.279657 3
0.93815 0.260195 3
0.970741 0.617379 2
0.900476 0.0101244 7
0.894619 0.00435767 8
0.922319 0.0584636 5
0.899469 0.00474603 8
0.908641 0.0237715 6
0.888845 0.000854579 10
0.89959 0.00998808 7
0.935157 0.25332 3
0.864535 3.16656e-08 22
0.975232 0.649981 2
0.909049 0.00578851 8
0.865606 3.30586e-08 22
0.919736 0.028638 6
0.911444 0.0122766 7
0.954187 0.314979 3
0.878689 6.29608e-06 16
0.874605 1.13756e-06 18
0.899376 0.00109005 10
0.8919 0.000202479 12
0.88529 3.65322e-05 14
0.870073 1.96465e-07 20
0.879669 6.50479e-06 16
0.909846 0.00589705 8
0.936108 0.25542 3
0.940588 0.266415 3
0.954363 0.538726 2
0.936868 0.257153 3
0.941745 0.269583 3
0.94654 0.515817 2
0.962167 0.569758 2
0.949821 0.5246 2
0.941933 0.27011 3
0.972902 1 1
0.922684 0.115569 4
0.959205 0.556824 2
0.934535 0.251985 3
0.946648 0.516088 2
0.98672 1 1
0.887491 0.00390084 8
0.960016 0.560216 2
0.904142 0.0223362 6
0.887574 0.00390551 8
0.980641 1 1
0.969298 0.608139 2
0.941933 0.27011 3
0.897813 0.00972823 7
0.888866 0.00398028 8
0.918511 0.110906 4
0.876224 0.000304983 11
0.908698 0.0490657 5
0.881398 0.000740362 10
0.892953 0.00909616 7
0.935124 0.253247 3
0.925458 0.119096 4
0.950963 0.527923 2
0.947335 0.517847 2
0.926131 0.120008 4
0.949771 0.524459 2
0.952507 0.532653 2
0.967968 0.600099 2
0.938767 0.261714 3
0.930983 0.244939 3
0.961554 0.566953 2
0.916543 0.108937 4
0.948341 0.520505 2
0.923786 0.116925 4
0.935701 0.254511 3
0.976484 1 1
0.93343 0.131652 4
0.903116 0.00509288 8
0.983241 0.725932 2
0.935794 0.136232 4
0.884989 7.79736e-05 13
0.889007 0.000186862 12
0.935709 0.136059 4
0.947415 0.287422 3
0.954022 0.314211 3
0.9502 0.297821 3
0.979837 0.690483 2
0.941896 0.150414 4
0.956086 0.324221 3
0.958077 0.334755 3
0.938334 0.141687 4
0.927777 0.122346 4
0.932393 0.247626 3
0.984097 1 1
0.929602 0.242438 3
0.910948 0.0503057 5
0.913263 0.0516913 5
0.965911 0.588504 2
0.943967 0.27609 3
0.943666 0.275173 3
0.95984 0.559471 2
0.955463 0.54254 2
0.945446 0.280756 3
0.940634 0.266537 3
0.949145 0.5227 2
0.956813 0.547449 2
0.946761 0.516376 2
0.919704 0.112167 4
0.984215 1 1
0.948659 0.521365 2
0.909872 0.0497002 5
0.914811 0.107313 4
0.950992 0.52801 2
0.963258 0.574926 2
0.962707 0.572288 2
0.976155 1 1
0.952621 0.533014 2
0.963431 0.575769 2
0.958644 0.554546 2
0.968339 0.602296 2
0.96607 0.589363 2
0.90192 0.0103563 7
0.933969 0.250799 3
0.963151 0.574412 2
0.903826 0.0222441 6
0.897196 0.00964188 7
0.896572 0.00955648 7
0.963344 0.575344 2
0.917552 0.0546 5
0.91887 0.11128 4
0.932248 0.247344 3
0.954686 0.539828 2
0.918264 0.0551307 5
0.917576 0.0546175 5
0.923999 0.117194 4
0.931238 0.245415 3
0.959393 0.557602 2
0.917854 0.225349 3
0.957023 0.548236 2
0.960202 0.561007 2
0.925168 0.235185 3
0.93301 0.248846 3
0.942127 0.505567 2
0.973142 1 1
0.963624 1 1
0.994852 1 1
0.926952 0.237969 3
0.982943 1 1
0.955131 0.541371 2
0.967654 1 1
0.986293 1 1
0.937993 0.497324 2
0.936709 0.494993 2
0.946508 0.515736 2
0.938398 0.498079 2
0.946878 0.516672 2
0.953311 0.53523 2
0.954273 0.538419 2
0.950038 0.525221 2
0.940627 0.502438 2
0.971931 1 1
0.915005 0.10749 4
0.961028 0.564599 2
0.932542 0.247919 3
0.944796 0.511567 2
0.989623 1 1
0.930428 0.126446 4
0.9175 0.0274666 6
0.994416 1 1
0.932577 0.130108 4
0.896923 0.00215052 9
0.900052 0.00479799 8
0.950613 0.29947 3
0.946011 0.282616 3
0.94925 0.294137 3
0.955511 0.542709 2
0.970528 0.615976 2
0.943812 0.275618 3
0.948611 0.291742 3
0.954292 0.315471 3
0.947207 0.286691 3
0.869568 2.38733e-05 14
0.961232 0.565506 2
0.921066 0.113676 4
0.870949 2.4675e-05 14
0.906933 0.0231979 6
0.900766 0.0101698 7
0.95934 0.557383 2
0.884481 0.00078376 10
0.882246 0.000751811 10
0.903821 0.0222428 6
0.908338 0.023667 6
0.88924 0.00185356 9
0.878876 0.000320972 11
0.887414 0.00179515 9
0.911101 0.0503937 5
0.87277 2.58022e-05 14
0.937665 0.259027 3
0.930978 0.127353 4
0.874506 2.69576e-05 14
0.888525 0.000848972 10
0.884594 0.000361388 11
0.951345 0.302458 3
0.887997 0.000839853 10
0.888432 0.000847339 10
0.904288 0.0107662 7
0.927035 0.121274 4
0.890041 0.00188049 9
0.88688 0.000821187 10
0.893471 0.00200568 9
0.906953 0.0232044 6
0.900105 0.0212343 6
0.977736 1 1
0.937215 0.257962 3
0.901041 0.021476 6
0.944245 0.510281 2
0.94031 0.501796 2
0.983494 1 1
0.914243 0.1068 4
0.908589 0.0490082 5
0.936298 0.255847 3
0.911668 0.104596 4
0.922083 0.114852 4
0.902813 0.0462401 5
0.913667 0.106291 4
0.948327 0.520467 2
0.99223 1 1
0.881278 6.87105e-06 16
0.9404 0.146585 4
0.99473 1 1
0.890984 9.30933e-05 13
0.900381 0.00111899 10
0.907338 0.00274843 9
0.985593 0.753604 2
0.984954 0.74581 2
0.962247 0.359951 3
0.922636 0.0303411 6
0.974941 0.64768 2
0.979466 0.686913 2
0.980391 0.695903 2
0.946846 0.165042 4
0.93642 0.137521 4
0.911375 0.0122597 7
0.99315 1 1
0.938665 0.142444 4
0.894138 0.000959314 10
0.898095 0.00220465 9
0.944169 0.276711 3
0.951623 0.30362 3
0.956035 0.323967 3
0.958067 0.334696 3
0.971512 0.62255 2
0.947968 0.289393 3
0.95603 0.323941 3
0.96087 0.563904 2
0.947355 0.287209 3
0.954311 0.538549 2
0.905064 0.0226111 6
0.979246 1 1
0.956602 0.546664 2
0.89736 0.0096646 7
0.90325 0.0220789 6
0.936222 0.255677 3
0.969579 0.609892 2
0.974022 1 1
0.970706 0.617143 2
0.957236 0.549045 2
0.964201 0.579582 2
0.972446 1 1
0.979158 1 1
0.955637 0.543158 2
0.864903 8.23524e-07 18
0.958535 0.554108 2
0.916403 0.0537727 5
0.866279 8.5965e-07 18
0.903808 0.0106799 7
0.897263 0.00456014 8
0.95426 0.538378 2
0.879741 6.78308e-05 13
0.877567 6.42684e-05 13
0.898974 0.0047029 8
0.904547 0.0108135 7
0.884472 0.000360426 11
0.874276 1.21014e-05 15
0.882707 0.000159262 12
0.906311 0.0111484 7
0.939764 0.14503 4
0.926464 0.0329612 6
0.984981 0.746139 2
0.941561 0.149534 4
0.913114 0.00638717 8
0.917109 0.0138564 7
0.958442 0.336785 3
0.956169 0.324647 3
0.955026 0.318972 3
0.971884 0.625102 2
0.952208 0.306103 3
0.957703 0.332708 3
0.951005 0.301061 3
0.960618 0.349566 3
0.965805 0.587929 2
0.910297 0.103495 4
0.967046 1 1
0.945116 0.512328 2
0.911237 0.104244 4
0.94485 0.511694 2
0.943286 0.508103 2
0.984245 1 1
0.924547 0.234256 3
0.918612 0.226265 3
0.946886 0.516693 2
0.917457 0.224877 3
0.932519 0.247874 3
0.912565 0.105343 4
0.923695 0.233011 3
0.958862 0.555426 2
0.922405 0.115234 4
0.927635 0.122138 4
0.984819 1 1
0.924388 0.117691 4
0.902373 0.0104317 7
0.904242 0.0107579 7
0.960996 0.564458 2
0.938322 0.260614 3
0.939833 0.264424 3
0.951689 0.530112 2
0.96352 0.576204 2
0.938211 0.260342 3
0.938207 0.260332 3
0.945095 0.279625 3
0.947239 0.286806 3
0.91665 0.0539477 5
0.93059 0.244216 3
0.978594 1 1
0.918599 0.110996 4
0.901913 0.0217084 6
0.903025 0.0220155 6
0.963555 0.576377 2
0.932512 0.24786 3
0.933842 0.250537 3
0.946579 0.284526 3
0.961468 0.566567 2
0.932804 0.248437 3
0.932245 0.247339 3
0.939081 0.262499 3
0.943486 0.274631 3
0.913571 0.106207 4
0.959099 0.55639 2
0.933183 0.249194 3
0.913986 0.106572 4
0.963337 0.575309 2
0.963386 0.575547 2
0.963537 0.576286 2
0.925674 0.235958 3
0.917254 0.109632 4
0.947756 0.518946 2
0.903415 0.0465043 5
0.936039 0.255264 3
0.909869 0.103161 4
0.921715 0.230252 3
0.964121 1 1
0.907553 0.0055953 8
0.937698 0.140266 4
0.908903 0.00576904 8
0.907178 0.00554888 8
0.984263 0.73762 2
0.993936 1 1
0.933559 0.0713385 5
0.915347 0.0133208 7
0.904734 0.00257095 9
0.933559 0.0713385 5
0.878863 6.33245e-06 16
0.927383 0.0634965 5
0.896386 0.000483144 11
0.908015 0.00565352 8
0.950352 0.298424 3
0.89114 0.00412018 8
0.874654 0.000296207 11
0.937625 0.258931 3
0.893486 0.00916047 7
0.845835 6.99799e-09 23
0.847973 4.07104e-08 21
0.903884 0.0222611 6
0.902355 0.0218291 6
0.911066 0.0503735 5
0.902899 0.0219801 6
0.969563 0.609793 2
0.895557 0.0094215 7
0.91619 0.108598 4
0.913593 0.0518985 5
0.892509 0.00904347 7
0.831253 4.1623e-12 0
0.929301 0.0657065 5
0.88226 3.33384e-05 14
0.832602 4.41097e-12 0
0.876793 5.92052e-06 16
0.868552 1.85457e-07 20
0.917224 0.0273295 6
0.845557 7.95594e-12 0
0.843809 7.31776e-12 0
0.863947 3.09356e-08 22
0.875231 2.55922e-06 17
0.850012 9.91647e-12 0
0.841024 6.42344e-12 0
0.848742 9.30269e-12 0
0.87133 1.01438e-06 18
0.893336 0.00010039 13
0.947495 0.167212 4
0.950811 0.300268 3
0.895027 0.000222042 12
0.904621 0.00125787 10
0.902232 0.00117608 10
0.971732 0.624052 2
0.908928 0.00286838 9
0.908506 0.00283562 9
0.926269 0.0328166 6
0.938757 0.079874 5
0.911579 0.00614742 8
0.906113 0.00266214 9
0.913756 0.00649278 8
0.929023 0.0349936 6
0.885107 0.00172672 9
0.912552 0.0512531 5
0.945935 0.514312 2
0.887204 0.00388472 8
0.872773 0.000128132 12
0.871859 0.000125813 12
0.937701 0.259111 3
0.899784 0.0211531 6
0.903671 0.0221995 6
0.910591 0.0501021 5
0.956172 0.545083 2
0.898154 0.00977673 7
0.904597 0.0224707 6
0.908164 0.0487853 5
0.907103 0.0482438 5
0.899821 0.000533286 11
0.902343 0.00117966 10
0.958073 0.334728 3
0.902082 0.00117126 10
0.870199 4.00802e-08 22
0.871293 9.30165e-08 21
0.931923 0.069047 5
0.913749 0.00649159 8
0.919597 0.0146918 7
0.920499 0.0150201 7
0.978243 0.675559 2
0.909891 0.00294575 9
0.921939 0.0155747 7
0.923596 0.0309554 6
0.913227 0.00640553 8
0.883058 0.000160609 12
0.991911 1 1
0.923248 0.059309 5
0.884014 0.000164375 12
0.937255 0.139297 4
0.930314 0.12626 4
0.971266 0.62088 2
0.897083 0.00215775 9
0.891965 0.000913455 10
0.918615 0.0553989 5
0.901302 0.00491374 8
0.904567 0.010817 7
0.886658 0.000378403 11
0.897027 0.00215519 9
0.930328 0.126283 4
0.867038 0.000587979 10
0.922783 0.231717 3
0.926577 0.237371 3
0.868911 0.000604323 10
0.874948 0.00331384 8
0.871529 0.00141385 9
0.938177 0.497667 2
0.882012 0.00798888 7
0.883839 0.00814995 7
0.896328 0.043678 5
0.929396 0.242075 3
0.882687 0.00804746 7
0.883366 0.00810748 7
0.888646 0.0187933 6
0.897011 0.0439256 5
0.937581 0.258825 3
0.878427 0.000144354 12
0.957326 0.549385 2
0.940019 0.264909 3
0.866146 1.92539e-06 17
0.871744 2.51573e-05 14
0.910007 0.0242585 6
0.946171 0.283148 3
0.957456 0.549884 2
0.937816 0.259388 3
0.96698 0.594405 2
0.936041 0.255269 3
0.9647 0.582124 2
0.958293 0.553144 2
0.922398 0.0585345 5
0.894762 0.00046222 11
0.981514 0.707303 2
0.925166 0.0611593 5
0.895413 0.000470414 11
0.956155 0.324571 3
0.950079 0.297346 3
0.969031 0.606487 2
0.907785 0.00562436 8
0.900876 0.00113374 10
0.92989 0.0664232 5
0.898795 0.00107392 10
0.916888 0.0137868 7
0.894441 0.00045828 11
0.905676 0.00263261 9
0.944248 0.156965 4
0.866842 0.000114293 12
0.965874 1 1
0.916161 0.10857 4
0.868122 0.000264211 11
0.910486 0.103644 4
0.903541 0.0465607 5
0.957334 0.549417 2
0.88153 0.00359466 8
0.878676 0.00156216 9
0.901386 0.0456322 5
0.902014 0.0458962 5
0.88692 0.00844104 7
0.874919 0.000663099 10
0.883819 0.00370553 8
0.909792 0.103101 4
0.84938 9.60538e-12 0
0.940443 0.146691 4
0.902695 0.00244643 9
0.850844 1.03457e-11 0
0.886364 8.10639e-05 13
0.879457 1.40851e-05 15
0.935617 0.135873 4
0.864106 3.11307e-08 22
0.862847 1.31354e-08 23
0.88226 3.33384e-05 14
0.895705 0.000995208 10
0.868016 1.81793e-07 20
0.860291 5.22505e-09 24
0.867872 1.8082e-07 20
0.888537 0.000184521 12
0.88523 0.00377784 8
0.903116 0.0463724 5
0.944591 0.511086 2
0.887412 0.00849001 7
0.865432 4.91409e-05 13
0.865162 4.88744e-05 13
0.929322 0.241945 3
0.899365 0.0210485 6
0.904418 0.0469567 5
0.908024 0.0487129 5
0.961401 0.566265 2
0.896527 0.0203768 6
0.906297 0.0478454 5
0.90857 0.048998 5
0.902843 0.046253 5
0.889386 4.17003e-05 14
0.957398 0.33106 3
0.904381 0.00124921 10
0.889416 4.17422e-05 14
0.983853 0.732867 2
0.972598 0.630115 2
0.940926 0.147902 4
0.899441 0.000527306 11
0.890287 9.1098e-05 13
0.919946 0.0148172 7
0.876139 5.48988e-07 19
0.910484 0.00598696 8
0.882705 7.22296e-06 16
0.894294 0.000217175 12
0.936692 0.0762358 5
0.896941 0.00960674 7
0.978212 1 1
0.925633 0.11933 4
0.897544 0.0096903 7
0.958753 0.554985 2
0.953086 0.534499 2
0.968047 0.600561 2
0.90978 0.0241756 6
0.902598 0.0218961 6
0.931904 0.24668 3
0.898673 0.00985195 7
0.919123 0.111547 4
0.895996 0.00446052 8
0.907343 0.0233321 6
0.946646 0.284756 3
0.896529 0.00101512 10
0.981155 0.703596 2
0.934774 0.134201 4
0.897482 0.00103911 10
0.942651 0.152442 4
0.938018 0.140976 4
0.982319 0.715815 2
0.910689 0.00601628 8
0.905225 0.00260271 9
0.932608 0.0699858 5
0.910105 0.00593315 8
0.918384 0.027916 6
0.899594 0.00109619 10
0.910313 0.00596255 8
0.944451 0.157563 4
0.893172 0.000210071 12
0.977423 0.668267 2
0.937328 0.0773191 5
0.894324 0.000217374 12
0.932117 0.0693102 5
0.927588 0.0338236 6
0.985681 0.754702 2
0.907896 0.00278951 9
0.903654 0.00122358 10
0.929118 0.065487 5
0.91535 0.0133215 7
0.914419 0.0066055 8
0.898783 0.00051722 11
0.90887 0.00286387 9
0.938867 0.142909 4
0.873642 5.85937e-05 13
0.968164 0.60125 2
0.923342 0.116372 4
0.87495 0.000133976 12
0.913698 0.0519652 5
0.907481 0.0233778 6
0.964685 0.582044 2
0.88848 0.00182877 9
0.885668 0.000801842 10
0.908382 0.0236821 6
0.908294 0.0236518 6
0.893779 0.00429747 8
0.881884 0.000341108 11
0.890853 0.00190861 9
0.916488 0.0538327 5
0.905429 0.0474278 5
0.932359 0.24756 3
0.903706 0.0466341 5
0.904909 0.0471838 5
0.983576 1 1
0.997031 1 1
0.927437 0.238757 3
0.912323 0.105139 4
0.901461 0.0456635 5
0.92957 0.242382 3
0.873752 0.000650835 10
0.924443 0.234101 3
0.893027 0.0196276 6
0.904501 0.0469947 5
0.945961 0.514375 2
0.82881 3.75156e-12 0
0.927301 0.0634057 5
0.879577 1.4137e-05 15
0.830147 3.97029e-12 0
0.875147 2.552e-06 17
0.866778 7.75772e-08 21
0.914626 0.0131136 7
0.84306 7.06326e-12 0
0.841277 6.49892e-12 0
0.861447 5.48668e-09 24
0.872607 1.05998e-06 18
0.847556 8.77102e-12 0
0.83848 5.71863e-12 0
0.846196 8.206e-12 0
0.868918 1.88025e-07 20
0.893189 0.00425637 8
0.895739 0.00944529 7
0.949697 0.524248 2
0.895466 0.00940958 7
0.862553 3.94513e-06 16
0.86348 4.04055e-06 16
0.924332 0.117619 4
0.906637 0.0231021 6
0.913023 0.0515418 5
0.912476 0.0512073 5
0.973686 1 1
0.902316 0.0218184 6
0.915942 0.0534512 5
0.916754 0.054022 5
0.904976 0.0225844 6
0.915644 0.00682331 8
0.949664 0.174938 4
0.966003 0.386886 3
0.917163 0.0138736 7
0.921486 0.015396 7
0.921602 0.0154414 7
0.983929 0.733745 2
0.931442 0.0684049 5
0.929005 0.0349783 6
0.950956 0.179915 4
0.940865 0.147748 4
0.93565 0.0745278 5
0.924924 0.0318516 6
0.934445 0.0726527 5
0.954691 0.317362 3
0.902525 0.0104575 7
0.960255 0.561236 2
0.952882 0.533843 2
0.903955 0.0107063 7
0.922116 0.114891 4
0.919969 0.0564661 5
0.990823 1 1
0.917993 0.054927 5
0.915312 0.0530212 5
0.937929 0.259658 3
0.931758 0.128675 4
0.922783 0.115688 4
0.911297 0.024743 6
0.92067 0.0570425 5
0.943951 0.276042 3
0.981346 1 1
0.891087 0.00191688 9
0.952817 0.533637 2
0.983733 1 1
0.896484 0.00449832 8
0.90501 0.0225946 6
0.918479 0.0552946 5
0.993142 1 1
0.993897 1 1
0.971991 0.625846 2
0.933094 0.249016 3
0.980236 1 1
0.984369 1 1
0.992625 1 1
0.955 0.540915 2
0.873 9.99646e-08 21
0.9181 0.0141776 7
0.933338 0.0710186 5
0.874967 2.38814e-07 20
0.873039 1.00133e-07 21
0.870568 4.0729e-08 22
0.937628 0.0778414 5
0.887884 1.86223e-05 15
0.890548 4.33804e-05 14
0.900882 0.000550604 11
0.939165 0.0806352 5
0.887646 1.84646e-05 15
0.890653 4.35376e-05 14
0.895239 0.000223478 12
0.899958 0.000535471 11
0.889827 0.004038 8
0.959985 0.560083 2
0.906166 0.0229519 6
0.889911 0.00404318 8
0.981467 1 1
0.970827 0.617947 2
0.943368 0.274277 3
0.900173 0.0212514 6
0.891184 0.00412299 8
0.920904 0.113492 4
0.87804 0.000315765 11
0.911091 0.0503883 5
0.883682 0.00168714 9
0.895269 0.00938408 7
0.937573 0.258806 3
0.956638 0.546797 2
0.920111 0.11261 4
0.953526 0.53593 2
0.957215 0.548965 2
0.929598 0.242431 3
0.937639 0.496671 2
0.942875 0.50719 2
0.969295 1 1
0.959222 0.556894 2
0.989897 1 1
0.923066 0.232115 3
0.980289 1 1
0.950618 0.526904 2
0.963041 0.57388 2
0.990294 1 1
0.902206 0.0217883 6
0.915375 0.0530636 5
0.963951 0.578331 2
0.904354 0.0223987 6
0.881662 0.000743884 10
0.882178 0.000750876 10
0.945113 0.279683 3
0.917084 0.0542584 5
0.921161 0.113784 4
0.927124 0.121401 4
0.970833 0.617986 2
0.914987 0.0528034 5
0.921976 0.114727 4
0.92574 0.119475 4
0.921995 0.114749 4
0.880007 0.00352501 8
0.959698 0.558874 2
0.933218 0.249264 3
0.88148 0.00359233 8
0.908834 0.102371 4
0.904075 0.0468004 5
0.968748 1 1
0.895211 0.0200855 6
0.893402 0.0197041 6
0.914208 0.106769 4
0.919961 0.22795 3
0.899448 0.0448489 5
0.890222 0.0190817 6
0.898629 0.0445313 5
0.920297 0.228381 3
0.945206 0.279981 3
0.911571 0.0248491 6
0.989242 1 1
0.947404 0.287383 3
0.899184 0.0047211 8
0.904019 0.00518732 8
0.943704 0.27529 3
0.960891 0.563997 2
0.964229 0.579726 2
0.967261 0.595998 2
0.962698 0.572244 2
0.957525 0.550147 2
0.962804 0.57275 2
0.969438 0.609008 2
0.955073 0.3192 3
0.918142 0.00731117 8
0.893253 0.000100116 13
0.966742 0.392719 3
0.920534 0.0150333 7
0.87016 8.15057e-09 24
0.873376 4.61724e-08 22
0.925052 0.0319403 6
0.930756 0.0365185 6
0.938756 0.0798707 5
0.932097 0.0377886 6
0.996894 1 1
0.924374 0.0166061 7
0.942706 0.152593 4
0.941974 0.150621 4
0.920815 0.0151385 7
0.879106 0.00157212 9
0.93888 0.261996 3
0.886771 0.00386066 8
0.878795 0.00156491 9
0.983704 1 1
0.972116 1 1
0.92081 0.113387 4
0.887197 0.00388431 8
0.877281 0.000689345 10
0.905956 0.04768 5
0.858473 3.56327e-06 16
0.898702 0.0208857 6
0.869384 0.000119889 12
0.880772 0.00161205 9
0.922589 0.115455 4
0.895281 0.00440646 8
0.981338 1 1
0.935008 0.252997 3
0.896281 0.00951721 7
0.940115 0.265161 3
0.935398 0.253844 3
0.983236 1 1
0.90958 0.04954 5
0.904404 0.0224133 6
0.931357 0.245639 3
0.910998 0.0503342 5
0.917006 0.054202 5
0.898953 0.00989297 7
0.909526 0.0495106 5
0.942729 0.272391 3
0.878066 0.00154825 9
0.957338 0.54943 2
0.895229 0.0200895 6
0.878118 0.00154944 9
0.975535 1 1
0.962666 0.572093 2
0.934581 0.252084 3
0.888173 0.00856709 7
0.879315 0.00349434 8
0.908643 0.102228 4
0.868056 0.000263921 11
0.898977 0.0446653 5
0.871942 0.000632662 10
0.883368 0.00368307 8
0.925072 0.235041 3
0.923854 0.117011 4
0.894519 0.00928832 7
0.97081 0.617834 2
0.92626 0.120187 4
0.873509 0.000130057 12
0.877134 0.000310299 11
0.926642 0.120719 4
0.936536 0.25639 3
0.944593 0.27803 3
0.937351 0.258281 3
0.991446 1 1
0.929966 0.243086 3
0.94844 0.520771 2
0.947844 0.51918 2
0.925479 0.119123 4
0.963858 0.577872 2
0.882145 0.000342963 11
0.955651 0.543206 2
0.966353 0.590913 2
0.879842 0.000327186 11
0.887221 0.00178922 9
0.912122 0.0509938 5
0.970726 0.61728 2
0.983283 1 1
0.955516 0.542727 2
0.946983 0.285914 3
0.958747 0.554959 2
0.991747 1 1
0.981981 1 1
0.938333 0.260641 3
0.877474 6.05141e-06 16
0.996401 1 1
0.914445 0.0130629 7
0.878284 6.21293e-06 16
0.94138 0.149065 4
0.932912 0.0704119 5
0.961935 0.568689 2
0.890942 0.000197064 12
0.885187 3.6415e-05 14
0.912557 0.0125559 7
0.892028 0.000203225 12
0.899067 0.00108142 10
0.879542 6.47719e-06 16
0.89012 0.000192614 12
0.925412 0.0614085 5
0.918359 0.110749 4
0.884144 0.00372188 8
0.959177 0.556713 2
0.920778 0.113351 4
0.863043 4.68607e-05 13
0.866804 0.000114212 12
0.915771 0.108202 4
0.929524 0.242301 3
0.938853 0.498941 2
0.927719 0.23922 3
0.986893 1 1
0.921776 0.230334 3
0.944177 0.510123 2
0.941257 0.503731 2
0.915129 0.107604 4
0.931354 0.0682887 5
0.932228 0.0694609 5
0.983734 0.731502 2
0.933127 0.0707169 5
0.913529 0.00645512 8
0.91631 0.0069476 8
0.965315 0.381613 3
0.947612 0.167609 4
0.946664 0.164447 4
0.96417 0.373188 3
0.952981 0.309483 3
0.949559 0.174547 4
0.943101 0.153684 4
0.952196 0.306053 3
0.961096 0.352537 3
0.907752 0.00562022 8
0.961581 0.567078 2
0.926624 0.0626715 5
0.908076 0.00566131 8
0.969093 0.606866 2
0.967119 0.595189 2
0.959773 0.559186 2
0.919392 0.0284503 6
0.910799 0.0121207 7
0.941144 0.148457 4
0.897319 0.00103492 10
0.929952 0.0665 5
0.903376 0.00511971 8
0.915165 0.0263577 6
0.957697 0.332672 3
0.881043 6.81566e-06 16
0.983651 0.73056 2
0.925131 0.0319958 6
0.882142 1.53238e-05 15
0.929057 0.0654151 5
0.922557 0.0302916 6
0.972188 0.627217 2
0.895475 0.000471203 11
0.891206 0.000198531 12
0.916543 0.0136793 7
0.905249 0.00260433 9
0.902148 0.00241498 9
0.886433 3.78672e-05 14
0.896351 0.000482671 11
0.926875 0.0629408 5
0.858119 4.26675e-05 13
0.92899 0.241369 3
0.915742 0.222903 3
0.859841 0.000100974 12
0.877706 0.00342536 8
0.87285 0.00143905 9
0.936902 0.495337 2
0.873084 0.0014436 9
0.873713 0.00145601 9
0.889071 0.0188699 6
0.914695 0.107208 4
0.875047 0.00148306 9
0.872431 0.00143096 9
0.878636 0.00346486 8
0.892037 0.0194298 6
0.875062 0.000134289 12
0.936449 0.256192 3
0.933767 0.250382 3
0.876829 0.000308496 11
0.888275 0.00394567 8
0.884682 0.0017147 9
0.951998 0.531062 2
0.890316 0.00406818 8
0.890974 0.00410957 8
0.906303 0.0229954 6
0.930312 0.243708 3
0.89211 0.00418338 8
0.88956 0.00402181 8
0.896003 0.00948015 7
0.908482 0.0489516 5
66 0 1 3 4 5 6 7 8 9 10 11 12 13 14 15 16 17 18 19 20 21 22 23 24 25 26 27 28 30 31 32 33 34 35 36 37 39 40 41 42 43 44 45 47 48 49 50 51 52 53 54 55 56 57 58 59 60 61 62 63 64 65 66 67 68 69 
8 4 6 29 38 46 58 60 63 
52 0 1 2 3 4 6 7 9 11 14 15 16 17 21 23 24 25 26 28 29 30 31 32 33 34 36 37 38 39 40 41 42 43 44 46 47 48 49 51 52 54 55 57 58 59 60 63 65 66 67 68 69 
61 0 1 3 4 5 6 7 8 9 10 11 12 13 14 15 16 17 19 20 21 22 23 24 25 26 27 30 31 32 33 34 36 37 39 40 41 42 43 44 45 47 48 49 50 51 52 53 54 55 56 57 58 59 60 61 63 65 66 67 68 69 
10 4 6 29 38 40 46 52 58 60 63 
50 0 1 2 3 4 6 7 9 11 15 16 17 21 23 24 25 26 28 29 30 31 32 33 34 36 37 38 39 40 41 42 43 44 46 47 48 49 51 52 54 55 58 59 60 63 65 66 67 68 69 
32 2 3 4 6 15 16 17 21 23 26 27 29 33 36 37 38 40 41 42 43 44 45 46 52 55 58 59 60 63 66 67 68 
62 0 1 2 3 4 5 6 7 8 9 10 11 12 13 14 15 16 17 19 20 21 22 23 24 25 26 27 30 31 32 33 34 36 37 38 39 40 41 42 43 44 45 47 48 49 51 52 53 54 55 56 57 58 59 60 61 63 65 66 67 68 69 
66 0 1 2 3 4 5 6 7 8 9 10 11 12 13 14 15 16 17 19 20 21 22 23 24 25 26 27 28 30 31 32 33 34 35 36 37 38 39 40 41 42 43 44 45 47 48 49 50 51 52 53 54 55 56 57 58 59 60 61 63 64 65 66 67 68 69 
59 0 1 2 3 4 5 6 7 9 10 11 12 13 14 15 16 17 19 21 22 23 24 25 26 27 29 30 31 32 33 34 36 37 38 39 40 41 42 43 44 45 46 47 48 49 51 52 53 54 55 58 59 60 63 65 66 67 68 69 
62 0 1 2 3 4 5 6 7 8 9 10 11 12 13 14 15 16 17 19 20 21 22 23 24 25 26 27 29 30 31 32 33 34 36 37 38 39 40 41 42 43 44 45 46 47 48 49 51 52 53 54 55 56 58 59 60 63 65 66 67 68 69 
65 0 1 2 3 4 5 6 7 8 9 10 11 12 13 14 15 16 17 19 20 21 22 23 24 25 26 27 28 30 31 32 33 34 35 36 37 38 39 40 41 42 43 44 45 47 48 49 51 52 53 54 55 56 57 58 59 60 61 63 64 65 66 67 68 69 
67 0 1 2 3 4 5 6 7 8 9 10 11 12 13 14 15 16 17 19 20 21 22 23 24 25 26 27 28 30 31 32 33 34 35 36 37 38 39 40 41 42 43 44 45 47 48 49 50 51 52 53 54 55 56 57 58 59 60 61 62 63 64 65 66 67 68 69 
64 0 1 2 3 4 5 6 7 8 9 10 11 12 13 14 15 16 17 19 20 21 22 23 24 25 26 27 28 30 31 32 33 34 36 37 38 39 40 41 42 43 44 45 47 48 49 51 52 53 54 55 56 57 58 59 60 61 63 64 65 66 67 68 69 
65 0 1 2 3 4 5 6 7 8 9 10 11 13 14 15 16 17 19 20 21 22 23 24 25 26 27 28 29 30 31 32 33 34 35 36 37 38 39 40 41 42 43 44 45 46 47 48 49 51 52 54 55 56 57 58 59 60 61 63 64 65 66 67 68 69 
