40 15 8e+06
2.34844 115534
1.29001 112986
1.13003 175804
2.35505 156726
1.54041 197853
1.05337 181437
2.05403 114384
1.69773 148299
1.11655 179372
1.91601 149857
2.40395 164775
1.5607 191880
1.14803 124717
1.39976 156439
1.7042 106818
1.90618 191069
2.47955 194577
2.03344 130440
1.8915 148645
1.91935 121275
2.667 153339
1.33409 133461
1.71225 129499
2.2082 157258
2.37197 100741
1.11961 114361
2.23686 122635
2.03359 111034
1.48685 147076
2.03116 100923
2.02078 192678
1.82875 145931
2.41651 140502
1.33576 145074
1.73501 112486
1.07554 139781
1.5126 124932
2.05727 156430
1.63088 165758
2.7397 128832
0.928177 0.239984 3
0.929676 0.242569 3
0.879352 0.0015779 9
0.86814 0.000117092 12
0.972164 1 1
0.941356 0.503938 2
0.860446 1.94938e-05 14
0.8879 0.00853929 7
0.898071 0.0207344 6
0.936204 0.255636 3
0.864838 4.85568e-05 13
0.934187 0.251255 3
0.88574 0.00380481 8
0.881734 0.00163607 9
0.973253 1 1
0.97952 0.687428 2
0.979999 0.69205 2
0.919809 0.0147676 7
0.887275 1.82228e-05 15
0.960211 0.347083 3
0.996774 1 1
0.871579 1.92816e-08 23
0.896059 0.000229203 12
0.88878 1.92343e-05 15
0.973827 0.639112 2
0.87338 4.61822e-08 22
0.988649 0.793983 2
0.918685 0.0143743 7
0.918202 0.0142112 7
0.969399 0.608763 2
0.863252 1.53253e-07 20
0.88104 7.01238e-05 13
0.865366 3.7118e-07 19
0.893403 0.000943318 10
0.886903 0.000380518 11
0.878448 2.99236e-05 14
0.901584 0.00494071 8
0.922669 0.0587783 5
0.957454 0.549874 2
0.894738 0.00205645 9
0.908982 0.0117046 7
0.878325 2.98229e-05 14
0.881924 7.17619e-05 13
0.873744 1.19231e-05 15
0.900604 0.00484834 8
0.924143 0.0601537 5
0.936643 0.137991 4
0.89634 0.00101048 10
0.893178 0.000938526 10
0.951366 0.302547 3
0.940152 0.145974 4
0.886706 0.000175866 12
0.915027 0.0262953 6
0.925443 0.06144 5
0.948386 0.290912 3
0.891455 0.000424283 11
0.937152 0.139075 4
0.906255 0.00543796 8
0.900748 0.00233801 9
0.967174 0.595505 2
0.907585 0.0234122 6
0.910146 0.0243093 6
0.863676 1.7938e-06 17
0.859075 3.03598e-07 19
0.952255 0.531862 2
0.920598 0.0569826 5
0.85439 4.98978e-08 21
0.88151 0.000338477 11
0.897689 0.00459482 8
0.917973 0.054912 5
0.859519 3.07769e-07 19
0.913943 0.0521215 5
0.871845 2.52193e-05 14
0.867042 4.44189e-06 16
0.952057 0.531244 2
0.864613 4.83386e-05 13
0.889653 0.00872249 7
0.907261 0.0483233 5
0.958528 0.55408 2
0.864391 4.81254e-05 13
0.877124 0.00152727 9
0.973898 1 1
0.979772 1 1
0.966437 1 1
0.901969 0.0458772 5
0.981964 1 1
0.882462 0.0036389 8
0.926794 0.237717 3
0.918021 0.110403 4
0.882835 0.0036569 8
0.920614 0.0150628 7
0.946284 0.163213 4
0.979468 0.686931 2
0.948771 0.171665 4
0.896268 0.000230701 12
0.927427 0.0336975 6
0.926256 0.0328067 6
0.940971 0.148015 4
0.912725 0.00632481 8
0.950719 0.178978 4
0.924739 0.0317236 6
0.936821 0.0764525 5
0.989589 1 1
0.986683 0.767413 2
0.913469 0.00644525 8
0.936519 0.494657 2
0.928631 0.240752 3
0.873248 0.00144683 9
0.853918 1.70857e-05 14
0.985669 1 1
0.945187 0.512498 2
0.844032 4.66197e-07 18
0.870653 0.000620306 10
0.877258 0.00340668 8
0.930237 0.243572 3
0.847747 1.1929e-06 17
0.935752 0.493322 2
0.876273 0.00336641 8
0.873746 0.00145666 9
0.968221 1 1
0.931914 0.128943 4
0.930644 0.126801 4
0.87827 2.97781e-05 14
0.864246 1.58656e-07 20
0.978649 0.679263 2
0.944025 0.276266 3
0.855744 1.89813e-09 25
0.882975 7.37953e-05 13
0.891803 0.000910205 10
0.935655 0.135949 4
0.859901 2.64824e-08 22
0.936039 0.136733 4
0.883565 0.000162584 12
0.880038 3.12747e-05 14
0.974439 0.643766 2
0.92083 0.0571758 5
0.938544 0.142166 4
0.906503 0.0111863 7
0.907917 0.0114755 7
0.938882 0.142944 4
0.937033 0.138819 4
0.901693 0.00495123 8
0.930493 0.126553 4
0.939057 0.143351 4
0.952403 0.306945 3
0.906483 0.0111823 7
0.936625 0.137953 4
0.918416 0.0279326 6
0.912077 0.0124338 7
0.957284 0.33045 3
0.87719 0.000310634 11
0.902964 0.0219981 6
0.923536 0.116612 4
0.972095 0.626567 2
0.872788 5.74713e-05 13
0.8891 0.00184894 9
0.97531 1 1
0.99358 1 1
0.958969 0.555862 2
0.914697 0.0526112 5
0.979679 1 1
0.895219 0.00937756 7
0.943429 0.27446 3
0.93448 0.25187 3
0.891639 0.0041524 8
0.989533 1 1
0.980975 1 1
0.923186 0.232284 3
0.884993 0.00825598 7
0.950957 0.527905 2
0.990364 1 1
0.867875 0.000263126 11
0.890926 0.0192145 6
0.88086 0.00356363 8
0.968641 1 1
0.869065 0.000268434 11
0.990103 1 1
0.919146 0.226923 3
0.920003 0.228004 3
0.957521 0.550133 2
0.89818 0.00105735 10
0.913892 0.0129099 7
0.885473 7.9038e-05 13
0.896994 0.0010267 10
0.924274 0.0602805 5
0.913967 0.0129303 7
0.896386 0.0010116 10
0.92379 0.0310828 6
0.945252 0.280129 3
0.927259 0.06336 5
0.902472 0.00243355 9
0.912551 0.0125543 7
0.899167 0.00108419 10
0.892053 0.00043072 11
0.93866 0.142432 4
0.886598 0.000377887 11
0.904605 0.010824 7
0.884045 0.0001645 12
0.903751 0.0106698 7
0.908976 0.0117034 7
0.902202 0.00500087 8
0.906424 0.0111707 7
0.932439 0.129863 4
0.959515 0.55811 2
0.918549 0.0553476 5
0.913117 0.0254706 6
0.902034 0.00498439 8
0.899587 0.00475646 8
0.891744 0.000909018 10
0.924165 0.0601747 5
0.884782 0.000167515 12
0.910979 0.0246212 6
0.935682 0.136004 4
0.980359 1 1
0.876383 2.83062e-05 14
0.895891 0.00210499 9
0.970828 0.617951 2
0.986062 1 1
0.949106 0.293593 3
0.921821 0.0580246 5
0.971732 0.624052 2
0.902746 0.00505518 8
0.955777 0.543658 2
0.946791 0.28525 3
0.895304 0.00208 9
0.951005 0.301061 3
0.960796 0.350665 3
0.909744 0.00588299 8
0.892168 0.000431982 11
0.967171 0.595485 2
0.967426 0.596942 2
0.880646 1.46134e-05 15
0.907844 0.00563183 8
0.90842 0.00570567 8
0.968833 0.605273 2
0.883945 3.50554e-05 14
0.963328 0.575266 2
0.91503 0.0132289 7
0.91161 0.0123174 7
0.988031 1 1
0.893379 0.0196993 6
0.919273 0.227081 3
0.930229 0.243559 3
0.961583 1 1
0.890354 0.0191063 6
0.906104 0.100404 4
0.956413 0.545965 2
0.986272 1 1
0.961719 1 1
0.93193 0.246728 3
0.960367 0.561715 2
0.911818 0.104719 4
0.949878 0.524763 2
0.940596 0.502375 2
0.909586 0.102942 4
0.91834 0.0142576 7
0.930931 0.0677371 5
0.892376 9.73048e-05 13
0.892004 9.61491e-05 13
0.946969 0.16545 4
0.934232 0.0723316 5
0.88674 3.82383e-05 14
0.915001 0.0132206 7
0.927934 0.0340988 6
0.942895 0.153114 4
0.891793 9.55026e-05 13
0.931279 0.0681897 5
0.903 0.00120131 10
0.897179 0.000493976 11
0.961601 0.35574 3
0.874396 0.000294811 11
0.890979 0.00410992 8
0.869972 5.40191e-05 13
0.892076 0.00899286 7
0.900314 0.0212874 6
0.889794 0.00403601 8
0.897155 0.00963612 7
0.92103 0.113635 4
0.95237 0.532221 2
0.904522 0.0224483 6
0.904191 0.0223507 6
0.888952 0.00398537 8
0.88554 0.00173915 9
0.877703 0.000313709 11
0.913573 0.0518863 5
0.936619 0.494835 2
0.959255 0.557031 2
0.978307 1 1
0.928 0.239688 3
0.904264 0.0468863 5
0.940019 0.501214 2
0.90584 0.100222 4
0.921532 0.230005 3
0.896784 0.0438428 5
0.957528 0.55016 2
0.904474 0.0469825 5
0.950198 0.525681 2
0.969421 1 1
0.973662 1 1
0.919235 0.227034 3
0.866941 1.97086e-06 17
0.882811 0.000347798 11
0.861702 3.29489e-07 19
0.884949 0.000364208 11
0.894434 0.00204404 9
0.882184 0.000343246 11
0.891202 0.00192098 9
0.913847 0.0257784 6
0.946532 0.284365 3
0.896132 0.00447096 8
0.898358 0.00465037 8
0.881036 0.000153127 12
0.877262 6.37944e-05 13
0.86944 4.7478e-06 16
0.906661 0.0112179 7
0.942418 0.506194 2
0.931016 0.245001 3
0.874401 0.00146984 9
0.851599 7.03676e-06 15
0.98672 1 1
0.948912 0.522058 2
0.840617 7.71336e-08 20
0.866827 0.000258604 11
0.871359 0.000627019 10
0.930588 0.244211 3
0.843981 1.98445e-07 19
0.938953 0.499133 2
0.87601 0.00150321 9
0.874118 0.00146412 9
0.965945 1 1
0.98333 1 1
0.982809 1 1
0.932092 0.247041 3
0.889499 0.00870593 7
0.939471 0.500134 2
0.979282 1 1
0.871041 0.000277687 11
0.892615 0.00905598 7
0.879326 0.00157729 9
0.967625 1 1
0.871622 0.000280517 11
0.985946 1 1
0.925852 0.236234 3
0.927774 0.239312 3
0.947281 0.517709 2
0.897707 0.0206483 6
0.922312 0.115124 4
0.920751 0.113321 4
0.944867 0.511735 2
0.9011 0.0214917 6
0.911833 0.104731 4
0.942112 0.505534 2
0.972092 1 1
0.969113 1 1
0.936308 0.25587 3
0.947329 0.517833 2
0.916044 0.108459 4
0.938914 0.262079 3
0.930082 0.243293 3
0.920276 0.112792 4
0.875988 0.00150276 9
0.886521 0.00840185 7
0.853919 7.38951e-06 15
0.866347 0.000256579 11
0.912122 0.104971 4
0.890691 0.0191698 6
0.868522 0.000265989 11
0.893481 0.0197203 6
0.920756 0.228977 3
0.898166 0.0443551 5
0.875036 0.00148283 9
0.887091 0.00845794 7
0.866797 0.000258476 11
0.860019 4.42116e-05 13
0.919588 0.227477 3
0.907851 0.0114616 7
0.934415 0.133506 4
0.942439 0.271553 3
0.956945 0.547943 2
0.901018 0.00488692 8
0.920194 0.0566495 5
0.944625 0.27813 3
0.971118 0.619884 2
0.948716 0.29213 3
0.94672 0.285007 3
0.946976 0.28589 3
0.926537 0.0625786 5
0.961005 0.564499 2
0.952029 0.305335 3
0.920446 0.0568566 5
0.938168 0.260238 3
0.943156 0.273647 3
0.893027 0.00424518 8
0.880145 0.000329183 11
0.973015 1 1
0.952946 0.53405 2
0.871102 5.53607e-05 13
0.898725 0.00985955 7
0.90543 0.0227226 6
0.950614 0.526891 2
0.875142 0.000134513 12
0.946839 0.516574 2
0.899342 0.00995089 7
0.8954 0.009401 7
0.985376 1 1
0.916672 0.109062 4
0.918741 0.111144 4
0.870575 0.000275453 11
0.863131 4.69418e-05 13
0.961374 0.566145 2
0.929731 0.242667 3
0.857128 7.92183e-06 15
0.884479 0.00373894 8
0.898095 0.02074 6
0.926056 0.23655 3
0.861948 4.58727e-05 13
0.922844 0.231803 3
0.878001 0.00154679 9
0.873527 0.000648522 10
0.961407 0.566292 2
0.890358 0.00407078 8
0.915674 0.10811 4
0.922831 0.115747 4
0.95542 0.542387 2
0.890604 0.00408614 8
0.903677 0.0222012 6
0.954156 0.538025 2
0.984469 1 1
0.96962 0.610152 2
0.928904 0.24122 3
0.959343 0.557397 2
0.908718 0.0490764 5
0.94218 0.270811 3
0.932996 0.248819 3
0.909708 0.0496099 5
0.944109 0.509967 2
0.969561 1 1
0.938211 0.497729 2
0.920989 0.229282 3
0.936578 0.256485 3
0.958364 0.553425 2
0.906546 0.0479673 5
0.932623 0.248079 3
0.92273 0.231643 3
0.984686 1 1
0.908808 0.049124 5
0.963441 0.575819 2
0.945877 0.51417 2
0.941631 0.504514 2
0.955986 0.544408 2
0.908881 0.00576611 8
0.931809 0.0688937 5
0.917338 0.0139293 7
0.930194 0.0668014 5
0.916882 0.0137849 7
0.924036 0.0312464 6
0.92535 0.0321502 6
0.954892 0.318326 3
0.958958 0.339709 3
0.946513 0.163953 4
0.930329 0.0669705 5
0.926831 0.0332384 6
0.933057 0.0706172 5
0.925153 0.0320115 6
0.936112 0.0752739 5
0.868721 0.00026688 11
0.893736 0.0197729 6
0.909056 0.102538 4
0.957633 0.550564 2
0.869183 0.000268971 11
0.881477 0.00359218 8
0.969966 1 1
0.982943 1 1
0.970629 1 1
0.906304 0.0478485 5
0.97766 1 1
0.886656 0.00841509 7
0.928694 0.24086 3
0.919768 0.227705 3
0.887699 0.00851883 7
0.862784 2.26519e-10 28
0.877181 2.62252e-07 20
0.853663 1.198e-11 0
0.875495 1.11472e-07 21
0.89302 9.93581e-05 13
0.877847 5.88005e-07 19
0.881671 1.49033e-06 18
0.904061 0.00123784 10
0.936435 0.0758071 5
0.890086 4.27003e-05 14
0.888772 1.92292e-05 15
0.876021 2.49589e-07 20
0.868718 7.60657e-09 24
0.861095 9.19622e-11 29
0.903682 0.00122457 10
0.917001 0.0272203 6
0.943752 0.275435 3
0.968211 0.601534 2
0.95547 0.321143 3
0.897885 0.00219474 9
0.925843 0.0618503 5
0.934465 0.133601 4
0.951769 0.304234 3
0.923781 0.0598083 5
0.951243 0.302037 3
0.933755 0.132255 4
0.934482 0.133634 4
0.985507 1 1
0.97745 0.668506 2
0.916069 0.0267737 6
0.934515 0.251943 3
0.943148 0.507795 2
0.896348 0.00952624 7
0.88653 0.00384745 8
0.964734 0.582298 2
0.95013 0.525485 2
0.878122 0.000699189 10
0.906054 0.0477274 5
0.913407 0.0517817 5
0.952589 0.532911 2
0.882349 0.00165184 9
0.945446 0.51312 2
0.903957 0.0222821 6
0.899455 0.0210708 6
0.980212 1 1
0.92838 0.123241 4
0.955735 0.322457 3
0.951981 0.305132 3
0.941332 0.268433 3
0.916058 0.026769 6
0.940187 0.146058 4
0.92505 0.0610431 5
0.949343 0.294493 3
0.930827 0.127103 4
0.967375 0.596651 2
0.92648 0.0625179 5
0.947359 0.287225 3
0.964627 0.581747 2
0.958346 0.553353 2
0.935175 0.134988 4
0.923635 0.0596704 5
0.92379 0.0598165 5
0.873355 5.32212e-06 16
0.862571 6.62159e-08 21
0.969777 0.61114 2
0.936112 0.136882 4
0.855339 1.86648e-09 25
0.882653 7.31615e-05 13
0.893991 0.000956071 10
0.929915 0.125619 4
0.859839 1.16351e-08 23
0.928602 0.0648797 5
0.879686 3.09672e-05 14
0.875694 1.2598e-05 15
0.967305 0.59625 2
0.88738 0.000829443 10
0.90983 0.0241938 6
0.902539 0.0104598 7
0.92987 0.125547 4
0.898528 0.00466471 8
0.902286 0.0104172 7
0.932849 0.130595 4
0.959762 0.559141 2
0.981205 1 1
0.924152 0.117389 4
0.939513 0.263598 3
0.904863 0.0108716 7
0.920241 0.0566879 5
0.911594 0.0248583 6
0.91651 0.0538485 5
0.949466 0.523597 2
0.959392 0.557596 2
0.956428 0.546022 2
0.901273 0.0215372 6
0.906201 0.0477987 5
0.945013 0.512083 2
0.879479 0.000715686 10
0.895112 0.00936375 7
0.873178 0.000288371 11
0.948823 0.521813 2
0.878094 0.000698862 10
0.954227 0.538265 2
0.941819 0.269791 3
0.947757 0.518949 2
0.916446 0.108844 4
0.966471 0.591561 2
0.992585 1 1
0.937336 0.258245 3
0.905166 0.022642 6
0.944413 0.277467 3
0.978493 1 1
0.888366 0.000846194 10
0.912226 0.0251079 6
0.900793 0.0101742 7
0.9914 1 1
0.889753 0.00187069 9
0.986411 1 1
0.937514 0.258667 3
0.936614 0.256568 3
0.959367 0.557494 2
36 0 1 2 3 4 5 7 8 9 10 11 12 13 14 15 16 17 18 20 21 23 24 25 26 27 28 29 30 31 32 33 34 35 36 37 39 
35 0 1 2 3 4 5 7 8 9 10 12 13 14 15 16 17 18 20 21 23 24 25 26 27 28 29 30 31 32 33 34 35 36 37 39 
38 0 1 2 3 4 5 6 7 8 9 10 11 12 13 14 15 16 17 18 19 20 21 22 23 24 25 26 27 28 29 30 31 33 34 35 36 37 39 
35 0 1 2 3 4 5 7 8 9 10 11 12 13 14 15 16 17 18 20 21 23 24 25 26 27 28 29 30 31 32 34 35 36 37 39 
29 0 2 3 4 5 7 8 9 10 12 13 14 15 16 17 18 20 21 23 24 26 27 28 30 31 32 34 36 37 
23 0 1 2 3 4 7 8 9 12 13 15 17 18 20 21 24 26 27 30 32 34 36 37 
37 0 1 2 3 4 5 7 8 9 10 11 12 13 14 15 16 17 18 20 21 22 23 24 25 26 27 28 29 30 31 32 33 34 35 36 37 39 
26 0 2 3 4 5 7 8 9 12 13 15 17 18 20 21 23 24 26 27 28 30 31 32 34 36 37 
19 0 2 3 4 7 8 9 12 13 17 18 20 21 24 26 27 32 34 36 
27 0 1 2 3 4 7 8 9 12 13 15 17 18 20 21 23 24 26 27 28 29 30 31 32 34 36 37 
28 0 2 3 4 5 7 8 9 10 12 13 15 16 17 18 20 21 23 24 26 27 28 30 31 32 34 36 37 
31 0 1 2 3 4 5 7 8 9 12 13 15 16 17 18 20 21 23 24 25 26 27 28 29 30 31 32 34 36 37 39 
35 0 1 2 3 4 5 7 8 9 10 12 13 14 15 16 17 18 20 21 23 24 25 26 27 28 29 30 31 32 33 34 35 36 37 39 
40 0 1 2 3 4 5 6 7 8 9 10 11 12 13 14 15 16 17 18 19 20 21 22 23 24 25 26 27 28 29 30 31 32 33 34 35 36 37 38 39 
20 0 2 3 4 7 8 9 12 13 17 18 20 21 24 26 27 32 34 36 37 
