30 15 6e+06
3.69171 111417
1.83674 136505
3.30065 185459
2.82764 148893
2.02203 187420
4.68585 126917
5.02739 162451
7.65025 165772
3.68975 147278
1.92562 152845
1.38756 107826
2.8474 102862
8.60925 102538
1.10517 191162
2.3524 195498
1.15866 109002
3.79017 138756
5.15557 150599
2.50708 106844
4.49545 165860
1.0036 167410
5.60922 144809
2.36103 175365
1.86215 179026
2.7724 126826
1.86563 160773
2.02847 175194
1.13807 153106
6.50883 124714
2.45656 161524
0.951976 0.184056 4
0.979968 0.691748 2
0.979308 0.685413 2
0.95516 0.319623 3
0.94496 0.159087 4
0.9079 0.0027898 9
0.945597 0.161042 4
0.973169 0.634238 2
0.979022 0.682727 2
0.955447 0.321027 3
0.91894 0.0144618 7
0.950465 0.177989 4
0.961349 0.354131 3
0.981022 0.702243 2
0.937976 0.0784551 5
0.940533 0.146914 4
0.99309 1 1
0.967317 0.596317 2
0.951966 0.305066 3
0.9579 0.333781 3
0.914344 0.0130345 7
0.936754 0.0763398 5
0.960176 0.346869 3
0.976836 0.6632 2
0.943137 0.153785 4
0.927324 0.0336175 6
0.962637 0.362546 3
0.948418 0.170405 4
0.968126 0.601027 2
0.930447 0.0671187 5
0.920644 0.1132 4
0.906759 0.0480722 5
0.896024 0.00948292 7
0.949247 0.522984 2
0.891763 0.0089568 7
0.941091 0.267773 3
0.938897 0.262038 3
0.908796 0.0491175 5
0.92598 0.119802 4
0.912674 0.0513276 5
0.929002 0.241389 3
0.907818 0.0486065 5
0.904593 0.0224695 6
0.900711 0.0213899 6
0.948379 0.520605 2
0.887815 0.00853062 7
0.90249 0.0461001 5
0.877657 0.00153909 9
0.925452 0.235617 3
0.903612 0.0465923 5
0.978067 1 1
0.902928 0.0462899 5
0.884866 0.00375886 8
0.91185 0.104745 4
0.881939 0.0016413 9
0.958137 0.552527 2
0.918298 0.110685 4
0.877164 0.000687997 10
0.881402 0.0016277 9
0.909347 0.0494132 5
0.989681 1 1
0.927639 0.239088 3
0.94729 0.51773 2
0.956018 0.544527 2
0.89562 0.0434264 5
0.893063 0.019635 6
0.983623 1 1
0.964885 1 1
0.948452 0.520802 2
0.981336 1 1
0.894509 0.0430413 5
0.906361 0.100582 4
0.969747 1 1
0.951723 0.530215 2
0.974722 1 1
0.936723 0.138158 4
0.917601 0.027517 6
0.910379 0.00597188 8
0.963215 0.574717 2
0.898426 0.00106392 10
0.935705 0.13605 4
0.955289 0.32025 3
0.924021 0.0312363 6
0.938722 0.142574 4
0.928582 0.0648564 5
0.927674 0.0638201 5
0.914224 0.0130013 7
0.920204 0.0288982 6
0.915212 0.0132815 7
0.964799 0.582631 2
0.911119 0.0246746 6
0.891522 0.00193247 9
0.883249 0.000351045 11
0.934651 0.13396 4
0.876258 6.2274e-05 13
0.928141 0.122884 4
0.929362 0.124745 4
0.896836 0.00452601 8
0.911143 0.0246838 6
0.902786 0.0105018 7
0.914472 0.0524638 5
0.892038 0.00195129 9
0.893934 0.00202393 9
0.887955 0.000839128 10
0.939513 0.263598 3
0.857088 1.44173e-11 0
0.89897 0.000520047 11
0.864529 1.24743e-09 26
0.892898 9.8963e-05 13
0.921418 0.0153696 7
0.947647 0.167727 4
0.866398 3.05655e-09 25
0.864101 1.22147e-09 26
0.893715 0.000101653 13
0.854379 1.2445e-11 0
0.954209 0.315084 3
0.926716 0.0331512 6
0.853971 1.21774e-11 0
0.866442 3.06312e-09 25
0.868761 1.69397e-08 23
0.905118 0.0472813 5
0.888258 0.00857585 7
0.87843 0.00155653 9
0.930159 0.243431 3
0.874598 0.000659677 10
0.930011 0.243166 3
0.923255 0.232382 3
0.891573 0.0193391 6
0.907121 0.048253 5
0.896917 0.0204653 6
0.915212 0.107681 4
0.890383 0.00880174 7
0.888313 0.0085815 7
0.883078 0.00366879 8
0.93324 0.24931 3
0.881108 0.00791211 7
0.918819 0.226519 3
0.885315 0.0082862 7
0.918491 0.226118 3
0.934265 0.490826 2
0.972946 1 1
0.89136 0.0192978 6
0.886668 0.0184486 6
0.917147 0.224513 3
0.877836 0.00343083 8
0.981679 1 1
0.944607 0.511124 2
0.876637 0.00338116 8
0.88778 0.0186402 6
0.894041 0.0428828 5
0.911264 0.0504881 5
0.966668 0.592656 2
0.92875 0.240955 3
0.940057 0.26501 3
0.980932 1 1
0.94019 0.265358 3
0.914676 0.0525975 5
0.924903 0.118359 4
0.953824 0.536916 2
0.911044 0.0503609 5
0.958221 0.55286 2
0.996998 1 1
0.913464 0.0518172 5
0.930049 0.243234 3
0.91254 0.0512459 5
0.988224 0.788049 2
0.935618 0.0744762 5
0.950307 0.177379 4
0.966609 0.391656 3
0.904104 0.00123936 10
0.902744 0.00119281 10
0.992 1 1
0.967904 0.599722 2
0.95768 0.332583 3
0.979198 0.684372 2
0.90444 0.00125135 10
0.915564 0.00680867 8
0.96882 0.605195 2
0.95519 0.319769 3
0.981112 0.703164 2
0.914777 0.00666769 8
0.917871 0.014102 7
0.899075 0.000521648 11
0.951614 0.303582 3
0.908855 0.00286268 9
0.964903 0.378533 3
0.931162 0.0680365 5
0.908837 0.00286128 9
0.93294 0.0704521 5
0.908115 0.00280588 9
0.952181 0.305988 3
0.925173 0.0320259 6
0.902123 0.00117255 10
0.903367 0.00121374 10
0.938292 0.141591 4
0.935512 0.135662 4
0.997141 1 1
0.958688 0.338165 3
0.952899 0.309117 3
0.964853 0.582909 2
0.921619 0.0297183 6
0.934046 0.072055 5
0.953167 0.310311 3
0.976187 0.657748 2
0.937128 0.139023 4
0.935381 0.135399 4
0.97135 0.621444 2
0.94135 0.148987 4
0.959848 0.344906 3
0.928845 0.0651643 5
0.921919 0.0581103 5
0.93607 0.255334 3
0.91316 0.0254886 6
0.961972 0.56886 2
0.927886 0.122506 4
0.969787 0.611204 2
0.935738 0.254593 3
0.920703 0.0570694 5
0.948627 0.291802 3
0.916563 0.0538862 5
0.965834 0.588084 2
0.944586 0.278009 3
0.912346 0.0251558 6
0.917135 0.0542957 5
0.940207 0.265404 3
0.883951 0.000775936 10
0.907769 0.0234738 6
0.879186 0.000322938 11
0.922431 0.115265 4
0.914169 0.0522669 5
0.987465 1 1
0.897412 0.00967187 7
0.884257 0.000780433 10
0.91321 0.0516583 5
0.879001 0.000146207 12
0.970499 0.61579 2
0.927668 0.122187 4
0.875543 6.123e-05 13
0.882496 0.0003455 11
0.902465 0.0104474 7
0.883595 7.5041e-05 13
0.938503 0.142072 4
0.901622 0.00238548 9
0.913812 0.0128882 7
0.968953 0.606007 2
0.936649 0.138004 4
0.887916 0.000181503 12
0.896792 0.00102164 10
0.924806 0.0608005 5
0.883226 7.42945e-05 13
0.95575 0.322533 3
0.96742 0.596909 2
0.885676 0.000171306 12
0.902434 0.00502385 8
0.886825 0.000176405 12
0.943324 0.15431 4
0.955193 0.319781 3
0.936602 0.0760848 5
0.983575 0.729694 2
0.936372 0.0757028 5
0.947419 0.166953 4
0.954286 0.315441 3
0.944484 0.157662 4
0.972556 0.629816 2
0.938892 0.142968 4
0.951144 0.301628 3
0.95239 0.306887 3
0.935521 0.0743226 5
0.940799 0.14758 4
0.955407 0.320831 3
0.888707 0.0039709 8
0.94365 0.275126 3
0.906524 0.023066 6
0.918915 0.111327 4
0.972936 1 1
0.938806 0.261809 3
0.89298 0.00424195 8
0.9019 0.021705 6
0.930155 0.243425 3
0.888322 0.00182372 9
0.958237 0.552924 2
0.972936 1 1
0.890727 0.00409392 8
0.907428 0.0233602 6
0.891778 0.00416146 8
0.913588 0.0518957 5
0.957744 0.550994 2
0.953475 0.535765 2
0.914168 0.0522658 5
0.94672 0.285007 3
0.882334 0.000344324 11
0.904411 0.0107886 7
0.936935 0.257308 3
0.93815 0.260195 3
0.919374 0.0559901 5
0.897648 0.00459145 8
0.938789 0.261767 3
0.928651 0.123651 4
0.949756 0.296081 3
0.896658 0.00451197 8
0.892609 0.000436871 11
0.920181 0.0288855 6
0.890349 0.000412832 11
0.931478 0.0684527 5
0.926615 0.0626618 5
0.9946 1 1
0.905049 0.00529969 8
0.894601 0.000969666 10
0.924486 0.0604861 5
0.888166 0.000182704 12
0.983643 1 1
0.940565 0.146994 4
0.885368 7.88069e-05 13
0.893528 0.000447385 11
0.909139 0.0117393 7
0.920936 0.113529 4
0.970518 0.615912 2
0.958765 0.555035 2
0.925378 0.118988 4
0.95631 0.545589 2
0.89398 0.00922106 7
0.913429 0.0517954 5
0.943812 0.509288 2
0.949668 0.524167 2
0.925843 0.119614 4
0.909193 0.0493301 5
0.950373 0.526188 2
0.934159 0.251195 3
0.956045 0.544624 2
0.906172 0.0477844 5
0.970188 1 1
0.951564 0.529729 2
0.952245 0.531831 2
0.987415 1 1
0.922214 0.23093 3
0.921791 0.230354 3
0.979152 1 1
0.965845 1 1
0.975716 1 1
0.964916 1 1
0.924878 0.234749 3
0.935186 0.492358 2
0.959445 0.557819 2
0.957307 0.549313 2
0.975178 1 1
0.899094 0.0209816 6
0.906253 0.0478238 5
0.884954 0.00172238 9
0.935746 0.254612 3
0.902049 0.0217454 6
0.970213 1 1
0.915234 0.107701 4
0.893826 0.00920201 7
0.918911 0.111323 4
0.892602 0.00905447 7
0.952321 0.532067 2
0.91772 0.110098 4
0.886903 0.00386793 8
0.889036 0.00399031 8
0.922451 0.11529 4
0.948502 0.291338 3
0.97122 0.620566 2
0.987354 1 1
0.943642 0.275101 3
0.939101 0.262551 3
0.896082 0.00446715 8
0.938464 0.260963 3
0.972549 0.629766 2
0.966229 0.590229 2
0.954086 0.53779 2
0.907573 0.0114035 7
0.941496 0.268889 3
0.962734 0.572417 2
0.985313 1 1
0.929834 0.125489 4
0.877492 0.00153541 9
0.92128 0.11392 4
0.886088 0.00382347 8
0.913267 0.105943 4
0.942107 0.505524 2
0.959794 0.559276 2
0.886061 0.00382199 8
0.885475 0.00379076 8
0.915732 0.108165 4
0.875081 0.000664836 10
0.973845 1 1
0.949376 0.523343 2
0.875008 0.000664046 10
0.888044 0.00855392 7
0.887659 0.00851486 7
0.891448 0.0193148 6
0.932543 0.247921 3
0.898059 0.0207316 6
0.928132 0.239908 3
0.947606 0.518553 2
0.969614 1 1
0.900486 0.0452628 5
0.8986 0.020861 6
0.929473 0.24221 3
0.88872 0.00862376 7
0.988254 1 1
0.95884 0.555337 2
0.888179 0.00856771 7
0.900379 0.0452197 5
0.902159 0.0459583 5
0.951536 0.529646 2
0.942737 0.272417 3
0.933398 0.131594 4
0.989218 1 1
0.920484 0.056888 5
0.938714 0.261581 3
0.96671 0.592889 2
0.945341 0.280415 3
0.964558 0.581397 2
0.945054 0.279492 3
0.937976 0.259772 3
0.935903 0.25496 3
0.938914 0.262079 3
0.938178 0.260262 3
0.970608 0.6165 2
0.893623 0.00428655 8
0.888692 0.00183563 9
0.872734 2.57788e-05 14
0.924911 0.11837 4
0.88072 0.000333038 11
0.94564 0.28139 3
0.911155 0.0246884 6
0.883846 0.000355565 11
0.904411 0.0107886 7
0.886122 0.000808979 10
0.928085 0.1228 4
0.896366 0.00448911 8
0.878805 0.000145569 12
0.87712 0.00014029 12
0.920135 0.0566013 5
0.887817 3.95905e-05 14
0.911581 0.00614786 8
0.883092 7.32302e-06 16
0.926484 0.0329767 6
0.917156 0.0138711 7
0.991831 1 1
0.901211 0.00114395 10
0.88822 4.01164e-05 14
0.917287 0.0139128 7
0.882892 7.27107e-06 16
0.973634 0.637668 2
0.931029 0.0678635 5
0.879458 2.96658e-06 17
0.886431 1.76907e-05 15
0.906146 0.0026644 9
26 0 1 2 3 5 9 10 11 12 13 14 15 16 17 18 19 20 21 22 23 24 25 26 27 28 29 
16 3 7 9 10 12 13 14 15 16 18 20 23 25 26 28 29 
16 0 1 7 9 10 13 15 16 18 19 20 21 24 25 26 29 
25 1 2 3 5 6 7 8 9 10 12 13 14 15 16 17 18 19 20 21 23 25 26 27 28 29 
4 7 16 18 25 
14 1 7 9 10 13 15 16 18 19 20 21 24 25 26 
28 0 1 2 3 5 6 7 8 9 10 12 13 14 15 16 17 18 19 20 21 22 23 24 25 26 27 28 29 
28 0 1 2 3 5 6 7 8 9 10 12 13 14 15 16 17 18 19 20 21 22 23 24 25 26 27 28 29 
20 0 1 3 7 9 10 12 13 14 15 16 17 18 19 20 21 23 25 26 29 
29 0 1 2 3 4 5 6 8 9 10 11 12 13 14 15 16 17 18 19 20 21 22 23 24 25 26 27 28 29 
9 7 9 10 16 18 19 21 25 26 
8 7 9 10 15 16 18 25 26 
22 0 1 3 9 10 12 13 14 15 16 17 18 19 20 21 22 23 24 25 26 27 29 
30 0 1 2 3 4 5 6 7 8 9 10 11 12 13 14 15 16 17 18 19 20 21 22 23 24 25 26 27 28 29 
28 0 1 2 3 5 6 7 8 9 10 12 13 14 15 16 17 18 19 20 21 22 23 24 25 26 27 28 29 
