40 15 8e+06
2.27863 152454
2.77994 118789
1.07563 113747
1.83245 183168
1.3719 186410
1.31063 142458
2.08176 191917
1.52557 115989
1.31956 126502
2.73166 195659
1.25232 188405
2.79885 101426
1.02773 105602
1.51253 125010
1.38402 129996
2.33487 149724
2.99629 194741
1.21261 112072
1.25027 150211
2.25773 127455
2.89098 116492
1.26562 139782
1.47695 198036
1.38606 144114
2.4885 128419
2.75232 189601
1.95476 162589
1.7374 185068
1.64981 133850
2.15974 159055
1.48046 186806
2.59652 127758
1.50527 159253
2.7927 188258
1.45769 176261
1.6934 159051
1.00432 131784
1.0399 160653
1.44922 167948
2.62468 159412
0.878262 1.3029e-06 18
0.944673 0.158224 4
0.896377 0.000231487 12
0.974917 0.647487 2
0.911051 0.00606898 8
0.929513 0.0659625 5
0.860652 2.02809e-10 28
0.876225 5.50869e-07 19
0.867714 1.6167e-08 23
0.966828 0.593551 2
0.979949 0.691569 2
0.865933 6.68421e-09 24
0.875488 5.35089e-07 19
0.932689 0.0700996 5
0.874884 5.2264e-07 19
0.892005 0.0194234 6
0.938395 0.498074 2
0.905996 0.100329 4
0.928561 0.240633 3
0.904739 0.0471046 5
0.985027 1 1
0.87733 0.00153182 9
0.866961 0.000259174 11
0.900112 0.0451123 5
0.922702 0.231604 3
0.946853 0.51661 2
0.876973 0.00152397 9
0.8694 0.000608736 10
0.950294 0.525958 2
0.879826 0.00351695 8
0.92332 0.232474 3
0.922771 0.231701 3
0.927325 0.238574 3
0.89007 0.00876745 7
0.908504 0.0489632 5
0.940204 0.501583 2
0.915427 0.107879 4
0.877894 0.00154439 9
0.95275 0.533423 2
0.887575 0.00850639 7
0.905784 0.0475971 5
0.908595 0.0490111 5
0.883299 0.00367964 8
0.946864 0.516638 2
0.903804 0.0466781 5
0.958067 0.552252 2
0.943354 0.274236 3
0.968625 0.604011 2
0.91189 0.0508551 5
0.981259 1 1
0.878692 0.000319807 11
0.942268 0.271061 3
0.974576 1 1
0.915506 0.0531529 5
0.916779 0.0540391 5
0.911813 0.05081 5
0.955713 0.543426 2
0.977619 1 1
0.93488 0.252722 3
0.971851 0.624876 2
0.969242 0.607788 2
0.913897 0.0257996 6
0.958937 0.555728 2
0.87912 6.67798e-05 13
0.946965 0.285852 3
0.860706 1.40546e-07 20
0.96751 0.597428 2
0.961753 0.567855 2
0.925895 0.119686 4
0.883257 0.000161377 12
0.881403 0.000154438 12
0.98245 1 1
0.969849 0.611598 2
0.913874 0.0257896 6
0.987128 1 1
0.899462 0.0448543 5
0.906426 0.0479084 5
0.903897 0.0467198 5
0.879732 0.00351275 8
0.887429 0.00849167 7
0.946941 0.516834 2
0.892292 0.0194801 6
0.855968 7.72301e-06 15
0.931128 0.24521 3
0.876032 0.00150369 9
0.896577 0.0203881 6
0.885183 0.00827379 7
0.861004 4.50474e-05 13
0.929438 0.242149 3
0.88051 0.00354769 8
0.982787 0.720897 2
0.929609 0.0660794 5
0.97326 0.634909 2
0.889017 8.76333e-05 13
0.943857 0.155829 4
0.89521 0.000467836 11
0.973672 0.637951 2
0.927312 0.0336078 6
0.968501 0.603265 2
0.890538 9.18096e-05 13
0.897686 0.000501117 11
0.968269 0.601877 2
0.934499 0.0727351 5
0.94216 0.151115 4
0.960357 0.347968 3
0.888908 1.93244e-05 15
0.908819 0.00285985 9
0.896393 0.000231606 12
0.888062 1.87413e-05 15
0.884291 7.64699e-06 16
0.964515 0.375684 3
0.879447 1.36395e-06 18
0.850337 1.00819e-11 0
0.91473 0.00665947 8
0.883382 3.43745e-06 17
0.905581 0.00129365 10
0.874134 1.04982e-07 21
0.854606 1.25969e-11 0
0.929715 0.0355873 6
0.871595 4.26134e-08 22
0.898241 0.00221159 9
0.942006 0.270316 3
0.911943 0.0249952 6
0.927866 0.0640351 5
0.909365 0.0117897 7
0.982384 1 1
0.883673 0.000163012 12
0.871586 5.04998e-06 16
0.906808 0.0112472 7
0.922518 0.058642 5
0.946238 0.283373 3
0.883055 0.000160595 12
0.874294 1.21075e-05 15
0.956051 0.324044 3
0.885539 0.000170714 12
0.903507 0.0106268 7
0.922816 0.0589116 5
0.911649 0.0248795 6
0.898359 0.00465047 8
0.899234 0.00472545 8
0.965372 0.585625 2
0.893086 0.00199074 9
0.86488 8.22946e-07 18
0.926577 0.120627 4
0.894256 0.00203683 9
0.915757 0.0533238 5
0.888359 0.00084607 10
0.869222 4.7186e-06 16
0.944908 0.279025 3
0.886271 0.000375097 11
0.941954 0.505198 2
0.922646 0.231527 3
0.941573 0.504392 2
0.885285 0.00828341 7
0.917777 0.225257 3
0.920895 0.22916 3
0.936366 0.494388 2
0.891664 0.0193567 6
0.975216 1 1
0.884185 0.00818144 7
0.898953 0.0446561 5
0.927971 0.239639 3
0.897875 0.0442453 5
0.94507 0.512217 2
0.920936 0.229213 3
0.929201 0.241735 3
0.969353 1 1
0.944788 0.511548 2
0.936266 0.255776 3
0.941535 0.504311 2
0.948453 0.520806 2
0.912651 0.105415 4
0.902953 0.0219952 6
0.927378 0.23866 3
0.934063 0.250995 3
0.951518 0.529589 2
0.913835 0.106439 4
0.906058 0.0477293 5
0.99092 1 1
0.917581 0.109958 4
0.88934 0.00018855 12
0.920449 0.0290367 6
0.89971 0.00228396 9
0.903898 0.00517444 8
0.891803 0.000428005 11
0.983691 1 1
0.87751 1.32828e-05 15
0.855876 8.35013e-10 26
0.908089 0.00566304 8
0.898662 0.00223188 9
0.921797 0.0298257 6
0.874209 2.47331e-06 17
0.859425 5.03982e-09 24
0.938753 0.142646 4
0.873888 2.44723e-06 17
0.932839 0.248507 3
0.910595 0.0501043 5
0.930204 0.243513 3
0.874294 0.000294261 11
0.905858 0.0476326 5
0.915768 0.108199 4
0.930299 0.243684 3
0.881458 0.0016291 9
0.973934 1 1
0.872954 0.000128601 12
0.888282 0.00394604 8
0.920207 0.112715 4
0.887858 0.00392165 8
0.933121 0.24907 3
0.911608 0.0506891 5
0.90695 0.0481672 5
0.899625 0.0211131 6
0.907459 0.0484232 5
0.868674 0.000118278 12
0.886876 0.00386648 8
0.927589 0.239006 3
0.903036 0.0463372 5
0.859032 8.2652e-06 15
0.945329 0.512837 2
0.865893 4.96022e-05 13
0.884514 0.00374075 8
0.893829 0.00920242 7
0.864805 4.85248e-05 13
0.923117 0.232187 3
0.886684 0.00385588 8
0.896982 0.00961227 7
0.96501 0.583725 2
0.915769 0.108199 4
0.987492 1 1
0.932574 0.247981 3
0.925424 0.119049 4
0.878756 0.000706802 10
0.89715 0.0205188 6
0.881581 0.00163219 9
0.982224 1 1
0.991788 1 1
0.8851 0.00172651 9
0.896393 0.00953223 7
0.947536 0.518369 2
0.894992 0.00934833 7
0.898415 0.000511715 11
0.92418 0.0313426 6
0.90792 0.00279126 9
0.90301 0.00120167 10
0.897875 0.000503825 11
0.974722 0.64596 2
0.887053 1.80806e-05 15
0.862509 5.02351e-10 27
0.918658 0.0143648 7
0.898409 0.000511628 11
0.920755 0.0151158 7
0.883194 7.34981e-06 16
0.866446 6.84255e-09 24
0.944683 0.158253 4
0.882139 3.27705e-06 17
0.968173 0.601307 2
0.955613 0.543073 2
0.986486 1 1
0.917453 0.109831 4
0.983028 1 1
0.895916 0.00946865 7
0.948764 0.521652 2
0.954232 0.538283 2
0.931628 0.246152 3
0.920818 0.113396 4
0.921424 0.114085 4
0.958081 0.552309 2
0.958732 0.554901 2
0.953114 0.53459 2
0.968685 1 1
0.961896 0.568508 2
0.920338 0.0289737 6
0.954603 0.316942 3
0.880504 1.45486e-05 15
0.926591 0.0626359 5
0.901494 0.00237841 9
0.959802 0.344633 3
0.907362 0.0055716 8
0.98893 1 1
0.880861 1.47125e-05 15
0.89157 0.000200589 12
0.949686 0.295812 3
0.914374 0.0130431 7
0.938258 0.141515 4
0.939889 0.145332 4
0.920935 0.113527 4
0.96473 0.582276 2
0.939005 0.262309 3
0.953798 0.53683 2
0.966687 0.592761 2
0.894123 0.00923878 7
0.902756 0.0219399 6
0.938689 0.261519 3
0.890149 0.00405781 8
0.960268 0.561291 2
0.947335 0.517847 2
0.913289 0.0517074 5
0.936313 0.255881 3
0.941553 0.269045 3
0.927123 0.1214 4
0.982687 1 1
0.93677 0.256927 3
0.979634 1 1
0.895885 0.00210473 9
0.950278 0.298132 3
0.8995 0.00474875 8
0.968433 0.602859 2
0.930489 0.126546 4
0.963651 0.576847 2
0.89744 0.00457448 8
0.904447 0.0107952 7
0.966279 0.590507 2
0.937321 0.258209 3
0.94867 0.29196 3
0.961682 0.567532 2
0.912499 0.0252177 6
0.914898 0.0527442 5
0.916452 0.0538072 5
0.884782 0.000362877 11
0.898521 0.00466419 8
0.943262 0.273961 3
0.905219 0.0109382 7
0.86766 4.51769e-06 16
0.943881 0.275826 3
0.881734 0.000155638 12
0.90109 0.0102213 7
0.898061 0.00462551 8
0.872937 2.59094e-05 14
0.93867 0.261472 3
0.893135 0.00199264 9
0.916212 0.223435 3
0.870936 0.00062298 10
0.90384 0.0466944 5
0.83398 2.01073e-09 24
0.876664 0.00338227 8
0.870106 0.000615205 10
0.926063 0.236561 3
0.864578 0.000249353 11
0.955533 0.542785 2
0.833705 1.99297e-09 24
0.845927 4.88562e-07 18
0.911548 0.104498 4
0.87186 0.00142008 9
0.890126 0.0190637 6
0.897392 0.0440655 5
0.904723 0.0225083 6
0.928816 0.123902 4
0.914199 0.052286 5
0.905278 0.0226761 6
0.903513 0.0221539 6
0.970706 0.617143 2
0.893204 0.00425736 8
0.868219 1.02949e-05 15
0.924364 0.117659 4
0.901045 0.0102142 7
0.922858 0.115779 4
0.889393 0.00185864 9
0.872278 2.54893e-05 14
0.950249 0.525828 2
0.888291 0.00182273 9
0.883501 0.00168227 9
0.949329 0.523213 2
0.901413 0.0215742 6
0.970833 1 1
0.913968 0.106556 4
0.938372 0.260737 3
0.866019 4.97288e-05 13
0.877796 0.000695341 10
0.875001 0.000663975 10
0.962981 0.573596 2
0.98331 1 1
0.870601 0.000122739 12
0.87761 0.000693159 10
0.940019 0.264908 3
0.878797 0.000707298 10
0.966059 0.589303 2
0.927774 0.0639324 5
0.961448 0.566476 2
0.887531 0.000386053 11
0.933708 0.132168 4
0.905351 0.0109631 7
0.960032 0.560282 2
0.912515 0.0252239 6
0.981126 0.703301 2
0.887986 0.000390159 11
0.898409 0.00221963 9
0.952094 0.305614 3
0.919325 0.0559513 5
0.945272 0.280193 3
0.944132 0.276597 3
0.888503 8.6292e-05 13
0.925855 0.0618622 5
0.90033 0.00111747 10
0.912436 0.012525 7
0.895012 0.000465342 11
0.993842 1 1
0.875542 2.58625e-06 17
0.858258 4.08415e-10 27
0.903351 0.0024852 9
0.906849 0.00550885 8
0.930465 0.0671412 5
0.873352 1.08797e-06 18
0.861363 2.41902e-09 25
0.941897 0.150417 4
0.874258 1.12353e-06 18
0.987025 1 1
0.940454 0.146719 4
0.991038 1 1
0.901101 0.00114057 10
0.964734 0.582298 2
0.890295 0.000193547 12
0.967077 0.594953 2
0.949145 0.29374 3
0.945309 0.160152 4
0.903945 0.00252136 9
0.906631 0.00548258 8
0.974482 0.644097 2
0.955957 0.323572 3
0.944626 0.158084 4
0.978312 0.67618 2
0.978354 1 1
0.913377 0.0255794 6
0.960043 0.560328 2
0.873708 2.64163e-05 14
0.932045 0.129171 4
0.879781 0.000148793 12
0.987795 1 1
0.924731 0.118135 4
0.965924 0.588573 2
0.87562 6.13409e-05 13
0.881535 0.000154916 12
0.974325 0.642894 2
0.932526 0.130017 4
0.924767 0.118182 4
0.959833 0.559442 2
0.900111 0.0451118 5
0.962714 1 1
0.918949 0.226679 3
0.982915 1 1
0.941604 0.504456 2
0.906663 0.100793 4
0.881751 0.0079665 7
0.910483 0.103642 4
0.877456 0.00341489 8
0.990032 1 1
0.970233 1 1
0.890243 0.0190856 6
0.908437 0.102075 4
0.939408 0.500013 2
0.902265 0.0460035 5
0.899107 0.00108254 10
0.964715 0.582201 2
0.918046 0.0141596 7
0.988861 1 1
0.938636 0.142376 4
0.91351 0.00645195 8
0.88072 6.74058e-06 16
0.905581 0.00262628 9
0.879045 2.92267e-06 17
0.992092 1 1
0.978136 0.67459 2
0.888433 8.61124e-05 13
0.904035 0.00252689 9
0.942872 0.15305 4
0.899692 0.001099 10
0.973466 0.636422 2
0.911441 0.0247985 6
0.956479 0.54621 2
0.871673 2.51136e-05 14
0.928064 0.122769 4
0.881307 0.000337065 11
0.982356 1 1
0.919299 0.0559306 5
0.971096 0.619737 2
0.873292 2.61411e-05 14
0.880144 0.000150023 12
0.96845 0.60296 2
0.927021 0.121254 4
0.924229 0.117487 4
0.954174 0.538086 2
0.894993 0.0432077 5
0.932326 0.48775 2
0.907109 0.101109 4
0.916616 0.223897 3
0.901712 0.0457687 5
0.988554 1 1
0.88168 0.00796045 7
0.864742 0.00025001 11
0.908553 0.102161 4
0.911343 0.10433 4
0.934767 0.491655 2
0.879738 0.00351302 8
0.867894 0.000595342 10
0.949008 0.522322 2
0.88083 0.00788883 7
0.869971 4.81985e-06 16
0.903513 0.0106277 7
0.88023 0.000150318 12
0.893154 0.00199337 9
0.873601 2.63447e-05 14
0.975628 0.653163 2
0.858596 5.74945e-08 21
0.837962 5.58653e-12 0
0.889875 0.000873173 10
0.887174 0.000826017 10
0.910507 0.0244431 6
0.855175 2.23154e-08 22
0.841217 6.48099e-12 0
0.919526 0.0561102 5
0.854911 9.63591e-09 23
0.945606 0.513508 2
0.928111 0.239872 3
0.951622 0.529908 2
0.901773 0.0457945 5
0.965067 1 1
0.862598 4.64548e-05 13
0.933735 0.250318 3
0.992692 1 1
0.901516 0.0456867 5
0.907508 0.0484483 5
0.899138 0.0447277 5
0.948594 0.521188 2
0.989757 1 1
0.917598 0.109976 4
0.965079 1 1
0.878661 2.88272e-06 17
0.909866 0.00589989 8
0.888624 4.06546e-05 14
0.896204 0.000480719 11
0.880895 6.78111e-06 16
0.979355 0.685857 2
0.867377 1.59284e-08 23
0.845307 7.86079e-12 0
0.899034 0.000521028 11
0.890595 9.19711e-05 13
0.913865 0.00651109 8
0.86374 2.69586e-09 25
0.848788 9.32442e-12 0
0.927283 0.0335854 6
0.863164 2.6251e-09 25
0.895228 0.000468064 11
0.947376 0.166808 4
0.910533 0.00599393 8
0.939636 0.144722 4
0.912133 0.00623196 8
0.973452 0.636315 2
0.879537 6.47612e-06 16
0.873897 5.0317e-07 19
0.898677 0.00107071 10
0.933731 0.0715896 5
0.958165 0.335238 3
0.880426 6.67327e-06 16
0.875886 1.19179e-06 18
0.955565 0.321611 3
0.884581 3.57412e-05 14
0.947827 0.288885 3
0.96363 0.576745 2
0.961916 0.568603 2
0.92356 0.0595996 5
0.950497 0.299002 3
0.932861 0.130616 4
0.93143 0.128114 4
0.914568 0.0260913 6
0.943938 0.276001 3
0.923041 0.0591179 5
0.936039 0.136732 4
0.931895 0.12891 4
0.918855 0.0555834 5
0.985077 1 1
0.934052 0.132814 4
0.920991 0.113591 4
0.963057 0.573956 2
0.935945 0.255054 3
0.935569 0.25422 3
0.932895 0.248618 3
0.957542 0.550215 2
0.905057 0.0472528 5
0.894463 0.0199252 6
0.922768 0.231697 3
0.932341 0.247526 3
0.952363 0.5322 2
0.905618 0.047518 5
0.897447 0.0205876 6
0.981478 1 1
0.908925 0.0491864 5
0.916517 0.0136715 7
0.947602 0.167573 4
0.92866 0.0346906 6
0.921243 0.0153018 7
0.920778 0.0151246 7
0.965565 0.383511 3
0.902637 0.00118927 10
0.883917 7.54359e-06 16
0.927327 0.0336198 6
0.917579 0.0140069 7
0.938523 0.0794434 5
0.900897 0.000550862 11
0.887575 3.92801e-05 14
0.969034 0.606502 2
0.901816 0.00116278 10
33 0 1 2 5 6 7 8 9 10 11 12 13 14 15 16 18 20 21 22 23 24 25 26 28 30 31 32 33 35 36 37 38 39 
31 0 1 2 5 6 7 8 9 10 11 12 13 14 16 18 20 21 22 23 24 25 26 28 31 32 33 35 36 37 38 39 
34 0 1 2 5 6 7 8 9 10 11 12 13 14 15 16 18 20 21 22 23 24 25 26 28 29 30 31 32 33 35 36 37 38 39 
31 0 1 2 5 6 7 8 9 10 11 12 13 14 15 16 18 20 21 22 23 24 25 26 31 32 33 35 36 37 38 39 
37 0 1 2 5 6 7 8 9 10 11 12 13 14 15 16 17 18 19 20 21 22 23 24 25 26 27 28 29 30 31 32 33 35 36 37 38 39 
14 2 5 7 9 12 13 14 16 21 22 23 26 33 35 
39 0 1 2 3 5 6 7 8 9 10 11 12 13 14 15 16 17 18 19 20 21 22 23 24 25 26 27 28 29 30 31 32 33 34 35 36 37 38 39 
37 0 1 2 3 4 5 6 8 9 10 11 12 13 14 15 16 17 18 19 20 21 22 23 24 25 26 27 28 29 30 31 32 34 36 37 38 39 
20 1 2 5 7 8 9 10 12 13 14 16 21 22 23 26 32 33 35 36 39 
37 0 1 2 3 4 5 6 7 8 9 10 11 12 13 14 15 16 17 18 20 21 22 23 24 25 26 27 28 30 31 32 33 35 36 37 38 39 
27 0 1 2 5 7 8 9 10 11 12 13 14 16 18 21 22 23 24 25 26 32 33 35 36 37 38 39 
39 0 1 2 3 5 6 7 8 9 10 11 12 13 14 15 16 17 18 19 20 21 22 23 24 25 26 27 28 29 30 31 32 33 34 35 36 37 38 39 
37 0 1 2 3 4 5 6 8 9 10 11 12 13 14 15 16 17 18 19 20 21 22 23 24 25 26 27 28 29 30 31 32 34 36 37 38 39 
29 1 2 5 6 7 8 9 10 11 12 13 14 16 18 20 21 22 23 25 26 28 31 32 33 35 36 37 38 39 
35 0 1 2 5 6 7 8 9 10 11 12 13 14 15 16 17 18 20 21 22 23 24 25 26 27 28 30 31 32 33 35 36 37 38 39 
