60 15 6e+06
2.86387 168469
2.26812 174070
1.39379 175885
2.17576 137686
1.49579 144383
1.40118 131930
2.34777 135894
2.19252 104352
1.2387 111560
1.77893 145008
1.88634 167201
1.30741 184337
4.82404 155001
2.72822 102353
1.21381 157887
3.22021 198159
1.72395 115592
3.332 160762
2.24675 139070
3.8396 172798
3.4269 178369
1.43045 107931
2.70652 137143
2.06679 184386
4.18568 101705
2.48466 107229
1.00883 186296
2.83888 188628
4.03135 197767
2.01359 118766
2.12587 179391
2.39149 143157
2.10568 107005
2.07175 122034
5.23114 189556
5.70418 160363
1.14187 165839
1.92445 162503
2.11884 149325
1.73412 129855
3.20947 167258
1.80858 135884
1.13944 135627
1.20756 125961
3.92337 162145
3.60092 173644
1.74867 171283
5.51705 114081
1.89153 110283
2.18474 195716
1.50461 140855
2.00668 101789
1.17664 195211
1.03127 145666
5.836 197768
1.14209 130802
1.4956 165903
1.45296 147820
5.23404 126054
1.80515 105332
0.89355 0.000101098 13
0.882037 3.26435e-06 17
0.977222 0.666517 2
0.937001 0.0767567 5
0.917135 0.0138646 7
0.969841 0.611546 2
0.898694 0.000515882 11
0.864434 1.24159e-09 26
0.925506 0.0322618 6
0.878425 1.31104e-06 18
0.982882 0.721946 2
0.938713 0.0797917 5
0.970478 0.61565 2
0.894743 0.000220134 12
0.916459 0.0136537 7
0.894874 0.00437632 8
0.93825 0.260439 3
0.877483 0.000141396 12
0.891992 0.0019496 9
0.924787 0.118208 4
0.921974 0.114724 4
0.986653 1 1
0.920399 0.0568178 5
0.868209 1.02923e-05 15
0.959637 0.558618 2
0.913326 0.0517309 5
0.90548 0.0227383 6
0.878373 0.000144181 12
0.854049 2.14544e-08 22
0.939805 0.264352 3
0.906765 0.00270745 9
0.903983 0.0025237 9
0.952026 0.305322 3
0.941036 0.148181 4
0.935399 0.0741283 5
0.982621 0.719087 2
0.921716 0.0297767 6
0.88529 3.65322e-05 14
0.921985 0.0299391 6
0.902028 0.00116952 10
0.990149 1 1
0.948555 0.291534 3
0.951591 0.303485 3
0.894987 0.000465023 11
0.937909 0.140733 4
0.891227 0.000898819 10
0.873949 2.65779e-05 14
0.990558 1 1
0.938169 0.26024 3
0.911373 0.0247723 6
0.955791 0.543708 2
0.886097 0.000373632 11
0.857198 2.39815e-08 22
0.931442 0.128134 4
0.868375 2.05697e-06 17
0.969385 0.608677 2
0.936649 0.256648 3
0.982195 1 1
0.899533 0.00475172 8
0.908669 0.0237813 6
0.872692 0.000640071 10
0.853448 3.16389e-06 16
0.985545 1 1
0.920472 0.228607 3
0.890519 0.00881673 7
0.938204 0.497716 2
0.867903 0.000263247 11
0.837196 2.23329e-09 24
0.919576 0.227462 3
0.848225 5.17623e-07 18
0.94859 0.521177 2
0.916719 0.109108 4
0.970162 1 1
0.887937 0.00854298 7
0.887396 0.00848833 7
0.878208 6.52846e-05 13
0.85277 3.86888e-09 24
0.978031 1 1
0.927344 0.121716 4
0.892105 0.00195379 9
0.927487 0.121923 4
0.859692 1.35895e-07 20
0.837598 5.49583e-12 0
0.931311 0.127912 4
0.844799 4.16969e-11 29
0.940462 0.266077 3
0.920814 0.0571623 5
0.975417 0.651461 2
0.89994 0.00478792 8
0.886837 0.000820485 10
0.894342 0.00926607 7
0.895944 0.0094723 7
0.950063 0.525292 2
0.927798 0.239351 3
0.923618 0.116715 4
0.99675 1 1
0.923648 0.116753 4
0.876921 0.000309039 11
0.909962 0.0497503 5
0.897209 0.00964362 7
0.985878 1 1
0.934979 0.252935 3
0.944932 0.511889 2
0.882566 0.00165749 9
0.927795 0.239346 3
0.859088 6.92981e-07 18
0.888591 0.00183236 9
0.887966 0.00181241 9
0.874088 5.91947e-05 13
0.890732 0.00190437 9
0.935266 0.253557 3
0.956076 0.544736 2
0.870363 2.43298e-05 14
0.853394 4.83012e-08 21
0.906052 0.0229161 6
0.919826 0.1123 4
0.884949 0.000790796 10
0.881407 0.000337755 11
0.83172 4.24658e-12 0
0.902727 0.0219321 6
0.983536 1 1
0.942833 0.272695 3
0.870601 2.44692e-05 14
0.931388 0.245698 3
0.954616 0.539589 2
0.880278 0.000330067 11
0.881173 0.00033614 11
0.94411 0.276529 3
0.917989 0.0549244 5
0.915032 0.0528338 5
0.888028 0.00181437 9
0.93644 0.256171 3
0.884257 0.000780429 10
0.929524 0.125 4
0.944098 0.276492 3
0.88288 0.00365913 8
0.871734 0.000281073 11
0.980771 1 1
0.926898 0.237883 3
0.905958 0.0476809 5
0.964516 0.581178 2
0.892029 0.00898743 7
0.854172 3.21725e-06 16
0.917756 0.110135 4
0.869114 0.000268658 11
0.973072 1 1
0.927675 0.239148 3
0.966883 1 1
0.886615 0.00385209 8
0.905531 0.0474763 5
0.8891 1.94607e-05 15
0.928614 0.0346524 6
0.882128 1.51838e-06 18
0.890891 4.38959e-05 14
0.92013 0.014884 7
0.928431 0.0345017 6
0.994821 1 1
0.910373 0.00298591 9
0.867421 3.21215e-09 25
0.948547 0.170863 4
0.918184 0.00732008 8
0.904041 0.0012371 10
0.881609 1.48656e-06 18
0.851286 1.05833e-11 0
0.934677 0.0730065 5
0.951661 0.530027 2
0.910636 0.0501278 5
0.926898 0.121079 4
0.993768 1 1
0.954821 0.540292 2
0.919612 0.112068 4
0.883901 0.00169312 9
0.899067 0.00990984 7
0.9739 1 1
0.892465 0.00420704 8
0.933256 0.249342 3
0.982765 1 1
0.943127 0.273562 3
0.955583 0.542965 2
0.941827 0.269812 3
0.884279 1.64369e-05 15
0.911961 0.00620547 8
0.901606 0.00115618 10
0.897586 0.000499696 11
0.916848 0.0137741 7
0.950661 0.299661 3
0.970143 0.61348 2
0.892609 9.80397e-05 13
0.87537 5.32639e-07 19
0.92604 0.0326482 6
0.937428 0.0774919 5
0.909434 0.0058405 8
0.898272 0.000509609 11
0.854718 1.26727e-11 0
0.929106 0.0654731 5
0.929808 0.242803 3
0.947662 0.518701 2
0.909482 0.102863 4
0.934683 0.491516 2
0.963984 1 1
0.944208 0.510196 2
0.947376 0.517954 2
0.927366 0.238641 3
0.90974 0.103061 4
0.945769 0.513904 2
0.94352 0.508626 2
0.948814 0.521789 2
0.914589 0.107112 4
0.893978 0.0198232 6
0.9765 1 1
0.873633 1.18866e-05 15
0.854954 4.20947e-09 24
0.987084 1 1
0.921257 0.0575376 5
0.891867 0.00091149 10
0.940299 0.265645 3
0.869823 2.14987e-06 17
0.838597 5.74872e-12 0
0.919707 0.0562553 5
0.849911 1.21467e-10 28
0.950614 0.299472 3
0.917819 0.0276266 6
0.970768 0.617557 2
0.88801 0.000390381 11
0.888925 0.000398882 11
0.909954 0.0119232 7
0.874046 2.46006e-06 17
0.954725 0.317525 3
0.959642 0.55864 2
0.916754 0.0271004 6
0.920677 0.029167 6
0.864013 6.98335e-08 21
0.861002 1.21861e-08 23
0.969874 0.611755 2
0.860529 1.19577e-08 23
0.936705 0.138122 4
0.948289 0.290557 3
0.972259 0.627721 2
0.937151 0.139072 4
0.907428 0.00557975 8
0.942238 0.270977 3
0.922008 0.0581887 5
0.936068 0.136793 4
0.975179 0.649561 2
0.964984 0.58359 2
0.944059 0.276371 3
0.90838 0.0115737 7
0.906131 0.0111131 7
0.94995 0.29684 3
0.909432 0.0118047 7
0.955617 0.32187 3
0.987104 1 1
0.947644 0.288232 3
0.928233 0.123021 4
0.958392 0.553538 2
0.97162 0.623286 2
0.966572 0.592118 2
0.87961 1.41513e-05 15
0.933762 0.132269 4
0.973142 0.634044 2
0.897876 0.00104935 10
0.906098 0.00541949 8
0.959633 0.558601 2
0.913783 0.0128803 7
0.939407 0.144176 4
0.903148 0.0050961 8
0.943868 0.275787 3
0.891075 0.000420283 11
0.915438 0.0264815 6
0.968131 0.601055 2
0.90637 0.0111601 7
0.880945 6.99517e-05 13
0.974518 0.644377 2
0.956353 0.325581 3
0.921943 0.0581308 5
0.943674 0.275199 3
0.881356 7.07029e-05 13
0.865549 1.66156e-07 20
0.952273 0.306383 3
0.871318 2.25255e-06 17
0.959906 0.559749 2
0.951351 0.302485 3
0.991716 1 1
0.91957 0.0285475 6
0.916046 0.0267631 6
0.867931 4.55169e-06 16
0.889214 0.000861162 10
0.908594 0.0237553 6
0.889196 0.000860839 10
0.89974 0.0100109 7
0.956072 0.544721 2
0.946879 0.285555 3
0.870108 1.08094e-05 15
0.869458 1.0628e-05 15
0.901871 0.0103482 7
0.939854 0.264478 3
0.899051 0.00470957 8
0.901138 0.0102291 7
0.845578 1.0054e-10 28
0.909897 0.0242181 6
0.923653 0.0309931 6
0.959991 0.345758 3
0.890627 0.000195339 12
0.917517 0.0139868 7
0.954469 0.316304 3
0.928146 0.0643529 5
0.958043 0.334568 3
0.939254 0.143815 4
0.892989 0.000208949 12
0.96561 0.586885 2
0.924961 0.0318774 6
0.931581 0.0685886 5
0.895229 0.000468078 11
0.88079 1.46797e-05 15
0.970044 0.612844 2
0.891784 0.0193801 6
0.87479 0.00147777 9
0.989516 1 1
0.938563 0.498391 2
0.91214 0.104986 4
0.956735 0.547158 2
0.887043 0.00845318 7
0.85799 1.85304e-05 14
0.931452 0.245819 3
0.869281 0.000269418 11
0.970419 1 1
0.937249 0.495962 2
0.981775 1 1
0.899596 0.044907 5
0.909526 0.102897 4
0.939692 0.26406 3
0.898754 0.0208984 6
0.934408 0.251717 3
0.987991 1 1
0.942637 0.50667 2
0.919114 0.111536 4
0.87643 0.000679651 10
0.887015 0.00387416 8
0.984596 1 1
0.881677 0.00163462 9
0.934033 0.250933 3
0.973155 1 1
0.951754 0.53031 2
0.956614 0.546709 2
0.930585 0.244207 3
0.869876 0.000613084 10
0.883967 0.00816158 7
0.923718 0.233044 3
0.89689 0.0438812 5
0.900868 0.0454186 5
0.968764 1 1
0.933423 0.489467 2
0.864738 0.000249993 11
0.878767 0.00347051 8
0.893053 0.019633 6
0.952282 0.531946 2
0.905297 0.099852 4
0.914718 0.107229 4
0.852889 7.2299e-06 15
0.908969 0.102473 4
0.888671 0.00183495 9
0.914113 0.0522307 5
0.906486 0.0230538 6
0.903084 0.010553 7
0.921445 0.11411 4
0.955551 0.54285 2
0.966935 0.594151 2
0.894496 0.00434872 8
0.880797 0.000333561 11
0.92644 0.120436 4
0.942792 0.272575 3
0.914908 0.0527509 5
0.903554 0.0221657 6
0.859845 7.082e-07 18
0.933305 0.24944 3
0.967624 0.598086 2
0.910813 0.00302348 9
0.897568 0.000240384 12
0.961528 0.355278 3
0.946839 0.16502 4
0.891482 9.45665e-05 13
0.867649 7.23371e-09 24
0.90521 0.00127962 10
0.958917 0.33947 3
0.887289 1.8232e-05 15
0.903791 0.00122836 10
0.956335 0.325491 3
0.913938 0.00652332 8
0.971944 0.625518 2
0.93162 0.0686401 5
0.953132 0.534648 2
0.900898 0.0454307 5
0.910448 0.103614 4
0.971243 1 1
0.941126 0.50346 2
0.898225 0.0443774 5
0.865626 0.000253591 11
0.893066 0.0196355 6
0.975878 1 1
0.879592 0.00350654 8
0.911927 0.104809 4
0.960808 1 1
0.927538 0.238922 3
0.978107 1 1
0.926508 0.237261 3
0.916217 0.108625 4
0.883203 0.00167427 9
0.958143 0.552554 2
0.967426 0.596942 2
0.92608 0.119938 4
0.930056 0.243247 3
0.874237 0.000132011 12
0.869407 5.33686e-05 13
0.969326 0.608313 2
0.870297 5.43992e-05 13
0.946271 0.515143 2
0.957782 0.551139 2
0.976471 1 1
0.935885 0.25492 3
0.917384 0.109762 4
0.890343 0.00406982 8
0.909108 0.0492845 5
0.918491 0.110885 4
0.910167 0.049864 5
0.922945 0.115885 4
0.968398 0.602646 2
0.954263 0.538386 2
0.889347 0.0018571 9
0.888701 0.00183593 9
0.918044 0.110426 4
0.954841 0.540361 2
0.9211 0.113715 4
0.914804 0.0526822 5
0.865849 9.70216e-06 15
0.932975 0.248778 3
0.910675 0.103793 4
0.967101 1 1
0.860649 0.000102375 12
0.891413 0.0193081 6
0.932764 0.488428 2
0.898104 0.0443317 5
0.950248 0.525827 2
0.953355 0.535373 2
0.868094 0.000597091 10
0.996429 1 1
0.893965 0.0198205 6
0.904818 0.0995306 4
0.865477 0.00025298 11
0.861178 0.00010331 12
0.946364 0.515377 2
0.980396 0.695952 2
0.936908 0.138553 4
0.902217 0.0024189 9
0.964114 0.579149 2
0.976124 0.657219 2
0.908826 0.00575886 8
0.893945 0.000452294 11
0.927617 0.063756 5
0.94529 0.160091 4
0.914248 0.013008 7
0.918538 0.0279964 6
0.970416 0.615245 2
0.916218 0.0135799 7
0.943798 0.155659 4
0.960464 0.348618 3
0.985984 1 1
0.940127 0.50143 2
0.872393 0.000637104 10
0.933781 0.250412 3
0.954681 0.539811 2
0.880886 0.00356482 8
0.879774 0.00351463 8
0.940771 0.50273 2
0.920987 0.229281 3
0.912557 0.105336 4
0.88903 0.0188624 6
0.93825 0.497803 2
0.886298 0.00838015 7
0.932992 0.248811 3
0.943388 0.508331 2
0.928717 0.0650137 5
0.911043 0.00606783 8
0.9494 0.173956 4
0.968852 0.605389 2
0.951678 0.303848 3
0.954512 0.316507 3
0.907161 0.00273566 9
0.894429 0.000218057 12
0.947797 0.168241 4
0.901356 0.0011484 10
0.968195 0.601438 2
0.975085 0.648817 2
0.959481 0.342736 3
0.92137 0.0295703 6
0.947451 0.167063 4
0.907904 0.0235193 6
0.881306 0.000154091 12
0.972111 0.626678 2
0.958233 0.552908 2
0.922674 0.0587833 5
0.941584 0.269132 3
0.880249 0.000150382 12
0.866137 1.9249e-06 17
0.954876 0.540484 2
0.871161 1.11145e-05 15
0.957865 0.551462 2
0.95257 0.532851 2
0.989961 1 1
0.922053 0.058228 5
0.916335 0.0537252 5
0.968622 0.603996 2
0.915976 0.0534749 5
0.906026 0.0229078 6
0.971416 0.621892 2
0.955367 0.542198 2
0.90172 0.0103233 7
0.876462 0.000138319 12
0.908224 0.023628 6
0.962804 0.57275 2
0.893677 0.00429032 8
0.91399 0.0521516 5
0.967361 0.59657 2
0.922112 0.114886 4
0.965298 0.585235 2
0.940135 0.265212 3
0.915593 0.0133928 7
0.964853 0.378161 3
0.835502 5.0065e-12 0
0.879054 1.34324e-06 18
0.920928 0.0151814 7
0.864956 2.85359e-09 25
0.907338 0.00274844 9
0.978885 0.681448 2
0.858943 8.20619e-11 29
0.957907 0.33382 3
0.864392 2.77898e-09 25
0.890327 9.12086e-05 13
0.843558 7.231e-12 0
0.861416 4.7575e-10 27
0.927779 0.033975 6
0.917151 0.109531 4
0.966636 0.592478 2
0.874525 0.000132797 12
0.903411 0.0221249 6
0.943451 0.274527 3
0.912398 0.0511599 5
0.957719 0.550898 2
0.947935 0.519421 2
0.879462 0.000715468 10
0.982937 1 1
0.908432 0.0489254 5
0.917179 0.109559 4
0.879149 0.000711603 10
0.870142 5.42174e-05 13
0.958287 0.553123 2
0.8859 0.000371986 11
0.863323 7.8472e-07 18
0.99021 1 1
0.934857 0.134362 4
0.902266 0.0104138 7
0.940071 0.265044 3
0.871694 1.12739e-05 15
0.847518 2.5378e-10 27
0.934311 0.133305 4
0.856081 2.30419e-08 22
0.953565 0.53606 2
0.930102 0.125918 4
0.98549 1 1
0.90211 0.0103878 7
0.897828 0.00460625 8
0.95394 0.537303 2
0.924391 0.234025 3
0.927026 0.238089 3
0.982678 1 1
0.969659 1 1
0.931001 0.244973 3
0.900568 0.0452962 5
0.910533 0.103681 4
0.95656 0.546511 2
0.908049 0.101789 4
0.942675 0.506751 2
0.996894 1 1
0.940644 0.502471 2
0.939342 0.499884 2
0.95841 0.55361 2
0.983968 1 1
0.954447 0.539009 2
0.882685 0.00364962 8
0.940833 0.502857 2
0.972465 1 1
0.896179 0.0202986 6
0.897145 0.0205178 6
0.949219 0.522907 2
0.922714 0.231621 3
0.927778 0.239318 3
0.903157 0.0463905 5
0.949001 0.522304 2
0.895368 0.0201196 6
0.926649 0.237485 3
0.962183 0.569834 2
0.936355 0.137386 4
0.917626 0.0140219 7
0.941677 0.149836 4
0.972823 0.631727 2
0.959464 0.342636 3
0.949005 0.293212 3
0.908506 0.00571682 8
0.901335 0.00236966 9
0.949081 0.293497 3
0.906436 0.00545938 8
0.961306 0.353862 3
0.982134 0.713831 2
0.952626 0.307919 3
0.925164 0.0320195 6
0.954162 0.314861 3
0.88369 0.00168736 9
0.915709 0.108143 4
0.893641 0.00917931 7
0.89326 0.00913299 7
0.915932 0.108353 4
0.942033 0.270394 3
0.97928 1 1
0.896725 0.00957719 7
0.870601 5.47589e-05 13
0.932146 0.247145 3
0.929526 0.242304 3
0.905581 0.0227693 6
0.891007 0.00411169 8
0.851342 1.04615e-07 20
0.92912 0.241593 3
0.94342 0.274434 3
0.893813 0.00201912 9
0.917786 0.0547729 5
0.972912 0.632375 2
0.935372 0.135381 4
0.901068 0.0048916 8
0.863205 3.45727e-07 19
0.884959 0.000364287 11
0.986369 1 1
0.873844 1.19563e-05 15
0.915548 0.026532 6
0.959709 0.558919 2
0.935261 0.13516 4
0.975952 0.655806 2
0.921476 0.0577252 5
0.957759 0.551051 2
0.914259 0.106815 4
0.920961 0.229246 3
0.987599 1 1
0.957887 0.551549 2
0.915705 0.222862 3
0.88376 0.00814283 7
0.903462 0.0465253 5
0.970404 1 1
0.89492 0.0431825 5
0.928757 0.240967 3
0.98122 1 1
0.936977 0.495471 2
0.95765 0.55063 2
0.943988 0.509689 2
0.954876 0.318248 3
0.969777 0.61114 2
0.857825 2.07215e-09 25
0.910866 0.0121367 7
0.94938 0.294634 3
0.878346 1.3618e-05 15
0.898446 0.00222145 9
0.977985 0.673236 2
0.89264 0.000437214 11
0.941666 0.149809 4
0.882118 3.32002e-05 14
0.920291 0.0289471 6
0.868801 4.17522e-07 19
0.898559 0.00222689 9
0.948462 0.291191 3
0.869478 4.27626e-07 19
0.885389 7.88533e-05 13
0.919903 0.0287307 6
0.895051 0.000979917 10
0.900746 0.00233789 9
0.965867 0.588267 2
0.936888 0.138509 4
0.866157 7.57398e-08 21
0.87647 5.86005e-06 16
0.895353 0.00098693 10
0.949325 0.294425 3
0.903861 0.00517057 8
0.91132 0.0122462 7
0.851086 2.41208e-11 30
0.909392 0.0117958 7
0.9491 0.522577 2
0.906391 0.0230233 6
0.927099 0.121364 4
0.9914 1 1
0.950212 0.525722 2
0.916943 0.054157 5
0.879677 0.000326109 11
0.895223 0.00440211 8
0.978692 1 1
0.888062 0.00181543 9
0.930988 0.12737 4
0.978107 1 1
0.943826 0.275659 3
0.959111 0.556441 2
0.937151 0.25781 3
0.906487 0.00132902 10
0.911836 0.00311395 9
0.938621 0.079623 5
0.933687 0.0715255 5
0.937776 0.0781004 5
0.981262 0.7047 2
0.935234 0.0738692 5
0.892408 9.74051e-05 13
0.912531 0.00629411 8
0.912776 0.00633284 8
0.976975 0.664394 2
0.943612 0.155125 4
0.93791 0.0783385 5
0.887865 1.86096e-05 15
0.943525 0.154878 4
0.913154 0.105846 4
0.911035 0.104082 4
0.946488 0.515686 2
0.944808 0.511596 2
0.942607 0.506605 2
0.976695 1 1
0.92521 0.23525 3
0.892268 0.0090153 7
0.924045 0.233518 3
0.908322 0.048868 5
0.982732 1 1
0.953744 0.536651 2
0.948253 0.520268 2
0.898384 0.0208091 6
0.945358 0.512908 2
0.928952 0.12411 4
0.883547 0.000162516 12
0.929471 0.124916 4
0.969659 0.610398 2
0.926179 0.0621999 5
0.905586 0.0110078 7
0.860135 6.06718e-08 21
0.873243 1.1759e-05 15
0.995804 1 1
0.865711 8.44453e-07 18
0.920978 0.0573003 5
0.955022 0.540988 2
0.947238 0.286802 3
0.964294 0.580052 2
0.913666 0.025701 6
0.949605 0.523989 2
0.895445 0.0201363 6
0.904973 0.0472137 5
0.96329 0.575084 2
0.934211 0.251304 3
0.89091 0.00886009 7
0.858513 8.16944e-06 15
0.888723 0.00862404 7
0.972823 1 1
0.873541 0.000648661 10
0.904695 0.0470845 5
0.95265 0.533105 2
0.92216 0.230856 3
0.98644 1 1
0.919504 0.111952 4
0.936858 0.257129 3
0.890257 0.00188787 9
0.92564 0.11934 4
0.974852 0.646975 2
0.932812 0.130527 4
0.905974 0.0228915 6
0.863998 1.81019e-06 17
0.880305 0.000330248 11
0.995346 1 1
0.871624 2.50831e-05 14
0.920969 0.0572932 5
0.960361 0.56169 2
0.943334 0.274177 3
0.968623 0.604 2
0.919728 0.0562717 5
0.953311 0.53523 2
0.906927 0.10098 4
0.920687 0.228887 3
0.984903 1 1
0.949792 0.524518 2
0.91091 0.103981 4
0.87641 0.00337195 8
0.896883 0.0438786 5
0.977699 1 1
0.887319 0.00848068 7
0.924637 0.234389 3
0.973931 1 1
0.937461 0.496345 2
0.964775 1 1
0.935871 0.493527 2
0.94042 0.502018 2
0.989471 1 1
0.874514 0.00147213 9
0.91584 0.223014 3
0.96007 1 1
0.90431 0.0991942 4
0.932607 0.488184 2
0.968068 1 1
0.89288 0.019598 6
0.970791 1 1
0.904675 0.0994349 4
0.928826 0.241086 3
0.882413 0.00802355 7
0.888512 0.0187694 6
0.97054 1 1
0.935099 0.134838 4
0.914485 0.0260547 6
0.944172 0.276719 3
0.974718 0.645931 2
0.956686 0.327303 3
0.948294 0.290577 3
0.905444 0.00534416 8
0.898457 0.00222193 9
0.951817 0.304437 3
0.903078 0.0050889 8
0.96145 0.566485 2
0.982005 0.712457 2
0.955753 0.322548 3
0.926825 0.0628867 5
0.950818 0.300299 3
0.903687 0.0466258 5
0.874255 0.00065606 10
0.970429 1 1
0.954296 0.538497 2
0.915918 0.10834 4
0.933424 0.249682 3
0.871823 0.000281512 11
0.859696 8.3902e-06 15
0.956425 0.546009 2
0.863409 4.71981e-05 13
0.949374 0.523338 2
0.946523 0.515775 2
0.988386 1 1
0.923453 0.232664 3
0.908789 0.049114 5
0.927863 0.239459 3
0.955659 0.543235 2
0.899157 0.044735 5
0.925965 0.236408 3
0.960595 0.562704 2
0.935354 0.253749 3
0.953235 0.534981 2
0.934879 0.25272 3
0.901186 0.0455493 5
0.956647 0.546832 2
0.933309 0.249449 3
0.940134 0.501444 2
0.904103 0.0468131 5
0.887615 0.00851043 7
0.975691 1 1
0.937018 0.257501 3
0.953038 0.534344 2
0.906969 0.0481768 5
0.938023 0.259887 3
0.971254 1 1
0.938415 0.260843 3
0.941896 0.505074 2
0.93304 0.248906 3
0.912925 0.0514819 5
0.947325 0.517822 2
0.939342 0.263161 3
0.95239 0.532282 2
0.913425 0.10608 4
0.898937 0.0209431 6
0.984374 1 1
0.920879 0.0292832 6
0.888368 0.000183687 12
0.956018 0.323881 3
0.972452 0.629083 2
0.93148 0.128198 4
0.932411 0.129814 4
0.878431 1.36529e-05 15
0.874453 5.50263e-06 16
0.970307 0.614541 2
0.875284 5.64572e-06 16
0.948568 0.291584 3
0.963328 0.575266 2
0.973939 0.639954 2
0.937289 0.139371 4
0.922726 0.0588296 5
0.941641 0.149743 4
0.900062 0.00230199 9
0.932563 0.130083 4
0.988847 1 1
0.943914 0.275929 3
0.918191 0.0278167 6
0.876649 5.89342e-06 16
0.888512 0.000184394 12
0.9842 1 1
0.882652 3.3726e-05 14
0.932948 0.130773 4
0.973919 0.639804 2
0.949816 0.296314 3
0.957856 0.33354 3
0.931598 0.128401 4
53 0 1 2 3 4 5 6 7 9 10 11 12 13 14 15 16 17 18 19 20 21 22 23 24 27 28 29 30 32 33 35 36 37 38 39 40 41 43 44 45 46 47 48 49 51 52 53 54 55 56 57 58 59 
34 0 1 2 3 4 5 6 7 9 10 12 13 14 18 19 20 21 23 24 28 29 32 33 36 37 40 41 45 47 48 53 54 56 57 
7 4 7 9 14 19 23 45 
42 0 1 2 3 4 6 7 8 9 10 12 13 14 16 17 18 19 20 21 23 24 28 29 30 31 32 33 35 36 37 38 39 40 41 44 45 47 48 53 54 56 57 
40 0 1 2 3 4 5 6 7 9 10 12 13 14 15 16 18 19 20 21 23 24 27 28 29 32 33 36 37 38 40 41 45 47 48 53 54 55 56 57 58 
7 4 7 9 14 19 23 45 
19 0 2 3 4 5 6 7 9 12 14 19 21 23 24 28 37 41 45 47 
54 0 1 2 3 4 6 7 9 10 11 12 13 15 16 17 18 19 20 21 22 23 24 25 26 27 28 29 30 32 33 34 36 37 38 39 40 41 42 43 45 46 47 48 49 50 51 52 53 54 55 56 57 58 59 
53 0 1 2 3 4 5 6 7 8 9 10 11 12 13 14 15 16 17 18 19 20 21 22 23 24 27 28 29 30 32 33 34 35 36 37 38 39 40 41 43 44 45 46 47 48 52 53 54 55 56 57 58 59 
48 0 1 2 3 4 5 6 7 9 10 11 12 13 14 15 16 18 19 20 21 22 23 24 27 28 29 32 33 36 37 38 40 41 42 43 45 46 47 48 49 51 52 54 55 56 57 58 59 
14 0 4 6 7 9 10 12 14 19 23 24 28 41 45 
39 0 1 2 3 4 5 6 7 9 10 12 13 14 15 16 18 19 20 21 23 24 27 28 29 32 33 36 37 40 41 45 47 48 53 54 55 56 57 58 
32 0 1 2 3 4 6 7 9 10 12 13 14 16 19 20 21 23 24 28 29 32 36 37 40 41 45 47 48 53 54 56 57 
54 0 1 2 3 4 5 6 9 11 13 14 15 16 17 18 19 20 21 22 23 24 25 26 27 28 29 30 32 33 34 35 36 37 38 39 40 41 42 43 45 46 47 48 49 50 51 52 53 54 55 56 57 58 59 
35 0 1 2 3 4 5 6 7 9 10 12 13 14 16 18 19 20 21 23 24 28 29 32 33 36 37 40 41 45 47 48 54 55 56 57 
