70 15 8e+06
2.99629 194741
1.21261 112072
1.25027 150211
2.25773 127455
2.89098 116492
1.26562 139782
1.47695 198036
1.38606 144114
2.4885 128419
2.75232 189601
1.95476 162589
1.7374 185068
1.64981 133850
2.15974 159055
1.48046 186806
2.59652 127758
1.50527 159253
2.7927 188258
1.45769 176261
1.6934 159051
1.00432 131784
1.0399 160653
1.44922 167948
2.62468 159412
1.06012 188995
1.71259 137708
1.11496 131469
2.37812 194233
1.78044 192884
2.23764 134936
1.76618 152654
1.45139 134908
2.55212 158983
1.9169 124732
2.75763 153116
1.42023 138953
2.38262 122058
1.08478 157005
2.93778 101091
2.47991 163307
1.18346 146080
1.95266 138777
2.38212 149911
1.83289 167838
1.46881 161097
1.19624 179923
2.26167 137876
1.30025 151909
2.14948 170101
1.40433 196033
2.06105 114732
1.6027 172220
2.76394 129096
2.48534 101605
1.94541 144456
2.72148 142576
1.28347 108142
2.47405 174030
2.47547 119401
2.61233 175760
1.17958 124210
1.43556 180017
1.9366 113481
2.44917 142134
2.27766 197092
1.06016 194580
2.42121 153972
1.08056 115803
1.06622 128548
2.17281 103582
0.899234 0.000524091 11
0.965372 0.382047 3
0.893086 9.95704e-05 13
0.86488 2.84337e-09 25
0.926577 0.033046 6
0.894256 0.000216932 12
0.915757 0.0134413 7
0.888359 4.02995e-05 14
0.869222 3.84273e-08 22
0.944908 0.158928 4
0.886271 1.75922e-05 15
0.935145 0.0737294 5
0.876478 5.56434e-07 19
0.979023 0.682735 2
0.964639 0.376591 3
0.917777 0.225257 3
0.920895 0.22916 3
0.936366 0.494388 2
0.891664 0.0193567 6
0.975216 1 1
0.884185 0.00818144 7
0.898953 0.0446561 5
0.927971 0.239639 3
0.897875 0.0442453 5
0.94507 0.512217 2
0.920936 0.229213 3
0.977964 1 1
0.913104 0.105802 4
0.943347 0.508238 2
0.928542 0.240601 3
0.941535 0.504311 2
0.948453 0.520806 2
0.912651 0.105415 4
0.902953 0.0463009 5
0.927378 0.23866 3
0.934063 0.250995 3
0.951518 0.529589 2
0.913835 0.106439 4
0.906058 0.0477293 5
0.99092 1 1
0.917581 0.109958 4
0.946761 0.516376 2
0.906019 0.0477101 5
0.932203 0.247256 3
0.964758 0.582423 2
0.891803 0.0041631 8
0.983691 1 1
0.87751 0.000312546 11
0.855876 2.75814e-07 19
0.908089 0.0487466 5
0.898662 0.00985033 7
0.921797 0.114518 4
0.874209 0.000131934 12
0.859425 1.59678e-06 17
0.938753 0.261678 3
0.873888 0.000131068 12
0.918336 0.110725 4
0.86364 9.19662e-06 15
0.968274 0.601909 2
0.974137 1 1
0.905858 0.01106 7
0.915768 0.0266336 6
0.930299 0.126236 4
0.881458 0.000154638 12
0.973934 0.639915 2
0.872954 1.16661e-05 15
0.888282 0.00084474 10
0.920207 0.0566597 5
0.887858 0.000388995 11
0.933121 0.131087 4
0.911608 0.0248636 6
0.967166 0.595455 2
0.904795 0.0108591 7
0.945236 0.280077 3
0.921235 0.0575183 5
0.886876 0.00843673 7
0.927589 0.239006 3
0.903036 0.0463372 5
0.859032 1.893e-05 14
0.945329 0.512837 2
0.865893 0.000112319 12
0.884514 0.00374075 8
0.893829 0.0197923 6
0.864805 0.000110125 12
0.923117 0.232187 3
0.886684 0.00841781 7
0.941593 0.504433 2
0.879245 0.00157539 9
0.968674 1 1
0.927366 0.23864 3
0.932574 0.0699382 5
0.925424 0.032203 6
0.878756 2.89254e-06 17
0.89715 0.000493566 11
0.881581 6.94354e-06 16
0.982224 0.714801 2
0.991788 1 1
0.8851 1.68983e-05 15
0.896393 0.000483234 11
0.947536 0.167349 4
0.894992 0.000465085 11
0.901383 0.00114924 10
0.883845 1.62012e-05 15
0.890942 9.29732e-05 13
0.939129 0.143519 4
0.897875 0.00024277 12
0.974722 0.64596 2
0.887053 1.80806e-05 15
0.862509 2.23273e-10 28
0.918658 0.0143648 7
0.898409 0.000247016 12
0.920755 0.0151158 7
0.883194 3.41247e-06 17
0.866446 3.0637e-09 25
0.944683 0.158253 4
0.882139 3.27705e-06 17
0.928556 0.0346042 6
0.872034 4.34556e-08 22
0.973962 0.640133 2
0.971909 0.625272 2
0.983028 1 1
0.895916 0.00210608 9
0.948764 0.29231 3
0.954232 0.31519 3
0.931628 0.128451 4
0.920818 0.0571663 5
0.921424 0.0576802 5
0.958081 0.552309 2
0.958732 0.554901 2
0.953114 0.310075 3
0.968685 0.604375 2
0.949845 0.29643 3
0.956284 0.545492 2
0.89047 0.000884282 10
0.911228 0.0247163 6
0.926591 0.120647 4
0.901494 0.00493203 8
0.959802 0.559312 2
0.907362 0.01136 7
0.98893 1 1
0.880861 0.000152511 12
0.89157 0.00193422 9
0.949686 0.295812 3
0.914374 0.0260063 6
0.938258 0.260457 3
0.939889 0.26457 3
0.987151 1 1
0.933612 0.13199 4
0.919958 0.0564574 5
0.911324 0.0247533 6
0.966687 1 1
0.894123 0.0429104 5
0.902756 0.0981943 4
0.938689 0.49863 2
0.890149 0.0190679 6
0.960268 1 1
0.947335 0.517847 2
0.913289 0.105962 4
0.936313 0.494295 2
0.941553 0.504348 2
0.927123 0.238246 3
0.909857 0.103151 4
0.917104 0.224463 3
0.872018 0.00142307 9
0.909866 0.103159 4
0.950278 0.525913 2
0.8995 0.0210819 6
0.968433 1 1
0.930489 0.24403 3
0.963651 0.576847 2
0.89744 0.020586 6
0.904447 0.0469703 5
0.966279 0.590507 2
0.937321 0.258209 3
0.94867 0.521395 2
0.961682 0.567532 2
0.979101 1 1
0.952634 0.533055 2
0.907146 0.0482654 5
0.912332 0.105147 4
0.898521 0.00222506 9
0.943262 0.273961 3
0.905219 0.00531873 8
0.86766 1.79406e-07 20
0.943881 0.275826 3
0.881734 3.28302e-05 14
0.90109 0.00235633 9
0.898061 0.0010542 10
0.872937 2.3723e-06 17
0.93867 0.142454 4
0.893135 0.000442827 11
0.947098 0.286312 3
0.884461 7.68398e-05 13
0.976029 0.65644 2
0.944581 0.277993 3
0.876664 0.000307535 11
0.870106 0.000121565 12
0.926063 0.236561 3
0.864578 2.13023e-05 14
0.955533 0.542785 2
0.833705 4.62739e-12 0
0.845927 7.0197e-09 23
0.911548 0.0506539 5
0.87186 0.000125816 12
0.890126 0.00405642 8
0.897392 0.00966903 7
0.934278 0.251444 3
0.895981 0.00947729 7
0.904087 0.0223202 6
0.874664 0.000296259 11
0.903513 0.0465479 5
0.970706 1 1
0.893204 0.00912625 7
0.868219 0.000117267 12
0.924364 0.233985 3
0.901045 0.0214772 6
0.922858 0.115779 4
0.889393 0.00869464 7
0.872278 0.00028378 11
0.950249 0.525828 2
0.888291 0.00857929 7
0.934912 0.252791 3
0.878142 0.000699433 10
0.971846 1 1
0.971999 1 1
0.913968 0.106556 4
0.938372 0.260737 3
0.866019 2.19969e-05 14
0.877796 0.000695341 10
0.875001 0.000298107 11
0.962981 0.573596 2
0.98331 1 1
0.870601 0.000122739 12
0.87761 0.000693159 10
0.940019 0.264908 3
0.878797 0.000707298 10
0.893649 0.00918028 7
0.867601 5.13745e-05 13
0.898019 0.0207219 6
0.94865 0.52134 2
0.933708 0.0715562 5
0.905351 0.0012849 10
0.960032 0.346003 3
0.912515 0.0062915 8
0.981126 0.703301 2
0.887986 3.98098e-05 14
0.898409 0.000511623 11
0.952094 0.305614 3
0.919325 0.0145958 7
0.945272 0.160038 4
0.944132 0.156626 4
0.993816 1 1
0.936693 0.0762363 5
0.920372 0.0149729 7
0.916092 0.00690643 8
0.895012 0.00935096 7
0.993842 1 1
0.875542 0.000301113 11
0.858258 3.5447e-06 16
0.903351 0.0221077 6
0.906849 0.0481172 5
0.930465 0.243986 3
0.873352 0.000289277 11
0.861363 8.71706e-06 15
0.941897 0.505077 2
0.874258 0.000294068 11
0.915412 0.107866 4
0.86368 2.08873e-05 14
0.957949 0.55179 2
0.982384 1 1
0.964734 0.582298 2
0.890295 0.000193547 12
0.967077 0.594953 2
0.949145 0.29374 3
0.945309 0.280314 3
0.903945 0.00252136 9
0.906631 0.00548258 8
0.974482 0.644097 2
0.955957 0.323572 3
0.944626 0.158084 4
0.978312 0.67618 2
0.960143 0.346672 3
0.966752 0.593122 2
0.892139 0.000431666 11
0.90445 0.00255285 9
0.932045 0.246951 3
0.879781 0.000719458 10
0.987795 1 1
0.924731 0.118135 4
0.965924 0.588573 2
0.87562 0.000301551 11
0.881535 0.00074219 10
0.974325 1 1
0.932526 0.247888 3
0.924767 0.118182 4
0.959833 0.559442 2
0.965261 0.585037 2
0.957246 0.54908 2
0.893928 0.00921456 7
0.891216 0.00412506 8
0.941604 0.269187 3
0.906663 0.0112182 7
0.881751 0.0001557 12
0.910483 0.0244345 6
0.877456 6.40946e-05 13
0.990032 1 1
0.970233 0.614063 2
0.890243 0.000880022 10
0.908437 0.0237009 6
0.939408 0.263331 3
0.902265 0.0104137 7
0.897499 0.00457929 8
0.891738 0.0019403 9
0.875984 2.80108e-05 14
0.921085 0.0573912 5
0.938636 0.261387 3
0.91351 0.0256352 6
0.88072 0.000152014 12
0.905581 0.0110069 7
0.879045 0.000146349 12
0.992092 1 1
0.978136 1 1
0.888433 0.00084736 10
0.904035 0.0107205 7
0.942872 0.27281 3
0.899692 0.00476581 8
0.899084 0.00471237 8
0.888884 0.000855276 10
0.881446 0.000154595 12
0.927718 0.122259 4
0.928064 0.239794 3
0.881307 0.00358429 8
0.982356 1 1
0.919299 0.227114 3
0.971096 1 1
0.873292 0.00144769 9
0.880144 0.00353115 8
0.96845 1 1
0.927021 0.238081 3
0.924229 0.233788 3
0.954174 0.538086 2
0.967464 1 1
0.951481 0.529479 2
0.897329 0.0440422 5
0.892218 0.0194655 6
0.901712 0.0103221 7
0.988554 1 1
0.88168 0.000339665 11
0.864742 4.17614e-06 16
0.908553 0.0237411 6
0.911343 0.0505337 5
0.934767 0.25248 3
0.879738 0.000326506 11
0.867894 1.02101e-05 15
0.949008 0.522322 2
0.88083 0.000333787 11
0.921466 0.114134 4
0.87014 2.42001e-05 14
0.957288 0.54924 2
0.987872 1 1
0.873601 0.000290576 11
0.975628 1 1
0.858596 3.57391e-06 16
0.837962 4.09965e-10 26
0.889875 0.00874631 7
0.887174 0.00388301 8
0.910507 0.0500546 5
0.855175 1.42997e-06 17
0.841217 2.55526e-09 24
0.919526 0.111975 4
0.854911 1.42043e-06 17
0.898739 0.0208949 6
0.844844 1.58301e-08 22
0.958687 0.554719 2
0.958994 0.555961 2
0.965067 0.584022 2
0.862598 6.62823e-08 21
0.933735 0.132219 4
0.992692 1 1
0.901516 0.00493418 8
0.907508 0.01139 7
0.899138 0.00225522 9
0.948594 0.291678 3
0.989757 1 1
0.917598 0.0275155 6
0.965079 0.584087 2
0.915631 0.0265702 6
0.961058 0.564736 2
0.855091 1.84742e-09 25
0.877817 2.94137e-05 14
0.880895 1.4728e-05 15
0.979355 0.685857 2
0.867377 7.94096e-08 21
0.845307 7.86079e-12 0
0.899034 0.00108052 10
0.890595 0.000195167 12
0.913865 0.0129025 7
0.86374 1.36307e-08 23
0.848788 9.32442e-12 0
0.927283 0.0633859 5
0.863164 5.90854e-09 24
0.907984 0.00564957 8
0.853102 1.16307e-11 0
0.966557 0.592039 2
0.96473 0.582276 2
0.912133 0.0124479 7
0.973452 0.636315 2
0.879537 6.47612e-06 16
0.873897 1.10914e-06 18
0.898677 0.00107071 10
0.933731 0.0715896 5
0.958165 0.335238 3
0.880426 6.67327e-06 16
0.875886 2.61662e-06 17
0.955565 0.321611 3
0.884581 3.57412e-05 14
0.91514 0.0132607 7
0.873317 1.08662e-06 18
0.933527 0.0712927 5
0.986141 1 1
0.950497 0.299002 3
0.932861 0.130616 4
0.93143 0.128114 4
0.914568 0.0525265 5
0.943938 0.276001 3
0.923041 0.116003 4
0.936039 0.255264 3
0.931895 0.12891 4
0.918855 0.0555834 5
0.985077 1 1
0.934052 0.132814 4
0.964846 0.582875 2
0.922652 0.0587627 5
0.92816 0.122912 4
0.94754 0.287865 3
0.932895 0.488633 2
0.957542 0.550215 2
0.905057 0.0996902 4
0.894463 0.0199252 6
0.922768 0.231697 3
0.932341 0.487773 2
0.952363 0.5322 2
0.905618 0.10007 4
0.897447 0.0440858 5
0.981478 1 1
0.908925 0.10244 4
0.940931 0.503057 2
0.897516 0.0441114 5
0.937588 0.496578 2
0.974068 1 1
0.920778 0.0292248 6
0.965565 0.586647 2
0.902637 0.00118927 10
0.883917 1.62397e-05 15
0.927327 0.0336198 6
0.917579 0.0140069 7
0.938523 0.142118 4
0.900897 0.00113439 10
0.887575 3.92801e-05 14
0.969034 0.606502 2
0.901816 0.00116278 10
0.942513 0.152068 4
0.890964 9.30361e-05 13
0.953285 0.31084 3
0.97782 0.671769 2
0.959297 0.557206 2
0.929662 0.125217 4
0.927888 0.122509 4
0.920859 0.0572 5
0.934104 0.251081 3
0.933562 0.131896 4
0.944525 0.277818 3
0.930855 0.127149 4
0.9243 0.117578 4
0.988969 1 1
0.935867 0.25488 3
0.955323 0.542044 2
0.923966 0.117153 4
0.918968 0.0556715 5
0.945561 0.281131 3
0.870128 0.00138807 9
0.959914 1 1
0.864636 0.000249587 11
0.836246 1.21784e-08 22
0.900217 0.0451545 5
0.873933 0.00146039 9
0.896547 0.0437569 5
0.859242 9.99538e-05 12
0.840312 7.64972e-08 20
0.915395 0.222516 3
0.856752 4.16085e-05 13
0.905348 0.0998861 4
0.847404 2.76342e-06 16
0.976297 1 1
0.947319 0.517805 2
0.984102 1 1
0.888368 0.000846226 10
0.94848 0.291258 3
0.9627 0.572256 2
0.926212 0.12012 4
0.918303 0.0551609 5
0.916674 0.0539645 5
0.959906 0.559749 2
0.967157 0.595406 2
0.945195 0.279943 3
0.97329 0.635125 2
0.9432 0.273777 3
0.961363 0.566092 2
0.882689 0.000346904 11
0.903672 0.0106559 7
0.951106 0.52835 2
0.856728 7.85239e-06 15
0.952721 0.533329 2
0.976201 1 1
0.91338 0.106041 4
0.888395 0.00859001 7
0.88373 0.00370106 8
0.967911 1 1
0.983867 1 1
0.911074 0.104113 4
0.980324 1 1
0.923157 0.232243 3
0.984394 1 1
0.856322 7.78298e-06 15
0.871115 0.000624683 10
0.928114 0.0643165 5
0.925412 0.0321943 6
0.874615 5.17234e-07 19
0.89307 0.000209447 12
0.87802 2.81781e-06 17
0.981601 0.708215 2
0.99168 1 1
0.880852 6.77114e-06 16
0.892218 0.000204335 12
0.943901 0.155956 4
0.890673 9.21941e-05 13
0.897657 0.000500702 11
0.879583 2.98009e-06 17
0.889609 8.92207e-05 13
0.938438 0.141923 4
0.929273 0.0656728 5
0.957803 0.333251 3
0.892314 0.000204896 12
0.890315 9.11761e-05 13
0.906621 0.0026973 9
0.945275 0.160047 4
0.968006 0.600319 2
0.89452 0.000459249 11
0.892173 0.000204068 12
0.970828 0.617951 2
0.899872 0.00110414 10
0.925119 0.0319874 6
0.888328 8.58454e-05 13
0.926339 0.0328683 6
0.97434 0.643009 2
0.928865 0.123977 4
0.891573 0.00193433 9
0.971659 0.62355 2
0.914421 0.0260265 6
0.981345 1 1
0.877997 6.49477e-05 13
0.886665 0.000378465 11
0.960161 0.560831 2
0.921819 0.0580223 5
0.932248 0.129525 4
0.948401 0.290969 3
0.978632 1 1
0.94349 0.274643 3
0.908455 0.0237073 6
0.902102 0.0103864 7
0.973919 1 1
0.876086 0.000675812 10
0.950793 0.527418 2
0.97412 1 1
0.920898 0.113486 4
0.908729 0.0490822 5
0.905131 0.0472877 5
0.964807 0.582672 2
0.980042 1 1
0.932079 0.247016 3
0.981341 1 1
0.935383 0.253811 3
0.971591 1 1
0.871959 0.000282186 11
0.891118 0.00888348 7
0.974975 0.647946 2
0.882848 7.25964e-06 16
0.956103 0.324307 3
0.964863 0.378241 3
0.929198 0.0351424 6
0.909619 0.00292356 9
0.90827 0.00281764 9
0.968581 0.603747 2
0.971 0.619092 2
0.938955 0.143113 4
0.982581 0.718648 2
0.944298 0.157112 4
0.970404 0.615169 2
0.880044 3.03059e-06 17
0.897753 0.000502073 11
0.912642 0.0513082 5
0.910304 0.0499409 5
0.857028 2.85387e-07 19
0.881434 0.000337943 11
0.858612 6.83665e-07 18
0.977835 1 1
0.97054 0.616057 2
0.864069 4.10297e-06 16
0.879498 0.000324948 11
0.922935 0.115874 4
0.874798 0.000133554 12
0.8779 0.000142691 12
0.864267 4.1243e-06 16
0.872213 5.67366e-05 13
0.921114 0.11373 4
0.950559 0.52673 2
0.894079 0.0198445 6
0.973739 1 1
0.934202 0.251286 3
0.961173 0.565246 2
0.894989 0.0200376 6
0.900878 0.0454224 5
0.972259 1 1
0.941333 0.503889 2
0.943883 0.50945 2
0.966756 1 1
0.973991 1 1
0.958226 0.552881 2
0.901739 0.0457802 5
0.906985 0.048185 5
0.982411 1 1
0.877812 0.00069553 10
0.934304 0.251499 3
0.975 1 1
0.908709 0.0490716 5
0.921844 0.114572 4
0.914956 0.107445 4
0.947702 0.518805 2
0.975251 1 1
0.933486 0.249808 3
0.963881 0.577986 2
0.925294 0.235377 3
0.955142 0.541407 2
0.868133 5.19489e-05 13
0.89338 0.00914755 7
0.885903 0.0038135 8
0.950888 0.527701 2
0.88849 0.00395817 8
0.853804 1.38151e-06 17
0.926586 0.237385 3
0.877106 0.00068733 10
0.898114 0.0207446 6
0.881779 0.00163721 9
0.858662 8.19664e-06 15
0.928932 0.241268 3
0.877592 0.000692958 10
0.929831 0.242845 3
0.86873 0.000118404 12
0.994469 1 1
0.946727 0.516289 2
0.882246 3.33247e-05 14
0.961434 0.566415 2
0.878817 1.3813e-05 15
0.848641 9.25624e-12 0
0.914786 0.0131591 7
0.880512 1.45523e-05 15
0.902596 0.00244071 9
0.873192 2.39206e-06 17
0.853002 6.08957e-11 29
0.927306 0.0634111 5
0.870316 4.40635e-07 19
0.920177 0.0288835 6
0.860977 5.37829e-09 24
0.989589 1 1
0.953477 0.311708 3
0.945549 0.281093 3
0.865821 4.2977e-06 16
0.97765 1 1
0.95319 0.534837 2
0.935496 0.25406 3
0.882296 0.00034405 11
0.882372 0.000344601 11
0.992815 1 1
0.96136 0.566081 2
0.917935 0.054884 5
0.986255 1 1
0.942015 0.270342 3
0.989501 1 1
0.871563 2.50458e-05 14
0.87923 0.000323225 11
0.91574 0.0266206 6
0.903707 0.0106619 7
0.858329 2.49871e-08 22
0.886211 0.000374588 11
0.857495 1.06214e-08 23
0.981675 1 1
0.966287 0.59055 2
0.866089 8.5452e-07 18
0.883822 0.000163604 12
0.92104 0.0573531 5
0.87751 2.91706e-05 14
0.876948 2.87342e-05 14
0.867215 8.85577e-07 18
0.867049 8.80899e-07 18
0.915231 0.0263877 6
0.89478 0.00932134 7
0.988901 1 1
0.877665 0.000693807 10
0.858355 3.55306e-06 16
0.906647 0.0480171 5
0.903821 0.0466859 5
0.927186 0.238348 3
0.87499 0.000663858 10
0.861683 2.00089e-05 14
0.941864 0.505004 2
0.875346 0.000667695 10
0.918039 0.110421 4
0.864896 4.86134e-05 13
0.962788 0.57267 2
0.979691 1 1
0.910425 0.00597843 8
0.939746 0.144987 4
0.86332 5.94894e-09 24
0.874268 1.12393e-06 18
0.873175 4.89576e-07 19
0.959407 0.342302 3
0.979308 0.685413 2
0.867656 3.59658e-08 22
0.874139 5.07844e-07 19
0.937628 0.140112 4
0.875618 1.18015e-06 18
0.891573 0.000200606 12
0.864441 6.25046e-09 24
0.898465 0.00106499 10
0.949085 0.293514 3
0.900133 0.0100711 7
0.895712 0.00443884 8
0.939101 0.262551 3
0.881955 0.000341607 11
0.981764 1 1
0.859745 3.09922e-07 19
0.872878 2.58716e-05 14
0.926262 0.120189 4
0.888984 0.00184512 9
0.918345 0.0551921 5
0.91448 0.0524685 5
0.962002 0.568997 2
0.910037 0.0242694 6
0.925825 0.11959 4
0.90167 0.0103152 7
0.985788 0.756033 2
0.885471 3.67381e-05 14
0.923382 0.0308165 6
0.961889 0.357601 3
0.90347 0.00249239 9
0.93627 0.13721 4
0.927965 0.0641473 5
0.93549 0.135617 4
0.96059 0.34939 3
0.93982 0.145164 4
0.950617 0.299484 3
0.921813 0.0298353 6
0.940978 0.148033 4
0.87129 2.05937e-07 20
0.901338 0.00114786 10
0.967012 0.594587 2
0.903304 0.00248237 9
0.956731 0.327539 3
0.940395 0.146572 4
0.947591 0.288043 3
0.912772 0.0126116 7
0.917858 0.0276463 6
0.96105 0.352246 3
0.946109 0.282943 3
0.958405 0.336572 3
0.964593 0.581572 2
0.966535 0.591916 2
0.952831 0.308818 3
0.903158 0.0024737 9
0.917751 0.0275926 6
0.937618 0.258914 3
0.932616 0.130176 4
0.886499 0.000815007 10
0.900279 0.0100936 7
0.891043 0.00191532 9
0.973074 0.63355 2
0.99051 1 1
0.892116 0.0019542 9
0.900264 0.0100914 7
0.957905 0.551618 2
0.901169 0.0102341 7
0.910938 0.0246057 6
0.889753 0.00187072 9
0.899915 0.0100376 7
0.947404 0.287383 3
0.919118 0.0283031 6
0.904475 0.00523643 8
0.861402 1.23842e-08 23
0.889407 0.000188893 12
0.86018 5.20078e-09 24
0.985245 1 1
0.968068 0.600685 2
0.869249 4.24165e-07 19
0.88705 0.000177437 12
0.923695 0.0597264 5
0.880744 3.19071e-05 14
0.879723 1.42007e-05 15
0.870418 4.42252e-07 19
0.868447 4.12366e-07 19
0.916429 0.0269441 6
0.944848 0.278836 3
0.905236 0.0226633 6
0.884385 0.000782333 10
0.913976 0.0521428 5
0.87913 0.000322583 11
0.986243 1 1
0.967727 0.598685 2
0.89312 0.00425156 8
0.911878 0.0508485 5
0.940227 0.265454 3
0.90536 0.0227013 6
0.899201 0.00992984 7
0.894874 0.00437631 8
0.875597 0.000135806 12
0.919921 0.112403 4
0.967175 1 1
0.923812 0.23318 3
0.924665 0.234431 3
0.927021 0.238081 3
0.925458 0.235627 3
0.942015 0.505327 2
0.949683 0.524208 2
0.929786 0.242765 3
0.929569 0.24238 3
0.981733 1 1
0.937306 0.496064 2
0.946598 0.515963 2
0.925241 0.235296 3
0.909373 0.102779 4
0.94017 0.501515 2
0.923114 0.0306437 6
0.934414 0.0726061 5
0.873028 1.00083e-07 21
0.886898 1.79818e-05 15
0.879697 1.3774e-06 18
0.971319 0.62124 2
0.99351 1 1
0.878247 1.30212e-06 18
0.886581 1.77836e-05 15
0.945768 0.161576 4
0.887039 1.80712e-05 15
0.898929 0.000519426 11
0.875802 5.41739e-07 19
0.896744 0.000234173 12
0.946727 0.16465 4
0.883323 1.59239e-05 15
0.907223 0.00274013 9
0.911643 0.00615716 8
0.860159 4.47365e-10 27
0.955311 0.320363 3
0.853884 1.21216e-11 0
0.870463 8.98755e-08 21
0.900217 0.00111417 10
0.866586 1.53872e-08 23
0.91235 0.00626575 8
0.890425 9.14879e-05 13
0.94344 0.154638 4
0.884694 1.6668e-05 15
0.946509 0.163939 4
0.908732 0.00574652 8
0.897394 0.00217193 9
0.883595 7.5041e-05 13
0.944562 0.277934 3
0.883499 7.4846e-05 13
0.97784 0.671947 2
0.852783 3.18025e-10 27
0.864404 1.59539e-07 20
0.930379 0.126366 4
0.890822 0.000417654 11
0.909789 0.0118853 7
0.91686 0.0271513 6
0.956004 0.32381 3
0.914136 0.0259027 6
0.912734 0.0253131 6
0.890144 0.000410768 11
0.868146 8.18539e-08 21
0.969048 0.606593 2
0.854756 6.63506e-11 29
0.832881 4.46465e-12 0
0.88697 8.24889e-05 13
0.881248 1.48928e-05 15
0.904429 0.00255152 9
0.850944 1.03992e-11 0
0.836227 5.16978e-12 0
0.913836 0.0128945 7
0.850278 1.00514e-11 0
0.894897 0.000463909 11
0.840378 6.23503e-12 0
0.958216 0.335522 3
0.952593 0.307773 3
0.91904 0.0282611 6
0.901163 0.0023603 9
0.954139 0.314755 3
0.899892 0.00110473 10
0.996287 1 1
0.875287 2.56403e-06 17
0.886917 8.23629e-05 13
0.942928 0.153206 4
0.906904 0.00551546 8
0.933512 0.0712711 5
0.932435 0.0697467 5
0.981179 0.70385 2
0.926714 0.0627674 5
0.923195 0.0306958 6
0.909869 0.00590031 8
0.921561 0.114243 4
0.910597 0.0501058 5
0.947749 0.518927 2
0.898765 0.0098654 7
0.986404 1 1
0.881664 0.000743916 10
0.894469 0.00434677 8
0.938327 0.260625 3
0.905407 0.0227156 6
0.941355 0.268498 3
0.929814 0.125458 4
0.985472 1 1
0.92278 0.115685 4
0.931568 0.246038 3
0.919307 0.111741 4
0.927613 0.0338435 6
0.913338 0.00642362 8
0.949184 0.173162 4
0.903519 0.00121892 10
0.981467 0.706812 2
0.887582 3.92898e-05 14
0.900089 0.000537569 11
0.941145 0.148461 4
0.91001 0.00591984 8
0.947353 0.166732 4
0.933859 0.0717783 5
0.991402 1 1
0.92608 0.032677 6
0.930941 0.0677506 5
0.922995 0.0305679 6
0.917476 0.0139736 7
0.973818 0.639046 2
0.892017 9.61899e-05 13
0.879539 2.9753e-06 17
0.914071 0.00654588 8
0.925475 0.0322392 6
0.948301 0.169995 4
0.891564 9.48105e-05 13
0.882426 7.15197e-06 16
0.965053 0.379652 3
0.894081 0.000215797 12
0.929943 0.0664889 5
0.882956 7.28778e-06 16
0.945973 0.162224 4
0.990425 1 1
0.890354 0.00407052 8
0.885997 0.00175245 9
0.934116 0.251107 3
0.874585 0.000132964 12
0.971632 0.623364 2
0.849075 1.81396e-08 22
0.861961 3.88603e-06 16
0.92033 0.112851 4
0.881746 0.000745014 10
0.906867 0.0231765 6
0.907409 0.023354 6
0.950704 0.527155 2
0.904208 0.0223558 6
0.918426 0.110818 4
0.891169 0.004122 8
0.890604 0.0088261 7
0.984596 1 1
0.862917 4.6745e-05 13
0.853307 3.15359e-06 16
0.886728 0.00842217 7
0.91507 0.107549 4
0.939003 0.49923 2
0.862405 4.6281e-05 13
0.855477 7.64122e-06 15
0.934666 0.252264 3
0.865254 0.000111022 12
0.900491 0.0452647 5
0.854382 3.23301e-06 16
0.93804 0.497411 2
0.976506 1 1
0.952923 0.309225 3
0.868817 4.66517e-06 16
0.971642 0.623438 2
0.959787 0.559245 2
0.932699 0.130325 4
0.888965 0.000856703 10
0.888266 0.000844468 10
0.987303 1 1
0.968004 0.600309 2
0.922252 0.0584043 5
0.994356 1 1
0.941686 0.269417 3
0.99061 1 1
0.872174 1.14207e-05 15
0.882683 0.000159171 12
0.912388 0.105194 4
0.963794 0.57755 2
0.902295 0.0460164 5
0.877158 0.000687927 10
0.932121 0.247098 3
0.905336 0.0473841 5
0.926105 0.236627 3
0.898734 0.0208936 6
0.881366 0.00162679 9
0.958804 0.55519 2
0.897721 0.0206518 6
0.94414 0.510038 2
0.887457 0.0038989 8
0.965396 0.585752 2
0.970159 1 1
0.894966 0.00934501 7
0.931862 0.246598 3
0.908875 0.0491597 5
0.866406 5.0124e-05 13
0.950273 0.525897 2
0.873385 0.000289448 11
0.891774 0.00895801 7
0.900286 0.0212804 6
0.872112 0.000282951 11
0.931504 0.245916 3
0.89374 0.00919144 7
0.94898 0.522244 2
0.885888 0.00381268 8
0.96845 0.60296 2
0.933316 0.249462 3
0.964045 0.5788 2
0.924575 0.234298 3
0.931679 0.246248 3
0.925815 0.236176 3
0.934918 0.252804 3
0.932651 0.248133 3
0.941807 0.504884 2
0.935319 0.253672 3
0.929357 0.242006 3
0.983583 1 1
0.940843 0.502877 2
0.956274 0.545456 2
0.928841 0.241112 3
0.914925 0.107417 4
0.940385 0.501948 2
61 0 1 2 3 4 5 6 7 8 9 10 11 12 13 14 15 16 17 18 19 20 21 22 23 24 26 27 28 29 30 31 32 35 36 37 40 41 43 44 46 47 48 49 51 52 53 54 55 56 57 58 59 60 61 62 63 64 65 67 68 69 
19 0 3 4 5 7 12 13 14 17 24 26 32 43 44 47 57 59 64 68 
67 0 1 2 3 4 5 6 7 8 9 10 11 12 13 14 15 16 17 18 19 20 21 22 23 24 25 26 27 28 29 30 31 32 33 35 36 37 38 39 40 41 42 43 44 46 47 48 49 50 51 52 53 54 55 56 57 58 59 60 61 62 63 64 65 67 68 69 
67 0 1 2 3 4 5 6 7 8 9 10 11 12 13 14 15 16 17 18 19 20 21 22 23 24 25 27 28 29 30 31 32 33 34 35 36 37 38 39 40 41 42 43 45 46 47 48 49 50 51 52 53 54 55 56 57 58 60 61 62 63 64 65 66 67 68 69 
29 0 1 3 4 5 7 12 13 14 17 23 24 26 27 30 32 43 44 47 49 57 58 59 61 63 64 65 67 68 
62 0 1 2 3 4 5 6 7 8 9 11 12 14 15 16 17 18 19 21 22 23 24 26 27 28 29 30 31 32 33 34 35 36 37 38 39 40 41 42 43 44 45 47 48 49 50 51 52 55 56 58 59 60 61 62 63 64 65 66 67 68 69 
41 0 1 2 3 4 5 7 9 12 13 14 15 16 17 23 24 26 27 28 29 30 32 36 37 43 44 47 48 49 56 57 58 59 60 61 62 63 64 65 67 68 
67 0 1 2 3 4 5 6 7 8 9 10 11 12 13 14 15 16 17 18 19 20 21 22 23 24 25 26 27 28 29 30 31 32 33 35 36 37 38 39 40 41 42 43 44 46 47 48 49 50 51 52 53 54 55 56 57 58 60 61 62 63 64 65 66 67 68 69 
68 0 1 2 3 4 5 6 7 8 9 10 11 12 13 14 15 16 17 18 19 20 21 22 23 24 25 27 28 29 30 31 32 33 34 35 36 37 38 39 40 41 42 43 44 45 46 47 48 49 50 51 52 53 54 55 56 57 58 60 61 62 63 64 65 66 67 68 69 
42 0 1 2 3 4 5 7 9 11 12 13 14 16 17 19 22 23 24 26 27 28 29 30 32 36 37 41 43 44 47 49 57 58 59 60 61 62 63 64 65 67 68 
59 0 1 2 3 4 5 6 7 8 9 11 12 13 14 15 16 17 18 19 21 22 23 24 26 27 28 29 30 31 32 33 35 36 37 39 40 41 43 44 45 47 48 49 51 52 55 56 57 58 60 61 62 63 64 65 66 67 68 69 
37 0 1 2 3 4 5 7 9 12 13 14 15 17 23 24 26 27 29 30 32 36 43 44 47 48 49 57 58 59 60 61 62 63 64 65 67 68 
67 0 1 2 3 4 5 6 7 8 9 10 11 12 13 14 15 16 17 18 19 20 21 22 23 24 25 27 28 29 30 31 32 33 35 36 37 38 39 40 41 42 43 44 45 46 47 48 49 50 51 52 53 54 55 56 57 58 60 61 62 63 64 65 66 67 68 69 
4 5 13 32 57 
27 0 1 3 4 5 7 12 13 14 17 23 24 26 32 43 44 47 49 57 58 59 60 61 64 65 67 68 
