50 15 6e+06
1.45927 147488
2.83501 171167
2.96978 140122
1.21691 103278
2.5764 114079
2.2625 192153
3.66819 131400
1.35349 157927
8.0262 179334
2.51608 115557
3.71708 131866
2.22998 174168
4.40972 104456
2.05976 138952
3.45129 137296
2.87618 109815
1.52346 117026
2.11488 134386
1.40157 180062
2.49313 102494
2.87261 126461
2.643 128234
2.25498 156173
1.7478 135719
1.99495 116894
2.88393 127264
2.04771 140577
1.08912 183910
2.88128 160536
4.40428 116773
1.60009 135856
5.92387 162735
4.37085 196339
3.38992 139991
2.55135 125193
1.02339 139505
2.98287 185607
2.04578 183985
3.7889 114138
1.87731 197183
5.84195 151439
2.15411 189443
2.82072 168054
2.01496 108434
1.73022 167376
2.98843 106804
5.37499 136085
3.37669 197865
1.25924 113161
1.88934 167281
0.994852 1 1
0.905521 0.00535287 8
0.921059 0.0293878 6
0.845926 8.09946e-12 0
0.872009 1.03825e-06 18
0.844613 7.60342e-12 0
0.974633 0.645268 2
0.849632 9.72801e-12 0
0.910805 0.0121222 7
0.887495 8.37615e-05 13
0.971605 0.623184 2
0.941171 0.148527 4
0.961786 0.568008 2
0.914777 0.0131564 7
0.88562 7.93672e-05 13
0.886012 1.74353e-05 15
0.883977 1.62721e-05 15
0.960919 0.351431 3
0.9331 0.0706781 5
0.984395 0.739168 2
0.93497 0.0734572 5
0.880177 3.04545e-06 17
0.92614 0.0327215 6
0.879563 2.97797e-06 17
0.972233 0.627532 2
0.882007 7.04762e-06 16
0.903963 0.00123437 10
0.900518 0.00112304 10
0.895644 0.000226277 12
0.92359 0.0309517 6
0.861253 4.71944e-10 27
0.882289 7.11767e-06 16
0.930904 0.0677026 5
0.966572 0.592118 2
0.966847 0.593654 2
0.969473 0.609227 2
0.860771 2.04043e-10 28
0.955579 0.32168 3
0.875863 5.43049e-07 19
0.969858 0.611658 2
0.863237 1.17122e-09 26
0.891569 9.48259e-05 13
0.882768 7.23919e-06 16
0.891704 9.52339e-05 13
0.932557 0.0699152 5
0.91845 0.226067 3
0.927222 0.238407 3
0.969395 1 1
0.920108 0.228138 3
0.936313 0.494295 2
0.918772 0.226461 3
0.920594 0.228766 3
0.922874 0.231846 3
0.923805 0.233169 3
0.964064 1 1
0.923239 0.23236 3
0.95064 0.52697 2
0.944042 0.509813 2
0.940239 0.501655 2
0.951142 0.528457 2
0.956664 0.546894 2
0.920415 0.112945 4
0.960034 0.560292 2
0.883152 0.00367242 8
0.909689 0.0495996 5
0.88204 0.00164389 9
0.951836 0.530563 2
0.885897 0.00381316 8
0.921734 0.114444 4
0.927335 0.23859 3
0.953133 0.534653 2
0.958333 0.553303 2
0.968876 1 1
0.933151 0.249131 3
0.918789 0.111195 4
0.940483 0.146791 4
0.948578 0.291619 3
0.94468 0.158245 4
0.892057 0.000203392 12
0.902487 0.0024344 9
0.889841 0.000191146 12
0.952239 0.306236 3
0.898184 0.00105747 10
0.949183 0.293884 3
0.929556 0.0660143 5
0.955651 0.322039 3
0.985165 0.748357 2
0.977454 0.668536 2
0.96183 0.357219 3
0.938864 0.142902 4
0.862232 1.28081e-08 23
0.896688 0.00101906 10
0.925818 0.0618237 5
0.979596 0.688153 2
0.948204 0.290249 3
0.978733 0.680042 2
0.865694 7.44061e-08 21
0.974935 0.647632 2
0.889413 0.000188924 12
0.969385 0.608677 2
0.868568 1.8557e-07 20
0.9003 0.00231436 9
0.888499 0.000184332 12
0.904901 0.00528324 8
0.950155 0.297644 3
0.844388 7.52184e-12 0
0.880439 6.67631e-06 16
0.908687 0.00574052 8
0.991076 1 1
0.940387 0.146552 4
0.996287 1 1
0.847494 8.74431e-12 0
0.975037 0.648433 2
0.872878 4.84148e-07 19
0.950843 0.300398 3
0.850316 1.00711e-11 0
0.881662 1.509e-05 15
0.869829 1.94637e-07 20
0.887608 8.40383e-05 13
0.933794 0.071682 5
0.880471 0.000151148 12
0.842203 6.78477e-12 0
0.934522 0.133712 4
0.877978 6.49168e-05 13
0.939387 0.263275 3
0.880629 0.000151697 12
0.863205 7.8193e-07 18
0.869739 1.07058e-05 15
0.840275 6.2056e-12 0
0.913355 0.0255699 6
0.863397 7.86494e-07 18
0.870579 1.09442e-05 15
0.875948 6.18173e-05 13
0.854342 9.43554e-09 23
0.869957 1.07668e-05 15
0.887016 0.00845054 7
0.879914 0.00352085 8
0.961904 0.568548 2
0.926913 0.237907 3
0.983932 1 1
0.928947 0.241295 3
0.879671 0.00351004 8
0.919683 0.227597 3
0.875857 0.00149998 9
0.965705 1 1
0.881309 0.00358437 8
0.901451 0.0456596 5
0.899272 0.04478 5
0.891763 0.0193761 6
0.917759 0.110137 4
0.863942 3.54117e-07 19
0.945245 0.280105 3
0.893167 0.000938274 10
0.922792 0.0588901 5
0.884958 0.000168251 12
0.917946 0.0548917 5
0.88077 6.96365e-05 13
0.937588 0.140023 4
0.935774 0.136191 4
0.918595 0.0553834 5
0.884586 0.000166704 12
0.920468 0.0568743 5
0.901008 0.00488593 8
0.943666 0.275175 3
0.966345 0.590866 2
0.848147 7.57016e-09 23
0.878011 0.000315586 11
0.914949 0.0527783 5
0.98099 1 1
0.950273 0.525897 2
0.985505 1 1
0.84962 1.8468e-08 22
0.966184 0.589987 2
0.870863 5.50719e-05 13
0.955983 0.544398 2
0.852283 4.66004e-08 21
0.882372 0.000753546 10
0.87179 5.62052e-05 13
0.886048 0.00175396 9
0.930613 0.244258 3
0.863897 2.09865e-05 14
0.945526 0.513313 2
0.892817 0.00907998 7
0.922212 0.115005 4
0.884453 0.00170831 9
0.917367 0.109745 4
0.880822 0.000732781 10
0.937003 0.257465 3
0.936058 0.255307 3
0.918094 0.110477 4
0.884642 0.00171359 9
0.920479 0.113016 4
0.900997 0.0214645 6
0.943806 0.509275 2
0.965884 0.588357 2
0.924604 0.23434 3
0.970466 1 1
0.926668 0.237514 3
0.892454 0.00903701 7
0.890994 0.00886955 7
0.88943 0.00869853 7
0.943604 0.508815 2
0.901228 0.0455667 5
0.970185 1 1
0.922009 0.23065 3
0.947654 0.518679 2
0.986055 1 1
0.964922 0.583269 2
0.983932 1 1
0.946598 0.515963 2
0.897547 0.00969077 7
0.859859 7.08491e-07 18
0.954195 0.538156 2
0.886813 0.00082009 10
0.946356 0.28377 3
0.888836 0.00184031 9
0.881211 0.000336397 11
0.880252 0.000329897 11
0.858127 2.94968e-07 19
0.927203 0.121513 4
0.881555 0.000338788 11
0.889342 0.00185693 9
0.894787 0.00436994 8
0.872299 2.55024e-05 14
0.885535 0.000799777 10
0.934582 0.252086 3
0.961247 0.565576 2
0.931528 0.245962 3
0.887995 0.00181333 9
0.892076 0.0041811 8
0.885306 0.000796247 10
0.952611 0.53298 2
0.895713 0.00944187 7
0.962786 0.572663 2
0.921143 0.113763 4
0.956594 0.546634 2
0.996165 1 1
0.975232 1 1
0.973795 1 1
0.939513 0.263598 3
0.901588 0.021621 6
0.987677 1 1
0.909338 0.0494081 5
0.896693 0.00957289 7
0.882028 0.00074883 10
0.892879 0.00908735 7
0.922429 0.115263 4
0.908086 0.0487449 5
0.979033 1 1
0.915633 0.108072 4
0.926467 0.120473 4
0.961362 0.566088 2
0.940951 0.267392 3
0.989383 1 1
0.954397 0.538839 2
0.895026 0.00935272 7
0.977724 1 1
0.910455 0.0500256 5
0.905848 0.0228522 6
0.887203 0.00178868 9
0.901857 0.0216933 6
0.914138 0.0522469 5
0.917764 0.110142 4
0.968443 0.602917 2
0.921597 0.114285 4
0.918123 0.110507 4
0.954469 0.539084 2
0.934015 0.250895 3
0.979791 1 1
0.963973 0.578441 2
0.851932 2.46212e-07 19
0.888544 0.00396134 8
0.9155 0.107947 4
0.990475 1 1
0.942936 0.507326 2
0.990568 1 1
0.855504 1.44193e-06 17
0.979136 1 1
0.881011 0.00161794 9
0.958442 0.553739 2
0.858379 3.55517e-06 16
0.890145 0.00405758 8
0.878076 0.000698646 10
0.89599 0.00947844 7
0.942276 0.505887 2
0.88799 0.000390195 11
0.94098 0.267473 3
0.930406 0.126411 4
0.940256 0.265532 3
0.919834 0.0563573 5
0.936611 0.137924 4
0.898722 0.00468124 8
0.950243 0.29799 3
0.933222 0.13127 4
0.955767 0.543621 2
0.902241 0.00500468 8
0.938722 0.261601 3
0.922169 0.0583309 5
0.949052 0.29339 3
0.992561 1 1
0.887237 0.000383449 11
0.911406 0.0247851 6
0.951033 0.301174 3
0.952017 0.305284 3
0.954143 0.537981 2
0.951093 0.301421 3
0.889572 0.000867625 10
0.952014 0.305271 3
0.905379 0.0109684 7
0.991266 1 1
0.89233 0.000920849 10
0.922719 0.058824 5
0.912719 0.025307 6
0.921957 0.0581438 5
0.957936 0.551742 2
0.940674 0.266646 3
0.955288 0.320248 3
0.934188 0.133071 4
0.885198 0.000169258 12
0.89258 0.000925986 10
0.882713 7.32782e-05 13
0.95768 0.550747 2
0.89228 0.000919828 10
0.957489 0.55001 2
0.920272 0.0567135 5
0.961553 0.566951 2
0.995569 1 1
0.981391 0.706031 2
0.967464 0.597161 2
0.934988 0.134619 4
0.853597 5.9542e-07 18
0.890704 0.00883716 7
0.91677 0.109157 4
0.989395 1 1
0.942812 0.507052 2
0.988541 1 1
0.857385 3.47071e-06 16
0.980165 1 1
0.883157 0.00167304 9
0.959863 0.559566 2
0.860283 8.50308e-06 15
0.892222 0.00900987 7
0.880021 0.00072248 10
0.898171 0.0207582 6
0.944554 0.510999 2
0.862528 1.73717e-06 17
0.870155 2.42088e-05 14
0.935279 0.253585 3
0.946323 0.28366 3
0.984625 1 1
0.949866 0.524729 2
0.858168 2.95335e-07 19
0.93478 0.252509 3
0.864646 4.16557e-06 16
0.961629 0.567291 2
0.86019 7.15295e-07 18
0.884586 0.000785322 10
0.878887 0.000321036 11
0.880546 0.000331866 11
0.916385 0.0537606 5
0.895339 0.00208146 9
0.963204 0.574665 2
0.921482 0.05773 5
0.919395 0.0560068 5
0.901341 0.0102618 7
0.915554 0.0531851 5
0.910925 0.0246005 6
0.930614 0.12675 4
0.954959 0.540769 2
0.936441 0.256173 3
0.914769 0.0261803 6
0.952588 0.532907 2
0.933115 0.131075 4
0.970128 0.613381 2
0.978473 1 1
0.856887 4.54444e-09 24
0.88532 0.000169779 12
0.923886 0.0599075 5
0.977918 0.67264 2
0.955608 0.321828 3
0.980447 0.696463 2
0.858334 1.097e-08 23
0.966512 0.591787 2
0.878355 2.98474e-05 14
0.965804 0.587926 2
0.861003 6.25708e-08 21
0.891089 0.000896135 10
0.880692 6.9497e-05 13
0.893885 0.000953749 10
0.937618 0.140089 4
0.929341 0.0657541 5
0.94902 0.293267 3
0.94925 0.294139 3
0.904145 0.00253372 9
0.911523 0.00613911 8
0.901847 0.00116377 10
0.939476 0.144339 4
0.910356 0.00596871 8
0.947192 0.166192 4
0.940904 0.147845 4
0.942848 0.152983 4
0.976169 0.657594 2
0.964357 0.37454 3
0.962807 0.363693 3
0.950611 0.299461 3
0.882265 7.24099e-05 13
0.931553 0.128323 4
0.930468 0.126511 4
0.949752 0.296069 3
0.926121 0.0621392 5
0.946145 0.28306 3
0.891388 0.000901973 10
0.95917 0.556682 2
0.923801 0.0598267 5
0.961657 0.567418 2
0.894777 0.00205806 9
0.930382 0.126371 4
0.914858 0.0262198 6
0.939473 0.144333 4
0.986462 1 1
0.884612 7.73739e-06 16
0.896522 0.000232543 12
0.955895 0.32326 3
0.947604 0.167583 4
0.971662 0.623573 2
0.948487 0.170652 4
0.882979 7.29368e-06 16
0.942706 0.152595 4
0.891176 9.36573e-05 13
0.990394 1 1
0.88531 1.702e-05 15
0.911921 0.00619938 8
0.905005 0.00127197 10
0.907583 0.00276634 9
0.940557 0.146974 4
0.901135 0.00114162 10
0.953286 0.310847 3
0.934348 0.0725068 5
0.925212 0.0320532 6
0.91351 0.0128064 7
0.921884 0.0298783 6
0.913501 0.012804 7
0.934489 0.07272 5
0.946468 0.163809 4
0.948731 0.292187 3
0.917144 0.0138673 7
0.954504 0.316469 3
0.937084 0.138928 4
0.963396 0.367727 3
0.980119 0.693229 2
0.973069 0.633514 2
0.920388 0.0149791 7
0.912705 0.00632164 8
0.846663 8.39486e-12 0
0.865029 6.41701e-09 24
0.844778 7.66346e-12 0
0.995174 1 1
0.85215 1.10663e-11 0
0.926931 0.0333143 6
0.885126 1.69133e-05 15
0.990864 1 1
0.952021 0.305304 3
0.970598 0.616436 2
0.927869 0.034047 6
0.89172 9.52834e-05 13
0.90061 0.0048489 8
0.882175 0.000157261 12
0.974511 0.644324 2
0.913037 0.0254376 6
0.967157 0.595406 2
0.914542 0.0260798 6
0.890725 0.0019041 9
0.907556 0.0234026 6
0.879208 0.000146883 12
0.956828 0.547507 2
0.892004 0.00195005 9
0.908107 0.0235881 6
0.908886 0.0238569 6
0.89463 0.00205203 9
0.913302 0.0255479 6
0.904821 0.00257652 9
0.941729 0.149974 4
0.946817 0.285339 3
0.929569 0.0660307 5
0.925693 0.0616951 5
0.926925 0.0629947 5
0.913425 0.0127836 7
0.936348 0.137371 4
0.935986 0.136623 4
0.960631 0.349646 3
0.916758 0.0137462 7
0.95174 0.304112 3
0.937603 0.140056 4
0.953187 0.310404 3
0.973739 0.638453 2
0.984645 0.74212 2
0.914292 0.0130201 7
0.920427 0.0290245 6
0.849176 9.50736e-12 0
0.871703 4.63461e-07 19
0.847601 8.7906e-12 0
0.984596 0.741532 2
0.853676 6.29244e-11 29
0.919912 0.0287353 6
0.889595 0.000189862 12
0.981743 0.709692 2
0.949219 0.294021 3
0.969777 0.611144 2
0.923153 0.0306687 6
0.89136 0.000199397 12
0.866893 4.42386e-06 16
0.885607 0.000800899 10
0.937122 0.257743 3
0.962128 0.569576 2
0.970647 0.61676 2
0.964427 0.580725 2
0.866042 4.32326e-06 16
0.952768 0.53348 2
0.879423 0.000147595 12
0.975636 1 1
0.868469 1.03607e-05 15
0.896377 0.00448998 8
0.888041 0.00181477 9
0.895445 0.00441868 8
0.93476 0.252465 3
0.957117 0.548594 2
0.93353 0.249897 3
0.947495 0.518262 2
0.880839 0.000732998 10
0.899833 0.0211654 6
0.879145 0.000711554 10
0.962496 0.571292 2
0.885435 0.0017361 9
0.935772 0.254669 3
0.921878 0.114612 4
0.964831 0.582797 2
0.972915 1 1
0.984201 1 1
0.94581 0.514005 2
0.923013 0.115968 4
0.90948 0.102861 4
0.880473 0.00354601 8
0.97697 1 1
0.901063 0.0454987 5
0.954321 0.538584 2
0.902358 0.0460432 5
0.896856 0.0204515 6
0.896383 0.0203443 6
0.87843 0.00155652 9
0.945901 0.514228 2
0.897733 0.0206546 6
0.909543 0.102909 4
0.913133 0.105827 4
0.893172 0.0196571 6
0.906206 0.047801 5
0.913141 0.105834 4
0.967265 1 1
0.930524 0.244095 3
0.907413 0.101327 4
0.90093 0.045444 5
0.904193 0.0991171 4
0.929029 0.241436 3
0.916653 0.22394 3
0.962404 1 1
0.934159 0.490653 2
0.932907 0.488652 2
0.97151 1 1
0.951851 0.530609 2
0.980116 1 1
0.962832 1 1
0.916851 0.0137751 7
0.91624 0.0135867 7
0.979711 0.689261 2
0.92006 0.0288178 6
0.945309 0.160152 4
0.919426 0.0284687 6
0.915255 0.0132938 7
0.920648 0.0291503 6
0.913043 0.0126825 7
0.967578 0.597824 2
0.917494 0.0139794 7
0.94116 0.148499 4
0.937405 0.139623 4
0.929164 0.0655425 5
0.942628 0.15238 4
0.965683 0.384415 3
0.933327 0.071003 5
0.924032 0.0312433 6
0.861121 2.07741e-10 28
0.877015 5.68523e-07 19
0.8591 3.65301e-11 30
0.986566 0.765898 2
0.866936 3.13719e-09 25
0.938865 0.0800723 5
0.899275 0.000524732 11
0.989757 1 1
0.968188 0.601396 2
0.987454 0.777563 2
0.942285 0.151452 4
0.907265 0.00274319 9
0.920701 0.0570683 5
0.8715 5.03735e-06 16
0.962124 0.569557 2
0.87818 6.52392e-05 13
0.930732 0.126944 4
0.879304 6.70877e-05 13
0.902107 0.00499155 8
0.874279 1.21023e-05 15
0.871066 4.97405e-06 16
0.922913 0.0590003 5
0.902044 0.00498532 8
0.904634 0.0108294 7
0.913363 0.0255733 6
0.884134 0.000357789 11
0.888539 0.000849206 10
0.862041 4.90742e-10 27
0.917202 0.0138857 7
0.912747 0.00632825 8
0.964371 0.374636 3
0.920111 0.0148773 7
0.959538 0.343068 3
0.871367 4.21858e-08 22
0.978307 0.67614 2
0.908687 0.00284957 9
0.950602 0.178522 4
0.874752 2.36703e-07 20
0.910109 0.00296384 9
0.894194 0.000216525 12
0.922538 0.0302797 6
0.971562 0.622885 2
0.965123 0.584317 2
0.933309 0.249449 3
0.933886 0.250628 3
0.868757 2.34224e-05 14
0.886335 0.00176246 9
0.866889 9.95537e-06 15
0.977155 1 1
0.874027 0.000131442 12
0.937554 0.258761 3
0.908245 0.0236352 6
0.979596 1 1
0.971514 0.622559 2
0.992561 1 1
0.943836 0.275689 3
0.913296 0.051712 5
0.893747 0.00919228 7
0.875898 0.000673737 10
0.966544 1 1
0.913541 0.106181 4
0.9721 1 1
0.915474 0.107924 4
0.883493 0.00368926 8
0.906865 0.0481251 5
0.872713 0.000285983 11
0.954374 0.538762 2
0.884737 0.00375218 8
0.900914 0.0214427 6
0.901459 0.0456629 5
0.888161 0.00856593 7
0.908928 0.0491878 5
0.881182 0.0016222 9
0.933236 0.249301 3
0.927838 0.239418 3
0.948699 0.521473 2
0.923151 0.232236 3
0.944892 0.511795 2
0.890972 0.0088671 7
0.958951 0.555788 2
0.925277 0.235351 3
0.958515 0.554028 2
0.894415 0.019915 6
0.930355 0.243786 3
0.914336 0.106884 4
0.940679 0.502543 2
0.989145 1 1
0.877439 0.00341417 8
0.958133 0.552513 2
0.903366 0.0464827 5
0.919382 0.227218 3
0.889549 0.018957 6
0.914867 0.107364 4
0.894629 0.0199605 6
0.933021 0.48883 2
0.948547 0.52106 2
0.92422 0.233773 3
0.898501 0.0444823 5
0.93497 0.491994 2
0.915177 0.107648 4
0.95814 0.552541 2
0.973077 1 1
0.916154 0.0268138 6
0.950674 0.299712 3
0.946037 0.282702 3
0.915811 0.0266534 6
0.916079 0.0267787 6
0.913178 0.0254963 6
0.926726 0.120836 4
0.922909 0.0589965 5
0.946397 0.283909 3
0.948754 0.292271 3
0.930203 0.126081 4
0.966057 0.589293 2
0.951157 0.301683 3
0.963646 0.576824 2
0.964255 0.579854 2
0.891963 0.000202846 12
0.859595 9.86526e-10 26
0.953475 0.311699 3
0.892793 0.000207759 12
0.953761 0.313004 3
0.89504 0.000465686 11
0.87699 2.7179e-06 17
0.885543 3.68212e-05 14
0.857379 3.91863e-10 27
0.931613 0.0686313 5
0.877552 2.77175e-06 17
0.887606 8.40324e-05 13
0.891686 0.000201249 12
0.871935 4.67441e-07 19
0.888123 8.53246e-05 13
0.894861 0.000220921 12
0.992263 1 1
0.897578 0.000499583 11
0.888199 4.00884e-05 14
0.87075 4.10549e-08 22
0.884198 7.62095e-06 16
0.917713 0.0140501 7
0.900289 0.000540802 11
0.983278 0.72635 2
0.904152 0.00124106 10
0.921691 0.0154763 7
0.952788 0.308629 3
0.933452 0.0711831 5
0.980332 0.695325 2
0.944956 0.159073 4
0.94174 0.269569 3
0.95733 0.5494 2
0.921402 0.11406 4
0.87367 5.86309e-05 13
0.879482 0.000324843 11
0.871012 2.47127e-05 14
0.964958 0.583455 2
0.881427 0.000337898 11
0.962539 0.571493 2
0.906912 0.0231909 6
0.969177 0.607385 2
0.98718 1 1
0.980865 1 1
0.966136 0.58972 2
0.925098 0.118616 4
5 8 14 36 40 47 
45 0 1 2 3 4 5 6 7 9 11 13 14 15 16 17 18 19 20 21 22 23 24 25 26 27 28 29 30 31 32 33 34 35 36 37 38 39 40 41 42 43 44 46 47 49 
9 0 8 9 14 31 36 40 43 47 
32 1 2 3 4 5 6 7 8 9 11 14 15 18 20 21 22 23 25 26 28 31 32 34 35 36 38 39 40 42 43 46 47 
9 0 8 9 14 31 36 40 43 47 
24 1 2 3 4 6 7 8 9 11 14 18 20 22 23 25 28 31 34 35 36 38 40 43 47 
46 0 1 2 3 4 5 6 8 9 10 11 12 13 14 15 17 18 19 20 21 22 23 24 25 26 27 28 29 30 31 32 33 34 35 36 37 38 39 40 41 42 43 44 45 46 47 
35 1 2 3 4 5 6 7 8 9 11 14 15 18 20 21 22 23 25 26 27 28 31 32 33 34 35 36 38 39 40 42 43 46 47 49 
49 0 1 2 3 4 5 6 7 9 10 11 12 13 14 15 16 17 18 19 20 21 22 23 24 25 26 27 28 29 30 31 32 33 34 35 36 37 38 39 40 41 42 43 44 45 46 47 48 49 
21 0 1 3 4 8 9 14 23 28 30 31 33 34 35 36 38 39 40 42 43 47 
47 0 1 2 3 4 5 6 8 9 10 11 12 13 14 15 16 17 18 19 20 21 22 23 24 25 26 27 28 29 31 32 33 34 35 36 37 38 39 40 41 42 43 44 45 46 47 49 
36 0 1 2 3 4 5 6 7 8 9 11 14 18 20 21 22 23 25 26 27 28 30 31 32 33 34 35 36 38 39 40 42 43 44 46 47 
36 0 1 2 3 4 5 6 7 8 9 11 14 18 19 20 22 23 25 26 27 28 29 31 32 33 34 35 36 38 40 41 42 43 44 46 47 
48 0 1 2 3 4 5 6 7 8 9 10 11 12 13 14 15 17 18 19 20 21 22 23 24 25 26 27 28 29 30 31 32 33 34 35 36 37 38 39 40 41 42 43 44 45 46 47 49 
43 0 1 2 3 4 5 6 7 8 9 11 13 14 15 18 19 20 21 22 23 25 26 27 28 29 30 31 32 33 34 35 36 37 38 39 40 41 42 43 44 46 47 49 
