60 15 8e+06
2.41065 187849
2.15082 184165
2.47065 189268
1.44764 194479
2.55535 179685
1.79051 158222
1.59059 191065
2.24173 184141
2.51396 119666
1.30901 154025
1.69052 134661
2.19681 146176
2.55508 103187
1.60808 180641
2.87571 128702
2.81728 179877
1.7919 103406
1.67117 175980
1.72185 185430
1.09535 116579
2.0207 131986
1.37684 150697
2.55155 164987
1.10221 101702
2.13113 140376
1.54619 116839
2.2605 160529
2.75186 164442
1.61583 172367
2.499 192693
2.29301 114897
1.32159 127583
1.41809 189680
1.13567 137406
1.04159 171453
1.33611 111228
1.70888 178041
1.58852 181244
1.03125 141954
1.50065 198990
1.16661 108814
1.69559 139210
1.65576 136520
2.80817 196368
1.46366 156849
1.19935 185095
2.69822 191442
1.14696 104340
1.52395 104796
2.90388 191223
2.14756 105997
1.76897 157454
1.1141 176585
1.07623 162923
1.44464 134292
1.62433 134226
2.36715 185000
1.63662 150041
1.29856 177319
1.8196 189719
0.881545 7.10525e-05 13
0.919524 0.0285222 6
0.916861 0.0271519 6
0.933435 0.131662 4
0.945597 0.28125 3
0.895655 0.000994018 10
0.888958 0.000399203 11
0.888387 0.000393844 11
0.911889 0.0123865 7
0.940083 0.145805 4
0.92124 0.0575229 5
0.921848 0.0580484 5
0.926776 0.0628342 5
0.9817 0.709246 2
0.981965 0.712033 2
0.907001 0.0481928 5
0.981922 1 1
0.974325 1 1
0.962583 0.571705 2
0.955105 0.541278 2
0.945917 0.514268 2
0.971866 1 1
0.982388 1 1
0.961956 0.568785 2
0.940296 0.501769 2
0.944128 0.510011 2
0.969849 1 1
0.950392 0.526245 2
0.919952 0.112437 4
0.916168 0.108577 4
0.971605 1 1
0.9307 0.244418 3
0.916837 0.109223 4
0.94768 0.518747 2
0.933828 0.250508 3
0.884496 0.00820988 7
0.907649 0.101497 4
0.923156 0.232242 3
0.902771 0.0462217 5
0.897922 0.0442633 5
0.891513 0.0193274 6
0.915913 0.108335 4
0.965404 1 1
0.90709 0.101096 4
0.914006 0.10659 4
0.926213 0.120121 4
0.965015 0.58375 2
0.953246 0.535019 2
0.961012 0.564531 2
0.94791 0.519353 2
0.92411 0.117335 4
0.952383 0.532263 2
0.969476 0.609243 2
0.940049 0.264988 3
0.922944 0.115884 4
0.923655 0.116762 4
0.949869 0.524736 2
0.958747 0.554959 2
0.911984 0.0509111 5
0.911733 0.0507627 5
0.961893 0.568494 2
0.93737 0.139548 4
0.923656 0.0596897 5
0.950406 0.298638 3
0.935637 0.135912 4
0.89206 0.000430802 11
0.917202 0.0273185 6
0.933579 0.131927 4
0.909651 0.011854 7
0.901382 0.00237225 9
0.89682 0.00102234 10
0.922059 0.0582334 5
0.964831 0.582797 2
0.905536 0.00535468 8
0.910777 0.0121155 7
0.943753 0.155528 4
0.882221 3.33e-05 14
0.87016 4.3818e-07 19
0.905864 0.00539236 8
0.899939 0.00229568 9
0.838744 5.78715e-12 0
0.853093 6.11658e-11 29
0.86474 3.19265e-08 22
0.857718 9.05952e-10 26
0.866396 7.644e-08 21
0.853624 6.27631e-11 29
0.871587 1.02329e-06 18
0.922762 0.0304201 6
0.895661 0.00099416 10
0.908878 0.00576579 8
0.966315 0.590702 2
0.903379 0.00121412 10
0.890447 9.15506e-05 13
0.926471 0.032967 6
0.917892 0.0141087 7
0.85804 7.83106e-11 29
0.875126 5.2759e-07 19
0.887952 3.9766e-05 14
0.877211 1.25196e-06 18
0.88199 7.04333e-06 16
0.870855 9.1341e-08 21
0.891257 9.38963e-05 13
0.945138 0.159626 4
0.905618 0.00262875 9
0.917339 0.0139294 7
0.909772 0.0496452 5
0.968881 1 1
0.961059 0.564741 2
0.983125 1 1
0.998104 1 1
0.929103 0.241564 3
0.933941 0.250743 3
0.936778 0.256944 3
0.949897 0.524817 2
0.960118 0.56065 2
0.947678 0.518743 2
0.964625 0.581736 2
0.966601 0.592279 2
0.963626 0.576722 2
0.96104 0.564653 2
0.941406 0.504042 2
0.94344 0.508448 2
0.931362 0.245649 3
0.946178 0.514913 2
0.931606 0.24611 3
0.903231 0.0464233 5
0.932612 0.248056 3
0.95077 0.527352 2
0.918391 0.110782 4
0.902959 0.0463034 5
0.90254 0.0461216 5
0.928275 0.240149 3
0.952558 0.532813 2
0.89762 0.0441502 5
0.899915 0.0450336 5
0.942447 0.271575 3
0.920064 0.0565435 5
0.908823 0.0238347 6
0.92307 0.116038 4
0.908659 0.0237776 6
0.883338 0.00035171 11
0.913977 0.052143 5
0.932142 0.129339 4
0.896725 0.00451726 8
0.880343 0.000150707 12
0.880557 0.000151448 12
0.905502 0.0109919 7
0.932011 0.129113 4
0.876207 6.21984e-05 13
0.879515 0.000147901 12
0.913456 0.0256123 6
0.975307 0.650578 2
0.965248 0.584968 2
0.98985 1 1
0.993338 1 1
0.931423 0.128102 4
0.93968 0.264028 3
0.943878 0.275818 3
0.952526 0.532713 2
0.956943 0.547937 2
0.947201 0.28667 3
0.967854 0.599427 2
0.970545 0.616091 2
0.955619 0.543091 2
0.953528 0.535938 2
0.988663 1 1
0.909116 0.102584 4
0.89566 0.0201834 6
0.925023 0.234967 3
0.911645 0.104577 4
0.864644 0.000109807 12
0.889176 0.00867162 7
0.905488 0.0474559 5
0.881983 0.00361598 8
0.876448 0.00151259 9
0.870388 0.000274565 11
0.894463 0.0199252 6
0.942726 0.506863 2
0.887137 0.00846251 7
0.895126 0.0200671 6
0.964758 0.582423 2
0.903609 0.00250077 9
0.891007 0.000197426 12
0.913906 0.0129137 7
0.899683 0.00109873 10
0.862687 5.7871e-09 24
0.890621 0.000195309 12
0.908115 0.0056663 8
0.878 2.81581e-06 17
0.867179 3.52591e-08 22
0.864075 1.38226e-08 23
0.888744 8.69158e-05 13
0.928467 0.0647226 5
0.871559 4.61005e-07 19
0.87778 2.79399e-06 17
0.90192 0.00116607 10
0.956689 0.327321 3
0.952652 0.308031 3
0.939955 0.145493 4
0.930825 0.0676002 5
0.935738 0.0746695 5
0.969874 0.611755 2
0.98755 1 1
0.944723 0.158373 4
0.918071 0.0141678 7
0.925356 0.0321551 6
0.947405 0.166907 4
0.932571 0.0699342 5
0.896234 0.000481116 11
0.893018 0.000209127 12
0.898628 0.00467322 8
0.959073 0.556283 2
0.95545 0.542494 2
0.968708 0.604516 2
0.984023 1 1
0.928291 0.123108 4
0.92667 0.120758 4
0.926585 0.120639 4
0.947703 0.288443 3
0.967583 0.597851 2
0.951098 0.301441 3
0.960251 0.56122 2
0.95389 0.537136 2
0.976308 0.658748 2
0.969445 0.609051 2
0.953401 0.535522 2
0.929727 0.242659 3
0.91722 0.109599 4
0.936495 0.256295 3
0.921721 0.114429 4
0.888716 0.0039714 8
0.917472 0.10985 4
0.935391 0.25383 3
0.904103 0.0468131 5
0.890821 0.00885015 7
0.889102 0.00399425 8
0.914535 0.107063 4
0.9473 0.517757 2
0.889825 0.00874095 7
0.893849 0.00920483 7
0.888855 0.000186099 12
0.981983 0.712227 2
0.994132 1 1
0.956322 0.325423 3
0.957323 0.330658 3
0.966737 0.593038 2
0.97513 0.649167 2
0.968001 0.600291 2
0.985862 1 1
0.959453 0.342573 3
0.967207 0.59569 2
0.988693 1 1
0.938557 0.142196 4
0.928508 0.0647705 5
0.920939 0.029318 6
0.943964 0.276082 3
0.956026 0.544556 2
0.942133 0.270678 3
0.965689 0.587308 2
0.950477 0.298925 3
0.909892 0.0119089 7
0.934493 0.133656 4
0.950079 0.297346 3
0.927881 0.1225 4
0.917959 0.0549019 5
0.914432 0.0260316 6
0.940341 0.265758 3
0.973343 0.635517 2
0.916837 0.0271406 6
0.919672 0.0562274 5
0.926584 0.120638 4
0.927965 0.122623 4
0.918455 0.0552762 5
0.925024 0.118519 4
0.911423 0.0505805 5
0.89608 0.00446697 8
0.928294 0.123112 4
0.946391 0.28389 3
0.907558 0.0234032 6
0.88732 0.00179227 9
0.890051 0.00188082 9
0.914403 0.0524185 5
0.929303 0.124653 4
0.877312 0.000140872 12
0.878616 0.000319336 11
0.947226 0.166303 4
0.916285 0.0136004 7
0.904675 0.00256714 9
0.921 0.0293533 6
0.906506 0.00268928 9
0.878511 2.86729e-06 17
0.908627 0.00573265 8
0.92669 0.0331317 6
0.892335 0.000205022 12
0.877123 1.24785e-06 18
0.876615 1.22436e-06 18
0.901577 0.00115529 10
0.931342 0.0682732 5
0.874837 5.21694e-07 19
0.878794 2.89644e-06 17
0.958522 0.554057 2
0.906611 0.0112078 7
0.894315 0.00203918 9
0.915109 0.0528852 5
0.90072 0.0101626 7
0.866749 1.95973e-06 17
0.895496 0.00442255 8
0.913211 0.0255097 6
0.881524 0.000154877 12
0.869172 4.71197e-06 16
0.866958 1.97182e-06 17
0.891758 0.00194105 9
0.928427 0.123312 4
0.871351 1.1171e-05 15
0.876855 6.31706e-05 13
0.933696 0.0715382 5
0.945924 0.162068 4
0.934281 0.0724058 5
0.971779 0.624374 2
0.967583 0.399597 3
0.901181 0.000555656 11
0.912082 0.00313649 9
0.920348 0.014964 7
0.921602 0.0154414 7
0.930478 0.0362648 6
0.91773 0.0140558 7
0.936459 0.0758454 5
0.980639 0.698375 2
0.951235 0.181028 4
0.959434 0.342459 3
0.859408 1.59606e-06 17
0.949736 0.524359 2
0.963898 0.578069 2
0.92624 0.120159 4
0.93102 0.245009 3
0.998559 1 1
0.963751 0.577341 2
0.946159 0.514865 2
0.978357 1 1
0.953529 0.535941 2
0.972612 1 1
0.962788 0.57267 2
0.908143 0.0487744 5
0.912461 0.0511979 5
0.9017 0.021651 6
0.98366 1 1
0.918253 0.0278485 6
0.904559 0.0108156 7
0.937491 0.139811 4
0.925005 0.0609983 5
0.872186 5.13991e-06 16
0.893992 0.000956099 10
0.909001 0.0117089 7
0.890673 0.000888142 10
0.888559 0.000395443 11
0.880723 6.95529e-05 13
0.904104 0.00519644 8
0.956621 0.546734 2
0.902552 0.00503572 8
0.911265 0.0247306 6
0.949928 0.17593 4
0.882054 3.26648e-06 17
0.869682 1.76608e-08 23
0.905234 0.00128052 10
0.898263 0.00024584 12
0.838111 5.62407e-12 0
0.853817 1.20785e-11 0
0.866146 3.01977e-09 25
0.856984 1.43348e-11 0
0.86405 5.43163e-10 27
0.851965 1.09607e-11 0
0.870805 1.85968e-08 23
0.922854 0.0159476 7
0.89153 4.48828e-05 14
0.904363 0.00124858 10
0.904251 0.00254038 9
0.905702 0.00263432 9
0.897961 0.00105156 10
0.927835 0.0640001 5
0.932535 0.0698848 5
0.870374 1.98748e-07 20
0.872663 4.80268e-07 19
0.8775 2.7667e-06 17
0.888884 8.72834e-05 13
0.909753 0.00588426 8
0.892503 0.00020602 12
0.901725 0.00115992 10
0.932439 0.0697522 5
0.95018 0.297743 3
0.964524 0.581222 2
0.94648 0.515666 2
0.941903 0.505087 2
0.928965 0.241326 3
0.967009 1 1
0.958196 0.55276 2
0.895294 0.0433124 5
0.91002 0.103278 4
0.920661 0.228852 3
0.915468 0.107918 4
0.920343 0.22844 3
0.90929 0.102716 4
0.930229 0.243558 3
0.984501 1 1
0.938302 0.4979 2
0.946697 0.516214 2
0.880216 6.86537e-05 13
0.973 0.633007 2
0.987128 1 1
0.951304 0.302288 3
0.956863 0.547635 2
0.972305 0.628042 2
0.964775 0.582508 2
0.954547 0.316673 3
0.993617 1 1
0.971261 0.620844 2
0.98111 1 1
0.988741 1 1
0.932246 0.129522 4
0.934482 0.133635 4
0.92486 0.0608542 5
0.901489 0.0102857 7
0.969629 0.610208 2
0.966081 0.589421 2
0.949959 0.524995 2
0.942373 0.271364 3
0.945666 0.281474 3
0.977985 1 1
0.995372 1 1
0.957207 0.548932 2
0.931041 0.127458 4
0.937859 0.259491 3
0.960795 0.563574 2
0.939471 0.26349 3
0.907992 0.0235491 6
0.903946 0.0107046 7
0.942039 0.27041 3
0.93562 0.135879 4
0.923956 0.0599741 5
0.938124 0.141215 4
0.92362 0.0596564 5
0.896987 0.0021534 9
0.927115 0.121388 4
0.945457 0.280794 3
0.911371 0.0247714 6
0.895289 0.00207933 9
0.895269 0.00207853 9
0.920716 0.0570804 5
0.945394 0.280589 3
0.890092 0.000877203 10
0.892687 0.000928213 10
0.874621 1.22194e-05 15
0.957833 0.551341 2
0.965711 0.587426 2
0.948122 0.289948 3
0.96055 0.562507 2
0.954321 0.315609 3
0.93926 0.143829 4
0.931068 0.127504 4
0.968433 0.602859 2
0.99767 1 1
0.981783 1 1
0.971031 0.619299 2
0.929302 0.124652 4
0.954172 0.31491 3
0.94161 0.269205 3
0.901983 0.0217273 6
0.921238 0.113872 4
0.914662 0.0525881 5
0.941502 0.268906 3
0.94902 0.522354 2
0.887797 0.00391816 8
0.888048 0.00393255 8
0.891302 0.00413056 8
0.906277 0.0478357 5
0.928616 0.240726 3
0.910859 0.0502548 5
0.918824 0.111232 4
0.941318 0.268395 3
0.969762 0.611044 2
0.98458 1 1
0.924064 0.233547 3
0.899915 0.0450335 5
0.889691 0.00872651 7
0.924298 0.233888 3
0.923656 0.232955 3
0.859402 1.90749e-05 14
0.867459 0.000115609 12
0.875571 0.000670147 10
0.878632 0.00156115 9
0.893898 0.0198066 6
0.878486 0.0015578 9
0.892438 0.0195093 6
0.935722 0.254559 3
0.929399 0.24208 3
0.943763 0.509176 2
0.896234 0.00048111 11
0.990064 1 1
0.992823 1 1
0.963794 0.370509 3
0.963098 0.365669 3
0.958702 0.338245 3
0.971393 0.621738 2
0.969503 0.609415 2
0.978435 0.677304 2
0.95773 0.332853 3
0.961919 0.357797 3
0.988251 1 1
0.946294 0.163248 4
0.931519 0.068506 5
0.92513 0.0319955 6
0.922634 0.115509 4
0.966847 0.593657 2
0.955238 0.541745 2
0.992172 1 1
0.986221 1 1
0.921235 0.0575185 5
0.931783 0.128717 4
0.938369 0.26073 3
0.942112 0.270616 3
0.947183 0.286607 3
0.936615 0.25657 3
0.957337 0.549427 2
0.980336 1 1
0.954063 0.537714 2
0.955564 0.542897 2
0.936529 0.256373 3
0.923028 0.059106 5
0.912346 0.0251557 6
0.92391 0.0599309 5
0.909709 0.0241499 6
0.887905 0.000838273 10
0.919166 0.0558257 5
0.937373 0.258332 3
0.900635 0.00485123 8
0.882825 0.000159713 12
0.883949 0.000356357 11
0.908752 0.0238101 6
0.931186 0.127701 4
0.876533 6.26849e-05 13
0.87911 6.67629e-05 13
0.893393 0.000445809 11
0.936036 0.136728 4
0.932235 0.0694711 5
0.950628 0.299531 3
0.963036 0.573858 2
0.907851 0.0056328 8
0.904072 0.00519296 8
0.904415 0.00522991 8
0.925701 0.0617033 5
0.95108 0.301366 3
0.932483 0.129941 4
0.937063 0.138883 4
0.942558 0.152191 4
0.993127 1 1
0.991158 1 1
0.968123 0.601013 2
0.901267 0.000557135 11
0.888286 1.88932e-05 15
0.924064 0.0312647 6
0.915223 0.00674702 8
0.855952 1.35464e-11 0
0.873473 1.02018e-07 21
0.886543 1.77595e-05 15
0.875019 2.39337e-07 20
0.879333 1.35793e-06 18
0.868413 7.49779e-09 24
0.888991 4.11532e-05 14
0.942843 0.152969 4
0.902577 0.00118728 10
0.914226 0.00657232 8
0.926685 0.237543 3
0.948901 0.522027 2
0.938766 0.498776 2
0.944467 0.510797 2
0.931174 0.245295 3
0.913667 0.106291 4
0.945102 0.512294 2
0.963873 1 1
0.92699 0.23803 3
0.907338 0.0483623 5
0.909595 0.10295 4
0.934816 0.252585 3
0.945495 0.513237 2
0.895979 0.0202539 6
0.896296 0.0203246 6
0.872161 5.66709e-05 13
0.963676 0.57697 2
0.977433 1 1
0.943645 0.275112 3
0.950997 0.528023 2
0.976149 1 1
0.958674 0.554666 2
0.946385 0.515428 2
0.989142 1 1
0.974581 1 1
0.990032 1 1
0.979671 1 1
0.924483 0.117813 4
0.933647 0.250136 3
0.922721 0.115614 4
0.953102 0.31002 3
0.91886 0.0281654 6
0.906378 0.0054525 8
0.94357 0.155006 4
0.936809 0.138341 4
0.873645 1.09928e-06 18
0.887912 8.47918e-05 13
0.898999 0.00107953 10
0.893397 0.000445855 11
0.900847 0.00234331 9
0.888527 8.6354e-05 13
0.907839 0.00563126 8
0.960716 0.350165 3
0.926036 0.0620505 5
0.937807 0.140507 4
0.937148 0.139067 4
0.925549 0.0615479 5
0.914763 0.0131526 7
0.926462 0.062498 5
0.912234 0.0124735 7
0.890001 0.000191986 12
0.921181 0.029459 6
0.93946 0.144301 4
0.902944 0.00246101 9
0.885258 7.8563e-05 13
0.886289 8.08897e-05 13
0.911195 0.0122159 7
0.933576 0.131922 4
0.87893 1.38606e-05 15
0.881441 3.25526e-05 14
0.956705 0.547049 2
0.909598 0.0241097 6
0.897044 0.00962089 7
0.933809 0.25047 3
0.926736 0.12085 4
0.864556 4.15573e-06 16
0.87955 0.000325283 11
0.891203 0.00412422 8
0.884068 0.000777655 10
0.891143 0.00412037 8
0.878981 0.000321635 11
0.898345 0.0098043 7
0.951449 0.529381 2
0.916913 0.0541357 5
0.929087 0.124318 4
0.907345 0.101278 4
0.984409 1 1
0.975975 1 1
0.96479 1 1
0.957569 0.550317 2
0.946224 0.515028 2
0.970655 1 1
0.979976 1 1
0.96302 1 1
0.94235 0.506046 2
0.945619 0.513538 2
0.971739 1 1
0.951985 0.531022 2
0.922354 0.231123 3
0.918526 0.22616 3
0.904637 0.0470576 5
0.933477 0.24979 3
0.927001 0.238048 3
0.952999 0.534219 2
0.961648 0.56738 2
0.899475 0.0210758 6
0.899967 0.0211993 6
0.902866 0.046263 5
0.918386 0.110776 4
0.939857 0.500894 2
0.922321 0.231077 3
0.931209 0.24536 3
0.950003 0.525119 2
0.978229 1 1
0.991831 1 1
0.889132 0.000859687 10
0.958329 0.553287 2
0.959458 0.557872 2
0.936413 0.256109 3
0.930394 0.126391 4
0.949857 0.296476 3
0.984587 1 1
0.989367 1 1
0.955339 0.542102 2
0.925277 0.118854 4
0.935585 0.254255 3
0.953871 0.537071 2
0.925268 0.118841 4
0.897796 0.00460363 8
0.892617 0.0019729 9
0.974564 0.644734 2
0.884012 1.62913e-05 15
0.870855 9.13405e-08 21
0.903761 0.00251007 9
0.89298 0.000208893 12
0.839551 6.00349e-12 0
0.860696 4.59233e-10 27
0.87559 5.37247e-07 19
0.857509 7.6202e-11 29
0.857542 7.63297e-11 29
0.8487 9.28357e-12 0
0.870645 9.05512e-08 21
0.9226 0.0303186 6
0.876707 1.22857e-06 18
0.887448 3.91191e-05 14
0.891487 0.00892513 7
0.928379 0.240324 3
0.924369 0.233993 3
0.944032 0.50979 2
0.955543 0.542821 2
0.900417 0.045235 5
0.896471 0.0203641 6
0.897088 0.0205046 6
0.91794 0.11032 4
0.943807 0.509277 2
0.925157 0.235169 3
0.929146 0.241639 3
0.937873 0.497102 2
0.987342 1 1
0.99351 1 1
0.977091 1 1
0.925176 0.11872 4
0.911374 0.0247726 6
0.944011 0.276226 3
0.931028 0.127437 4
0.878821 0.000145621 12
0.900814 0.0101775 7
0.915827 0.0533723 5
0.897378 0.00456949 8
0.894557 0.00435312 8
0.887089 0.000824623 10
0.910826 0.0245631 6
0.962932 0.573359 2
0.906875 0.0231789 6
0.914887 0.0527367 5
0.951464 0.181953 4
0.879732 1.37927e-06 18
0.86725 3.18547e-09 25
0.902564 0.000580092 11
0.89513 0.000106594 13
0.835715 5.05395e-12 0
0.852094 1.10343e-11 0
0.864769 5.63659e-10 27
0.854472 1.25066e-11 0
0.86076 9.03249e-11 29
0.849024 9.43516e-12 0
0.868215 7.42814e-09 24
0.920443 0.0149993 7
0.88745 1.83364e-05 15
0.900108 0.000537873 11
0.942126 0.270657 3
0.932958 0.248743 3
0.921406 0.114064 4
0.93545 0.253959 3
0.920967 0.113564 4
0.894777 0.00436922 8
0.925077 0.118589 4
0.943425 0.274447 3
0.908934 0.0238737 6
0.892703 0.00422311 8
0.892781 0.00422839 8
0.918131 0.0550308 5
0.942998 0.27318 3
0.887602 0.00180098 9
0.890302 0.00188943 9
0.949142 0.522691 2
0.952741 0.533393 2
0.938561 0.261202 3
0.967661 0.598301 2
0.952565 0.532835 2
0.905406 0.0227154 6
0.927927 0.239565 3
0.942506 0.271744 3
0.924166 0.117407 4
0.917631 0.110008 4
0.912253 0.0510722 5
0.937502 0.258637 3
0.980198 1 1
0.920876 0.113461 4
0.925003 0.118491 4
0.888558 0.00860684 7
0.980737 1 1
0.990429 1 1
0.961271 0.56568 2
0.966989 1 1
0.962078 0.569348 2
0.960893 0.564005 2
0.954944 0.540719 2
0.983718 1 1
0.972796 1 1
0.974896 1 1
0.996124 1 1
0.941851 0.504978 2
0.941741 0.504746 2
0.933118 0.249064 3
0.925496 0.061494 5
0.938232 0.141458 4
0.928749 0.0650514 5
0.933914 0.132553 4
0.920569 0.0291053 6
0.905695 0.00537287 8
0.937929 0.140777 4
0.956418 0.325918 3
0.917674 0.0275538 6
0.897152 0.00216089 9
0.900023 0.00230001 9
0.924635 0.060632 5
0.936352 0.137381 4
0.885855 0.000172083 12
0.88651 0.000174981 12
0.940673 0.147265 4
0.955698 0.322274 3
0.942398 0.151756 4
0.96123 0.565497 2
0.94634 0.283716 3
0.911416 0.0122697 7
0.93792 0.140758 4
0.954544 0.316661 3
0.928498 0.0647586 5
0.915913 0.0134881 7
0.913873 0.0129047 7
0.939995 0.145591 4
0.96658 0.592165 2
0.911927 0.0123961 7
0.914048 0.0129527 7
0.979779 1 1
0.917579 0.109956 4
0.904092 0.0223217 6
0.932216 0.247281 3
0.918266 0.110653 4
0.873129 0.000288121 11
0.89832 0.0207938 6
0.914888 0.107383 4
0.890354 0.00407052 8
0.883444 0.00168072 9
0.878114 0.000699093 10
0.902658 0.0219128 6
0.949034 0.522394 2
0.891661 0.008945 7
0.898733 0.0208933 6
0.898358 0.00465037 8
0.950653 0.527006 2
0.947465 0.2876 3
0.933737 0.132223 4
0.924703 0.118098 4
0.93337 0.131542 4
0.967617 0.598045 2
0.982732 1 1
0.940591 0.266424 3
0.913039 0.0515523 5
0.921159 0.0574543 5
0.942136 0.270686 3
0.926737 0.120852 4
0.890431 0.0018939 9
0.887121 0.000825151 10
0.925516 0.119173 4
0.94791 0.289184 3
0.937462 0.258544 3
0.972752 0.63122 2
0.972833 0.631803 2
0.905145 0.0109242 7
0.913384 0.0255822 6
0.919997 0.056489 5
0.925548 0.119216 4
0.937175 0.139125 4
0.923325 0.0593801 5
0.940248 0.265511 3
0.975102 0.648952 2
0.959603 0.558476 2
0.967188 0.595584 2
0.959176 0.556705 2
0.929147 0.241641 3
0.916212 0.108619 4
0.938141 0.260171 3
0.92335 0.116382 4
0.886743 0.00385913 8
0.914514 0.107044 4
0.932092 0.247041 3
0.902797 0.0462329 5
0.891186 0.00889114 7
0.888486 0.00395795 8
0.913868 0.106468 4
0.950544 0.526688 2
0.892351 0.00902497 7
0.897031 0.0204915 6
0.881451 0.000154611 12
0.961354 0.566053 2
0.967261 0.596001 2
0.936602 0.256541 3
0.933556 0.131886 4
0.96366 0.576891 2
0.997662 1 1
0.980336 1 1
0.967015 0.594603 2
0.935021 0.134684 4
0.947432 0.287482 3
0.961853 0.568315 2
0.922589 0.0587063 5
0.903413 0.0106103 7
0.896653 0.00451157 8
13 0 5 6 24 25 31 32 37 40 42 44 46 49 
50 0 1 2 3 4 5 6 7 8 9 10 11 12 13 15 17 18 19 20 21 23 24 25 26 28 29 31 32 34 35 36 37 38 40 41 42 43 44 46 47 48 49 50 51 53 54 55 56 57 58 
53 0 1 2 3 4 5 6 7 8 9 10 11 12 13 14 15 17 18 19 20 21 23 24 25 26 28 29 31 32 33 34 35 36 37 38 40 41 42 43 44 46 47 48 49 50 51 52 53 54 55 56 57 58 
33 0 2 4 5 6 11 12 14 15 17 19 20 21 23 24 25 26 31 32 34 36 37 40 42 44 46 47 48 49 51 55 57 58 
41 0 2 4 5 6 7 8 9 11 12 15 17 18 19 20 21 23 24 25 26 29 31 32 34 35 36 37 40 41 42 44 46 47 48 49 50 51 54 55 57 58 
55 0 1 2 3 4 6 7 8 9 10 11 12 13 14 15 16 17 18 19 20 21 22 23 25 26 27 28 29 30 31 32 33 34 35 36 38 39 40 41 42 43 44 45 47 48 50 51 52 53 54 55 56 57 58 59 
53 0 1 2 3 4 5 6 7 8 9 10 11 12 13 14 15 16 17 18 19 20 21 23 25 26 28 29 31 32 33 34 35 36 37 38 40 41 42 43 44 45 46 47 48 50 51 52 53 54 55 56 57 58 
52 0 1 2 3 4 5 6 7 8 9 10 11 12 13 14 15 17 18 19 20 21 23 24 25 26 28 29 31 32 33 34 35 36 37 38 40 41 42 43 44 46 47 48 49 50 51 53 54 55 56 57 58 
56 0 1 2 3 4 5 6 7 8 9 10 11 12 13 14 15 16 17 18 19 20 21 23 25 26 27 28 29 30 31 32 33 34 35 36 37 38 40 41 42 43 44 45 46 47 48 50 51 52 53 54 55 56 57 58 59 
53 0 1 2 3 4 5 6 7 8 9 10 11 12 13 14 15 17 18 19 20 21 23 24 25 26 28 29 31 32 33 34 35 36 37 38 40 41 42 43 44 46 47 48 49 50 51 52 53 54 55 56 57 58 
56 0 1 2 3 4 5 6 7 8 9 10 11 12 13 14 15 16 17 18 19 20 21 23 25 26 27 28 29 30 31 32 33 34 35 36 37 38 39 40 41 42 43 44 45 47 48 50 51 52 53 54 55 56 57 58 59 
51 0 1 2 3 4 5 6 7 8 9 10 11 12 13 14 15 17 18 19 20 21 23 24 25 26 28 29 31 32 33 34 35 36 37 38 40 41 42 43 44 46 47 48 49 50 51 53 54 55 57 58 
26 2 4 5 6 9 11 12 15 19 20 21 23 24 25 26 31 32 37 40 42 46 48 49 51 55 58 
15 0 5 6 24 25 31 32 36 37 40 42 44 46 47 49 
24 2 4 5 6 11 12 20 21 23 24 25 26 31 32 37 40 42 44 46 48 49 55 57 58 
