40 15 8e+06
1.80863 109027
1.58099 182600
1.3818 195164
2.46114 126556
1.41624 182206
1.81321 189914
1.719 182879
1.87187 196650
1.43096 148228
1.6574 152101
1.40382 103922
2.9084 174000
1.79845 147758
2.34046 145025
1.86396 141365
2.2323 158215
1.08753 198918
1.56021 186091
2.62405 195730
1.99482 173773
1.29333 169829
1.29378 138090
1.88854 140686
1.53824 176818
1.80057 174917
1.63009 113135
1.9196 134390
2.67852 103426
1.2879 143320
2.55354 159603
2.72563 115187
1.43632 127359
2.09459 115631
1.68498 191462
1.28808 174181
1.2964 194205
1.78148 150152
1.18851 136130
2.72461 198132
1.58767 132071
0.883373 0.00167882 9
0.896568 0.0203861 6
0.886495 0.00384554 8
0.9247 0.234483 3
0.900791 0.0214106 6
0.90728 0.0483327 5
0.881897 0.00164023 9
0.919027 0.111444 4
0.946212 0.514998 2
0.920429 0.112961 4
0.899735 0.0211406 6
0.901069 0.0214833 6
0.877558 0.000692556 10
0.98053 1 1
0.907734 0.0485633 5
0.905177 0.00259962 9
0.971154 0.620128 2
0.899807 0.00110229 10
0.964343 0.580302 2
0.925815 0.0618205 5
0.886133 8.05304e-05 13
0.946695 0.284922 3
0.933673 0.0715048 5
0.934908 0.134462 4
0.960999 0.351928 3
0.923897 0.0311538 6
0.965028 0.583818 2
0.975185 0.649604 2
0.917484 0.0274585 6
0.988568 1 1
0.984444 1 1
0.92913 0.0655014 5
0.990086 1 1
0.931767 0.12869 4
0.977736 0.67102 2
0.964907 0.583191 2
0.940763 0.14749 4
0.865056 7.26239e-08 21
0.939931 0.145435 4
0.887361 0.00017888 12
0.848725 9.29495e-12 0
0.878469 1.36687e-05 15
0.892272 0.000433124 11
0.906416 0.00545695 8
0.90251 0.00503144 8
0.940567 0.266359 3
0.981447 1 1
0.935796 0.136236 4
0.981179 1 1
0.962981 0.573596 2
0.920712 0.0570772 5
0.968392 0.602613 2
0.911187 0.0247007 6
0.959002 0.555997 2
0.937513 0.258665 3
0.896468 0.00449704 8
0.931542 0.128304 4
0.944358 0.277296 3
0.927363 0.121743 4
0.957571 0.550323 2
0.971307 0.621159 2
0.945127 0.159594 4
0.971081 0.619635 2
0.950999 0.301033 3
0.989441 1 1
0.956851 0.328163 3
0.951229 0.301981 3
0.882901 7.27338e-06 16
0.957284 0.33045 3
0.905741 0.00263699 9
0.86631 1.52035e-08 23
0.896331 0.000482408 11
0.90765 0.00277122 9
0.921635 0.0297279 6
0.920575 0.0150485 7
0.875284 1.16587e-06 18
0.895465 0.000471084 11
0.87762 2.77839e-06 17
0.923305 0.0307664 6
0.893825 0.00045087 11
0.89573 0.000474502 11
0.878719 6.30247e-06 16
0.929727 0.0662232 5
0.940098 0.14584 4
0.927273 0.0633754 5
0.910824 0.00603591 8
0.907839 0.00563126 8
0.880348 6.65564e-06 16
0.977194 0.666275 2
0.911096 0.00607559 8
0.982113 1 1
0.946761 0.285149 3
0.973166 0.634217 2
0.938965 0.262209 3
0.98307 1 1
0.939451 0.26344 3
0.964405 0.580617 2
0.870269 4.86109e-06 16
0.934961 0.134567 4
0.894971 0.00206604 9
0.855717 9.9298e-09 23
0.889673 0.000869465 10
0.910752 0.0245351 6
0.899481 0.00474708 8
0.914709 0.0261534 6
0.861004 0.000103002 12
0.910698 0.103812 4
0.859183 9.98543e-05 12
0.928036 0.239747 3
0.882507 0.00803174 7
0.861574 0.00010402 12
0.887412 0.0185762 6
0.995109 1 1
0.918782 0.226473 3
0.970429 1 1
0.974004 1 1
0.958662 0.554617 2
0.916925 0.224254 3
0.933926 0.490274 2
0.943272 0.508071 2
0.869152 0.000268826 11
0.869461 0.000270242 11
0.874221 0.000655713 10
0.896271 0.020319 6
0.882469 0.0036392 8
0.902824 0.0462445 5
0.858143 1.85881e-05 14
0.888378 0.00858821 7
0.921558 0.23004 3
0.88823 0.00857298 7
0.87039 0.000274573 11
0.869545 0.000270627 11
0.848062 2.21241e-07 19
0.947539 0.518378 2
0.87677 0.00151954 9
0.890965 0.00886623 7
0.907734 0.0485633 5
0.893401 0.0197039 6
0.936222 0.255675 3
0.909564 0.102925 4
0.911024 0.104073 4
0.892326 0.0194869 6
0.926578 0.237372 3
0.956363 0.545782 2
0.930726 0.244464 3
0.906666 0.0480262 5
0.91125 0.104255 4
0.888589 0.00861011 7
0.992931 1 1
0.919035 0.111453 4
0.933523 0.131824 4
0.9085 0.0115996 7
0.940253 0.146222 4
0.928106 0.0643074 5
0.941784 0.269691 3
0.971029 0.619286 2
0.907083 0.0113028 7
0.878106 2.96449e-05 14
0.955295 0.320283 3
0.893359 0.000942368 10
0.859271 1.13776e-08 23
0.878261 2.97706e-05 14
0.875468 1.25166e-05 15
0.938352 0.141728 4
0.897233 0.00216458 9
0.978824 0.680878 2
0.929846 0.0663687 5
0.984293 0.737968 2
0.934778 0.134208 4
0.978023 0.673575 2
0.968485 0.603167 2
0.939485 0.144362 4
0.868617 8.34023e-08 21
0.944839 0.158721 4
0.890515 0.000194733 12
0.851943 1.09484e-11 0
0.880906 1.4733e-05 15
0.89288 0.000208288 12
0.911588 0.0123119 7
0.904706 0.00256911 9
0.906313 0.00132208 10
0.952602 0.307811 3
0.904088 0.00123878 10
0.976679 0.661866 2
0.928958 0.0349395 6
0.90227 0.000574745 11
0.930344 0.0361439 6
0.948344 0.170146 4
0.961175 0.353032 3
0.971966 0.62567 2
0.930546 0.0363266 6
0.956265 0.325135 3
0.939264 0.0808218 5
0.952517 0.30744 3
0.971336 0.621353 2
0.929908 0.242982 3
0.985877 1 1
0.922319 0.231075 3
0.955948 0.544273 2
0.946065 0.514634 2
0.898574 0.04451 5
0.980355 1 1
0.900559 0.0452923 5
0.930051 0.243238 3
0.927513 0.238882 3
0.890184 0.00877991 7
0.929958 0.243072 3
0.961432 0.566404 2
0.901315 0.045603 5
0.953761 0.536706 2
0.905809 0.00264156 9
0.911619 0.00615356 8
0.909272 0.0028956 9
0.93928 0.143874 4
0.922764 0.0304215 6
0.929781 0.0662889 5
0.89987 0.000534065 11
0.911844 0.00618757 8
0.96649 0.591665 2
0.92108 0.0152391 7
0.891998 9.61318e-05 13
0.902672 0.00119041 10
0.886809 1.79259e-05 15
0.97979 0.690028 2
0.915306 0.0067619 8
0.878992 1.34005e-06 18
0.885069 7.86886e-06 16
0.883163 3.40843e-06 17
0.912633 0.00631021 8
0.894409 0.000104029 13
0.908192 0.00281169 9
0.872275 4.39276e-08 22
0.904469 0.00125239 10
0.936864 0.0765244 5
0.905468 0.00128933 10
0.885725 8.06346e-06 16
0.886436 1.76937e-05 15
0.864367 1.23751e-09 26
0.96595 0.38647 3
0.893775 0.000101853 13
0.932918 0.0704206 5
0.99379 1 1
0.925969 0.06198 5
0.96419 0.579531 2
0.951093 0.301421 3
0.904388 0.00254898 9
0.979369 0.685991 2
0.905351 0.00261104 9
0.938211 0.141409 4
0.932526 0.0698719 5
0.893798 0.000450553 11
0.932873 0.0703569 5
0.959076 0.340382 3
0.909124 0.00579865 8
0.958043 0.334568 3
0.876963 2.87454e-05 14
0.878729 6.61312e-05 13
0.881734 0.000155638 12
0.905827 0.0110541 7
0.891069 0.000895749 10
0.909077 0.0239239 6
0.867127 1.98171e-06 17
0.895463 0.00208669 9
0.931275 0.12785 4
0.896694 0.00214024 9
0.876945 2.87319e-05 14
0.877875 6.47533e-05 13
0.856944 2.37635e-08 22
0.957193 0.548878 2
0.885824 0.000371354 11
0.908907 0.00576965 8
0.943676 0.155309 4
0.908144 0.00567002 8
0.972443 0.629018 2
0.931129 0.0679943 5
0.911618 0.00615332 8
0.924443 0.0315203 6
0.942027 0.150762 4
0.972348 0.628345 2
0.960026 0.345969 3
0.922551 0.0302877 6
0.942298 0.151486 4
0.925176 0.0320279 6
0.966955 0.594265 2
0.956151 0.324552 3
0.864502 4.82314e-05 13
0.914749 0.107256 4
0.862559 2.03868e-05 14
0.931932 0.246733 3
0.886101 0.00382413 8
0.864344 4.808e-05 13
0.89135 0.00890965 7
0.993639 1 1
0.921843 0.114571 4
0.974722 1 1
0.972133 1 1
0.962111 0.5695 2
0.920644 0.1132 4
0.935421 0.253895 3
0.947426 0.518085 2
0.850372 2.32899e-11 30
0.89519 0.000983135 10
0.849437 2.22546e-11 30
0.914948 0.0262602 6
0.871406 2.25881e-06 17
0.855669 8.27467e-10 26
0.872718 2.35561e-06 17
0.977509 0.669017 2
0.911048 0.0121803 7
0.95254 0.307542 3
0.965495 0.586276 2
0.940047 0.145715 4
0.89917 0.00225684 9
0.933537 0.13185 4
0.925912 0.0619213 5
0.91618 0.0135684 7
0.943818 0.155716 4
0.915993 0.0135121 7
0.973436 0.636198 2
0.938114 0.141191 4
0.920791 0.0292322 6
0.927031 0.0631099 5
0.932714 0.0701344 5
0.982108 0.713553 2
0.950773 0.300114 3
0.913342 0.0127615 7
0.933905 0.0718464 5
0.920826 0.0292528 6
0.968536 0.603473 2
0.950103 0.297438 3
0.882741 0.00166206 9
0.917101 0.109482 4
0.882931 0.00166706 9
0.943526 0.508639 2
0.903808 0.0466799 5
0.892238 0.00901179 7
0.896924 0.020467 6
0.955888 0.544055 2
0.948427 0.520737 2
0.957009 0.548184 2
0.935244 0.253507 3
0.936959 0.257365 3
0.906876 0.0481306 5
0.972556 1 1
0.938532 0.261131 3
0.908466 0.102097 4
0.895595 0.0434177 5
0.914457 0.106992 4
0.919915 0.227892 3
0.919599 0.227491 3
0.945027 0.512116 2
0.889269 0.0189059 6
0.885132 0.00826899 7
0.949402 0.523417 2
0.895063 0.0200536 6
0.865869 0.000254591 11
0.877744 0.00342695 8
0.866809 0.000258529 11
0.951502 0.529543 2
0.892509 0.0195235 6
0.863641 1.79204e-06 17
0.889025 0.00184647 9
0.86545 4.25525e-06 16
0.915841 0.0533822 5
0.882696 0.000758031 10
0.881978 0.000341776 11
0.870757 2.45612e-05 14
0.936602 0.256541 3
0.928502 0.123425 4
0.928429 0.123315 4
0.919088 0.0557647 5
0.909649 0.0241283 6
0.878122 0.000143385 12
0.964358 0.580377 2
0.908714 0.0237968 6
0.941374 0.503974 2
0.924033 0.233501 3
0.946197 0.51496 2
0.943812 0.509288 2
0.954361 0.538719 2
0.965392 1 1
0.921375 0.229795 3
0.889218 0.00867606 7
0.969919 1 1
0.906547 0.0479678 5
0.87049 0.000275051 11
0.892052 0.0194328 6
0.890521 0.00881693 7
0.944871 0.511745 2
0.912135 0.104982 4
0.918636 0.0280475 6
0.93437 0.133419 4
0.919993 0.056486 5
0.962867 0.573048 2
0.938936 0.14307 4
0.930402 0.126404 4
0.920903 0.0572376 5
0.922384 0.0585223 5
0.98767 1 1
0.937868 0.140641 4
0.902708 0.00505139 8
0.920689 0.0570581 5
0.908582 0.0116173 7
0.974033 0.640669 2
0.936688 0.138086 4
0.884479 3.56301e-05 14
0.894984 0.000464988 11
0.887942 8.48685e-05 13
0.923 0.0305707 6
0.901312 0.00114705 10
0.91 0.00591855 8
0.881086 1.48169e-05 15
0.914581 0.0131009 7
0.945917 0.162046 4
0.916616 0.0137021 7
0.895325 0.00046929 11
0.89737 0.00103623 10
0.874924 1.15074e-06 18
0.977835 0.6719 2
0.904798 0.00257503 9
0.87487 0.000297385 11
0.917585 0.109963 4
0.873995 0.000292662 11
0.940349 0.265779 3
0.896438 0.00953832 7
0.879551 0.000716573 10
0.895434 0.00940547 7
0.973222 1 1
0.937147 0.257802 3
0.969032 0.60649 2
0.952137 0.531494 2
0.949969 0.525024 2
0.914398 0.106939 4
0.95538 0.542243 2
0.945102 0.512294 2
0.859335 4.36459e-05 13
0.892509 0.0195235 6
0.860093 0.000101407 12
0.917572 0.225014 3
0.879452 0.00350038 8
0.872686 0.00143586 9
0.872334 0.0014291 9
0.95247 0.532536 2
0.924033 0.233501 3
0.939528 0.500247 2
0.935715 0.493258 2
0.921764 0.230317 3
0.886532 0.00840293 7
0.95572 0.543453 2
0.916647 0.223932 3
0.97223 0.627517 2
0.94428 0.277053 3
0.972155 0.62699 2
0.949927 0.296749 3
0.989426 1 1
0.957512 0.550099 2
0.950775 0.300123 3
0.88191 0.000156283 12
0.956378 0.545839 2
0.904717 0.0108447 7
0.865331 8.34518e-07 18
0.895335 0.00208131 9
0.906813 0.0112483 7
0.920844 0.0571878 5
0.919571 0.0561467 5
0.943818 0.275635 3
0.924229 0.117487 4
0.948805 0.521763 2
0.943102 0.273487 3
0.956187 0.545139 2
0.967712 0.598599 2
0.922408 0.115238 4
0.887336 0.00179276 9
0.968221 0.601591 2
0.905025 0.0225992 6
0.868725 1.04288e-05 15
0.890839 0.00190813 9
0.890278 0.00188861 9
0.942249 0.271006 3
0.911272 0.0504927 5
0.927429 0.121839 4
0.935792 0.254713 3
0.929233 0.124544 4
0.962289 0.570327 2
0.947058 0.286174 3
0.939834 0.264428 3
0.925168 0.118709 4
0.913631 0.0519227 5
0.993027 1 1
0.930614 0.126751 4
0.894348 0.00433803 8
0.914599 0.052547 5
0.906735 0.0231337 6
0.965464 0.586112 2
0.932743 0.248316 3
0.877004 6.33971e-05 13
0.888052 0.000840796 10
0.880549 0.000151418 12
0.915907 0.0534276 5
0.893603 0.00201086 9
0.903264 0.0105842 7
0.873818 2.64897e-05 14
0.912921 0.0253897 6
0.937939 0.259683 3
0.91255 0.0252381 6
0.894192 0.00203423 9
0.893335 0.00200037 9
0.869252 4.7226e-06 16
0.971142 0.620044 2
0.89922 0.00472427 8
0.906321 0.047857 5
0.962064 0.569281 2
0.902767 0.0219431 6
0.976322 1 1
0.928691 0.240854 3
0.895928 0.0094702 7
0.937765 0.259265 3
0.945861 0.51413 2
0.951345 0.529066 2
0.973693 1 1
0.931095 0.245149 3
0.964768 0.582472 2
0.953454 0.535696 2
0.938355 0.260695 3
0.985681 1 1
0.871713 1.12796e-05 15
0.909502 0.0240752 6
0.871622 1.12522e-05 15
0.934041 0.132792 4
0.892768 0.0019786 9
0.880403 0.000150913 12
0.888374 0.000846338 10
0.964563 0.581421 2
0.936068 0.25533 3
0.957369 0.549551 2
0.944592 0.278027 3
0.938442 0.260908 3
0.903866 0.0106902 7
0.961034 0.564629 2
0.934688 0.134033 4
0.914333 0.0259884 6
0.899669 0.00476371 8
0.920379 0.056801 5
0.923313 0.0593689 5
0.925242 0.118807 4
0.950722 0.299907 3
0.89414 0.00203215 9
0.884855 0.000363458 11
0.952873 0.533816 2
0.896128 0.00447071 8
0.865596 1.89487e-06 17
0.879203 6.69176e-05 13
0.869928 4.8139e-06 16
0.95034 0.298376 3
0.89497 0.00206604 9
0.853562 1.19161e-11 0
0.909336 0.00582719 8
0.850637 1.0237e-11 0
0.920354 0.0149666 7
0.874761 5.20166e-07 19
0.848849 9.35266e-12 0
0.885788 1.7301e-05 15
0.982496 0.717727 2
0.905287 0.00260677 9
0.9666 0.592276 2
0.988305 1 1
0.967581 0.597841 2
0.924575 0.0316109 6
0.914913 0.0131954 7
0.943953 0.156107 4
0.89175 0.000201617 12
0.94063 0.147157 4
0.889615 8.92356e-05 13
0.961226 0.353354 3
0.914033 0.0129485 7
0.889278 8.83267e-05 13
0.917401 0.0139495 7
0.96382 0.577682 2
0.948311 0.290638 3
0.98449 0.740277 2
0.945298 0.160116 4
0.964595 0.581583 2
0.935976 0.136603 4
0.950152 0.297633 3
0.968371 0.602483 2
0.969301 1 1
0.914166 0.106732 4
0.978964 1 1
0.920818 0.229058 3
0.961462 0.56654 2
0.980473 1 1
0.923938 0.233363 3
0.857508 1.83497e-05 14
0.935119 0.253237 3
0.877974 0.00154619 9
0.84048 1.38279e-08 22
0.867466 0.000261346 11
0.87783 0.00154294 9
0.905324 0.0473782 5
0.890468 0.0191277 6
34 0 2 4 5 7 8 9 10 11 12 14 15 17 18 19 20 21 22 23 24 25 26 27 28 29 30 31 32 33 34 35 36 38 39 
34 0 2 3 4 5 6 8 9 10 11 12 14 15 17 18 20 21 22 23 24 25 26 27 28 29 30 31 32 33 34 35 36 38 39 
33 0 2 4 5 7 8 9 10 11 12 14 15 17 18 19 20 21 22 23 24 25 26 27 28 29 30 31 32 33 35 36 38 39 
30 0 2 4 5 6 8 9 10 11 14 15 17 18 20 21 22 23 24 25 26 27 28 29 30 31 32 33 35 36 39 
36 0 2 3 4 5 7 8 9 10 11 12 14 15 17 18 19 20 21 22 23 24 25 26 27 28 29 30 31 32 33 34 35 36 37 38 39 
4 8 17 23 36 
40 0 1 2 3 4 5 6 7 8 9 10 11 12 13 14 15 16 17 18 19 20 21 22 23 24 25 26 27 28 29 30 31 32 33 34 35 36 37 38 39 
31 0 2 4 5 7 8 9 10 11 14 15 17 18 19 20 21 22 23 24 25 26 27 28 29 30 31 32 33 35 36 39 
21 0 5 8 9 10 14 15 17 22 23 24 25 26 27 29 31 32 33 35 36 39 
30 0 5 7 8 9 10 12 14 15 17 18 19 20 21 22 23 24 25 26 27 28 29 31 32 33 35 36 37 38 39 
34 0 3 4 5 6 7 8 9 10 12 14 15 17 18 19 20 21 22 23 24 25 26 27 28 29 30 31 32 33 34 35 36 38 39 
39 0 1 2 3 4 5 6 7 8 9 10 11 12 13 14 15 16 17 18 19 20 21 22 23 24 25 26 27 28 29 30 31 32 33 34 35 36 38 39 
40 0 1 2 3 4 5 6 7 8 9 10 11 12 13 14 15 16 17 18 19 20 21 22 23 24 25 26 27 28 29 30 31 32 33 34 35 36 37 38 39 
20 0 2 4 5 8 9 10 11 14 15 17 23 25 27 30 31 32 33 36 39 
38 0 2 3 4 5 6 7 8 9 10 11 12 13 14 15 16 17 18 19 20 21 22 23 24 25 26 27 28 29 30 31 32 33 34 35 36 38 39 
