30 15 8e+06
2.20025 191400
2.0692 143052
1.93205 181029
1.14893 105677
2.43772 158006
1.91161 170379
2.6602 144010
2.16231 136541
1.69265 172028
2.88957 104676
2.58181 168641
2.94175 180249
1.48826 157539
2.29267 141436
1.60008 166544
1.98949 114710
2.67346 127212
2.01232 133291
1.82398 144320
2.05632 147498
1.33291 154925
1.20334 178297
2.73944 128177
2.41972 133178
1.17711 161943
1.89548 117341
2.69559 146769
1.10928 100870
1.73625 158884
2.53557 181513
0.908346 0.00569606 8
0.877911 6.13777e-06 16
0.976245 0.658227 2
0.971599 0.623143 2
0.918443 0.0279469 6
0.940782 0.147537 4
0.97438 0.643315 2
0.969641 0.610279 2
0.97135 0.621444 2
0.917453 0.0139662 7
0.902964 0.00246216 9
0.935684 0.136008 4
0.920735 0.0292003 6
0.952437 0.307094 3
0.943601 0.155095 4
0.939139 0.143544 4
0.898496 0.00222383 9
0.902649 0.00244377 9
0.908104 0.00566495 8
0.955401 0.3208 3
0.895957 0.00100122 10
0.883554 7.49573e-05 13
0.902996 0.00508057 8
0.897225 0.00103254 10
0.894762 0.000973298 10
0.982895 0.722084 2
0.886789 0.000176244 12
0.901817 0.00239636 9
0.898093 0.00220456 9
0.910647 0.0120846 7
0.957512 0.550099 2
0.974334 0.642963 2
0.894058 0.000957543 10
0.896079 0.00211315 9
0.935954 0.136558 4
0.953389 0.311309 3
0.916141 0.026808 6
0.888306 0.000393089 11
0.925351 0.0613468 5
0.976478 0.66017 2
0.908554 0.0116113 7
0.952559 0.307622 3
0.976068 0.656759 2
0.942979 0.273124 3
0.874019 5.43016e-06 16
0.998784 1 1
0.952162 0.531572 2
0.911565 0.0248466 6
0.91536 0.0530535 5
0.974022 0.64058 2
0.94462 0.278117 3
0.916535 0.0538664 5
0.907481 0.0233779 6
0.930123 0.125951 4
0.951709 0.530174 2
0.947515 0.287774 3
0.937027 0.257523 3
0.958546 0.554151 2
0.941013 0.267562 3
0.899351 0.00995224 7
0.913708 0.0257191 6
0.87459 1.22086e-05 15
0.989389 1 1
0.99362 1 1
0.931095 0.127549 4
0.925632 0.0616322 5
0.94604 0.28271 3
0.992458 1 1
0.952362 0.306769 3
0.905788 0.0110465 7
0.924624 0.0606211 5
0.917579 0.0275058 6
0.911149 0.0246862 6
0.936529 0.137751 4
0.974984 0.648019 2
0.902478 0.00243387 9
0.85847 9.37196e-10 26
0.922445 0.0302221 6
0.927378 0.0634911 5
0.925315 0.0613101 5
0.881489 1.50073e-05 15
0.886424 8.12023e-05 13
0.926931 0.0630016 5
0.896894 0.0010242 10
0.870578 4.44825e-07 19
0.946615 0.284648 3
0.872105 4.70382e-07 19
0.877426 6.04201e-06 16
0.88858 8.64911e-05 13
0.947618 0.288142 3
0.906445 0.0230407 6
0.87438 0.0001324 12
0.867662 2.28348e-05 14
0.872954 0.000128602 12
0.917734 0.110112 4
0.860643 3.75906e-06 16
0.847507 7.40605e-09 23
0.868809 5.2694e-05 13
0.860621 3.75703e-06 16
0.862012 3.8911e-06 16
0.942875 0.27282 3
0.852115 1.07067e-07 20
0.868519 5.23721e-05 13
0.861952 3.88517e-06 16
0.879978 0.000721934 10
0.942332 0.271246 3
0.918524 0.0553291 5
0.875387 6.10059e-05 13
0.880302 0.000150565 12
0.941838 0.269844 3
0.889897 0.00187557 9
0.867457 4.49262e-06 16
0.874019 2.66248e-05 14
0.881081 0.000153288 12
0.897363 0.00456821 8
0.949186 0.293894 3
0.882443 0.00034511 11
0.903242 0.0105804 7
0.887904 0.000838265 10
0.876497 6.26306e-05 13
0.948615 0.291756 3
0.90227 0.0104145 7
0.941195 0.268057 3
0.9468 0.285281 3
0.972699 0.630837 2
0.924827 0.11826 4
0.919698 0.0562476 5
0.940815 0.267023 3
0.93332 0.13145 4
0.916026 0.0535097 5
0.975011 0.648232 2
0.914873 0.0527274 5
0.923329 0.0593838 5
0.930139 0.125978 4
0.943175 0.273705 3
0.950474 0.526483 2
0.904992 0.0108957 7
0.949986 0.29698 3
0.955412 0.542357 2
0.972732 0.631074 2
0.934416 0.251735 3
0.93059 0.126712 4
0.948568 0.291584 3
0.944367 0.277323 3
0.923568 0.116653 4
0.964644 0.581835 2
0.924365 0.117661 4
0.930763 0.126996 4
0.940496 0.266168 3
0.946323 0.28366 3
0.930139 0.243396 3
0.884873 0.00824484 7
0.930011 0.243166 3
0.935655 0.493155 2
0.953487 0.535806 2
0.90347 0.0986485 4
0.901517 0.0456869 5
0.931944 0.487164 2
0.914068 0.106644 4
0.894923 0.0431834 5
0.974316 1 1
0.893742 0.0197742 6
0.902093 0.0459298 5
0.909145 0.102606 4
0.94343 0.508425 2
0.980207 1 1
0.93712 0.257738 3
0.909365 0.0494231 5
0.913976 0.0521425 5
0.980561 1 1
0.928145 0.122889 4
0.905461 0.0227322 6
0.906665 0.0231111 6
0.919614 0.11207 4
0.932194 0.24724 3
0.964819 0.582733 2
0.919749 0.112216 4
0.939144 0.262658 3
0.926822 0.120971 4
0.90352 0.0221561 6
0.950554 0.526715 2
0.908811 0.0491253 5
0.95897 0.555866 2
0.963406 0.575648 2
0.966525 0.591863 2
0.94913 0.522659 2
0.946875 0.516664 2
0.955237 0.54174 2
0.961107 0.564953 2
0.934861 0.252682 3
0.949085 0.522535 2
0.939055 0.262434 3
0.941644 0.269299 3
0.956483 0.546223 2
0.944681 0.511296 2
0.974633 0.645268 2
0.92979 0.0662999 5
0.913911 0.012915 7
0.918755 0.0281099 6
0.984836 0.744396 2
0.926543 0.0625848 5
0.906703 0.00549117 8
0.91165 0.0123271 7
0.921006 0.029357 6
0.92817 0.0643813 5
0.972474 0.629236 2
0.917666 0.0275496 6
0.93535 0.135336 4
0.926458 0.0624939 5
0.909835 0.0058955 8
0.904947 0.00126982 10
0.861131 9.21398e-11 29
0.917484 0.0071767 8
0.922593 0.0158396 7
0.92749 0.0337467 6
0.880542 1.42418e-06 18
0.883195 3.41266e-06 17
0.921494 0.0153991 7
0.894222 0.000103379 13
0.870887 1.86678e-08 23
0.951144 0.180663 4
0.871097 1.88513e-08 23
0.877822 5.87407e-07 19
0.887039 1.80713e-05 15
0.94083 0.083899 5
0.979456 1 1
0.945742 0.513839 2
0.924953 0.234861 3
0.928012 0.239708 3
0.969261 1 1
0.963572 1 1
0.935084 0.492185 2
0.919865 0.227828 3
0.948534 0.521025 2
0.965079 1 1
0.939312 0.499826 2
0.955032 0.541023 2
0.972841 1 1
0.960468 0.56215 2
0.907621 0.101477 4
0.965526 0.586439 2
0.918581 0.110979 4
0.93669 0.256742 3
0.941674 0.504603 2
0.988967 1 1
0.937686 0.259076 3
0.925326 0.235425 3
0.934357 0.25161 3
0.939841 0.500862 2
0.931604 0.246106 3
0.970006 1 1
0.927757 0.239283 3
0.939107 0.499429 2
0.941015 0.503231 2
0.930791 0.244585 3
0.87516 1.09826e-07 21
0.834637 4.81961e-12 0
0.944363 0.157302 4
0.945052 0.159365 4
0.895485 0.000107895 13
0.87986 6.39208e-07 19
0.902374 0.000576627 11
0.951803 0.183342 4
0.90591 0.00130628 10
0.861352 9.32446e-11 29
0.901432 0.00055996 11
0.872279 4.39359e-08 22
0.866743 1.39353e-09 26
0.890255 4.29473e-05 14
0.971974 0.625727 2
0.924457 0.0604576 5
0.907043 0.0112947 7
0.940749 0.147455 4
0.939254 0.143815 4
0.923356 0.0594085 5
0.975882 0.655235 2
0.981781 0.710095 2
0.933385 0.131569 4
0.979607 0.688263 2
0.952554 0.307604 3
0.8986 0.00222884 9
0.975353 0.650946 2
0.953132 0.310155 3
0.982621 1 1
0.910009 0.0119359 7
0.883532 0.000353179 11
0.840474 6.26258e-12 0
0.92807 0.122778 4
0.93152 0.128267 4
0.905923 0.0228757 6
0.873664 2.63869e-05 14
0.887003 0.000823204 10
0.934516 0.251946 3
0.894579 0.00435477 8
0.859058 3.03447e-07 19
0.921077 0.057384 5
0.864902 1.85739e-06 17
0.865369 1.88248e-06 17
0.882495 0.000345488 11
0.960149 0.560781 2
0.871847 4.65922e-07 19
0.830828 4.08737e-12 0
0.93697 0.138684 4
0.938119 0.141204 4
0.892679 0.000207073 12
0.873786 1.1048e-06 18
0.894963 0.00046473 11
0.944359 0.15729 4
0.899051 0.00108098 10
0.855953 7.04223e-11 29
0.900867 0.00113346 10
0.866025 3.36264e-08 22
0.8615 2.43402e-09 25
0.883931 3.50407e-05 14
0.966646 0.592532 2
0.911529 0.0248327 6
0.867983 4.55818e-06 16
0.957372 0.549561 2
0.962177 0.569807 2
0.933647 0.132054 4
0.905665 0.0227953 6
0.917579 0.0546198 5
0.96231 0.570423 2
0.926611 0.120675 4
0.890132 0.00188358 9
0.94031 0.265674 3
0.89657 0.00450507 8
0.896523 0.00450135 8
0.914757 0.0526506 5
0.980723 1 1
0.955662 0.322096 3
0.941504 0.149385 4
0.876582 1.22287e-06 18
0.881005 6.80676e-06 16
0.945189 0.159783 4
0.903222 0.00247747 9
0.875969 1.19544e-06 18
0.873969 5.04553e-07 19
0.889224 8.81829e-05 13
0.914599 0.0131062 7
0.939676 0.144817 4
0.896847 0.000489394 11
0.919722 0.0147367 7
0.899137 0.00108335 10
0.872004 2.11801e-07 20
0.905939 0.0476718 5
0.872373 0.000127109 12
0.87074 0.000123072 12
0.876052 0.000304001 11
0.91853 0.110926 4
0.861286 8.70163e-06 15
0.849329 4.24511e-08 21
0.872125 0.000126481 12
0.862362 8.9227e-06 15
0.861765 8.79893e-06 15
0.944868 0.511738 2
0.852617 2.51023e-07 19
0.868368 5.22055e-05 13
0.863025 9.06316e-06 15
0.884035 0.00169677 9
0.925779 0.236119 3
0.882709 0.00166122 9
0.968267 0.601866 2
0.974099 1 1
0.946648 0.516088 2
0.923267 0.116279 4
0.933185 0.249199 3
0.970113 1 1
0.943586 0.508776 2
0.907245 0.0483152 5
0.945236 0.512615 2
0.913952 0.106542 4
0.913649 0.106276 4
0.9324 0.24764 3
0.972268 1 1
0.916594 0.223871 3
0.881245 0.00792363 7
0.880398 0.00785297 7
0.885767 0.00832903 7
0.929855 0.242887 3
0.871903 0.00142089 9
0.859649 0.000100645 12
0.881503 0.00794541 7
0.872885 0.00143972 9
0.872089 0.00142443 9
0.956404 0.545934 2
0.863104 0.000243603 11
0.878816 0.00347263 8
0.873687 0.00145549 9
0.892334 0.0194885 6
0.904206 0.0223551 6
0.872836 5.75337e-05 13
0.978701 1 1
0.973289 0.63512 2
0.915403 0.0530826 5
0.934788 0.252524 3
0.968221 0.601591 2
0.973107 0.633784 2
0.965254 0.585002 2
0.911683 0.0507328 5
0.901525 0.0102916 7
0.929607 0.12513 4
0.915089 0.0528718 5
0.946408 0.283945 3
0.947265 0.286896 3
0.945876 0.514168 2
0.899691 0.0211297 6
0.942637 0.50667 2
0.948301 0.520397 2
0.969853 1 1
0.923463 0.232679 3
0.919627 0.112084 4
0.942558 0.506498 2
0.93304 0.248906 3
0.914075 0.106651 4
0.973532 1 1
0.91352 0.106163 4
0.921332 0.229738 3
0.929127 0.241606 3
0.945725 0.513798 2
0.981354 1 1
0.944157 0.510078 2
0.902423 0.046071 5
0.906833 0.0481092 5
0.972493 1 1
0.926701 0.237567 3
0.901351 0.0456179 5
0.89943 0.0210646 6
0.915211 0.107679 4
0.933679 0.250203 3
0.956861 0.547631 2
0.918993 0.111409 4
0.940172 0.50152 2
0.924055 0.233532 3
0.895501 0.0201485 6
0.958076 0.552289 2
0.923471 0.23269 3
0.894655 0.019966 6
0.899651 0.0449289 5
0.962219 1 1
0.906372 0.10059 4
0.885702 0.0083229 7
0.893148 0.0196523 6
0.899674 0.044938 5
0.910987 0.104043 4
0.967401 1 1
0.898151 0.0443493 5
0.917562 0.225002 3
0.905453 0.0999573 4
0.894688 0.0199731 6
10 1 6 7 11 13 22 23 25 28 29 
17 1 3 5 6 7 8 10 11 13 14 16 22 23 25 27 28 29 
26 1 2 3 4 5 6 7 8 9 10 11 12 13 14 15 16 18 19 21 22 23 24 25 27 28 29 
27 1 2 3 4 5 6 7 8 9 10 11 12 13 14 15 16 17 19 20 21 22 23 24 25 27 28 29 
16 1 5 6 7 8 10 11 13 14 19 22 23 25 27 28 29 
27 1 2 3 4 5 6 7 8 9 10 11 12 13 14 15 16 17 19 20 21 22 23 24 25 27 28 29 
29 0 1 2 3 4 5 6 7 8 9 10 11 12 13 14 15 16 17 19 20 21 22 23 24 25 26 27 28 29 
27 1 2 3 4 5 6 7 8 9 10 11 12 13 14 15 16 17 19 20 21 22 23 24 25 27 28 29 
27 1 2 3 4 5 6 7 8 9 10 11 12 13 14 15 16 17 19 20 21 22 23 24 25 27 28 29 
27 1 2 3 4 5 6 7 8 9 10 11 12 13 14 15 16 17 19 20 21 22 23 24 25 27 28 29 
9 1 6 7 11 22 23 25 28 29 
27 1 2 3 4 5 6 7 8 9 10 11 12 13 14 15 16 17 19 20 21 22 23 24 25 27 28 29 
18 1 2 3 6 7 8 10 11 13 14 15 16 22 23 25 27 28 29 
27 1 2 3 4 5 6 7 8 9 10 11 12 13 14 15 16 17 19 20 21 22 23 24 25 27 28 29 
25 1 2 3 5 6 7 8 9 10 11 12 13 14 15 16 19 20 21 22 23 24 25 27 28 29 
