50 15 8e+06
1.17879 138793
1.82836 140518
1.32564 186184
1.17446 122770
1.47224 174810
1.69419 175856
1.81069 154223
1.03133 126884
1.02006 168056
1.12954 120438
1.14663 110731
2.31792 151525
1.40061 161869
1.56504 125076
1.51513 154900
2.89743 157714
2.93345 132262
1.13326 106984
1.89888 158043
1.5028 173887
2.14881 112232
1.95691 114535
1.73182 122445
1.39439 138389
2.63745 195032
1.32317 115671
1.22735 101604
2.09754 162745
1.74021 140243
2.89273 142611
2.88159 185263
1.02264 177461
1.0705 123390
2.00017 188462
1.04655 131450
1.81355 154971
1.46544 101080
1.33771 154484
1.91112 107061
1.72042 175493
1.03962 193666
2.06078 107966
1.23729 131228
1.71476 187092
1.13666 163733
2.0369 186226
2.32087 154217
2.3429 120211
2.02501 177123
2.94819 174505
0.984323 0.738318 2
0.919142 0.0145316 7
0.910687 0.00301265 9
0.954281 0.31542 3
0.907522 0.00137151 10
0.9268 0.0332144 6
0.937532 0.0776724 5
0.949909 0.17586 4
0.939966 0.0821732 5
0.959253 0.341406 3
0.950956 0.179915 4
0.977554 0.669418 2
0.97459 0.644933 2
0.943866 0.155855 4
0.910525 0.00299879 9
0.961114 0.564981 2
0.9363 0.255852 3
0.937939 0.259684 3
0.948872 0.521948 2
0.909247 0.0493593 5
0.952911 0.533938 2
0.936821 0.257044 3
0.973645 1 1
0.960156 0.560813 2
0.976301 1 1
0.929731 0.242667 3
0.959538 0.558203 2
0.963326 0.575259 2
0.947353 0.517895 2
0.927331 0.238583 3
0.975955 0.655826 2
0.898999 0.000520482 11
0.885811 8.08942e-06 16
0.94433 0.157205 4
0.898699 0.000515956 11
0.902206 0.000573602 11
0.92729 0.0335908 6
0.925314 0.0321254 6
0.917333 0.0139277 7
0.93569 0.0745914 5
0.96211 0.359048 3
0.96922 0.607649 2
0.961004 0.351961 3
0.929901 0.0357502 6
0.891014 4.40835e-05 14
0.914413 0.0524254 5
0.919529 0.111979 4
0.967113 0.595156 2
0.901429 0.010276 7
0.875211 0.000134707 12
0.991182 1 1
0.895176 0.00439864 8
0.966333 0.590801 2
0.969081 0.606794 2
0.935269 0.253562 3
0.891888 0.00416874 8
0.916979 0.0541831 5
0.91094 0.0503011 5
0.935711 0.254533 3
0.913273 0.0516978 5
0.900751 0.00486195 8
0.873025 1.16888e-05 15
0.916975 0.0541801 5
0.86717 1.98425e-06 17
0.834654 4.82316e-12 0
0.944775 0.278605 3
0.857362 2.41241e-08 22
0.937928 0.259656 3
0.951725 0.304047 3
0.896604 0.00450774 8
0.892017 0.00195053 9
0.906749 0.0112354 7
0.881274 0.000153977 12
0.94298 0.273127 3
0.866431 1.94149e-06 17
0.91122 0.0504626 5
0.985121 1 1
0.931383 0.245689 3
0.956534 0.546414 2
0.958368 0.553445 2
0.917478 0.109855 4
0.966477 0.591596 2
0.921976 0.114727 4
0.908861 0.0491521 5
0.9609 0.564037 2
0.880204 0.0015982 9
0.906201 0.0477987 5
0.944381 0.510596 2
0.889086 0.00866214 7
0.979898 1 1
0.938643 0.0796622 5
0.939931 0.145435 4
0.9609 0.35131 3
0.931493 0.0684715 5
0.90072 0.000547896 11
0.975656 0.653387 2
0.923821 0.0311032 6
0.982544 0.718247 2
0.970184 0.613744 2
0.966057 0.387303 3
0.910504 0.00299699 9
0.939003 0.0803306 5
0.941363 0.149019 4
0.942193 0.151204 4
0.93179 0.0688682 5
0.941164 0.267972 3
0.916583 0.0538997 5
0.946025 0.282661 3
0.915435 0.0531044 5
0.880403 0.000330904 11
0.976902 1 1
0.905118 0.0226276 6
0.99024 1 1
0.994798 1 1
0.946336 0.283704 3
0.919544 0.111995 4
0.944683 0.278314 3
0.929395 0.124797 4
0.962431 0.57099 2
0.90863 0.0237676 6
0.931813 0.0688991 5
0.899312 0.00108824 10
0.934287 0.0724141 5
0.898798 0.000517443 11
0.863375 2.65073e-09 25
0.967113 0.595156 2
0.887978 3.97995e-05 14
0.971222 0.620584 2
0.985702 0.754957 2
0.928145 0.0643517 5
0.916898 0.0137897 7
0.937115 0.138996 4
0.913698 0.00648314 8
0.967809 0.599167 2
0.891709 9.5248e-05 13
0.896218 0.0021192 9
0.948486 0.291282 3
0.894931 0.0020644 9
0.953054 0.309809 3
0.997004 1 1
0.883442 0.000162101 12
0.97063 0.616645 2
0.891621 0.000906583 10
0.878502 2.99675e-05 14
0.932891 0.130671 4
0.868456 2.06204e-06 17
0.889625 0.000405628 11
0.933477 0.13174 4
0.864767 3.63864e-07 19
0.948723 0.292159 3
0.956859 0.547622 2
0.86754 5.13093e-05 13
0.864321 2.11824e-05 14
0.908177 0.048792 5
0.864156 9.31085e-06 15
0.886682 0.00385576 8
0.89171 0.00415706 8
0.909482 0.0494865 5
0.90667 0.0480285 5
0.905244 0.0226659 6
0.985357 1 1
0.957919 0.551674 2
0.925277 0.118853 4
0.931784 0.246449 3
0.859499 3.65394e-06 16
0.922135 0.230822 3
0.942279 0.505892 2
0.897537 0.0441192 5
0.980064 1 1
0.967038 1 1
0.893992 0.0198263 6
0.989306 1 1
0.907365 0.101293 4
0.894184 0.0198664 6
0.948171 0.520048 2
0.895054 0.0200516 6
0.914888 0.107383 4
0.959947 0.559923 2
0.885608 0.00831395 7
0.937882 0.497118 2
0.954187 0.53813 2
0.92866 0.240802 3
0.90061 0.045313 5
0.981138 1 1
0.934012 0.25089 3
0.907108 0.101109 4
0.96376 1 1
0.92614 0.236682 3
0.913991 0.106577 4
0.957414 0.549721 2
0.927195 0.238363 3
0.946339 0.515314 2
0.987183 1 1
0.912518 0.105303 4
0.921337 0.229745 3
0.929541 0.125026 4
0.913894 0.0257986 6
0.951345 0.302458 3
0.9067 0.0112256 7
0.87451 2.69605e-05 14
0.984737 1 1
0.897663 0.00459269 8
0.980041 1 1
0.988465 1 1
0.938914 0.262079 3
0.908986 0.0238921 6
0.933145 0.13113 4
0.919372 0.0559881 5
0.954721 0.539947 2
0.906525 0.0111907 7
0.962135 0.359214 3
0.938637 0.0796519 5
0.919555 0.0146771 7
0.973617 0.637543 2
0.927541 0.033787 6
0.927793 0.0339862 6
0.95794 0.334001 3
0.946869 0.165119 4
0.934012 0.0720042 5
0.976201 0.657863 2
0.929862 0.035716 6
0.955831 0.322939 3
0.990394 1 1
0.928076 0.034213 6
0.930106 0.0666912 5
0.908212 0.00281323 9
0.983536 0.72925 2
0.928371 0.0646119 5
0.955149 0.31957 3
0.96146 0.35484 3
0.913851 0.00650867 8
0.966545 0.591973 2
0.918188 0.0142067 7
0.905127 0.00259631 9
0.957169 0.329842 3
0.877397 1.26075e-06 18
0.903071 0.00120371 10
0.941945 0.150544 4
0.885534 1.71505e-05 15
0.980245 0.694461 2
0.925315 0.118904 4
0.876383 0.000138086 12
0.909474 0.0240652 6
0.882233 0.000751627 10
0.844308 2.22523e-10 27
0.941335 0.268443 3
0.869874 2.40471e-05 14
0.948059 0.519749 2
0.960862 0.563868 2
0.907578 0.02341 6
0.920979 0.113578 4
0.932379 0.247599 3
0.898881 0.0098824 7
0.971779 0.624374 2
0.868724 2.34039e-05 14
0.967208 0.595696 2
0.924406 0.117714 4
0.932116 0.247088 3
0.939504 0.263576 3
0.89826 0.00979199 7
0.953066 0.534436 2
0.926222 0.120133 4
0.977405 1 1
0.966788 0.593323 2
0.963712 0.577145 2
0.938409 0.260828 3
0.967996 0.600263 2
0.956324 0.545639 2
0.959577 0.558367 2
0.915578 0.0532014 5
0.897737 0.0206554 6
0.95399 0.537468 2
0.89995 0.021195 6
0.954077 0.537761 2
0.991863 1 1
0.887801 0.00391842 8
0.971804 1 1
0.895351 0.00939459 7
0.88221 0.00164825 9
0.936578 0.256485 3
0.869353 0.000119817 12
0.891325 0.00890675 7
0.934913 0.252794 3
0.867506 5.12737e-05 13
0.954258 0.538371 2
0.930424 0.12644 4
0.973047 0.633348 2
0.941839 0.269846 3
0.962955 0.573468 2
0.941569 0.26909 3
0.935335 0.135307 4
0.962581 0.571695 2
0.943101 0.273483 3
0.929424 0.124842 4
0.98334 1 1
0.898497 0.00222387 9
0.926029 0.0620434 5
0.959137 0.556547 2
0.910168 0.0119726 7
0.96385 0.577827 2
0.931112 0.24518 3
0.934435 0.491106 2
0.894568 0.0430615 5
0.984301 1 1
0.95497 0.54081 2
0.894567 0.0430614 5
0.980117 1 1
0.910183 0.103406 4
0.897329 0.0440422 5
0.948568 0.521118 2
0.905186 0.099777 4
0.923528 0.232772 3
0.967562 1 1
0.891867 0.0193965 6
0.929034 0.241445 3
0.914319 0.0130278 7
0.960857 0.351041 3
0.978235 0.675486 2
0.927774 0.0339715 6
0.911662 0.00616002 8
0.959925 0.345361 3
0.927038 0.0333963 6
0.952376 0.306828 3
0.942566 0.152211 4
0.959607 0.343479 3
0.884725 1.66856e-05 15
0.913031 0.00637383 8
0.929424 0.0658545 5
0.913052 0.0063771 8
0.954763 0.317707 3
0.988998 1 1
0.909758 0.0496373 5
0.910943 0.0503029 5
0.938633 0.26138 3
0.893188 0.0091244 7
0.932318 0.24748 3
0.922589 0.115455 4
0.956638 0.546797 2
0.949798 0.524536 2
0.950311 0.52601 2
0.959345 0.557403 2
0.990101 1 1
0.958461 0.553813 2
0.959661 0.558718 2
0.901044 0.0214767 6
0.98173 0.709558 2
0.92039 0.0290033 6
0.918619 0.0143516 7
0.947655 0.167757 4
0.902606 0.00118825 10
0.937093 0.138947 4
0.932084 0.0692654 5
0.9609 0.35131 3
0.951235 0.302004 3
0.961423 0.354603 3
0.949005 0.293212 3
0.979092 0.683377 2
0.96706 0.594855 2
0.953145 0.310211 3
0.911581 0.00614786 8
0.900159 0.00230701 9
0.992481 1 1
0.945274 0.280201 3
0.937093 0.138949 4
0.941171 0.148527 4
0.924046 0.0600602 5
0.945248 0.280116 3
0.92219 0.0300645 6
0.910385 0.0120232 7
0.952101 0.305643 3
0.869281 4.24644e-07 19
0.896368 0.00101117 10
0.928446 0.0646983 5
0.885845 7.98737e-05 13
0.992251 1 1
0.955347 0.542127 2
0.938412 0.260834 3
0.944016 0.276239 3
0.945076 0.279563 3
0.90781 0.0234877 6
0.958866 0.555441 2
0.934304 0.251499 3
0.978048 1 1
0.963867 0.577913 2
0.975935 1 1
0.924816 0.118246 4
0.954409 0.53888 2
0.958027 0.552098 2
0.94678 0.285214 3
0.929518 0.12499 4
0.921234 0.113867 4
0.967146 0.595347 2
0.919777 0.112246 4
0.973662 1 1
0.964982 0.583581 2
0.911827 0.0508181 5
0.984544 1 1
0.921209 0.113838 4
0.907649 0.0485201 5
0.96383 0.577731 2
0.890787 0.00409771 8
0.915212 0.0529543 5
0.957936 0.551742 2
0.892632 0.00421832 8
0.96167 0.567479 2
0.934386 0.0725636 5
0.90685 0.00134367 10
0.941052 0.148222 4
0.904951 0.00126998 10
0.870167 1.80573e-08 23
0.973997 0.640395 2
0.894564 0.000104571 13
0.978688 0.679622 2
0.993197 1 1
0.935289 0.0739553 5
0.916487 0.00698117 8
0.93895 0.080232 5
0.919252 0.0145701 7
0.964734 0.377288 3
0.899192 0.000253457 12
0.977973 1 1
0.899499 0.00997434 7
0.908078 0.0487407 5
0.924376 0.117675 4
0.87998 0.000721964 10
0.933512 0.249861 3
0.908811 0.0491257 5
0.957099 0.548523 2
0.954628 0.53963 2
0.939131 0.262626 3
0.962786 0.572663 2
0.985545 1 1
0.94381 0.27561 3
0.973332 1 1
0.890861 0.0041024 8
0.955635 0.32196 3
0.92817 0.0342892 6
0.942662 0.152473 4
0.934306 0.0724438 5
0.89655 0.000485354 11
0.964544 0.375895 3
0.922939 0.0305322 6
0.988358 1 1
0.975157 0.649388 2
0.963837 0.370816 3
0.928227 0.0343354 6
0.95691 0.328475 3
0.948846 0.171933 4
0.957486 0.331533 3
0.919525 0.0146663 7
0.888758 0.000853049 10
0.932897 0.130681 4
0.984724 1 1
0.895012 0.00438648 8
0.882896 0.000348424 11
0.956245 0.54535 2
0.894803 0.00205912 9
0.935487 0.25404 3
0.932445 0.129873 4
0.926531 0.120564 4
0.862612 7.68127e-07 18
0.889206 0.00086101 10
0.897649 0.00459155 8
0.899899 0.00478423 8
0.930193 0.126066 4
0.95849 0.553929 2
0.89169 0.00415572 8
0.910276 0.0499251 5
0.908928 0.0491878 5
0.866736 9.91759e-06 15
0.939765 0.264247 3
0.894529 0.0043511 8
0.959601 0.558466 2
0.963624 0.576714 2
0.92892 0.124061 4
0.950884 0.52769 2
0.966014 0.589057 2
0.927427 0.121836 4
0.993116 1 1
0.883268 0.000766091 10
0.964958 0.583455 2
0.878916 0.000708743 10
0.87061 5.47698e-05 13
0.922571 0.115433 4
0.878393 0.000317939 11
0.890389 0.0040727 8
0.906007 0.0229021 6
0.913623 0.0519177 5
0.908514 0.0489684 5
0.915986 0.108404 4
0.97697 1 1
0.962827 0.572856 2
0.93895 0.262171 3
0.928848 0.241124 3
0.870967 5.51979e-05 13
0.891664 0.00415401 8
0.857255 6.58046e-07 18
0.899928 0.0100396 7
0.854156 1.13934e-07 20
0.82061 2.67276e-12 0
0.927451 0.121871 4
0.843697 1.18854e-09 25
0.922935 0.115874 4
0.936738 0.256852 3
0.881981 0.000748192 10
0.887612 0.00180131 9
0.898251 0.00979067 7
0.868983 2.35466e-05 14
0.935998 0.255172 3
0.85064 4.42285e-08 21
0.92541 0.11903 4
0.97818 1 1
0.941261 0.26824 3
0.961172 0.56524 2
0.944932 0.279103 3
0.932221 0.247292 3
0.963382 0.57553 2
0.938607 0.261316 3
0.925119 0.118644 4
0.977849 1 1
0.893667 0.00428964 8
0.920936 0.113529 4
0.955148 0.541429 2
0.905255 0.0226691 6
0.969051 0.606608 2
0.921334 0.029549 6
0.982641 0.719307 2
0.944543 0.157835 4
0.956164 0.324619 3
0.943507 0.154826 4
0.933133 0.0707261 5
0.959441 0.342503 3
0.937618 0.140089 4
0.924413 0.0604148 5
0.974199 0.641929 2
0.889714 0.000190479 12
0.917141 0.0272889 6
0.950093 0.297398 3
0.903116 0.0024712 9
0.97326 0.634909 2
0.9739 1 1
0.89888 0.020929 6
0.884745 0.00375263 8
0.944985 0.512015 2
0.899602 0.0211074 6
0.900718 0.0213917 6
0.928025 0.239729 3
0.923711 0.233035 3
0.915574 0.108016 4
0.935128 0.253256 3
0.96049 0.562249 2
0.967087 1 1
0.961133 0.565065 2
0.92784 0.239421 3
0.890964 0.00886615 7
0.913799 0.0065001 8
0.911256 0.00609926 8
0.958216 0.335522 3
0.896013 0.000228876 12
0.868138 7.40104e-09 24
0.985458 0.751937 2
0.888866 4.09826e-05 14
0.96487 0.378289 3
0.971584 0.623037 2
0.929253 0.035189 6
0.893436 0.000100721 13
0.91714 0.013866 7
0.906725 0.00270463 9
0.939915 0.145395 4
0.904883 0.00126747 10
0.90364 0.0051472 8
0.864848 7.20555e-08 21
0.904879 0.00528075 8
0.864453 7.0991e-08 21
0.829448 3.85416e-12 0
0.934448 0.133568 4
0.853385 1.42316e-10 28
0.933053 0.130962 4
0.946954 0.285813 3
0.89172 0.000427118 11
0.899424 0.0022695 9
0.910369 0.0120193 7
0.879867 3.11251e-05 14
0.948672 0.291966 3
0.857857 2.07501e-09 25
0.963067 0.574005 2
0.891997 0.000203042 12
0.908004 0.00565211 8
0.911652 0.0123278 7
0.868741 1.86782e-07 20
0.936643 0.137991 4
0.896851 0.00102312 10
0.957629 0.332305 3
0.960085 0.346323 3
0.929997 0.0665558 5
0.955786 0.322711 3
0.97082 0.617899 2
0.930483 0.0671645 5
0.98799 1 1
0.88351 3.45993e-05 14
0.915229 0.107696 4
0.878444 0.000703039 10
0.917348 0.109726 4
0.877836 0.000695807 10
0.84267 1.14501e-09 25
0.948301 0.520397 2
0.866849 2.24139e-05 14
0.947931 0.51941 2
0.962068 0.569302 2
0.90591 0.0476575 5
0.907309 0.0483472 5
0.9216 0.114288 4
0.893117 0.00911575 7
0.95905 0.556191 2
0.871247 0.000124301 12
0.976078 0.656846 2
0.927201 0.121512 4
0.916846 0.0540873 5
0.960156 0.560813 2
0.913875 0.0520777 5
0.930733 0.126947 4
0.943951 0.276042 3
0.952801 0.533584 2
0.941441 0.268736 3
0.967569 0.59777 2
0.94276 0.272483 3
0.970143 0.61348 2
0.980023 1 1
0.940534 0.26627 3
0.918503 0.0553131 5
0.965842 0.588132 2
0.90712 0.00554176 8
0.887088 8.27726e-05 13
0.956689 0.327321 3
0.911809 0.0123666 7
0.899643 0.00228054 9
0.939981 0.145554 4
0.92159 0.029701 6
0.911819 0.0123692 7
0.940729 0.147406 4
0.947045 0.286126 3
0.957972 0.334175 3
0.970026 0.612729 2
0.919436 0.0284743 6
0.89952 0.00227435 9
0.961407 0.566292 2
0.91443 0.0260306 6
0.930885 0.127198 4
0.92619 0.0622113 5
0.885857 0.000172091 12
0.957384 0.330985 3
0.913171 0.0127162 7
0.981631 0.708524 2
0.977072 0.665224 2
0.951376 0.302586 3
0.938706 0.142536 4
0.965224 0.584842 2
0.943103 0.273491 3
0.971849 0.624862 2
0.905845 0.00539014 8
0.88859 0.003964 8
0.951644 0.529973 2
0.976382 1 1
0.906041 0.0477208 5
0.900747 0.0213992 6
0.943595 0.508796 2
0.908912 0.0491793 5
0.928808 0.241055 3
0.921943 0.114687 4
0.933932 0.250723 3
0.860083 3.707e-06 16
0.887524 0.00390266 8
0.904773 0.0225233 6
0.890873 0.00410318 8
0.9506 0.526852 2
0.94654 0.164041 4
0.955644 0.322004 3
0.931167 0.068043 5
0.974025 0.640602 2
0.937029 0.0768043 5
0.932907 0.0704058 5
0.965065 0.379737 3
0.947102 0.16589 4
0.933219 0.0708479 5
0.989337 1 1
0.914224 0.00657197 8
0.941308 0.148879 4
0.976632 0.661467 2
0.919912 0.0148048 7
0.946868 0.165116 4
0.9771 0.665464 2
0.884867 0.000363553 11
0.882964 0.000348924 11
0.922682 0.0587897 5
0.877144 6.36119e-05 13
0.905219 0.0109382 7
0.905854 0.0110593 7
0.928674 0.123686 4
0.924821 0.118253 4
0.923838 0.116991 4
0.987479 1 1
0.978573 1 1
0.941385 0.268581 3
0.946861 0.285491 3
0.876546 6.27041e-05 13
0.952641 0.533075 2
0.877639 0.000141878 12
0.895355 0.00441196 8
0.898515 0.00982888 7
0.855569 5.18821e-08 21
0.924929 0.118394 4
0.883489 0.000769256 10
0.943651 0.275128 3
0.948601 0.291703 3
0.915109 0.0528852 5
0.957117 0.548594 2
0.960762 0.563431 2
0.917406 0.0544923 5
0.982783 1 1
0.869293 1.05824e-05 15
0.952214 0.30613 3
0.934632 0.0729368 5
0.947237 0.166341 4
0.937849 0.07823 5
0.901636 0.00115714 10
0.965512 0.383109 3
0.927448 0.0337143 6
0.985505 0.752518 2
0.971076 0.6196 2
0.969391 0.608712 2
0.923412 0.0308356 6
0.952508 0.307404 3
0.950876 0.300533 3
0.950821 0.300311 3
0.925951 0.032583 6
0.897647 0.00970475 7
0.871691 5.60832e-05 13
0.916537 0.0538673 5
0.864813 9.45979e-06 15
0.832853 4.4593e-12 0
0.943472 0.274588 3
0.855245 2.70757e-07 19
0.935497 0.254062 3
0.949135 0.522673 2
0.894456 0.00928038 7
0.888769 0.00183811 9
0.903573 0.0221712 6
0.878676 0.000319707 11
0.939562 0.263724 3
0.865232 9.5567e-06 15
14 4 8 10 16 28 31 32 33 38 39 40 46 47 49 
42 0 1 2 3 4 6 7 8 10 12 13 14 16 17 19 21 22 23 25 27 28 29 30 31 32 33 34 35 36 37 38 39 40 41 42 43 44 45 46 47 48 49 
27 3 4 6 7 8 10 13 16 17 22 23 27 28 29 30 31 32 33 37 38 39 40 43 46 47 48 49 
36 0 1 2 3 4 6 7 8 10 12 13 14 16 17 22 23 25 27 28 29 31 32 33 36 37 38 39 40 41 42 43 45 46 47 48 49 
46 0 1 2 3 5 6 7 8 9 10 11 12 13 14 15 16 17 18 19 20 21 22 23 24 25 26 27 28 29 30 31 32 34 35 36 37 39 40 41 42 43 44 45 46 47 48 
30 0 1 2 4 7 8 10 13 16 17 22 23 27 28 29 31 32 33 36 37 38 39 40 41 42 43 46 47 48 49 
46 0 1 2 3 4 5 6 7 8 10 12 13 14 15 16 17 19 21 22 23 24 25 26 27 28 29 30 31 32 33 34 35 36 37 38 39 40 41 42 43 44 45 46 47 48 49 
20 4 7 8 10 13 16 22 27 28 31 32 33 37 38 39 40 43 46 47 49 
17 4 8 10 16 22 27 28 31 32 33 38 39 40 43 46 47 49 
33 0 1 3 4 6 7 8 10 13 16 17 21 22 23 25 27 28 29 30 31 32 33 37 38 39 40 41 43 44 46 47 48 49 
8 4 10 16 33 38 40 47 49 
17 4 8 10 13 16 27 28 31 32 33 37 38 39 40 46 47 49 
34 0 1 2 3 4 6 7 8 10 13 14 16 17 22 23 25 27 28 29 31 32 33 36 37 38 39 40 41 42 43 46 47 48 49 
8 4 10 16 33 38 40 47 49 
43 0 1 2 3 4 6 7 8 10 12 13 14 16 17 19 21 22 23 24 25 27 28 29 30 31 32 33 34 35 36 37 38 39 40 41 42 43 44 45 46 47 48 49 
