60 15 8e+06
1.56894 118156
1.54007 132611
2.24815 157943
1.66592 198829
2.48272 143990
2.37747 198746
1.35861 176806
1.35425 147029
2.62673 111196
2.53633 193308
1.81425 180380
1.20569 147582
1.89242 184288
1.25867 130337
1.77266 186777
2.15939 173480
1.79077 195410
2.15014 134511
1.97869 139364
2.72984 180225
1.79801 161624
1.05378 140915
2.54196 138260
2.19201 144145
1.69205 114108
1.87788 102301
1.17535 166367
1.99134 178507
1.64551 171973
1.04497 160243
2.61868 181666
2.15226 161342
1.05209 150473
1.51403 179922
1.56899 133956
1.73683 182722
1.90921 156348
1.26892 138175
1.83621 179443
1.65554 156253
1.10566 118528
1.16633 183035
1.62863 130385
2.52032 102249
2.86009 171472
1.7153 156610
2.96003 184295
1.61803 199970
2.43915 150408
1.90837 181845
1.02644 146814
1.95185 151674
1.76813 183588
1.89761 102993
1.13413 154086
1.04848 180653
1.02385 188677
2.28128 162458
1.25151 152893
1.73974 198799
0.907016 0.0482002 5
0.946786 0.516439 2
0.946145 0.51483 2
0.938174 0.260252 3
0.95797 0.551874 2
0.954553 0.539371 2
0.929362 0.242016 3
0.9199 0.11238 4
0.908554 0.0489895 5
0.931298 0.245528 3
0.952485 0.532584 2
0.9209 0.113488 4
0.992651 1 1
0.900948 0.0214518 6
0.921057 0.113666 4
0.951392 0.529208 2
0.98285 1 1
0.965936 0.588637 2
0.984929 1 1
0.960847 0.563804 2
0.966679 0.592713 2
0.952512 0.532669 2
0.943499 0.27467 3
0.954029 0.537601 2
0.950419 0.526322 2
0.951619 0.529898 2
0.922805 0.115715 4
0.943635 0.275081 3
0.929399 0.242082 3
0.951249 0.528777 2
0.879959 0.00352286 8
0.931451 0.245815 3
0.940281 0.501738 2
0.921249 0.229628 3
0.923433 0.232636 3
0.947325 0.517822 2
0.896609 0.0203952 6
0.887218 0.00847057 7
0.897613 0.0206265 6
0.933037 0.2489 3
0.917461 0.109838 4
0.88702 0.00845088 7
0.9579 0.551601 2
0.90357 0.0465734 5
0.918765 0.11117 4
0.965658 0.587145 2
0.963621 0.576701 2
0.947058 0.286174 3
0.967878 0.599565 2
0.968313 0.602138 2
0.948412 0.291006 3
0.970567 0.616231 2
0.962 0.568986 2
0.942971 0.2731 3
0.93194 0.128989 4
0.961347 0.56602 2
0.937714 0.259142 3
0.938498 0.261047 3
0.913332 0.0255606 6
0.934032 0.132776 4
0.892438 0.00420527 8
0.909703 0.0241478 6
0.904675 0.0224939 6
0.903964 0.0222843 6
0.948284 0.520351 2
0.912335 0.0511214 5
0.925714 0.11944 4
0.91963 0.112088 4
0.874361 5.95678e-05 13
0.889313 0.00185599 9
0.952273 0.531917 2
0.93885 0.261921 3
0.960716 0.563228 2
0.861017 1.66663e-06 17
0.881123 0.000335795 11
0.945392 0.280582 3
0.914111 0.0522292 5
0.899478 0.00997127 7
0.916741 0.0540125 5
0.954289 0.538474 2
0.90284 0.0105111 7
0.975807 1 1
0.982553 1 1
0.894958 0.00438248 8
0.88392 0.000775493 10
0.960762 0.563429 2
0.979848 1 1
0.918909 0.0556257 5
0.865016 1.86344e-06 17
0.884686 0.000786825 10
0.992489 1 1
0.941529 0.268979 3
0.925154 0.118691 4
0.949257 0.294166 3
0.947297 0.287008 3
0.924665 0.118049 4
0.967985 0.600196 2
0.966892 0.593906 2
0.936953 0.257351 3
0.912832 0.0253532 6
0.944136 0.27661 3
0.934198 0.133092 4
0.913486 0.0518312 5
0.901242 0.0102457 7
0.918789 0.0555324 5
0.89046 0.00189488 9
0.942523 0.271795 3
0.950575 0.299315 3
0.932235 0.129503 4
0.93276 0.130434 4
0.958082 0.552314 2
0.906245 0.0229769 6
0.896673 0.00451312 8
0.907614 0.0234221 6
0.941576 0.26911 3
0.926084 0.119944 4
0.894517 0.00435022 8
0.96473 0.582276 2
0.911078 0.0246587 6
0.927756 0.122316 4
0.923652 0.0309919 6
0.917736 0.0275848 6
0.906423 0.00545783 8
0.916235 0.0135852 7
0.967448 0.59707 2
0.912133 0.0124479 7
0.960741 0.350326 3
0.957465 0.331419 3
0.888624 0.000184947 12
0.88982 0.000191033 12
0.977335 0.667499 2
0.979634 0.688518 2
0.944001 0.156245 4
0.865523 3.29471e-08 22
0.886356 8.10448e-05 13
0.923977 0.0599951 5
0.905007 0.005295 8
0.892331 0.000433776 11
0.905264 0.00532381 8
0.952405 0.306955 3
0.897184 0.0010315 10
0.95909 0.340467 3
0.96097 0.564345 2
0.880265 1.44409e-05 15
0.876139 5.79901e-06 16
0.961861 0.568349 2
0.995012 1 1
0.924776 0.0607708 5
0.854112 1.47234e-10 28
0.874373 2.48681e-06 17
0.892009 0.00417668 8
0.880408 0.000727418 10
0.870111 5.41804e-05 13
0.878883 0.000321016 11
0.92809 0.122808 4
0.876012 0.000136999 12
0.92662 0.120688 4
0.92767 0.12219 4
0.852741 4.72914e-08 21
0.854184 1.14031e-07 20
0.937502 0.258637 3
0.96055 0.562507 2
0.913365 0.0517549 5
0.830305 3.99711e-12 0
0.850315 1.88986e-08 22
0.888219 1.88475e-05 15
0.937979 0.0784604 5
0.951021 0.180171 4
0.935132 0.0737098 5
0.890867 4.38596e-05 14
0.94432 0.157178 4
0.878805 6.11609e-07 19
0.870799 1.85924e-08 23
0.943618 0.155144 4
0.968758 0.604819 2
0.881791 3.23408e-06 17
0.852309 1.11583e-11 0
0.897664 0.00024113 12
0.980431 0.696306 2
0.968423 0.602798 2
0.93926 0.262954 3
0.989454 1 1
0.979196 1 1
0.99231 1 1
0.94086 0.502913 2
0.974254 1 1
0.932361 0.247563 3
0.92404 0.233511 3
0.969823 1 1
0.9687 1 1
0.931521 0.245948 3
0.902678 0.0219184 6
0.932342 0.247526 3
0.950121 0.52546 2
0.972331 1 1
0.907083 0.101091 4
0.895558 0.0434046 5
0.884593 0.00821882 7
0.89431 0.0198928 6
0.944059 0.509851 2
0.890316 0.0190991 6
0.942748 0.506911 2
0.943055 0.507587 2
0.86789 0.000595309 10
0.868386 0.000599658 10
0.953728 0.536599 2
0.976051 1 1
0.925279 0.235354 3
0.844617 2.01785e-07 19
0.864937 0.000250792 11
0.903353 0.00248536 9
0.959867 0.345014 3
0.975232 0.649981 2
0.954389 0.315927 3
0.913442 0.0127882 7
0.969061 0.606672 2
0.898848 0.00107539 10
0.890163 0.000192844 12
0.950619 0.299491 3
0.992585 1 1
0.904173 0.00253551 9
0.873349 1.08787e-06 18
0.921135 0.0294323 6
0.968698 0.604453 2
0.979956 0.691635 2
0.892937 9.90871e-05 13
0.94029 0.0828116 5
0.951846 0.183518 4
0.938551 0.0794943 5
0.892357 4.62136e-05 14
0.944475 0.157634 4
0.881745 1.49484e-06 18
0.873977 1.04269e-07 21
0.949857 0.175663 4
0.969142 0.607167 2
0.883267 3.42214e-06 17
0.854314 1.24016e-11 0
0.896713 0.000233946 12
0.98798 0.784685 2
0.972543 0.629726 2
0.939753 0.145003 4
0.966912 0.594019 2
0.960941 0.351566 3
0.974557 0.644681 2
0.923477 0.0308781 6
0.953926 0.313764 3
0.921682 0.0297563 6
0.915102 0.0132495 7
0.992418 1 1
0.959833 0.344814 3
0.914872 0.0131836 7
0.889694 0.000190375 12
0.91119 0.0122148 7
0.958248 0.335699 3
0.97274 0.631134 2
0.932567 0.247968 3
0.96387 0.577931 2
0.961241 0.56555 2
0.969762 1 1
0.918112 0.110495 4
0.953477 0.53577 2
0.915018 0.107502 4
0.908297 0.0488549 5
0.991711 1 1
0.963487 0.576042 2
0.909356 0.102766 4
0.883554 0.00369229 8
0.908343 0.0488786 5
0.965579 1 1
0.977985 1 1
0.973433 0.636182 2
0.941746 0.269585 3
0.925561 0.119234 4
0.946581 0.284534 3
0.963479 0.576001 2
0.927175 0.121474 4
0.987176 1 1
0.982813 1 1
0.926403 0.120384 4
0.910871 0.0502617 5
0.962002 0.568997 2
0.951775 0.530373 2
0.926628 0.120699 4
0.894207 0.00432792 8
0.913738 0.0519909 5
0.939194 0.143673 4
0.948577 0.170969 4
0.936778 0.0763789 5
0.946306 0.163287 4
0.998869 1 1
0.942289 0.151463 4
0.968769 0.604886 2
0.959172 0.340937 3
0.916601 0.0136975 7
0.919642 0.0147081 7
0.989623 1 1
0.954939 0.318549 3
0.961682 0.356262 3
0.894594 0.000219148 12
0.916152 0.01356 7
0.950415 0.526309 2
0.971781 1 1
0.956933 0.547899 2
0.971129 1 1
0.974627 1 1
0.960224 0.561104 2
0.962128 0.569576 2
0.952216 0.531738 2
0.9407 0.266715 3
0.940126 0.265189 3
0.965211 0.584773 2
0.934921 0.25281 3
0.952421 0.532381 2
0.917018 0.1094 4
0.938901 0.262047 3
0.882862 0.00365824 8
0.907763 0.10158 4
0.905405 0.0474164 5
0.900757 0.0453731 5
0.939015 0.499253 2
0.913412 0.106069 4
0.913956 0.106546 4
0.907088 0.101094 4
0.871426 0.000627663 10
0.891174 0.019262 6
0.94089 0.502974 2
0.923715 0.23304 3
0.962869 1 1
0.862079 4.5989e-05 13
0.881418 0.00358946 8
0.962327 0.570502 2
0.973258 1 1
0.956241 0.545337 2
0.979523 1 1
0.959325 0.557322 2
0.956051 0.544644 2
0.958506 0.553994 2
0.950459 0.52644 2
0.954579 0.539463 2
0.942198 0.270862 3
0.951229 0.528719 2
0.926039 0.119882 4
0.935717 0.254546 3
0.924807 0.118234 4
0.945474 0.513188 2
0.918954 0.111368 4
0.964216 0.579659 2
0.969777 0.611144 2
0.964941 0.583368 2
0.914818 0.0526911 5
0.961176 0.565257 2
0.906685 0.0231176 6
0.899024 0.00990353 7
0.974218 1 1
0.978838 1 1
0.905629 0.0227841 6
0.87732 0.000311407 11
0.912198 0.0510392 5
0.977574 1 1
0.994902 1 1
0.908338 0.102002 4
0.9552 0.541612 2
0.964331 1 1
0.954481 0.539126 2
0.906132 0.100423 4
0.956055 0.544661 2
0.896698 0.0204153 6
0.888947 0.00864747 7
0.96473 1 1
0.97899 1 1
0.896945 0.0439015 5
0.86821 0.000264599 11
0.90684 0.100919 4
0.986914 1 1
0.98894 1 1
0.9323 0.247445 3
0.990008 1 1
0.986843 1 1
0.985636 1 1
0.939134 0.262634 3
0.980948 1 1
0.927826 0.239398 3
0.91915 0.111574 4
0.96535 0.585506 2
0.975279 1 1
0.929625 0.242479 3
0.899594 0.0211053 6
0.935084 0.253161 3
0.952593 0.532925 2
0.975551 1 1
0.908885 0.00576672 8
0.918076 0.0277575 6
0.910068 0.0119494 7
0.913941 0.0129234 7
0.963425 0.575739 2
0.917058 0.0272482 6
0.943814 0.155704 4
0.938119 0.141204 4
0.884474 7.68679e-05 13
0.893733 0.000449784 11
0.969659 0.610394 2
0.957085 0.329393 3
0.959399 0.342259 3
0.866743 7.74725e-08 21
0.887524 8.38315e-05 13
0.951995 0.305192 3
0.91558 0.0133892 7
0.900435 0.00112056 10
0.919105 0.0282956 6
0.951817 0.304437 3
0.903208 0.00247666 9
0.977622 0.670017 2
0.987025 1 1
0.898937 0.00107783 10
0.88529 3.65322e-05 14
0.956938 0.328619 3
0.971766 0.62429 2
0.915296 0.0133057 7
0.86772 8.0489e-08 21
0.887003 8.25695e-05 13
0.973132 0.633966 2
0.962094 0.569421 2
0.946102 0.282916 3
0.971562 0.622889 2
0.946646 0.284756 3
0.944015 0.276238 3
0.954232 0.31519 3
0.94874 0.292219 3
0.959481 0.557965 2
0.935096 0.134833 4
0.939902 0.145364 4
0.919884 0.0563975 5
0.920605 0.0569882 5
0.923978 0.0599955 5
0.942011 0.270331 3
0.913407 0.106065 4
0.957315 0.549345 2
0.956747 0.547203 2
0.948301 0.520397 2
0.959489 0.558002 2
0.965197 1 1
0.932205 0.24726 3
0.922392 0.231174 3
0.918697 0.111099 4
0.941325 0.503873 2
0.952171 0.5316 2
0.919024 0.111442 4
0.982687 1 1
0.910856 0.103938 4
0.931395 0.24571 3
0.881093 3.15045e-06 17
0.939546 0.0813597 5
0.954684 0.317328 3
0.929978 0.0358179 6
0.910559 0.00300173 9
0.95744 0.331284 3
0.888054 1.8736e-05 15
0.878632 1.3215e-06 18
0.91476 0.00666477 8
0.956647 0.327099 3
0.902527 0.00118566 10
0.870666 4.09039e-08 22
0.934724 0.0730773 5
0.930948 0.0677587 5
0.941249 0.148728 4
0.886861 0.00386565 8
0.922666 0.115548 4
0.923361 0.116396 4
0.914206 0.106768 4
0.941261 0.50374 2
0.931623 0.246143 3
0.913214 0.105897 4
0.904799 0.0471325 5
0.885435 0.00378861 8
0.910247 0.0499086 5
0.939283 0.263011 3
0.913792 0.106401 4
0.977433 1 1
0.880255 0.00159944 9
0.899007 0.0209601 6
0.901589 0.00115564 10
0.961682 0.356262 3
0.977402 0.668087 2
0.952077 0.305542 3
0.926092 0.032686 6
0.979579 0.687999 2
0.90588 0.00264635 9
0.896431 0.000483753 11
0.935132 0.0737098 5
0.975319 0.650678 2
0.917184 0.0138802 7
0.884809 1.67325e-05 15
0.942047 0.150815 4
0.94431 0.157147 4
0.960017 0.345913 3
0.978758 1 1
0.949878 0.524762 2
0.934863 0.252686 3
0.959915 0.559786 2
0.935655 0.254409 3
0.93197 0.246806 3
0.94838 0.520609 2
0.945229 0.512597 2
0.957352 0.549486 2
0.925813 0.236172 3
0.929956 0.243068 3
0.914191 0.106754 4
0.90804 0.0487209 5
0.919328 0.111764 4
0.934741 0.252425 3
0.973549 0.63704 2
0.96088 0.563948 2
0.945103 0.279651 3
0.970573 0.616269 2
0.944767 0.278579 3
0.942784 0.272552 3
0.952886 0.533858 2
0.947676 0.288345 3
0.960262 0.561266 2
0.934519 0.251953 3
0.938103 0.260081 3
0.918516 0.0553223 5
0.918767 0.0555153 5
0.924218 0.117473 4
0.941858 0.269898 3
0.876501 2.67238e-06 17
0.924142 0.0313174 6
0.930994 0.0678183 5
0.91423 0.0130029 7
0.923914 0.0311649 6
0.938531 0.142137 4
0.896302 0.00100955 10
0.887175 8.29823e-05 13
0.889075 0.000187204 12
0.922304 0.0301348 6
0.919147 0.0283184 6
0.890304 0.000193599 12
0.961028 0.352106 3
0.892724 0.000438159 11
0.908594 0.0057284 8
0.937146 0.257799 3
0.930142 0.243402 3
0.917566 0.109944 4
0.929495 0.24225 3
0.97944 1 1
0.922655 0.115534 4
0.974286 1 1
0.968657 0.604206 2
0.902116 0.0217637 6
0.900862 0.0214292 6
0.988882 1 1
0.975384 1 1
0.946891 0.516707 2
0.877444 0.000312148 11
0.89844 0.0208225 6
0.939718 0.14492 4
0.994217 1 1
0.978429 0.677246 2
0.987084 0.772649 2
0.954126 0.314694 3
0.979203 0.684425 2
0.94117 0.148523 4
0.931925 0.0690502 5
0.955544 0.321509 3
0.961897 0.357656 3
0.944467 0.157609 4
0.913701 0.00648372 8
0.946279 0.163199 4
0.937638 0.0778577 5
0.960223 0.347152 3
0.915027 0.10751 4
0.96961 1 1
0.973926 1 1
0.959149 0.556598 2
0.949429 0.523494 2
0.982638 1 1
0.926213 0.236796 3
0.916357 0.108758 4
0.932066 0.246992 3
0.959079 0.556311 2
0.940627 0.502438 2
0.907327 0.101266 4
0.964503 1 1
0.927827 0.239399 3
0.948202 0.520132 2
0.894696 0.000461414 11
0.902011 0.00240723 9
0.894756 0.000462156 11
0.897759 0.00104627 10
0.946563 0.284471 3
0.90187 0.00239929 9
0.930067 0.066643 5
0.925895 0.0619033 5
0.868785 1.87084e-07 20
0.878897 6.3395e-06 16
0.953475 0.3117 3
0.950897 0.300618 3
0.946711 0.284978 3
0.851904 1.09264e-11 0
0.872244 4.72811e-07 19
0.971142 0.620044 2
0.958958 0.555818 2
0.942304 0.271165 3
0.964226 0.57971 2
0.965235 0.584899 2
0.943253 0.273935 3
0.973032 0.633239 2
0.965446 0.586016 2
0.941876 0.26995 3
0.927737 0.0638907 5
0.959355 0.557443 2
0.938755 0.142649 4
0.933621 0.132006 4
0.910581 0.0120691 7
0.930717 0.12692 4
0.903099 0.0105557 7
0.898404 0.00465427 8
0.88861 0.000850447 10
0.896079 0.00446688 8
0.94667 0.284838 3
0.894865 0.00206169 9
0.939334 0.263141 3
0.937759 0.259251 3
0.868497 4.62374e-06 16
0.872391 1.14883e-05 15
0.955855 0.543939 2
0.968238 0.601695 2
0.933516 0.131812 4
0.847358 2.52105e-10 27
0.867803 4.53559e-06 16
0.936067 0.13679 4
0.9966 1 1
0.984263 1 1
0.989015 1 1
0.945389 0.280572 3
0.981341 1 1
0.933647 0.132054 4
0.924764 0.0607593 5
0.961974 0.568869 2
0.969666 0.610438 2
0.935825 0.136295 4
0.905567 0.0110041 7
0.939709 0.264102 3
0.946305 0.2836 3
0.969092 0.606862 2
0.95433 0.538614 2
0.98226 1 1
0.965206 0.584747 2
0.98903 1 1
0.954696 0.539862 2
0.96418 0.579478 2
0.949804 0.524552 2
0.941486 0.26886 3
0.96049 0.562249 2
0.951432 0.529328 2
0.945829 0.514051 2
0.918604 0.111002 4
0.936787 0.256966 3
0.933217 0.249262 3
0.954469 0.539084 2
0.890547 0.000414837 11
0.894869 0.000975743 10
0.887308 0.00017863 12
0.890968 0.000419164 11
0.940137 0.145935 4
0.894288 0.000962647 10
0.926162 0.0621816 5
0.922948 0.0590323 5
0.862402 1.28977e-08 23
0.87151 1.0206e-06 18
0.947692 0.288404 3
0.950503 0.299028 3
0.93853 0.142134 4
0.844916 7.71435e-12 0
0.86514 7.28537e-08 21
0.909878 0.00294469 9
0.902564 0.00118687 10
0.892008 9.61611e-05 13
0.900785 0.000548979 11
0.951412 0.302737 3
0.897973 0.000505249 11
0.9463 0.163265 4
0.945027 0.15929 4
0.873543 1.02324e-07 21
0.875674 5.39014e-07 19
0.96098 0.351807 3
0.975699 0.653741 2
0.934027 0.0720269 5
0.851202 1.05377e-11 0
0.871723 9.47012e-08 21
0.89704 0.000492048 11
0.903177 0.00247481 9
0.895547 0.000472136 11
0.899147 0.00108365 10
0.948444 0.291127 3
0.902565 0.00243887 9
0.932601 0.0699758 5
0.92855 0.0648193 5
0.870239 1.97715e-07 20
0.879578 6.48508e-06 16
0.955654 0.322054 3
0.953747 0.312942 3
0.946617 0.164293 4
0.852779 1.14357e-11 0
0.873192 4.89901e-07 19
0.890786 0.00190628 9
0.884341 0.000781674 10
0.874897 6.03112e-05 13
0.882027 0.000342123 11
0.931822 0.128784 4
0.881181 0.000336189 11
0.926212 0.12012 4
0.925828 0.119595 4
0.854963 5.08487e-08 21
0.858963 3.02562e-07 19
0.940902 0.26726 3
0.957974 0.551888 2
0.921006 0.113608 4
0.83412 4.71191e-12 0
0.854245 4.96601e-08 21
0.918414 0.0142823 7
0.955733 0.322447 3
0.951908 0.183774 4
0.947958 0.168796 4
0.968152 0.404395 3
0.959906 0.345249 3
0.939926 0.0820948 5
0.930157 0.035977 6
0.917342 0.00714826 8
0.935551 0.07437 5
0.961169 0.352998 3
0.927819 0.0340069 6
0.985507 0.752551 2
0.905972 0.00130869 10
0.927058 0.0334117 6
0.920553 0.0150402 7
0.926338 0.0328675 6
0.916701 0.00702233 8
0.923144 0.0160695 7
0.974638 0.64531 2
0.923169 0.0306792 6
0.955783 0.3227 3
0.949563 0.174559 4
0.893864 0.000102155 13
0.899982 0.000535853 11
0.981955 0.71193 2
0.96418 0.37326 3
0.959327 0.341836 3
0.873882 1.03838e-07 21
0.894954 0.000221545 12
0.892342 0.00902392 7
0.938122 0.260126 3
0.949053 0.522447 2
0.936905 0.257239 3
0.890119 0.00405597 8
0.941538 0.269004 3
0.880179 0.00072449 10
0.872564 0.000127596 12
0.950075 0.525328 2
0.96605 0.589254 2
0.881061 0.00161918 9
0.852434 2.49729e-07 19
0.893717 0.00918863 7
0.989614 1 1
0.970833 1 1
0.934638 0.491442 2
0.913666 0.10629 4
0.900238 0.0451627 5
0.91457 0.107094 4
0.959653 1 1
0.904654 0.0994209 4
0.970205 1 1
0.971946 1 1
0.890016 0.0190431 6
0.884076 0.00817148 7
0.968332 1 1
0.993401 1 1
0.927833 0.239409 3
0.862753 0.000242266 11
0.883039 0.00807848 7
0.953524 0.311924 3
0.96623 0.590236 2
0.954923 0.318471 3
0.976584 0.661063 2
0.931057 0.0679004 5
0.949649 0.295669 3
0.933084 0.131019 4
0.92712 0.0632076 5
0.982004 0.712445 2
0.949329 0.294439 3
0.923041 0.0591179 5
0.899964 0.00229697 9
0.913206 0.0127253 7
0.944401 0.277429 3
0.960034 0.560292 2
0.967777 0.598977 2
0.967247 0.595918 2
0.950334 0.526074 2
0.973713 1 1
0.960077 0.560473 2
0.950296 0.525965 2
0.963179 0.574546 2
0.955617 0.543085 2
0.951218 0.528684 2
0.936445 0.256181 3
0.952788 0.533544 2
0.929687 0.242589 3
0.933196 0.24922 3
0.919952 0.112437 4
0.940137 0.265217 3
0.861756 3.86588e-06 16
0.911358 0.0505427 5
0.920411 0.112941 4
0.901376 0.0215646 6
0.90719 0.0232817 6
0.927056 0.121304 4
0.880156 0.0007242 10
0.871145 5.54133e-05 13
0.87863 0.000319421 11
0.914745 0.052643 5
0.902443 0.0218532 6
0.874344 0.000132302 12
0.943572 0.27489 3
0.886984 0.00178196 9
0.90035 0.0212969 6
0.96114 0.565098 2
0.955383 0.542257 2
0.94309 0.273453 3
0.965972 0.58883 2
0.92736 0.12174 4
0.938295 0.260549 3
0.934405 0.133486 4
0.929923 0.125631 4
0.974359 0.643153 2
0.937408 0.139629 4
0.920272 0.0567135 5
0.900629 0.00485068 8
0.90552 0.0109952 7
0.935114 0.134867 4
0.948587 0.291651 3
0.945614 0.161096 4
0.991291 1 1
0.973995 0.640378 2
0.993081 1 1
0.952658 0.308058 3
0.972993 0.632956 2
0.943416 0.15457 4
0.934625 0.0729267 5
0.96055 0.349146 3
0.959308 0.341728 3
0.943261 0.154133 4
0.914024 0.00653784 8
0.940546 0.146948 4
0.938295 0.0790285 5
0.960464 0.348618 3
0.950459 0.52644 2
0.915378 0.107834 4
0.900348 0.0452071 5
0.918679 0.226347 3
0.952631 0.533045 2
0.90327 0.0464402 5
0.977536 1 1
0.986331 1 1
0.898077 0.0443213 5
0.88509 0.00826509 7
0.958072 0.552273 2
0.97375 1 1
0.916319 0.108721 4
0.867174 0.000260085 11
0.886565 0.00840617 7
0.953909 0.537199 2
0.970827 0.617947 2
0.955283 0.541902 2
0.971529 0.62266 2
0.973433 0.636182 2
0.958002 0.552 2
0.964127 0.579213 2
0.954403 0.538862 2
0.941979 0.270241 3
0.93885 0.261921 3
0.964454 0.580863 2
0.935451 0.25396 3
0.949102 0.293576 3
0.916804 0.0540572 5
0.938492 0.261031 3
0.938863 0.498961 2
0.921897 0.230498 3
0.908488 0.0489548 5
0.92251 0.231337 3
0.968423 1 1
0.912989 0.105703 4
0.97618 1 1
0.974865 1 1
0.897076 0.0205018 6
0.892145 0.00900085 7
0.976871 1 1
0.985458 1 1
0.935145 0.253293 3
0.870311 0.0002742 11
0.890867 0.00885532 7
60 0 1 2 3 4 5 6 7 8 9 10 11 12 13 14 15 16 17 18 19 20 21 22 23 24 25 26 27 28 29 30 31 32 33 34 35 36 37 38 39 40 41 42 43 44 45 46 47 48 49 50 51 52 53 54 55 56 57 58 59 
26 0 2 4 7 11 14 15 21 23 24 25 26 29 30 31 32 35 38 39 42 44 46 48 49 50 54 
13 2 7 11 14 15 24 30 31 32 35 38 50 54 
25 0 2 4 7 11 12 14 15 17 21 23 24 25 29 30 31 32 35 37 38 42 48 50 54 56 
31 0 2 4 7 11 12 14 15 19 21 23 24 25 26 29 30 31 32 35 37 38 39 41 42 44 46 47 48 49 50 54 
17 0 2 4 7 11 14 15 21 29 30 31 32 35 38 48 50 54 
51 0 1 2 3 4 7 8 11 12 14 15 16 17 19 20 21 22 23 24 25 26 28 29 30 31 32 33 34 35 36 37 38 39 40 41 42 43 44 45 46 47 48 49 50 52 53 54 55 56 58 59 
55 0 1 2 3 4 5 7 8 9 10 11 12 13 14 15 16 17 18 19 20 21 22 23 24 25 26 28 29 30 31 32 34 35 36 37 38 39 40 41 42 43 44 45 46 47 48 49 50 51 52 53 54 56 58 59 
24 0 2 7 11 12 14 15 16 17 21 23 24 25 29 30 31 32 35 37 38 42 48 50 54 
10 2 7 11 14 15 30 32 35 50 54 
42 0 1 2 3 4 7 11 12 14 15 16 17 19 20 21 22 23 24 25 26 28 29 30 31 32 34 35 37 38 39 42 43 46 48 49 50 52 53 54 55 56 58 
40 0 1 2 4 7 8 9 10 12 13 14 19 20 21 23 24 25 26 29 30 31 32 35 36 37 38 39 41 42 44 45 46 47 48 49 50 54 56 58 59 
16 0 2 7 11 14 15 23 24 29 30 31 32 35 38 50 54 
32 0 2 4 7 8 9 11 13 14 15 19 20 21 24 25 26 29 30 31 32 35 36 37 38 41 42 48 49 50 54 56 58 
25 0 2 4 7 11 14 15 21 24 26 29 30 31 32 35 38 39 41 44 46 47 48 49 50 54 
