40 15 6e+06
2.09237 133616
1.19228 178143
4.14509 145307
2.88571 146295
4.34128 155196
1.26777 181292
1.40309 187831
2.65968 186466
1.00069 190465
4.97255 186124
2.36512 156838
1.49182 108472
2.59308 103533
2.28958 100051
5.91059 167852
1.36259 175751
5.6567 177324
2.90569 198530
1.99443 119465
4.3284 153466
2.19519 199710
2.30836 172216
2.31405 174904
2.24288 110872
1.23665 155371
2.82792 147918
4.14966 121934
2.23957 199432
1.70068 110590
1.2712 192726
3.42717 152596
2.12857 190740
3.67466 184707
2.07259 144690
2.47653 105286
3.13636 177959
3.38135 149144
2.34324 145912
2.85815 134209
1.56479 106238
0.948352 0.520533 2
0.991716 1 1
0.953668 0.536398 2
0.962384 0.570769 2
0.926183 0.12008 4
0.947709 0.518823 2
0.89784 0.0097321 7
0.903915 0.02227 6
0.932202 0.247255 3
0.965964 0.58879 2
0.939937 0.264695 3
0.944384 0.277378 3
0.896714 0.00957569 7
0.911175 0.0504364 5
0.899759 0.0100138 7
0.946011 0.5145 2
0.985012 1 1
0.937432 0.496293 2
0.94216 0.505637 2
0.908026 0.101772 4
0.927822 0.239392 3
0.88179 0.00360688 8
0.887014 0.00845032 7
0.929301 0.241909 3
0.958878 0.555493 2
0.920671 0.228866 3
0.925556 0.235777 3
0.877911 0.00154477 9
0.898999 0.0446736 5
0.880819 0.00356175 8
0.907307 0.00274621 9
0.9043 0.00124631 10
0.923351 0.0307961 6
0.942872 0.15305 4
0.980003 0.692088 2
0.953309 0.310949 3
0.916188 0.0135708 7
0.926194 0.0327614 6
0.905103 0.00127563 10
0.91677 0.0137498 7
0.969775 0.611128 2
0.964358 0.374544 3
0.976983 0.664458 2
0.896822 0.000234748 12
0.975195 0.649684 2
0.936095 0.255389 3
0.97718 1 1
0.933577 0.249994 3
0.934246 0.251378 3
0.898319 0.0207935 6
0.920249 0.112762 4
0.878417 0.000702709 10
0.882892 0.00166605 9
0.919686 0.112147 4
0.947893 0.519307 2
0.911401 0.0505675 5
0.915851 0.108277 4
0.869727 0.000120681 12
0.89845 0.020825 6
0.872874 0.000286809 11
0.918989 0.0144787 7
0.967096 0.595061 2
0.981142 0.70347 2
0.966788 0.593323 2
0.921752 0.0297981 6
0.956898 0.328411 3
0.923586 0.030949 6
0.928031 0.0642222 5
0.90423 0.00253904 9
0.936993 0.138733 4
0.938386 0.141805 4
0.938887 0.142957 4
0.903461 0.00249184 9
0.941659 0.14979 4
0.907966 0.00279469 9
0.923206 0.116204 4
0.977574 1 1
0.962179 0.569816 2
0.953339 0.53532 2
0.910181 0.0243223 6
0.941108 0.26782 3
0.906412 0.0111684 7
0.910319 0.0243732 6
0.907267 0.023307 6
0.939978 0.264803 3
0.925877 0.119662 4
0.928001 0.122677 4
0.888024 0.000840305 10
0.92777 0.122336 4
0.892116 0.0019542 9
0.90318 0.0220592 6
0.905736 0.0228174 6
0.92946 0.242188 3
0.946205 0.514979 2
0.973907 1 1
0.958459 0.553804 2
0.92603 0.119871 4
0.936123 0.255452 3
0.89953 0.00997903 7
0.914179 0.0522729 5
0.969869 0.611727 2
0.962885 0.573132 2
0.981857 1 1
0.905468 0.0227344 6
0.982749 1 1
0.940985 0.503169 2
0.985107 1 1
0.963614 1 1
0.97011 1 1
0.929725 0.242656 3
0.955595 0.543005 2
0.907178 0.101159 4
0.9132 0.105885 4
0.925564 0.235788 3
0.959253 0.557023 2
0.94478 0.51153 2
0.948144 0.519977 2
0.902849 0.0462555 5
0.920306 0.228392 3
0.906286 0.04784 5
0.96915 1 1
0.956915 0.547831 2
0.936194 0.255614 3
0.960398 0.561848 2
0.949969 0.525024 2
0.949999 0.52511 2
0.890047 0.00876504 7
0.898251 0.0207772 6
0.957855 0.551424 2
0.983939 1 1
0.957306 0.54931 2
0.964834 0.582811 2
0.912301 0.105121 4
0.892738 0.00907052 7
0.913543 0.106183 4
0.963266 0.574966 2
0.935076 0.253144 3
0.921257 0.113894 4
0.947816 0.519106 2
0.959942 0.5599 2
0.942436 0.271544 3
0.8831 0.000763702 10
0.892092 0.00418219 8
0.961701 0.567622 2
0.966779 0.593272 2
0.958758 0.555005 2
0.966396 0.591149 2
0.919499 0.111947 4
0.88001 0.00032829 11
0.919226 0.111655 4
0.943334 0.274177 3
0.949552 0.52384 2
0.952442 0.532446 2
0.980363 1 1
0.967305 0.59625 2
0.974938 0.64765 2
0.912955 0.0515001 5
0.921827 0.114552 4
0.934215 0.251313 3
0.958432 0.553696 2
0.981204 1 1
0.986444 1 1
0.934533 0.251983 3
0.910826 0.0245631 6
0.936687 0.256735 3
0.8657 4.94081e-05 13
0.914028 0.106609 4
0.945565 0.513409 2
0.918637 0.111036 4
0.88046 0.0016044 9
0.917579 0.109956 4
0.935336 0.253709 3
0.931532 0.24597 3
0.851757 5.67071e-07 18
0.882615 0.00165875 9
0.895918 0.0202403 6
0.893304 0.0091383 7
0.87852 0.000703947 10
0.972426 1 1
0.884182 0.00372381 8
0.945917 0.282303 3
0.913217 0.0255124 6
0.904668 0.00525754 8
0.931178 0.127688 4
0.96063 0.562854 2
0.929786 0.125413 4
0.874514 5.51308e-06 16
0.883917 7.57008e-05 13
0.951381 0.30261 3
0.944787 0.278642 3
0.950629 0.299532 3
0.956117 0.324378 3
0.923346 0.0593993 5
0.866393 3.84225e-07 19
0.921356 0.0576223 5
0.901977 0.0217259 6
0.943464 0.274565 3
0.99072 1 1
0.963593 0.576561 2
0.923832 0.116983 4
0.962894 0.573176 2
0.947494 0.51826 2
0.951499 0.529532 2
0.88894 0.0018437 9
0.919772 0.112241 4
0.940273 0.265578 3
0.93766 0.259014 3
0.915783 0.0533422 5
0.962243 0.570113 2
0.921156 0.113778 4
0.916744 0.0270955 6
0.966138 0.589732 2
0.937544 0.139928 4
0.929594 0.12511 4
0.889187 0.000401382 11
0.916959 0.0271998 6
0.884852 0.000167804 12
0.887831 0.000181097 12
0.900544 0.00232719 9
0.930093 0.125904 4
0.903767 0.00516061 8
0.906803 0.0112463 7
0.865267 1.64491e-07 20
0.909735 0.0118732 7
0.8691 9.41384e-07 18
0.926308 0.236944 3
0.961933 0.568678 2
0.982464 1 1
0.986243 1 1
0.940385 0.501946 2
0.975565 1 1
0.928446 0.240438 3
0.935115 0.253228 3
0.91315 0.105842 4
0.944487 0.510843 2
0.957416 0.549728 2
0.9575 0.550052 2
0.92055 0.228709 3
0.936747 0.256872 3
0.924771 0.234589 3
0.87799 0.000315455 11
0.92699 0.121209 4
0.957372 0.549561 2
0.93029 0.24367 3
0.890222 0.00406235 8
0.92786 0.122469 4
0.935325 0.253685 3
0.933543 0.249925 3
0.863782 4.07236e-06 16
0.895114 0.00936406 7
0.906143 0.0229448 6
0.904038 0.0223058 6
0.884994 0.00172351 9
0.970549 0.616116 2
0.890532 0.00408164 8
0.92819 0.0644038 5
0.981359 0.705697 2
0.948699 0.292066 3
0.94419 0.156794 4
0.903741 0.00250881 9
0.930895 0.0676902 5
0.893304 0.000210886 12
0.897325 0.000496009 11
0.911794 0.00618009 8
0.943214 0.154002 4
0.918417 0.0142835 7
0.921649 0.0297366 6
0.878607 2.87713e-06 17
0.914717 0.0131395 7
0.882306 7.1219e-06 16
0.982436 1 1
0.92773 0.239238 3
0.8972 0.0205304 6
0.919905 0.112385 4
0.923113 0.11609 4
0.910838 0.0502426 5
0.852969 5.85528e-07 18
0.861121 8.66845e-06 15
0.999717 1 1
0.964907 0.583191 2
0.922872 0.115797 4
0.930489 0.24403 3
0.884235 0.00170229 9
0.855374 1.43719e-06 17
0.883858 0.00169194 9
0.903772 0.00516112 8
0.949865 0.296505 3
0.924139 0.0601501 5
0.914077 0.0258773 6
0.873991 1.20053e-05 15
0.901998 0.00498086 8
0.874592 1.22094e-05 15
0.876643 2.85018e-05 14
0.88796 0.000389923 11
0.915669 0.0265878 6
0.888414 0.000394096 11
0.891303 0.000900308 10
0.851115 2.95651e-10 27
0.902039 0.00498489 8
0.855033 1.84305e-09 25
0.882809 0.00166385 9
0.921391 0.114047 4
0.968235 0.601677 2
0.946452 0.515596 2
0.915531 0.107976 4
0.951725 0.530221 2
0.968808 0.60512 2
0.970093 0.613155 2
0.870918 0.000123502 12
0.900027 0.0212144 6
0.930108 0.243341 3
0.925517 0.119175 4
0.918359 0.110749 4
0.978342 1 1
0.924327 0.117612 4
0.970994 0.619052 2
0.972299 0.627999 2
0.933772 0.132287 4
0.950206 0.297844 3
0.927503 0.0636297 5
0.936644 0.137993 4
0.881287 1.49112e-05 15
0.888252 0.000183123 12
0.954055 0.314363 3
0.986636 1 1
0.937119 0.139005 4
0.943681 0.155323 4
0.892417 0.000434732 11
0.890871 0.000196674 12
0.894309 0.000456673 11
0.96482 0.582739 2
0.91333 0.0517332 5
0.888714 0.00397131 8
0.913206 0.0516555 5
0.92667 0.237518 3
0.906575 0.0479818 5
0.849286 4.23939e-08 21
0.85791 1.53421e-06 17
0.980705 1 1
0.950864 0.527629 2
0.922326 0.11514 4
0.929489 0.242238 3
0.888617 0.00396559 8
0.847862 4.0572e-08 21
0.887315 0.0038909 8
0.959995 0.560125 2
0.975209 1 1
0.948135 0.519951 2
0.966515 1 1
0.939139 0.499491 2
0.952639 0.53307 2
0.896115 0.0202841 6
0.903364 0.0464817 5
0.944974 0.511988 2
0.978981 1 1
0.951018 0.528085 2
0.956855 0.547606 2
0.90586 0.0476336 5
0.904021 0.0467759 5
0.908191 0.0487996 5
0.908673 0.011637 7
0.932907 0.1307 4
0.969201 0.607534 2
0.97375 0.638535 2
0.951978 0.305121 3
0.986826 1 1
0.948837 0.292584 3
0.958018 0.552063 2
0.898934 0.00224514 9
0.924911 0.0609052 5
0.966935 0.594151 2
0.961385 0.566193 2
0.946269 0.283479 3
0.940932 0.26734 3
0.951456 0.30292 3
0.930939 0.244859 3
0.907871 0.101659 4
0.908575 0.102178 4
0.934289 0.490865 2
0.974364 1 1
0.936799 0.495153 2
0.885693 0.00832203 7
0.89539 0.0201244 6
0.933916 0.490258 2
0.933825 0.490112 2
0.959419 0.557711 2
0.962181 1 1
0.940734 0.502654 2
0.873432 0.00145043 9
0.93815 0.497616 2
0.898944 0.00470029 8
0.948823 0.29253 3
0.974146 0.641526 2
0.948963 0.293055 3
0.90577 0.0110431 7
0.943214 0.273821 3
0.930133 0.125968 4
0.931765 0.128686 4
0.884299 0.000165526 12
0.916429 0.0269441 6
0.922278 0.058427 5
0.921366 0.0576307 5
0.894052 0.00202862 9
0.957105 0.548547 2
0.899178 0.00472055 8
0.9609 0.35131 3
0.929049 0.0654058 5
0.915617 0.0134001 7
0.942187 0.151189 4
0.959069 0.340345 3
0.937679 0.140223 4
0.879149 6.39272e-06 16
0.888243 8.56268e-05 13
0.962255 0.570166 2
0.961739 0.356634 3
0.955375 0.320677 3
0.962609 0.571824 2
0.918858 0.0281645 6
0.874972 1.15275e-06 18
0.918114 0.0277769 6
0.850585 5.49973e-07 18
0.890367 0.00879998 7
0.933852 0.250559 3
0.911769 0.104679 4
0.885408 0.00378721 8
0.917867 0.110246 4
0.968114 1 1
0.959084 0.556328 2
0.838985 2.37002e-09 24
0.867254 0.000115168 12
0.898112 0.0207442 6
0.892948 0.0196117 6
0.896969 0.0204773 6
0.976804 1 1
0.902883 0.0462703 5
0.854027 1.13479e-07 20
0.893229 0.00425912 8
0.937359 0.258299 3
0.915709 0.0532911 5
0.889675 0.00186809 9
0.922102 0.114875 4
0.972271 0.627804 2
0.963508 0.576143 2
0.842526 2.07219e-10 27
0.870718 2.45381e-05 14
0.902375 0.0218345 6
0.897133 0.00963308 7
0.901163 0.0102332 7
0.978673 1 1
0.907112 0.0232563 6
0.896899 0.0204613 6
0.948414 0.520701 2
0.936934 0.257306 3
0.921233 0.113866 4
0.878827 0.00156565 9
0.910826 0.0502359 5
0.890752 0.00884248 7
0.891907 0.00897328 7
0.88103 0.00161841 9
0.911223 0.104233 4
0.894266 0.00925661 7
0.895894 0.0202351 6
0.860072 8.46219e-06 15
0.920472 0.113009 4
0.864499 4.82291e-05 13
0.875927 6.17877e-05 13
0.902653 0.0104791 7
0.946627 0.28469 3
0.939003 0.262304 3
0.92711 0.121381 4
0.951335 0.529035 2
0.979807 1 1
0.990425 1 1
0.867019 4.43912e-06 16
0.891524 0.00193256 9
0.936897 0.25722 3
0.929959 0.12569 4
0.944084 0.276449 3
0.950575 0.526777 2
0.950311 0.52601 2
0.934151 0.133001 4
0.966464 0.591521 2
0.9226 0.0587156 5
0.92387 0.0598927 5
0.889914 0.000873902 10
0.909919 0.024226 6
0.868143 2.04267e-06 17
0.872506 1.15241e-05 15
0.918325 0.0551774 5
0.943115 0.273524 3
0.902221 0.0104063 7
0.907029 0.0112918 7
0.860442 1.39313e-07 20
0.888591 0.000850112 10
0.863393 3.47845e-07 19
0.967524 1 1
0.974988 1 1
0.938553 0.498373 2
0.955199 0.541609 2
0.930796 0.244594 3
0.941475 0.504185 2
0.885961 0.00834768 7
0.892967 0.0196155 6
0.951039 0.528148 2
0.985166 1 1
0.941159 0.503528 2
0.947509 0.518299 2
0.896278 0.0436602 5
0.895297 0.0201041 6
0.898327 0.044416 5
0.8916 0.00193528 9
0.892986 0.00424237 8
0.91837 0.0552113 5
0.933171 0.24917 3
0.962775 0.572612 2
0.945841 0.282052 3
0.923394 0.116436 4
0.933024 0.248875 3
0.888997 0.00184556 9
0.901756 0.0103294 7
0.956245 0.54535 2
0.949605 0.523989 2
0.994678 1 1
0.898885 0.009883 7
0.990444 1 1
0.919549 0.056129 5
0.972771 0.631357 2
0.967793 0.59907 2
0.955802 0.543749 2
0.911738 0.0249143 6
0.944498 0.277735 3
0.912257 0.0251202 6
0.915994 0.0534872 5
0.903916 0.0106992 7
0.936757 0.256896 3
0.927825 0.122416 4
0.929317 0.124675 4
0.891388 0.00192765 9
0.933884 0.132498 4
0.895691 0.00209642 9
0.921593 0.0578264 5
0.974137 0.641458 2
0.946666 0.284822 3
0.939206 0.143702 4
0.898055 0.00220279 9
0.926475 0.0625125 5
0.892553 0.000925438 10
0.895974 0.0021086 9
0.905295 0.0109526 7
0.936293 0.137258 4
0.912949 0.0254012 6
0.915831 0.0266626 6
0.874246 1.20913e-05 15
0.915976 0.0267302 6
0.878117 2.9654e-05 14
0.890222 4.28986e-05 14
0.905909 0.00130626 10
0.941443 0.149228 4
0.94729 0.166519 4
0.951504 0.182116 4
0.961968 0.35812 3
0.952071 0.184452 4
0.962358 0.36068 3
0.88359 3.46536e-06 17
0.904096 0.00123906 10
0.957282 0.330443 3
0.949454 0.174155 4
0.96998 0.612436 2
0.927688 0.0339028 6
0.976343 0.65904 2
0.940226 0.146154 4
0.995734 1 1
0.952181 0.305988 3
0.954409 0.316019 3
0.915833 0.0266638 6
0.94019 0.146066 4
0.895654 0.000993987 10
0.900827 0.00234221 9
0.923778 0.0598057 5
0.95644 0.326031 3
0.930046 0.0666159 5
0.933939 0.132601 4
0.888264 0.00018318 12
0.91277 0.012611 7
0.891616 0.000425997 11
0.945495 0.280915 3
0.962472 0.571178 2
0.959944 0.559909 2
0.985245 1 1
0.954029 0.537598 2
0.972382 0.628586 2
0.912601 0.0512833 5
0.920609 0.113161 4
0.933496 0.249828 3
0.963089 0.574111 2
0.968817 0.605176 2
0.972933 0.632524 2
0.92383 0.11698 4
0.91579 0.0533468 5
0.926598 0.120657 4
26 0 1 3 4 5 7 11 13 14 15 16 17 19 20 21 23 26 28 29 30 32 33 35 36 38 39 
14 1 3 5 11 14 16 17 19 26 30 32 35 36 38 
19 1 3 4 5 11 13 14 16 17 19 20 26 28 29 30 32 35 36 38 
25 0 1 3 4 5 7 11 13 14 15 16 17 19 20 21 23 26 28 29 30 32 33 35 36 38 
35 0 1 3 4 5 6 7 8 9 10 11 13 14 15 16 17 18 19 20 21 23 24 26 27 28 29 30 31 32 33 35 36 37 38 39 
28 0 1 3 4 5 7 8 11 13 14 15 16 17 19 20 21 23 24 26 28 29 30 32 33 35 36 38 39 
30 0 1 3 4 5 7 8 10 11 13 14 15 16 17 18 19 20 21 23 24 26 28 29 30 32 33 35 36 38 39 
28 0 1 3 4 5 7 8 11 13 14 15 16 17 19 20 21 23 24 26 28 29 30 32 33 35 36 38 39 
30 0 1 3 4 5 7 8 10 11 13 14 15 16 17 18 19 20 21 23 24 26 28 29 30 32 33 35 36 38 39 
28 0 1 3 4 5 7 11 13 14 15 16 17 19 20 21 23 24 26 28 29 30 31 32 33 35 36 38 39 
33 0 1 3 4 5 7 8 9 10 11 13 14 15 16 17 18 19 20 21 22 23 24 26 27 28 29 30 32 33 35 36 38 39 
31 0 1 3 4 5 7 8 10 11 13 14 15 16 17 19 20 21 23 24 26 28 29 30 31 32 33 35 36 37 38 39 
40 0 1 2 3 4 5 6 7 8 9 10 11 12 13 14 15 16 17 18 19 20 21 22 23 24 25 26 27 28 29 30 31 32 33 34 35 36 37 38 39 
16 0 1 3 4 5 11 14 16 17 19 26 30 32 35 36 38 
39 0 1 2 3 4 5 6 7 8 9 10 11 12 13 14 15 16 17 18 19 20 21 22 23 24 25 26 27 28 29 30 31 32 33 35 36 37 38 39 
