60 15 8e+06
2.92892 183645
1.75882 187203
1.9638 122190
2.45332 119653
2.94179 114054
1.09953 149560
1.3576 125941
1.42229 110332
1.42464 143904
1.79787 133130
1.7761 173822
1.03775 135560
2.88902 198512
2.15775 177775
1.46207 191357
1.59982 130771
2.79024 155718
2.89195 133249
1.09124 190581
2.0168 106054
2.1062 148882
1.7308 132072
1.51507 169830
2.81498 115163
1.1059 167887
1.29193 146544
1.99635 127205
1.91333 118297
1.08065 111177
1.05304 188329
1.53811 111032
2.7304 129053
1.12688 152413
1.26359 135914
1.53293 148724
2.81776 136671
1.58089 194259
1.47252 158092
2.83673 145964
1.19929 111192
1.28522 152267
1.34368 100509
2.57994 147731
2.01889 142722
2.44231 177529
2.37149 178225
1.74032 185497
1.01726 135609
2.205 164786
1.75219 163876
2.38139 173092
1.71582 105729
2.561 139472
1.63806 194234
2.10545 153192
2.01175 153627
2.35081 142412
2.04373 126255
1.68873 122429
2.27014 123588
0.983561 0.729532 2
0.977188 0.666223 2
0.96929 0.608088 2
0.941388 0.149084 4
0.860263 8.79638e-11 29
0.973942 0.639977 2
0.923818 0.0311012 6
0.983311 0.726716 2
0.955583 0.321702 3
0.990797 1 1
0.892566 9.79038e-05 13
0.971084 0.619657 2
0.954962 0.318663 3
0.909029 0.00287634 9
0.932727 0.0701524 5
0.968763 0.604849 2
0.935611 0.135861 4
0.927419 0.121824 4
0.977625 0.67004 2
0.887147 0.00038265 11
0.932559 0.130075 4
0.912628 0.0252701 6
0.96376 0.577385 2
0.970478 0.61565 2
0.948912 0.292864 3
0.931847 0.128828 4
0.932235 0.129503 4
0.982919 1 1
0.935335 0.135307 4
0.97011 0.61327 2
0.978617 1 1
0.958061 0.55223 2
0.955121 0.541336 2
0.931008 0.244987 3
0.876197 0.000677054 10
0.96661 0.592333 2
0.949597 0.523965 2
0.958995 0.555967 2
0.968036 1 1
0.966444 0.591414 2
0.896591 0.0203912 6
0.971827 1 1
0.941718 0.504696 2
0.924595 0.234327 3
0.923174 0.116166 4
0.986962 0.77104 2
0.954621 0.317024 3
0.949586 0.174647 4
0.94221 0.15125 4
0.88172 3.22549e-06 17
0.959423 0.342394 3
0.942673 0.152504 4
0.964621 0.376458 3
0.977966 0.673071 2
0.965884 0.385961 3
0.906817 0.00271111 9
0.962666 0.362739 3
0.952379 0.306842 3
0.931357 0.0682925 5
0.934437 0.0726415 5
0.986653 1 1
0.967553 1 1
0.958919 0.555656 2
0.952405 0.532331 2
0.865025 0.000110562 12
0.962665 1 1
0.919289 0.227102 3
0.990438 1 1
0.960099 0.560569 2
0.981269 1 1
0.901401 0.0456387 5
0.960138 0.560732 2
0.966146 1 1
0.914003 0.106587 4
0.943639 0.508895 2
0.893814 0.0197891 6
0.865498 0.000253066 11
0.863491 0.000107571 12
0.878713 0.00346819 8
0.944565 0.511024 2
0.874603 0.00147393 9
0.932367 0.247576 3
0.874059 0.00146293 9
0.917339 0.224738 3
0.873998 0.00146171 9
0.90165 0.0457427 5
0.881248 0.00358152 8
0.878622 0.00346425 8
0.948409 0.520686 2
0.876621 0.00151632 9
0.986228 1 1
0.973142 0.634044 2
0.964898 0.583143 2
0.945949 0.282408 3
0.862608 6.63068e-08 21
0.969247 0.607819 2
0.922432 0.058565 5
0.986711 1 1
0.958101 0.552388 2
0.987007 1 1
0.89644 0.00212896 9
0.966653 0.59257 2
0.95956 0.558297 2
0.911531 0.012298 7
0.937248 0.139282 4
0.914791 0.107294 4
0.901045 0.0454911 5
0.902965 0.0463062 5
0.877312 0.00153141 9
0.884531 0.00374159 8
0.914502 0.107033 4
0.982797 1 1
0.895304 0.0201058 6
0.923873 0.233268 3
0.904411 0.0469538 5
0.869185 0.000268979 11
0.922752 0.231674 3
0.884037 0.00371646 8
0.915112 0.107589 4
0.871561 0.00028022 11
0.938953 0.143108 4
0.905082 0.00259342 9
0.897343 0.00103553 10
0.968719 0.604582 2
0.907425 0.0055794 8
0.903133 0.00247221 9
0.899015 0.00107997 10
0.932432 0.0697423 5
0.954273 0.315379 3
0.917983 0.0277102 6
0.963163 0.574467 2
0.903846 0.00251528 9
0.959128 0.340682 3
0.948611 0.291742 3
0.97097 0.618894 2
0.934215 0.251313 3
0.932259 0.247366 3
0.936176 0.494056 2
0.888781 0.00863013 7
0.862331 0.000105399 12
0.947124 0.517303 2
0.968844 1 1
0.918359 0.225956 3
0.930478 0.24401 3
0.932174 0.247201 3
0.864032 0.00010861 12
0.955474 0.542575 2
0.898743 0.0445752 5
0.902395 0.0460589 5
0.881532 0.00359478 8
0.971944 0.625518 2
0.941054 0.148229 4
0.937254 0.139295 4
0.935245 0.135128 4
0.893237 0.000444006 11
0.948219 0.290301 3
0.95383 0.313322 3
0.949845 0.29643 3
0.982504 0.717812 2
0.95122 0.301941 3
0.910791 0.0121188 7
0.953356 0.311162 3
0.942904 0.153138 4
0.942517 0.152078 4
0.928514 0.0647769 5
0.954077 0.314467 3
0.955888 0.544055 2
0.959032 0.556118 2
0.906217 0.0111299 7
0.8598 2.63823e-08 22
0.970917 0.618539 2
0.954145 0.314785 3
0.940614 0.266484 3
0.942327 0.271231 3
0.955817 0.543802 2
0.872646 5.21047e-06 16
0.979645 0.688628 2
0.917602 0.0275174 6
0.904645 0.0108313 7
0.898338 0.00221623 9
0.900358 0.00111831 10
0.867222 3.53229e-08 22
0.8631 2.61736e-09 25
0.899162 0.00108405 10
0.969666 0.610438 2
0.873134 4.88828e-07 19
0.914596 0.0131053 7
0.882926 1.57182e-05 15
0.926792 0.0628513 5
0.877875 2.80336e-06 17
0.934887 0.0733286 5
0.878258 2.84164e-06 17
0.895515 0.000471725 11
0.972961 0.632724 2
0.899093 0.00108213 10
0.985562 1 1
0.959267 0.557082 2
0.950653 0.527006 2
0.960327 0.561545 2
0.8702 5.42847e-05 13
0.95467 0.539772 2
0.917509 0.109886 4
0.986688 1 1
0.964219 0.579672 2
0.972823 1 1
0.90893 0.0491891 5
0.952768 0.53348 2
0.973827 1 1
0.919221 0.11165 4
0.951518 0.529589 2
0.886815 0.00177685 9
0.853336 1.11104e-07 20
0.848723 1.79313e-08 22
0.892453 0.00420623 8
0.985522 1 1
0.85818 1.54509e-06 17
0.8963 0.00951982 7
0.870994 5.523e-05 13
0.912817 0.0514153 5
0.864319 9.3474e-06 15
0.938839 0.261892 3
0.862782 3.96842e-06 16
0.886829 0.00177728 9
0.959538 0.558203 2
0.893818 0.00920109 7
0.949446 0.294886 3
0.920505 0.0290688 6
0.911859 0.012379 7
0.993926 1 1
0.884979 3.61823e-05 14
0.915359 0.0133242 7
0.894682 0.000461235 11
0.950467 0.298881 3
0.952315 0.306567 3
0.933123 0.0707111 5
0.940646 0.147197 4
0.91413 0.0129753 7
0.981746 0.709726 2
0.928615 0.0648949 5
0.990568 1 1
0.902918 0.0462858 5
0.893913 0.0198096 6
0.897099 0.0439578 5
0.863784 0.000246226 11
0.871065 0.000624206 10
0.907934 0.101705 4
0.967845 1 1
0.884652 0.00822425 7
0.909212 0.102657 4
0.895487 0.0433799 5
0.854051 1.71302e-05 14
0.916088 0.223293 3
0.871124 0.000624773 10
0.899275 0.0447813 5
0.857821 4.24337e-05 13
0.918543 0.0279986 6
0.885613 7.93515e-05 13
0.877937 6.14291e-06 16
0.952973 0.309448 3
0.913112 0.0127004 7
0.8835 3.45886e-05 14
0.883626 3.47201e-05 14
0.912918 0.0126497 7
0.935016 0.134674 4
0.898213 0.00105824 10
0.981044 0.702462 2
0.884254 3.53864e-05 14
0.940966 0.148003 4
0.943259 0.154127 4
0.958658 0.338001 3
0.902397 0.0460601 5
0.867723 0.00011618 12
0.862288 2.0269e-05 14
0.912748 0.105498 4
0.963476 0.575989 2
0.871139 0.000278161 11
0.900111 0.0212357 6
0.887904 0.0085397 7
0.928156 0.239948 3
0.879409 0.00157923 9
0.959185 0.556745 2
0.874977 0.000663711 10
0.906224 0.0478095 5
0.972421 1 1
0.914505 0.107036 4
0.966747 0.593093 2
0.929616 0.0660878 5
0.922768 0.0588684 5
0.96183 0.568207 2
0.901319 0.0023688 9
0.930469 0.0671461 5
0.926056 0.0620706 5
0.952462 0.307201 3
0.985517 1 1
0.942607 0.152323 4
0.936539 0.137772 4
0.932392 0.12978 4
0.964404 0.580612 2
0.951656 0.303757 3
0.95652 0.326445 3
0.930336 0.243751 3
0.897987 0.0207143 6
0.890004 0.00876035 7
0.967247 1 1
0.904165 0.0468412 5
0.895063 0.0200536 6
0.889002 0.0086533 7
0.926152 0.2367 3
0.943814 0.509292 2
0.910694 0.103809 4
0.967024 1 1
0.895289 0.0201024 6
0.955073 0.541166 2
0.940971 0.503139 2
0.972482 1 1
0.922821 0.0304572 6
0.910796 0.00603183 8
0.912954 0.0126591 7
0.883054 1.5784e-05 15
0.880337 6.65323e-06 16
0.924548 0.0315924 6
0.988611 1 1
0.903714 0.00250718 9
0.929301 0.0657068 5
0.913721 0.0128634 7
0.870414 8.96969e-08 21
0.932901 0.0703963 5
0.890604 9.19971e-05 13
0.914679 0.0131287 7
0.876879 1.23647e-06 18
0.930242 0.0668606 5
0.894774 0.000973573 10
0.88793 0.000181571 12
0.949402 0.294716 3
0.926342 0.062371 5
0.895273 0.00098507 10
0.904382 0.0052264 8
0.919247 0.0283718 6
0.952337 0.306659 3
0.907432 0.0113743 7
0.97215 0.626952 2
0.897419 0.00217308 9
0.941779 0.150105 4
0.96587 0.588279 2
0.951103 0.301458 3
0.932014 0.0691705 5
0.906745 0.00549626 8
0.905484 0.00534874 8
0.902818 0.00245361 9
0.911504 0.0122912 7
0.917304 0.0273689 6
0.973951 0.640043 2
0.910817 0.012125 7
0.950225 0.297921 3
0.914297 0.0130214 7
0.900946 0.00234857 9
0.924579 0.0605772 5
0.907193 0.00555071 8
0.948486 0.291282 3
0.898019 0.0010531 10
0.912809 0.0514103 5
0.898329 0.020796 6
0.900107 0.0212348 6
0.876159 0.000304613 11
0.886466 0.00384395 8
0.911652 0.050715 5
0.980705 1 1
0.89318 0.00912338 7
0.922772 0.115675 4
0.901918 0.0217099 6
0.869512 0.000120183 12
0.919865 0.112342 4
0.882595 0.00165823 9
0.915896 0.10832 4
0.870556 0.000122631 12
0.9291 0.124338 4
0.899092 0.00225293 9
0.890738 0.000889375 10
0.972746 0.63118 2
0.893938 0.000954905 10
0.894695 0.00205469 9
0.882494 7.28526e-05 13
0.928232 0.123019 4
0.938452 0.141956 4
0.911539 0.0248365 6
0.958486 0.553914 2
0.894082 0.000958082 10
0.958891 0.555545 2
0.930449 0.126481 4
0.980225 0.694267 2
0.965101 1 1
0.930576 0.24419 3
0.925951 0.236387 3
0.939869 0.500917 2
0.904406 0.0469515 5
0.936234 0.255702 3
0.948094 0.519843 2
0.944252 0.510298 2
0.989681 1 1
0.941779 0.504825 2
0.922682 0.231576 3
0.940771 0.502731 2
0.944845 0.511684 2
0.954987 0.540867 2
0.93422 0.251322 3
0.978762 0.680303 2
0.946753 0.285121 3
0.938419 0.14188 4
0.970303 0.614512 2
0.879604 3.08966e-05 14
0.943257 0.273946 3
0.916157 0.0268154 6
0.974724 0.645978 2
0.97021 0.613914 2
0.960204 0.561015 2
0.921011 0.0573281 5
0.942406 0.271458 3
0.981472 1 1
0.928532 0.12347 4
0.961751 0.567848 2
0.94082 0.502831 2
0.906818 0.0481016 5
0.899086 0.0209797 6
0.96961 1 1
0.906922 0.0481536 5
0.904925 0.0471913 5
0.900493 0.0452658 5
0.934113 0.251101 3
0.956072 0.544721 2
0.919747 0.112213 4
0.961479 0.566615 2
0.905654 0.0475351 5
0.960494 0.562265 2
0.948936 0.522123 2
0.971315 1 1
0.954389 0.538813 2
0.919518 0.0561039 5
0.914836 0.0527028 5
0.937304 0.258171 3
0.915375 0.0530641 5
0.924998 0.118485 4
0.944911 0.279035 3
0.934641 0.252211 3
0.981763 1 1
0.930819 0.127088 4
0.930336 0.126296 4
0.929609 0.125133 4
0.939773 0.264268 3
0.966568 0.592099 2
0.932939 0.248705 3
0.950244 0.297997 3
0.913595 0.0519002 5
0.907296 0.0233165 6
0.952373 0.53223 2
0.917586 0.054625 5
0.915662 0.0532588 5
0.924419 0.117731 4
0.935369 0.25378 3
0.975319 0.650678 2
0.926167 0.120059 4
0.948905 0.292838 3
0.918493 0.0553055 5
0.950584 0.526804 2
0.968011 0.600347 2
0.949869 0.296523 3
0.987423 1 1
0.949343 0.294493 3
0.942581 0.152253 4
0.955462 0.321104 3
0.885131 3.63522e-05 14
0.950385 0.298554 3
0.93194 0.0690702 5
0.968778 0.604942 2
0.98262 0.719074 2
0.962364 0.570673 2
0.917124 0.0138612 7
0.951836 0.304517 3
0.964948 0.583404 2
0.935313 0.135264 4
0.947697 0.28842 3
0.92703 0.121267 4
0.899036 0.00990533 7
0.890475 0.0040781 8
0.974066 1 1
0.886598 0.0017703 9
0.89361 0.00428562 8
0.877362 0.000311657 11
0.928561 0.123514 4
0.933588 0.250016 3
0.911174 0.0504359 5
0.95174 0.530268 2
0.89241 0.00420336 8
0.959724 0.558982 2
0.922803 0.115713 4
0.982885 1 1
0.966683 0.592736 2
0.95674 0.547177 2
0.956586 0.546605 2
0.918925 0.0556378 5
0.870645 2.2054e-06 17
0.969152 0.607232 2
0.955996 0.544445 2
0.949658 0.295704 3
0.956954 0.547976 2
0.96131 0.565854 2
0.886169 0.000374236 11
0.976862 0.663427 2
0.929786 0.125413 4
0.917281 0.0273578 6
0.91114 0.0246825 6
0.89297 0.000208831 12
0.866538 3.43389e-08 22
0.865185 1.44866e-08 23
0.874121 1.11804e-06 18
0.934047 0.0720562 5
0.876481 2.67049e-06 17
0.938057 0.141063 4
0.872878 4.84148e-07 19
0.914988 0.0132168 7
0.874288 1.12473e-06 18
0.893015 0.000441456 11
0.883486 3.45744e-05 14
0.875053 1.15613e-06 18
0.940741 0.147434 4
0.871465 4.59427e-07 19
0.87428 2.47912e-06 17
0.84117 6.4668e-12 0
0.836559 5.24659e-12 0
0.881865 3.29558e-05 14
0.992651 1 1
0.845849 8.06918e-12 0
0.88446 7.68394e-05 13
0.858998 4.95163e-09 24
0.899862 0.00229171 9
0.852066 5.82163e-11 29
0.932201 0.129443 4
0.850376 2.32938e-11 30
0.875597 5.70106e-06 16
0.945848 0.282073 3
0.883799 7.54578e-05 13
0.891537 0.000200401 12
0.86692 1.56124e-08 23
0.866152 1.50999e-08 23
0.869737 8.7251e-08 21
0.924969 0.0318828 6
0.877542 2.77074e-06 17
0.941937 0.150523 4
0.871308 2.06089e-07 20
0.912071 0.00622248 8
0.873969 5.04553e-07 19
0.885433 3.66955e-05 14
0.88482 1.67391e-05 15
0.87149 2.07557e-07 20
0.933511 0.0712691 5
0.866645 1.54262e-08 23
0.976518 1 1
0.962718 0.57234 2
0.960509 0.562331 2
0.927774 0.239312 3
0.870858 0.000123356 12
0.972374 1 1
0.947871 0.519249 2
0.959434 0.557771 2
0.962206 0.569939 2
0.969667 1 1
0.891378 0.00891281 7
0.977918 1 1
0.939129 0.26262 3
0.918852 0.111261 4
0.919755 0.112222 4
0.953724 0.536583 2
0.923792 0.116934 4
0.920828 0.113406 4
0.924552 0.117902 4
0.907188 0.0482864 5
0.932208 0.247267 3
0.962273 0.570252 2
0.932154 0.247162 3
0.97359 1 1
0.933239 0.249307 3
0.913636 0.0519258 5
0.938334 0.260643 3
0.929588 0.242414 3
0.954311 0.538549 2
0.919153 0.111578 4
0.913683 0.0257086 6
0.87854 2.99986e-05 14
0.872181 5.13911e-06 16
0.931523 0.128271 4
0.942651 0.272165 3
0.880028 6.83266e-05 13
0.897686 0.00218544 9
0.901663 0.0049483 8
0.937523 0.139882 4
0.890839 0.00089132 10
0.977611 0.669918 2
0.8828 7.34484e-05 13
0.923447 0.0594941 5
0.968637 0.604085 2
0.934126 0.132955 4
0.877837 0.00069582 10
0.84569 6.964e-09 23
0.841856 1.11192e-09 25
0.878465 0.000703287 10
0.987159 1 1
0.851813 1.06102e-07 20
0.896971 0.00961088 7
0.860862 3.77973e-06 16
0.903597 0.0221781 6
0.855968 6.34986e-07 18
0.921328 0.113975 4
0.857058 1.5006e-06 17
0.874012 0.000292754 11
0.948933 0.522115 2
0.879155 0.000711675 10
0.892374 9.72969e-05 13
0.870859 1.86438e-08 23
0.871008 1.87735e-08 23
0.86588 1.33406e-09 26
0.910705 0.00301418 9
0.882474 3.31924e-06 17
0.950093 0.176556 4
0.872108 4.35995e-08 22
0.910187 0.00297036 9
0.876754 2.57495e-07 20
0.875693 2.46167e-07 20
0.89012 4.27488e-05 14
0.86901 7.7128e-09 24
0.924113 0.0312976 6
0.862049 2.17964e-10 28
0.944975 0.279239 3
0.908714 0.011646 7
0.902964 0.00507734 8
0.943883 0.275834 3
0.924575 0.0605737 5
0.911965 0.0124058 7
0.928051 0.0642451 5
0.928665 0.0649535 5
0.971898 0.625196 2
0.920893 0.029291 6
0.948012 0.289552 3
0.915493 0.0265068 6
0.942187 0.151189 4
0.976282 0.658538 2
0.941659 0.149789 4
0.923664 0.031 6
0.890411 9.14479e-05 13
0.882741 7.23221e-06 16
0.956966 0.328765 3
0.912719 0.0063238 8
0.888417 4.03769e-05 14
0.887995 3.9822e-05 14
0.917679 0.0140391 7
0.940165 0.146004 4
0.903091 0.00120438 10
0.977485 0.668807 2
0.889211 8.81478e-05 13
0.945408 0.160457 4
0.945951 0.162153 4
0.962007 0.35837 3
0.938544 0.26116 3
0.905605 0.0475115 5
0.897643 0.0206334 6
0.972577 1 1
0.903063 0.0463491 5
0.902912 0.0462832 5
0.895724 0.0201975 6
0.933666 0.250175 3
0.951714 0.530187 2
0.918458 0.110851 4
0.961058 0.564736 2
0.903207 0.0464126 5
0.961788 0.568017 2
0.943637 0.50889 2
0.975684 1 1
0.909289 0.023999 6
0.887 0.000823158 10
0.886828 0.00082034 10
0.881002 0.000334964 11
0.911222 0.024714 6
0.898515 0.00466362 8
0.96576 0.587687 2
0.888647 0.00183417 9
0.926783 0.120916 4
0.89328 0.0042626 8
0.88583 0.00080438 10
0.906172 0.0229539 6
0.884794 0.000788451 10
0.934863 0.252686 3
0.876705 6.2943e-05 13
0.95866 0.554611 2
0.983536 1 1
0.988424 1 1
0.914082 0.0522104 5
0.844479 5.23391e-10 26
0.996707 1 1
0.926644 0.120721 4
0.957012 0.548197 2
0.935285 0.253597 3
0.976282 1 1
0.86877 2.34291e-05 14
0.989744 1 1
0.927348 0.121722 4
0.891348 0.00413355 8
0.905669 0.0227965 6
0.896258 0.00212094 9
0.870306 9.79846e-07 18
0.869107 9.41587e-07 18
0.875914 1.26776e-05 15
0.930529 0.126611 4
0.88048 3.16682e-05 14
0.94286 0.272775 3
0.876012 1.27138e-05 15
0.917767 0.0276006 6
0.877878 1.34285e-05 15
0.892485 0.00092404 10
0.887586 0.000179935 12
0.877298 1.31996e-05 15
0.940926 0.147901 4
0.872983 5.26303e-06 16
0.889729 0.00873057 7
0.865166 4.88781e-05 13
0.864418 4.81514e-05 13
0.868142 0.000117096 12
0.924986 0.234912 3
0.875788 0.000672518 10
0.940219 0.501614 2
0.869543 0.000120255 12
0.910279 0.0499263 5
0.872189 0.000283336 11
0.884377 0.00373375 8
0.883062 0.00366801 8
0.869819 0.000120893 12
0.932215 0.247279 3
0.865104 4.8817e-05 13
0.911208 0.104221 4
0.87789 0.00343309 8
0.873789 0.00145753 9
0.907218 0.101187 4
0.957867 0.551471 2
0.883974 0.00816216 7
0.924281 0.233863 3
0.893213 0.0196654 6
0.937879 0.497113 2
0.888572 0.0187801 6
0.936092 0.49391 2
0.889163 0.0188865 6
0.904532 0.0993405 4
0.98255 1 1
0.906414 0.100619 4
0.969661 0.61041 2
0.933628 0.132019 4
0.926092 0.0621086 5
0.969681 0.610537 2
0.894114 0.0020311 9
0.932638 0.130216 4
0.919957 0.0564568 5
0.959087 0.556343 2
0.979085 0.683316 2
0.946915 0.285679 3
0.934265 0.133218 4
0.933474 0.131734 4
0.973483 0.636551 2
0.943461 0.274556 3
0.963349 0.575369 2
0.934111 0.0721508 5
0.903189 0.00120769 10
0.894913 0.000221272 12
0.97551 0.652207 2
0.8962 0.000230209 12
0.899243 0.000524235 11
0.887832 3.96095e-05 14
0.932164 0.0693742 5
0.944134 0.156633 4
0.915809 0.0134569 7
0.958309 0.336037 3
0.898855 0.000518309 11
0.962358 0.36068 3
0.934697 0.0730366 5
0.981492 0.707074 2
0.938196 0.260307 3
0.906665 0.0112186 7
0.898442 0.00465748 8
0.977485 0.668807 2
0.897162 0.00216132 9
0.903021 0.0050831 8
0.891859 0.000911312 10
0.935499 0.135634 4
0.948516 0.291391 3
0.919401 0.0560114 5
0.956966 0.548022 2
0.902774 0.00505803 8
0.965185 0.584639 2
0.93731 0.139417 4
0.981888 1 1
0.905677 0.0110252 7
0.879253 0.000147033 12
0.870761 1.0997e-05 15
0.952487 0.53259 2
0.880916 0.000152703 12
0.873344 2.6175e-05 14
0.858495 1.30678e-07 20
0.90824 0.0236333 6
0.91291 0.0253854 6
0.890861 0.0019089 9
0.949707 0.295893 3
0.871954 1.13533e-05 15
0.938625 0.26136 3
0.909301 0.0240035 6
0.961343 0.566003 2
0.902082 0.00241127 9
0.871586 2.08342e-07 20
0.868758 8.38726e-08 21
0.890653 0.000195484 12
0.952612 0.307855 3
0.879624 6.49498e-06 16
0.931304 0.0682227 5
0.882734 1.56204e-05 15
0.927123 0.0632108 5
0.880992 6.8038e-06 16
0.915513 0.0133694 7
0.885781 3.70957e-05 14
0.889697 8.94609e-05 13
0.962702 0.362985 3
0.888969 8.75073e-05 13
0.898019 0.0097575 7
0.863399 9.14388e-06 15
0.857382 6.6037e-07 18
0.915307 0.0530182 5
0.95567 0.543273 2
0.865469 2.17277e-05 14
0.888704 0.00397067 8
0.885605 0.00174103 9
0.922339 0.115156 4
0.875389 0.000300258 11
0.970493 0.615751 2
0.868603 5.24646e-05 13
0.906965 0.0481746 5
0.961034 0.564627 2
0.918423 0.110815 4
0.919777 0.112246 4
0.888208 0.00182008 9
0.884979 0.000791253 10
0.906565 0.0230791 6
0.942026 0.270372 3
0.895844 0.0044489 8
0.941849 0.269873 3
0.9001 0.0100659 7
0.945342 0.28042 3
0.898064 0.00976394 7
0.923544 0.116623 4
0.901781 0.0103334 7
0.906456 0.023044 6
0.974718 1 1
0.904184 0.0223486 6
0.960145 0.560764 2
0.939009 0.262319 3
0.937797 0.259341 3
0.918772 0.111177 4
0.887392 0.00389521 8
0.94999 0.525084 2
0.969356 1 1
0.939206 0.262817 3
0.965028 0.583818 2
0.945967 0.514392 2
0.896415 0.00953523 7
0.957275 0.54919 2
0.927148 0.238286 3
0.933251 0.249332 3
0.911946 0.0508889 5
0.986085 1 1
0.952365 0.306781 3
0.947204 0.286681 3
0.943499 0.27467 3
0.883853 0.000355618 11
0.956941 0.54793 2
0.942588 0.271983 3
0.963657 0.576878 2
0.98051 1 1
0.963837 0.577765 2
0.909092 0.0239295 6
0.960182 0.560924 2
0.953244 0.535012 2
0.933666 0.132089 4
0.935853 0.136352 4
0.980391 0.695903 2
0.943663 0.155271 4
0.937941 0.140805 4
0.949149 0.293756 3
0.891817 0.000202004 12
0.947138 0.286451 3
0.939789 0.145091 4
0.959629 0.343608 3
0.990485 1 1
0.955841 0.32299 3
0.918624 0.0280412 6
0.950133 0.297558 3
0.956898 0.328411 3
0.942332 0.151577 4
0.942127 0.151028 4
49 1 3 5 7 8 10 12 13 14 15 17 18 19 20 22 23 24 25 26 27 28 29 30 31 32 34 35 36 38 39 40 41 42 43 44 45 47 48 49 50 51 52 53 54 55 56 57 58 59 
59 0 1 2 3 4 5 6 7 8 9 10 11 12 13 14 15 16 17 18 19 20 21 22 23 24 25 26 27 28 29 30 31 32 33 34 36 37 38 39 40 41 42 43 44 45 46 47 48 49 50 51 52 53 54 55 56 57 58 59 
59 0 1 2 3 4 5 6 7 8 9 10 11 12 13 14 15 16 17 18 19 20 21 22 23 24 25 26 27 28 29 30 31 32 33 34 36 37 38 39 40 41 42 43 44 45 46 47 48 49 50 51 52 53 54 55 56 57 58 59 
55 1 2 3 5 7 8 9 10 11 12 14 15 16 17 18 19 20 21 22 23 24 25 26 27 28 29 30 31 32 33 34 35 36 37 38 39 40 41 42 43 44 45 47 48 49 50 51 52 53 54 55 56 57 58 59 
3 35 53 55 
58 0 1 2 3 4 5 6 7 8 9 10 11 12 13 14 15 16 17 18 19 20 21 22 23 24 25 26 27 28 29 30 31 32 33 34 36 37 38 39 40 41 42 43 44 45 47 48 49 50 51 52 53 54 55 56 57 58 59 
43 1 5 7 8 10 12 14 15 17 18 19 20 22 23 24 25 26 28 29 30 32 34 35 36 38 39 40 41 42 43 44 45 47 48 49 50 51 52 53 54 55 56 59 
59 0 1 2 3 4 5 6 7 8 9 10 11 12 13 14 15 16 17 18 19 20 21 22 23 24 25 26 27 28 29 30 31 32 33 34 35 36 37 38 39 40 41 42 43 44 45 47 48 49 50 51 52 53 54 55 56 57 58 59 
38 1 5 8 12 14 15 17 18 19 20 22 23 25 26 28 29 30 32 34 35 36 39 40 41 42 43 44 45 47 48 49 50 51 52 53 54 55 56 
59 0 1 2 3 4 5 6 7 8 9 10 11 12 13 14 15 16 17 18 19 20 21 22 23 24 25 26 27 28 29 30 31 32 33 34 35 36 37 38 39 40 41 42 43 44 45 47 48 49 50 51 52 53 54 55 56 57 58 59 
1 35 
55 1 2 3 5 7 8 9 10 11 12 14 15 16 17 18 19 20 21 22 23 24 25 26 27 28 29 30 31 32 33 34 35 36 37 38 39 40 41 42 43 44 45 47 48 49 50 51 52 53 54 55 56 57 58 59 
39 1 5 8 12 14 15 17 18 19 20 22 23 25 26 28 29 30 32 34 35 36 38 39 40 41 42 43 44 45 47 48 49 50 51 52 53 54 55 56 
15 12 14 17 18 20 22 25 32 35 39 40 43 49 53 55 
29 5 8 12 14 17 18 20 22 25 28 30 32 34 35 36 39 40 42 43 44 47 48 49 51 52 53 54 55 56 
