50 15 8e+06
1.5362 186360
1.77151 128232
2.15671 196887
2.09572 122337
1.86108 125221
2.70362 115631
1.5092 100707
2.6815 145880
2.74966 189301
2.07234 180141
2.91344 152804
1.93103 181963
2.86624 186959
2.1693 155070
1.91516 155235
2.54079 186615
2.81045 163077
1.35449 103099
2.55869 124857
1.59246 142118
2.70718 104859
1.96916 165187
1.57058 139007
2.1739 114691
1.36471 174251
1.06275 140105
2.90373 197456
1.76809 199869
1.24382 106469
2.11825 112959
1.30501 138487
1.0732 127811
2.06825 157156
1.78702 117711
1.03292 177060
1.17828 104447
1.38258 166174
2.38881 162747
2.21113 176372
1.57397 197145
1.27248 161357
1.93298 178223
2.73464 190093
1.19185 140418
1.38304 122431
2.07023 138102
2.1443 105349
2.11881 150777
1.00199 103286
2.01468 176901
0.939424 0.144216 4
0.920685 0.0570549 5
0.937141 0.139052 4
0.950719 0.299895 3
0.896728 0.00214177 9
0.902003 0.00498132 8
0.981896 1 1
0.932518 0.130002 4
0.982919 1 1
0.878733 3.01587e-05 14
0.864187 1.58332e-07 20
0.929083 0.124313 4
0.977584 0.669675 2
0.87827 2.9778e-05 14
0.920532 0.0569272 5
0.959205 0.556824 2
0.93076 0.244526 3
0.898909 0.0209363 6
0.930489 0.244031 3
0.915594 0.108036 4
0.893855 0.0197977 6
0.90927 0.102701 4
0.914299 0.106851 4
0.906783 0.0480841 5
0.972233 1 1
0.901711 0.0457685 5
0.960658 0.562977 2
0.910371 0.103553 4
0.893683 0.0197619 6
0.968962 1 1
0.9658 0.587902 2
0.9845 1 1
0.946403 0.283928 3
0.968545 0.603528 2
0.962629 0.571919 2
0.945138 0.27976 3
0.936072 0.136802 4
0.964756 0.582409 2
0.916403 0.0269316 6
0.922713 0.0588182 5
0.933833 0.132402 4
0.97927 0.685059 2
0.916848 0.0271459 6
0.938297 0.141605 4
0.975086 0.648824 2
0.964443 0.375157 3
0.921153 0.0152673 7
0.900586 0.00054567 11
0.934502 0.0727401 5
0.899919 0.000534846 11
0.884939 7.83097e-06 16
0.924643 0.0316573 6
0.911837 0.00311411 9
0.931464 0.0371783 6
0.94648 0.163846 4
0.878989 6.16319e-07 19
0.954126 0.314694 3
0.936151 0.0753384 5
0.877188 2.62336e-07 20
0.955777 0.322668 3
0.92577 0.0617742 5
0.968423 0.602798 2
0.940307 0.146355 4
0.938258 0.141516 4
0.995569 1 1
0.968286 0.601981 2
0.90893 0.0116932 7
0.955335 0.32048 3
0.884184 7.62564e-05 13
0.895909 0.00100006 10
0.966005 0.589011 2
0.938889 0.14296 4
0.883479 7.4804e-05 13
0.978732 0.680025 2
0.937277 0.139345 4
0.936246 0.494177 2
0.9611 0.564919 2
0.995885 1 1
0.967096 1 1
0.945853 0.514112 2
0.961114 0.564981 2
0.95467 0.539772 2
0.98425 1 1
0.924131 0.233644 3
0.878777 0.00347096 8
0.910871 0.10395 4
0.939496 0.500184 2
0.921235 0.229608 3
0.932361 0.247563 3
0.930978 0.24493 3
0.967586 0.597865 2
0.924248 0.0313884 6
0.913409 0.0127793 7
0.946079 0.282841 3
0.900077 0.00111006 10
0.890899 0.000196827 12
0.945201 0.15982 4
0.921042 0.029378 6
0.955514 0.321361 3
0.923685 0.0310139 6
0.87401 1.11361e-06 18
0.952856 0.30893 3
0.960288 0.34755 3
0.877572 6.07056e-06 16
0.949433 0.294835 3
0.914084 0.00654805 8
0.956018 0.323881 3
0.931521 0.0685091 5
0.926468 0.0329645 6
0.982782 0.720848 2
0.964689 0.376957 3
0.898047 0.000506324 11
0.944772 0.158519 4
0.873102 2.21285e-07 20
0.88822 4.01164e-05 14
0.974033 0.640669 2
0.927265 0.0335717 6
0.872301 9.70375e-08 21
0.989287 1 1
0.926258 0.0328085 6
0.896195 0.00211819 9
0.927578 0.122056 4
0.960304 0.561445 2
0.925564 0.0615626 5
0.926046 0.0620603 5
0.955353 0.320566 3
0.920594 0.0569793 5
0.946566 0.284484 3
0.891489 0.000903961 10
0.843627 7.2548e-12 0
0.8983 0.00221441 9
0.900585 0.00484666 8
0.887614 0.000386798 11
0.926393 0.0624253 5
0.893145 0.000937815 10
0.923325 0.116351 4
0.956085 0.544767 2
0.920124 0.112624 4
0.926411 0.120395 4
0.974452 1 1
0.944605 0.278068 3
0.895493 0.00442234 8
0.936888 0.257198 3
0.874326 5.95192e-05 13
0.909278 0.0239954 6
0.977918 1 1
0.937745 0.259217 3
0.874563 5.98464e-05 13
0.964138 0.579268 2
0.939869 0.264518 3
0.954096 0.314552 3
0.929282 0.124621 4
0.895906 0.00210567 9
0.926561 0.062604 5
0.915893 0.0266917 6
0.892926 0.000933209 10
0.904239 0.00521086 8
0.911776 0.0249291 6
0.900934 0.00487908 8
0.976756 0.66252 2
0.904204 0.00520714 8
0.957231 0.549025 2
0.904429 0.0052315 8
0.894528 0.00204783 9
0.966242 0.590303 2
0.9268 0.12094 4
0.971659 0.62355 2
0.953621 0.536243 2
0.945134 0.279748 3
0.985764 1 1
0.982319 1 1
0.918074 0.110456 4
0.966557 0.592039 2
0.891364 0.00413456 8
0.888503 0.00182951 9
0.952355 0.532175 2
0.938238 0.260408 3
0.890052 0.00405181 8
0.974131 1 1
0.934462 0.251831 3
0.904785 0.00527037 8
0.938228 0.141448 4
0.967923 0.599833 2
0.933843 0.13242 4
0.936949 0.13864 4
0.966237 0.590272 2
0.924964 0.060958 5
0.956498 0.326332 3
0.895245 0.000984411 10
0.853027 3.21475e-10 27
0.908127 0.0115197 7
0.910034 0.0119417 7
0.891742 0.000427352 11
0.936049 0.136753 4
0.902797 0.00506037 8
0.981729 0.709547 2
0.965098 0.379984 3
0.933703 0.0715482 5
0.964662 0.376756 3
0.943905 0.155968 4
0.926434 0.032939 6
0.936723 0.0762863 5
0.949848 0.175628 4
0.923877 0.0311408 6
0.937282 0.0772381 5
0.919386 0.014617 7
0.996401 1 1
0.925574 0.0323106 6
0.920042 0.0148522 7
0.992865 1 1
0.914723 0.0131412 7
0.945097 0.159504 4
0.979839 0.690502 2
0.944639 0.158121 4
0.938978 0.143168 4
0.965043 0.583897 2
0.936649 0.138003 4
0.965721 0.587479 2
0.906523 0.00546968 8
0.86042 2.31963e-09 25
0.907307 0.00556478 8
0.918986 0.0282323 6
0.90302 0.0024655 9
0.933522 0.0712844 5
0.911194 0.0122156 7
0.892839 0.000439454 11
0.915546 0.0265313 6
0.95513 0.319477 3
0.922524 0.0586479 5
0.908174 0.00567386 8
0.934706 0.134068 4
0.927857 0.0640258 5
0.93706 0.138878 4
0.900989 0.00235091 9
0.836064 5.13251e-12 0
0.878308 1.36027e-05 15
0.894089 0.000958223 10
0.896339 0.00101045 10
0.904831 0.00527548 8
0.885732 7.96185e-05 13
0.936124 0.136907 4
0.977604 0.669858 2
0.970838 0.618016 2
0.959859 0.344967 3
0.971392 0.621733 2
0.979531 0.687536 2
0.934744 0.0731079 5
0.984286 0.737881 2
0.906742 0.00270583 9
0.888519 8.6335e-05 13
0.935678 0.135997 4
0.945036 0.159317 4
0.905017 0.00258915 9
0.95652 0.326445 3
0.938927 0.143049 4
0.951251 0.302072 3
0.924774 0.0607689 5
0.932804 0.130514 4
0.954806 0.540242 2
0.899787 0.00477423 8
0.900719 0.00485901 8
0.97648 0.660191 2
0.932429 0.129844 4
0.986711 1 1
0.89188 0.00091175 10
0.868375 2.05697e-06 17
0.939115 0.262586 3
0.98579 1 1
0.879658 6.76881e-05 13
0.931225 0.127767 4
0.884128 0.00169933 9
0.907573 0.0484814 5
0.946205 0.51498 2
0.913549 0.0518711 5
0.90169 0.0216483 6
0.929055 0.241482 3
0.919146 0.111571 4
0.928615 0.240725 3
0.89305 0.00910781 7
0.828141 3.64725e-12 0
0.873109 0.000288014 11
0.885551 0.00173946 9
0.888332 0.00394897 8
0.900093 0.0212312 6
0.877345 0.000690082 10
0.915249 0.0263958 6
0.929372 0.124761 4
0.969823 0.611433 2
0.944589 0.278018 3
0.914799 0.0261937 6
0.935032 0.134706 4
0.955103 0.541271 2
0.951518 0.303177 3
0.927372 0.121757 4
0.854896 4.19987e-09 24
0.881552 0.000154976 12
0.914112 0.0258923 6
0.922681 0.0587891 5
0.904764 0.0108533 7
0.905049 0.0109063 7
0.950228 0.297934 3
0.98481 1 1
0.943175 0.273705 3
0.955982 0.544396 2
0.977291 0.667114 2
0.953334 0.311064 3
0.92387 0.0598927 5
0.961925 0.568642 2
0.902358 0.00501632 8
0.916812 0.0540631 5
0.9492 0.293948 3
0.964255 0.579854 2
0.902482 0.00502862 8
0.952711 0.308291 3
0.962828 0.572863 2
0.904288 0.0991797 4
0.946384 0.515425 2
0.951779 0.530388 2
0.928111 0.239873 3
0.958081 0.552309 2
0.98585 1 1
0.908623 0.102213 4
0.953401 0.535522 2
0.879822 0.00351678 8
0.862466 0.000105648 12
0.935569 0.493009 2
0.913607 0.106238 4
0.877423 0.00341354 8
0.965489 1 1
0.908659 0.10224 4
0.99024 1 1
0.945363 0.160318 4
0.928436 0.0646864 5
0.963352 0.367422 3
0.921044 0.0293789 6
0.909925 0.00590811 8
0.949748 0.296051 3
0.939237 0.143773 4
0.946374 0.163504 4
0.930516 0.067206 5
0.894397 0.000217851 12
0.974994 0.648092 2
0.94922 0.294025 3
0.897918 0.000504445 11
0.970034 0.612782 2
0.935717 0.136075 4
0.95505 0.319089 3
0.992587 1 1
0.966935 0.594151 2
0.938297 0.141605 4
0.953454 0.311604 3
0.960789 0.563549 2
0.977584 0.669675 2
0.929825 0.125476 4
0.876243 1.27988e-05 15
0.903479 0.00513037 8
0.937149 0.13907 4
0.92655 0.0625926 5
0.924639 0.060636 5
0.928214 0.0644312 5
0.968962 0.606064 2
0.98434 1 1
0.951535 0.529642 2
0.97578 1 1
0.958964 0.555842 2
0.9455 0.280931 3
0.943045 0.27332 3
0.969216 0.607626 2
0.922652 0.115531 4
0.919239 0.111669 4
0.928233 0.123021 4
0.980077 1 1
0.922879 0.115804 4
0.935068 0.253127 3
0.973245 1 1
0.968881 0.605564 2
0.935631 0.135902 4
0.933511 0.131802 4
0.963468 0.575951 2
0.910125 0.0119627 7
0.906251 0.00543742 8
0.968467 0.603058 2
0.938163 0.141302 4
0.969853 0.611622 2
0.908618 0.0116252 7
0.880066 3.12999e-05 14
0.955524 0.321409 3
0.971982 0.625784 2
0.888461 0.000184146 12
0.948179 0.290155 3
0.943463 0.508497 2
0.979791 1 1
0.976204 1 1
0.969239 0.607772 2
0.964595 0.581583 2
0.970404 1 1
0.943964 0.509635 2
0.993842 1 1
0.915884 0.108308 4
0.891744 0.00895458 7
0.928581 0.240667 3
0.950917 0.527785 2
0.914152 0.106719 4
0.947397 0.518008 2
0.94375 0.509146 2
0.905689 0.0228027 6
0.949513 0.295143 3
0.938916 0.262085 3
0.924166 0.117407 4
0.970776 0.617608 2
0.977537 1 1
0.899586 0.00998749 7
0.947086 0.286272 3
0.872401 2.55673e-05 14
0.872255 2.54748e-05 14
0.956086 0.54477 2
0.917243 0.054374 5
0.870787 1.10045e-05 15
0.986861 1 1
0.914272 0.0523335 5
0.917859 0.0276471 6
0.954202 0.315047 3
0.975739 0.654064 2
0.945905 0.282263 3
0.952273 0.306383 3
0.979645 0.688628 2
0.930779 0.127023 4
0.970859 0.618155 2
0.9009 0.00234612 9
0.867328 3.96683e-07 19
0.920959 0.0293294 6
0.924388 0.0603907 5
0.898027 0.00220144 9
0.947623 0.288159 3
0.917472 0.0274525 6
0.904281 0.00124564 10
0.947024 0.165631 4
0.928925 0.0652587 5
0.919008 0.0144851 7
0.972491 0.629354 2
0.965802 0.587917 2
0.892357 9.72459e-05 13
0.939588 0.144608 4
0.866446 6.84255e-09 24
0.877203 1.25158e-06 18
0.968997 0.606275 2
0.916914 0.013795 7
0.865288 6.49203e-09 24
0.99767 1 1
0.915374 0.0133284 7
0.905484 0.00261982 9
0.949159 0.293795 3
0.936097 0.0752494 5
0.922865 0.0304849 6
0.971975 0.625732 2
0.97426 0.642396 2
0.897585 0.000499682 11
0.945122 0.159578 4
0.870764 9.09981e-08 21
0.873844 5.02164e-07 19
0.959907 0.345258 3
0.91739 0.0139458 7
0.869288 8.5679e-08 21
0.990823 1 1
0.914831 0.0131718 7
0.904863 0.0025792 9
0.944864 0.158796 4
0.919817 0.0286831 6
0.915248 0.0132919 7
0.971254 0.620799 2
0.953895 0.313622 3
0.886787 3.82969e-05 14
0.932773 0.0702166 5
0.862499 2.54647e-09 25
0.884902 3.60966e-05 14
0.983583 0.729788 2
0.918374 0.014269 7
0.861859 2.47364e-09 25
0.984872 0.744829 2
0.918426 0.0142864 7
0.936027 0.493797 2
0.944245 0.510281 2
0.903979 0.0989773 4
0.923843 0.233226 3
0.945197 0.512521 2
0.916136 0.223348 3
0.893834 0.0197933 6
0.922057 0.230715 3
0.879948 0.00352237 8
0.94419 0.510153 2
0.944939 0.511905 2
0.949042 0.522415 2
0.881734 0.00796506 7
0.928238 0.240086 3
0.956544 0.546449 2
0.965731 0.587536 2
0.954814 0.540269 2
0.918179 0.110564 4
0.946194 0.514952 2
0.941089 0.267769 3
0.917854 0.110233 4
0.918359 0.110748 4
0.935419 0.253891 3
0.90748 0.0233776 6
0.951865 0.530651 2
0.924794 0.118216 4
0.976925 1 1
0.909703 0.0496072 5
0.918507 0.110901 4
0.986492 1 1
0.988358 0.789912 2
0.948898 0.172122 4
0.935292 0.0739606 5
0.970203 0.613864 2
0.923686 0.0163022 7
0.914748 0.00666268 8
0.957085 0.329393 3
0.945158 0.159689 4
0.950734 0.17904 4
0.923698 0.0163073 7
0.895258 0.00010706 13
0.97438 0.643315 2
0.952885 0.309056 3
0.900803 0.000549275 11
0.96727 0.397007 3
0.919469 0.227327 3
0.926952 0.237969 3
0.964015 1 1
0.946986 0.516949 2
0.909589 0.102944 4
0.926792 0.237713 3
0.964331 1 1
0.94795 0.519459 2
0.938238 0.497779 2
0.857834 1.84714e-05 14
0.875905 0.001501 9
0.916363 0.108764 4
0.933266 0.249362 3
0.897424 0.0205824 6
0.907086 0.0482352 5
0.912998 0.105711 4
0.946295 0.515204 2
0.97591 1 1
0.942187 0.505696 2
0.942928 0.507308 2
0.970637 1 1
0.931556 0.246016 3
0.965194 1 1
0.901527 0.0456913 5
0.860582 0.000102258 12
0.912168 0.105009 4
0.918291 0.225875 3
0.898224 0.0443768 5
0.939132 0.499477 2
0.910925 0.103993 4
0.933524 0.131826 4
0.965303 0.585258 2
0.926894 0.0629619 5
0.936028 0.136709 4
0.97773 0.670966 2
0.946983 0.285914 3
0.904612 0.0108254 7
0.944538 0.277859 3
0.88381 0.000163556 12
0.915226 0.0263852 6
0.967457 0.597121 2
0.948077 0.289788 3
0.884137 0.000164869 12
0.960072 0.560453 2
0.949854 0.296463 3
0.901856 0.0458296 5
0.936885 0.495308 2
0.963559 1 1
0.930361 0.243798 3
0.937837 0.497036 2
0.967933 1 1
0.920231 0.228295 3
0.953793 0.536814 2
0.890617 0.0191558 6
0.851543 3.02933e-06 16
0.910385 0.103564 4
0.907713 0.101544 4
0.88721 0.00846983 7
0.938865 0.498964 2
0.900794 0.0453881 5
0.91125 0.0504798 5
0.95231 0.532034 2
0.927103 0.121371 4
0.922612 0.115482 4
0.979003 1 1
0.960425 0.561967 2
0.894045 0.00431635 8
0.940402 0.265918 3
0.869442 2.38026e-05 14
0.887862 0.00180911 9
0.97834 1 1
0.924626 0.117998 4
0.868734 2.34099e-05 14
0.988263 1 1
0.924106 0.117331 4
0.922126 0.23081 3
0.937976 0.497292 2
0.978628 1 1
0.952239 0.531811 2
0.922972 0.231983 3
0.942198 0.505718 2
0.95825 0.552973 2
0.960326 0.561541 2
0.928696 0.240862 3
0.861915 4.58431e-05 13
0.889222 0.00867649 7
0.921767 0.230321 3
0.92441 0.234053 3
0.912026 0.104891 4
0.912723 0.105476 4
0.928809 0.0651222 5
0.943486 0.154767 4
0.982384 0.716516 2
0.95912 0.340639 3
0.926894 0.0629619 5
0.943876 0.155882 4
0.963382 0.57553 2
0.96555 0.586568 2
0.932929 0.130738 4
0.868108 1.82413e-07 20
0.892623 0.000437029 11
0.928355 0.0645935 5
0.928916 0.0652477 5
0.914365 0.0130405 7
0.919208 0.0283512 6
0.942039 0.150793 4
0.936709 0.0762632 5
0.897973 0.000243544 12
0.922874 0.015956 7
0.931445 0.0371608 6
0.904262 0.00124495 10
0.895152 0.000106674 13
0.915591 0.00681368 8
0.885411 7.96936e-06 16
0.962128 0.359162 3
0.927242 0.033554 6
0.952245 0.185183 4
0.887931 1.86538e-05 15
0.91255 0.00318001 9
0.961625 0.355895 3
0.971523 0.622623 2
0.969724 0.610808 2
0.960111 0.346479 3
0.995516 1 1
0.943399 0.154521 4
0.939388 0.144132 4
0.963179 0.574546 2
0.971406 0.621824 2
0.941045 0.148206 4
0.90909 0.00579404 8
0.910505 0.0120513 7
0.97193 0.625419 2
0.940576 0.147021 4
0.921524 0.0296617 6
0.962135 0.569613 2
0.963015 0.365106 3
0.972446 0.629038 2
0.932743 0.0701746 5
0.955889 0.323228 3
0.958678 0.338109 3
0.935569 0.0743986 5
0.924607 0.0316327 6
0.951038 0.180239 4
0.908054 0.00280133 9
0.934172 0.0722429 5
0.937161 0.0770312 5
0.978093 0.674208 2
0.90921 0.00289068 9
0.93504 0.073566 5
0.98047 0.696691 2
0.905415 0.00261522 9
0.915239 0.0132894 7
0.954469 0.316304 3
0.932921 0.0704247 5
0.900242 0.00111488 10
0.920505 0.0290684 6
0.950332 0.298346 3
0.936794 0.13831 4
0.927124 0.0632116 5
0.844803 7.67258e-12 0
0.867512 7.98316e-08 21
0.90268 0.00244554 9
0.921874 0.0298717 6
0.890576 0.000195061 12
0.893575 0.000447934 11
0.935566 0.135771 4
0.947306 0.287037 3
0.981631 1 1
0.965743 0.587595 2
0.928648 0.123645 4
0.942731 0.272399 3
0.969489 0.609325 2
0.968351 0.602368 2
0.938407 0.260823 3
0.874042 1.20225e-05 15
0.894027 0.00202764 9
0.934538 0.133743 4
0.934651 0.13396 4
0.914339 0.0259909 6
0.925229 0.0612235 5
0.981007 1 1
0.940056 0.265006 3
0.92913 0.124384 4
0.962905 0.57323 2
0.915018 0.0528244 5
0.906774 0.0112404 7
0.956605 0.546677 2
0.937489 0.258608 3
0.956353 0.545745 2
0.922119 0.0582862 5
0.887 0.000823146 10
0.966106 0.589558 2
0.959323 0.557311 2
0.892379 0.00196394 9
0.960161 0.560831 2
0.948768 0.521663 2
0.92177 0.230326 3
0.930194 0.243496 3
0.951704 0.530159 2
0.896862 0.0204528 6
0.897923 0.0206993 6
0.974245 1 1
0.929496 0.242252 3
0.989852 1 1
0.890319 0.0087947 7
0.865569 0.000111658 12
0.93642 0.256124 3
0.988873 1 1
0.876813 0.00152049 9
0.928684 0.240842 3
0.974482 0.644097 2
0.930077 0.125878 4
0.91027 0.0119963 7
0.944548 0.27789 3
0.907851 0.0114616 7
0.893863 0.000953262 10
0.933579 0.131929 4
0.921481 0.0577296 5
0.93756 0.139962 4
0.942221 0.270928 3
0.885084 0.000168778 12
0.962869 0.573057 2
0.94179 0.269707 3
0.884878 0.000167913 12
0.96297 0.573542 2
12 0 1 3 6 10 17 22 25 34 47 48 49 
30 0 1 2 3 5 6 10 13 14 15 17 18 19 22 23 24 25 26 33 34 35 40 41 43 44 45 46 47 48 49 
27 0 1 2 3 5 6 10 13 17 19 22 23 24 25 33 34 35 40 41 42 43 44 45 46 47 48 49 
15 0 1 3 6 10 13 17 22 25 33 34 43 47 48 49 
33 0 1 2 3 5 6 9 10 13 16 17 19 20 22 23 24 25 26 32 33 34 35 37 40 41 42 43 44 45 46 47 48 49 
42 0 1 2 3 4 5 6 8 9 10 11 12 13 14 15 16 17 18 19 20 22 23 24 25 26 28 32 33 34 35 36 37 40 41 42 43 44 45 46 47 48 49 
12 0 1 3 6 10 17 22 25 34 47 48 49 
27 0 1 2 3 5 6 10 13 17 19 22 23 24 25 33 34 35 40 41 42 43 44 45 46 47 48 49 
3 3 6 49 
10 0 3 6 17 22 25 34 47 48 49 
50 0 1 2 3 4 5 6 7 8 9 10 11 12 13 14 15 16 17 18 19 20 21 22 23 24 25 26 27 28 29 30 31 32 33 34 35 36 37 38 39 40 41 42 43 44 45 46 47 48 49 
14 0 1 3 6 10 17 22 25 34 35 45 47 48 49 
3 3 6 49 
48 0 1 2 3 4 5 6 7 8 9 10 11 12 13 14 15 16 17 18 19 20 21 22 23 24 25 26 27 28 30 32 33 34 35 36 37 38 39 40 41 42 43 44 45 46 47 48 49 
20 0 1 3 6 10 13 17 19 22 25 34 35 40 41 43 45 46 47 48 49 
