40 15 8e+06
1.29684 122969
1.98757 108940
1.46801 189965
1.59641 168179
1.3372 143310
1.63933 116978
2.9852 186154
2.69415 159165
2.38613 120981
1.35378 138926
2.73646 197568
2.01299 160468
2.31883 189247
2.87538 108350
1.66124 164848
1.41817 168506
1.52056 187740
1.13855 175707
1.12039 123258
2.42368 135673
2.21338 148076
1.79051 164591
1.94019 111489
1.21737 189335
1.43282 156827
1.22168 195513
2.96346 102906
2.60738 101025
1.99063 146432
1.87652 141900
2.95329 175659
1.40591 175343
2.62964 193306
1.75431 152012
2.64625 163143
2.69667 118123
2.81361 153044
1.86098 150962
2.17939 108569
1.58526 129094
0.946529 0.164007 4
0.980534 0.697325 2
0.972526 0.629607 2
0.931269 0.068177 5
0.922741 0.0304072 6
0.888551 8.64176e-05 13
0.926258 0.0328085 6
0.926398 0.0329124 6
0.933253 0.0708974 5
0.922468 0.030236 6
0.946652 0.164407 4
0.925311 0.032123 6
0.976282 0.658538 2
0.977182 0.666172 2
0.97576 0.654239 2
0.944211 0.156857 4
0.978218 0.675334 2
0.976673 0.661817 2
0.9298 0.0663124 5
0.922877 0.0304925 6
0.885534 3.68111e-05 14
0.924888 0.0318261 6
0.926429 0.062463 5
0.931493 0.0684726 5
0.919932 0.0287463 6
0.950658 0.299652 3
0.922241 0.030096 6
0.974517 0.644371 2
0.981445 0.706584 2
0.979968 0.691748 2
0.989681 1 1
0.964322 0.580197 2
0.923344 0.0593973 5
0.897172 0.0010312 10
0.880055 1.43469e-05 15
0.879449 1.40816e-05 15
0.892195 0.000432272 11
0.883872 7.56076e-05 13
0.901085 0.00235609 9
0.900033 0.00230053 9
0.911253 0.01223 7
0.909419 0.0118018 7
0.932888 0.130664 4
0.932206 0.129453 4
0.926562 0.062605 5
0.912149 0.0124518 7
0.931277 0.127855 4
0.922291 0.0584386 5
0.96855 0.603557 2
0.939955 0.145493 4
0.94597 0.282479 3
0.964469 0.580942 2
0.943656 0.275143 3
0.974096 0.641142 2
0.979398 0.686268 2
0.89191 0.000429161 11
0.985229 1 1
0.958133 0.335059 3
0.920424 0.0290223 6
0.923917 0.0599369 5
0.987705 1 1
0.953362 0.311187 3
0.914113 0.0258927 6
0.882934 0.000160129 12
0.866806 8.74094e-07 18
0.866184 8.57089e-07 18
0.87802 2.95757e-05 14
0.870535 2.19787e-06 17
0.886716 0.0003789 11
0.885589 0.000170929 12
0.906852 0.0112561 7
0.89497 0.00206604 9
0.919265 0.0559037 5
0.923778 0.0598057 5
0.91722 0.0273274 6
0.871239 2.24691e-06 17
0.893128 0.000937454 10
0.897257 0.00216566 9
0.970504 0.615823 2
0.95282 0.30877 3
0.951762 0.304203 3
0.974644 0.645357 2
0.953811 0.313235 3
0.969596 0.609998 2
0.973394 0.635889 2
0.867238 3.95456e-07 19
0.95993 0.55985 2
0.926789 0.0628481 5
0.891758 0.000427528 11
0.897647 0.00218365 9
0.913863 0.00651082 8
0.932262 0.0695078 5
0.921876 0.0298729 6
0.965938 0.588646 2
0.937526 0.0776628 5
0.945869 0.161895 4
0.961849 0.357347 3
0.941243 0.148712 4
0.971464 0.62222 2
0.977457 0.668566 2
0.891705 9.52382e-05 13
0.984997 0.746327 2
0.957782 0.333133 3
0.920359 0.0149683 7
0.923593 0.0309539 6
0.912385 0.0062711 8
0.908421 0.00570586 8
0.879928 6.56168e-06 16
0.908168 0.00567319 8
0.88072 6.74058e-06 16
0.934601 0.0728896 5
0.905176 0.00259954 9
0.884122 1.63511e-05 15
0.913346 0.0127625 7
0.927524 0.0636524 5
0.855911 7.02771e-11 29
0.940985 0.148053 4
0.91044 0.00598058 8
0.882961 1.57362e-05 15
0.882497 1.55005e-05 15
0.900963 0.00113639 10
0.928426 0.0646751 5
0.93756 0.139962 4
0.986096 0.759898 2
0.969891 0.611868 2
0.924869 0.0318135 6
0.981426 0.706389 2
0.974068 0.640933 2
0.98526 0.749516 2
0.965354 0.585529 2
0.906149 0.00266463 9
0.957832 0.333407 3
0.966081 0.589421 2
0.931577 0.0685837 5
0.937941 0.140805 4
0.943214 0.273821 3
0.960292 0.561394 2
0.937352 0.258283 3
0.943724 0.27535 3
0.922008 0.0581883 5
0.919525 0.0561097 5
0.938613 0.26133 3
0.926055 0.119904 4
0.948202 0.290239 3
0.947096 0.286305 3
0.910239 0.0243438 6
0.955286 0.541915 2
0.968661 0.604232 2
0.939694 0.264064 3
0.94 0.264859 3
0.920703 0.05707 5
0.953851 0.313419 3
0.980705 1 1
0.942648 0.272157 3
0.943319 0.274131 3
0.888364 0.000393629 11
0.938461 0.141977 4
0.946476 0.284176 3
0.942561 0.271906 3
0.926329 0.0623579 5
0.947905 0.289165 3
0.924415 0.060417 5
0.976746 0.662435 2
0.972732 0.631079 2
0.980642 1 1
0.959698 0.558874 2
0.984141 1 1
0.96275 0.572494 2
0.908455 0.0489373 5
0.900732 0.0453629 5
0.870263 0.000273973 11
0.903531 0.0465563 5
0.904181 0.0468488 5
0.910577 0.103716 4
0.901302 0.0455973 5
0.953432 0.535624 2
0.90562 0.0475186 5
0.952333 0.532104 2
0.9736 1 1
0.965798 1 1
0.921486 0.0577337 5
0.912638 0.0252741 6
0.880626 0.000151688 12
0.900055 0.00479825 8
0.873574 2.63267e-05 14
0.92049 0.0568924 5
0.89661 0.00450817 8
0.87712 6.35755e-05 13
0.905224 0.0109391 7
0.917317 0.0544275 5
0.858656 5.76145e-08 21
0.930809 0.127072 4
0.908623 0.0237651 6
0.884857 0.00036347 11
0.883388 0.000352087 11
0.959513 0.342921 3
0.983997 0.734531 2
0.962903 0.364345 3
0.908457 0.0028319 9
0.900788 0.00113109 10
0.870189 8.88734e-08 21
0.903537 0.00121954 10
0.904234 0.00253927 9
0.910569 0.00599909 8
0.90126 0.00114547 10
0.953621 0.312363 3
0.905555 0.00262451 9
0.95234 0.306673 3
0.973765 0.63865 2
0.965947 0.588694 2
0.955916 0.544155 2
0.924965 0.23488 3
0.885697 0.00380251 8
0.867723 5.15058e-05 13
0.847981 4.07193e-08 21
0.864755 2.13861e-05 14
0.863152 2.06493e-05 14
0.851706 2.44654e-07 19
0.872098 0.000282882 11
0.875535 0.000669745 10
0.876346 0.000678709 10
0.886872 0.00386623 8
0.897087 0.0205043 6
0.894409 0.00927444 7
0.888779 0.00397509 8
0.910638 0.103764 4
0.941273 0.503764 2
0.98255 1 1
0.916827 0.109213 4
0.92466 0.234424 3
0.862115 4.60213e-05 13
0.913342 0.106008 4
0.926716 0.237592 3
0.915972 0.108391 4
0.899255 0.0447735 5
0.971022 1 1
0.896972 0.0204781 6
0.948603 0.521214 2
0.973909 1 1
0.979215 1 1
0.893031 0.00424544 8
0.925151 0.118687 4
0.958147 0.552568 2
0.945084 0.279589 3
0.961074 0.564807 2
0.884173 0.000779202 10
0.94304 0.273304 3
0.962438 0.571023 2
0.942287 0.271115 3
0.922762 0.115663 4
0.933139 0.249106 3
0.916153 0.0535978 5
0.95426 0.538378 2
0.94741 0.518041 2
0.956093 0.544797 2
0.948424 0.520729 2
0.947213 0.517533 2
0.914374 0.106918 4
0.921361 0.229776 3
0.897329 0.0205602 6
0.91704 0.109422 4
0.916827 0.109213 4
0.901217 0.0455621 5
0.926344 0.237002 3
0.931805 0.246489 3
0.891621 0.0193483 6
0.943911 0.509513 2
0.941261 0.50374 2
0.918965 0.226699 3
0.917291 0.109669 4
0.93371 0.250266 3
0.954359 0.538713 2
0.938897 0.262038 3
0.954188 0.538134 2
0.931864 0.128857 4
0.924804 0.11823 4
0.949001 0.293198 3
0.935941 0.255045 3
0.958654 0.554588 2
0.955997 0.54445 2
0.909717 0.0241526 6
0.962398 0.570835 2
0.973891 0.639593 2
0.939345 0.26317 3
0.941171 0.267992 3
0.969177 0.607385 2
0.958535 0.554108 2
0.919651 0.112109 4
0.908928 0.0491878 5
0.888334 0.00394911 8
0.897336 0.00966127 7
0.904072 0.0223158 6
0.892239 0.00901192 7
0.913396 0.0517745 5
0.915244 0.10771 4
0.901618 0.0216291 6
0.92595 0.11976 4
0.93849 0.261026 3
0.926543 0.237316 3
0.92282 0.115734 4
0.881963 0.00798468 7
0.900916 0.0454381 5
0.898448 0.0444619 5
0.967854 1 1
0.941851 0.504978 2
0.965625 1 1
0.969072 1 1
0.943951 0.509606 2
0.970318 1 1
0.986738 1 1
0.868156 0.000597637 10
0.976382 1 1
0.931304 0.245539 3
0.89453 0.0199394 6
0.89938 0.0448221 5
0.858687 1.87959e-05 14
0.88514 0.00377314 8
0.900954 0.0454536 5
0.961284 0.565741 2
0.971786 1 1
0.91924 0.11167 4
0.966283 1 1
0.969466 1 1
0.956335 0.545682 2
0.945873 0.514159 2
0.873079 0.000643958 10
0.932273 0.247393 3
0.921387 0.229811 3
0.892941 0.0196103 6
0.900318 0.0451951 5
0.964597 0.581593 2
0.967186 0.595574 2
0.930673 0.244368 3
0.920818 0.113395 4
0.900765 0.021404 6
0.903184 0.0464023 5
0.915809 0.108237 4
0.904723 0.0470974 5
0.925149 0.235158 3
0.92523 0.235279 3
0.909804 0.0496628 5
0.934928 0.252824 3
0.951812 0.530487 2
0.936659 0.25667 3
0.933808 0.250467 3
0.912303 0.00625831 8
0.943939 0.156066 4
0.962851 0.363989 3
0.959863 0.344992 3
0.95893 0.339543 3
0.902245 0.000574293 11
0.955772 0.322645 3
0.962544 0.361923 3
0.959299 0.341674 3
0.941523 0.149436 4
0.93086 0.0366137 6
0.937616 0.0778194 5
0.979496 0.687202 2
0.955521 0.321392 3
0.962855 0.364014 3
0.878869 0.000708177 10
0.889708 0.00403079 8
0.877365 0.000311676 11
0.936459 0.256214 3
0.909512 0.0495028 5
0.990778 1 1
0.936431 0.25615 3
0.911807 0.0508059 5
0.940244 0.265499 3
0.96039 0.561813 2
0.848498 1.77999e-08 22
0.965392 0.585729 2
0.911458 0.0506011 5
0.875765 0.00030237 11
0.878907 0.000708631 10
0.987325 0.775838 2
0.977214 0.666451 2
0.936095 0.0752475 5
0.902843 0.000585245 11
0.887996 1.86974e-05 15
0.878372 6.00793e-07 19
0.897776 0.000242003 12
0.891773 4.52679e-05 14
0.90633 0.00132276 10
0.902761 0.000583709 11
0.924198 0.0165275 7
0.910751 0.00301813 9
0.941955 0.150571 4
0.945365 0.160323 4
0.939338 0.0809618 5
0.921324 0.229727 3
0.913289 0.105962 4
0.881678 0.00360162 8
0.901972 0.0458784 5
0.875378 0.00148993 9
0.922447 0.231251 3
0.898545 0.044499 5
0.878922 0.0034772 8
0.907152 0.10114 4
0.919366 0.227198 3
0.859394 4.36942e-05 13
0.932887 0.248602 3
0.910031 0.103287 4
0.885764 0.00832874 7
0.884421 0.00820304 7
0.885069 3.62823e-05 14
0.909854 0.00589818 8
0.917044 0.0138357 7
0.991435 1 1
0.968865 0.605467 2
0.938461 0.141977 4
0.996335 1 1
0.971245 0.620741 2
0.98799 1 1
0.975279 0.650354 2
0.886456 8.12773e-05 13
0.962215 0.35974 3
0.945723 0.161435 4
0.911067 0.00607131 8
0.917333 0.0139275 7
0.922226 0.115021 4
0.954665 0.539754 2
0.995329 1 1
0.927712 0.122251 4
0.930529 0.126611 4
0.874792 6.01646e-05 13
0.923664 0.116773 4
0.933281 0.249392 3
0.92759 0.122073 4
0.91185 0.0508316 5
0.963187 0.574586 2
0.910618 0.0244848 6
0.963977 0.578462 2
0.983988 1 1
0.992812 1 1
0.904 0.00252472 9
0.930461 0.067137 5
0.936206 0.137078 4
0.986085 0.759755 2
0.964569 0.581451 2
0.928745 0.0650464 5
0.980665 0.698636 2
0.96866 0.604221 2
0.987599 1 1
0.969429 0.60895 2
0.904664 0.00256645 9
0.962983 0.364883 3
0.967324 0.59636 2
0.931024 0.0678574 5
0.936873 0.138477 4
0.916363 0.223606 3
0.937408 0.496249 2
0.958797 0.555162 2
0.886456 0.00839553 7
0.890675 0.0191668 6
0.838014 3.0376e-08 21
0.882537 0.00803438 7
0.892908 0.0196036 6
0.886543 0.00840397 7
0.872393 0.00143022 9
0.991435 1 1
0.872766 0.00143742 9
0.924381 0.234011 3
0.962391 1 1
0.958033 0.552119 2
0.921391 0.229816 3
0.948157 0.52001 2
0.977354 1 1
0.903694 0.046629 5
0.907572 0.101442 4
0.853487 7.32201e-06 15
0.899722 0.0449571 5
0.909973 0.103241 4
0.903707 0.0466345 5
0.888954 0.0188486 6
0.988637 1 1
0.888783 0.0188179 6
0.941475 0.504185 2
0.978857 1 1
0.976245 1 1
0.916124 0.0135516 7
0.948766 0.292316 3
0.987643 1 1
0.931805 0.0688877 5
0.936807 0.138336 4
0.876751 2.69545e-06 17
0.928031 0.0642225 5
0.939386 0.144127 4
0.931202 0.0680891 5
0.914473 0.0130707 7
0.958286 0.335909 3
0.912167 0.0124564 7
0.964028 0.578716 2
0.97637 0.659265 2
0.985229 0.749144 2
0.944561 0.511016 2
0.916328 0.108731 4
0.877372 0.000690397 10
0.866471 5.01901e-05 13
0.845129 6.83426e-09 23
0.869599 0.000120383 12
0.862105 8.86904e-06 15
0.848838 4.18088e-08 21
0.87107 0.00012387 12
0.876519 0.000680657 10
0.86588 4.95889e-05 13
0.888519 0.00395988 8
0.892112 0.00899709 7
0.885432 0.00378847 8
0.880442 0.00160396 9
0.866603 2.22892e-05 14
0.870852 5.50587e-05 13
0.853169 1.1054e-07 20
0.905979 0.0228931 6
0.87964 0.000717682 10
0.965215 0.584796 2
0.905734 0.0228167 6
0.8819 0.000747096 10
0.909887 0.0497086 5
0.929346 0.241989 3
0.826044 3.3411e-12 0
0.936624 0.256591 3
0.886312 0.00176176 9
0.852938 1.09766e-07 20
0.854989 2.68742e-07 19
0.910478 0.0500386 5
0.942033 0.270394 3
0.983863 1 1
0.922818 0.115731 4
0.930729 0.12694 4
0.867317 1.00626e-05 15
0.919363 0.111801 4
0.932847 0.248522 3
0.92186 0.114591 4
0.904825 0.0225389 6
0.964982 0.583581 2
0.90217 0.0103979 7
0.953337 0.535314 2
0.973347 0.635543 2
0.980457 1 1
0.945549 0.51337 2
0.977054 1 1
0.978522 1 1
0.918682 0.111083 4
0.913899 0.106495 4
0.874545 0.000295617 11
0.91392 0.106514 4
0.917217 0.109596 4
0.920133 0.112634 4
0.908391 0.048904 5
0.96063 0.562854 2
0.91076 0.0501986 5
0.962496 0.571294 2
0.988651 1 1
0.981751 1 1
0.902572 0.0104653 7
0.932862 0.130618 4
0.950212 0.297869 3
0.970975 0.618929 2
0.971171 0.62024 2
0.909706 0.0241488 6
0.967541 0.59761 2
0.975098 0.648915 2
0.96916 0.607278 2
0.949559 0.295322 3
0.919088 0.0557652 5
0.943106 0.2735 3
0.970405 0.615178 2
0.942635 0.272119 3
0.950013 0.297084 3
0.952782 0.308601 3
0.937993 0.140921 4
0.900684 0.00485577 8
0.900361 0.0048261 8
0.877147 1.3141e-05 15
0.901397 0.00492278 8
0.895937 0.00210698 9
0.880966 6.99907e-05 13
0.905235 0.00532051 8
0.91127 0.012234 7
0.882237 7.23578e-05 13
0.92364 0.0596746 5
0.922644 0.0587559 5
0.906963 0.0112786 7
0.903746 0.00515835 8
0.8759 0.00150089 9
0.896856 0.0438691 5
0.8986 0.04452 5
0.9714 1 1
0.949531 0.523779 2
0.957106 0.548552 2
0.974452 1 1
0.95105 0.528181 2
0.971832 1 1
0.979798 1 1
0.868365 0.000599474 10
0.966687 1 1
0.929551 0.242348 3
0.893671 0.0197596 6
0.899197 0.0447507 5
11 2 4 7 12 14 17 19 26 33 34 38 
20 2 3 4 6 7 9 12 14 17 18 19 20 22 24 25 26 33 34 38 39 
26 0 1 2 3 4 6 7 9 11 12 13 14 17 18 19 20 22 24 25 26 29 33 34 36 38 39 
35 0 1 2 3 4 6 7 8 9 10 11 12 13 14 15 17 18 19 20 22 23 24 25 26 28 29 30 31 32 33 34 35 36 37 38 
39 0 1 2 3 4 5 6 7 8 9 10 11 12 13 14 15 17 18 19 20 21 22 23 24 25 26 27 28 29 30 31 32 33 34 35 36 37 38 39 
35 0 1 2 3 4 6 7 8 9 10 11 12 13 14 15 16 17 18 19 22 23 24 25 26 28 29 30 31 32 33 34 35 36 37 38 
36 0 1 2 3 4 6 7 8 9 10 11 12 13 14 15 16 17 18 19 20 22 23 24 25 26 28 29 30 31 32 33 34 35 36 37 38 
37 0 1 2 3 4 5 6 7 8 9 10 11 12 13 14 17 18 19 20 22 23 24 25 26 27 28 29 30 31 32 33 34 35 36 37 38 39 
34 0 1 2 3 4 6 7 8 9 10 11 12 13 14 15 17 18 19 22 23 24 25 26 28 29 30 31 32 33 34 35 36 37 38 
25 0 1 2 3 4 6 7 9 11 12 13 14 17 18 19 22 24 25 26 30 31 33 34 36 38 
36 0 1 2 3 4 5 6 7 8 9 10 11 12 13 14 17 18 19 20 21 22 23 24 25 26 27 28 29 30 31 32 33 36 37 38 39 
16 2 4 7 9 12 14 17 18 19 22 24 25 26 33 34 38 
24 0 1 2 3 4 6 7 9 11 12 13 14 17 18 19 20 22 24 25 26 33 34 36 38 
31 0 1 2 3 4 5 6 7 8 9 11 12 13 14 17 18 19 20 22 23 24 25 26 27 29 33 34 36 37 38 39 
32 0 1 2 3 4 5 6 7 8 9 10 11 12 13 14 17 18 19 20 22 23 24 25 26 27 29 33 34 36 37 38 39 
