70 15 8e+06
2.55543 177557
1.92526 148153
1.52523 106089
1.28821 141631
1.14508 113123
2.37408 123778
2.08573 157760
1.23198 144567
2.17602 109393
1.1664 130041
1.0429 127655
1.09227 138734
2.73315 185478
2.79878 196970
1.00727 183074
2.53246 185060
2.42327 177206
2.39456 134068
1.03663 165043
1.21369 175114
2.10512 146069
1.32409 107029
1.87781 159191
1.3315 189055
2.86247 152382
1.31605 125816
2.41442 173393
1.32219 111168
2.64176 182907
2.01325 137812
2.86518 130080
2.09534 135817
1.66209 138600
2.20158 107011
1.66044 153042
1.27972 174815
1.35719 139033
1.99315 148001
2.10112 160419
1.81509 187017
1.02219 139582
1.26305 160432
2.26541 122650
1.53365 147329
2.63836 163296
1.90252 102418
2.33983 116406
1.03771 175818
1.84425 120331
1.70739 153239
1.90527 193286
1.34935 178857
2.09364 150212
2.3663 108340
2.13482 143619
2.26378 177950
1.87335 137702
2.0304 150788
1.04852 157369
2.22774 139247
2.09688 116833
1.32162 109874
2.32644 169161
1.46761 106122
1.72016 131175
1.31104 129488
2.60912 109393
1.37282 146448
1.27621 138098
1.19717 170426
0.914829 0.107329 4
0.890441 0.0191226 6
0.978819 1 1
0.948832 0.521837 2
0.893858 0.0197982 6
0.918876 0.22659 3
0.923395 0.232581 3
0.933982 0.490365 2
0.873189 0.00144566 9
0.846169 4.91517e-07 18
0.896504 0.0437412 5
0.997839 1 1
0.954337 0.538636 2
0.86483 0.00025036 11
0.949686 0.524218 2
0.978396 1 1
0.925064 0.235028 3
0.895362 0.0201183 6
0.927851 0.239438 3
0.97979 1 1
0.974859 1 1
0.904145 0.0468321 5
0.907121 0.101118 4
0.954481 0.539126 2
0.905941 0.0476729 5
0.895594 0.020169 6
0.899441 0.0448461 5
0.887375 0.00848628 7
0.928967 0.241329 3
0.944448 0.510752 2
0.9147 0.107212 4
0.966921 1 1
0.857721 1.84291e-05 14
0.915604 0.108045 4
0.915535 0.10798 4
0.912968 0.105685 4
0.916986 0.109369 4
0.912305 0.105124 4
0.969246 1 1
0.969954 1 1
0.92782 0.239388 3
0.868915 0.000604358 10
0.879548 0.00350461 8
0.992856 1 1
0.895528 0.0201545 6
0.982337 1 1
0.912103 0.0509826 5
0.927897 0.239516 3
0.94243 0.506219 2
0.959953 0.559949 2
0.986766 1 1
0.910565 0.0500876 5
0.917057 0.109439 4
0.923176 0.116168 4
0.880746 0.00161141 9
0.893639 0.00917906 7
0.929415 0.242108 3
0.907331 0.0483586 5
0.903265 0.0464381 5
0.979256 1 1
0.878268 5.9823e-07 19
0.954556 0.316718 3
0.863982 5.41266e-10 27
0.925013 0.0319131 6
0.868276 3.35028e-09 25
0.878985 6.16203e-07 19
0.955156 0.319604 3
0.944363 0.157302 4
0.902262 0.000574596 11
0.919352 0.0146053 7
0.983926 0.733703 2
0.880655 1.4306e-06 18
0.912994 0.00636775 8
0.921853 0.0155405 7
0.880089 1.39883e-06 18
0.888255 4.01621e-05 14
0.963497 0.368428 3
0.871893 2.1088e-07 20
0.934472 0.0726937 5
0.87793 1.28648e-06 18
0.888996 4.11598e-05 14
0.96264 0.362566 3
0.952069 0.305507 3
0.910484 0.00598696 8
0.92285 0.0304758 6
0.990834 1 1
0.888383 4.03324e-05 14
0.918591 0.0143423 7
0.928243 0.0644646 5
0.889801 8.97443e-05 13
0.875197 2.74416e-05 14
0.950568 0.299289 3
0.862868 1.51238e-07 20
0.923108 0.0591792 5
0.864975 3.66371e-07 19
0.875982 2.80091e-05 14
0.954211 0.315093 3
0.943394 0.274354 3
0.898468 0.00465967 8
0.915939 0.0267132 6
0.982161 1 1
0.879685 6.77353e-05 13
0.913052 0.0254437 6
0.918044 0.0549649 5
0.877752 2.93614e-05 14
0.875604 0.000135823 12
0.923642 0.116745 4
0.891543 0.00414616 8
0.938305 0.260572 3
0.860046 1.62349e-06 17
0.877752 0.000314009 11
0.968936 0.605902 2
0.964391 0.580547 2
0.876562 0.000138616 12
0.878712 0.000319933 11
0.959682 0.558805 2
0.909768 0.0496429 5
0.951869 0.530662 2
0.887272 0.00179077 9
0.890714 0.00409307 8
0.946176 0.514909 2
0.945089 0.279606 3
0.924624 0.117995 4
0.982337 1 1
0.928495 0.123414 4
0.948448 0.520792 2
0.953742 0.536643 2
0.959389 0.557586 2
0.927369 0.121752 4
0.900571 0.0101391 7
0.935342 0.253722 3
0.937213 0.257957 3
0.938585 0.261261 3
0.920781 0.113354 4
0.954781 0.540155 2
0.922799 0.231739 3
0.958437 0.553718 2
0.85981 4.40377e-05 13
0.914599 0.107121 4
0.925704 0.236004 3
0.920641 0.228827 3
0.911366 0.104349 4
0.90792 0.101694 4
0.981742 1 1
0.962251 1 1
0.919029 0.226778 3
0.869808 0.000612459 10
0.876589 0.00151562 9
0.986486 1 1
0.900307 0.0451907 5
0.887491 0.000385702 11
0.951985 0.30515 3
0.835107 4.92024e-12 0
0.894238 0.00203609 9
0.889229 0.000861423 10
0.885789 0.000371059 11
0.903303 0.010591 7
0.89647 0.00213028 9
0.944253 0.276972 3
0.992439 1 1
0.921567 0.057804 5
0.847221 4.6468e-11 29
0.862983 1.51835e-07 20
0.973748 0.638519 2
0.869684 2.1407e-06 17
0.925751 0.0617554 5
0.894476 0.000458711 11
0.977946 0.672891 2
0.951976 0.305111 3
0.904569 0.00256042 9
0.92988 0.0664115 5
0.922583 0.0303076 6
0.932985 0.0705152 5
0.881116 1.48309e-05 15
0.851408 1.06497e-11 0
0.896477 0.00101383 10
0.986179 1 1
0.947097 0.286309 3
0.870912 4.50247e-07 19
0.9614 0.354457 3
0.92027 0.112786 4
0.885629 0.00379891 8
0.987675 1 1
0.942619 0.50663 2
0.899424 0.0210632 6
0.924424 0.117737 4
0.914189 0.106753 4
0.924581 0.234306 3
0.873403 0.00028954 11
0.84315 6.40084e-09 23
0.888069 0.00393377 8
0.986469 1 1
0.941744 0.504752 2
0.862613 2.04108e-05 14
0.956493 0.546261 2
0.909952 0.103225 4
0.966984 1 1
0.894826 0.0200025 6
0.960099 0.560569 2
0.897067 0.0439459 5
0.911184 0.104202 4
0.979786 1 1
0.97253 1 1
0.919909 0.227883 3
0.916505 0.108901 4
0.976871 1 1
0.911093 0.104128 4
0.936057 0.493848 2
0.929335 0.241969 3
0.914338 0.106886 4
0.894665 0.00930674 7
0.88893 0.00398406 8
0.955921 0.544175 2
0.944495 0.510862 2
0.8743 0.000294292 11
0.898415 0.0208166 6
0.931238 0.245415 3
0.941174 0.268002 3
0.862394 8.92927e-06 15
0.842552 2.67461e-09 24
0.904127 0.022332 6
0.972656 1 1
0.973957 1 1
0.858915 3.60193e-06 16
0.926318 0.236961 3
0.937206 0.495884 2
0.972065 1 1
0.883605 0.00812884 7
0.941336 0.503896 2
0.932283 0.247412 3
0.936295 0.494264 2
0.934785 0.491686 2
0.932766 0.248361 3
0.966081 1 1
0.941799 0.504868 2
0.936057 0.493848 2
0.894717 0.0199792 6
0.901756 0.0457874 5
0.964307 1 1
0.921987 0.230621 3
0.970376 1 1
0.890805 0.00884845 7
0.927495 0.238851 3
0.923174 0.232268 3
0.955315 0.542016 2
0.973072 1 1
0.89082 0.0088501 7
0.897955 0.0207068 6
0.906595 0.0479916 5
0.862373 2.03056e-05 14
0.873026 0.00028759 11
0.923206 0.232312 3
0.893354 0.00914438 7
0.884526 0.00374137 8
0.970909 1 1
0.952273 0.531917 2
0.896101 0.020281 6
0.956861 0.547631 2
0.94323 0.507976 2
0.931396 0.245712 3
0.956544 0.546449 2
0.909482 0.102863 4
0.918391 0.110782 4
0.89657 0.0203865 6
0.858967 1.89043e-05 14
0.887197 0.0084685 7
0.95426 0.538378 2
0.920721 0.228932 3
0.880358 0.00354078 8
0.98847 1 1
0.886821 8.21343e-05 13
0.893462 0.000446613 11
0.939256 0.143819 4
0.944047 0.156378 4
0.867091 7.8529e-08 21
0.8903 0.000193577 12
0.939989 0.145576 4
0.948702 0.292078 3
0.861466 5.49122e-09 24
0.846394 8.28558e-12 0
0.913847 0.0128977 7
0.956647 0.327099 3
0.985664 1 1
0.861181 5.42501e-09 24
0.91553 0.0133742 7
0.9167 0.013728 7
0.948541 0.291483 3
0.914973 0.0132125 7
0.97927 0.685059 2
0.900348 0.001118 10
0.918845 0.0281575 6
0.984115 0.735893 2
0.989178 1 1
0.910824 0.00603591 8
0.898621 0.00106919 10
0.959157 0.340849 3
0.931978 0.0691214 5
0.955279 0.320205 3
0.914045 0.0129518 7
0.929023 0.0653746 5
0.930732 0.244475 3
0.978208 1 1
0.893214 0.00912747 7
0.956524 0.546375 2
0.920774 0.113346 4
0.931031 0.245028 3
0.954289 0.538474 2
0.951866 0.530653 2
0.946339 0.515314 2
0.931298 0.245528 3
0.952782 0.533524 2
0.906493 0.047941 5
0.918965 0.111379 4
0.949952 0.524974 2
0.925131 0.235129 3
0.951504 0.303121 3
0.886934 0.000176907 12
0.952109 0.305677 3
0.931358 0.127992 4
0.932527 0.130019 4
0.955462 0.321104 3
0.897973 0.00219891 9
0.906678 0.0112211 7
0.891884 0.000911825 10
0.852209 3.10086e-10 27
0.876364 1.28439e-05 15
0.945462 0.280808 3
0.909565 0.0118347 7
0.873766 5.3887e-06 16
0.979979 0.691861 2
0.936304 0.25586 3
0.925378 0.118988 4
0.945236 0.280077 3
0.984469 1 1
0.915931 0.0534438 5
0.939706 0.264095 3
0.950376 0.526196 2
0.959998 0.560139 2
0.905918 0.022874 6
0.879857 0.000720413 10
0.925424 0.11905 4
0.959663 0.558725 2
0.954849 0.540391 2
0.899124 0.00991829 7
0.9601 0.560571 2
0.919525 0.0285227 6
0.971961 0.625632 2
0.863906 6.95566e-08 21
0.922267 0.0584173 5
0.918958 0.0282176 6
0.917997 0.0277173 6
0.922766 0.0588665 5
0.918418 0.0279338 6
0.969466 0.60918 2
0.963456 0.57589 2
0.932087 0.129245 4
0.875255 5.64058e-06 16
0.885688 0.000171357 12
0.985764 1 1
0.901501 0.0049327 8
0.968133 1 1
0.902822 0.0462438 5
0.941193 0.503599 2
0.941986 0.505265 2
0.946965 0.516896 2
0.972444 1 1
0.908491 0.102115 4
0.91626 0.108665 4
0.909319 0.102738 4
0.868817 0.000267309 11
0.888797 0.00863172 7
0.94036 0.501898 2
0.912324 0.10514 4
0.890856 0.0192012 6
0.991361 1 1
0.9147 0.0066543 8
0.880564 1.42542e-06 18
0.993127 1 1
0.937625 0.0778358 5
0.894064 0.000102836 13
0.918834 0.0144251 7
0.910445 0.00299201 9
0.920857 0.0151542 7
0.867796 7.28349e-09 24
0.83801 5.59846e-12 0
0.884162 7.6111e-06 16
0.986126 0.760272 2
0.940518 0.0832678 5
0.857245 1.45431e-11 0
0.950782 0.179226 4
0.923929 0.0599485 5
0.983736 1 1
0.8892 0.000401509 11
0.953581 0.312181 3
0.914299 0.0259734 6
0.924229 0.0602371 5
0.956952 0.547971 2
0.952962 0.309397 3
0.942993 0.273165 3
0.933712 0.132176 4
0.958912 0.555628 2
0.903103 0.00509153 8
0.918667 0.028064 6
0.950477 0.298925 3
0.919113 0.0557843 5
0.895981 0.0021089 9
0.880915 6.98974e-05 13
0.967611 0.598014 2
0.937887 0.140685 4
0.875431 1.25035e-05 15
0.899903 0.00229381 9
0.920184 0.0566414 5
0.930374 0.126358 4
0.858468 1.10269e-08 23
0.835578 5.02334e-12 0
0.893151 0.000937932 10
0.98033 0.695306 2
0.96052 0.562379 2
0.852777 3.1794e-10 27
0.929725 0.125317 4
0.969036 0.606517 2
0.937393 0.258381 3
0.91873 0.111133 4
0.959253 0.557025 2
0.951642 0.529967 2
0.970666 1 1
0.931463 0.245839 3
0.936168 0.255554 3
0.939544 0.263679 3
0.901991 0.0217295 6
0.917212 0.109591 4
0.92648 0.120492 4
0.91768 0.110057 4
0.924507 0.117844 4
0.963015 0.573757 2
0.898846 0.00107534 10
0.980399 0.695981 2
0.857635 9.02594e-10 26
0.920233 0.0289148 6
0.894901 0.000463951 11
0.898134 0.00105612 10
0.93303 0.0705789 5
0.92553 0.0615284 5
0.941452 0.149252 4
0.961871 0.568397 2
0.951472 0.302986 3
0.871373 4.5787e-07 19
0.890831 0.000196457 12
0.96623 0.590236 2
0.887978 8.49584e-05 13
0.914913 0.107406 4
0.912478 0.105269 4
0.950425 0.526338 2
0.970741 1 1
0.894646 0.00930436 7
0.918439 0.110831 4
0.95084 0.527557 2
0.961729 0.567747 2
0.886264 0.00383295 8
0.865333 4.90427e-05 13
0.922956 0.115898 4
0.969451 1 1
0.975962 1 1
0.882621 0.00165892 9
0.94278 0.506981 2
0.933755 0.132255 4
0.905596 0.00536154 8
0.965796 0.587884 2
0.963036 0.573858 2
0.912355 0.0125043 7
0.937792 0.140473 4
0.931458 0.128161 4
0.941651 0.26932 3
0.891799 0.000910115 10
0.862196 6.53196e-08 21
0.905849 0.00539056 8
0.976685 0.661922 2
0.949381 0.294638 3
0.881928 7.17696e-05 13
0.967375 0.596651 2
0.907085 0.00553753 8
0.937279 0.13935 4
0.917642 0.0275376 6
0.972972 0.632806 2
0.889903 0.000408371 11
0.909549 0.0118311 7
0.984903 1 1
0.995605 1 1
0.898338 0.00221623 9
0.887924 0.000181539 12
0.955897 0.323271 3
0.93579 0.136224 4
0.966728 0.592991 2
0.902206 0.00241831 9
0.923528 0.0595697 5
0.923925 0.233344 3
0.961601 0.567164 2
0.907594 0.0484921 5
0.974567 1 1
0.909389 0.049436 5
0.925483 0.235666 3
0.97509 1 1
0.974913 1 1
0.924518 0.234213 3
0.911422 0.104395 4
0.960724 0.563266 2
0.923127 0.2322 3
0.941174 0.503559 2
0.927851 0.23944 3
0.929825 0.242834 3
0.885462 0.00079864 10
0.916475 0.0538239 5
0.912865 0.0514449 5
0.950371 0.526182 2
0.867833 1.01943e-05 15
0.888184 0.00181932 9
0.967318 0.596327 2
0.971092 0.61971 2
0.875304 0.000134971 12
0.868975 2.35422e-05 14
0.944649 0.278209 3
0.931466 0.245844 3
0.975604 1 1
0.880961 0.000334683 11
0.905929 0.0228775 6
0.898413 0.00221983 9
0.961509 0.566752 2
0.887652 0.000387135 11
0.950628 0.299531 3
0.885837 0.000172004 12
0.899645 0.00228067 9
0.979747 0.689611 2
0.969269 0.607957 2
0.911091 0.0121909 7
0.913847 0.0257784 6
0.988649 1 1
0.904518 0.0052411 8
0.934366 0.133411 4
0.923667 0.0597 5
0.903675 0.0051509 8
0.896366 0.0436916 5
0.98156 1 1
0.862208 0.000105173 12
0.925774 0.236113 3
0.890257 0.0190881 6
0.896115 0.0436019 5
0.942737 0.506888 2
0.934343 0.490954 2
0.932469 0.247776 3
0.950201 0.525689 2
0.963352 1 1
0.876842 0.00338954 8
0.899376 0.0448207 5
0.954744 0.540026 2
0.88924 0.0189005 6
0.961911 0.56858 2
0.924401 0.117708 4
0.879473 0.000324786 11
0.915321 0.0530272 5
0.97367 1 1
0.958051 0.552189 2
0.89558 0.0094244 7
0.897116 0.00963082 7
0.965911 0.588504 2
0.914832 0.0527007 5
0.890979 0.00410992 8
0.883944 0.000775844 10
0.874692 0.000133258 12
0.936995 0.257448 3
0.92762 0.122117 4
0.948226 0.520194 2
0.957754 0.55103 2
0.884896 0.00172074 9
0.936741 0.256859 3
0.945681 0.51369 2
0.946642 0.516074 2
0.924304 0.117583 4
0.923806 0.11695 4
0.973891 1 1
0.935648 0.254394 3
0.922834 0.11575 4
0.89413 0.00923955 7
0.89559 0.00942574 7
0.959575 0.55836 2
0.927395 0.238688 3
0.964732 0.582287 2
0.946567 0.284487 3
0.902946 0.0105292 7
0.949083 0.522528 2
0.954853 0.540402 2
0.964221 0.579683 2
0.927934 0.122577 4
0.930277 0.1262 4
0.955957 0.544305 2
0.916373 0.0537517 5
0.91921 0.0558606 5
0.911112 0.0504002 5
0.906771 0.0231453 6
0.939628 0.263895 3
0.947312 0.287061 3
0.913544 0.0128156 7
0.993593 1 1
0.871206 4.5509e-07 19
0.933963 0.132646 4
0.908169 0.00567326 8
0.913007 0.012673 7
0.941441 0.149223 4
0.93554 0.135718 4
0.94976 0.296097 3
0.952886 0.309063 3
0.953191 0.310418 3
0.88457 7.70727e-05 13
0.900962 0.00234946 9
0.96676 0.593166 2
0.903122 0.00247155 9
0.983028 1 1
0.903838 0.00516812 8
0.92493 0.0609238 5
0.932895 0.130676 4
0.963309 0.575176 2
0.98665 1 1
0.901164 0.00490069 8
0.90768 0.0114258 7
0.919082 0.0282835 6
0.874959 5.58909e-06 16
0.884517 0.000166417 12
0.924139 0.0601503 5
0.899252 0.00226089 9
0.897428 0.00217348 9
0.974699 0.645782 2
0.970443 0.615422 2
0.894713 0.0001051 13
0.93313 0.0707219 5
0.929578 0.0354686 6
0.952508 0.3074 3
0.973945 0.639999 2
0.896783 0.00023446 12
0.90417 0.00124167 10
0.907314 0.0027467 9
0.864261 1.2311e-09 26
0.878264 5.98121e-07 19
0.929676 0.0355535 6
0.900023 0.000536511 11
0.886424 1.76861e-05 15
0.978158 0.674789 2
0.903737 0.0222185 6
0.974964 1 1
0.882876 0.000760552 10
0.947647 0.51866 2
0.892969 0.00424125 8
0.904486 0.0224377 6
0.968802 0.605087 2
0.960055 0.560381 2
0.922784 0.11569 4
0.926429 0.12042 4
0.98212 1 1
0.898787 0.00986851 7
0.92422 0.117475 4
0.936674 0.256706 3
0.904388 0.0224088 6
0.915954 0.0135003 7
0.968984 0.606196 2
0.859646 4.36395e-10 27
0.917799 0.0140782 7
0.91627 0.0135959 7
0.914302 0.0130228 7
0.919112 0.0145213 7
0.91448 0.0130725 7
0.968982 0.606188 2
0.968071 0.600706 2
0.929624 0.0660968 5
0.870937 9.16525e-08 21
0.881671 6.96536e-06 16
0.99046 1 1
0.897272 0.000495264 11
0.984122 1 1
0.927689 0.239171 3
0.907163 0.101148 4
0.939288 0.499779 2
0.97167 1 1
0.982687 1 1
0.913114 0.105811 4
0.917053 0.109435 4
0.946894 0.516715 2
0.901749 0.0457846 5
0.901814 0.0458119 5
0.911763 0.104674 4
0.898909 0.0446392 5
0.924915 0.234805 3
0.956327 0.54565 2
0.916169 0.0268209 6
0.888909 0.000398735 11
0.982029 1 1
0.94703 0.286077 3
0.895204 0.00207577 9
0.920253 0.0566979 5
0.920692 0.0570609 5
0.931238 0.127789 4
0.873028 5.27023e-06 16
0.845104 7.78447e-12 0
0.893992 0.00202621 9
0.995958 1 1
0.950782 0.30015 3
0.863993 3.54709e-07 19
0.951512 0.303153 3
0.887202 3.881e-05 14
0.967583 0.597851 2
0.865228 2.89045e-09 25
0.928291 0.0343872 6
0.878405 1.31004e-06 18
0.887596 3.93074e-05 14
0.953659 0.312539 3
0.943525 0.154878 4
0.914988 0.00670503 8
0.931627 0.0686499 5
0.980538 0.697365 2
0.881216 3.16496e-06 17
0.909622 0.00292381 9
0.935146 0.0737316 5
0.885839 1.73314e-05 15
0.905156 0.00531169 8
0.979204 0.684434 2
0.881181 3.23091e-05 14
0.946094 0.282892 3
0.895041 0.000979679 10
0.905739 0.00537789 8
0.965015 0.58375 2
0.956735 0.327557 3
0.926425 0.0624592 5
0.930378 0.0670315 5
0.978573 0.678564 2
0.896767 0.00102102 10
0.920903 0.0292972 6
0.940798 0.147579 4
0.904295 0.0052169 8
0.907932 0.101703 4
0.902968 0.0463074 5
0.955412 0.542357 2
0.960377 0.561758 2
0.887489 0.00849771 7
0.911599 0.104539 4
0.942993 0.50745 2
0.953612 0.536215 2
0.877023 0.00152506 9
0.856173 7.75761e-06 15
0.915222 0.107689 4
0.974918 1 1
0.977706 1 1
0.873193 0.000645114 10
0.938014 0.497362 2
0.889131 0.000859668 10
0.970546 0.616095 2
0.86522 1.87441e-06 17
0.928581 0.123544 4
0.880682 0.000151881 12
0.889435 0.000865142 10
0.952579 0.532881 2
0.942707 0.272328 3
0.917998 0.0549308 5
0.934572 0.133808 4
0.978307 1 1
0.881011 0.000153039 12
0.90843 0.0236984 6
0.938347 0.260676 3
0.886917 0.000821788 10
0.902015 0.0217361 6
0.941438 0.504108 2
0.908842 0.0491419 5
0.965786 0.58783 2
0.88585 0.00381065 8
0.904203 0.0468584 5
0.993182 1 1
0.992815 1 1
0.898734 0.0208936 6
0.892271 0.00901557 7
0.964549 0.58135 2
0.926865 0.237829 3
0.960088 0.560521 2
0.905139 0.0472912 5
0.91604 0.108456 4
0.87957 0.000716812 10
0.920748 0.113317 4
0.900289 0.0212811 6
0.943666 0.508955 2
0.863106 9.08056e-06 15
0.881963 0.000747945 10
0.969869 0.611727 2
0.968598 0.603846 2
0.875897 0.000303116 11
0.874439 0.000295042 11
0.953701 0.53651 2
0.91868 0.111081 4
0.961704 0.567633 2
0.884502 0.00170969 9
0.896924 0.00960437 7
0.988854 1 1
0.922276 0.0584256 5
0.906065 0.0111002 7
0.934363 0.133407 4
0.977168 0.666047 2
0.986168 1 1
0.907664 0.0234386 6
0.911789 0.0249343 6
0.944517 0.277793 3
0.898114 0.00462993 8
0.896229 0.00447848 8
0.909546 0.0240911 6
0.894722 0.00205579 9
0.921159 0.0574535 5
0.95591 0.544134 2
0.884051 7.58045e-06 16
0.943711 0.155409 4
0.884643 7.74609e-06 16
0.941739 0.149999 4
0.870456 4.05313e-08 22
0.885627 1.72054e-05 15
0.976738 0.662365 2
0.966515 0.591803 2
0.893611 0.000101302 13
0.899207 0.000523671 11
0.98226 0.715177 2
0.902353 0.00117998 10
0.938876 0.142931 4
0.906896 0.00271669 9
0.8933 0.000100272 13
0.893219 0.00425841 8
0.961283 0.565734 2
0.881335 0.000337255 11
0.943784 0.27553 3
0.881393 0.000337662 11
0.894295 0.00433419 8
0.973534 0.636927 2
0.962786 0.572663 2
0.909357 0.0240236 6
0.916027 0.0535106 5
0.995583 1 1
0.898165 0.00977834 7
0.928918 0.124057 4
0.924034 0.117239 4
0.897412 0.00967183 7
0.943464 0.154704 4
0.936068 0.0752031 5
0.934223 0.072318 5
0.987212 0.774344 2
0.924139 0.0313152 6
0.946366 0.163477 4
0.952738 0.308409 3
0.960464 0.348618 3
0.91797 0.0141344 7
0.891113 4.42358e-05 14
0.930879 0.0366312 6
0.947304 0.166567 4
0.945788 0.161639 4
0.910974 0.0030374 9
0.959497 0.342831 3
0.931499 0.12823 4
0.940822 0.14764 4
0.928867 0.0651895 5
0.997396 1 1
0.913252 0.0127377 7
0.934128 0.132958 4
0.965653 0.587118 2
0.973708 0.638218 2
0.914023 0.0129457 7
0.893052 0.000441878 11
0.941953 0.150563 4
0.944443 0.277561 3
0.954087 0.314512 3
0.911268 0.0122336 7
0.946918 0.28569 3
0.896688 0.00101906 10
0.863913 1.37292e-08 23
0.983643 0.730465 2
0.920498 0.0290643 6
0.876728 2.69334e-06 17
0.900742 0.00233767 9
0.896851 0.00102311 10
0.907103 0.00553969 8
0.849869 9.84507e-12 0
0.821393 2.75922e-12 0
0.870515 4.43809e-07 19
0.972032 0.626127 2
0.932554 0.0699104 5
0.839952 6.11426e-12 0
0.93206 0.0692323 5
0.877927 2.7087e-07 20
0.904897 0.00126797 10
0.913879 0.00651348 8
0.941605 0.085508 5
0.859821 1.68131e-11 0
0.880842 1.44133e-06 18
0.955098 0.319321 3
0.959438 0.342484 3
0.864815 5.64995e-10 27
0.858008 1.51737e-11 0
0.93342 0.0711372 5
0.932026 0.0377192 6
0.977009 0.664682 2
0.86988 8.041e-09 24
0.900734 0.000548137 11
0.861068 6.27172e-08 21
0.917977 0.0277068 6
0.873567 5.35631e-06 16
0.921005 0.0573236 5
0.846873 1.96932e-11 30
0.862905 1.51428e-07 20
0.953828 0.313315 3
0.946886 0.285578 3
0.868568 9.25125e-07 18
0.877714 2.93316e-05 14
0.957207 0.548932 2
0.891422 0.000902644 10
0.933219 0.131264 4
0.882835 0.000159752 12
0.873735 5.38352e-06 16
0.920948 0.229229 3
0.955565 0.542899 2
0.857048 1.81801e-05 14
0.91139 0.104369 4
0.924694 0.234474 3
0.918672 0.226339 3
0.908255 0.10194 4
0.904746 0.047108 5
0.981973 1 1
0.96368 1 1
0.916317 0.10872 4
0.866886 0.000258856 11
0.873488 0.00145156 9
0.986926 1 1
0.897771 0.0442066 5
0.882311 7.24997e-05 13
0.941542 0.269017 3
0.884167 0.00016499 12
0.940427 0.265986 3
0.868615 9.26529e-07 18
0.883923 0.000164007 12
0.975441 0.651656 2
0.965555 0.586592 2
0.891521 0.000904602 10
0.897358 0.00217028 9
0.980304 0.695043 2
0.901938 0.00497497 8
0.939135 0.143533 4
0.904848 0.0052774 8
0.891978 0.000913706 10
0.954536 0.539315 2
0.951782 0.530397 2
0.88796 0.0186717 6
0.936858 0.495258 2
0.952041 0.531196 2
0.952788 0.533544 2
0.921571 0.230058 3
0.921909 0.230513 3
0.971995 1 1
0.929962 0.243079 3
0.918248 0.225822 3
0.896382 0.0436975 5
0.89525 0.043297 5
0.953836 0.536957 2
0.931953 0.246774 3
0.908535 0.0116071 7
0.937043 0.138842 4
0.919179 0.0558363 5
0.974682 0.645646 2
0.891202 0.000898345 10
0.911037 0.0246432 6
0.983494 1 1
0.994629 1 1
0.898884 0.00469518 8
0.887675 0.000387344 11
0.954556 0.316718 3
0.937295 0.139385 4
0.967177 0.595521 2
0.902256 0.00500619 8
0.925255 0.0612494 5
0.960471 0.348662 3
0.930305 0.0361087 6
0.880298 1.41045e-06 18
0.919111 0.014521 7
0.968984 0.606196 2
0.956954 0.328701 3
0.900447 0.000543395 11
0.901644 0.000563646 11
0.970668 0.616898 2
0.919662 0.014715 7
0.89645 0.000232016 12
0.88563 8.03475e-06 16
0.878167 5.95735e-07 19
0.942276 0.151427 4
0.927915 0.0340835 6
0.953843 0.53698 2
0.944667 0.278264 3
0.922031 0.114791 4
0.974004 1 1
0.936512 0.256335 3
0.955869 0.543986 2
0.946397 0.515459 2
0.951381 0.529177 2
0.933322 0.249476 3
0.902931 0.021989 6
0.930128 0.243376 3
0.933001 0.248829 3
0.930837 0.24467 3
0.92412 0.117348 4
0.957778 0.551125 2
0.8974 0.000497068 11
0.955802 0.322795 3
0.891269 0.000198888 12
0.952959 0.309385 3
0.883958 3.50697e-05 14
0.898862 0.00107578 10
0.98517 0.748421 2
0.974155 0.641594 2
0.906644 0.00269896 9
0.90795 0.00564529 8
0.985107 0.747655 2
0.908499 0.00571601 8
0.939989 0.145576 4
0.918128 0.0141866 7
0.904818 0.0025763 9
0.933188 0.0708043 5
0.917336 0.0273849 6
0.95341 0.311407 3
0.976656 0.66167 2
0.912299 0.0124898 7
0.936866 0.138463 4
0.944727 0.158384 4
0.954907 0.318398 3
0.898842 0.00107522 10
0.872181 1.04443e-06 18
0.918908 0.0281907 6
0.968083 0.600773 2
0.956856 0.328191 3
0.891388 0.000199557 12
0.961292 0.565776 2
0.945221 0.15988 4
0.959229 0.341267 3
0.909339 0.00582758 8
0.96914 0.607156 2
0.93146 0.0684278 5
0.946291 0.163239 4
0.952085 0.305575 3
0.954092 0.314537 3
0.941344 0.148971 4
0.915796 0.013453 7
0.940878 0.147779 4
0.921559 0.0296827 6
0.926752 0.0331779 6
0.936423 0.0757858 5
0.9434 0.154525 4
67 0 2 3 4 5 6 7 8 9 10 11 12 13 14 15 16 17 18 19 20 21 22 23 24 25 26 27 28 29 30 31 32 33 34 35 36 38 39 40 41 42 43 44 45 46 47 48 49 50 51 52 53 54 55 56 57 58 59 60 61 62 63 64 66 67 68 69 
18 4 5 6 7 10 29 35 36 43 47 48 50 52 54 55 60 62 67 
62 0 1 2 4 5 6 7 8 9 11 12 13 14 15 18 19 20 22 23 25 26 27 28 29 30 31 32 33 34 35 36 37 38 39 40 43 44 45 46 47 48 49 50 51 52 53 54 55 56 57 58 59 60 61 62 63 64 65 66 67 68 69 
39 2 4 5 6 7 9 10 13 15 18 19 20 23 26 29 32 33 34 35 36 38 40 43 44 47 48 50 51 52 54 55 57 59 60 61 62 64 67 69 
66 0 1 2 3 4 5 6 7 8 9 10 11 12 13 14 15 17 18 19 20 22 23 24 25 26 27 28 29 30 31 32 33 34 35 36 37 38 39 40 41 43 44 45 46 47 48 49 50 51 52 53 54 55 56 57 58 60 61 62 63 64 65 66 67 68 69 
66 0 1 2 3 4 5 6 7 8 9 10 11 12 13 14 15 17 18 19 20 22 23 24 25 26 27 28 29 30 31 32 33 34 35 36 37 38 39 40 43 44 45 46 47 48 49 50 51 52 53 54 55 56 57 58 59 60 61 62 63 64 65 66 67 68 69 
20 4 5 6 7 10 29 34 35 36 43 47 48 50 52 54 55 59 60 62 67 
30 2 4 5 6 7 9 10 13 20 23 26 29 34 35 36 40 43 44 47 48 50 51 52 54 55 59 60 61 62 67 
45 2 4 5 6 7 8 9 10 13 14 15 18 19 20 22 23 26 29 30 32 33 34 35 36 38 40 43 44 47 48 49 50 51 52 54 55 56 57 59 60 61 62 64 67 69 
41 0 4 5 6 7 8 10 12 13 14 19 20 22 26 29 30 31 32 33 34 35 36 40 43 47 48 49 50 51 52 54 55 56 57 60 62 64 66 67 68 69 
7 4 5 6 10 47 50 60 
54 0 2 4 5 6 7 8 9 10 13 14 15 18 19 20 22 23 26 27 28 29 30 31 32 33 34 35 36 38 39 40 43 44 47 48 49 50 51 52 54 55 56 57 59 60 61 62 63 64 65 66 67 68 69 
35 2 4 5 6 7 9 10 13 15 19 20 23 26 29 32 33 34 35 36 40 43 44 47 48 50 51 52 54 55 59 60 61 62 64 67 
38 2 4 5 6 7 10 13 14 18 19 20 23 26 27 29 30 32 33 34 35 36 40 43 44 47 48 49 50 51 52 54 55 57 59 60 62 64 67 
60 0 2 4 5 6 7 8 9 10 11 12 13 14 15 18 19 20 22 23 25 26 27 28 29 30 31 32 33 34 35 36 38 39 40 43 44 45 46 47 48 49 50 51 52 54 55 56 57 58 59 60 61 62 63 64 65 66 67 68 69 
