70 15 8e+06
1.44469 194321
1.41805 115088
2.30529 176881
1.316 142315
2.32752 157310
1.5378 113859
1.5542 153205
1.26804 128934
1.51437 141227
1.0647 159868
1.9698 146231
1.17709 158712
1.29077 149694
2.42655 143828
1.29367 126991
1.51154 161104
1.69554 146436
1.86253 155529
2.17956 173150
2.63286 185354
1.67758 136161
1.25697 145180
1.08395 181171
2.29256 118504
2.05196 126574
1.74754 161275
1.70073 101437
1.17206 192797
2.88223 139205
1.33224 101820
1.8722 153648
1.29806 135682
1.63633 184781
2.32656 103890
2.04889 180416
2.87815 156506
2.38368 170563
1.40925 103962
1.85233 190145
2.13638 135987
2.93835 155481
1.9779 196115
2.24304 164399
1.07646 147824
1.40162 100386
1.97343 149685
1.99911 149189
2.22778 103928
2.78021 198954
1.03793 178739
2.07913 167278
1.38005 104642
1.73891 191746
1.50349 181742
2.01275 150252
2.43809 153593
1.18746 135011
1.85863 180402
2.04505 107841
2.13222 190159
1.13936 102827
2.5125 179619
1.0663 196175
1.79866 153698
2.80032 165335
1.91581 152265
1.11079 124344
1.62076 186145
2.0344 166324
1.74844 172429
0.922115 0.0582826 5
0.897747 0.00218828 9
0.900669 0.00485439 8
0.936512 0.137715 4
0.930885 0.127198 4
0.92406 0.0600737 5
0.945434 0.280716 3
0.923084 0.0591569 5
0.880892 6.98563e-05 13
0.965165 0.584533 2
0.906345 0.011155 7
0.900599 0.00484794 8
0.922128 0.0582942 5
0.868311 9.17416e-07 18
0.958629 0.554486 2
0.934613 0.4914 2
0.927021 0.238081 3
0.965465 1 1
0.98894 1 1
0.920925 0.229198 3
0.926013 0.236483 3
0.942524 0.506424 2
0.984929 1 1
0.934879 0.491842 2
0.955263 0.541833 2
0.977291 1 1
0.948646 0.521328 2
0.977945 1 1
0.916881 0.224203 3
0.956725 0.547119 2
0.929754 0.242707 3
0.907779 0.101592 4
0.918652 0.226314 3
0.956863 0.547635 2
0.93224 0.487616 2
0.928639 0.240766 3
0.952217 0.531742 2
0.941851 0.504978 2
0.896012 0.0435651 5
0.98549 1 1
0.926481 0.237218 3
0.919325 0.227147 3
0.942556 0.506493 2
0.881827 0.00797302 7
0.977852 1 1
0.897306 0.0205549 6
0.879917 0.00159129 9
0.906383 0.0478872 5
0.945138 0.51238 2
0.895927 0.0202424 6
0.894106 0.01985 6
0.91678 0.109167 4
0.927206 0.238381 3
0.878388 0.00155556 9
0.969978 1 1
0.927273 0.23849 3
0.940848 0.502887 2
0.949771 0.524459 2
0.862119 2.01958e-05 14
0.975811 1 1
0.929591 0.0660571 5
0.907973 0.00564828 8
0.919913 0.0287358 6
0.958477 0.33698 3
0.931455 0.128157 4
0.92817 0.0643813 5
0.951799 0.304359 3
0.94317 0.273689 3
0.896886 0.00102399 10
0.987467 1 1
0.928215 0.0644318 5
0.921211 0.0294765 6
0.944469 0.277644 3
0.882517 3.35913e-05 14
0.979756 0.689695 2
0.876012 1.19732e-06 18
0.887326 3.89646e-05 14
0.932228 0.0694609 5
0.904714 0.00256962 9
0.85646 7.22436e-11 29
0.865568 1.47254e-08 23
0.871167 2.04957e-07 20
0.914757 0.0131507 7
0.923361 0.0308027 6
0.875441 1.17255e-06 18
0.934469 0.0726899 5
0.916486 0.013662 7
0.914413 0.013054 7
0.911827 0.00618505 8
0.878671 2.88379e-06 17
0.960842 0.563783 2
0.988649 1 1
0.942996 0.273175 3
0.920133 0.112634 4
0.940734 0.266805 3
0.952981 0.534162 2
0.938398 0.2608 3
0.935301 0.253633 3
0.963759 0.577379 2
0.896769 0.00958313 7
0.913206 0.0516555 5
0.876262 0.000305205 11
0.901144 0.0215032 6
0.96743 0.596969 2
0.893257 0.00913266 7
0.95719 0.329948 3
0.9429 0.153129 4
0.958146 0.335134 3
0.980404 0.69603 2
0.945334 0.160227 4
0.949654 0.295686 3
0.967625 0.598096 2
0.980253 0.694538 2
0.936495 0.137679 4
0.958693 0.338194 3
0.953145 0.310213 3
0.925559 0.0322994 6
0.955103 0.319343 3
0.921205 0.0294729 6
0.955649 0.322029 3
0.923564 0.0596037 5
0.931452 0.0684184 5
0.98349 0.728728 2
0.948254 0.290431 3
0.903433 0.00512562 8
0.912662 0.0125831 7
0.919008 0.028244 6
0.96297 0.573542 2
0.961202 0.565376 2
0.915134 0.0263437 6
0.96914 0.607156 2
0.930828 0.0676049 5
0.946739 0.285073 3
0.942809 0.152877 4
0.916467 0.0269623 6
0.895106 0.00439342 8
0.897408 0.00967134 7
0.949844 0.524666 2
0.940484 0.266136 3
0.878352 0.000144114 12
0.885308 0.000796269 10
0.897344 0.00966245 7
0.944042 0.27632 3
0.923895 0.117063 4
0.914 0.0521578 5
0.972388 0.628625 2
0.95926 0.557052 2
0.956592 0.546626 2
0.906592 0.0230876 6
0.91837 0.0552117 5
0.943377 0.154459 4
0.922486 0.0302473 6
0.933205 0.0708278 5
0.969221 0.607661 2
0.941997 0.150681 4
0.940584 0.147042 4
0.964421 0.375002 3
0.956482 0.326245 3
0.911186 0.00608896 8
0.979994 0.692003 2
0.937125 0.0769694 5
0.922447 0.0302233 6
0.949356 0.173794 4
0.896853 0.000234977 12
0.97343 0.636155 2
0.946652 0.516101 2
0.920635 0.11319 4
0.898273 0.00979387 7
0.918925 0.111337 4
0.967328 0.59638 2
0.955256 0.541809 2
0.961583 0.567086 2
0.915167 0.0529238 5
0.89047 0.00407776 8
0.929031 0.241439 3
0.88975 0.00403335 8
0.870556 5.47047e-05 13
0.896817 0.00958975 7
0.883471 0.00168146 9
0.921648 0.114343 4
0.904188 0.0107481 7
0.918689 0.0554551 5
0.957694 0.5508 2
0.920408 0.0568248 5
0.883149 0.000160958 12
0.89338 0.00200214 9
0.895561 0.00209085 9
0.935145 0.134929 4
0.956939 0.547922 2
0.888292 0.000392963 11
0.943765 0.275475 3
0.911568 0.0248481 6
0.921199 0.0574881 5
0.945068 0.279537 3
0.889767 0.000871198 10
0.893886 0.000451596 11
0.902049 0.0024094 9
0.952029 0.305337 3
0.927296 0.0634 5
0.874796 2.52211e-06 17
0.8834 3.44848e-05 14
0.891107 0.000197984 12
0.936713 0.138138 4
0.935184 0.135006 4
0.897372 0.00103628 10
0.957878 0.333657 3
0.935184 0.135007 4
0.936866 0.138463 4
0.91996 0.0287621 6
0.900586 0.00232942 9
0.976842 1 1
0.958486 0.553912 2
0.917291 0.109669 4
0.919452 0.111896 4
0.985517 1 1
0.98744 1 1
0.964691 0.582074 2
0.9253 0.118884 4
0.920949 0.113543 4
0.91188 0.0508494 5
0.897488 0.00968246 7
0.86801 2.3019e-05 14
0.895702 0.00944041 7
0.918659 0.11106 4
0.905751 0.0228221 6
0.909614 0.0495584 5
0.903018 0.0463295 5
0.948049 0.519723 2
0.967501 1 1
0.897255 0.0205432 6
0.9015 0.0456798 5
0.918993 0.111409 4
0.9594 0.557632 2
0.916593 0.108986 4
0.947929 0.519403 2
0.978533 1 1
0.974768 1 1
0.992241 1 1
0.898347 0.0208003 6
0.953145 0.53469 2
0.889911 0.000873848 10
0.901044 0.00488932 8
0.946929 0.285727 3
0.917226 0.0543615 5
0.87003 4.82797e-06 16
0.879302 6.7085e-05 13
0.884757 0.00036268 11
0.928462 0.123364 4
0.936974 0.257399 3
0.886681 0.000378603 11
0.946142 0.283052 3
0.922178 0.0583382 5
0.924604 0.0606014 5
0.923988 0.0600056 5
0.889458 0.000865563 10
0.899535 0.00475189 8
0.895392 0.00441474 8
0.943873 0.275802 3
0.954947 0.540729 2
0.886134 0.000809168 10
0.890988 0.00191336 9
0.90727 0.023308 6
0.949987 0.296983 3
0.913307 0.02555 6
0.935204 0.253422 3
0.976042 0.656547 2
0.98173 1 1
0.978493 1 1
0.895174 0.00439846 8
0.940735 0.266808 3
0.911244 0.0247224 6
0.90765 0.0114194 7
0.956353 0.545745 2
0.964937 0.583345 2
0.896839 0.00214673 9
0.902296 0.00501018 8
0.917751 0.0275922 6
0.962589 0.571728 2
0.925001 0.0609947 5
0.939559 0.263716 3
0.988868 1 1
0.969187 0.60745 2
0.982946 1 1
0.906577 0.0112011 7
0.943927 0.275967 3
0.939376 0.499949 2
0.950821 0.527503 2
0.986933 1 1
0.9463 0.515215 2
0.917704 0.22517 3
0.928132 0.239908 3
0.930213 0.24353 3
0.964404 1 1
0.979388 1 1
0.913928 0.106521 4
0.955076 0.541179 2
0.915508 0.107955 4
0.936352 0.494364 2
0.959868 0.55959 2
0.913539 0.106179 4
0.955964 0.544328 2
0.983637 1 1
0.942401 0.271443 3
0.917392 0.10977 4
0.935924 0.255008 3
0.948099 0.519856 2
0.933798 0.250448 3
0.933031 0.248888 3
0.965769 0.587738 2
0.893253 0.00913215 7
0.912087 0.0509726 5
0.874853 0.000133705 12
0.899156 0.00992309 7
0.971659 1 1
0.889946 0.00404529 8
0.990327 1 1
0.966027 0.589129 2
0.943417 0.274424 3
0.947284 0.517716 2
0.973693 1 1
0.982151 1 1
0.982353 1 1
0.954008 0.537529 2
0.938957 0.262189 3
0.933625 0.250092 3
0.92529 0.118871 4
0.894621 0.00930121 7
0.92307 0.116038 4
0.930406 0.24388 3
0.928415 0.240385 3
0.924068 0.0164695 7
0.902069 0.000571149 11
0.913664 0.00647748 8
0.952405 0.185858 4
0.927286 0.0335879 6
0.923253 0.0161158 7
0.946593 0.164213 4
0.93678 0.0763828 5
0.890627 4.34984e-05 14
0.984374 0.738918 2
0.922965 0.0159941 7
0.918607 0.0143478 7
0.9402 0.0826336 5
0.876385 2.53476e-07 20
0.977799 0.671583 2
0.933076 0.0706443 5
0.908816 0.00285962 9
0.911434 0.00612567 8
0.946303 0.163277 4
0.940083 0.145805 4
0.934245 0.0723514 5
0.956659 0.327161 3
0.933859 0.0717783 5
0.892003 9.61467e-05 13
0.970603 0.61647 2
0.915216 0.00674579 8
0.905596 0.00262729 9
0.929396 0.0353109 6
0.879322 1.35734e-06 18
0.963081 0.365557 3
0.982454 0.71727 2
0.961058 0.3523 3
0.947444 0.167038 4
0.954814 0.31795 3
0.968475 0.603109 2
0.974941 0.64768 2
0.984379 0.738977 2
0.96049 0.348781 3
0.938915 0.14302 4
0.940583 0.14704 4
0.931573 0.0685781 5
0.901576 0.00115525 10
0.930299 0.066932 5
0.928468 0.0647235 5
0.935559 0.0743829 5
0.968018 0.600393 2
0.993302 1 1
0.939191 0.143666 4
0.920931 0.0293133 6
0.94905 0.293383 3
0.961234 0.353406 3
0.944564 0.157898 4
0.934785 0.0731721 5
0.956091 0.324249 3
0.899843 0.00110332 10
0.910784 0.00603005 8
0.874759 5.20126e-07 19
0.900548 0.00112391 10
0.958275 0.335849 3
0.895818 0.000475638 11
0.914944 0.052775 5
0.893336 0.00426651 8
0.907087 0.0232481 6
0.946513 0.284301 3
0.918414 0.0552447 5
0.914179 0.0522735 5
0.937254 0.258052 3
0.929993 0.125743 4
0.883141 0.000764283 10
0.980707 1 1
0.91895 0.111364 4
0.919137 0.111561 4
0.937855 0.259481 3
0.868632 2.33541e-05 14
0.976906 1 1
0.94234 0.151598 4
0.967745 0.400951 3
0.950556 0.178343 4
0.917636 0.00720735 8
0.920842 0.0151487 7
0.932944 0.070457 5
0.923028 0.0160209 7
0.934937 0.0734055 5
0.981195 0.704009 2
0.889777 4.22541e-05 14
0.919216 0.0145574 7
0.881083 1.45535e-06 18
0.902959 0.000587394 11
0.990294 1 1
0.887584 1.84239e-05 15
0.893677 0.0197606 6
0.892587 0.00905266 7
0.943614 0.508837 2
0.945103 0.512297 2
0.878736 0.00156356 9
0.884534 0.00374178 8
0.898978 0.020953 6
0.944011 0.509743 2
0.914962 0.107451 4
0.922651 0.231533 3
0.973095 1 1
0.973942 1 1
0.965947 0.588694 2
0.897195 0.0205293 6
0.927852 0.239441 3
0.944732 0.158399 4
0.937099 0.138962 4
0.970107 0.61325 2
0.986653 1 1
0.929938 0.0664829 5
0.935722 0.136086 4
0.950954 0.300852 3
0.994244 1 1
0.941892 0.150403 4
0.952886 0.309063 3
0.970092 0.613151 2
0.938287 0.141581 4
0.967273 0.596067 2
0.924381 0.0314786 6
0.952634 0.307953 3
0.959057 0.556221 2
0.933374 0.24958 3
0.906245 0.0229769 6
0.922012 0.114768 4
0.981259 1 1
0.968688 0.604394 2
0.969249 0.60783 2
0.921104 0.113719 4
0.901201 0.0102393 7
0.926161 0.120049 4
0.894307 0.00433511 8
0.871539 2.50312e-05 14
0.898732 0.00986056 7
0.895206 0.00440085 8
0.919016 0.0557089 5
0.899164 0.00471937 8
0.905378 0.0109681 7
0.957273 0.549185 2
0.935852 0.13635 4
0.880589 6.93131e-05 13
0.888782 0.000397537 11
0.897795 0.00219052 9
0.944308 0.277142 3
0.936151 0.136963 4
0.906029 0.0110932 7
0.96711 0.59514 2
0.942993 0.273165 3
0.946032 0.282683 3
0.919642 0.0562033 5
0.909358 0.0117881 7
0.898602 0.00984154 7
0.880736 0.000333146 11
0.90598 0.0228935 6
0.945108 0.279666 3
0.897747 0.00971893 7
0.895656 0.00443465 8
0.918428 0.0552553 5
0.927133 0.121413 4
0.878313 0.000143991 12
0.971642 0.623438 2
0.926049 0.119897 4
0.938315 0.260597 3
0.948352 0.520533 2
0.862197 1.72136e-06 17
0.976905 1 1
0.870153 9.74843e-07 18
0.881276 3.23981e-05 14
0.92614 0.0621594 5
0.899833 0.00229022 9
0.850808 5.48406e-11 29
0.859788 1.16117e-08 23
0.865634 1.66662e-07 20
0.909266 0.0117676 7
0.917115 0.027276 6
0.871199 1.00985e-06 18
0.929855 0.0663803 5
0.914534 0.0260761 6
0.910554 0.0120628 7
0.905893 0.00539565 8
0.874642 5.53465e-06 16
0.929478 0.242219 3
0.925441 0.235601 3
0.970994 1 1
0.978432 1 1
0.914054 0.106632 4
0.920145 0.228185 3
0.934649 0.491459 2
0.981912 1 1
0.938916 0.499063 2
0.945722 0.51379 2
0.986975 1 1
0.951475 0.52946 2
0.977026 1 1
0.920359 0.228461 3
0.947827 0.519133 2
0.96996 0.612306 2
0.972986 0.632909 2
0.920885 0.0292869 6
0.911582 0.00614801 8
0.962026 0.358497 3
0.971176 0.620271 2
0.947842 0.168395 4
0.92195 0.0299182 6
0.933504 0.0712596 5
0.897078 0.000492576 11
0.895725 0.000474426 11
0.862435 1.12691e-09 26
0.889232 8.82056e-05 13
0.936001 0.0750943 5
0.891881 0.000202369 12
0.938103 0.141167 4
0.929955 0.0665041 5
0.966023 0.589108 2
0.990746 1 1
0.924423 0.0604246 5
0.929526 0.0659779 5
0.946048 0.282739 3
0.987553 1 1
0.936229 0.137126 4
0.95612 0.324398 3
0.974167 0.641684 2
0.945182 0.279904 3
0.974651 0.64541 2
0.918443 0.0279469 6
0.956947 0.328667 3
0.95225 0.306284 3
0.934773 0.134198 4
0.948693 0.292047 3
0.980085 1 1
0.944612 0.278092 3
0.946616 0.284653 3
0.968073 0.600716 2
0.971898 0.625196 2
0.926437 0.120432 4
0.968383 0.602556 2
0.948541 0.291483 3
0.92626 0.120187 4
0.955463 0.54254 2
0.911444 0.0247998 6
0.964445 0.58082 2
0.87061 2.0057e-07 20
0.860039 2.2809e-09 25
0.900455 0.00112116 10
0.92703 0.0631091 5
0.863519 1.35059e-08 23
0.864741 1.4216e-08 23
0.884963 3.61642e-05 14
0.913567 0.0128218 7
0.870581 2.00344e-07 20
0.931386 0.0683308 5
0.930167 0.0667668 5
0.967035 0.594717 2
0.94805 0.289691 3
0.853249 2.68705e-11 30
0.938857 0.142887 4
0.911616 0.00615312 8
0.918858 0.0144334 7
0.970891 0.618369 2
0.94274 0.152687 4
0.892195 9.67381e-05 13
0.900948 0.000551721 11
0.908594 0.00284239 9
0.9544 0.315979 3
0.949716 0.17513 4
0.910784 0.00603008 8
0.970367 0.61493 2
0.936958 0.0766848 5
0.94722 0.166285 4
0.932401 0.0696992 5
0.913127 0.00638932 8
0.910411 0.103585 4
0.894984 0.0200364 6
0.924716 0.234507 3
0.963562 1 1
0.905731 0.100147 4
0.905713 0.100135 4
0.927914 0.239544 3
0.945495 0.513239 2
0.895826 0.0434992 5
0.977762 1 1
0.945606 0.513509 2
0.952147 0.531525 2
0.968069 1 1
0.879 0.00348059 8
0.985567 1 1
0.962726 0.572379 2
0.935769 0.493352 2
0.914283 0.106837 4
0.932471 0.24778 3
0.98007 1 1
0.969823 1 1
0.97874 1 1
0.930585 0.244207 3
0.906453 0.0479214 5
0.936631 0.494855 2
0.90395 0.046744 5
0.881658 0.00360066 8
0.909083 0.102559 4
0.898739 0.0445736 5
0.929479 0.242221 3
0.894504 0.00434929 8
0.896115 0.00446965 8
0.948383 0.290901 3
0.941249 0.268207 3
0.878108 0.000143343 12
0.884831 0.000789003 10
0.897379 0.00456956 8
0.943862 0.275769 3
0.921803 0.114524 4
0.915534 0.0531717 5
0.972709 0.630912 2
0.96226 0.57019 2
0.958408 0.553603 2
0.904395 0.0224109 6
0.920088 0.0565631 5
0.920325 0.0567563 5
0.915335 0.0264346 6
0.961401 0.566265 2
0.974831 0.646813 2
0.906173 0.0111213 7
0.911487 0.0248164 6
0.927372 0.0634843 5
0.971879 0.625069 2
0.929485 0.124938 4
0.946791 0.285253 3
0.989096 1 1
0.962012 0.569041 2
0.986079 1 1
0.91101 0.0121711 7
0.950326 0.298321 3
0.932847 0.248522 3
0.927688 0.239169 3
0.970523 0.615942 2
0.982349 1 1
0.917789 0.110167 4
0.92367 0.11678 4
0.938639 0.261394 3
0.985266 1 1
0.938942 0.262151 3
0.948846 0.521875 2
0.982687 1 1
0.94913 0.522659 2
0.976379 1 1
0.920564 0.113111 4
0.950523 0.526627 2
0.942547 0.271865 3
0.929756 0.125365 4
0.956344 0.545713 2
0.994871 1 1
0.931881 0.246635 3
0.935342 0.253722 3
0.954653 0.539716 2
0.980394 1 1
0.92938 0.124774 4
0.966562 0.592067 2
0.962327 0.570504 2
0.939334 0.263141 3
0.969266 0.607938 2
0.912661 0.0513198 5
0.965843 0.588135 2
0.908038 0.0487201 5
0.901405 0.0215722 6
0.946504 0.515728 2
0.965983 0.58889 2
0.895807 0.0094542 7
0.899975 0.0212012 6
0.917552 0.10993 4
0.957687 0.550772 2
0.915112 0.107589 4
0.947326 0.517823 2
0.977232 1 1
0.976488 1 1
0.99112 1 1
0.89689 0.00959969 7
0.952721 0.533331 2
0.94634 0.515315 2
0.932752 0.248333 3
0.95612 0.544897 2
0.990808 1 1
0.935819 0.254773 3
0.939247 0.26292 3
0.958662 0.554617 2
0.980304 1 1
0.930461 0.243979 3
0.966023 0.589108 2
0.95925 0.55701 2
0.93538 0.253804 3
0.965193 0.584679 2
0.914133 0.106703 4
0.964409 0.580636 2
0.945821 0.281984 3
0.921472 0.0296306 6
0.92183 0.0298455 6
0.953691 0.312686 3
0.950897 0.300618 3
0.946254 0.283427 3
0.96961 0.610089 2
0.943733 0.155473 4
0.903749 0.00250928 9
0.968573 0.6037 2
0.922053 0.0299805 6
0.907147 0.00554504 8
0.933338 0.131482 4
0.891316 0.00019915 12
0.960958 0.351671 3
0.964427 0.375041 3
0.989854 1 1
0.937236 0.139257 4
0.917772 0.0140695 7
0.946041 0.162438 4
0.958054 0.334627 3
0.940978 0.148033 4
0.931874 0.0689804 5
0.955944 0.323504 3
0.896436 0.000483815 11
0.908426 0.00570648 8
0.872235 2.13749e-07 20
0.897727 0.000501706 11
0.959794 0.344583 3
0.892472 0.000205833 12
0.914924 0.00669375 8
0.895742 0.000226962 12
0.916309 0.0136076 7
0.956762 0.327699 3
0.914537 0.0066259 8
0.912282 0.00625509 8
0.935514 0.0743114 5
0.938945 0.14309 4
0.890086 4.27003e-05 14
0.989242 1 1
0.93155 0.0685474 5
0.933529 0.0712959 5
0.951804 0.30438 3
0.874478 2.34035e-07 20
0.990823 1 1
0.948741 0.521589 2
0.970706 1 1
0.961556 0.566964 2
0.928942 0.241286 3
0.926351 0.237013 3
0.938341 0.497973 2
0.931371 0.245665 3
0.946488 0.515686 2
0.987805 1 1
0.900393 0.0452253 5
0.929855 0.242888 3
0.891331 0.0192922 6
0.913966 0.106554 4
0.980918 1 1
0.898344 0.0207996 6
0.881807 6.99858e-06 16
0.884871 1.67676e-05 15
0.936554 0.0760046 5
0.927095 0.0334398 6
0.8652 6.46648e-09 24
0.872101 2.12617e-07 20
0.88396 1.62631e-05 15
0.929913 0.0664519 5
0.912964 0.00636297 8
0.902656 0.00118988 10
0.958072 0.334726 3
0.955577 0.321671 3
0.945115 0.159558 4
0.896602 0.000486054 11
0.907505 0.00276063 9
0.953656 0.53636 2
0.933995 0.250854 3
0.943385 0.508323 2
0.974155 1 1
0.948452 0.520802 2
0.949234 0.522948 2
0.972046 1 1
0.966031 0.589154 2
0.922664 0.231552 3
0.969279 1 1
0.942523 0.506421 2
0.92155 0.114231 4
0.950279 0.525914 2
0.908409 0.0489131 5
0.964161 0.579385 2
0.897235 0.000494748 11
0.883586 1.60625e-05 15
0.918018 0.0141502 7
0.952863 0.308958 3
0.891628 0.000200918 12
0.892063 0.000203427 12
0.913602 0.0128313 7
0.936222 0.13711 4
0.888162 8.54215e-05 13
0.962516 0.361735 3
0.943463 0.154701 4
0.961849 0.357344 3
0.96641 0.591224 2
0.870941 2.03159e-07 20
0.970246 0.614142 2
0.968889 0.605613 2
0.941727 0.149967 4
0.923904 0.0311587 6
0.941914 0.150461 4
0.979044 0.682934 2
0.972956 0.632688 2
0.989026 1 1
0.940557 0.146974 4
0.914676 0.0131277 7
0.942833 0.152941 4
0.91352 0.0128092 7
0.890058 9.04559e-05 13
0.918001 0.0141448 7
0.905818 0.00264215 9
0.935958 0.136565 4
0.890165 0.00188471 9
0.903682 0.0106576 7
0.945122 0.27971 3
0.9117 0.0248995 6
0.869693 1.0693e-05 15
0.87951 0.000147885 12
0.882953 0.000348848 11
0.924511 0.117849 4
0.941249 0.268207 3
0.880557 0.000151447 12
0.938617 0.261339 3
0.912158 0.0250804 6
0.916597 0.05391 5
0.930328 0.126284 4
0.88282 0.000347865 11
0.943971 0.156157 4
0.963647 0.576826 2
0.967312 0.59629 2
0.931543 0.068538 5
0.921508 0.0296521 6
0.933208 0.0708328 5
0.928551 0.0648205 5
0.94951 0.295131 3
0.99506 1 1
0.901607 0.00115623 10
0.935486 0.13561 4
0.89668 0.000487108 11
0.918318 0.0142501 7
0.979022 0.682727 2
0.900089 0.00111043 10
0.975376 1 1
0.948066 0.289747 3
0.923413 0.11646 4
0.936457 0.256209 3
0.988575 1 1
0.981877 1 1
0.985888 1 1
0.937639 0.258964 3
0.917722 0.0547254 5
0.934159 0.251195 3
0.909865 0.0242064 6
0.884222 0.000779919 10
0.912287 0.0510927 5
0.910442 0.0244188 6
0.92753 0.121985 4
0.93619 0.255603 3
0.911056 0.0246504 6
0.909463 0.0240612 6
0.942199 0.270865 3
0.945308 0.28031 3
0.938464 0.260963 3
0.959787 0.559245 2
0.931265 0.127834 4
0.891817 0.00194318 9
0.963647 0.576829 2
0.910979 0.0246212 6
0.899509 0.00474956 8
0.923914 0.117086 4
0.879951 0.000149365 12
0.956076 0.544736 2
0.969156 0.607259 2
0.971572 0.622954 2
0.919589 0.112043 4
0.9106 0.0501073 5
0.96212 0.569541 2
0.970886 0.618334 2
0.947355 0.517898 2
0.920812 0.113389 4
0.932162 0.247178 3
0.896435 0.00953788 7
0.894552 0.00435281 8
0.8614 1.6841e-06 17
0.888206 0.00182002 9
0.934774 0.252496 3
0.891186 0.00412315 8
0.918436 0.0279433 6
0.922105 0.0300127 6
0.975994 0.656149 2
0.955111 0.319386 3
0.900016 0.00229965 9
0.908024 0.00565475 8
0.917899 0.0276674 6
0.96541 0.585825 2
0.947599 0.288073 3
0.922946 0.0305367 6
0.982638 0.71927 2
0.944972 0.279229 3
0.959176 0.340958 3
0.929111 0.0654788 5
0.925326 0.0613214 5
0.948535 0.521027 2
0.922166 0.230864 3
0.912208 0.105043 4
0.939144 0.4995 2
0.960598 0.562715 2
0.952528 0.532717 2
0.971245 1 1
0.932127 0.247108 3
0.898515 0.0208406 6
0.9522 0.531689 2
0.908346 0.0488801 5
0.891583 0.00893618 7
0.917797 0.110175 4
0.888273 0.00857742 7
0.944637 0.511193 2
0.9558 0.543738 2
0.983224 1 1
0.938955 0.499136 2
0.914852 0.107351 4
0.936564 0.494737 2
0.948608 0.521227 2
0.933143 0.489022 2
0.930175 0.243461 3
0.962166 1 1
0.891413 0.019308 6
0.90887 0.102398 4
0.871864 0.00142016 9
0.8963 0.0436678 5
0.969049 1 1
0.887942 0.0186686 6
0.963791 0.57754 2
0.940734 0.266805 3
0.938674 0.261481 3
0.962288 0.57032 2
0.961288 0.565756 2
0.96109 0.564876 2
0.985065 1 1
0.958649 0.554566 2
0.922872 0.115797 4
0.959018 0.556058 2
0.932432 0.129851 4
0.909354 0.0240223 6
0.937946 0.2597 3
0.910569 0.0244665 6
0.952937 0.53402 2
0.882551 0.00015867 12
0.869162 2.10667e-06 17
0.90467 0.010836 7
0.937415 0.139644 4
0.877551 2.92028e-05 14
0.87763 2.9265e-05 14
0.899038 0.00470839 8
0.921477 0.0577262 5
0.874909 1.23191e-05 15
0.948872 0.292712 3
0.931752 0.128664 4
0.959337 0.557372 2
0.953399 0.311358 3
0.857767 2.44806e-08 22
0.956308 0.54558 2
0.919231 0.0558774 5
0.90729 0.0233145 6
0.942505 0.271743 3
0.978586 1 1
0.91036 0.0499722 5
0.912661 0.0513198 5
0.933006 0.248839 3
0.96202 0.56908 2
0.912318 0.0511112 5
0.968947 0.605973 2
0.964226 0.57971 2
0.95976 0.559133 2
0.98561 1 1
0.894776 0.00436913 8
0.973995 0.640378 2
0.95498 0.540843 2
0.978107 1 1
0.958061 0.55223 2
0.929095 0.241551 3
0.932668 0.248168 3
0.944833 0.511656 2
0.936266 0.255775 3
0.946027 0.51454 2
0.980394 1 1
0.901988 0.0217289 6
0.926853 0.23781 3
0.888704 0.00397068 8
0.912433 0.105231 4
0.976738 1 1
0.899452 0.0210701 6
0.982833 1 1
0.966921 1 1
0.952966 0.534113 2
0.954363 0.538726 2
0.963906 0.578106 2
0.97263 1 1
0.976872 1 1
0.963085 0.574094 2
0.946145 0.514831 2
0.936226 0.255685 3
0.934221 0.251325 3
0.902099 0.0459325 5
0.930549 0.24414 3
0.935584 0.254253 3
0.931783 0.246447 3
0.901606 0.0457243 5
0.912265 0.10509 4
0.959393 0.557603 2
0.927704 0.239195 3
0.881503 0.00163024 9
0.890867 0.00885527 7
0.896325 0.0203313 6
0.940056 0.501288 2
0.947532 0.518358 2
0.896151 0.0202922 6
0.955168 0.541499 2
0.925858 0.236243 3
0.932606 0.248045 3
0.932878 0.248584 3
0.898483 0.0208329 6
57 0 1 2 3 4 5 7 8 9 10 11 13 15 16 17 18 19 21 22 23 24 26 28 29 30 31 32 33 34 36 37 38 39 40 41 42 43 44 45 46 47 48 50 52 53 54 55 56 58 59 61 62 64 65 66 68 69 
55 0 1 2 3 4 7 8 9 10 11 13 14 15 17 18 19 21 22 23 24 26 28 29 30 31 32 34 35 36 37 38 39 40 41 42 43 44 45 46 47 48 50 52 53 54 55 58 59 60 61 62 64 65 66 68 
50 0 1 2 3 4 7 9 10 11 13 15 17 18 21 22 23 24 26 28 29 30 31 32 34 36 37 38 39 40 41 42 43 44 45 46 47 48 50 52 53 54 55 58 59 61 62 64 65 66 68 
28 0 2 3 4 10 11 15 22 23 26 30 32 37 38 40 41 45 46 48 50 53 54 55 59 62 64 65 66 
61 0 1 2 3 4 5 7 8 9 10 11 12 13 15 16 17 18 19 21 22 23 24 26 28 29 30 31 32 33 34 36 37 38 39 40 41 42 43 44 45 46 47 48 50 51 52 53 54 55 56 57 58 59 61 62 64 65 66 67 68 69 
50 0 1 2 3 4 7 9 10 11 13 15 17 18 21 22 23 24 26 28 29 30 31 32 34 36 37 38 39 40 41 42 43 44 45 46 47 48 50 52 53 54 55 58 59 61 62 64 65 66 68 
42 0 1 2 3 4 7 9 10 11 15 17 18 22 23 26 28 29 30 32 34 36 37 38 40 41 42 43 44 45 46 47 48 50 52 53 54 55 59 62 64 65 66 
42 0 1 2 3 4 7 9 10 11 15 17 18 22 23 26 28 29 30 32 34 36 37 38 40 41 42 43 44 45 46 47 48 50 52 53 54 55 59 62 64 65 66 
66 0 1 2 3 4 5 6 7 8 9 10 11 12 13 14 15 16 17 18 19 21 22 23 24 25 26 28 29 30 31 32 33 34 35 36 37 38 39 40 41 42 43 44 45 46 47 48 49 50 51 52 53 54 55 57 58 59 60 61 62 64 65 66 67 68 69 
14 0 2 3 4 22 23 26 32 38 40 50 54 59 65 
41 0 1 2 3 4 7 10 11 15 17 18 22 23 24 26 28 29 30 32 34 36 37 38 40 41 43 44 45 46 47 48 50 53 54 55 58 59 62 64 65 66 
14 0 2 3 4 22 23 26 32 38 40 50 54 59 65 
18 0 2 3 4 10 22 23 26 32 38 40 48 50 54 59 62 65 66 
70 0 1 2 3 4 5 6 7 8 9 10 11 12 13 14 15 16 17 18 19 20 21 22 23 24 25 26 27 28 29 30 31 32 33 34 35 36 37 38 39 40 41 42 43 44 45 46 47 48 49 50 51 52 53 54 55 56 57 58 59 60 61 62 63 64 65 66 67 68 69 
13 0 2 3 4 22 23 26 32 38 50 54 59 65 
