70 15 8e+06
1.4214 101838
2.11676 162331
2.02492 179708
2.46421 127487
1.56203 177433
1.02601 113171
1.04742 193170
1.91574 141943
1.0522 180441
1.92447 172447
2.79757 112708
1.3131 150299
2.37106 158512
1.60434 161144
1.10626 119292
1.04693 188962
1.37261 152306
2.28015 167013
2.50885 117303
2.02511 125555
1.93369 104682
1.73379 129443
2.48249 192215
1.60166 143675
1.92254 175151
2.62912 138974
2.61975 124607
2.6987 180797
1.70011 157517
1.92012 116909
2.29443 193539
2.40811 118213
1.36699 176726
1.35824 108794
1.06217 152784
1.88678 145559
2.62745 127089
1.07188 182806
1.51917 121870
2.27798 116424
1.28173 136331
1.62136 156967
1.57211 145184
1.87723 144834
1.99273 149227
1.50512 116945
2.05922 150910
1.35382 194241
2.04699 153945
1.58873 147899
1.06426 140966
1.25757 177163
1.71627 111543
1.42777 145598
1.70077 119923
1.19331 112518
1.75493 136914
2.58887 116402
1.43002 172249
1.32275 174424
2.07614 186684
1.39768 178671
1.2586 178822
2.30149 117017
1.15397 166595
1.50317 178257
1.35237 102386
2.78515 191647
1.18742 167952
2.55028 116033
0.950761 0.300065 3
0.949554 0.295301 3
0.888675 0.0001852 12
0.902616 0.00244184 9
0.960508 0.562323 2
0.881145 3.22761e-05 14
0.894228 0.000961295 10
0.968468 0.603066 2
0.955879 0.323177 3
0.958874 0.339227 3
0.898361 0.00221732 9
0.903467 0.00512912 8
0.873745 2.43574e-06 17
0.917845 0.0276401 6
0.963032 0.573836 2
0.947419 0.287436 3
0.920015 0.0565032 5
0.93866 0.261447 3
0.964689 0.582066 2
0.953619 0.536237 2
0.957369 0.549551 2
0.936399 0.256078 3
0.932019 0.129125 4
0.936284 0.255815 3
0.884783 0.000362886 11
0.941649 0.269314 3
0.917423 0.0545048 5
0.938132 0.26015 3
0.966916 0.594041 2
0.910899 0.0245906 6
0.959773 0.344458 3
0.988358 1 1
0.909605 0.00586379 8
0.910873 0.00604297 8
0.948832 0.292563 3
0.876077 1.20023e-06 18
0.91888 0.0144408 7
0.968491 0.603207 2
0.97075 0.617436 2
0.917043 0.0138355 7
0.920925 0.0293095 6
0.943305 0.154255 4
0.886492 3.79378e-05 14
0.926842 0.0332462 6
0.979126 0.683699 2
0.927654 0.122167 4
0.918794 0.0555362 5
0.872779 5.746e-05 13
0.891391 0.00192774 9
0.942403 0.27145 3
0.880297 0.000330195 11
0.876121 0.000137319 12
0.939188 0.262769 3
0.928575 0.123535 4
0.95548 0.542599 2
0.880763 0.000333332 11
0.878557 0.000144769 12
0.863239 1.77194e-06 17
0.903783 0.0106755 7
0.930114 0.125938 4
0.891765 0.00090944 10
0.870672 2.20731e-06 17
0.865621 3.74353e-07 19
0.889924 0.000408573 11
0.906518 0.0111893 7
0.904728 0.00526413 8
0.863519 1.54679e-07 20
0.889738 0.000406734 11
0.885511 0.000170595 12
0.885324 0.000169796 12
0.86841 9.20368e-07 18
0.850087 1.2243e-10 28
0.869684 2.14068e-06 17
0.892646 0.000927365 10
0.87289 5.2484e-06 16
0.949145 0.29374 3
0.947561 0.287939 3
0.955944 0.323504 3
0.942651 0.272164 3
0.933294 0.131403 4
0.902268 0.0050074 8
0.966985 0.594431 2
0.934397 0.13347 4
0.946781 0.285217 3
0.87088 9.98966e-07 18
0.965924 0.588573 2
0.996401 1 1
0.928646 0.0649309 5
0.951533 0.303243 3
0.927275 0.0633773 5
0.982855 1 1
0.987159 1 1
0.922531 0.115385 4
0.929032 0.241441 3
0.971923 1 1
0.895981 0.00947722 7
0.930411 0.243888 3
0.986421 1 1
0.994753 1 1
0.919694 0.112157 4
0.933719 0.250285 3
0.945403 0.513015 2
0.901793 0.0216759 6
0.945868 0.514149 2
0.974265 1 1
0.957458 0.54989 2
0.930908 0.2448 3
0.92626 0.23687 3
0.949506 0.523708 2
0.969201 1 1
0.937363 0.496168 2
0.926733 0.237619 3
0.946869 0.516651 2
0.947898 0.519322 2
0.903884 0.046714 5
0.932046 0.246953 3
0.915727 0.10816 4
0.920561 0.228723 3
0.958728 0.554886 2
0.925442 0.235603 3
0.963352 0.575384 2
0.957885 0.55154 2
0.900695 0.0213858 6
0.914625 0.107144 4
0.973321 1 1
0.891471 0.00892337 7
0.90623 0.0478127 5
0.979168 1 1
0.967317 0.596317 2
0.946093 0.514701 2
0.910464 0.0500306 5
0.914289 0.106842 4
0.885426 0.00173586 9
0.930194 0.243496 3
0.966351 0.590897 2
0.977352 1 1
0.973871 0.639444 2
0.941877 0.269953 3
0.942471 0.271645 3
0.960367 0.561715 2
0.904445 0.0224256 6
0.951012 0.528068 2
0.963939 0.578273 2
0.976752 1 1
0.898034 0.00975964 7
0.95359 0.536143 2
0.967538 0.59759 2
0.918198 0.0550814 5
0.958092 0.552351 2
0.953809 0.536867 2
0.938924 0.143043 4
0.911913 0.0123926 7
0.941528 0.149449 4
0.968052 0.60059 2
0.943586 0.274931 3
0.96814 0.601108 2
0.937473 0.139771 4
0.922551 0.0586716 5
0.927634 0.0637756 5
0.874948 5.58716e-06 16
0.942436 0.151857 4
0.914612 0.0261105 6
0.945376 0.280529 3
0.964639 0.58181 2
0.901785 0.00239456 9
0.942317 0.271201 3
0.935493 0.254053 3
0.968999 0.60629 2
0.950827 0.300334 3
0.927927 0.122567 4
0.911007 0.0246319 6
0.979848 1 1
0.925135 0.118666 4
0.93757 0.2588 3
0.86156 3.28004e-07 19
0.977076 1 1
0.982943 1 1
0.941373 0.268546 3
0.955519 0.542738 2
0.915559 0.0531889 5
0.951106 0.180512 4
0.923602 0.0162654 7
0.940534 0.146917 4
0.966165 0.388144 3
0.956839 0.3281 3
0.954795 0.317857 3
0.938814 0.0799779 5
0.935336 0.0740289 5
0.939875 0.0819954 5
0.886684 1.78476e-05 15
0.944128 0.156615 4
0.920717 0.0151018 7
0.938356 0.0791395 5
0.970006 0.612599 2
0.914189 0.00656598 8
0.886618 0.000378057 11
0.866273 1.93256e-06 17
0.859243 5.88014e-08 21
0.883334 0.000351683 11
0.90153 0.0102924 7
0.897945 0.00461585 8
0.85729 2.40613e-08 22
0.8855 0.000368677 11
0.880786 0.000152246 12
0.884794 0.000362972 11
0.862158 3.34297e-07 19
0.844501 1.76384e-11 30
0.863096 3.44512e-07 19
0.886326 0.000375561 11
0.869287 4.72733e-06 16
0.943565 0.508728 2
0.93928 0.263003 3
0.883419 0.00168005 9
0.899116 0.020987 6
0.955723 0.543466 2
0.880977 0.00161708 9
0.88823 0.00394305 8
0.95901 0.556029 2
0.947048 0.517107 2
0.961701 0.567622 2
0.892572 0.00905091 7
0.895105 0.00936284 7
0.870259 0.000121926 12
0.913522 0.106164 4
0.952093 0.531355 2
0.899911 0.010037 7
0.877181 0.000140474 12
0.945508 0.280958 3
0.952899 0.533897 2
0.898201 0.00978355 7
0.9703 0.614495 2
0.93504 0.253067 3
0.880983 0.000334832 11
0.889262 0.00185428 9
0.828983 3.77914e-12 0
0.936491 0.256287 3
0.90181 0.0103381 7
0.972365 0.628468 2
0.936036 0.255259 3
0.862863 1.75346e-06 17
0.983056 1 1
0.974535 0.644511 2
0.918067 0.0277531 6
0.928892 0.0652192 5
0.982659 0.719503 2
0.89976 0.00228649 9
0.924616 0.0606137 5
0.993858 1 1
0.988457 1 1
0.927837 0.0640024 5
0.92859 0.064866 5
0.934446 0.133566 4
0.900062 0.00230199 9
0.945584 0.281208 3
0.97132 0.621245 2
0.987449 1 1
0.959249 0.341385 3
0.941658 0.149786 4
0.954881 0.318272 3
0.981354 0.705643 2
0.923138 0.0306592 6
0.946692 0.284912 3
0.967202 0.595663 2
0.975401 0.651329 2
0.904854 0.00257864 9
0.951444 0.302871 3
0.945698 0.161358 4
0.925035 0.031929 6
0.971958 0.625613 2
0.946918 0.28569 3
0.958872 0.555465 2
0.970126 1 1
0.89633 0.0203323 6
0.905325 0.0473786 5
0.959629 0.558585 2
0.877285 0.000689388 10
0.903621 0.0465964 5
0.980158 1 1
0.968793 1 1
0.945949 0.514346 2
0.907028 0.0482062 5
0.919345 0.111782 4
0.877518 0.000692094 10
0.921677 0.114378 4
0.987319 1 1
0.955022 0.540988 2
0.953374 0.535436 2
0.892543 0.00904754 7
0.906218 0.0478066 5
0.964376 0.580466 2
0.883875 0.00370833 8
0.8982 0.020765 6
0.972771 1 1
0.960176 0.560896 2
0.954834 0.540339 2
0.902325 0.0460289 5
0.907508 0.0484483 5
0.877279 0.00153068 9
0.921637 0.230146 3
0.965822 1 1
0.962106 0.569474 2
0.965066 0.584019 2
0.944234 0.276913 3
0.938023 0.259887 3
0.945398 0.280601 3
0.898327 0.00980164 7
0.954709 0.539908 2
0.950273 0.525897 2
0.962407 0.570877 2
0.886492 0.00176713 9
0.955604 0.543038 2
0.981138 1 1
0.918249 0.110636 4
0.951099 0.528329 2
0.944417 0.27748 3
0.943106 0.507701 2
0.916335 0.108737 4
0.924937 0.234837 3
0.950464 0.526454 2
0.953371 0.535424 2
0.9494 0.523412 2
0.923172 0.232265 3
0.931346 0.245619 3
0.933031 0.248889 3
0.891515 0.0193277 6
0.928411 0.240378 3
0.906849 0.0481172 5
0.924818 0.23466 3
0.9542 0.538173 2
0.910233 0.103445 4
0.958061 0.552231 2
0.965761 0.587693 2
0.938831 0.142825 4
0.931767 0.12869 4
0.941448 0.268754 3
0.892292 0.000920087 10
0.949428 0.294816 3
0.948646 0.29187 3
0.960072 0.560453 2
0.886386 0.000376071 11
0.949928 0.296752 3
0.979452 0.686779 2
0.912696 0.0252974 6
0.944718 0.278424 3
0.945443 0.280747 3
0.952508 0.307404 3
0.929068 0.0654283 5
0.912365 0.00626799 8
0.934739 0.0731007 5
0.96804 0.600519 2
0.924993 0.0318992 6
0.913515 0.0128077 7
0.948065 0.289743 3
0.945443 0.160564 4
0.915294 0.0133053 7
0.91871 0.0143826 7
0.905969 0.00265233 9
0.906189 0.00266737 9
0.94478 0.158544 4
0.927795 0.0639552 5
0.973564 0.637148 2
0.960709 0.563199 2
0.954803 0.317899 3
0.95524 0.320011 3
0.958268 0.335811 3
0.915759 0.0266295 6
0.963476 0.575989 2
0.954949 0.318597 3
0.967617 0.598045 2
0.889296 0.00040243 11
0.9666 0.592276 2
0.970468 0.615587 2
0.931189 0.127707 4
0.970075 0.613044 2
0.941663 0.149799 4
0.925912 0.236326 3
0.899404 0.0210581 6
0.937855 0.259481 3
0.962772 0.572595 2
0.930237 0.243572 3
0.981076 1 1
0.931863 0.2466 3
0.909497 0.0494947 5
0.914716 0.107226 4
0.863533 2.08204e-05 14
0.936292 0.255834 3
0.905782 0.0475963 5
0.948156 0.520007 2
0.954418 0.538913 2
0.889051 0.00865841 7
0.927503 0.0337575 6
0.907361 0.00275015 9
0.888764 4.08432e-05 14
0.911981 0.00620862 8
0.943588 0.155058 4
0.911861 0.0061902 8
0.889046 4.12288e-05 14
0.92759 0.0338258 6
0.92227 0.0301137 6
0.916212 0.0135781 7
0.89414 0.000216178 12
0.88099 6.80325e-06 16
0.885926 1.73836e-05 15
0.919731 0.0147398 7
0.910313 0.00596253 8
0.943854 0.155821 4
0.919497 0.0146565 7
0.967655 0.400201 3
0.994902 1 1
0.940991 0.0842279 5
0.960555 0.349176 3
0.962957 0.364709 3
0.923911 0.0164003 7
0.932657 0.0700544 5
0.86713 3.16685e-09 25
0.967723 0.400763 3
0.935486 0.0742669 5
0.965544 0.383352 3
0.981403 0.70615 2
0.904983 0.00127116 10
0.904871 0.0225529 6
0.884033 0.00169673 9
0.95878 0.555096 2
0.958275 0.553073 2
0.900626 0.0213678 6
0.958398 0.553561 2
0.947844 0.51918 2
0.885274 0.00173148 9
0.894694 0.00931043 7
0.829862 3.92256e-12 0
0.948274 0.520324 2
0.913955 0.0521288 5
0.986962 1 1
0.941439 0.26873 3
0.868264 5.20917e-05 13
0.895405 0.0201278 6
0.872714 0.000285987 11
0.874452 0.000658137 10
0.899115 0.0209866 6
0.909355 0.0494173 5
0.916767 0.109155 4
0.871622 0.000280519 11
0.891014 0.00887177 7
0.888118 0.00856151 7
0.879413 0.00157933 9
0.876481 0.00068023 10
0.855939 3.35318e-06 16
0.880159 0.00159712 9
0.90033 0.0212916 6
0.87299 0.000287404 11
0.960262 0.561266 2
0.963269 0.574979 2
0.896781 0.0204342 6
0.908338 0.0488763 5
0.965619 0.586935 2
0.882874 0.00365884 8
0.903219 0.0464176 5
0.980642 1 1
0.967647 1 1
0.949579 0.523915 2
0.907057 0.048221 5
0.915249 0.107714 4
0.879737 0.00158699 9
0.924382 0.234012 3
0.976373 1 1
0.968456 0.602993 2
0.941625 0.269246 3
0.929652 0.125201 4
0.950422 0.298705 3
0.979806 1 1
0.931166 0.127667 4
0.931642 0.128474 4
0.957145 0.548698 2
0.958813 0.555226 2
0.908551 0.0237403 6
0.93688 0.25718 3
0.924191 0.117439 4
0.920231 0.0566799 5
0.962944 0.573417 2
0.935378 0.2538 3
0.923181 0.0306864 6
0.897478 0.00103901 10
0.908485 0.00571416 8
0.934107 0.132917 4
0.934793 0.134237 4
0.947175 0.286579 3
0.905396 0.00533876 8
0.913629 0.0128384 7
0.913854 0.0128995 7
0.883305 3.43871e-05 14
0.910399 0.0120264 7
0.887324 8.33426e-05 13
0.913236 0.0127334 7
0.934624 0.133909 4
0.893304 0.000444781 11
0.878411 0.000702638 10
0.855915 1.45713e-06 17
0.861401 8.72474e-06 15
0.88562 0.00379842 8
0.891901 0.00897258 7
0.908004 0.0487022 5
0.857842 1.53148e-06 17
0.87381 0.000291678 11
0.871076 0.000123885 12
0.864786 2.14008e-05 14
0.862517 8.95508e-06 15
0.840788 1.07025e-09 25
0.869468 0.000120082 12
0.88526 0.00173109 9
0.856173 1.46677e-06 17
0.914986 0.0262768 6
0.89485 0.000975301 10
0.879872 3.1129e-05 14
0.903622 0.00514534 8
0.930733 0.126947 4
0.908589 0.0116189 7
0.879403 3.07237e-05 14
0.914825 0.0262051 6
0.909592 0.0118408 7
0.908371 0.0115718 7
0.884454 0.000166162 12
0.869761 2.14574e-06 17
0.879256 3.05982e-05 14
0.909772 0.0118816 7
0.89804 0.00220206 9
0.891656 0.000201079 12
0.867089 3.51277e-08 22
0.882717 1.56118e-05 15
0.907187 0.00555002 8
0.903451 0.00249123 9
0.93303 0.0705789 5
0.878185 2.83429e-06 17
0.883443 1.59872e-05 15
0.882876 1.56927e-05 15
0.862515 5.74414e-09 24
0.882779 1.56432e-05 15
0.858006 4.03579e-10 27
0.892794 0.000207766 12
0.904588 0.00256161 9
0.864226 1.39106e-08 23
0.948032 0.169055 4
0.920743 0.0151116 7
0.932454 0.0697728 5
0.957989 0.334266 3
0.956416 0.325907 3
0.952021 0.305304 3
0.93081 0.0675818 5
0.934368 0.0725362 5
0.937361 0.0773758 5
0.889977 9.02301e-05 13
0.936095 0.0752475 5
0.913933 0.00652257 8
0.931198 0.0680839 5
0.962062 0.358731 3
0.913103 0.00638542 8
0.957177 0.329883 3
0.953849 0.313412 3
0.894833 0.000974923 10
0.908846 0.0116747 7
0.967159 0.595416 2
0.886642 0.000175578 12
0.900352 0.00231708 9
0.97405 0.640798 2
0.961719 0.567702 2
0.95225 0.306284 3
0.904545 0.00524411 8
0.908925 0.0116922 7
0.879793 3.106e-05 14
0.924223 0.0602306 5
0.964989 0.583618 2
0.930276 0.0669032 5
0.904518 0.00255715 9
0.911992 0.0124125 7
0.937566 0.139974 4
0.942203 0.15123 4
0.945457 0.160609 4
0.909597 0.00586274 8
0.920896 0.0292931 6
0.921014 0.0293615 6
0.889094 0.000187299 12
0.914709 0.0131371 7
0.892916 0.000440326 11
0.914633 0.0131157 7
0.939741 0.144974 4
0.900408 0.00111978 10
0.932501 0.129972 4
0.935756 0.136155 4
0.871248 1.01152e-06 18
0.884769 7.74979e-05 13
0.941492 0.149356 4
0.864779 7.18682e-08 21
0.876931 5.94663e-06 16
0.951335 0.302415 3
0.938717 0.142564 4
0.978214 0.675293 2
0.88088 3.20319e-05 14
0.887902 0.000181434 12
0.856453 8.56441e-10 26
0.899672 0.00228203 9
0.9532 0.310459 3
0.906997 0.0232185 6
0.880905 0.000152664 12
0.922498 0.0586241 5
0.944815 0.27873 3
0.912374 0.0251673 6
0.982403 1 1
0.915284 0.0530025 5
0.891636 0.00193661 9
0.896113 0.00446956 8
0.850326 1.52605e-09 25
0.919184 0.0558404 5
0.887838 0.000837136 10
0.938523 0.261107 3
0.934789 0.13423 4
0.871439 1.11973e-05 15
0.90269 0.00244615 9
0.877656 6.08707e-06 16
0.892786 0.000438855 11
0.91773 0.0275818 6
0.914327 0.01303 7
0.940786 0.147548 4
0.888561 0.000184635 12
0.893868 0.000451384 11
0.893658 0.0004489 11
0.869525 1.92395e-07 20
0.893278 0.000444475 11
0.868686 1.86391e-07 20
0.901575 0.00238287 9
0.915734 0.0134346 7
0.874225 1.12217e-06 18
0.920255 0.056699 5
0.902231 0.00500378 8
0.878954 3.03432e-05 14
0.901667 0.00494871 8
0.936488 0.137664 4
0.901693 0.00495118 8
0.879551 3.08502e-05 14
0.922814 0.0589097 5
0.9162 0.0268355 6
0.920756 0.0571141 5
0.884574 0.000166654 12
0.873002 5.26601e-06 16
0.875733 1.26122e-05 15
0.909822 0.011893 7
0.907261 0.0113392 7
0.937312 0.496076 2
0.912442 0.105239 4
0.962395 0.570821 2
0.987548 1 1
0.936009 0.255197 3
0.968802 1 1
0.956264 0.54542 2
0.91794 0.11032 4
0.926028 0.236507 3
0.863299 4.70966e-05 13
0.960626 0.562839 2
0.927715 0.239213 3
0.966892 1 1
0.973586 1 1
0.89865 0.0445393 5
0.959056 0.340269 3
0.975604 0.652971 2
0.927201 0.0335221 6
0.922873 0.0159557 7
0.943321 0.154302 4
0.884652 7.74868e-06 16
0.937448 0.0775272 5
0.955288 0.320248 3
0.964742 0.377347 3
0.895801 0.000109072 13
0.938445 0.079301 5
0.966367 0.389733 3
0.901898 0.000568099 11
0.937199 0.0770957 5
0.956363 0.325634 3
0.950005 0.525127 2
0.943682 0.508992 2
0.964824 1 1
0.951098 0.528326 2
0.935048 0.492125 2
0.910468 0.103629 4
0.975963 1 1
0.933138 0.489014 2
0.945679 0.513686 2
0.869061 0.00060567 10
0.975065 1 1
0.98741 1 1
0.937332 0.496112 2
0.958728 0.554886 2
0.923597 0.23287 3
0.961528 0.566838 2
0.951166 0.528529 2
0.963538 0.576293 2
0.957205 0.548925 2
0.946836 0.285405 3
0.916255 0.0536691 5
0.973553 0.637067 2
0.943324 0.274147 3
0.955936 0.544229 2
0.878428 0.000144357 12
0.975439 0.651637 2
0.978871 1 1
0.937625 0.258931 3
0.968269 0.601877 2
0.931493 0.128221 4
0.894128 0.00432228 8
0.870249 1.08495e-05 15
0.932728 0.130377 4
0.944587 0.278014 3
0.894555 0.004353 8
0.976012 1 1
0.922792 0.1157 4
0.876094 6.20325e-05 13
0.883299 0.000351419 11
0.827623 3.56884e-12 0
0.924847 0.118286 4
0.890531 0.00189735 9
0.957967 0.551862 2
0.928757 0.123811 4
0.85729 1.25701e-07 20
0.874906 0.000297582 11
0.853446 2.5703e-07 19
0.854264 2.63145e-07 19
0.878354 0.000701956 10
0.888962 0.00398591 8
0.898676 0.0208796 6
0.851212 1.04211e-07 20
0.871864 0.000125827 12
0.868243 5.20687e-05 13
0.867851 5.16429e-05 13
0.855928 6.34294e-07 18
0.835688 1.19578e-11 30
0.861149 3.80706e-06 16
0.87906 0.000710504 10
0.855023 6.18794e-07 18
0.96135 0.35414 3
0.973347 0.635543 2
0.932796 0.0702482 5
0.928108 0.0342391 6
0.945044 0.159342 4
0.889429 4.17609e-05 14
0.943092 0.153659 4
0.954762 0.317701 3
0.965396 0.382229 3
0.89328 0.000100204 13
0.944107 0.156554 4
0.97135 0.621448 2
0.907322 0.00274729 9
0.942198 0.151217 4
0.953139 0.310188 3
0.916473 0.0136581 7
0.890443 9.15379e-05 13
0.935414 0.0741527 5
0.957956 0.334087 3
0.920138 0.0288615 6
0.99118 1 1
0.928152 0.06436 5
0.899784 0.00110163 10
0.905332 0.00260978 9
0.854102 1.22628e-11 0
0.93208 0.06926 5
0.900005 0.001108 10
0.950321 0.2983 3
0.946861 0.165091 4
0.879649 6.50057e-06 16
0.93096 0.127323 4
0.904423 0.0224189 6
0.91972 0.0562657 5
0.945656 0.281444 3
0.940939 0.26736 3
0.955263 0.541831 2
0.916537 0.0538673 5
0.919221 0.0558694 5
0.920885 0.113471 4
0.882527 0.000755683 10
0.921579 0.114264 4
0.897449 0.00967708 7
0.923851 0.117008 4
0.945771 0.281821 3
0.898412 0.00981397 7
0.939475 0.263501 3
0.940301 0.265652 3
0.878095 6.5104e-05 13
0.892168 0.000917557 10
0.949276 0.294237 3
0.872201 1.14292e-05 15
0.883581 0.000162647 12
0.957589 0.550393 2
0.944971 0.279226 3
0.970246 0.614142 2
0.887657 0.000387183 11
0.893351 0.00200102 9
0.863586 3.50032e-07 19
0.907068 0.0112998 7
0.956161 0.545043 2
0.958654 0.554588 2
0.95407 0.537737 2
0.896456 0.0203607 6
0.910719 0.050175 5
0.969123 1 1
0.888624 0.00861369 7
0.901871 0.0458357 5
0.974776 1 1
0.962711 0.572307 2
0.95038 0.526209 2
0.906114 0.0477562 5
0.909895 0.0497132 5
0.881586 0.00163233 9
0.92606 0.236556 3
0.964248 0.579819 2
0.910462 0.00299344 9
0.884212 7.6249e-06 16
0.923325 0.0307792 6
0.946498 0.163904 4
0.916223 0.00693111 8
0.980948 0.701495 2
0.916523 0.0136734 7
0.895325 0.000224072 12
0.899591 0.000529644 11
0.854244 1.23555e-11 0
0.920604 0.0150592 7
0.889804 4.22934e-05 14
0.937921 0.0783572 5
0.93737 0.0773913 5
0.875015 2.39292e-07 20
0.972078 0.626447 2
0.948676 0.171323 4
0.959416 0.342354 3
0.970251 0.614175 2
0.963396 0.367727 3
0.932576 0.0699416 5
0.963971 0.371768 3
0.950873 0.179586 4
0.961327 0.353995 3
0.888148 4.00222e-05 14
0.969053 0.606623 2
0.954843 0.318089 3
0.941429 0.14919 4
0.987561 0.778997 2
0.932867 0.070349 5
0.893626 0.0197502 6
0.869919 0.000613478 10
0.878279 0.00344956 8
0.902979 0.0463123 5
0.906621 0.100764 4
0.924491 0.234172 3
0.874639 0.00147466 9
0.887351 0.0084839 7
0.885575 0.00831075 7
0.871157 0.000625081 10
0.879393 0.00349778 8
0.856774 1.80801e-05 14
0.886043 0.0083555 7
0.902415 0.0460679 5
0.868675 0.000602215 10
0.934863 0.252686 3
0.915195 0.0529425 5
0.892774 0.00422796 8
0.915302 0.0530144 5
0.951239 0.528748 2
0.911404 0.0505693 5
0.893707 0.00918741 7
0.935693 0.254494 3
0.930036 0.243211 3
0.921826 0.114551 4
0.898795 0.00986974 7
0.887247 0.00179002 9
0.888182 0.00394029 8
0.924357 0.117651 4
0.918339 0.110728 4
0.910565 0.0120653 7
0.886182 0.000173518 12
0.945801 0.28192 3
0.961358 0.566072 2
0.910734 0.0121053 7
0.986443 1 1
0.936512 0.137715 4
0.892145 0.000917078 10
0.899536 0.00227516 9
0.841819 6.66463e-12 0
0.93928 0.143875 4
0.904753 0.00526692 8
0.967252 0.595948 2
0.945666 0.281474 3
0.873045 5.27285e-06 16
0.896609 0.00101709 10
0.877623 1.33273e-05 15
0.863085 6.74749e-08 21
0.886774 0.000176175 12
0.912166 0.0124562 7
0.895908 0.00100005 10
0.862181 2.88752e-08 22
0.89749 0.00217638 9
0.891705 0.000426958 11
0.899969 0.00229723 9
0.867129 3.93972e-07 19
0.852121 1.34246e-10 28
0.864123 7.01225e-08 21
0.89188 0.000428845 11
0.88205 7.20006e-05 13
0.936805 0.0764254 5
0.919195 0.0145502 7
0.995538 1 1
0.976818 0.663051 2
0.927759 0.0339589 6
0.940076 0.145787 4
0.987515 1 1
0.916542 0.013679 7
0.927747 0.0339495 6
0.855182 1.29928e-11 0
0.988761 1 1
0.952537 0.307528 3
0.971696 0.623805 2
0.969489 0.609325 2
0.901338 0.00114786 10
0.920513 0.0150253 7
0.922928 0.0305251 6
0.860476 2.0099e-10 28
0.87486 5.22154e-07 19
0.930533 0.0672273 5
0.857334 3.32146e-11 30
0.865759 6.63171e-09 24
0.938558 0.142198 4
0.92613 0.0327139 6
0.987889 0.783439 2
0.869777 3.93541e-08 22
0.875807 5.41837e-07 19
0.846787 8.44596e-12 0
0.889182 4.14166e-05 14
0.940415 0.146622 4
0.952069 0.305507 3
0.927461 0.121886 4
0.966601 0.592279 2
0.990558 1 1
0.948577 0.291614 3
0.953475 0.535764 2
0.964509 0.581146 2
0.931869 0.128865 4
0.940796 0.266973 3
0.873855 2.65143e-05 14
0.969828 0.611465 2
0.940704 0.266725 3
0.958765 0.555035 2
0.989782 1 1
0.912876 0.0253714 6
0.948253 0.290427 3
0.950821 0.300311 3
0.885751 0.000171633 12
0.898554 0.00222664 9
0.956158 0.545032 2
0.87593 1.26835e-05 15
0.891744 0.000909021 10
0.967594 0.597916 2
0.954763 0.317707 3
0.962094 0.569421 2
0.895684 0.00209609 9
0.902932 0.00507406 8
0.869949 2.15824e-06 17
0.914039 0.0258608 6
0.966572 0.592118 2
0.916785 0.0540439 5
0.897967 0.0097501 7
0.878033 0.000143105 12
0.901208 0.0102403 7
0.932852 0.248533 3
0.903536 0.0221606 6
0.878168 0.000143531 12
0.918326 0.0551777 5
0.912215 0.0510497 5
0.915359 0.0530531 5
0.883203 0.000765163 10
0.870333 2.43122e-05 14
0.87598 0.000136907 12
0.908493 0.0237201 6
0.90237 0.0104313 7
0.957862 0.551451 2
0.971414 0.621879 2
0.930939 0.127289 4
0.925326 0.118919 4
0.941688 0.269421 3
0.886571 0.000816177 10
0.941359 0.268509 3
0.952038 0.531185 2
0.962267 0.570224 2
0.891658 0.0019374 9
0.942089 0.270552 3
0.97124 0.6207 2
0.905247 0.0226666 6
0.9391 0.262547 3
0.951779 0.530388 2
0.937157 0.257824 3
0.910086 0.0242874 6
0.93044 0.126465 4
0.956677 0.546941 2
0.944952 0.279167 3
0.961282 0.565732 2
0.927128 0.121406 4
0.923179 0.0592444 5
0.926407 0.120391 4
0.880708 0.000151972 12
0.932196 0.129434 4
0.906849 0.0112556 7
0.933808 0.132355 4
0.956142 0.544976 2
0.90217 0.0103978 7
0.959806 0.344655 3
0.952382 0.306855 3
0.960641 0.349707 3
0.952672 0.308117 3
0.944464 0.157603 4
0.911867 0.00619107 8
0.97115 0.620097 2
0.94274 0.152688 4
0.955412 0.320856 3
0.877948 5.90423e-07 19
0.972246 0.627629 2
0.983392 0.727625 2
0.934209 0.0722971 5
0.963535 0.368692 3
0.932322 0.0695903 5
0.935807 0.254746 3
0.929127 0.241606 3
0.878056 0.000315862 11
0.895269 0.00938402 7
0.94951 0.523721 2
0.880535 0.000729053 10
0.882148 0.000750475 10
0.949269 0.523045 2
0.937956 0.259724 3
0.960743 0.563347 2
0.886653 0.00177196 9
0.886828 0.00177724 9
0.866655 2.23154e-05 14
0.90874 0.0490879 5
0.941269 0.268262 3
0.934233 0.25135 3
0.925378 0.118988 4
0.878264 0.000143835 12
0.89644 0.0044949 8
0.948855 0.292649 3
0.883594 0.000770765 10
0.88187 0.000341006 11
0.945983 0.282523 3
0.935306 0.253643 3
0.955604 0.543038 2
0.886492 0.000814895 10
0.884854 0.000789357 10
0.867962 1.02279e-05 15
0.909313 0.0240078 6
0.936335 0.255933 3
53 0 1 3 4 7 8 10 12 13 14 15 16 17 18 19 21 23 25 26 27 29 30 31 32 33 34 35 36 37 38 39 40 41 42 43 47 48 50 51 52 53 54 56 57 58 59 61 62 63 64 66 68 69 
65 0 1 3 4 5 6 7 8 9 10 11 12 13 14 15 16 17 18 19 20 21 23 24 25 26 27 28 29 30 31 32 33 34 35 36 37 38 39 40 41 42 43 45 46 47 48 50 51 52 53 54 55 56 57 58 59 60 61 62 63 64 66 67 68 69 
61 0 1 2 3 4 6 7 8 9 10 12 13 14 15 16 17 18 19 21 23 24 25 26 27 28 29 30 31 32 33 34 35 36 37 38 39 40 41 42 43 46 47 48 50 51 52 53 54 55 56 57 58 59 60 61 62 63 64 66 68 69 
50 0 1 3 4 7 8 10 12 13 14 15 19 21 23 25 26 27 29 30 31 32 33 34 35 36 37 38 39 40 41 42 43 47 48 50 51 52 53 54 56 57 58 59 61 62 63 64 66 68 69 
42 1 3 4 7 10 12 13 15 21 23 25 26 27 28 29 31 32 33 34 35 36 38 40 41 42 43 47 48 50 51 54 55 56 57 58 59 60 62 64 66 68 69 
9 15 33 35 40 41 47 48 54 56 
67 0 1 2 3 4 6 7 8 9 10 12 13 14 15 16 17 18 19 20 21 22 23 24 25 26 27 28 29 30 31 32 33 34 35 36 37 38 39 40 41 42 43 44 46 47 48 49 50 51 52 53 54 55 56 57 58 59 60 61 62 63 64 65 66 67 68 69 
54 0 1 3 4 7 8 10 12 13 14 15 16 17 19 21 23 25 26 27 28 29 30 31 32 33 34 35 36 37 38 39 40 41 42 43 47 48 50 51 52 53 54 55 56 57 58 59 61 62 63 64 66 68 69 
55 0 1 3 4 7 8 10 12 13 14 15 16 17 19 21 23 25 26 27 28 29 30 31 32 33 34 35 36 37 38 39 40 41 42 43 47 48 50 51 52 53 54 55 56 57 58 59 60 61 62 63 64 66 68 69 
47 0 1 3 4 7 8 10 12 13 14 16 17 19 21 23 25 26 27 29 31 32 33 34 35 36 37 38 39 40 41 42 43 48 51 52 53 55 56 57 59 61 62 63 64 66 68 69 
52 0 1 3 4 7 8 10 12 13 14 15 17 19 21 23 25 26 27 28 29 31 32 33 34 35 36 37 38 39 40 41 42 43 47 48 50 51 52 53 54 55 56 57 58 59 60 61 62 64 66 68 69 
65 0 1 3 4 5 6 7 8 9 10 11 12 13 14 15 16 17 18 19 20 21 23 24 25 26 27 28 29 30 31 32 33 34 35 36 37 38 39 40 41 42 43 45 46 47 48 50 51 52 53 54 55 56 57 58 59 60 61 62 63 64 66 67 68 69 
49 0 1 3 4 7 8 10 12 13 14 15 19 21 23 25 26 27 28 29 31 32 33 34 35 36 37 38 39 40 41 42 43 47 48 50 51 52 53 54 56 57 58 59 62 63 64 66 68 69 
37 1 4 7 10 12 13 15 21 23 25 26 27 28 29 32 33 34 35 36 38 40 41 42 43 47 48 50 51 54 56 57 58 59 60 62 64 66 
62 0 1 3 4 6 7 8 9 10 12 13 14 15 16 17 18 19 21 23 24 25 26 27 28 29 30 31 32 33 34 35 36 37 38 39 40 41 42 43 45 46 47 48 50 51 52 53 54 55 56 57 58 59 60 61 62 63 64 66 67 68 69 
