50 15 8e+06
2.19918 162121
1.80448 176080
2.44797 165630
1.38215 195395
2.42338 125207
2.13515 189672
1.47566 111676
1.58613 198476
1.83854 166044
1.4873 198862
1.18337 137779
1.52456 181591
1.18323 174685
2.71716 189942
2.82875 185504
1.01158 114494
1.99429 133287
1.39719 159091
2.74623 124484
2.01667 169639
2.15294 110272
2.06163 130866
1.93972 182631
2.32736 148436
1.40697 106440
1.81375 173464
1.95912 171717
2.03827 189633
2.97651 119876
2.77173 120358
1.04009 172692
2.43297 113472
1.55967 114469
1.45164 141720
2.2054 189232
1.80738 150122
1.08627 187980
1.12011 143447
2.82382 172212
2.09409 173260
2.02169 169736
2.33849 111152
2.52999 139988
2.21061 113450
1.10244 100108
1.01017 187130
2.27237 195087
1.54443 148529
2.71456 173810
2.73256 148417
0.914966 0.0262681 6
0.906456 0.011177 7
0.953108 0.534572 2
0.94846 0.291184 3
0.950702 0.299829 3
0.916964 0.0541722 5
0.963186 0.574578 2
0.930701 0.126895 4
0.918732 0.0554887 5
0.92851 0.123437 4
0.98799 1 1
0.899303 0.00473144 8
0.962183 0.569832 2
0.912566 0.0252448 6
0.896467 0.00449699 8
0.941015 0.267567 3
0.928239 0.12303 4
0.941323 0.26841 3
0.974535 1 1
0.977883 1 1
0.930394 0.243858 3
0.99072 1 1
0.937794 0.259335 3
0.938188 0.260287 3
0.937212 0.257954 3
0.962722 0.57236 2
0.897618 0.00970075 7
0.956483 0.546223 2
0.906649 0.023106 6
0.921914 0.114654 4
0.946964 0.165432 4
0.95524 0.320011 3
0.906905 0.00271734 9
0.954214 0.315104 3
0.965113 0.380094 3
0.901666 0.00115806 10
0.9639 0.371261 3
0.904569 0.00125601 10
0.915027 0.00671191 8
0.904749 0.00126255 10
0.934879 0.0733157 5
0.864209 2.75526e-09 25
0.963792 0.370502 3
0.872529 9.7977e-08 21
0.921564 0.0296854 6
0.959614 0.558523 2
0.990278 1 1
0.879994 0.000722136 10
0.939724 0.264142 3
0.948664 0.521378 2
0.890604 0.00408619 8
0.940053 0.264998 3
0.887354 0.00179331 9
0.908547 0.048986 5
0.888712 0.00397117 8
0.903018 0.0220135 6
0.845364 2.94973e-09 24
0.930336 0.243751 3
0.850509 4.40467e-08 21
0.935704 0.254518 3
0.879774 0.00158788 9
0.850415 2.35992e-07 19
0.936505 0.256319 3
0.907217 0.0483009 5
0.897707 0.0206483 6
0.953213 0.53491 2
0.90168 0.0216458 6
0.96063 0.562854 2
0.931483 0.245876 3
0.95956 0.558297 2
0.904286 0.0468964 5
0.983112 1 1
0.867013 5.0753e-05 13
0.966737 0.593038 2
0.882596 0.00165826 9
0.921876 0.230469 3
0.889536 0.0189546 6
0.935689 0.493213 2
0.94529 0.512743 2
0.934598 0.491374 2
0.998587 1 1
0.934648 0.491458 2
0.978744 1 1
0.976878 1 1
0.983322 1 1
0.91806 0.225595 3
0.94056 0.5023 2
0.891204 0.0192677 6
0.935807 0.493416 2
0.925466 0.235639 3
0.899641 0.000530439 11
0.898233 0.000509031 11
0.937215 0.077124 5
0.928714 0.0347348 6
0.933182 0.0707958 5
0.895128 0.000222727 12
0.944443 0.157539 4
0.909199 0.00288984 9
0.897126 0.00023702 12
0.906822 0.00271145 9
0.973549 0.63704 2
0.881947 3.2533e-06 17
0.97021 0.613914 2
0.89673 0.000234066 12
0.879243 1.35314e-06 18
0.940179 0.26533 3
0.977362 1 1
0.859695 3.67163e-06 16
0.91713 0.109511 4
0.925921 0.119721 4
0.8697 5.37041e-05 13
0.917994 0.110375 4
0.866039 2.20072e-05 14
0.887763 0.00391627 8
0.86741 2.27028e-05 14
0.884068 0.00169769 9
0.825037 3.20442e-12 0
0.916243 0.108649 4
0.83018 3.97595e-12 0
0.92004 0.112532 4
0.944303 0.510416 2
0.908349 0.0488817 5
0.9039 0.0467214 5
0.945547 0.513364 2
0.936667 0.25669 3
0.960895 0.564016 2
0.929707 0.242624 3
0.941381 0.503989 2
0.978326 1 1
0.94563 0.513567 2
0.897209 0.0205325 6
0.903915 0.0467282 5
0.884194 0.00372443 8
0.898423 0.0208185 6
0.958699 0.554769 2
0.88541 3.66689e-05 14
0.869709 1.93746e-07 20
0.983707 0.7312 2
0.921936 0.0299094 6
0.918785 0.0281259 6
0.919459 0.0284868 6
0.930137 0.0667296 5
0.940003 0.145608 4
0.910373 0.00597111 8
0.935917 0.136482 4
0.966354 0.590916 2
0.928763 0.0650673 5
0.920846 0.0292643 6
0.946669 0.284833 3
0.873278 1.08515e-06 18
0.917834 0.0548081 5
0.929064 0.124283 4
0.906738 0.0112332 7
0.932469 0.129916 4
0.941835 0.269833 3
0.884742 0.000362559 11
0.946901 0.285631 3
0.892395 0.00196456 9
0.894056 0.00202877 9
0.891481 0.00193099 9
0.941284 0.268302 3
0.857129 2.39223e-08 22
0.987378 1 1
0.8686 4.63695e-06 16
0.893489 0.00200637 9
0.936036 0.255258 3
0.955877 0.544016 2
0.892016 0.0194256 6
0.936724 0.49502 2
0.947474 0.518208 2
0.884973 0.00376443 8
0.945972 0.514402 2
0.887723 0.00852131 7
0.89869 0.020883 6
0.887863 0.00853546 7
0.922088 0.230758 3
0.848431 5.20345e-07 18
0.960216 0.561065 2
0.857133 7.92265e-06 15
0.910604 0.103737 4
0.91711 0.10949 4
0.897826 0.0206763 6
0.973939 1 1
0.955023 0.540994 2
0.950404 0.526277 2
0.943927 0.509549 2
0.960847 0.563804 2
0.96049 0.562247 2
0.940248 0.265511 3
0.957772 0.551102 2
0.971041 1 1
0.927026 0.238089 3
0.93371 0.250266 3
0.938345 0.260669 3
0.904973 0.0472137 5
0.919099 0.0282926 6
0.884452 0.000166154 12
0.911558 0.0123045 7
0.931171 0.127676 4
0.920885 0.0572225 5
0.975488 0.652035 2
0.9177 0.0275667 6
0.953891 0.313605 3
0.971414 0.621879 2
0.958232 0.552902 2
0.89539 0.0020836 9
0.926057 0.0620724 5
0.873084 5.27905e-06 16
0.916725 0.0270863 6
0.930788 0.127037 4
0.90964 0.00292525 9
0.916301 0.0136054 7
0.916512 0.01367 7
0.930333 0.0669757 5
0.938191 0.0788399 5
0.886764 1.78977e-05 15
0.94612 0.16269 4
0.896904 0.000235356 12
0.893489 0.000100896 13
0.895434 0.000224822 12
0.952573 0.307686 3
0.864374 1.23794e-09 26
0.994081 1 1
0.877192 5.72579e-07 19
0.886443 1.76977e-05 15
0.967665 0.598325 2
0.98238 1 1
0.889987 0.000875257 10
0.951108 0.30148 3
0.960053 0.560371 2
0.901107 0.00489525 8
0.950871 0.300513 3
0.898099 0.00462872 8
0.918881 0.0556034 5
0.899454 0.0047447 8
0.91186 0.0249623 6
0.855603 9.88747e-09 23
0.935244 0.135125 4
0.8607 1.40518e-07 20
0.941977 0.270234 3
0.970886 1 1
0.942774 0.272523 3
0.920511 0.113052 4
0.988554 1 1
0.98436 1 1
0.942253 0.27102 3
0.973563 1 1
0.93804 0.259928 3
0.959638 0.558622 2
0.939907 0.264617 3
0.930378 0.243828 3
0.893261 0.00913312 7
0.928569 0.240646 3
0.896448 0.00953965 7
0.955483 0.542608 2
0.945236 0.159928 4
0.96684 0.593619 2
0.889689 8.94397e-05 13
0.940483 0.146791 4
0.951133 0.301584 3
0.888497 8.62765e-05 13
0.947071 0.165787 4
0.889373 8.85809e-05 13
0.903659 0.00250379 9
0.88991 9.00456e-05 13
0.917457 0.0139672 7
0.848842 9.34961e-12 0
0.951355 0.302501 3
0.856404 7.20388e-11 29
0.919712 0.0286249 6
0.961991 0.568945 2
0.94321 0.273808 3
0.926306 0.12025 4
0.989696 1 1
0.998924 1 1
0.934933 0.252837 3
0.987084 1 1
0.935447 0.253952 3
0.948888 0.521992 2
0.936352 0.255971 3
0.941817 0.269783 3
0.891699 0.00415634 8
0.942706 0.272327 3
0.89736 0.00966466 7
0.942341 0.271272 3
0.924216 0.0313672 6
0.898629 0.000514894 11
0.962581 0.362173 3
0.959904 0.345235 3
0.951304 0.302288 3
0.964857 0.582931 2
0.957275 0.330403 3
0.979085 0.683316 2
0.959343 0.341933 3
0.977567 0.669531 2
0.950189 0.297778 3
0.936131 0.0753054 5
0.918801 0.0144139 7
0.941995 0.150677 4
0.917095 0.0138518 7
0.908046 0.0235674 6
0.891965 0.00194863 9
0.977915 1 1
0.945329 0.280376 3
0.942534 0.271825 3
0.932277 0.129577 4
0.954175 0.538089 2
0.950075 0.29733 3
0.927955 0.122609 4
0.946895 0.285608 3
0.980958 1 1
0.922846 0.0589392 5
0.937346 0.258269 3
0.936775 0.256938 3
0.894441 0.0020443 9
0.932471 0.24778 3
0.909657 0.049582 5
0.958348 0.553364 2
0.970573 0.616269 2
0.963551 0.576357 2
0.954553 0.539371 2
0.971062 0.619511 2
0.965047 0.58392 2
0.955617 0.543085 2
0.964136 0.579255 2
0.958168 0.552649 2
0.922974 0.11592 4
0.931639 0.246172 3
0.930299 0.243684 3
0.921388 0.114043 4
0.966956 0.394445 3
0.930809 0.0365671 6
0.894458 0.000104202 13
0.951551 0.182307 4
0.946197 0.162936 4
0.940476 0.146774 4
0.935778 0.0747325 5
0.925157 0.0320143 6
0.962068 0.35877 3
0.928786 0.0347951 6
0.896221 0.000230362 12
0.884164 7.61158e-06 16
0.893056 9.94728e-05 13
0.881465 3.19468e-06 17
0.984245 0.737402 2
0.953467 0.311662 3
0.91766 0.0140329 7
0.894519 0.000218648 12
0.944513 0.157748 4
0.937421 0.139659 4
0.947208 0.166244 4
0.928412 0.0646592 5
0.929186 0.0655691 5
0.966956 0.594268 2
0.933207 0.0708321 5
0.89192 9.58906e-05 13
0.89063 9.2071e-05 13
0.884279 1.64369e-05 15
0.886002 3.7355e-05 14
0.972376 0.628541 2
0.978151 0.674733 2
0.941432 0.1492 4
0.905906 0.00539712 8
0.968744 0.60473 2
0.964294 0.580055 2
0.941914 0.150461 4
0.953251 0.310689 3
0.931194 0.0680785 5
0.963375 0.575497 2
0.934143 0.132986 4
0.911637 0.0123239 7
0.88753 8.38454e-05 13
0.910232 0.0119874 7
0.887582 8.39749e-05 13
0.974938 0.647656 2
0.964142 0.372987 3
0.959705 0.344057 3
0.910979 0.00605847 8
0.969818 0.611401 2
0.980569 0.697674 2
0.916301 0.0136054 7
0.973184 0.634347 2
0.916334 0.0136153 7
0.93164 0.068667 5
0.917179 0.0138786 7
0.932772 0.0702151 5
0.873719 2.26877e-07 20
0.949053 0.172684 4
0.88002 3.02797e-06 17
0.939005 0.143231 4
0.942926 0.272968 3
0.907679 0.0234437 6
0.917013 0.0542069 5
0.953804 0.53685 2
0.94377 0.275489 3
0.973045 0.633338 2
0.938686 0.261512 3
0.954653 0.539716 2
0.992413 1 1
0.958862 0.555428 2
0.908951 0.0238795 6
0.914697 0.0526112 5
0.892489 0.00420868 8
0.910444 0.0244197 6
0.951077 0.528264 2
0.906808 0.0231572 6
0.879274 0.000147102 12
0.961671 0.567485 2
0.939137 0.262642 3
0.929975 0.125714 4
0.969543 0.609667 2
0.935192 0.253395 3
0.991428 1 1
0.952686 0.533219 2
0.986933 1 1
0.935275 0.253575 3
0.957847 0.551393 2
0.899212 0.00472357 8
0.960443 0.562045 2
0.904197 0.0107497 7
0.99545 1 1
0.966322 0.590739 2
0.891892 0.00897165 7
0.958435 0.553709 2
0.961519 0.566794 2
0.918077 0.11046 4
0.948994 0.522283 2
0.910073 0.0498116 5
0.938479 0.261 3
0.912422 0.0511743 5
0.90551 0.0474665 5
0.866718 5.04452e-05 13
0.916591 0.108984 4
0.868664 0.000118255 12
0.969461 1 1
0.919999 0.0564903 5
0.88518 0.000169185 12
0.889847 0.000407812 11
0.920561 0.0569516 5
0.911468 0.0248092 6
0.952077 0.305542 3
0.905523 0.0109957 7
0.930612 0.126748 4
0.957917 0.551665 2
0.934947 0.134538 4
0.877494 2.91581e-05 14
0.90357 0.00513987 8
0.860972 6.2503e-08 21
0.893641 0.000948434 10
0.938596 0.142286 4
0.907966 0.0114856 7
0.915259 0.0264003 6
0.914893 0.0262356 6
0.928267 0.123072 4
0.936172 0.137007 4
0.884755 0.000167402 12
0.943995 0.276175 3
0.894937 0.00206467 9
0.891461 0.000903404 10
0.893451 0.000944334 10
0.950976 0.300938 3
0.862674 1.50233e-07 20
0.992251 1 1
0.875582 1.25575e-05 15
0.884713 0.000167229 12
0.929862 0.125535 4
0.910411 0.0244076 6
0.960312 0.56148 2
0.968264 0.601848 2
0.963894 0.578046 2
0.945564 0.281143 3
0.974093 0.641119 2
0.957416 0.549728 2
0.946946 0.285784 3
0.955982 0.544396 2
0.966861 0.593731 2
0.918177 0.0550653 5
0.939627 0.263891 3
0.927382 0.121771 4
0.916356 0.0269094 6
0.933251 0.249332 3
0.897727 0.009716 7
0.904193 0.0223512 6
0.93788 0.259542 3
0.92838 0.123241 4
0.965493 0.586264 2
0.922704 0.115593 4
0.944201 0.276808 3
0.975991 1 1
0.94862 0.521258 2
0.89374 0.0091915 7
0.910488 0.0500438 5
0.877292 0.000311236 11
0.90318 0.0220592 6
0.947783 0.519017 2
0.923353 0.116385 4
0.904516 0.0224468 6
0.966792 0.593346 2
0.961488 0.566655 2
0.957359 0.549513 2
0.943665 0.275172 3
0.968023 0.600421 2
0.957942 0.551763 2
0.942675 0.272235 3
0.955853 0.543931 2
0.971063 0.619516 2
0.921516 0.11419 4
0.938389 0.260777 3
0.931944 0.128995 4
0.910181 0.0243223 6
0.961883 0.357565 3
0.938796 0.0799454 5
0.928694 0.0347181 6
0.996874 1 1
0.991597 1 1
0.941739 0.149999 4
0.983968 0.734194 2
0.941309 0.084887 5
0.955902 0.323294 3
0.942476 0.151967 4
0.940539 0.0833091 5
0.896883 0.000235198 12
0.936858 0.0765146 5
0.901725 0.00056506 11
0.945102 0.159518 4
0.891168 0.00412197 8
0.866127 9.76891e-06 15
0.970928 0.618618 2
0.925109 0.118631 4
0.917202 0.0543443 5
0.951142 0.528458 2
0.924439 0.117756 4
0.971993 0.62586 2
0.934034 0.250936 3
0.967661 0.598301 2
0.936382 0.256037 3
0.966984 0.594424 2
0.895338 0.00939297 7
0.977419 1 1
0.886991 0.00178217 9
0.905959 0.00540333 8
0.875052 5.60523e-06 16
0.941258 0.268232 3
0.932194 0.129432 4
0.921958 0.0581446 5
0.981551 0.707687 2
0.92418 0.0601898 5
0.982388 1 1
0.959299 0.557214 2
0.984304 1 1
0.91651 0.0269829 6
0.957656 0.550653 2
0.884239 0.000165284 12
0.950872 0.300518 3
0.908812 0.0116674 7
0.936204 0.255636 3
0.908289 0.02365 6
0.949469 0.294974 3
0.969853 0.611626 2
0.959742 0.559056 2
0.969201 0.607534 2
0.962435 0.571009 2
0.973553 0.637067 2
0.970791 0.617704 2
0.974564 0.644734 2
0.942824 0.272671 3
0.927392 0.121786 4
0.918499 0.0553099 5
0.930736 0.126951 4
0.930011 0.125772 4
0.892777 0.00422814 8
0.882249 0.000751848 10
0.966117 0.589619 2
0.927974 0.122637 4
0.927775 0.122343 4
0.910775 0.0502067 5
0.940053 0.264998 3
0.928902 0.124033 4
0.906691 0.0231195 6
0.925517 0.119175 4
0.984759 1 1
0.908827 0.0491342 5
0.941659 0.269341 3
0.925338 0.118935 4
0.876905 0.000308947 11
0.870695 4.46717e-07 19
0.846389 8.28361e-12 0
0.958506 0.337142 3
0.903923 0.00251998 9
0.896431 0.00101271 10
0.932949 0.0704646 5
0.904044 0.00252747 9
0.951288 0.302224 3
0.914262 0.0130119 7
0.947474 0.28763 3
0.921992 0.0299433 6
0.976124 0.657219 2
0.879362 6.43826e-06 16
0.9966 1 1
0.867288 7.91343e-08 21
0.927927 0.122567 4
0.894105 0.00432061 8
0.926014 0.119848 4
0.946145 0.283061 3
0.935469 0.253999 3
0.989454 1 1
0.933404 0.249642 3
0.967768 0.598922 2
0.984534 1 1
0.972305 0.628042 2
0.911508 0.0506301 5
0.930726 0.244465 3
0.888454 0.00182794 9
0.925089 0.118604 4
0.934331 0.251556 3
0.942644 0.272147 3
0.921759 0.0579701 5
0.947629 0.288179 3
0.981562 1 1
0.97637 0.659265 2
0.946928 0.285722 3
0.984102 1 1
0.953459 0.311626 3
0.953577 0.312165 3
0.953291 0.310868 3
0.956825 0.547493 2
0.910686 0.0245103 6
0.939964 0.264764 3
0.917784 0.0547715 5
0.928334 0.123172 4
0.941827 0.150232 4
0.937676 0.0779252 5
0.927809 0.0339991 6
0.965512 0.383109 3
0.974093 0.641119 2
0.91611 0.00690988 8
0.98086 0.700598 2
0.92223 0.0156916 7
0.926078 0.0326756 6
0.921811 0.0155239 7
0.955283 0.320221 3
0.882711 3.34953e-06 17
0.968336 0.405974 3
0.892078 4.57577e-05 14
0.919233 0.0145636 7
0.935738 0.136118 4
0.928147 0.122892 4
0.937728 0.140333 4
0.965377 0.585651 2
0.971081 0.619635 2
0.920765 0.0571214 5
0.982134 1 1
0.929082 0.124311 4
0.928305 0.123129 4
0.928209 0.122986 4
0.965235 0.584902 2
0.890776 0.000890115 10
0.966679 0.592713 2
0.900951 0.00488058 8
0.914961 0.0262658 6
0.984102 0.735736 2
0.962366 0.360737 3
0.904337 0.00124765 10
0.971261 0.620848 2
0.976234 0.658132 2
0.923825 0.0163625 7
0.963671 0.36965 3
0.918872 0.0144383 7
0.942553 0.152177 4
0.920712 0.0150999 7
0.919631 0.014704 7
0.875017 1.09132e-07 21
0.929563 0.0354553 6
0.878513 6.04275e-07 19
0.958872 0.339212 3
0.887241 0.00388679 8
0.860604 3.75545e-06 16
0.959725 0.558986 2
0.919315 0.11175 4
0.91074 0.050187 5
0.95331 0.535226 2
0.916897 0.109281 4
0.971086 1 1
0.933843 0.25054 3
0.967569 0.59777 2
0.925715 0.119441 4
0.977185 1 1
0.885778 0.0038068 8
0.980665 1 1
0.885363 0.00173403 9
0.978037 0.673701 2
0.979917 0.691259 2
0.878147 2.83042e-06 17
0.943214 0.154002 4
0.948383 0.290901 3
0.901624 0.00115675 10
0.936672 0.138052 4
0.893972 0.000215096 12
0.921783 0.0298171 6
0.896186 0.000480484 11
0.894749 0.00046207 11
0.851327 1.06053e-11 0
0.912591 0.00630358 8
0.853686 1.19948e-11 0
0.959249 0.341385 3
0.984621 0.741833 2
0.976938 0.664071 2
0.88658 3.8044e-05 14
0.9522 0.306068 3
0.957471 0.331455 3
0.90879 0.00575416 8
0.94557 0.160959 4
0.901917 0.00116598 10
0.928671 0.0649596 5
0.904022 0.00252608 9
0.903025 0.0024658 9
0.85885 4.20061e-10 27
0.919058 0.0282708 6
0.861591 2.44394e-09 25
0.96085 0.350999 3
0.978773 0.680404 2
0.948063 0.289736 3
0.913007 0.012673 7
0.980566 0.697644 2
0.978973 0.68227 2
0.93798 0.140892 4
0.966921 0.594074 2
0.931872 0.128871 4
0.957036 0.329135 3
0.934027 0.132767 4
0.92327 0.0593285 5
0.887377 0.000178952 12
0.924566 0.0605644 5
0.889858 0.000407922 11
0.962339 0.570558 2
0.9261 0.236619 3
0.938347 0.260676 3
0.904833 0.0471483 5
0.937732 0.259186 3
0.947746 0.518921 2
0.888054 0.00393289 8
0.951021 0.528094 2
0.894166 0.00924413 7
0.898799 0.0209093 6
0.893603 0.00917473 7
0.937854 0.259478 3
0.857142 3.45061e-06 16
0.980143 1 1
0.867649 0.00011602 12
0.901296 0.0215433 6
44 0 1 2 3 4 5 6 7 9 10 11 12 13 14 15 16 17 18 19 20 21 24 25 26 27 28 30 31 33 34 35 36 37 38 39 40 41 42 43 44 45 47 48 49 
22 0 1 2 3 6 7 9 10 11 12 14 15 17 20 25 30 31 33 38 42 43 49 
31 0 1 2 3 6 7 9 10 11 12 14 15 16 17 18 20 25 28 30 31 33 34 38 41 42 43 44 46 47 48 49 
29 0 1 2 3 6 7 9 10 11 12 14 15 17 18 19 20 21 25 30 31 33 34 35 38 39 41 42 43 49 
19 0 1 2 3 6 7 9 10 11 14 15 17 20 25 30 38 42 43 49 
38 0 1 2 3 4 5 6 7 9 10 11 12 14 15 16 17 18 19 20 21 25 27 30 31 33 34 35 36 37 38 39 41 42 43 44 45 48 49 
20 0 1 2 3 6 7 9 10 11 12 14 17 20 25 30 33 38 42 43 49 
38 0 1 2 3 6 7 9 10 11 12 14 15 16 17 18 19 20 21 24 25 27 28 30 31 33 34 35 37 38 39 41 42 43 44 46 47 48 49 
41 0 1 2 3 5 6 7 9 10 11 12 14 15 16 17 18 19 20 21 24 25 27 28 30 31 33 34 35 36 37 38 39 41 42 43 44 45 46 47 48 49 
34 0 1 2 3 6 7 9 10 11 12 14 15 16 17 18 19 20 21 25 27 30 31 33 34 35 37 38 39 41 42 43 44 45 49 
12 0 2 6 7 10 11 14 17 30 38 42 49 
29 0 1 2 3 6 9 10 11 12 14 15 18 19 20 21 25 27 30 31 33 34 35 38 39 41 42 43 45 49 
6 7 10 11 14 30 49 
34 0 1 2 3 6 9 10 11 12 14 15 16 17 18 19 20 21 25 28 30 31 33 34 35 37 38 39 41 42 43 44 47 48 49 
50 0 1 2 3 4 5 6 7 8 9 10 11 12 13 14 15 16 17 18 19 20 21 22 23 24 25 26 27 28 29 30 31 32 33 34 35 36 37 38 39 40 41 42 43 44 45 46 47 48 49 
