60 15 6e+06
1.91332 117448
4.62572 176183
4.47278 147533
6.48769 149342
1.50018 135743
1.26567 140538
4.33029 158846
2.04861 162589
1.10461 161513
4.17759 136967
1.35072 143885
4.83068 121045
2.60501 177536
1.4369 114716
2.31783 139837
2.7397 151863
2.14901 129589
1.36968 174321
1.81113 154714
1.67156 162653
8.53768 111245
4.05573 165000
2.23564 154988
2.06594 131883
1.30281 124392
1.28331 144174
1.44927 194808
1.66128 131237
5.52545 159593
5.60951 151538
2.85351 176630
1.49014 195435
3.43971 185806
1.28169 179915
3.48524 101056
4.84314 144008
5.5883 170034
5.18099 140496
1.59328 141576
1.27153 124600
4.86077 197789
3.67395 188948
3.69357 147317
2.53456 159823
2.53808 100752
2.95776 168657
1.87584 176541
2.0225 122584
3.80502 121805
4.75125 149121
2.13654 169109
2.78632 183254
3.89541 149176
2.10901 128196
1.66128 193721
3.31916 179566
3.38239 187992
2.6213 100739
3.8759 187023
1.02792 150005
0.924175 0.0601842 5
0.858106 2.47849e-08 22
0.862113 1.47375e-07 20
0.956273 0.545455 2
0.980618 1 1
0.861636 1.45011e-07 20
0.947089 0.28628 3
0.921347 0.0576145 5
0.929365 0.12475 4
0.927893 0.122517 4
0.879575 6.75476e-05 13
0.89271 0.000928694 10
0.9224 0.0585362 5
0.92851 0.123437 4
0.910475 0.0244313 6
0.89033 0.000193735 12
0.92209 0.0300034 6
0.918094 0.0277669 6
0.94352 0.154864 4
0.910379 0.0120216 7
0.925134 0.0611278 5
0.932316 0.0695823 5
0.97952 0.687428 2
0.907829 0.00562993 8
0.94996 0.296879 3
0.919266 0.0283822 6
0.88161 3.27127e-05 14
0.983097 0.72433 2
0.944979 0.279253 3
0.942919 0.15318 4
0.888945 4.10898e-05 14
0.848781 9.3209e-12 0
0.849454 9.64112e-12 0
0.936045 0.0751657 5
0.977437 0.668386 2
0.852077 1.10248e-11 0
0.920314 0.0149515 7
0.931424 0.068381 5
0.897116 0.000236943 12
0.910011 0.00295565 9
0.861534 2.12222e-10 28
0.861189 2.08475e-10 28
0.919772 0.0147547 7
0.908585 0.00284171 9
0.892587 9.7968e-05 13
0.892581 9.79496e-05 13
0.866162 3.02213e-09 25
0.865962 2.99321e-09 25
0.947561 0.167435 4
0.965561 0.383478 3
0.869447 1.74734e-08 23
0.929861 0.0357151 6
0.952295 0.306479 3
0.903765 0.00122744 10
0.92447 0.0315389 6
0.876309 5.52706e-07 19
0.868167 7.41129e-09 24
0.939 0.0803256 5
0.922194 0.0156768 7
0.907403 0.00275315 9
0.956222 0.324914 3
0.905609 0.00536302 8
0.918685 0.0280734 6
0.92098 0.0293417 6
0.877534 6.06321e-06 16
0.908343 0.00569567 8
0.938353 0.14173 4
0.882263 3.33418e-05 14
0.960857 0.351041 3
0.936953 0.138647 4
0.945482 0.280874 3
0.985079 1 1
0.905362 0.00533482 8
0.941349 0.148983 4
0.944735 0.158409 4
0.916161 0.10857 4
0.898561 0.0208517 6
0.899754 0.0449695 5
0.977692 1 1
0.945863 0.514134 2
0.902119 0.0459409 5
0.959995 0.560125 2
0.966347 1 1
0.931499 0.245908 3
0.961327 0.56593 2
0.911623 0.104559 4
0.897306 0.0205549 6
0.971406 1 1
0.958405 0.55359 2
0.94394 0.50958 2
0.889158 0.00185085 9
0.87256 2.56681e-05 14
0.871475 2.49922e-05 14
0.94678 0.285214 3
0.955032 0.541023 2
0.875773 6.15627e-05 13
0.928678 0.123692 4
0.962108 0.569484 2
0.901676 0.0103162 7
0.926936 0.121133 4
0.880131 0.00014998 12
0.866911 4.42609e-06 16
0.945768 0.281809 3
0.924068 0.117282 4
0.91064 0.024493 6
0.90107 0.0455015 5
0.836829 5.22789e-09 23
0.839854 3.20101e-08 21
0.931509 0.245926 3
0.982516 1 1
0.840237 3.23644e-08 21
0.921028 0.229334 3
0.907954 0.101719 4
0.904292 0.0468991 5
0.903562 0.04657 5
0.855865 1.77543e-05 14
0.869144 0.000606419 10
0.903135 0.0463807 5
0.903719 0.0466398 5
0.886298 0.00838015 7
0.893992 0.00431255 8
0.940719 0.266765 3
0.936776 0.256941 3
0.939066 0.262461 3
0.898095 0.00976831 7
0.943905 0.275902 3
0.932757 0.248344 3
0.960166 0.560853 2
0.912149 0.05101 5
0.955363 0.542184 2
0.936029 0.255241 3
0.890633 0.00190089 9
0.977222 1 1
0.950527 0.526638 2
0.954775 0.540133 2
0.961729 0.567747 2
0.876139 6.20981e-05 13
0.883271 0.000351214 11
0.96467 0.581967 2
0.942345 0.271282 3
0.879716 0.000148573 12
0.972233 0.627532 2
0.912699 0.0252989 6
0.966557 0.592039 2
0.946869 0.285521 3
0.905232 0.0109406 7
0.929229 0.124538 4
0.92537 0.118978 4
0.949998 0.297025 3
0.933023 0.130909 4
0.872872 5.75802e-05 13
0.892175 0.00418765 8
0.887387 0.00179433 9
0.931028 0.127436 4
0.918749 0.0555019 5
0.894898 0.00437808 8
0.915171 0.0529265 5
0.982514 1 1
0.888453 0.0018279 9
0.925168 0.118709 4
0.888702 0.00183596 9
0.858435 2.97733e-07 19
0.956483 0.546223 2
0.920751 0.113321 4
0.914116 0.0522328 5
0.906726 0.00133863 10
0.968265 0.405365 3
0.979395 0.686241 2
0.918938 0.014461 7
0.869304 7.82172e-09 24
0.971578 0.622995 2
0.925934 0.0325708 6
0.910387 0.00298714 9
0.92281 0.0159295 7
0.947349 0.166716 4
0.987151 0.773534 2
0.920667 0.0150829 7
0.934115 0.0721577 5
0.946674 0.16448 4
0.965446 0.382608 3
0.903002 0.0105388 7
0.97115 0.620097 2
0.976388 0.659422 2
0.922804 0.0589007 5
0.873834 2.65004e-05 14
0.97509 0.648854 2
0.927324 0.121688 4
0.919767 0.0563035 5
0.92004 0.0565241 5
0.950734 0.299957 3
0.975967 0.655931 2
0.913229 0.0255174 6
0.94286 0.272775 3
0.948985 0.293137 3
0.966896 0.593928 2
0.929049 0.241471 3
0.89772 0.00971508 7
0.900769 0.0214051 6
0.991532 1 1
0.9473 0.517757 2
0.901384 0.0215666 6
0.97297 1 1
0.953291 0.535164 2
0.94414 0.510038 2
0.967641 0.598188 2
0.915885 0.108309 4
0.908561 0.0489932 5
0.963982 0.578485 2
0.966189 0.590014 2
0.948973 0.522226 2
0.950279 0.525914 2
0.880797 0.00356076 8
0.88666 0.00841548 7
0.976669 1 1
0.951039 0.528148 2
0.884431 0.0037365 8
0.977117 1 1
0.925135 0.235137 3
0.959432 0.557765 2
0.953363 0.535398 2
0.906754 0.0480701 5
0.921067 0.229386 3
0.936254 0.255749 3
0.955417 0.542375 2
0.937117 0.495723 2
0.877552 6.42451e-05 13
0.898516 0.00466376 8
0.893928 0.00202368 9
0.935445 0.135527 4
0.918524 0.0553291 5
0.901313 0.0102573 7
0.920135 0.0566013 5
0.988868 1 1
0.893555 0.00200895 9
0.931386 0.128039 4
0.895381 0.00208323 9
0.86401 8.01263e-07 18
0.963388 0.575557 2
0.92685 0.121012 4
0.920744 0.0571041 5
0.942447 0.151887 4
0.893597 0.000212716 12
0.898454 0.000512299 11
0.993081 1 1
0.946697 0.164554 4
0.897288 0.000495491 11
0.9842 0.736882 2
0.939214 0.14372 4
0.956504 0.326358 3
0.967024 0.594655 2
0.916722 0.013735 7
0.919131 0.0145279 7
0.952171 0.305946 3
0.967854 0.59943 2
0.949055 0.293399 3
0.926622 0.12069 4
0.874592 0.000132983 12
0.877988 0.000315443 11
0.97368 1 1
0.971048 0.619418 2
0.878171 0.00031657 11
0.960024 0.56025 2
0.93838 0.260757 3
0.93638 0.256033 3
0.944489 0.277707 3
0.894291 0.00433391 8
0.898903 0.00988558 7
0.941058 0.267683 3
0.944349 0.27727 3
0.926334 0.120289 4
0.990642 1 1
0.886124 0.000809016 10
0.896846 0.00452685 8
0.93906 0.262447 3
0.903866 0.0106902 7
0.889373 0.00185798 9
0.956828 0.547506 2
0.890776 0.0019059 9
0.98578 1 1
0.941533 0.26899 3
0.922827 0.115742 4
0.968433 0.602855 2
0.910311 0.0243704 6
0.946482 0.284197 3
0.938555 0.261188 3
0.942079 0.270525 3
0.875235 0.000299401 11
0.880348 0.000726647 10
0.974183 1 1
0.960401 0.561862 2
0.878851 0.00070796 10
0.968982 0.606188 2
0.926889 0.121067 4
0.950144 0.525526 2
0.94734 0.517861 2
0.899366 0.0210487 6
0.91221 0.0510464 5
0.934797 0.252544 3
0.948705 0.52149 2
0.930283 0.243656 3
0.876573 5.87914e-06 16
0.864916 7.22408e-08 21
0.862809 2.95856e-08 22
0.933355 0.131514 4
0.947046 0.286131 3
0.867959 1.81405e-07 20
0.9155 0.0265098 6
0.956841 0.328109 3
0.888841 0.000186026 12
0.914805 0.0261961 6
0.869768 4.32062e-07 19
0.854636 3.45459e-10 27
0.936337 0.13735 4
0.911731 0.0123474 7
0.899272 0.0022619 9
0.908439 0.0057082 8
0.962211 0.35971 3
0.966218 0.590171 2
0.932233 0.0694678 5
0.882975 1.57436e-05 15
0.966184 0.589987 2
0.93588 0.0748977 5
0.928258 0.0644818 5
0.92616 0.0327361 6
0.960087 0.346334 3
0.97143 0.621988 2
0.915244 0.0132908 7
0.952211 0.306115 3
0.957897 0.333762 3
0.974881 0.647203 2
0.889407 0.000864628 10
0.872647 1.15686e-05 15
0.871588 5.05021e-06 16
0.947031 0.286079 3
0.955218 0.541674 2
0.875863 2.79221e-05 14
0.928925 0.124069 4
0.962098 0.569438 2
0.901921 0.00497331 8
0.927136 0.121419 4
0.880288 6.87808e-05 13
0.86714 8.83449e-07 18
0.945878 0.282172 3
0.924276 0.0602825 5
0.91082 0.0245607 6
0.92844 0.123331 4
0.945036 0.279435 3
0.953986 0.537457 2
0.941658 0.269337 3
0.890439 0.00189417 9
0.948731 0.292187 3
0.950474 0.526483 2
0.921764 0.114478 4
0.946019 0.282642 3
0.970404 0.615165 2
0.975309 1 1
0.935447 0.253952 3
0.947172 0.286571 3
0.970886 0.618334 2
0.989426 1 1
0.897731 0.00218754 9
0.846162 1.90473e-11 30
0.848055 4.8263e-11 29
0.938593 0.142278 4
0.99037 1 1
0.849544 1.19495e-10 28
0.924903 0.0608967 5
0.923064 0.0591391 5
0.904049 0.010723 7
0.910938 0.0246056 6
0.862203 1.47832e-07 20
0.867989 9.07897e-07 18
0.915405 0.0264667 6
0.91027 0.0243553 6
0.893313 0.000941377 10
0.994324 1 1
0.878507 0.000318653 11
0.888527 0.00396031 8
0.941618 0.269228 3
0.911602 0.0506855 5
0.881833 0.000746187 10
0.957964 0.551851 2
0.891365 0.00413463 8
0.982091 1 1
0.938578 0.261243 3
0.913841 0.0520561 5
0.957793 0.551185 2
0.909093 0.0492763 5
0.9433 0.274076 3
0.932613 0.248058 3
0.97274 0.631134 2
0.897098 0.00962827 7
0.909053 0.0239156 6
0.930976 0.127349 4
0.890337 0.00189064 9
0.900138 0.0100718 7
0.949107 0.522596 2
0.887358 0.00179342 9
0.975649 1 1
0.941516 0.268944 3
0.935855 0.254852 3
0.983494 1 1
0.909156 0.023952 6
0.946397 0.283909 3
0.94427 0.277024 3
0.939308 0.499819 2
0.904157 0.0468379 5
0.908741 0.102302 4
0.991605 1 1
0.937672 0.496732 2
0.90789 0.0486436 5
0.984872 1 1
0.944675 0.511284 2
0.955872 0.543998 2
0.978041 1 1
0.92619 0.23676 3
0.920826 0.229069 3
0.961393 0.566228 2
0.977999 1 1
0.959371 0.557512 2
0.864009 6.13209e-09 24
0.916324 0.0136122 7
0.908067 0.00566016 8
0.915845 0.0134678 7
0.889743 8.95876e-05 13
0.918359 0.014264 7
0.904541 0.00255862 9
0.962928 0.364511 3
0.88115 6.84079e-06 16
0.922615 0.0303279 6
0.901793 0.00116205 10
0.857438 1.72684e-10 28
0.953854 0.313434 3
0.917754 0.0140635 7
0.918782 0.0144073 7
0.849447 1.83628e-08 22
0.874237 0.000132011 12
0.867781 2.28975e-05 14
0.906423 0.0230337 6
0.903375 0.0221146 6
0.8765 0.000306579 11
0.890462 0.00407729 8
0.955537 0.542802 2
0.864289 9.34068e-06 15
0.899764 0.021148 6
0.866334 2.21538e-05 14
0.834822 4.85887e-12 0
0.930679 0.244378 3
0.89544 0.0094062 7
0.88958 0.00402298 8
0.91252 0.0512339 5
0.876249 0.000305129 11
0.877876 0.000314762 11
0.967694 0.598496 2
0.969664 0.610426 2
0.879739 0.000718934 10
0.950212 0.525722 2
0.951144 0.528462 2
0.923976 0.117165 4
0.941396 0.268611 3
0.891193 0.00412358 8
0.887442 0.00179603 9
0.947684 0.518757 2
0.939872 0.264526 3
0.923345 0.116376 4
0.929575 0.125079 4
0.918387 0.0279178 6
0.921896 0.0580897 5
0.976832 0.663171 2
0.925585 0.0615841 5
0.922159 0.0583218 5
0.972598 0.630115 2
0.95197 0.305086 3
0.947757 0.288635 3
0.98799 1 1
0.936649 0.138003 4
0.917689 0.0275612 6
0.974221 0.642094 2
0.984029 1 1
0.970235 0.614075 2
0.88906 0.00184763 9
0.859988 1.62097e-06 17
0.859809 1.61323e-06 17
0.942146 0.270714 3
0.967693 0.598489 2
0.863249 4.0164e-06 16
0.924856 0.118298 4
0.946141 0.283049 3
0.899448 0.00996667 7
0.918367 0.110757 4
0.87029 5.43907e-05 13
0.863777 4.0718e-06 16
0.932311 0.247467 3
0.916257 0.0536704 5
0.901273 0.0102508 7
0.940974 0.148024 4
0.926138 0.0327196 6
0.933176 0.0707865 5
0.96294 0.364595 3
0.910647 0.0030092 9
0.929917 0.0357644 6
0.972172 0.627106 2
0.932126 0.0693228 5
0.960109 0.346467 3
0.989614 1 1
0.953485 0.311744 3
0.936331 0.0756336 5
0.956495 0.326316 3
0.992757 1 1
0.986215 0.761403 2
0.935118 0.134877 4
0.935756 0.136155 4
0.94872 0.292148 3
0.927348 0.0634577 5
0.877904 6.13637e-06 16
0.938706 0.142536 4
0.940821 0.147637 4
0.900263 0.00231243 9
0.948834 0.292572 3
0.952421 0.307023 3
0.976709 0.662119 2
0.953107 0.310043 3
0.925035 0.0610288 5
0.955035 0.319017 3
0.967873 0.599538 2
0.942407 0.15178 4
0.928641 0.0649253 5
0.941319 0.148906 4
0.930197 0.066804 5
0.881446 1.49869e-05 15
0.931647 0.0686769 5
0.944919 0.158961 4
0.899343 0.0010891 10
0.955613 0.321853 3
0.953344 0.311106 3
0.969087 0.606832 2
0.959912 0.345283 3
0.923866 0.0311332 6
0.956643 0.327081 3
0.966408 0.591211 2
0.938147 0.141265 4
0.935888 0.0749109 5
0.947161 0.166088 4
0.937948 0.140821 4
0.887556 3.92564e-05 14
0.939245 0.143793 4
0.950635 0.299556 3
0.910555 0.00599708 8
0.9542 0.315038 3
0.96378 0.370417 3
0.973779 0.638754 2
0.94925 0.294137 3
0.935524 0.0743271 5
0.966322 0.590739 2
0.978838 0.681014 2
0.936549 0.137792 4
0.937462 0.139749 4
0.948781 0.292373 3
0.937065 0.138889 4
0.886603 3.80726e-05 14
0.940815 0.14762 4
0.949439 0.294858 3
0.910618 0.0060061 8
0.952584 0.307732 3
0.963278 0.366909 3
0.975401 0.651329 2
0.948015 0.289563 3
0.935639 0.0745103 5
0.965619 0.586935 2
0.979003 0.682546 2
0.966921 0.594071 2
0.905724 0.0228137 6
0.915087 0.0528703 5
0.958081 0.552309 2
0.912413 0.0511687 5
0.909253 0.0493626 5
0.976461 1 1
0.912945 0.0514941 5
0.986491 1 1
0.966838 0.593606 2
0.939805 0.264352 3
0.955489 0.54263 2
0.934254 0.251394 3
0.971947 0.625537 2
0.962567 0.571626 2
0.964043 1 1
0.893266 0.0196763 6
0.906069 0.10038 4
0.918094 0.225637 3
0.878417 0.00345545 8
0.896015 0.0435661 5
0.935958 0.493676 2
0.875909 0.00335179 8
0.962419 1 1
0.92987 0.242914 3
0.932571 0.488127 2
0.99732 1 1
0.897967 0.0442801 5
0.934568 0.491325 2
0.934854 0.491801 2
0.909609 0.0241139 6
0.870989 2.46991e-05 14
0.872554 2.56642e-05 14
0.962502 0.571323 2
0.974797 0.646544 2
0.874452 5.96928e-05 13
0.945616 0.281311 3
0.94737 0.287265 3
0.920196 0.056651 5
0.935828 0.254794 3
0.885869 0.000804986 10
0.88359 0.000770707 10
0.942302 0.271158 3
0.93443 0.251764 3
0.917845 0.0548169 5
0.866 7.52834e-08 21
0.952452 0.307159 3
0.940866 0.147751 4
0.905204 0.00531708 8
0.866849 1.74144e-07 20
0.95359 0.312224 3
0.900485 0.00232407 9
0.933787 0.132316 4
0.883572 7.49924e-05 13
0.923809 0.0598351 5
0.925979 0.0619913 5
0.868797 4.1746e-07 19
0.942422 0.151822 4
0.919615 0.0285718 6
0.929419 0.0658487 5
0.877097 5.97849e-06 16
0.871041 1.00443e-06 18
0.868513 4.13315e-07 19
0.935064 0.134768 4
0.942232 0.15131 4
0.87405 2.46033e-06 17
0.917226 0.0273307 6
0.964049 0.578819 2
0.890185 0.000411178 11
0.91861 0.0280339 6
0.87459 5.52591e-06 16
0.856554 8.6026e-10 26
0.942193 0.151204 4
0.915239 0.0263911 6
0.90365 0.00514826 8
0.960377 0.561758 2
0.897478 0.00217582 9
0.910462 0.012041 7
0.918018 0.0277279 6
0.87693 1.30576e-05 15
0.900187 0.00481026 8
0.935746 0.136135 4
0.877173 1.31511e-05 15
0.960958 0.564292 2
0.931453 0.128153 4
0.936994 0.138735 4
0.994005 1 1
0.899654 0.00228113 9
0.936041 0.136737 4
0.937621 0.140096 4
0.878168 0.00155056 9
0.951381 0.529177 2
0.942827 0.507084 2
0.919007 0.111423 4
0.879309 0.00157688 9
0.953624 0.536255 2
0.914018 0.1066 4
0.944968 0.511976 2
0.896038 0.0202671 6
0.937432 0.258472 3
0.933119 0.249066 3
0.879064 0.00157116 9
0.956448 0.546096 2
0.933043 0.248913 3
0.941626 0.504503 2
0.92421 0.117463 4
0.947811 0.519091 2
0.960838 0.563766 2
0.924279 0.117551 4
0.874163 0.000293557 11
0.950775 0.527366 2
0.935463 0.253986 3
0.903672 0.0221998 6
0.938973 0.262229 3
0.951588 0.529804 2
0.989145 1 1
0.941089 0.267769 3
0.92851 0.240546 3
0.952981 0.534162 2
0.969639 0.610267 2
0.884417 7.68217e-06 16
0.992585 1 1
0.986926 0.770568 2
0.903821 0.00122939 10
0.856718 1.4126e-11 0
0.996588 1 1
0.907388 0.00136587 10
0.908055 0.00280142 9
0.90069 0.000547392 11
0.930651 0.0364218 6
0.963493 0.3684 3
0.897554 0.000240277 12
0.928126 0.0342535 6
0.928662 0.0346923 6
0.946012 0.162348 4
0.868584 0.000118077 12
0.988305 1 1
0.976481 1 1
0.886891 0.00386728 8
0.841152 2.54955e-09 24
0.984245 1 1
0.890139 0.00877498 7
0.894802 0.0199974 6
0.884185 0.00372398 8
0.913013 0.105724 4
0.948615 0.521246 2
0.883733 0.00370119 8
0.912703 0.10546 4
0.911012 0.0503425 5
0.928073 0.239808 3
0.883809 0.000773873 10
0.858842 6.88139e-07 18
0.858113 6.7407e-07 18
0.937621 0.258921 3
0.961972 0.56886 2
0.862036 3.89343e-06 16
0.920152 0.112656 4
0.946987 0.516952 2
0.894499 0.00434893 8
0.914988 0.0528042 5
0.86764 2.28233e-05 14
0.859168 6.94576e-07 18
0.931033 0.245033 3
0.912636 0.0513046 5
0.898252 0.00979079 7
0.843429 7.18711e-12 0
0.886028 0.00017284 12
0.877625 1.33279e-05 15
0.89835 0.00221682 9
0.886273 0.000173925 12
0.887828 0.000181082 12
0.884261 7.64183e-05 13
0.950026 0.297136 3
0.85932 1.13999e-08 23
0.897886 0.00219479 9
0.872025 2.30373e-06 17
0.832958 4.47949e-12 0
0.929845 0.125507 4
0.893248 0.000940008 10
0.891043 0.000419948 11
0.899053 0.00470969 8
0.923221 0.116224 4
0.920857 0.0571983 5
0.95199 0.531038 2
0.915099 0.0528783 5
0.926527 0.120557 4
0.94135 0.268485 3
0.976623 0.661397 2
0.916718 0.0539963 5
0.959095 0.556373 2
0.924819 0.118249 4
0.889849 0.00187395 9
0.992689 1 1
0.954087 0.537795 2
0.950793 0.300195 3
0.876069 0.000304098 11
0.899036 0.0099053 7
0.894182 0.0092461 7
0.933698 0.250241 3
0.916519 0.0538546 5
0.901784 0.0216737 6
0.918578 0.110975 4
0.987268 1 1
0.89214 0.00418538 8
0.930273 0.243638 3
0.89512 0.00936475 7
0.862906 3.98102e-06 16
0.962541 0.571503 2
0.925697 0.119417 4
0.920019 0.112509 4
0.856749 3.21998e-11 30
0.883152 7.33876e-06 16
0.876856 1.23543e-06 18
0.913906 0.00651792 8
0.906282 0.00267375 9
0.885501 1.71314e-05 15
0.898264 0.000509489 11
0.96482 0.377923 3
0.872063 9.60639e-08 21
0.908669 0.00284819 9
0.875542 5.36229e-07 19
0.842922 7.01731e-12 0
0.940212 0.146121 4
0.90423 0.00124381 10
0.898806 0.000517558 11
0.993759 1 1
0.883535 0.00369133 8
0.894142 0.0198575 6
0.938774 0.261729 3
0.905064 0.0472561 5
0.886791 0.00386179 8
0.95624 0.545333 2
0.889939 0.00875324 7
0.984463 1 1
0.939874 0.500927 2
0.919998 0.112487 4
0.9663 0.590618 2
0.909031 0.0492428 5
0.944782 0.511534 2
0.936236 0.255707 3
0.923751 0.233093 3
0.949304 0.523142 2
0.957475 0.549955 2
0.940027 0.26493 3
0.889017 0.00865487 7
0.953075 0.534465 2
0.947481 0.518226 2
0.923798 0.23316 3
0.941414 0.504058 2
0.969076 1 1
0.976051 1 1
0.930688 0.244395 3
0.949165 0.522756 2
0.968732 1 1
0.987952 1 1
0.949192 0.17319 4
0.871698 9.46045e-08 21
0.877688 1.27469e-06 18
0.967273 0.596067 2
0.954882 0.318278 3
0.875293 2.4208e-07 20
0.967438 0.597016 2
0.918077 0.0141698 7
0.954593 0.316895 3
0.943464 0.154704 4
0.898053 0.000506411 11
0.917197 0.0138841 7
0.927349 0.0336367 6
0.945612 0.161089 4
0.927627 0.0338544 6
0.883477 0.000162238 12
0.954527 0.539283 2
0.947199 0.286665 3
0.922891 0.0589806 5
0.881421 0.000154505 12
0.957144 0.548693 2
0.918796 0.0555377 5
0.944691 0.278339 3
0.901435 0.00492636 8
0.942668 0.272215 3
0.938914 0.262079 3
0.884815 0.00036314 11
0.959095 0.556373 2
0.938379 0.260754 3
0.947647 0.288242 3
0.920664 0.0570375 5
0.89146 0.00193023 9
0.893486 0.00427697 8
0.981743 1 1
0.954234 0.538288 2
0.895043 0.00438878 8
0.962957 0.573478 2
0.957936 0.551742 2
0.934706 0.252349 3
0.957993 0.551963 2
0.907077 0.0232447 6
0.898947 0.00989218 7
0.962062 0.569272 2
0.95608 0.544749 2
0.939753 0.264216 3
0.912731 0.0126008 7
0.960459 0.348592 3
0.967207 0.595693 2
0.931978 0.0691214 5
0.881978 1.52432e-05 15
0.964337 0.580269 2
0.937442 0.139704 4
0.923501 0.0308937 6
0.930146 0.0667414 5
0.960571 0.349275 3
0.977674 0.670475 2
0.921181 0.029459 6
0.947995 0.28949 3
0.959182 0.340998 3
0.977613 0.669934 2
0.964009 0.578622 2
0.910224 0.0498961 5
0.920144 0.112647 4
0.953433 0.535627 2
0.90666 0.0231095 6
0.913704 0.0519693 5
0.971142 0.620044 2
0.910987 0.0503279 5
0.982384 1 1
0.966455 0.591474 2
0.945515 0.280981 3
0.958813 0.555226 2
0.933291 0.249413 3
0.971521 0.622609 2
0.965705 0.587393 2
45 0 1 2 3 5 6 7 8 9 10 12 13 14 15 16 17 19 20 21 22 23 24 25 27 28 29 30 31 32 33 38 40 41 42 44 48 50 51 52 54 55 56 57 58 59 
31 0 1 3 5 6 7 8 10 13 15 17 20 22 24 28 29 30 31 32 40 41 42 44 47 48 49 50 51 52 56 57 
52 0 1 3 5 6 7 8 9 10 11 12 13 14 15 16 17 18 19 20 21 22 23 24 25 27 28 29 30 31 32 33 36 37 38 40 41 42 44 46 47 48 49 50 51 52 53 54 55 56 57 58 59 
31 0 1 2 3 5 6 7 8 10 13 15 17 20 22 24 28 29 30 31 32 40 41 42 44 48 49 50 51 52 56 57 
14 2 3 6 7 10 20 22 24 29 32 42 48 49 52 
38 0 1 3 5 6 7 8 9 10 13 14 15 16 17 19 20 21 22 24 27 28 29 30 31 32 33 40 41 42 44 48 49 50 51 52 55 56 57 
43 0 1 2 3 5 6 7 8 10 11 12 13 15 16 17 19 20 21 22 23 24 27 28 29 30 31 32 33 40 41 42 44 46 47 48 49 50 51 52 54 56 57 58 
17 2 3 6 7 10 15 20 22 24 29 32 40 42 48 49 51 52 
48 0 1 2 3 5 6 7 8 9 10 11 12 13 14 15 16 17 19 20 21 22 23 24 27 28 29 30 31 32 33 38 40 41 42 44 46 47 48 49 50 51 52 54 55 56 57 58 59 
36 0 1 2 3 5 6 7 8 10 12 13 15 17 20 21 22 24 27 28 29 30 31 32 40 41 42 44 46 47 48 49 50 51 52 56 57 
46 0 1 2 3 5 6 7 8 9 10 11 12 13 14 15 16 17 19 20 21 22 23 24 27 28 29 30 31 32 33 40 41 42 44 46 47 48 49 50 51 52 54 55 56 57 58 
57 0 1 2 3 4 5 6 7 8 9 10 11 12 13 14 15 16 17 18 19 20 21 22 23 24 25 26 27 28 30 31 32 33 34 35 36 37 38 39 40 41 42 43 44 45 46 47 48 50 51 53 54 55 56 57 58 59 
28 0 1 2 3 5 6 7 10 13 15 17 19 20 22 24 28 29 30 32 40 42 48 49 50 51 52 55 57 
36 0 1 2 3 5 6 7 8 10 13 14 15 16 17 19 20 22 24 27 28 29 30 31 32 40 41 42 44 48 49 50 51 52 55 56 57 
38 0 1 2 3 5 6 7 8 9 10 13 14 15 16 17 19 20 22 24 27 28 29 30 31 32 33 40 41 42 44 48 49 50 51 52 55 56 57 
