60 15 8e+06
1.95328 183118
2.10821 192679
2.35897 149411
1.97893 192038
2.05853 132985
1.44943 178539
1.77348 123731
2.73456 191875
1.16166 119659
2.70206 159192
1.26972 183023
1.03902 184863
2.31515 174313
2.1617 129704
2.58243 135566
2.39655 112030
1.15078 114800
2.11691 131463
1.89184 189293
1.17541 195087
1.85897 118956
1.15429 163722
1.54458 169009
1.19148 120087
2.07724 163632
2.93485 160778
2.46326 113822
1.21054 136118
2.14024 105314
1.75588 151004
1.51397 196026
2.60638 169076
1.10656 111540
1.28991 101141
2.23649 152387
1.03771 141182
1.77295 112791
2.83594 189590
1.792 199402
2.0963 119469
1.93791 102622
1.57499 181981
2.45585 101108
1.3187 106173
1.00327 100989
2.47536 170014
2.05977 178720
1.1044 146861
1.3606 139397
1.84081 167127
1.35826 187313
2.22543 144871
2.29719 162373
2.50794 153737
2.43557 184295
2.70673 167872
2.13335 173014
2.24513 126788
1.05783 188750
2.3441 155746
0.85846 4.84329e-09 24
0.897715 0.00218679 9
0.861663 2.83069e-08 22
0.899862 0.00229171 9
0.895769 0.000996727 10
0.86651 1.7201e-07 20
0.96814 0.601108 2
0.911214 0.0122205 7
0.875621 5.70541e-06 16
0.911155 0.0122061 7
0.929107 0.065474 5
0.992521 1 1
0.848732 9.29841e-12 0
0.981918 0.711542 2
0.864798 7.19201e-08 21
0.856087 1.61719e-10 28
0.899706 0.00109939 10
0.863446 5.98199e-09 24
0.900445 0.00112088 10
0.901563 0.00238225 9
0.867517 7.98485e-08 21
0.965143 0.584419 2
0.918791 0.0281293 6
0.887917 8.48056e-05 13
0.895796 0.000475348 11
0.937422 0.13966 4
0.963465 0.575933 2
0.847157 8.60071e-12 0
0.978948 0.682038 2
0.864279 1.39416e-08 23
0.901002 0.0102074 7
0.913294 0.0517109 5
0.891728 0.00193993 9
0.917935 0.054884 5
0.902616 0.0104729 7
0.897414 0.00457234 8
0.918618 0.0554007 5
0.905396 0.0109717 7
0.873599 2.63439e-05 14
0.969093 0.606866 2
0.909266 0.0239909 6
0.917731 0.0547322 5
0.89108 0.00191664 9
0.907605 0.0234192 6
0.900476 0.0101244 7
0.97258 0.62999 2
0.930673 0.126848 4
0.951335 0.529035 2
0.93242 0.24768 3
0.921289 0.11393 4
0.953376 0.535441 2
0.872709 5.73688e-05 13
0.907581 0.0234109 6
0.903633 0.0221884 6
0.928424 0.123307 4
0.894531 0.00435124 8
0.856847 1.23939e-07 20
0.970126 0.613369 2
0.856161 1.21275e-07 20
0.960958 0.564292 2
0.875555 0.000669965 10
0.921483 0.114153 4
0.886351 0.00383767 8
0.920859 0.113441 4
0.926606 0.237416 3
0.889708 0.00872836 7
0.960092 0.560539 2
0.944106 0.509959 2
0.917974 0.110355 4
0.9003 0.0212839 6
0.960437 0.562016 2
0.940673 0.502529 2
0.867436 0.000115559 12
0.956881 0.547702 2
0.885228 0.00377776 8
0.870562 0.000122646 12
0.915082 0.107561 4
0.878227 0.000700443 10
0.915765 0.108196 4
0.916952 0.109335 4
0.882353 0.00165194 9
0.977262 1 1
0.934435 0.251776 3
0.902147 0.0217722 6
0.907848 0.0486223 5
0.953438 0.535644 2
0.9636 0.576594 2
0.861554 8.75595e-06 15
0.98059 1 1
0.879004 0.000709821 10
0.908817 0.102358 4
0.949463 0.523588 2
0.912026 0.104891 4
0.952272 0.531913 2
0.944916 0.511851 2
0.917292 0.10967 4
0.97118 1 1
0.957481 0.549977 2
0.918438 0.226052 3
0.952656 0.533123 2
0.969496 1 1
0.951001 0.528037 2
0.898596 0.0445187 5
0.952782 0.533524 2
0.915659 0.108096 4
0.899325 0.0210385 6
0.92154 0.230016 3
0.893758 0.0197775 6
0.925962 0.236404 3
0.912212 0.105046 4
0.899539 0.0210916 6
0.93888 0.498994 2
0.918284 0.110672 4
0.883325 0.00368093 8
0.969478 1 1
0.925296 0.23538 3
0.937754 0.496882 2
0.888905 0.00864306 7
0.927863 0.239459 3
0.901204 0.045557 5
0.905163 0.00531251 8
0.949785 0.296194 3
0.911244 0.0122277 7
0.95138 0.302604 3
0.948462 0.291191 3
0.916019 0.0267506 6
0.975058 0.648604 2
0.964252 0.579843 2
0.925291 0.061286 5
0.940256 0.146229 4
0.980853 0.700527 2
0.950038 0.297184 3
0.89547 0.000989663 10
0.956602 0.326866 3
0.913285 0.0255409 6
0.877136 5.71296e-07 19
0.888841 4.09477e-05 14
0.86746 7.17043e-09 24
0.893324 0.00010035 13
0.878779 1.32901e-06 18
0.872972 9.98454e-08 21
0.904994 0.00127155 10
0.882845 3.36677e-06 17
0.850575 1.02048e-11 0
0.942651 0.152443 4
0.888803 4.08958e-05 14
0.910988 0.00303858 9
0.867704 7.25222e-09 24
0.897931 0.000243209 12
0.876113 5.48427e-07 19
0.868263 0.000264834 11
0.913464 0.106114 4
0.877365 0.00153258 9
0.913562 0.106199 4
0.91686 0.109245 4
0.881124 0.00357579 8
0.96736 1 1
0.934482 0.251873 3
0.905246 0.0473415 5
0.900542 0.0452857 5
0.952641 0.533075 2
0.95291 0.533934 2
0.859673 1.91822e-05 14
0.96991 1 1
0.877254 0.00153014 9
0.85037 1.00988e-11 0
0.890902 0.000196847 12
0.854798 6.64876e-11 29
0.892615 0.000206687 12
0.8902 0.000193043 12
0.859392 9.77379e-10 26
0.961921 0.35781 3
0.906343 0.00544837 8
0.872391 4.75414e-07 19
0.899818 0.00110261 10
0.924732 0.0317184 6
0.979671 0.688875 2
0.840908 6.38905e-12 0
0.980253 0.694538 2
0.857225 3.89057e-10 27
0.887375 3.90269e-05 14
0.896366 0.000482874 11
0.876814 1.23346e-06 18
0.900934 0.00113551 10
0.885761 1.72847e-05 15
0.882321 7.12561e-06 16
0.904966 0.00258588 9
0.888436 4.04031e-05 14
0.857288 3.31344e-11 30
0.951513 0.303158 3
0.892737 0.00020742 12
0.907793 0.0027818 9
0.878001 1.28994e-06 18
0.896007 0.00047812 11
0.885819 1.73192e-05 15
0.977702 1 1
0.932921 0.248669 3
0.956495 0.546271 2
0.934277 0.251443 3
0.924158 0.233683 3
0.958039 0.552142 2
0.87255 0.000285157 11
0.909719 0.0496161 5
0.907865 0.0486307 5
0.92574 0.236059 3
0.895895 0.0202352 6
0.855936 3.35293e-06 16
0.97636 1 1
0.855883 3.34877e-06 16
0.965592 0.586788 2
0.911335 0.050529 5
0.94223 0.270952 3
0.909626 0.0241199 6
0.946353 0.283761 3
0.933974 0.250811 3
0.915377 0.0530653 5
0.955332 0.542074 2
0.941687 0.269419 3
0.905 0.0225918 6
0.971171 0.62024 2
0.94898 0.522244 2
0.944425 0.277505 3
0.900672 0.010155 7
0.939897 0.264591 3
0.915633 0.0532395 5
0.980853 0.700527 2
0.932228 0.0694609 5
0.961903 0.357694 3
0.932804 0.0702603 5
0.924924 0.0318516 6
0.961871 0.357488 3
0.868537 8.31368e-08 21
0.909293 0.00582136 8
0.91203 0.00621617 8
0.917589 0.01401 7
0.894222 0.000455618 11
0.850886 1.0368e-11 0
0.985121 0.74783 2
0.85182 1.08787e-11 0
0.968808 0.60512 2
0.915246 0.107712 4
0.926502 0.237252 3
0.905912 0.0476588 5
0.931237 0.245413 3
0.915261 0.107726 4
0.911677 0.0507296 5
0.921249 0.113885 4
0.916444 0.108842 4
0.885899 0.0038133 8
0.983669 1 1
0.918064 0.110447 4
0.915748 0.10818 4
0.905086 0.0472663 5
0.907947 0.0486733 5
0.914831 0.107331 4
0.917674 0.110052 4
0.921868 0.1146 4
0.905999 0.0477007 5
0.926543 0.237316 3
0.910153 0.049856 5
0.911574 0.0506687 5
0.909918 0.0497259 5
0.909293 0.0493838 5
0.881324 0.00162573 9
0.976495 1 1
0.909067 0.0492624 5
0.904259 0.0468843 5
0.908033 0.0487177 5
0.896556 0.0203833 6
0.915606 0.108047 4
0.921578 0.114263 4
0.92193 0.114673 4
0.908773 0.0491054 5
0.926533 0.120566 4
0.909999 0.0497705 5
0.914226 0.0523038 5
0.90501 0.0225946 6
0.907857 0.0486269 5
0.881559 0.000742506 10
0.973452 1 1
0.906347 0.0230095 6
0.898463 0.00982126 7
0.912215 0.0510497 5
0.891265 0.00412817 8
0.918695 0.111097 4
0.895781 0.00444414 8
0.912299 0.0251369 6
0.88797 0.000839393 10
0.916846 0.0540873 5
0.90227 0.0104145 7
0.893694 0.0020144 9
0.925451 0.119085 4
0.906763 0.0231428 6
0.873378 2.61977e-05 14
0.96565 0.587098 2
0.912485 0.0252118 6
0.926341 0.120299 4
0.885678 0.000370143 11
0.915415 0.0530911 5
0.896189 0.0044754 8
0.879842 0.000327186 11
0.925843 0.119615 4
0.88956 0.00186423 9
0.925689 0.119406 4
0.929721 0.12531 4
0.893265 0.00426161 8
0.968965 0.606083 2
0.947571 0.287973 3
0.917776 0.0547652 5
0.908124 0.0235937 6
0.965572 0.586686 2
0.947995 0.28949 3
0.871316 2.4896e-05 14
0.963646 0.576824 2
0.88917 0.00185125 9
0.947373 0.517945 2
0.977032 1 1
0.947608 0.518558 2
0.982026 1 1
0.964859 1 1
0.953581 0.536112 2
0.931906 0.246682 3
0.961423 1 1
0.934106 0.490567 2
0.964019 1 1
0.953574 0.53609 2
0.912617 0.105387 4
0.936541 0.494696 2
0.914006 0.10659 4
0.953401 0.535522 2
0.91536 0.0530535 5
0.932287 0.129595 4
0.908091 0.0235824 6
0.937 0.25746 3
0.921539 0.057779 5
0.913951 0.0521266 5
0.930983 0.127361 4
0.924245 0.117508 4
0.891917 0.00194686 9
0.987282 1 1
0.927084 0.121343 4
0.924465 0.11779 4
0.904876 0.0108741 7
0.917233 0.0543666 5
0.916334 0.0537246 5
0.947935 0.289276 3
0.945744 0.281732 3
0.935777 0.136197 4
0.950109 0.297464 3
0.933305 0.131422 4
0.941407 0.149133 4
0.909093 0.0117291 7
0.927469 0.0635914 5
0.905409 0.00534025 8
0.974301 0.642705 2
0.921254 0.0295018 6
0.896113 0.00100497 10
0.937687 0.140241 4
0.89286 0.000439695 11
0.945896 0.282234 3
0.918467 0.0143001 7
0.951518 0.303177 3
0.917885 0.0141064 7
0.955617 0.32187 3
0.943218 0.154012 4
0.923623 0.0309732 6
0.95481 0.317928 3
0.95044 0.298774 3
0.913845 0.012897 7
0.970859 0.61816 2
0.956007 0.323825 3
0.939881 0.145313 4
0.907781 0.00562386 8
0.937822 0.14054 4
0.923485 0.0308834 6
0.969145 0.607186 2
0.942968 0.273092 3
0.950999 0.301033 3
0.945803 0.281926 3
0.931813 0.128769 4
0.955315 0.542016 2
0.889966 0.000874856 10
0.920422 0.0568367 5
0.909096 0.0239308 6
0.948171 0.290128 3
0.909291 0.0239999 6
0.874643 2.70523e-05 14
0.960605 0.562746 2
0.873294 2.61423e-05 14
0.962095 0.569426 2
0.914537 0.0525063 5
0.955023 0.540994 2
0.917636 0.0546615 5
0.958018 0.552063 2
0.949778 0.296166 3
0.922972 0.115918 4
0.965385 0.585694 2
0.961144 0.565115 2
0.922288 0.115095 4
0.955997 0.544451 2
0.97054 0.616057 2
0.945089 0.279606 3
0.904254 0.01076 7
0.946969 0.285866 3
0.921401 0.0576609 5
0.915275 0.0132998 7
0.963228 0.574784 2
0.925288 0.0321065 6
0.962762 0.572547 2
0.966464 0.591521 2
0.929301 0.0657068 5
0.955317 0.320389 3
0.984738 0.743229 2
0.946334 0.163374 4
0.931727 0.0687831 5
0.995093 1 1
0.92978 0.0662886 5
0.906518 0.00546907 8
0.938838 0.142843 4
0.925098 0.0319728 6
0.896769 0.000488327 11
0.942165 0.151129 4
0.903974 0.00123475 10
0.943175 0.153893 4
0.942651 0.152442 4
0.908443 0.00283084 9
0.979968 0.691748 2
0.95984 0.344855 3
0.922747 0.0304107 6
0.930613 0.0673299 5
0.979106 0.683516 2
0.95359 0.312222 3
0.887396 3.90528e-05 14
0.963274 0.366884 3
0.905276 0.0026061 9
0.991421 1 1
0.942217 0.270916 3
0.971073 0.619582 2
0.942675 0.272235 3
0.934898 0.25276 3
0.971802 0.624538 2
0.877079 0.000140165 12
0.919083 0.111504 4
0.921055 0.113664 4
0.923569 0.116654 4
0.903708 0.0222102 6
0.858737 6.86092e-07 18
0.990442 1 1
0.860169 7.1487e-07 18
0.97907 1 1
0.894298 0.000217206 12
0.931784 0.0688597 5
0.895768 0.000227146 12
0.934848 0.0732682 5
0.926904 0.0332936 6
0.901117 0.00114107 10
0.976478 0.66017 2
0.939617 0.144676 4
0.901225 0.00114438 10
0.948502 0.170703 4
0.953669 0.312585 3
0.966165 0.589879 2
0.884008 1.62889e-05 15
0.962307 0.360348 3
0.900105 0.000537831 11
0.916542 0.0538711 5
0.963894 0.578046 2
0.929139 0.124398 4
0.961844 0.56827 2
0.971304 0.621136 2
0.932387 0.247615 3
0.944727 0.278453 3
0.988419 1 1
0.957117 0.548594 2
0.922995 0.115946 4
0.984117 1 1
0.919305 0.11174 4
0.908688 0.0237877 6
0.929479 0.124928 4
0.927231 0.121554 4
0.887272 1.82205e-05 15
0.928439 0.0345082 6
0.891146 4.4285e-05 14
0.930657 0.0364272 6
0.926001 0.0326193 6
0.896123 0.000229658 12
0.991812 1 1
0.941198 0.148597 4
0.903375 0.00121401 10
0.935057 0.0735925 5
0.958471 0.336947 3
0.9731 0.633737 2
0.877344 5.76121e-07 19
0.975502 0.652143 2
0.894191 0.000103274 13
0.946664 0.516131 2
0.949005 0.522314 2
0.936013 0.493772 2
0.953528 0.535938 2
0.936535 0.494685 2
0.941809 0.504888 2
0.913794 0.106403 4
0.931499 0.245906 3
0.90802 0.101767 4
0.97798 1 1
0.925794 0.236143 3
0.900486 0.0452628 5
0.936108 0.493937 2
0.897423 0.044077 5
0.945744 0.513844 2
0.938893 0.262028 3
0.965712 0.587429 2
0.958183 0.552711 2
0.960808 0.563633 2
0.976461 0.660033 2
0.95823 0.552895 2
0.90689 0.0112639 7
0.96345 0.575862 2
0.988364 1 1
0.909602 0.0241114 6
0.94483 0.278778 3
0.8828 0.000159616 12
0.934757 0.134167 4
0.891325 0.000900745 10
0.95084 0.300384 3
0.955651 0.543205 2
0.984105 1 1
0.957754 0.55103 2
0.988522 1 1
0.97116 1 1
0.963716 0.577168 2
0.924591 0.234321 3
0.962775 0.572612 2
0.941408 0.504046 2
0.955139 0.541399 2
0.950802 0.527445 2
0.90427 0.0468893 5
0.945068 0.512213 2
0.906751 0.0480687 5
0.962934 0.573366 2
0.949686 0.524218 2
0.977047 1 1
0.949436 0.523514 2
0.982007 1 1
0.964559 0.581399 2
0.955463 0.54254 2
0.929539 0.242328 3
0.960007 0.560179 2
0.934062 0.250993 3
0.963708 0.577127 2
0.951487 0.529496 2
0.910379 0.0499825 5
0.938796 0.261785 3
0.911689 0.0507366 5
0.955516 0.542727 2
0.920823 0.113401 4
0.925796 0.119551 4
0.909503 0.049498 5
0.930491 0.244034 3
0.914028 0.0521759 5
0.915132 0.0529004 5
0.912299 0.0510997 5
0.913051 0.0515592 5
0.885079 0.00172592 9
0.980305 1 1
0.912531 0.0512406 5
0.90571 0.0228092 6
0.911013 0.0503433 5
0.898511 0.0098283 7
0.919053 0.111472 4
0.995592 1 1
0.952814 0.533626 2
0.976925 1 1
0.953391 0.535492 2
0.944927 0.279086 3
0.979771 1 1
0.886917 0.000821788 10
0.92931 0.124664 4
0.928688 0.123706 4
0.931244 0.127799 4
0.913967 0.052137 5
0.868077 1.02577e-05 15
0.983968 1 1
0.869809 1.07254e-05 15
0.987561 1 1
0.916663 0.0539567 5
0.963791 0.57754 2
0.924808 0.118235 4
0.964443 0.580806 2
0.964069 0.578919 2
0.929294 0.124639 4
0.959467 0.557909 2
0.980359 1 1
0.940487 0.266143 3
0.939066 0.262461 3
0.991182 1 1
0.934422 0.133519 4
0.907365 0.0113604 7
0.941879 0.269958 3
0.925796 0.119551 4
0.96253 0.571455 2
0.955135 0.541384 2
0.950487 0.526522 2
0.95886 0.555417 2
0.9429 0.507246 2
0.956109 0.544857 2
0.905984 0.0476936 5
0.933865 0.250585 3
0.916569 0.108963 4
0.962577 0.571676 2
0.924278 0.233859 3
0.890245 0.0087866 7
0.951794 0.530434 2
0.889027 0.00865586 7
0.960863 0.563872 2
0.973238 1 1
0.926543 0.237316 3
0.953094 0.534526 2
0.927632 0.239077 3
0.918377 0.110767 4
0.953701 0.53651 2
0.865647 2.18146e-05 14
0.903536 0.0221606 6
0.903881 0.0222602 6
0.918472 0.110865 4
0.889373 0.0040105 8
0.849047 4.20807e-08 21
0.975441 1 1
0.849089 4.21359e-08 21
0.960958 0.564292 2
0.980151 1 1
0.952134 0.531484 2
0.963316 1 1
0.954277 0.538433 2
0.941724 0.504708 2
0.967794 1 1
0.892773 0.0195763 6
0.928687 0.240847 3
0.920354 0.228455 3
0.9443 0.510409 2
0.91575 0.222912 3
0.875578 0.0014941 9
0.969874 1 1
0.875717 0.00149703 9
0.974566 1 1
0.968352 0.602372 2
0.971999 0.625898 2
0.985784 1 1
0.969298 0.608139 2
0.970326 0.614662 2
0.98809 1 1
0.900307 0.00482117 8
0.952168 0.305933 3
0.958497 0.553956 2
0.924833 0.0608279 5
0.933842 0.132418 4
0.878273 6.53895e-05 13
0.962787 0.572668 2
0.883293 0.000161517 12
0.980722 1 1
0.939168 0.499547 2
0.988416 1 1
0.948878 0.521965 2
0.987171 1 1
0.986747 1 1
0.953334 0.535305 2
0.935724 0.493273 2
0.985702 1 1
0.95599 0.544425 2
0.940646 0.502474 2
0.970049 1 1
0.912162 0.105005 4
0.930215 0.243533 3
0.918189 0.225752 3
0.94927 0.523048 2
0.924075 0.117291 4
0.961424 0.566368 2
0.941658 0.269338 3
0.956945 0.547945 2
0.974229 1 1
0.942721 0.506853 2
0.918224 0.11061 4
0.972043 1 1
0.984353 1 1
0.907851 0.0486237 5
0.956638 0.546798 2
0.893514 0.00916379 7
0.918797 0.111203 4
0.903714 0.0222118 6
0.935862 0.254869 3
0.884138 7.61612e-05 13
0.928921 0.0652537 5
0.891312 0.000422766 11
0.929866 0.125541 4
0.929898 0.125591 4
0.895667 0.000994299 10
0.986358 1 1
0.947274 0.286926 3
0.912231 0.0124727 7
0.921106 0.0574085 5
0.966665 0.592637 2
0.962276 0.570264 2
0.874875 5.57454e-06 16
0.975282 0.650379 2
0.892502 0.000924392 10
0.923411 0.116457 4
0.939543 0.263675 3
0.91614 0.10855 4
0.94433 0.510477 2
0.928352 0.240278 3
0.922048 0.114811 4
0.930092 0.243311 3
0.929754 0.242707 3
0.898528 0.0208437 6
0.995885 1 1
0.930771 0.244547 3
0.920905 0.113493 4
0.9128 0.0514044 5
0.915175 0.107647 4
0.924486 0.117817 4
0.973909 0.639732 2
0.957958 0.334099 3
0.961109 0.352617 3
0.960704 0.350094 3
0.94664 0.164367 4
0.966491 0.591671 2
0.900635 0.00112651 10
0.934871 0.0733042 5
0.922799 0.0304432 6
0.951836 0.304517 3
0.922807 0.0304483 6
0.883429 1.59798e-05 15
0.962873 0.364138 3
0.883463 1.59976e-05 15
0.971923 0.625371 2
0.875662 2.4585e-07 20
0.914778 0.00666787 8
0.878378 6.00933e-07 19
0.91723 0.00712605 8
0.911848 0.00311506 9
0.883425 3.44324e-06 17
0.981826 0.710568 2
0.926631 0.0330868 6
0.889413 4.17381e-05 14
0.928671 0.0346992 6
0.943743 0.155502 4
0.987354 0.776231 2
0.865694 1.32168e-09 26
0.980195 0.693968 2
0.881911 3.24889e-06 17
0.894204 0.000960766 10
0.911472 0.0248107 6
0.886656 0.000175642 12
0.91599 0.0267369 6
0.901598 0.00494205 8
0.892378 0.00092184 10
0.926493 0.0625313 5
0.906454 0.0111766 7
0.872779 5.23115e-06 16
0.964142 0.579287 2
0.912594 0.0252563 6
0.927965 0.0641473 5
0.884085 0.000164658 12
0.916784 0.0271148 6
0.894769 0.00097347 10
0.86483 6.35987e-09 24
0.905948 0.00265093 9
0.869273 8.56258e-08 21
0.907758 0.00277925 9
0.904888 0.00258082 9
0.873976 5.04695e-07 19
0.978144 0.674661 2
0.921003 0.0293553 6
0.885678 3.69765e-05 14
0.913501 0.00645045 8
0.939458 0.144298 4
0.987924 1 1
0.855217 2.97198e-11 30
0.994135 1 1
0.87181 2.10187e-07 20
0.939931 0.145434 4
0.957376 0.330945 3
0.93426 0.0723749 5
0.962264 0.36006 3
0.945385 0.160384 4
0.940303 0.146344 4
0.929155 0.0655322 5
0.943814 0.155704 4
0.915269 0.013298 7
0.983394 0.727651 2
0.940403 0.146591 4
0.914543 0.0130903 7
0.928947 0.0652847 5
0.912286 0.00625567 8
0.942304 0.151502 4
0.947542 0.167372 4
0.955828 0.322922 3
0.939226 0.0807487 5
0.96049 0.348781 3
0.943321 0.154303 4
0.945205 0.159832 4
0.919497 0.0146563 7
0.938783 0.0799212 5
0.914182 0.00656483 8
0.978432 0.677279 2
0.932985 0.0705152 5
0.904918 0.00126875 10
0.936622 0.0761178 5
0.902704 0.00119146 10
0.948308 0.17002 4
0.886813 0.00177677 9
0.903535 0.0221602 6
0.878998 0.000321741 11
0.908002 0.0235523 6
0.893834 0.00430135 8
0.884665 0.00171423 9
0.922052 0.114815 4
0.899018 0.00990263 7
0.86531 9.5747e-06 15
0.955888 0.544055 2
0.905785 0.0228326 6
0.926149 0.120034 4
0.876848 0.000308608 11
0.913833 0.052051 5
0.887133 0.00178652 9
0.904886 0.010876 7
0.931538 0.128297 4
0.901224 0.00490631 8
0.935828 0.136302 4
0.922752 0.0588532 5
0.907011 0.0112883 7
0.948723 0.292159 3
0.929786 0.125413 4
0.893841 0.00202024 9
0.971824 0.624688 2
0.937254 0.139295 4
0.943416 0.274422 3
0.894294 0.00203833 9
0.935729 0.1361 4
0.907981 0.0114888 7
0.96406 0.578874 2
0.958565 0.554229 2
0.953189 0.534834 2
0.96223 0.57005 2
0.946328 0.515286 2
0.958943 0.555754 2
0.907546 0.0484674 5
0.936994 0.257444 3
0.919937 0.11242 4
0.96164 0.567342 2
0.926946 0.23796 3
0.891191 0.00412346 8
0.953067 0.534438 2
0.890437 0.00407571 8
0.963352 0.575384 2
0.895006 0.000221897 12
0.941948 0.150552 4
0.906002 0.0026546 9
0.94115 0.148472 4
0.947117 0.165941 4
0.9095 0.00291391 9
0.960977 0.351792 3
0.965104 0.380029 3
0.935342 0.0740386 5
0.915064 0.00671855 8
0.981007 0.702087 2
0.936151 0.0753384 5
0.88675 1.78889e-05 15
0.949379 0.173876 4
0.904938 0.0012695 10
0.939891 0.145336 4
0.928365 0.0344474 6
0.924131 0.0313097 6
0.932494 0.0698275 5
0.916197 0.0135738 7
0.929125 0.0350799 6
0.89474 0.000220116 12
0.90989 0.00294572 9
0.889614 4.20217e-05 14
0.963303 0.367083 3
0.904056 0.00123764 10
0.884353 7.66428e-06 16
0.931309 0.0682295 5
0.879501 1.36687e-06 18
0.934778 0.0731606 5
0.884564 0.000166614 12
0.928554 0.123504 4
0.890853 0.000891583 10
0.929858 0.125528 4
0.928588 0.123555 4
0.895391 0.00208367 9
0.99197 1 1
0.945511 0.28097 3
0.909453 0.0118095 7
0.924604 0.0606014 5
0.964631 0.581766 2
0.966659 0.592605 2
0.875099 1.23857e-05 15
0.977883 0.672328 2
0.892555 0.00092548 10
52 0 1 2 3 5 6 7 8 9 10 12 13 14 15 16 17 18 19 20 21 22 23 24 25 26 27 28 29 30 32 33 35 36 37 38 39 40 41 42 46 47 48 49 50 51 52 53 54 55 56 58 59 
38 2 3 7 9 12 13 14 15 16 17 18 19 21 22 23 24 25 26 29 30 33 35 36 37 38 40 41 42 43 47 48 50 52 53 54 55 56 58 
35 2 3 7 9 12 13 14 15 16 17 18 19 21 22 23 24 25 29 33 35 36 37 38 40 41 42 47 48 50 52 53 54 55 56 58 
41 0 2 3 6 7 9 12 13 14 15 16 17 18 19 21 22 23 24 25 26 29 30 32 33 35 36 37 38 40 41 42 47 48 49 50 52 53 54 55 56 58 
54 0 1 2 3 5 6 7 8 9 10 11 12 13 14 15 16 17 18 19 21 22 23 24 25 26 27 28 29 30 32 33 35 36 37 38 39 40 41 42 43 44 46 47 48 49 50 51 52 53 54 55 56 58 59 
57 0 1 2 3 4 5 6 7 8 9 10 11 12 13 14 15 16 17 18 19 20 21 22 23 24 25 26 27 28 29 30 31 32 33 35 36 37 38 39 40 41 42 44 46 47 48 49 50 51 52 53 54 55 56 57 58 59 
43 0 2 3 6 7 8 9 12 13 14 15 16 17 18 19 21 22 23 24 25 26 29 30 32 33 35 36 37 38 40 41 42 43 47 48 49 50 52 53 54 55 56 58 
49 0 2 3 6 7 8 9 11 12 13 14 15 16 17 18 19 21 22 23 24 25 26 28 29 30 32 33 35 36 37 38 39 40 41 42 43 44 47 48 49 50 51 52 53 54 55 56 58 59 
58 0 1 2 3 5 6 7 8 10 11 12 13 14 15 16 17 18 19 20 21 22 23 24 25 26 27 28 29 30 31 32 33 34 35 36 37 38 39 40 41 42 43 44 45 46 47 48 49 50 51 52 53 54 55 56 57 58 59 
19 2 3 9 12 13 16 17 18 19 22 23 25 33 37 41 47 50 54 58 
51 0 2 3 6 7 8 9 11 12 13 14 15 16 17 18 19 21 22 23 24 25 26 27 28 29 30 32 33 35 36 37 38 39 40 41 42 43 44 46 47 48 49 50 51 52 53 54 55 56 58 59 
44 2 3 6 7 8 9 12 13 14 16 17 18 19 21 22 23 24 25 26 29 30 32 33 34 35 36 37 38 39 40 41 42 43 44 47 48 49 50 52 53 54 55 56 58 
47 2 3 5 6 7 8 9 12 13 14 15 16 17 18 19 21 22 23 24 25 26 28 29 30 32 33 35 36 37 38 39 40 41 42 46 47 48 49 50 51 52 53 54 55 56 58 59 
46 0 2 3 6 7 8 9 11 12 13 14 16 17 18 19 21 22 23 24 25 26 29 30 32 33 35 36 37 38 39 40 41 42 43 44 47 48 49 50 51 52 53 54 55 56 58 
56 0 1 2 3 4 5 6 7 8 9 10 11 12 13 14 15 16 17 18 19 20 21 22 23 24 25 26 27 28 29 30 32 33 35 36 37 38 39 40 41 42 44 46 47 48 49 50 51 52 53 54 55 56 57 58 59 
