40 15 8e+06
1.11509 149286
1.4809 158247
1.5628 132861
1.76704 112568
2.08961 133851
1.38153 161861
2.63382 179072
1.53165 133640
2.57855 120974
2.6579 117651
2.07128 106375
2.05946 168362
1.71168 130796
1.832 106097
2.57689 188232
1.49845 127664
2.04551 111337
2.15587 171885
1.02315 108164
1.63805 190418
2.13616 143100
2.06847 116957
2.20656 190731
1.11626 157048
2.3689 146303
2.65894 122192
1.22402 107686
1.85756 133486
1.11129 104470
1.50954 185519
1.05363 161961
2.95784 134436
1.64424 195236
1.4227 191340
1.71254 165030
2.48845 155745
1.85864 172369
2.35076 114421
1.95183 195354
2.72327 193793
0.936587 0.494778 2
0.929372 0.242033 3
0.930484 0.244022 3
0.900506 0.0452711 5
0.934626 0.491421 2
0.952918 0.533959 2
0.985946 1 1
0.884264 0.00818858 7
0.924747 0.234553 3
0.908304 0.101976 4
0.91883 0.226533 3
0.915341 0.107799 4
0.974597 1 1
0.954913 0.540613 2
0.911374 0.104356 4
0.901408 0.00492381 8
0.941733 0.269549 3
0.889297 0.000402446 11
0.843528 7.22086e-12 0
0.996124 1 1
0.896619 0.00213691 9
0.949733 0.295994 3
0.828197 3.65593e-12 0
0.877458 1.32621e-05 15
0.87638 1.28499e-05 15
0.890001 0.000409339 11
0.879276 3.06152e-05 14
0.915872 0.0266819 6
0.89427 0.000962248 10
0.85882 1.11789e-08 23
0.876099 5.79158e-06 16
0.875214 2.55778e-06 17
0.872833 1.06835e-06 18
0.877529 6.06218e-06 16
0.906016 0.00540997 8
0.902575 0.00243945 9
0.931461 0.0684295 5
0.865613 7.41757e-08 21
0.872013 1.03838e-06 18
0.850376 1.01015e-11 0
0.85913 2.192e-09 25
0.857851 9.11386e-10 26
0.918253 0.0278485 6
0.922587 0.0303106 6
0.868308 1.83775e-07 20
0.883224 0.000765472 10
0.878048 0.000143153 12
0.88076 0.000333312 11
0.88777 0.00180623 9
0.90458 0.0224656 6
0.911712 0.0507501 5
0.935659 0.254419 3
0.875639 0.000135924 12
0.880766 0.000333354 11
0.857742 2.91561e-07 19
0.866007 4.31918e-06 16
0.865536 4.26505e-06 16
0.926502 0.120523 4
0.93284 0.248507 3
0.877927 0.000142774 12
0.955935 0.544224 2
0.914359 0.0523897 5
0.959393 0.557603 2
0.933936 0.250731 3
0.899372 0.00995534 7
0.994997 1 1
0.946343 0.283725 3
0.916617 0.0539244 5
0.96166 0.567432 2
0.933407 0.13161 4
0.938465 0.260966 3
0.94288 0.272833 3
0.98245 1 1
0.974145 0.64152 2
0.951734 0.530249 2
0.921163 0.229513 3
0.956822 0.547483 2
0.908773 0.0491054 5
0.85884 8.22944e-06 15
0.978638 1 1
0.914537 0.107065 4
0.964857 0.582931 2
0.843042 1.4962e-08 22
0.896426 0.020354 6
0.895369 0.0201198 6
0.909178 0.0493219 5
0.898512 0.0208399 6
0.933266 0.249361 3
0.90918 0.0493231 5
0.876729 0.00151867 9
0.903791 0.0222342 6
0.957284 0.549225 2
0.890089 0.00405411 8
0.833345 4.55533e-12 0
0.97514 1 1
0.888876 0.00398086 8
0.934025 0.250917 3
0.817916 2.39712e-12 0
0.875855 0.000302879 11
0.882284 0.00165015 9
0.896317 0.009522 7
0.883129 0.0016723 9
0.905507 0.0474652 5
0.880901 0.000733806 10
0.854313 6.06995e-07 18
0.938386 0.260771 3
0.889373 0.0040105 8
0.948552 0.521074 2
0.96109 0.564876 2
0.873487 0.00028998 11
0.974146 1 1
0.920094 0.112592 4
0.943415 0.508389 2
0.961666 0.567463 2
0.925619 0.235873 3
0.925138 0.23514 3
0.935528 0.254129 3
0.954977 0.540833 2
0.968417 0.602761 2
0.971336 1 1
0.933948 0.49031 2
0.895146 0.0200715 6
0.939312 0.499825 2
0.948246 0.520249 2
0.887801 0.00852916 7
0.975565 1 1
0.936482 0.494593 2
0.93116 0.24527 3
0.946575 0.515905 2
0.914194 0.106757 4
0.917494 0.224921 3
0.923866 0.233258 3
0.968336 1 1
0.99197 1 1
0.94862 0.521259 2
0.911567 0.0248477 6
0.965898 0.588429 2
0.897634 0.00459031 8
0.838744 5.78712e-12 0
0.971559 0.622866 2
0.895035 0.00206874 9
0.937787 0.259318 3
0.823193 2.96991e-12 0
0.883035 0.000349452 11
0.890198 0.000879174 10
0.904353 0.010778 7
0.890926 0.00191118 9
0.911061 0.0246525 6
0.885695 0.000370284 11
0.860949 1.41693e-07 20
0.934475 0.25186 3
0.9652 0.584719 2
0.921716 0.0579329 5
0.867629 4.51384e-06 16
0.965015 0.58375 2
0.92517 0.118711 4
0.969058 0.606653 2
0.851569 3.69689e-09 24
0.908745 0.0238077 6
0.908343 0.0236686 6
0.922312 0.0584579 5
0.911534 0.0248348 6
0.942758 0.272476 3
0.916741 0.0540125 5
0.887983 0.00083961 10
0.909067 0.0239206 6
0.881552 0.000338769 11
0.911955 0.0508942 5
0.934586 0.252096 3
0.887175 0.000826037 10
0.947655 0.288273 3
0.933831 0.250514 3
0.920911 0.113501 4
0.917547 0.0545963 5
0.887285 0.00082786 10
0.892011 0.00195029 9
0.896482 0.00449817 8
0.951571 0.529752 2
0.975112 0.649026 2
0.921075 0.113686 4
0.962504 0.57133 2
0.970932 1 1
0.947985 0.519554 2
0.880347 0.00160166 9
0.935939 0.255041 3
0.93984 0.264442 3
0.954808 0.540248 2
0.86416 2.11077e-05 14
0.932387 0.247615 3
0.937231 0.258 3
0.95182 0.530514 2
0.939723 0.264139 3
0.950249 0.525829 2
0.922341 0.115159 4
0.908183 0.048795 5
0.950697 0.527135 2
0.987374 1 1
0.935643 0.254384 3
0.864146 2.11011e-05 14
0.936517 0.256345 3
0.922126 0.114903 4
0.940418 0.26596 3
0.848375 9.5871e-08 20
0.918872 0.111282 4
0.931628 0.246152 3
0.946356 0.515356 2
0.931403 0.245725 3
0.931657 0.246207 3
0.904287 0.0468971 5
0.893771 0.00919521 7
0.89772 0.00218704 9
0.916847 0.0271452 6
0.889124 0.000400782 11
0.862276 1.48201e-07 20
0.956761 0.547255 2
0.908065 0.0115065 7
0.961423 0.566362 2
0.84755 4.71649e-11 29
0.881708 7.13559e-05 13
0.870461 4.88797e-06 16
0.882424 0.000158194 12
0.875856 2.7917e-05 14
0.928674 0.123686 4
0.914986 0.0262772 6
0.868526 2.06641e-06 17
0.947117 0.517285 2
0.988045 1 1
0.932169 0.24719 3
0.859352 1.90552e-05 14
0.933583 0.250005 3
0.916691 0.10908 4
0.934215 0.251313 3
0.843746 8.40648e-08 20
0.915146 0.10762 4
0.930478 0.24401 3
0.944928 0.51188 2
0.929338 0.241974 3
0.925533 0.235741 3
0.898405 0.0444456 5
0.889796 0.00873783 7
0.97263 0.63035 2
0.924691 0.118082 4
0.97359 1 1
0.894655 0.00436026 8
0.881195 0.000737667 10
0.936953 0.257351 3
0.907975 0.0235431 6
0.880836 0.00033383 11
0.960788 0.563543 2
0.995073 1 1
0.989044 1 1
0.987991 1 1
0.927646 0.122154 4
0.910497 0.0500491 5
0.935672 0.254446 3
0.976791 0.662817 2
0.935132 0.134904 4
0.97243 0.628925 2
0.91399 0.0258397 6
0.910585 0.0120701 7
0.975011 0.648232 2
0.950711 0.299866 3
0.897252 0.00216543 9
0.963147 0.57439 2
0.948683 0.292009 3
0.957716 0.550884 2
0.956564 0.546525 2
0.975112 0.649026 2
0.951571 0.303402 3
0.941546 0.269026 3
0.866039 0.000255295 11
0.863323 0.000107252 12
0.863598 0.000107776 12
0.874845 0.00147888 9
0.894039 0.0198359 6
0.894232 0.0198765 6
0.919115 0.226884 3
0.864101 0.000108745 12
0.863874 0.000108305 12
0.841011 7.79641e-08 20
0.849171 1.23385e-06 17
0.848662 1.219e-06 17
0.908432 0.102071 4
0.915873 0.108298 4
0.862098 0.000104971 12
0.952814 0.308742 3
0.895908 0.000228133 12
0.967184 0.595561 2
0.944462 0.157595 4
0.869455 3.88132e-08 22
0.965983 0.386725 3
0.911452 0.00612849 8
0.929582 0.0660468 5
0.985309 0.750116 2
0.949139 0.172995 4
0.944849 0.158751 4
0.958767 0.338617 3
0.944972 0.159123 4
0.945236 0.159928 4
0.985506 0.752534 2
0.984503 0.74044 2
0.931179 0.068059 5
0.983932 0.733773 2
0.915687 0.0134208 7
0.901749 0.00116069 10
0.972331 0.628228 2
0.939713 0.144907 4
0.899351 0.00108935 10
0.972709 0.630912 2
0.9591 0.340523 3
0.96641 0.591224 2
0.967586 0.597868 2
0.965235 0.584902 2
0.945804 0.161691 4
0.948094 0.289849 3
0.924641 0.234396 3
0.911866 0.104759 4
0.921487 0.229945 3
0.908458 0.10209 4
0.921741 0.230286 3
0.951033 0.52813 2
0.969777 1 1
0.892856 0.0195931 6
0.919522 0.227394 3
0.897776 0.0442086 5
0.906618 0.100762 4
0.905699 0.100125 4
0.969399 1 1
0.963912 1 1
0.911415 0.104389 4
0.921991 0.0581733 5
0.952823 0.308784 3
0.910155 0.0243127 6
0.862842 3.41698e-07 19
0.975593 0.652881 2
0.91806 0.0549772 5
0.970318 0.614608 2
0.847029 4.60658e-11 29
0.898495 0.00466194 8
0.895503 0.00208839 9
0.909075 0.0239232 6
0.899163 0.00471926 8
0.937389 0.139589 4
0.913903 0.0258022 6
0.87954 6.74869e-05 13
0.974337 1 1
0.955701 0.543386 2
0.96063 0.562854 2
0.880234 0.0035352 8
0.908359 0.102017 4
0.934247 0.25138 3
0.926929 0.237933 3
0.864986 0.000110485 12
0.942706 0.506821 2
0.962764 1 1
0.977706 1 1
0.961168 0.565221 2
0.934741 0.491613 2
0.91042 0.103591 4
0.915906 0.108328 4
0.899186 0.00472127 8
0.85197 3.75315e-09 24
0.910339 0.0243807 6
0.993027 1 1
0.841227 6.48391e-12 0
0.933634 0.13203 4
0.887377 0.000829383 10
0.982356 1 1
0.925727 0.119458 4
0.891188 0.00192047 9
0.888113 0.00084183 10
0.900275 0.010093 7
0.91855 0.0553488 5
0.94215 0.270725 3
0.948563 0.291562 3
0.902769 0.00245077 9
0.905459 0.00261813 9
0.897339 0.00103544 10
0.884085 3.52045e-05 14
0.932616 0.0699966 5
0.923449 0.0308594 6
0.963408 0.575658 2
0.869692 1.93624e-07 20
0.893522 0.000447309 11
0.875531 1.1764e-06 18
0.885714 3.70184e-05 14
0.882472 1.5488e-05 15
0.942752 0.152721 4
0.936756 0.138229 4
0.884627 3.57926e-05 14
0.933392 0.249617 3
0.881043 0.00161873 9
0.945788 0.513951 2
0.967513 1 1
0.862174 2.02196e-05 14
0.962553 0.571562 2
0.907569 0.0484795 5
0.951063 0.528221 2
0.962064 0.569281 2
0.926034 0.236516 3
0.922877 0.115802 4
0.935567 0.254215 3
0.942215 0.505756 2
0.954859 0.540425 2
0.982026 1 1
0.888671 0.00396877 8
0.871491 5.58359e-05 13
0.889327 0.00400773 8
0.910735 0.0501839 5
0.888279 0.0039459 8
0.923447 0.116503 4
0.928264 0.24013 3
0.899376 0.00995598 7
0.892861 0.00423387 8
0.865297 9.57168e-06 15
0.871453 5.57887e-05 13
0.873938 0.000131201 12
0.932756 0.248341 3
0.948967 0.52221 2
0.894858 0.0093312 7
0.981316 1 1
0.955066 0.541145 2
0.966184 0.589987 2
0.887073 0.00387739 8
0.911779 0.104687 4
0.942754 0.506925 2
0.934465 0.251839 3
0.871461 0.000279728 11
0.948251 0.520262 2
0.961846 0.568281 2
0.977064 1 1
0.96281 0.572776 2
0.943772 0.509197 2
0.91909 0.111511 4
0.921524 0.1142 4
0.904664 0.0108348 7
0.866098 4.32977e-06 16
0.911979 0.0250094 6
0.962358 0.570645 2
0.863686 1.79434e-06 17
0.944783 0.278629 3
0.910775 0.0245437 6
0.949801 0.296258 3
0.922946 0.115887 4
0.888759 0.000853073 10
0.889831 0.00187334 9
0.898311 0.00464642 8
0.937435 0.25848 3
0.965773 0.587759 2
0.935971 0.255112 3
0.92433 0.233936 3
0.943262 0.508047 2
0.914088 0.106663 4
0.873431 0.00145043 9
0.96376 1 1
0.927199 0.238369 3
0.983457 1 1
0.857593 4.22555e-05 13
0.904275 0.0991712 4
0.896619 0.043783 5
0.909425 0.102819 4
0.901479 0.0456713 5
0.947742 0.51891 2
0.926019 0.236492 3
0.88728 0.00847681 7
0.939189 0.262772 3
0.898536 0.00466541 8
0.944854 0.278856 3
0.94745 0.287547 3
0.88879 0.000853613 10
0.98111 1 1
0.937212 0.257954 3
0.930065 0.125859 4
0.952041 0.30539 3
0.919607 0.0561752 5
0.922813 0.0589091 5
0.929338 0.124708 4
0.970906 0.618469 2
0.987624 1 1
0.952558 0.307619 3
0.910931 0.00303369 9
0.880741 3.10954e-06 17
0.914662 0.0066477 8
0.94017 0.146016 4
0.884086 7.59014e-06 16
0.950465 0.177989 4
0.931298 0.0682151 5
0.926236 0.0327922 6
0.921182 0.0152784 7
0.890013 4.25938e-05 14
0.894133 0.000103075 13
0.899344 0.000525789 11
0.951987 0.305159 3
0.978028 0.673622 2
0.925935 0.0325713 6
0.950254 0.298034 3
0.95963 0.558587 2
0.938383 0.141799 4
0.883843 7.55476e-05 13
0.947318 0.287082 3
0.942988 0.27315 3
0.975105 0.648971 2
0.867454 1.78054e-07 20
0.926062 0.0620776 5
0.922252 0.0584043 5
0.935682 0.136004 4
0.926668 0.0627178 5
0.959724 0.558982 2
0.932103 0.129273 4
0.905319 0.00532999 8
0.870334 4.87014e-06 16
0.867561 2.00738e-06 17
0.867759 2.01932e-06 17
0.877388 2.90752e-05 14
0.897741 0.00459903 8
0.898324 0.0046475 8
0.923728 0.059758 5
0.866243 8.58679e-07 18
0.867827 2.02338e-06 17
0.84512 7.79022e-12 0
0.853392 1.7236e-09 25
0.852767 1.68079e-09 25
0.912846 0.0253589 6
0.919678 0.0562321 5
0.865597 8.41464e-07 18
0.951941 0.530886 2
0.980575 1 1
0.937359 0.49616 2
0.870985 0.000623449 10
0.94433 0.510477 2
0.930011 0.243166 3
0.953645 0.536323 2
0.854916 7.5491e-06 15
0.921759 0.23031 3
0.928342 0.240261 3
0.943038 0.507549 2
0.930003 0.243152 3
0.942144 0.505604 2
0.914354 0.1069 4
0.89784 0.0442323 5
0.914385 0.0524069 5
0.956063 0.544687 2
0.901629 0.0216321 6
0.850635 4.4221e-08 21
0.986062 1 1
0.90598 0.0228936 6
0.955852 0.543925 2
0.834982 4.89327e-12 0
0.888848 0.00397921 8
0.889575 0.00402272 8
0.9035 0.0221504 6
0.892147 0.00418582 8
0.924372 0.11767 4
0.900505 0.0213366 6
0.868827 5.2714e-05 13
0.927368 0.0634794 5
0.878692 1.37607e-05 15
0.938087 0.14113 4
0.972752 0.63122 2
0.864409 7.08761e-08 21
0.962713 0.572316 2
0.91114 0.0122026 7
0.954775 0.31776 3
0.952488 0.307317 3
0.916492 0.0269742 6
0.914954 0.0262628 6
0.926183 0.0622037 5
0.945046 0.279468 3
0.963489 0.576052 2
0.969061 0.606672 2
0.955514 0.54272 2
0.948221 0.520183 2
0.945967 0.28247 3
0.896122 0.00949604 7
0.936455 0.256203 3
0.95573 0.543488 2
0.976663 1 1
0.879512 0.00032504 11
0.935693 0.254493 3
0.926415 0.120401 4
0.938561 0.261202 3
0.932289 0.247424 3
0.9731 0.633737 2
0.944854 0.278856 3
0.916433 0.0537941 5
0.922686 0.231583 3
0.889064 0.00865973 7
0.926872 0.23784 3
0.944363 0.510553 2
0.887653 0.00851427 7
0.963108 0.574202 2
0.936186 0.255595 3
0.928617 0.240729 3
0.933421 0.249676 3
0.901921 0.045857 5
0.905876 0.0476413 5
0.91139 0.104368 4
0.962165 0.569751 2
0.990705 1 1
0.936664 0.256683 3
37 0 1 2 3 4 5 6 7 8 9 10 11 12 13 14 15 17 18 20 21 22 24 25 26 27 28 29 30 31 32 33 34 35 36 37 38 39 
39 0 1 2 3 4 5 6 7 8 9 10 11 12 13 14 16 17 18 19 20 21 22 23 24 25 26 27 28 29 30 31 32 33 34 35 36 37 38 39 
38 0 1 2 3 4 5 6 7 8 9 10 11 12 13 14 15 17 18 20 21 22 23 24 25 26 27 28 29 30 31 32 33 34 35 36 37 38 39 
9 2 3 11 18 24 27 29 32 34 
22 0 1 2 3 4 7 8 11 14 18 21 22 25 26 27 29 30 31 32 34 37 39 
23 0 1 2 3 4 7 8 11 14 18 21 22 24 25 26 27 29 30 31 32 34 37 39 
16 0 2 3 8 11 14 18 21 24 25 27 29 31 32 34 39 
9 2 3 11 18 25 27 29 32 34 
25 0 2 3 4 7 8 11 14 17 18 19 21 22 24 25 26 27 29 30 31 32 34 37 38 39 
38 0 1 3 4 5 6 7 8 9 10 11 12 13 14 15 16 17 18 19 20 21 22 23 24 25 26 27 28 29 30 31 32 33 35 36 37 38 39 
38 0 1 2 3 4 5 6 7 8 9 10 11 12 13 14 15 17 18 20 21 22 23 24 25 26 27 28 29 30 31 32 33 34 35 36 37 38 39 
39 0 1 2 3 4 5 6 7 8 9 10 11 12 13 14 15 17 18 19 20 21 22 23 24 25 26 27 28 29 30 31 32 33 34 35 36 37 38 39 
20 0 2 3 4 7 8 11 14 18 21 24 25 26 27 29 31 32 34 37 39 
13 2 3 11 14 18 21 24 25 27 29 32 34 39 
34 0 1 2 3 4 5 6 7 8 9 10 11 12 14 17 18 20 21 22 24 25 26 27 29 30 31 32 33 34 35 36 37 38 39 
