30 15 6e+06
2.14876 182710
1.97804 132320
1.2359 193963
1.04966 175450
1.09395 160039
3.28073 132038
2.77538 173138
5.86939 104029
2.39584 110032
2.07127 147042
4.37578 134412
1.17977 124646
5.09691 163590
3.19818 147131
5.41346 186677
4.68451 165021
1.39835 181193
1.37013 147871
1.77476 103126
1.15222 123969
1.78502 118421
4.88815 175997
2.13666 193158
1.60562 116957
2.38042 152834
1.637 193616
5.0982 170068
1.17656 132381
2.65916 148934
3.94438 119977
0.933415 0.131626 4
0.939863 0.145269 4
0.864896 1.62337e-07 20
0.926639 0.0626868 5
0.978473 0.677648 2
0.938452 0.141956 4
0.948274 0.290502 3
0.962581 0.571695 2
0.935605 0.135849 4
0.949123 0.293657 3
0.87206 5.12072e-06 16
0.909209 0.0117548 7
0.985345 1 1
0.86023 2.68102e-08 22
0.889342 0.000402881 11
0.88265 0.000346615 11
0.893177 0.00425548 8
0.892066 0.00418044 8
0.933887 0.25063 3
0.943985 0.276145 3
0.930731 0.126944 4
0.897976 0.00975136 7
0.957591 0.550403 2
0.982022 1 1
0.967098 0.595074 2
0.931605 0.128412 4
0.920562 0.113109 4
0.937799 0.259346 3
0.897455 0.00967792 7
0.954592 0.539506 2
0.932528 0.13002 4
0.939135 0.143533 4
0.865345 1.64949e-07 20
0.927098 0.0631827 5
0.979686 0.689022 2
0.938757 0.142656 4
0.947505 0.28774 3
0.963726 0.577214 2
0.936921 0.138581 4
0.950219 0.297897 3
0.873013 2.37822e-06 17
0.909586 0.0118394 7
0.986719 1 1
0.860828 1.21015e-08 23
0.890404 0.000413383 11
0.87018 2.42234e-05 14
0.880388 0.000330804 11
0.961943 0.568726 2
0.937037 0.257546 3
0.8911 0.0041176 8
0.922838 0.115755 4
0.879732 0.000326467 11
0.904961 0.0225799 6
0.903569 0.02217 6
0.917117 0.0542823 5
0.968195 0.601438 2
0.946216 0.2833 3
0.883056 0.000763091 10
0.975859 1 1
0.953028 0.534314 2
0.903197 0.0220641 6
0.914461 0.106996 4
0.936353 0.255973 3
0.973269 1 1
0.933801 0.250452 3
0.961059 0.564741 2
0.915792 0.108221 4
0.947984 0.51955 2
0.938876 0.261986 3
0.960007 0.560179 2
0.946816 0.516516 2
0.966846 0.593648 2
0.925369 0.118976 4
0.937043 0.25756 3
0.95573 0.543488 2
0.944541 0.510968 2
0.949263 0.523029 2
0.921508 0.114182 4
0.943599 0.508805 2
0.903813 0.0222404 6
0.946397 0.515459 2
0.942141 0.2707 3
0.906341 0.047867 5
0.878333 0.000701703 10
0.907376 0.0483815 5
0.879454 0.000715366 10
0.949947 0.524961 2
0.898848 0.0209214 6
0.904938 0.022573 6
0.880726 0.000731528 10
0.973544 0.637003 2
0.964201 0.579582 2
0.872898 2.36935e-06 17
0.911391 0.0122636 7
0.901639 0.00238641 9
0.922053 0.0299805 6
0.957021 0.329059 3
0.896301 0.00100954 10
0.864323 3.14e-08 22
0.890977 0.000419264 11
0.84167 6.61839e-12 0
0.908122 0.00566719 8
0.900696 0.00233521 9
0.858339 2.1183e-09 25
0.848092 9.00666e-12 0
0.912499 0.0512212 5
0.919957 0.112442 4
0.957716 0.550884 2
0.94881 0.521777 2
0.894375 0.00927024 7
0.941749 0.269592 3
0.915087 0.107565 4
0.902018 0.0217368 6
0.881253 0.000738433 10
0.90792 0.048659 5
0.9051 0.022622 6
0.965933 0.588622 2
0.887602 0.00390707 8
0.939431 0.263388 3
0.900672 0.0213797 6
0.936507 0.256324 3
0.946072 0.282819 3
0.937241 0.258022 3
0.97276 0.631276 2
0.922486 0.058613 5
0.97098 0.61896 2
0.942568 0.271925 3
0.928678 0.123692 4
0.903214 0.0105755 7
0.932443 0.129869 4
0.905695 0.0110286 7
0.978717 1 1
0.915889 0.0534149 5
0.924157 0.117395 4
0.90844 0.0237021 6
0.837886 1.27872e-08 22
0.848335 1.20958e-06 17
0.913245 0.105924 4
0.903497 0.0465411 5
0.877419 0.00341337 8
0.891563 0.0193372 6
0.849771 2.91129e-06 16
0.891986 0.0194197 6
0.906945 0.100993 4
0.90459 0.0993788 4
0.977835 1 1
0.90493 0.0996049 4
0.870213 0.000616193 10
0.930438 0.243937 3
0.965425 1 1
0.925001 0.031905 6
0.933817 0.0717161 5
0.949121 0.172932 4
0.965677 0.384364 3
0.911313 0.00610767 8
0.959598 0.343421 3
0.929851 0.0663753 5
0.918733 0.0143906 7
0.896081 0.000229361 12
0.92404 0.0312488 6
0.909479 0.0029122 9
0.980202 0.694036 2
0.90445 0.00125169 10
0.934281 0.0724062 5
0.908996 0.00287372 9
0.874165 5.92992e-05 13
0.885138 0.000793664 10
0.92097 0.113567 4
0.939913 0.264632 3
0.918426 0.0552541 5
0.929607 0.12513 4
0.887522 0.00179849 9
0.933711 0.250268 3
0.944303 0.277126 3
0.946976 0.28589 3
0.968501 0.603262 2
0.935034 0.253053 3
0.91074 0.0245307 6
0.930375 0.12636 4
0.988847 1 1
0.950263 0.298073 3
0.955523 0.321405 3
0.918853 0.0281621 6
0.94682 0.28535 3
0.909414 0.0118007 7
0.951015 0.301099 3
0.948482 0.291264 3
0.911447 0.0122773 7
0.88267 3.37435e-05 14
0.911913 0.0123926 7
0.880054 1.43463e-05 15
0.951044 0.301217 3
0.904588 0.00524878 8
0.90303 0.00246606 9
0.882472 3.35472e-05 14
0.906301 0.0111464 7
0.912416 0.0251843 6
0.953189 0.534833 2
0.934951 0.134547 4
0.882109 0.000342707 11
0.928812 0.123896 4
0.906737 0.0231342 6
0.889111 0.000859321 10
0.868204 4.58614e-06 16
0.894607 0.00205107 9
0.894763 0.00205748 9
0.951622 0.303615 3
0.875647 6.13798e-05 13
0.933596 0.131959 4
0.888756 0.000853018 10
0.862528 2.92644e-08 22
0.873288 2.39959e-06 17
0.903887 0.0051733 8
0.924307 0.0603123 5
0.913976 0.0129328 7
0.915773 0.0266356 6
0.876499 5.86544e-06 16
0.928588 0.0648637 5
0.948716 0.29213 3
0.94073 0.147406 4
0.959877 0.559628 2
0.917632 0.0275325 6
0.907137 0.00554388 8
0.914599 0.0131062 7
0.983102 0.724381 2
0.871734 5.07193e-06 16
0.882063 7.20252e-05 13
0.884947 0.000168202 12
0.922655 0.0587661 5
0.934172 0.133042 4
0.919052 0.0557368 5
0.886946 0.000380898 11
0.946649 0.284766 3
0.977178 0.666135 2
0.955116 0.319408 3
0.930517 0.126592 4
0.910262 0.0119945 7
0.928777 0.123842 4
0.891917 0.000912492 10
0.95396 0.313921 3
0.943191 0.50789 2
0.952105 0.531394 2
0.881663 0.00163428 9
0.944591 0.511087 2
0.981543 1 1
0.957085 0.54847 2
0.959761 0.559139 2
0.971275 1 1
0.937733 0.259189 3
0.959773 0.559188 2
0.884392 0.00170664 9
0.927108 0.238221 3
0.979618 1 1
0.876129 0.000304441 11
0.900083 0.0212287 6
0.952499 0.532628 2
0.963431 1 1
0.919272 0.22708 3
0.971422 1 1
0.93721 0.495891 2
0.980545 1 1
0.961172 1 1
0.940425 0.502027 2
0.910619 0.103749 4
0.940792 0.502774 2
0.896909 0.0438883 5
0.964777 1 1
0.931423 0.48638 2
0.907966 0.101728 4
0.903729 0.098815 4
0.992585 1 1
0.981534 1 1
0.876536 6.26897e-05 13
0.922664 0.0587742 5
0.918975 0.0556769 5
0.934941 0.252853 3
0.975364 0.651034 2
0.912788 0.0253353 6
0.880124 0.000149954 12
0.906502 0.0230589 6
0.8515 3.68739e-09 24
0.916185 0.05362 5
0.918259 0.0551269 5
0.86348 7.88455e-07 18
0.859811 1.36428e-07 20
0.919033 0.111451 4
0.930141 0.2434 3
0.904588 0.0470349 5
0.964119 0.57917 2
0.96918 1 1
0.966846 0.593648 2
0.934728 0.252396 3
0.983849 1 1
0.959829 0.559422 2
0.991633 1 1
0.917968 0.110349 4
0.94599 0.514447 2
0.960443 0.562043 2
0.903006 0.0220101 6
0.934641 0.252211 3
0.896871 0.00214815 9
0.907351 0.0113577 7
0.892312 0.00092048 10
0.942577 0.27195 3
0.960062 0.560409 2
0.942304 0.271165 3
0.91261 0.0252628 6
0.974033 0.640664 2
0.984301 1 1
0.982112 1 1
0.922178 0.0583382 5
0.926794 0.120932 4
0.953396 0.311344 3
0.894903 0.00206323 9
0.943456 0.274542 3
0.890609 9.20116e-05 13
0.898194 0.000508467 11
0.976518 0.660509 2
0.934832 0.0732438 5
0.87919 2.93795e-06 17
0.924716 0.0317075 6
0.89383 0.000214189 12
0.888606 4.06303e-05 14
0.872698 2.17733e-07 20
0.896441 0.000483887 11
0.912332 0.00626289 8
0.953425 0.311474 3
0.872 9.58096e-08 21
0.956208 0.324845 3
0.902739 0.00119262 10
0.987525 1 1
0.997722 1 1
0.887884 0.00853766 7
0.938632 0.498521 2
0.933253 0.249336 3
0.95161 0.529869 2
0.98879 1 1
0.928375 0.240317 3
0.89526 0.0200961 6
0.922652 0.231535 3
0.866319 0.000113196 12
0.930359 0.243794 3
0.931418 0.245753 3
0.875867 0.000673391 10
0.8753 0.000667193 10
0.983723 1 1
0.974212 0.642025 2
0.876338 6.23928e-05 13
0.918709 0.0554706 5
0.911142 0.0246834 6
0.930133 0.125968 4
0.967114 0.595163 2
0.905579 0.0110065 7
0.873229 2.60998e-05 14
0.899917 0.00478584 8
0.848029 2.59259e-10 27
0.913944 0.0258199 6
0.910185 0.0243238 6
0.862484 3.37799e-07 19
0.855326 2.24343e-08 22
0.970507 1 1
0.980331 1 1
0.904363 0.0469317 5
0.953045 0.534366 2
0.932696 0.248222 3
0.96429 1 1
0.975053 1 1
0.931718 0.246323 3
0.899707 0.0449512 5
0.92892 0.241248 3
0.879708 0.00351171 8
0.946933 0.516813 2
0.928812 0.241062 3
0.891888 0.0194006 6
0.887032 0.00845206 7
0.932944 0.248715 3
0.940121 0.501417 2
0.868655 0.00026658 11
0.93061 0.244252 3
0.98331 1 1
0.942112 0.505533 2
0.948363 0.520564 2
0.967412 1 1
0.939553 0.500295 2
0.953906 0.537188 2
0.876462 0.000680011 10
0.912955 0.105674 4
0.989426 1 1
0.86424 4.79808e-05 13
0.893807 0.0197878 6
0.885164 0.000169118 12
0.895508 0.00208862 9
0.9652 0.584716 2
0.952634 0.307953 3
0.902958 0.00507665 8
0.938164 0.141304 4
0.894692 0.00205456 9
0.91631 0.0268878 6
0.910109 0.0242959 6
0.92786 0.122469 4
0.957621 0.550516 2
0.962492 0.571273 2
0.894823 0.00205995 9
0.969521 0.609525 2
0.949982 0.296962 3
0.918687 0.0554538 5
0.928347 0.123192 4
0.954702 0.539883 2
0.971915 0.625315 2
0.914517 0.0524933 5
0.962008 0.569025 2
0.925511 0.119166 4
0.923584 0.116672 4
0.903419 0.0106113 7
0.930425 0.126442 4
0.920197 0.0566517 5
0.99024 1 1
0.907136 0.023264 6
0.942167 0.270773 3
0.91967 0.0562253 5
0.894078 0.0198442 6
0.902846 0.0462543 5
0.981978 1 1
0.947335 0.517847 2
0.890954 0.0192198 6
0.935468 0.492836 2
0.899539 0.0448846 5
0.90144 0.045655 5
0.887041 0.00845296 7
0.910181 0.103404 4
0.926369 0.237041 3
0.965804 1 1
0.883401 0.00811059 7
0.964747 1 1
0.917956 0.225471 3
0.881932 1.52208e-05 15
0.889801 0.000190933 12
0.984786 0.743796 2
0.930061 0.0666347 5
0.874641 1.13904e-06 18
0.918855 0.0281631 6
0.885832 3.71556e-05 14
0.884855 3.60438e-05 14
0.871326 4.57082e-07 19
0.893513 0.000447207 11
0.917531 0.0274819 6
0.94838 0.290891 3
0.86727 7.90796e-08 21
0.964768 0.582472 2
0.905794 0.0053842 8
18 3 5 6 7 8 10 12 13 17 18 21 22 23 24 26 27 28 29 
18 3 5 6 7 8 10 12 13 17 18 21 22 23 24 26 27 28 29 
7 5 6 7 12 13 21 29 
17 5 6 7 8 10 12 13 17 18 21 22 23 24 26 27 28 29 
25 3 4 5 6 7 8 9 10 11 12 13 14 16 17 18 19 20 21 22 23 24 26 27 28 29 
16 5 6 7 8 10 12 13 17 18 21 22 23 24 27 28 29 
21 3 4 5 6 7 8 9 10 11 12 13 17 18 21 22 23 24 26 27 28 29 
23 3 4 5 6 7 8 9 10 11 12 13 16 17 18 19 21 22 23 24 26 27 28 29 
26 1 3 4 5 6 7 8 9 10 11 12 13 14 15 17 18 19 20 21 22 23 24 26 27 28 29 
23 3 4 5 6 7 8 9 10 11 12 13 14 17 18 19 21 22 23 24 26 27 28 29 
23 0 2 3 4 5 7 8 10 12 13 16 17 18 19 21 22 23 24 25 26 27 28 29 
16 5 6 7 8 10 12 13 17 18 21 22 23 24 27 28 29 
26 0 2 3 4 5 6 7 8 9 10 11 12 13 16 17 18 19 21 22 23 24 25 26 27 28 29 
16 5 6 7 8 10 12 13 17 18 21 22 23 24 27 28 29 
24 0 2 3 4 5 7 8 10 11 12 13 16 17 18 19 21 22 23 24 25 26 27 28 29 
