80 15 6e+06
1.18493 113280
2.44662 113144
2.00852 148356
1.50978 103797
3.99193 111900
2.86 132281
1.30122 110735
1.61836 130725
1.98811 194453
1.8904 183831
1.91273 173515
1.46939 120067
2.98527 159314
1.52765 142243
1.00024 108159
3.73388 148768
1.86396 136008
1.11284 129383
9.01306 102203
2.09737 134253
3.77658 179456
2.12293 109772
2.03404 162211
7.26471 125693
1.97355 117967
4.71405 164533
5.5919 113648
4.50755 134746
3.55993 126014
2.17215 115408
2.16712 178182
5.28166 181502
2.03873 137738
2.71609 174229
2.65691 197082
4.27344 135356
2.67157 108380
2.12301 154554
4.09781 136334
2.91971 182028
2.14991 199384
1.70396 177891
1.8145 109296
2.13229 100246
1.84483 112674
9.15768 167006
1.32047 154116
2.87543 183406
1.37435 127613
2.05806 156857
1.47507 139737
3.9114 138070
4.45517 160926
3.58285 125729
2.24728 181005
5.13675 139674
2.41173 172864
1.30992 198054
2.91717 151410
1.62616 186278
1.87555 149082
5.17563 106750
2.5859 150575
1.39561 138830
2.74341 133321
5.04048 173737
1.15136 162480
1.09359 174430
4.5339 185961
1.0253 185076
2.23181 190073
2.72338 167002
2.12265 133318
2.71908 150309
2.1563 152229
5.1853 169710
1.43856 102542
1.8459 148868
1.43986 147088
2.48495 171663
0.875961 0.000674426 10
0.953087 0.534504 2
0.917471 0.109849 4
0.922678 0.115562 4
0.909713 0.0496131 5
0.911373 0.0505512 5
0.983968 1 1
0.973704 1 1
0.882108 0.00164562 9
0.911731 0.0507615 5
0.886457 0.00384346 8
0.934112 0.251098 3
0.919557 0.112009 4
0.984641 1 1
0.87109 0.000123919 12
0.953529 0.535941 2
0.898354 0.00465004 8
0.903264 0.0105842 7
0.843763 1.70525e-11 30
0.942199 0.270865 3
0.94007 0.265042 3
0.866848 1.96545e-06 17
0.858531 1.30832e-07 20
0.958203 0.552791 2
0.905201 0.0109347 7
0.892277 0.00196016 9
0.866157 1.92604e-06 17
0.878798 0.000145545 12
0.874236 2.67722e-05 14
0.96385 0.57783 2
0.868859 0.000603863 10
0.925882 0.23628 3
0.890674 0.0191666 6
0.878714 0.00346821 8
0.901197 0.0455538 5
0.902039 0.0459072 5
0.965938 1 1
0.926258 0.236867 3
0.876525 0.00337662 8
0.885974 0.00834886 7
0.859278 0.000100015 12
0.893056 0.0196335 6
0.884021 0.0081665 7
0.942339 0.506022 2
0.867557 0.000592422 10
0.917502 0.0274674 6
0.96182 0.568161 2
0.979577 0.687971 2
0.951239 0.302021 3
0.939608 0.144654 4
0.941639 0.149738 4
0.912939 0.0126551 7
0.939163 0.143601 4
0.919382 0.028445 6
0.97495 0.647746 2
0.956509 0.326385 3
0.974709 0.64586 2
0.990427 1 1
0.939412 0.144187 4
0.907951 0.00564548 8
0.943225 0.154033 4
0.968456 0.602993 2
0.960107 0.346453 3
0.90693 0.00271912 9
0.979806 0.690176 2
0.981504 0.707205 2
0.924272 0.031405 6
0.9248 0.0317654 6
0.950083 0.176518 4
0.957728 0.332843 3
0.930373 0.0361705 6
0.930928 0.0366766 6
0.938612 0.0796062 5
0.939746 0.0817443 5
0.938181 0.078823 5
0.922974 0.0305545 6
0.976343 0.65904 2
0.980877 0.700773 2
0.942367 0.151671 4
0.950228 0.297932 3
0.952381 0.306848 3
0.923816 0.0311 6
0.944354 0.157276 4
0.926318 0.0623462 5
0.974618 0.645151 2
0.948236 0.290364 3
0.96743 0.596969 2
0.974901 0.64736 2
0.949308 0.294358 3
0.914347 0.0130355 7
0.896182 0.000480421 11
0.958026 0.334472 3
0.956376 0.325702 3
0.971605 0.62318 2
0.921371 0.0295708 6
0.923461 0.0308677 6
0.922422 0.0302075 6
0.956641 0.32707 3
0.898765 0.0010731 10
0.951317 0.302344 3
0.935322 0.0740077 5
0.996805 1 1
0.976279 0.658511 2
0.949615 0.295535 3
0.887299 8.32824e-05 13
0.884656 0.000361872 11
0.933637 0.132036 4
0.943461 0.274557 3
0.980723 1 1
0.904072 0.0107272 7
0.906031 0.0110937 7
0.899669 0.00476377 8
0.936226 0.255685 3
0.885596 0.000369461 11
0.940419 0.265964 3
0.936058 0.255307 3
0.976752 0.662485 2
0.96977 0.611096 2
0.92568 0.119393 4
0.874966 2.7278e-05 14
0.922304 0.115114 4
0.932715 0.24826 3
0.967513 0.597448 2
0.933963 0.250788 3
0.930139 0.243396 3
0.931597 0.246094 3
0.883069 0.00167072 9
0.908894 0.04917 5
0.920741 0.113308 4
0.970259 0.614229 2
0.983932 1 1
0.948999 0.522298 2
0.971048 1 1
0.908462 0.0489412 5
0.911474 0.0506106 5
0.91773 0.110108 4
0.949601 0.523978 2
0.976691 1 1
0.948894 0.522007 2
0.934662 0.252255 3
0.936517 0.256345 3
0.900982 0.0214606 6
0.928202 0.240025 3
0.918291 0.110678 4
0.975037 1 1
0.966514 0.591797 2
0.96806 0.600635 2
0.991203 1 1
0.927222 0.238407 3
0.907533 0.0484609 5
0.908909 0.102427 4
0.966374 1 1
0.932844 0.248515 3
0.904141 0.0468304 5
0.943892 0.509471 2
0.945059 0.512191 2
0.957486 0.549998 2
0.941232 0.503678 2
0.916392 0.108792 4
0.928365 0.2403 3
0.90032 0.0451959 5
0.9245 0.234187 3
0.921293 0.229685 3
0.961423 0.566364 2
0.905895 0.100259 4
0.952918 0.533959 2
0.948803 0.521758 2
0.98187 1 1
0.915622 0.108062 4
0.965219 0.584816 2
0.966515 0.591803 2
0.896061 0.00948793 7
0.910799 0.0502203 5
0.95356 0.536042 2
0.986914 1 1
0.968676 1 1
0.938005 0.259842 3
0.957028 0.548258 2
0.918074 0.110457 4
0.942447 0.506255 2
0.925303 0.23539 3
0.96357 1 1
0.987894 1 1
0.943182 0.50787 2
0.947249 0.517624 2
0.949261 0.523023 2
0.911927 0.104809 4
0.934877 0.491838 2
0.927255 0.23846 3
0.982783 1 1
0.960156 0.560813 2
0.966813 1 1
0.983499 1 1
0.937577 0.496558 2
0.915716 0.108149 4
0.958082 0.552314 2
0.954339 0.538643 2
0.975535 0.65241 2
0.909755 0.0241667 6
0.979126 1 1
0.98059 1 1
0.902989 0.0105366 7
0.912713 0.0253046 6
0.961275 0.565699 2
0.977334 1 1
0.954695 0.53986 2
0.933314 0.131439 4
0.949052 0.29339 3
0.922861 0.0589529 5
0.949001 0.293198 3
0.930011 0.125772 4
0.98529 1 1
0.965674 0.587231 2
0.921761 0.0579725 5
0.964625 0.581736 2
0.96666 0.592609 2
0.934588 0.133838 4
0.940493 0.26616 3
0.935833 0.254803 3
0.961133 0.565065 2
0.932095 0.129258 4
0.945796 0.281902 3
0.949895 0.296624 3
0.954084 0.537783 2
0.923754 0.116885 4
0.979023 0.682735 2
0.936322 0.137319 4
0.952239 0.306237 3
0.887827 8.45805e-05 13
0.982755 0.72055 2
0.981387 0.705988 2
0.890358 0.000193886 12
0.893944 0.000452288 11
0.984625 0.741879 2
0.954927 0.318493 3
0.939988 0.145574 4
0.910894 0.00604612 8
0.926417 0.0624507 5
0.906333 0.00544715 8
0.971772 0.624327 2
0.871829 0.00141949 9
0.934805 0.491719 2
0.898601 0.0445206 5
0.88997 0.0190347 6
0.905134 0.0997418 4
0.906201 0.100471 4
0.97854 1 1
0.938379 0.498044 2
0.879223 0.00349032 8
0.893602 0.0197452 6
0.866896 0.000586775 10
0.903838 0.0988861 4
0.893655 0.0197562 6
0.954175 0.538089 2
0.869595 0.000610505 10
0.883293 0.000351376 11
0.963065 0.573998 2
0.929065 0.124284 4
0.934815 0.252582 3
0.916585 0.0539017 5
0.918413 0.0552441 5
0.97053 0.615993 2
0.983583 1 1
0.888933 0.00184345 9
0.923172 0.116163 4
0.898352 0.0046499 8
0.947636 0.288204 3
0.932752 0.13042 4
0.994574 1 1
0.877552 0.00014161 12
0.912394 0.0125142 7
0.929687 0.0661748 5
0.907773 0.00562294 8
0.866809 3.47244e-08 22
0.93849 0.142041 4
0.938131 0.141229 4
0.924068 0.0312675 6
0.900717 0.00112897 10
0.920966 0.0293335 6
0.905388 0.00261343 9
0.880109 6.60193e-06 16
0.8879 8.47638e-05 13
0.889696 8.94576e-05 13
0.9202 0.0288959 6
0.914412 0.0130535 7
0.874203 2.4728e-06 17
0.928508 0.0647705 5
0.932945 0.130767 4
0.991129 1 1
0.895071 0.000980382 10
0.897057 0.00102828 10
0.900994 0.00235117 9
0.939405 0.144172 4
0.875515 5.68655e-06 16
0.929447 0.0658827 5
0.923838 0.0598621 5
0.972024 0.626074 2
0.958562 0.337458 3
0.925885 0.0618936 5
0.864805 7.19395e-08 21
0.92249 0.23131 3
0.953292 0.535168 2
0.929732 0.242668 3
0.888569 0.0187797 6
0.954987 0.540867 2
0.955343 0.542115 2
0.936517 0.494653 2
0.920206 0.228264 3
0.930806 0.244612 3
0.926735 0.237622 3
0.899857 0.0450107 5
0.910486 0.103644 4
0.912286 0.105108 4
0.939535 0.500261 2
0.921532 0.230005 3
0.874028 0.000131444 12
0.9523 0.532001 2
0.918024 0.110406 4
0.927869 0.239469 3
0.907392 0.0483891 5
0.909125 0.0492935 5
0.978013 1 1
0.979655 1 1
0.879888 0.000720803 10
0.91221 0.0510463 5
0.887668 0.00391084 8
0.937928 0.259656 3
0.922072 0.114839 4
0.984786 1 1
0.868751 5.26297e-05 13
0.946482 0.515672 2
0.925656 0.119361 4
0.962677 0.572149 2
0.908552 0.0489883 5
0.942921 0.272953 3
0.94365 0.508919 2
0.873981 0.000292588 11
0.892655 0.00906072 7
0.9429 0.272894 3
0.968747 0.604749 2
0.985955 1 1
0.926719 0.237596 3
0.948705 0.52149 2
0.896896 0.00960052 7
0.935324 0.253683 3
0.928925 0.124069 4
0.921385 0.057647 5
0.90889 0.0238582 6
0.859081 1.33198e-07 20
0.946781 0.285217 3
0.945606 0.281279 3
0.903927 0.0107011 7
0.886327 0.000812254 10
0.937418 0.258439 3
0.907953 0.0235359 6
0.885593 0.000369442 11
0.88131 0.000154103 12
0.887343 0.000828829 10
0.904833 0.0108661 7
0.933182 0.131197 4
0.991824 1 1
0.922408 0.030199 6
0.93926 0.143829 4
0.875325 2.56734e-06 17
0.96947 0.609208 2
0.967723 0.598661 2
0.878289 1.35949e-05 15
0.880587 1.45866e-05 15
0.998389 1 1
0.942597 0.152295 4
0.932483 0.129941 4
0.897826 0.00104804 10
0.914037 0.0129497 7
0.893112 0.000442566 11
0.986496 1 1
0.917867 0.0276509 6
0.927003 0.0630796 5
0.908164 0.00567268 8
0.863966 3.09594e-08 22
0.941644 0.14975 4
0.941015 0.148128 4
0.917062 0.0272498 6
0.895665 0.000994264 10
0.926468 0.0625047 5
0.906251 0.00543744 8
0.881808 3.29009e-05 14
0.885523 7.91499e-05 13
0.888788 0.000185761 12
0.914884 0.0262313 6
0.920604 0.0291248 6
0.870022 1.0785e-05 15
0.92563 0.119327 4
0.890691 0.00190293 9
0.877378 0.000141075 12
0.902183 0.0104 7
0.902978 0.0105348 7
0.963835 0.577755 2
0.924548 0.117898 4
0.877748 0.000142217 12
0.886069 0.000808136 10
0.859334 3.06024e-07 19
0.892078 0.00195278 9
0.883487 0.000352834 11
0.941001 0.267528 3
0.868896 1.04747e-05 15
0.920206 0.112715 4
0.927965 0.239629 3
0.909869 0.103161 4
0.864833 0.000110182 12
0.943843 0.509357 2
0.943175 0.507855 2
0.916394 0.108793 4
0.895844 0.020224 6
0.928829 0.241091 3
0.908047 0.0487247 5
0.883722 0.00370064 8
0.886548 0.00840453 7
0.89019 0.00878062 7
0.914984 0.107471 4
0.92293 0.231923 3
0.974337 0.642986 2
0.913245 0.0127358 7
0.942564 0.271913 3
0.881057 3.21945e-05 14
0.949898 0.296636 3
0.949292 0.2943 3
0.864175 7.02574e-08 21
0.874574 5.52323e-06 16
0.966971 0.594356 2
0.948052 0.289694 3
0.952365 0.306781 3
0.90124 0.00236448 9
0.921235 0.0575185 5
0.883128 7.40978e-05 13
0.96419 0.579531 2
0.883885 0.00169268 9
0.933175 0.249179 3
0.942675 0.506751 2
0.981426 1 1
0.903367 0.0221124 6
0.905328 0.0473801 5
0.899618 0.0211115 6
0.936325 0.255909 3
0.884841 0.00375755 8
0.939611 0.263849 3
0.935238 0.253495 3
0.976429 1 1
0.968952 1 1
0.925566 0.235793 3
0.874211 0.000293811 11
0.948547 0.52106 2
0.89757 0.0206164 6
0.90056 0.0213507 6
0.841918 1.11439e-09 25
0.940079 0.265067 3
0.937987 0.259799 3
0.868017 5.18226e-05 13
0.858248 3.54387e-06 16
0.953718 0.536566 2
0.902217 0.0217911 6
0.888335 0.00394915 8
0.864311 2.11779e-05 14
0.876267 0.000305235 11
0.874355 0.000294586 11
0.958514 0.554026 2
0.865484 2.92576e-09 25
0.921079 0.0152387 7
0.886152 1.75197e-05 15
0.874284 2.32177e-07 20
0.897412 0.000497236 11
0.898195 0.000508482 11
0.961608 0.355791 3
0.92181 0.0298335 6
0.873191 2.2208e-07 20
0.881514 3.20059e-06 17
0.854933 1.28197e-11 0
0.88839 4.03409e-05 14
0.879372 2.9574e-06 17
0.937514 0.077642 5
0.864452 2.78676e-09 25
0.967857 0.599444 2
0.931515 0.128259 4
0.935995 0.255165 3
0.875416 6.1047e-05 13
0.977516 1 1
0.97534 0.650846 2
0.893623 0.00201163 9
0.88959 0.00186523 9
0.976935 1 1
0.937194 0.257911 3
0.919164 0.0558241 5
0.898685 0.00467809 8
0.910938 0.0246057 6
0.904787 0.0108575 7
0.969207 0.607569 2
0.924792 0.118214 4
0.990543 1 1
0.963173 0.574519 2
0.924721 0.118121 4
0.959278 0.557128 2
0.961283 0.565734 2
0.939261 0.262956 3
0.945682 0.513693 2
0.930585 0.244207 3
0.958158 0.55261 2
0.929281 0.241874 3
0.948406 0.520679 2
0.950235 0.525789 2
0.959445 0.557819 2
0.918585 0.110982 4
0.947281 0.286953 3
0.948189 0.290193 3
0.939983 0.264815 3
0.886045 0.000807765 10
0.977174 1 1
0.97656 1 1
0.915112 0.0528867 5
0.907432 0.0233614 6
0.955921 0.544177 2
0.938924 0.262106 3
0.914811 0.0526864 5
0.909425 0.0240478 6
0.917333 0.054439 5
0.924383 0.117684 4
0.946432 0.284027 3
0.945848 0.161827 4
0.937125 0.0769694 5
0.929164 0.0351134 6
0.875284 5.30842e-07 19
0.968481 0.603146 2
0.967287 0.596147 2
0.908517 0.00283646 9
0.897773 0.000502367 11
0.954734 0.317565 3
0.928514 0.0345695 6
0.905891 0.00264705 9
0.898358 0.000510872 11
0.906334 0.00267736 9
0.915208 0.00674435 8
0.94752 0.167297 4
0.881548 0.000338741 11
0.959682 0.558805 2
0.934588 0.2521 3
0.954359 0.538713 2
0.912482 0.0512106 5
0.914485 0.0524724 5
0.951253 0.528791 2
0.990006 1 1
0.886072 0.000808185 10
0.928699 0.123723 4
0.907075 0.0232441 6
0.96417 0.579427 2
0.945182 0.279904 3
0.976078 1 1
0.874499 5.97569e-05 13
0.869808 1.07251e-05 15
0.927654 0.122167 4
0.92856 0.123513 4
0.995304 1 1
0.891881 0.00194553 9
0.893885 0.00202196 9
0.904027 0.0107192 7
0.943137 0.27359 3
0.871457 1.12025e-05 15
0.924715 0.118114 4
0.917562 0.0546074 5
0.969935 0.612143 2
0.953463 0.535727 2
0.928145 0.122889 4
0.860639 3.18642e-07 19
0.919433 0.0560366 5
0.944121 0.276564 3
0.921365 0.0576294 5
0.880105 0.00014989 12
0.949466 0.294963 3
0.949481 0.295019 3
0.932248 0.129525 4
0.912755 0.0513772 5
0.927951 0.122603 4
0.918652 0.0554266 5
0.892426 0.00196571 9
0.901705 0.0103209 7
0.90355 0.0106343 7
0.932245 0.129521 4
0.919719 0.0562643 5
0.967265 1 1
0.925473 0.235649 3
0.929892 0.242953 3
0.869498 0.000270414 11
0.970928 1 1
0.968758 1 1
0.889114 0.00866504 7
0.883972 0.0037132 8
0.975952 1 1
0.931262 0.24546 3
0.914315 0.106865 4
0.892608 0.00905516 7
0.90492 0.0471887 5
0.899367 0.0210489 6
0.971017 1 1
0.903835 0.0466922 5
0.970608 1 1
0.962511 0.571363 2
0.95956 0.558297 2
0.931465 0.245843 3
0.933591 0.250023 3
0.930565 0.244169 3
0.96011 0.560613 2
0.907171 0.0482777 5
0.9567 0.547029 2
0.935624 0.25434 3
0.983968 1 1
0.973944 1 1
0.958136 0.552525 2
0.89542 0.0201309 6
0.983377 1 1
0.912667 0.0513232 5
0.938767 0.261714 3
0.876012 0.000303773 11
0.95336 0.535389 2
0.952374 0.532233 2
0.86499 9.50055e-06 15
0.872832 0.000128285 12
0.97508 1 1
0.943775 0.275505 3
0.944204 0.276821 3
0.896885 0.00959897 7
0.91599 0.0534847 5
0.882629 0.000757096 10
0.973748 1 1
0.886997 0.00178237 9
0.96703 0.594685 2
0.937291 0.258141 3
0.946287 0.283539 3
0.91914 0.111564 4
0.921104 0.113719 4
0.958115 0.552442 2
0.987034 1 1
0.891998 0.00417599 8
0.93131 0.24555 3
0.907646 0.0234326 6
0.959869 0.559592 2
0.943853 0.275743 3
0.985261 1 1
0.880399 0.000330879 11
0.911391 0.0247793 6
0.941393 0.268602 3
0.967755 0.598846 2
0.951656 0.303756 3
0.926225 0.0622476 5
0.928015 0.122697 4
0.894771 0.0020578 9
0.924096 0.0601085 5
0.911347 0.0247624 6
0.966923 0.594083 2
0.965969 0.588815 2
0.966535 0.591916 2
0.98672 1 1
0.921135 0.0574331 5
0.901036 0.00488856 8
0.891017 0.0088721 7
0.961743 0.56781 2
0.948936 0.522123 2
0.967893 1 1
0.919021 0.111438 4
0.921116 0.113733 4
0.933922 0.250703 3
0.969639 1 1
0.894459 0.0199244 6
0.943318 0.508173 2
0.92433 0.233935 3
0.984394 1 1
0.964254 0.579851 2
0.960999 0.564473 2
0.882839 0.00365712 8
0.905554 0.00535668 8
0.926367 0.0623979 5
0.90262 0.00244208 9
0.864283 3.13498e-08 22
0.931875 0.0689818 5
0.931603 0.0686176 5
0.925962 0.0619732 5
0.900091 0.00230353 9
0.914061 0.0129563 7
0.900003 0.00229895 9
0.874508 2.49799e-06 17
0.8848 7.75658e-05 13
0.885493 7.90837e-05 13
0.91963 0.0285802 6
0.907584 0.00559915 8
0.916084 0.0267808 6
0.959294 0.341642 3
0.977943 0.672859 2
0.952712 0.308296 3
0.937405 0.139623 4
0.939414 0.144194 4
0.911087 0.0121897 7
0.93815 0.141273 4
0.917741 0.0275874 6
0.973773 0.638711 2
0.957312 0.3306 3
0.975466 0.651858 2
0.993197 1 1
0.937647 0.140153 4
0.906423 0.00545783 8
0.878465 6.03083e-07 19
0.956601 0.326859 3
0.931242 0.0369686 6
0.953558 0.312077 3
0.909437 0.0029088 9
0.911425 0.00307705 9
0.952041 0.184329 4
0.992625 1 1
0.883024 3.39015e-06 17
0.925377 0.0321699 6
0.903987 0.00123523 10
0.961621 0.355873 3
0.94217 0.151143 4
0.975364 0.651034 2
0.871495 4.24261e-08 22
0.973721 1 1
0.905255 0.047346 5
0.916829 0.109215 4
0.854835 1.41771e-06 17
0.952232 0.53179 2
0.950116 0.525446 2
0.867125 5.08705e-05 13
0.864148 2.11023e-05 14
0.976426 1 1
0.919683 0.112144 4
0.90979 0.0496554 5
0.877158 0.000687927 10
0.892007 0.00898492 7
0.878266 0.000700909 10
0.984868 1 1
0.972681 1 1
0.940033 0.501243 2
0.950406 0.526283 2
0.887453 0.00389865 8
0.988916 1 1
0.986893 1 1
0.89616 0.0202942 6
0.897261 0.0205445 6
0.980379 1 1
0.952081 0.53132 2
0.933985 0.250833 3
0.910866 0.0502587 5
0.9247 0.234483 3
0.910805 0.0502239 5
0.968119 1 1
0.880334 0.00353969 8
0.951723 0.530215 2
0.914584 0.107107 4
0.909157 0.102615 4
0.914567 0.107092 4
0.915979 0.108398 4
0.99024 1 1
0.957846 0.551389 2
0.887179 0.00846676 7
0.909182 0.102634 4
0.882573 0.00364421 8
0.92329 0.232432 3
0.911956 0.104833 4
0.974852 1 1
0.87662 0.00151631 9
0.920598 0.228771 3
0.946303 0.515225 2
0.923537 0.232784 3
0.882096 0.00362138 8
0.951203 0.52864 2
0.951282 0.528878 2
0.933057 0.248941 3
0.914395 0.106937 4
0.929087 0.241537 3
0.920783 0.229012 3
0.894428 0.0199177 6
0.903801 0.0466769 5
0.905721 0.0475668 5
0.933842 0.250537 3
0.920605 0.22878 3
0.933698 0.132149 4
0.969853 0.611626 2
0.950803 0.300238 3
0.904587 0.0108207 7
0.969832 0.611493 2
0.971071 0.619569 2
0.93353 0.131838 4
0.928875 0.123991 4
0.941126 0.26787 3
0.947647 0.288242 3
0.919853 0.0563721 5
0.927912 0.122545 4
0.93217 0.12939 4
0.945899 0.282244 3
0.929907 0.125606 4
0.958928 0.555695 2
0.934119 0.132942 4
0.968119 0.600988 2
0.905709 0.0110314 7
0.957821 0.55129 2
0.958424 0.553667 2
0.882285 0.000157674 12
0.89707 0.00215715 9
0.956655 0.546861 2
0.974093 0.641119 2
0.973276 0.63502 2
0.926436 0.120431 4
0.947039 0.286106 3
0.90385 0.0106874 7
0.947635 0.288202 3
0.888261 0.00394486 8
0.965182 0.584624 2
0.928033 0.239742 3
0.923157 0.116144 4
0.922561 0.115421 4
0.924221 0.117477 4
0.977791 1 1
0.969664 1 1
0.894571 0.0092948 7
0.922369 0.115191 4
0.895942 0.00947202 7
0.93851 0.261076 3
0.926927 0.23793 3
0.99 1 1
0.883428 0.0016803 9
0.901195 0.0102382 7
0.937581 0.258825 3
0.908913 0.0238664 6
0.876589 6.27678e-05 13
0.931718 0.128606 4
0.93199 0.129076 4
0.942857 0.272768 3
0.915383 0.0530692 5
0.909515 0.0240802 6
0.90545 0.022729 6
0.878679 0.000145161 12
0.896302 0.00448412 8
0.894469 0.00434678 8
0.935199 0.25341 3
0.901405 0.0102721 7
0.990337 1 1
0.922171 0.0583323 5
0.94476 0.278558 3
0.880501 0.000151252 12
0.965367 0.585599 2
0.964223 0.579694 2
0.875148 2.74072e-05 14
0.881138 0.000153492 12
0.985593 1 1
0.949034 0.293321 3
0.943003 0.273195 3
0.902411 0.0104382 7
0.920286 0.0567242 5
0.892049 0.0019517 9
0.978649 1 1
0.916542 0.108936 4
0.95265 0.533105 2
0.976908 1 1
0.951175 0.528557 2
0.935034 0.253054 3
0.936949 0.257341 3
0.904397 0.0224112 6
0.931862 0.246598 3
0.917478 0.109855 4
0.974313 1 1
0.962989 0.573632 2
0.971416 1 1
0.994484 1 1
0.930794 0.244589 3
0.906518 0.0479534 5
0.892734 9.84377e-05 13
0.957231 0.33017 3
0.920751 0.0151146 7
0.903531 0.00121936 10
0.927209 0.0335282 6
0.928431 0.0345017 6
0.973891 0.639593 2
0.947606 0.167589 4
0.90004 0.000536775 11
0.915787 0.00684972 8
0.888265 1.88788e-05 15
0.920936 0.0151845 7
0.913483 0.00644751 8
0.967677 0.598397 2
0.889722 4.21758e-05 14
0.922405 0.231193 3
0.970653 1 1
0.943019 0.507509 2
0.904795 0.0995146 4
0.957965 0.551853 2
0.959144 0.556577 2
0.944405 0.510652 2
0.935079 0.492177 2
0.929912 0.242988 3
0.93912 0.499455 2
0.910987 0.104043 4
0.92703 0.238096 3
0.927735 0.239247 3
0.953767 0.536728 2
0.919082 0.226844 3
0.873428 5.83079e-05 13
0.942822 0.272663 3
0.931359 0.245643 3
0.978674 1 1
0.900266 0.0100917 7
0.90232 0.0104229 7
0.926952 0.121155 4
0.967268 0.596041 2
0.876516 0.00013848 12
0.92622 0.120131 4
0.911243 0.0504759 5
0.973732 0.638404 2
0.951039 0.528148 2
0.950523 0.526627 2
0.865176 4.22438e-06 16
0.906997 0.101029 4
0.931648 0.24619 3
0.906953 0.100999 4
0.869346 0.000608241 10
0.934843 0.491781 2
0.934721 0.491579 2
0.930719 0.244452 3
0.905367 0.0998989 4
0.915499 0.222632 3
0.904143 0.0990842 4
0.878227 0.00344737 8
0.889889 0.0190197 6
0.890236 0.0190842 6
0.925018 0.23496 3
0.908397 0.102045 4
0.951952 0.305009 3
0.962811 0.363721 3
0.966825 0.393387 3
0.907225 0.00274028 9
0.986607 0.766426 2
0.988847 0.796778 2
0.914788 0.00666971 8
0.919054 0.0145011 7
0.957922 0.333898 3
0.965798 0.385296 3
0.939776 0.0818029 5
0.931365 0.0683032 5
0.942523 0.152093 4
0.932131 0.0693286 5
0.945506 0.16076 4
0.913879 0.0257921 6
0.992067 1 1
0.953824 0.536916 2
0.927088 0.121349 4
0.948502 0.291338 3
0.950389 0.298572 3
0.950459 0.298853 3
0.955409 0.542347 2
0.919863 0.0563804 5
0.948371 0.290859 3
0.920201 0.0566548 5
0.949121 0.29365 3
0.945861 0.282117 3
0.970948 0.618749 2
0.908107 0.0235881 6
0.969413 0.608852 2
0.945723 0.281662 3
0.959749 0.559086 2
0.895639 0.00209418 9
0.990145 1 1
0.989681 1 1
0.898666 0.00223205 9
0.90293 0.00507379 8
0.974957 0.647801 2
0.961578 0.567062 2
0.942515 0.271773 3
0.919123 0.0283058 6
0.933729 0.132208 4
0.915335 0.0264346 6
0.962213 0.569973 2
0.905725 0.0475689 5
0.935994 0.255163 3
0.909548 0.0495223 5
0.873928 0.000292304 11
0.935144 0.253291 3
0.935224 0.253465 3
0.936637 0.25662 3
0.910918 0.0502885 5
0.914159 0.106726 4
0.906434 0.0479121 5
0.880036 0.00159414 9
0.894237 0.00925298 7
0.893736 0.00919092 7
0.930691 0.244401 3
0.906451 0.0479205 5
0.935823 0.254781 3
0.979691 1 1
0.969891 1 1
0.919999 0.112487 4
0.969893 1 1
0.972024 1 1
0.928414 0.240383 3
0.935202 0.253417 3
0.941414 0.504058 2
0.965938 1 1
0.936898 0.257223 3
0.944347 0.510517 2
0.951142 0.528458 2
0.947988 0.51956 2
0.92919 0.241715 3
0.939117 0.26259 3
0.940344 0.265765 3
0.97854 1 1
0.9241 0.117322 4
0.946855 0.285472 3
0.948185 0.290177 3
0.888184 0.000843063 10
0.908874 0.0238526 6
0.937957 0.259726 3
0.98392 1 1
0.98562 1 1
0.943583 0.274924 3
0.965731 0.587536 2
0.912262 0.0251222 6
0.928186 0.122951 4
0.86473 2.82328e-09 25
0.921632 0.0154533 7
0.886471 1.7715e-05 15
0.875779 5.41254e-07 19
0.896844 0.000234914 12
0.897673 0.000500929 11
0.963643 0.369449 3
0.923603 0.0309602 6
0.872382 9.73677e-08 21
0.881763 3.23066e-06 17
0.85521 1.30126e-11 0
0.88958 4.19736e-05 14
0.880179 3.04566e-06 17
0.938977 0.0802821 5
0.863523 1.18753e-09 26
0.928152 0.0342741 6
0.957296 0.330513 3
0.989495 1 1
0.940076 0.145786 4
0.946915 0.16527 4
0.948803 0.171778 4
0.905512 0.0026217 9
0.928403 0.0344787 6
0.929355 0.0657709 5
0.986808 0.769027 2
0.967064 0.594881 2
0.962347 0.36061 3
0.982561 0.718429 2
0.930891 0.0676858 5
0.91814 0.0141906 7
0.910227 0.0243394 6
0.985681 1 1
0.963126 0.574289 2
0.945474 0.280848 3
0.941208 0.268094 3
0.943328 0.274158 3
0.940051 0.264994 3
0.960981 0.564394 2
0.914666 0.0525908 5
0.956987 0.5481 2
0.931265 0.127834 4
0.968799 0.605064 2
0.963614 0.576665 2
0.966727 0.592981 2
0.90271 0.0104888 7
0.905665 0.100102 4
0.943354 0.508254 2
0.964213 1 1
0.959614 0.558523 2
0.922818 0.231766 3
0.924703 0.234487 3
0.89913 0.0447248 5
0.93027 0.243633 3
0.906141 0.100429 4
0.962159 1 1
0.957918 0.55167 2
0.973872 1 1
0.989258 1 1
0.925779 0.236119 3
0.895556 0.0434041 5
0.901983 0.0458835 5
0.957444 0.549836 2
0.92363 0.232918 3
0.897739 0.0441944 5
0.936208 0.494112 2
0.937199 0.495871 2
0.961059 0.564741 2
0.937904 0.497159 2
0.909672 0.103009 4
0.919195 0.226985 3
0.891429 0.0193112 6
0.91703 0.109412 4
0.912703 0.10546 4
0.958253 0.552988 2
0.899688 0.0449436 5
0.929802 0.125439 4
0.934994 0.252968 3
0.919423 0.056029 5
0.87154 2.50321e-05 14
0.954553 0.539371 2
0.953851 0.537006 2
0.91656 0.0538838 5
0.899833 0.010025 7
0.938537 0.261142 3
0.917827 0.0548035 5
0.893595 0.00428452 8
0.893864 0.00430349 8
0.898791 0.0098691 7
0.918567 0.055362 5
0.931813 0.128769 4
0.877861 6.47303e-05 13
0.947304 0.287032 3
0.910321 0.0243739 6
0.904415 0.0107893 7
0.911942 0.0249946 6
0.91327 0.0255346 6
0.990558 1 1
0.953246 0.535019 2
0.884855 0.000363458 11
0.90501 0.0108989 7
0.87837 6.55454e-05 13
0.918331 0.0551818 5
0.907182 0.011323 7
0.969646 0.610315 2
0.87451 2.69605e-05 14
0.903001 0.0105386 7
0.96044 0.562033 2
0.926204 0.12011 4
0.90056 0.0101375 7
0.937521 0.258684 3
0.938596 0.261289 3
0.961751 0.567846 2
0.940371 0.265837 3
0.910584 0.0244722 6
0.921677 0.114378 4
0.893829 0.00430103 8
0.919972 0.112458 4
0.915563 0.0531912 5
0.960785 0.56353 2
0.900396 0.0101118 7
0.884087 3.52068e-05 14
0.952381 0.306848 3
0.915306 0.0133087 7
0.905131 0.00530892 8
0.918377 0.0279127 6
0.919686 0.0286106 6
0.984184 1 1
0.952338 0.306666 3
0.891175 0.000421327 11
0.910088 0.0119541 7
0.883062 3.41387e-05 14
0.920522 0.029078 6
0.910705 0.0120985 7
0.970802 0.617777 2
0.880795 1.46817e-05 15
0.944887 0.278959 3
0.936017 0.255215 3
0.973698 1 1
0.916999 0.109382 4
0.94858 0.52115 2
0.949656 0.524133 2
0.883811 0.000773894 10
0.902882 0.0219753 6
0.94298 0.273127 3
0.979764 1 1
0.986062 1 1
0.936445 0.256181 3
0.958331 0.553294 2
0.907172 0.0232759 6
0.933774 0.250398 3
0.883163 0.00808946 7
0.960473 0.562175 2
0.93719 0.495854 2
0.957429 0.54978 2
0.913649 0.106276 4
0.915677 0.108113 4
0.948009 0.519616 2
0.986289 1 1
0.8875 0.00849885 7
0.931323 0.245575 3
0.910122 0.103358 4
0.967857 1 1
0.948595 0.521192 2
0.973549 1 1
0.8759 0.0015009 9
0.864207 7.03411e-08 21
0.924307 0.0603123 5
0.922664 0.0587742 5
0.990169 1 1
0.886982 0.000177125 12
0.888988 0.000186767 12
0.904672 0.00525796 8
0.944114 0.276541 3
0.86606 1.69237e-07 20
0.918643 0.0280513 6
0.910834 0.0121291 7
0.964853 0.582909 2
0.946986 0.285924 3
0.927708 0.0638577 5
0.855217 3.54683e-10 27
52 0 1 2 4 10 14 15 16 17 18 20 21 23 24 25 26 27 30 31 32 33 34 35 36 38 39 42 45 47 48 49 50 51 52 54 55 58 59 61 62 63 64 65 66 68 70 72 73 74 75 76 78 
47 0 1 2 4 10 14 15 16 17 18 20 21 23 24 25 26 27 30 31 32 33 34 35 38 39 45 48 49 50 51 52 54 55 58 59 61 62 63 64 65 66 68 72 73 74 75 76 
62 0 1 2 3 4 5 6 10 12 13 14 15 16 17 18 19 20 21 23 25 26 27 30 31 32 33 34 35 36 37 38 39 40 42 44 45 46 47 49 50 51 52 54 55 58 59 60 61 62 63 64 65 66 68 70 72 73 74 75 76 78 79 
58 0 1 2 4 5 6 10 13 14 15 16 17 18 20 21 23 25 26 27 30 31 32 33 34 35 36 38 39 40 42 44 45 47 48 49 50 51 52 54 55 58 59 60 61 62 63 64 65 66 68 70 72 73 74 75 76 78 79 
42 0 1 2 4 10 14 16 17 18 20 21 23 25 26 27 30 31 32 33 34 35 38 39 42 45 48 50 51 52 54 55 58 59 61 63 65 68 72 73 74 75 76 
47 0 1 2 4 10 14 16 17 18 20 21 23 25 26 27 30 31 32 33 34 35 36 38 39 42 45 47 50 51 52 54 55 58 59 61 62 63 65 66 68 70 72 73 74 75 76 78 
25 1 2 16 18 20 23 25 26 27 30 31 35 38 45 51 55 58 61 65 68 72 73 74 75 76 
33 0 2 10 16 17 18 20 21 23 25 26 27 30 31 34 35 38 45 50 51 52 54 55 58 59 61 65 68 72 73 74 75 76 
73 0 1 2 3 4 5 6 7 8 9 10 11 12 13 14 15 16 17 18 19 20 21 23 25 26 27 29 30 31 32 33 34 35 36 37 38 39 40 42 43 44 45 46 47 49 50 51 52 54 55 57 58 59 60 61 62 63 64 65 66 67 68 69 70 71 72 73 74 75 76 77 78 79 
60 0 1 2 4 5 10 11 13 14 15 16 17 18 20 21 23 24 25 26 27 28 30 31 32 33 34 35 36 38 39 40 41 42 44 45 47 48 49 50 51 52 54 55 56 58 59 61 62 63 64 65 66 68 70 72 73 74 75 76 78 
78 0 1 2 3 4 5 6 7 8 9 10 11 12 13 14 15 16 17 18 19 20 21 22 23 24 25 26 27 28 29 30 32 33 34 35 36 37 38 39 40 41 42 43 44 45 46 47 48 49 50 51 52 53 54 55 56 57 58 59 60 61 62 63 64 65 66 67 69 70 71 72 73 74 75 76 77 78 79 
50 0 2 4 5 6 10 14 16 17 18 20 21 23 25 26 27 30 31 33 34 35 36 38 40 42 44 45 47 50 51 52 54 55 58 59 60 61 62 63 65 66 68 70 72 73 74 75 76 78 79 
65 0 1 2 3 4 5 6 10 12 13 14 15 16 17 18 19 20 21 23 24 25 26 27 30 31 32 33 34 35 36 37 38 39 40 42 44 45 46 47 48 49 50 51 52 54 55 58 59 60 61 62 63 64 65 66 68 69 70 72 73 74 75 76 78 79 
32 0 1 2 10 16 18 20 21 23 25 26 27 30 31 34 35 38 45 50 51 54 55 58 59 61 65 68 72 73 74 75 76 
71 0 1 2 3 4 5 6 7 9 10 11 12 13 14 15 16 17 18 19 20 21 23 24 25 26 27 29 30 31 32 33 34 35 36 37 38 39 40 42 44 45 46 47 48 49 50 51 52 54 55 57 58 59 60 61 62 63 64 65 66 68 69 70 71 72 73 74 75 76 78 79 
