50 15 8e+06
2.78723 189986
1.64888 188995
1.46294 113785
2.09961 177771
2.8813 105135
1.12177 145516
1.67226 149158
1.50489 129903
2.45165 148731
2.14021 180347
2.52547 188951
1.43245 195884
1.68446 195071
2.06988 128433
1.05057 178266
1.64358 145794
1.1822 156256
1.2485 196445
1.34098 119464
1.39466 189117
1.60697 197610
2.96918 147925
1.06455 157961
2.15256 192853
2.53371 123020
1.39759 131209
1.73928 153623
1.73403 110657
1.5818 109692
1.23254 159867
1.38616 189547
1.28328 190053
1.16935 161490
2.05866 173741
2.629 109634
1.89542 180457
1.0913 112980
1.03159 157345
2.4453 145036
1.65156 172720
2.80353 183931
2.18927 197987
2.58706 177646
2.67883 137231
1.6423 110922
2.79574 138772
1.33824 183722
1.02005 161946
2.84581 124327
2.59936 193039
0.970891 0.618369 2
0.942268 0.151404 4
0.950002 0.297041 3
0.966072 0.589372 2
0.948997 0.293182 3
0.927415 0.0635314 5
0.938114 0.141191 4
0.964907 0.583188 2
0.946645 0.284752 3
0.897475 0.00103893 10
0.921665 0.0297463 6
0.984936 1 1
0.906561 0.00547418 8
0.886817 0.000176372 12
0.982438 0.717102 2
0.912617 0.0125715 7
0.915138 0.01326 7
0.907282 0.00556172 8
0.927366 0.0634778 5
0.891049 0.000197657 12
0.935122 0.134883 4
0.90347 0.00249239 9
0.936974 0.138693 4
0.897351 0.00103574 10
0.981076 0.702797 2
0.885086 3.63018e-05 14
0.922898 0.030506 6
0.879779 1.42251e-05 15
0.963212 0.574705 2
0.930691 0.0674293 5
0.925315 0.0321259 6
0.944114 0.156573 4
0.931244 0.0681445 5
0.939907 0.145376 4
0.912035 0.00621687 8
0.973413 0.636032 2
0.933256 0.0709021 5
0.944702 0.158309 4
0.921347 0.029557 6
0.939875 0.145299 4
0.918315 0.014249 7
0.925071 0.0319541 6
0.917939 0.0141242 7
0.95407 0.314433 3
0.925845 0.032506 6
0.901443 0.00115111 10
0.926789 0.0628478 5
0.921293 0.0295247 6
0.90175 0.00239262 9
0.915576 0.0133878 7
0.920335 0.0289722 6
0.932976 0.0705027 5
0.895649 0.000473449 11
0.922527 0.0302729 6
0.850132 9.97745e-12 0
0.947052 0.286152 3
0.886212 3.76029e-05 14
0.964413 0.580658 2
0.864882 1.4301e-08 23
0.877942 2.81006e-06 17
0.897847 0.0206814 6
0.926615 0.237431 3
0.914338 0.106886 4
0.905945 0.0476747 5
0.899436 0.021066 6
0.941099 0.503404 2
0.924104 0.233604 3
0.904553 0.0470186 5
0.909251 0.049361 5
0.884992 0.0037654 8
0.923851 0.233237 3
0.888441 0.00395532 8
0.935778 0.254681 3
0.905835 0.0476218 5
0.884107 0.00372002 8
0.928176 0.0342934 6
0.957462 0.331403 3
0.944027 0.156321 4
0.936935 0.0766452 5
0.926945 0.033325 6
0.971572 0.622954 2
0.952706 0.308269 3
0.935193 0.073804 5
0.937338 0.0773351 5
0.901628 0.00115686 10
0.946382 0.16353 4
0.918829 0.0144236 7
0.952277 0.306402 3
0.916686 0.0137236 7
0.914107 0.00655193 8
0.920895 0.113483 4
0.939661 0.500508 2
0.926788 0.237706 3
0.935486 0.254038 3
0.907666 0.0485288 5
0.968915 1 1
0.928956 0.24131 3
0.940464 0.502106 2
0.916967 0.10935 4
0.941458 0.504149 2
0.914398 0.106939 4
0.920935 0.113527 4
0.914538 0.107066 4
0.957558 0.550276 2
0.922014 0.114771 4
0.934811 0.252575 3
0.963764 0.577403 2
0.954702 0.539883 2
0.937915 0.259626 3
0.942373 0.271364 3
0.957384 0.549607 2
0.966541 0.591951 2
0.932406 0.129805 4
0.952043 0.531201 2
0.882373 0.000344605 11
0.969335 0.608367 2
0.920777 0.0571313 5
0.978261 1 1
0.894128 0.00432227 8
0.913127 0.0516067 5
0.927893 0.239509 3
0.952147 0.531525 2
0.938217 0.497741 2
0.940609 0.5024 2
0.919135 0.111559 4
0.980236 1 1
0.942901 0.507248 2
0.942607 0.506603 2
0.929164 0.24167 3
0.923482 0.232706 3
0.930524 0.244095 3
0.923608 0.232886 3
0.932324 0.247492 3
0.93874 0.498727 2
0.921876 0.230469 3
0.940303 0.501782 2
0.952696 0.533251 2
0.941874 0.505026 2
0.955964 0.544328 2
0.923064 0.232113 3
0.976154 1 1
0.940631 0.502444 2
0.9625 1 1
0.931392 0.245706 3
0.942997 0.507459 2
0.922612 0.23148 3
0.94272 0.506849 2
0.918257 0.225833 3
0.947191 0.517475 2
0.944487 0.510843 2
0.984561 1 1
0.974218 1 1
0.988506 1 1
0.973183 1 1
0.986814 1 1
0.946295 0.515204 2
0.977275 1 1
0.962811 1 1
0.989218 1 1
0.886206 0.00837124 7
0.963036 1 1
0.965669 1 1
0.946697 0.516214 2
0.885367 0.00829107 7
0.954178 0.538101 2
0.930572 0.126681 4
0.918906 0.0556228 5
0.91699 0.0541905 5
0.94112 0.267853 3
0.905744 0.0110381 7
0.925397 0.119014 4
0.908806 0.023829 6
0.950536 0.29916 3
0.908676 0.0237837 6
0.943539 0.27479 3
0.889402 0.000864538 10
0.946925 0.285712 3
0.879221 6.6949e-05 13
0.923097 0.0591688 5
0.95826 0.553016 2
0.964563 1 1
0.990372 1 1
0.985086 1 1
0.965189 1 1
0.968656 1 1
0.963113 1 1
0.99527 1 1
0.957271 0.549176 2
0.979534 1 1
0.891038 0.0192359 6
0.976136 1 1
0.949037 0.522403 2
0.965367 1 1
0.895934 0.0435376 5
0.939975 0.501127 2
0.970815 1 1
0.997004 1 1
0.988188 1 1
0.97361 1 1
0.968205 1 1
0.966868 1 1
0.988953 1 1
0.965845 1 1
0.978566 1 1
0.897489 0.0441016 5
0.967939 1 1
0.956626 0.546755 2
0.956839 0.547546 2
0.900882 0.0454241 5
0.947985 0.519554 2
0.869078 0.000119191 12
0.888161 0.00856586 7
0.875471 0.000669052 10
0.882979 0.00366396 8
0.857443 7.97719e-06 15
0.915778 0.108208 4
0.879047 0.00157076 9
0.88834 0.00858436 7
0.866583 0.000113747 12
0.927909 0.239535 3
0.868214 0.000117255 12
0.87009 0.000273161 11
0.872576 0.000285288 11
0.956363 0.545784 2
0.872574 0.000285275 11
0.953399 0.535518 2
0.935912 0.25498 3
0.937012 0.257487 3
0.961198 0.565357 2
0.927952 0.122604 4
0.93403 0.250927 3
0.927198 0.121506 4
0.968747 0.604749 2
0.929661 0.242542 3
0.924885 0.118337 4
0.907934 0.0486663 5
0.97122 0.620566 2
0.895755 0.00944734 7
0.910367 0.0499759 5
0.983191 1 1
0.955642 0.543173 2
0.954524 0.539275 2
0.949027 0.522375 2
0.971222 1 1
0.933015 0.248857 3
0.962481 0.571221 2
0.942983 0.507428 2
0.981172 1 1
0.938977 0.49918 2
0.93694 0.495406 2
0.922903 0.231886 3
0.963662 0.576898 2
0.914025 0.106607 4
0.931135 0.245223 3
0.967675 1 1
0.883703 0.00168771 9
0.890775 0.00884507 7
0.881245 0.00162377 9
0.898445 0.0208238 6
0.86433 2.11866e-05 14
0.914939 0.107429 4
0.879482 0.000715722 10
0.907228 0.0483067 5
0.871422 0.000124731 12
0.982561 1 1
0.862944 2.05566e-05 14
0.892224 0.00901011 7
0.860568 8.55884e-06 15
0.978218 1 1
0.899258 0.021022 6
0.916648 0.0539465 5
0.943772 0.275496 3
0.936715 0.2568 3
0.918274 0.0551385 5
0.928141 0.122884 4
0.938177 0.260261 3
0.948686 0.292019 3
0.912515 0.0512309 5
0.93638 0.256033 3
0.866025 4.32125e-06 16
0.959227 0.556915 2
0.901924 0.010357 7
0.976052 1 1
0.879957 0.000149385 12
0.893977 0.00431147 8
0.914677 0.0131282 7
0.94188 0.150371 4
0.928112 0.0643151 5
0.92555 0.0615487 5
0.910356 0.00596871 8
0.96432 0.580183 2
0.935426 0.135488 4
0.926078 0.0620938 5
0.920579 0.029111 6
0.909465 0.00584467 8
0.928005 0.0641929 5
0.908112 0.00566596 8
0.934358 0.133397 4
0.928714 0.0650107 5
0.905317 0.00260875 9
0.878957 0.000321482 11
0.888925 0.00184319 9
0.878476 0.000318457 11
0.893794 0.00429854 8
0.86105 1.6681e-06 17
0.914685 0.0526031 5
0.877885 0.000314818 11
0.901979 0.0217264 6
0.868699 2.33904e-05 14
0.970221 0.61398 2
0.862346 1.72846e-06 17
0.885889 0.00174929 9
0.861418 1.68493e-06 17
0.983583 1 1
0.891981 0.00417483 8
0.926567 0.237354 3
0.956331 0.545665 2
0.943595 0.508796 2
0.934139 0.490621 2
0.927546 0.238935 3
0.966314 1 1
0.953257 0.535054 2
0.931581 0.486617 2
0.937833 0.497029 2
0.895651 0.0434375 5
0.949425 0.523482 2
0.916096 0.223303 3
0.957019 0.548223 2
0.910744 0.103849 4
0.910735 0.103841 4
0.918699 0.0143788 7
0.926257 0.0328074 6
0.916676 0.0137207 7
0.934161 0.0722265 5
0.899082 0.000521752 11
0.949477 0.174242 4
0.914447 0.00661023 8
0.942878 0.153067 4
0.906463 0.0026863 9
0.970147 0.613505 2
0.896679 0.000487097 11
0.925874 0.0325265 6
0.892737 0.00020742 12
0.968893 0.605643 2
0.931523 0.0685115 5
0.850205 2.31008e-11 30
0.871313 1.01379e-06 18
0.858534 4.8581e-09 24
0.863207 6.77806e-08 21
0.841146 6.45971e-12 0
0.897524 0.00217792 9
0.863476 6.84568e-08 21
0.867579 4.00123e-07 19
0.850414 2.33378e-11 30
0.903287 0.00511044 8
0.855258 8.12815e-10 26
0.849577 2.24059e-11 30
0.861945 2.86141e-08 22
0.930729 0.12694 4
0.851151 5.57364e-11 29
0.896457 0.00449618 8
0.898954 0.00989317 7
0.891035 0.00191504 9
0.910826 0.0245631 6
0.87509 6.05837e-05 13
0.919771 0.0563067 5
0.887474 0.000831009 10
0.920333 0.0567634 5
0.88127 0.000336805 11
0.994753 1 1
0.869588 1.06638e-05 15
0.9072 0.0232849 6
0.864939 1.85936e-06 17
0.964982 0.583581 2
0.91549 0.0531417 5
0.901833 0.00496476 8
0.917263 0.0273487 6
0.90522 0.00531883 8
0.916817 0.0271308 6
0.88666 0.00017566 12
0.945403 0.280616 3
0.906456 0.011177 7
0.923447 0.0594941 5
0.895391 0.00208367 9
0.956006 0.323818 3
0.891839 0.000910916 10
0.904886 0.00528161 8
0.89218 0.000917802 10
0.980301 0.695014 2
0.908267 0.0115496 7
0.98831 1 1
0.974033 1 1
0.987368 1 1
0.976465 1 1
0.983498 1 1
0.94722 0.517551 2
0.975282 1 1
0.966097 0.58951 2
0.98562 1 1
0.888868 0.00398039 8
0.959809 0.559339 2
0.969355 1 1
0.943807 0.509277 2
0.887404 0.00389589 8
0.957847 0.551393 2
0.898822 0.000250384 12
0.927645 0.0338686 6
0.917307 0.00714126 8
0.904144 0.00124075 10
0.905214 0.00127976 10
0.934081 0.0721071 5
0.928413 0.0344867 6
0.900807 0.000549356 11
0.91437 0.00659701 8
0.870437 1.8283e-08 23
0.93343 0.0711525 5
0.886873 1.79659e-05 15
0.948286 0.16994 4
0.889102 1.94623e-05 15
0.880892 1.44423e-06 18
0.980498 0.696968 2
0.957328 0.549392 2
0.962021 0.569082 2
0.983336 1 1
0.954357 0.315778 3
0.944727 0.278453 3
0.950805 0.300244 3
0.982782 1 1
0.955617 0.32187 3
0.908313 0.0115595 7
0.932062 0.129201 4
0.99633 1 1
0.918203 0.0278229 6
0.900518 0.00484042 8
0.988188 1 1
0.941664 0.504582 2
0.954831 0.540326 2
0.943798 0.509256 2
0.957231 0.549025 2
0.924856 0.234716 3
0.978473 1 1
0.942767 0.506954 2
0.963349 1 1
0.933312 0.249454 3
0.940732 0.50265 2
0.924796 0.234626 3
0.943431 0.508427 2
0.920478 0.228615 3
0.945342 0.512869 2
0.944727 0.511405 2
0.917679 0.027556 6
0.946344 0.283728 3
0.932955 0.130786 4
0.927064 0.0631461 5
0.91605 0.0267652 6
0.963826 0.577713 2
0.941516 0.268944 3
0.926182 0.0622029 5
0.926315 0.0623434 5
0.901398 0.00492286 8
0.936259 0.137186 4
0.90923 0.0117596 7
0.943905 0.275902 3
0.919266 0.0283825 6
0.90524 0.00532112 8
0.89218 0.000204112 12
0.897143 0.000493477 11
0.888334 8.58603e-05 13
0.906849 0.00271342 9
0.871788 2.10003e-07 20
0.919824 0.0286865 6
0.885686 3.6986e-05 14
0.916019 0.0135199 7
0.878483 2.86451e-06 17
0.994734 1 1
0.868383 3.70809e-08 22
0.901711 0.00115949 10
0.864827 6.35903e-09 24
0.973523 0.636841 2
0.909294 0.00582152 8
0.965209 1 1
0.970458 1 1
0.980872 1 1
0.956425 0.546009 2
0.986289 1 1
0.941376 0.503979 2
0.98163 1 1
0.946463 0.515623 2
0.990642 1 1
0.874063 0.00146301 9
0.98019 1 1
0.946702 0.516226 2
0.962516 0.571387 2
0.876564 0.00151508 9
0.935549 0.492974 2
0.912737 0.0253144 6
0.936363 0.137404 4
0.922634 0.0587468 5
0.92573 0.0617336 5
0.903922 0.0107003 7
0.964161 0.579385 2
0.927601 0.12209 4
0.928615 0.123597 4
0.913837 0.025774 6
0.925458 0.0614551 5
0.916689 0.0270687 6
0.909539 0.0118288 7
0.920428 0.0568412 5
0.945982 0.28252 3
0.908831 0.0116715 7
0.959434 0.557771 2
0.988705 1 1
0.979148 1 1
0.962002 1 1
0.962581 1 1
0.966937 1 1
0.98931 1 1
0.955108 0.541291 2
0.973371 1 1
0.892764 0.0195746 6
0.974636 1 1
0.944953 0.51194 2
0.967171 1 1
0.899061 0.0446977 5
0.936579 0.494764 2
0.899892 0.00478362 8
0.918706 0.0554685 5
0.90586 0.0110604 7
0.914297 0.0259724 6
0.887164 0.000382805 11
0.947431 0.287477 3
0.908682 0.0116389 7
0.91968 0.0562337 5
0.896413 0.00212775 9
0.942922 0.272956 3
0.895781 0.00210027 9
0.900693 0.0048566 8
0.897976 0.00219904 9
0.968407 0.6027 2
0.902694 0.00504997 8
0.923885 0.233285 3
0.931012 0.244994 3
0.921632 0.23014 3
0.93943 0.500055 2
0.904049 0.0467887 5
0.953425 0.535601 2
0.919122 0.226893 3
0.9482 0.520126 2
0.911374 0.104356 4
0.965736 1 1
0.901045 0.0454913 5
0.931002 0.244974 3
0.896614 0.0203964 6
0.963731 1 1
0.936466 0.494564 2
0.940971 0.267446 3
0.960998 0.564467 2
0.947957 0.289352 3
0.955063 0.319151 3
0.928399 0.0646439 5
0.990197 1 1
0.949715 0.295924 3
0.958222 0.552865 2
0.937878 0.140664 4
0.929773 0.125393 4
0.933543 0.131862 4
0.938581 0.14225 4
0.93126 0.127827 4
0.938933 0.143062 4
0.937466 0.139756 4
0.9492 0.293948 3
0.932546 0.130052 4
0.933175 0.131186 4
0.957433 0.549795 2
0.923847 0.117002 4
0.9321 0.129268 4
0.923591 0.116681 4
0.965419 0.585871 2
0.925689 0.119406 4
0.927613 0.122106 4
0.904292 0.0107669 7
0.966868 0.593773 2
0.892398 0.00196466 9
0.911993 0.025015 6
0.978783 1 1
0.967729 0.598698 2
0.97272 0.630993 2
0.983643 1 1
0.959163 0.556654 2
0.987131 1 1
0.943406 0.27439 3
0.983367 1 1
0.949177 0.293861 3
0.993374 1 1
0.876447 6.2556e-05 13
0.978788 1 1
0.9492 0.293948 3
0.961317 0.565889 2
0.878713 6.61057e-05 13
0.938077 0.260017 3
0.85805 4.04412e-10 27
0.880399 1.45012e-05 15
0.867425 7.95615e-08 21
0.870743 4.47481e-07 19
0.850057 9.93958e-12 0
0.906256 0.00543812 8
0.872949 1.07269e-06 18
0.874538 1.13485e-06 18
0.859504 9.82392e-10 26
0.903271 0.0024804 9
0.86542 3.28102e-08 22
0.856367 1.63916e-10 28
0.872696 4.80846e-07 19
0.931231 0.0681277 5
0.857233 3.89202e-10 27
0.865117 2.1558e-05 14
0.888274 0.00394562 8
0.875169 0.000299031 11
0.8776 0.000693046 10
0.857787 1.5293e-06 17
0.913878 0.0520801 5
0.88105 0.00161891 9
0.880993 0.00161748 9
0.867356 5.11143e-05 13
0.904362 0.022401 6
0.873869 0.000291993 11
0.862722 8.99853e-06 15
0.881422 0.00162821 9
0.932296 0.247437 3
0.863094 9.07804e-06 15
0.8884 0.0018262 9
0.898923 0.00988857 7
0.888289 0.00182265 9
0.903413 0.0106103 7
0.870606 2.44722e-05 14
0.924963 0.118439 4
0.88777 0.00180623 9
0.911501 0.0506259 5
0.87841 0.0001443 12
0.973258 0.634888 2
0.872037 2.53387e-05 14
0.894854 0.00437482 8
0.870938 2.46687e-05 14
0.993972 1 1
0.90056 0.0101374 7
0.942991 0.153379 4
0.971448 0.622111 2
0.963258 0.574926 2
0.945189 0.159783 4
0.950847 0.300415 3
0.959607 0.343479 3
0.975304 0.650559 2
0.938955 0.143113 4
0.960695 0.350041 3
0.883932 3.50417e-05 14
0.976175 0.657641 2
0.928329 0.0645633 5
0.979711 0.689261 2
0.89379 0.000450455 11
0.920183 0.0288864 6
0.880476 0.000728295 10
0.906721 0.0480534 5
0.893557 0.00916911 7
0.891387 0.00413606 8
0.876879 0.000308791 11
0.929126 0.241604 3
0.901221 0.0215234 6
0.89277 0.00907438 7
0.886725 0.00385812 8
0.896081 0.00949056 7
0.896778 0.00958436 7
0.874912 0.000297615 11
0.90629 0.0478418 5
0.921602 0.114291 4
0.873164 0.000129147 12
0.936701 0.0762502 5
0.941971 0.150612 4
0.933456 0.0711889 5
0.952415 0.306997 3
0.916092 0.00690643 8
0.960889 0.351238 3
0.929952 0.0357951 6
0.961424 0.354612 3
0.923133 0.0306555 6
0.954383 0.315898 3
0.911031 0.00304232 9
0.943837 0.155772 4
0.90511 0.00127587 10
0.950724 0.178997 4
0.948806 0.171788 4
0.881769 1.49631e-06 18
0.891162 4.431e-05 14
0.880886 1.44386e-06 18
0.896634 0.000233363 12
0.863519 2.35506e-10 28
0.916635 0.00700964 8
0.880029 1.39552e-06 18
0.904957 0.00127019 10
0.87107 1.8828e-08 23
0.974039 0.640714 2
0.864205 5.47507e-10 27
0.889 1.93894e-05 15
0.862903 2.27952e-10 28
0.984819 0.744196 2
0.895253 0.000107042 13
0.969368 0.608572 2
0.974452 0.643865 2
0.968259 0.60182 2
0.985111 0.747703 2
0.950373 0.298508 3
0.972474 0.629236 2
0.962769 0.363436 3
0.987268 0.775078 2
0.957656 0.332449 3
0.919981 0.01483 7
0.942258 0.151379 4
0.96811 0.600932 2
0.932651 0.0700458 5
0.919183 0.0145458 7
0.964948 0.37887 3
0.877852 0.000695997 10
0.903773 0.0466641 5
0.890605 0.00882617 7
0.888957 0.00398561 8
0.873851 0.000291894 11
0.926624 0.237445 3
0.898082 0.020737 6
0.890583 0.00882374 7
0.883667 0.00168674 9
0.896454 0.0203603 6
0.89338 0.0091476 7
0.87265 0.000285661 11
0.902736 0.0219345 6
0.922422 0.115254 4
0.871152 0.000124069 12
0.934278 0.251444 3
0.959593 0.558435 2
0.945497 0.513243 2
0.946382 0.515421 2
0.926358 0.120322 4
0.986423 1 1
0.950451 0.526415 2
0.947397 0.518008 2
0.936512 0.256335 3
0.919489 0.111935 4
0.937786 0.259315 3
0.928808 0.241055 3
0.938873 0.261979 3
0.932734 0.248299 3
0.926185 0.120083 4
45 1 2 3 4 5 6 7 8 9 10 12 13 14 16 17 18 19 20 21 22 23 24 25 26 27 29 30 31 32 33 34 35 36 37 39 40 41 42 43 44 45 46 47 48 49 
37 1 2 3 4 5 6 7 8 9 14 17 18 19 20 21 22 23 24 25 27 29 30 31 33 34 35 36 37 40 41 42 43 44 45 46 48 49 
38 2 3 4 5 6 7 8 9 12 13 14 17 18 19 20 21 22 23 25 27 29 30 31 32 33 34 35 36 37 39 40 41 42 43 44 46 48 49 
42 1 2 3 4 5 6 7 8 9 11 14 15 16 17 18 19 20 21 22 23 24 25 27 29 30 31 33 34 35 36 37 38 40 41 42 43 44 45 46 47 48 49 
47 1 2 3 4 5 6 7 8 9 10 11 12 13 14 15 16 17 18 19 20 21 22 24 25 26 27 28 29 30 31 32 33 34 35 36 37 38 39 41 42 43 44 45 46 47 48 49 
28 2 3 4 5 6 7 8 14 17 18 19 20 21 23 25 27 30 33 35 37 40 41 42 43 44 46 48 49 
45 1 2 3 4 5 6 7 8 9 11 12 13 14 15 16 17 18 19 20 21 22 23 24 25 27 28 29 30 31 33 34 35 36 37 38 40 41 42 43 44 45 46 47 48 49 
40 1 2 3 4 5 6 7 8 9 11 14 16 17 18 19 20 21 22 23 24 25 27 29 30 31 33 34 35 36 37 40 41 42 43 44 45 46 47 48 49 
44 1 2 3 4 5 6 7 8 9 11 12 13 14 16 17 18 19 20 21 22 23 24 25 27 29 30 31 33 34 35 36 37 38 39 40 41 42 43 44 45 46 47 48 49 
24 2 4 5 6 8 14 17 19 20 21 23 25 27 30 31 33 35 40 41 42 44 46 48 49 
27 2 3 4 5 6 7 8 14 18 19 20 21 23 25 27 30 33 35 37 40 41 42 43 44 46 48 49 
46 1 2 3 4 5 6 7 8 9 10 12 13 14 16 17 18 19 20 21 22 23 24 25 26 27 28 29 30 31 32 33 34 35 36 37 39 40 41 42 43 44 45 46 47 48 49 
48 0 1 2 3 4 5 6 7 8 9 10 11 12 13 14 15 16 17 18 19 20 21 22 23 24 25 26 27 28 29 30 31 33 34 35 36 37 38 40 41 42 43 44 45 46 47 48 49 
23 2 3 4 5 6 7 8 14 18 19 21 23 25 27 30 33 35 40 41 43 44 48 49 
49 1 2 3 4 5 6 7 8 9 10 11 12 13 14 15 16 17 18 19 20 21 22 23 24 25 26 27 28 29 30 31 32 33 34 35 36 37 38 39 40 41 42 43 44 45 46 47 48 49 
