80 15 6e+06
2.06341 197766
2.08646 138231
2.82784 128548
2.7806 153651
2.77395 184581
2.77458 143653
3.41752 140211
1.5374 178769
1.20537 117795
1.52036 143724
2.55123 143740
2.63998 143958
1.68504 114133
2.51984 127617
1.96079 197826
2.54285 121466
2.27977 119086
4.8275 144553
1.45565 190728
1.97124 121289
1.13728 182751
4.77392 165722
1.08424 152767
2.20031 104653
1.00695 177815
3.0495 178382
4.62716 118539
1.15628 171768
1.62334 152004
3.42478 150709
1.2533 157514
3.28549 133689
3.48605 140000
1.084 126882
2.16783 125731
5.99506 166194
2.71925 146670
1.48762 186837
3.40686 179788
2.03588 135582
1.18849 199349
2.39766 139383
1.08011 179900
1.56241 105206
1.01913 109161
1.7161 138455
1.44994 156970
5.83625 122803
1.07597 155826
1.50849 102162
1.25074 115573
2.03658 182363
2.44753 175918
1.30947 170167
1.49921 138385
5.22099 166220
1.25752 196585
5.11444 186172
5.51849 197369
1.62948 157236
4.75454 112399
3.60641 163725
2.20354 141002
1.15563 194541
1.49926 165699
1.02051 105709
2.67121 135200
2.13951 170574
2.36378 169358
1.81043 148836
4.87577 162747
1.1535 151104
5.47972 188225
2.91472 156575
2.13149 176104
3.19141 107506
2.00932 171613
1.4865 178877
1.38121 149622
2.30382 142222
0.933384 0.0710856 5
0.891881 9.57729e-05 13
0.88003 3.02907e-06 17
0.946071 0.162533 4
0.965453 0.382662 3
0.892568 9.79078e-05 13
0.8896 4.20016e-05 14
0.86425 2.76061e-09 25
0.97021 0.613914 2
0.861832 4.85668e-10 27
0.873103 2.21299e-07 20
0.905745 0.00263724 9
0.982874 0.721858 2
0.950057 0.29726 3
0.898283 0.000509777 11
0.87029 4.02391e-08 22
0.92305 0.0306025 6
0.9939 1 1
0.934516 0.0727602 5
0.88548 1.7119e-05 15
0.881024 3.14232e-06 17
0.860374 1.99947e-10 28
0.853919 1.21436e-11 0
0.866606 6.8928e-09 24
0.945934 0.162101 4
0.951533 0.303243 3
0.965219 0.380893 3
0.896415 0.000231763 12
0.919997 0.0148358 7
0.901614 0.00115644 10
0.939003 0.143226 4
0.934633 0.133927 4
0.91781 0.0276224 6
0.979203 0.684425 2
0.96104 0.352182 3
0.922075 0.0299944 6
0.909878 0.00590155 8
0.88995 0.000191715 12
0.939735 0.14496 4
0.904787 0.00257435 9
0.916653 0.0137136 7
0.948984 0.293133 3
0.957309 0.330583 3
0.995195 1 1
0.935006 0.134654 4
0.950087 0.176535 4
0.965366 0.381997 3
0.904273 0.00124535 10
0.934717 0.0730671 5
0.941899 0.150421 4
0.968992 0.606248 2
0.950053 0.176403 4
0.935128 0.0737028 5
0.917703 0.0140469 7
0.916332 0.0136146 7
0.926656 0.0331056 6
0.937514 0.077642 5
0.913351 0.00642576 8
0.955023 0.318958 3
0.982144 0.713936 2
0.947866 0.289026 3
0.931309 0.127909 4
0.908557 0.0116119 7
0.970107 0.61325 2
0.970983 0.618982 2
0.925124 0.0611173 5
0.915216 0.0263808 6
0.89338 0.000942829 10
0.948595 0.291683 3
0.89782 0.00219173 9
0.909596 0.0118417 7
0.940087 0.265087 3
0.9592 0.556805 2
0.990705 1 1
0.935523 0.135684 4
0.890691 0.000888485 10
0.970133 0.613418 2
0.940224 0.265448 3
0.916572 0.0270125 6
0.890831 0.000891172 10
0.924034 0.0600488 5
0.900073 0.00479992 8
0.902523 0.00503276 8
0.867585 2.00882e-06 17
0.976505 0.660398 2
0.98294 1 1
0.954405 0.538869 2
0.879875 6.80609e-05 13
0.920072 0.05655 5
0.9443 0.277115 3
0.912781 0.0253325 6
0.904678 0.0108374 7
0.913345 0.0255659 6
0.975505 0.652169 2
0.942616 0.272064 3
0.888941 0.000856282 10
0.87841 0.000144299 12
0.858057 1.28836e-07 20
0.933222 0.13127 4
0.886263 0.000811222 10
0.897268 0.00456061 8
0.933648 0.132055 4
0.974938 0.64765 2
0.959408 0.557663 2
0.901689 0.0103183 7
0.920503 0.113043 4
0.99198 1 1
0.927886 0.239497 3
0.934287 0.251463 3
0.919018 0.111435 4
0.949152 0.522722 2
0.925485 0.235668 3
0.920751 0.113321 4
0.894854 0.00933072 7
0.94636 0.515367 2
0.95679 0.547363 2
0.957549 0.550242 2
0.901696 0.0216501 6
0.945087 0.512258 2
0.971543 1 1
0.923261 0.116272 4
0.928713 0.240892 3
0.858229 3.5422e-06 16
0.877743 0.000694719 10
0.89755 0.0206116 6
0.968918 1 1
0.969969 1 1
0.995715 1 1
0.879355 0.00157797 9
0.885495 0.00379181 8
0.891126 0.00888439 7
0.886079 0.00382297 8
0.862146 2.02072e-05 14
0.897787 0.0206672 6
0.949944 0.524953 2
0.939276 0.143866 4
0.872727 5.22294e-06 16
0.84734 2.01314e-11 30
0.910486 0.0120468 7
0.955306 0.320338 3
0.887759 0.0003881 11
0.893328 0.000941701 10
0.865249 3.69726e-07 19
0.980905 1 1
0.836097 5.13997e-12 0
0.847009 1.98194e-11 30
0.875158 1.24063e-05 15
0.942339 0.271265 3
0.922027 0.0582055 5
0.886069 0.000173022 12
0.991218 1 1
0.918697 0.111099 4
0.873282 0.000288914 11
0.927038 0.238108 3
0.974452 1 1
0.940786 0.502761 2
0.944042 0.509813 2
0.915394 0.107849 4
0.957997 0.551979 2
0.874285 0.000656384 10
0.88503 0.00376739 8
0.905929 0.0476667 5
0.931334 0.245595 3
0.949518 0.523744 2
0.937042 0.257557 3
0.936692 0.0762358 5
0.93905 0.0804178 5
0.868591 1.68116e-08 23
0.891875 9.57533e-05 13
0.911951 0.00620398 8
0.984403 0.739256 2
0.979565 0.687862 2
0.979961 0.691682 2
0.892756 9.85055e-05 13
0.892525 9.77742e-05 13
0.899414 0.000526877 11
0.898043 0.000506256 11
0.876393 5.54568e-07 19
0.912518 0.00629197 8
0.963007 0.36505 3
0.927037 0.0631168 5
0.973909 0.639732 2
0.899992 0.00229838 9
0.912119 0.0124444 7
0.913976 0.0129328 7
0.973975 0.640227 2
0.9488 0.292443 3
0.949571 0.295368 3
0.890873 0.000196688 12
0.925944 0.0619545 5
0.93332 0.13145 4
0.928303 0.0645334 5
0.886796 8.20751e-05 13
0.92872 0.0650169 5
0.987619 1 1
0.938523 0.0794434 5
0.937066 0.0768688 5
0.919592 0.0146902 7
0.979081 0.683281 2
0.959335 0.341881 3
0.923494 0.016219 7
0.910707 0.00301431 9
0.891253 4.44513e-05 14
0.937602 0.077795 5
0.907183 0.00135734 10
0.919083 0.0145112 7
0.951203 0.1809 4
0.954791 0.317841 3
0.995885 1 1
0.936927 0.076632 5
0.935383 0.253812 3
0.93048 0.126532 4
0.918263 0.0551302 5
0.983087 1 1
0.959464 0.557896 2
0.917074 0.0542515 5
0.905134 0.0109223 7
0.885131 0.000793557 10
0.939764 0.264245 3
0.90272 0.0104905 7
0.91452 0.0524949 5
0.948112 0.289913 3
0.961277 0.565708 2
0.989807 1 1
0.930051 0.125836 4
0.942843 0.50712 2
0.900661 0.021377 6
0.883953 0.00371226 8
0.950192 0.525665 2
0.975739 1 1
0.902504 0.0461058 5
0.899268 0.0210244 6
0.873821 0.000651552 10
0.973591 1 1
0.868454 0.000117787 12
0.879848 0.00158963 9
0.911551 0.1045 4
0.97795 1 1
0.958318 0.553244 2
0.90801 0.0487053 5
0.941744 0.269579 3
0.893337 0.00200044 9
0.875686 2.77928e-05 14
0.941383 0.268575 3
0.972734 0.631094 2
0.897926 0.0046143 8
0.896593 0.00450688 8
0.870366 4.87461e-06 16
0.980253 1 1
0.860461 1.39402e-07 20
0.871753 1.12919e-05 15
0.902968 0.0105329 7
0.973274 0.635009 2
0.949639 0.295628 3
0.901925 0.0103572 7
0.886257 0.0038326 8
0.88784 0.00392061 8
0.916131 0.108542 4
0.955919 0.544168 2
0.91531 0.107771 4
0.866172 4.98848e-05 13
0.854208 1.39552e-06 17
0.83586 1.60245e-10 27
0.908432 0.0489254 5
0.879994 0.00159314 9
0.889708 0.00872836 7
0.925199 0.235233 3
0.951952 0.53092 2
0.934263 0.251413 3
0.8806 0.00160782 9
0.951144 0.528462 2
0.957656 0.550653 2
0.890492 0.00407913 8
0.9189 0.111311 4
0.933985 0.250833 3
0.985762 1 1
0.965746 0.587616 2
0.951281 0.528873 2
0.911607 0.0506882 5
0.907568 0.0484787 5
0.916653 0.109043 4
0.922432 0.115267 4
0.900967 0.0214567 6
0.939883 0.264554 3
0.983704 1 1
0.982749 1 1
0.933035 0.248898 3
0.879584 0.00350622 8
0.925723 0.236033 3
0.960862 0.563868 2
0.958623 0.554462 2
0.958558 0.554202 2
0.931144 0.245239 3
0.940734 0.502655 2
0.886007 0.00835205 7
0.896367 0.0203406 6
0.912817 0.105557 4
0.920716 0.228924 3
0.949361 0.523302 2
0.953883 0.537112 2
0.914296 0.106848 4
0.942086 0.505479 2
0.94623 0.515041 2
0.979097 1 1
0.93224 0.247329 3
0.912585 0.10536 4
0.895144 0.00936785 7
0.881155 0.00162152 9
0.911851 0.0508322 5
0.926972 0.238002 3
0.938689 0.261519 3
0.976045 1 1
0.937547 0.258744 3
0.968501 1 1
0.930963 0.244903 3
0.942162 0.15112 4
0.870567 4.4464e-07 19
0.840699 6.32764e-12 0
0.902571 0.00243924 9
0.951169 0.30173 3
0.889616 0.000189974 12
0.89759 0.0010419 10
0.869163 1.89775e-07 20
0.974046 0.640765 2
0.832076 4.31205e-12 0
0.842836 6.989e-12 0
0.869301 1.90762e-07 20
0.931697 0.068744 5
0.916141 0.0135568 7
0.88577 7.97047e-05 13
0.891256 0.000899399 10
0.96935 0.60846 2
0.944735 0.278478 3
0.920347 0.0567747 5
0.892715 0.00197659 9
0.922417 0.0585517 5
0.898582 0.00466929 8
0.899782 0.00477376 8
0.869541 4.76127e-06 16
0.977529 0.669199 2
0.986421 1 1
0.95905 0.556191 2
0.883084 0.000160707 12
0.92286 0.0589516 5
0.943175 0.273705 3
0.974116 0.641294 2
0.921025 0.0573402 5
0.883997 7.58665e-05 13
0.942126 0.270656 3
0.989145 1 1
0.932996 0.13086 4
0.931163 0.127663 4
0.904499 0.00523902 8
0.96488 0.583051 2
0.87999 3.12323e-05 14
0.891237 0.000421978 11
0.916237 0.0268529 6
0.947 0.285972 3
0.963605 0.576622 2
0.934761 0.134175 4
0.917214 0.0543524 5
0.936687 0.256735 3
0.940019 0.26491 3
0.987115 1 1
0.937515 0.258668 3
0.910775 0.0502067 5
0.894695 0.00436316 8
0.879076 0.000322241 11
0.917995 0.0549284 5
0.91944 0.111883 4
0.931089 0.245137 3
0.96814 0.601112 2
0.945208 0.279985 3
0.973006 0.633054 2
0.927978 0.122642 4
0.895239 0.000223483 12
0.969266 0.607938 2
0.951148 0.180679 4
0.929329 0.0352542 6
0.898997 0.000520454 11
0.921977 0.0155897 7
0.898529 0.000513409 11
0.897034 0.000236325 12
0.875919 2.48522e-07 20
0.972936 0.632544 2
0.985184 0.748598 2
0.968761 0.604838 2
0.891284 4.44985e-05 14
0.930556 0.036336 6
0.943463 0.154702 4
0.915255 0.0263983 6
0.905175 0.00531383 8
0.911662 0.0123302 7
0.975329 0.650753 2
0.945342 0.28042 3
0.890501 0.000414369 11
0.880333 3.15365e-05 14
0.859636 5.08418e-09 24
0.936004 0.136661 4
0.885558 0.000170799 12
0.896647 0.00101804 10
0.932849 0.130595 4
0.977402 0.668087 2
0.96096 0.564303 2
0.902876 0.00506834 8
0.903539 0.0106323 7
0.921573 0.0578085 5
0.942498 0.271722 3
0.982134 1 1
0.927103 0.121371 4
0.894341 0.00433751 8
0.878831 0.000145652 12
0.863217 7.82223e-07 18
0.911095 0.0246652 6
0.912225 0.0251075 6
0.922936 0.115874 4
0.960405 0.561879 2
0.945933 0.282357 3
0.958636 0.554515 2
0.911391 0.0247793 6
0.859805 5.11996e-09 24
0.933852 0.132437 4
0.953387 0.3113 3
0.900712 0.00233609 9
0.864569 7.13018e-08 21
0.88895 0.000186573 12
0.865908 1.68308e-07 20
0.86918 4.23133e-07 19
0.842857 6.9959e-12 0
0.985149 1 1
0.974837 0.646861 2
0.942335 0.151586 4
0.862327 2.9038e-08 22
0.896552 0.00101568 10
0.908675 0.0116374 7
0.915164 0.026357 6
0.905649 0.0110198 7
0.912317 0.0251442 6
0.975955 0.655826 2
0.945133 0.279744 3
0.890731 0.000889246 10
0.880441 6.90505e-05 13
0.859836 2.64185e-08 22
0.935559 0.135756 4
0.886167 0.000374221 11
0.897257 0.00216564 9
0.933496 0.131774 4
0.976746 0.662435 2
0.961254 0.565604 2
0.90321 0.00510252 8
0.905743 0.0475774 5
0.932803 0.248434 3
0.95038 0.526209 2
0.978668 1 1
0.925909 0.236322 3
0.902314 0.0218177 6
0.88518 0.00377524 8
0.871265 0.000278772 11
0.907351 0.0483687 5
0.923779 0.233133 3
0.934835 0.252624 3
0.972915 1 1
0.937665 0.259027 3
0.960727 0.563278 2
0.920612 0.113165 4
0.93554 0.135718 4
0.881044 3.21822e-05 14
0.863411 3.02902e-08 22
0.928286 0.0645142 5
0.962327 0.570504 2
0.888453 0.000184108 12
0.889465 0.000189192 12
0.862551 2.92914e-08 22
0.981801 0.710309 2
0.847966 8.95048e-12 0
0.859094 4.97123e-09 24
0.889901 0.000408343 11
0.963935 0.578252 2
0.93588 0.136407 4
0.890754 0.00041696 11
0.963994 0.578548 2
0.950133 0.297558 3
0.889902 0.000873679 10
0.926835 0.12099 4
0.947797 0.288777 3
0.97335 0.635564 2
0.962303 0.57039 2
0.940905 0.267267 3
0.925244 0.118809 4
0.901197 0.00490375 8
0.911201 0.0247061 6
0.923071 0.0591452 5
0.912802 0.0253411 6
0.949497 0.295083 3
0.972482 0.629295 2
0.926206 0.120112 4
0.990208 1 1
0.918703 0.0554661 5
0.929757 0.125367 4
0.921227 0.11386 4
0.958601 0.554374 2
0.934512 0.251939 3
0.929787 0.125414 4
0.897059 0.00962287 7
0.938769 0.261719 3
0.948403 0.290976 3
0.948697 0.52147 2
0.900001 0.0100507 7
0.943507 0.274694 3
0.981178 1 1
0.918033 0.0277358 6
0.962062 0.569272 2
0.945215 0.28001 3
0.961162 0.565195 2
0.928412 0.0646592 5
0.927542 0.0636727 5
0.907455 0.00558309 8
0.896603 0.00101694 10
0.90543 0.00534252 8
0.940644 0.147191 4
0.952984 0.309496 3
0.980901 0.70101 2
0.922981 0.0590629 5
0.963098 0.574153 2
0.947896 0.289134 3
0.88608 0.00835906 7
0.888024 0.00855185 7
0.916594 0.108986 4
0.955987 0.544413 2
0.91507 0.107549 4
0.866192 0.000255933 11
0.854156 7.427e-06 15
0.835876 2.13857e-09 24
0.908078 0.10181 4
0.880354 0.00354063 8
0.890052 0.0190498 6
0.925522 0.235724 3
0.951555 0.529702 2
0.93423 0.251344 3
0.88068 0.00355543 8
0.912985 0.0515185 5
0.985624 1 1
0.937067 0.257616 3
0.936095 0.255389 3
0.91426 0.0523256 5
0.939549 0.26369 3
0.916097 0.10851 4
0.911967 0.0509012 5
0.890374 0.00407177 8
0.954627 0.539624 2
0.965805 0.587929 2
0.965245 0.584953 2
0.900891 0.0214369 6
0.943293 0.274053 3
0.961701 0.567622 2
0.934519 0.0727656 5
0.971216 0.620544 2
0.898649 0.00106996 10
0.915986 0.0135099 7
0.920913 0.029303 6
0.979231 0.684689 2
0.953909 0.313688 3
0.95021 0.29786 3
0.89781 0.000502895 11
0.92138 0.0295763 6
0.929544 0.0659995 5
0.92851 0.0647725 5
0.892351 0.000205118 12
0.933912 0.0718556 5
0.994289 1 1
0.952788 0.308629 3
0.96096 0.351686 3
0.896781 0.000234442 12
0.927128 0.0334655 6
0.939627 0.0815144 5
0.977059 0.665108 2
0.958444 0.336795 3
0.942856 0.153005 4
0.916285 0.00694283 8
0.911051 0.00304408 9
0.920814 0.0151382 7
0.929484 0.0353868 6
0.908155 0.0028089 9
0.948127 0.169385 4
0.983765 0.731859 2
0.873025 2.59668e-05 14
0.925195 0.118745 4
0.99187 1 1
0.937302 0.258166 3
0.888268 0.00182199 9
0.883393 0.000352127 11
0.8628 7.72482e-07 18
0.856026 5.26796e-08 21
0.869279 1.05786e-05 15
0.946163 0.283122 3
0.952411 0.532351 2
0.968104 0.6009 2
0.898913 0.00988707 7
0.922903 0.115834 4
0.903993 0.0107129 7
0.947595 0.16755 4
0.934001 0.0719871 5
0.910359 0.00298478 9
0.970478 0.61565 2
0.969076 0.60676 2
0.926952 0.0333302 6
0.916386 0.0136312 7
0.895002 0.000221871 12
0.946205 0.162962 4
0.900301 0.000541005 11
0.912105 0.00622765 8
0.942292 0.15147 4
0.956708 0.327415 3
0.993027 1 1
0.937865 0.078259 5
0.947924 0.289233 3
0.898535 0.00983179 7
0.877798 0.00014237 12
0.943183 0.273728 3
0.979466 1 1
0.904108 0.0107336 7
0.902728 0.0104919 7
0.876383 6.24602e-05 13
0.981877 1 1
0.864303 1.82591e-06 17
0.875642 6.13723e-05 13
0.906127 0.0229398 6
0.970149 0.613517 2
0.953922 0.537242 2
0.907836 0.0234965 6
0.914354 0.1069 4
0.911328 0.104318 4
0.919744 0.227675 3
0.983087 1 1
0.942784 0.506989 2
0.893668 0.0197589 6
0.882009 0.00361723 8
0.862477 4.63457e-05 13
0.93067 0.244362 3
0.893291 0.0196813 6
0.9044 0.0469488 5
0.941041 0.503284 2
0.969321 1 1
0.964427 1 1
0.907312 0.101255 4
0.866246 2.21099e-05 14
0.932241 0.247329 3
0.97854 1 1
0.918507 0.110901 4
0.875941 0.000303368 11
0.886913 0.00177982 9
0.86459 9.40872e-06 15
0.8629 3.98051e-06 16
0.855174 2.70194e-07 19
0.969937 0.61216 2
0.971078 0.619617 2
0.958872 0.555465 2
0.879439 0.000715177 10
0.909869 0.0496989 5
0.907733 0.0485629 5
0.924455 0.117776 4
0.924937 0.118404 4
0.923828 0.116978 4
0.993127 1 1
0.949966 0.525015 2
0.907327 0.0483566 5
0.894652 0.00930511 7
0.875604 0.00030146 11
0.933018 0.248863 3
0.902867 0.0219711 6
0.914443 0.0524447 5
0.950356 0.526139 2
0.962853 0.57298 2
0.978631 1 1
0.921467 0.114134 4
0.908354 0.0115683 7
0.964275 0.579958 2
0.953305 0.310931 3
0.951896 0.304771 3
0.917254 0.0273442 6
0.923419 0.0594675 5
0.901938 0.00497497 8
0.894081 0.00095805 10
0.894463 0.000966548 10
0.951966 0.305068 3
0.964421 0.580698 2
0.986666 1 1
0.912777 0.0126129 7
0.951453 0.302909 3
0.944782 0.278626 3
0.948696 0.292055 3
0.882698 0.000159227 12
0.855571 4.31279e-09 24
0.918785 0.0555295 5
0.966134 0.589714 2
0.897309 0.00216803 9
0.901877 0.00496904 8
0.87374 1.19218e-05 15
0.991435 1 1
0.845338 7.87231e-12 0
0.856348 1.01682e-08 23
0.884244 0.000165301 12
0.94762 0.288148 3
0.931793 0.128735 4
0.896101 0.00211408 9
0.898559 0.00466739 8
0.976651 0.661635 2
0.918704 0.0554666 5
0.90713 0.023262 6
0.892375 0.00196381 9
0.940476 0.266116 3
0.916352 0.053737 5
0.922741 0.058844 5
0.868944 4.68181e-06 16
0.955792 0.543712 2
0.959827 0.559416 2
0.938065 0.259989 3
0.874237 2.67731e-05 14
0.916252 0.0536668 5
0.957719 0.550898 2
0.949058 0.29341 3
0.965906 0.588477 2
0.90216 0.00241567 9
0.930853 0.0676369 5
0.938901 0.142987 4
0.972853 0.631946 2
0.952898 0.309113 3
0.938928 0.143051 4
0.915009 0.0132227 7
0.916077 0.0135373 7
0.926068 0.0620837 5
0.934968 0.134579 4
0.909649 0.00586986 8
0.951005 0.301061 3
0.985636 1 1
0.898299 0.0444053 5
0.972513 1 1
0.948764 0.521652 2
0.930673 0.244368 3
0.901636 0.045737 5
0.925138 0.23514 3
0.901653 0.0457441 5
0.899817 0.0449944 5
0.878404 0.00345492 8
0.969883 1 1
0.98185 1 1
0.96881 1 1
0.892978 0.0196178 6
0.932862 0.248552 3
0.946739 0.516319 2
0.904714 0.0225057 6
0.978218 1 1
0.944479 0.277675 3
0.934056 0.250981 3
0.907482 0.0233783 6
0.931068 0.245098 3
0.90762 0.0234242 6
0.904689 0.0224982 6
0.883973 0.000776261 10
0.963179 0.574546 2
0.974868 1 1
0.968967 0.606094 2
0.897132 0.00963301 7
0.938104 0.260084 3
0.95294 0.534029 2
0.87578 0.000136329 12
0.918765 0.11117 4
0.977076 1 1
0.946055 0.514608 2
0.894142 0.00432324 8
0.880145 0.000724053 10
0.860876 1.66024e-06 17
0.851518 4.54747e-08 21
0.876636 0.00030737 11
0.932548 0.247931 3
0.939955 0.264743 3
0.965105 0.584223 2
0.909413 0.0494488 5
0.928108 0.122835 4
0.900062 0.0100602 7
0.922105 0.0300127 6
0.949446 0.294886 3
0.940456 0.146722 4
0.975604 0.652971 2
0.937644 0.140146 4
0.921797 0.0298253 6
0.904211 0.00253786 9
0.889972 9.02179e-05 13
0.915731 0.0134337 7
0.927783 0.0339784 6
0.939863 0.145269 4
0.973919 0.639804 2
0.936687 0.0762271 5
0.974251 0.642327 2
0.940062 0.145754 4
0.928752 0.240959 3
0.986119 1 1
0.913593 0.106226 4
0.926534 0.237301 3
0.921632 0.114326 4
0.96385 0.57783 2
0.939459 0.263459 3
0.934932 0.252834 3
0.897597 0.0206227 6
0.934541 0.252 3
0.943744 0.509134 2
0.943583 0.508769 2
0.898358 0.0208028 6
0.941604 0.269187 3
0.98644 1 1
0.938606 0.261313 3
0.908275 0.0488432 5
0.895682 0.00943785 7
0.962901 0.57321 2
0.971002 1 1
0.904668 0.0470719 5
0.898453 0.0208257 6
0.874605 0.00029594 11
0.961212 0.565419 2
0.878478 0.000703438 10
0.88997 0.00404681 8
0.922964 0.115909 4
0.982249 1 1
0.96811 0.600932 2
0.912822 0.0514183 5
0.891154 4.42983e-05 14
0.928968 0.0349477 6
0.966264 0.38892 3
0.961915 0.357772 3
0.909835 0.00294119 9
0.893001 9.92967e-05 13
0.874352 1.05988e-07 21
0.863157 2.31021e-10 28
0.891532 4.48868e-05 14
0.931813 0.0688991 5
0.941533 0.14946 4
0.97577 0.654316 2
0.922873 0.0159557 7
0.944523 0.157775 4
0.912545 0.00629634 8
0.955705 0.543399 2
0.929904 0.125601 4
0.901829 0.00496434 8
0.962008 0.569025 2
0.978056 0.673875 2
0.928925 0.124069 4
0.920826 0.057173 5
0.897647 0.00218365 9
0.953926 0.313764 3
0.893527 0.000945965 10
0.905193 0.0109332 7
0.93384 0.132414 4
0.956659 0.546875 2
0.983718 1 1
0.937166 0.139105 4
0.950956 0.30086 3
0.877247 1.25367e-06 18
0.844243 7.47013e-12 0
0.905346 0.00261065 9
0.956564 0.326672 3
0.897872 0.000503786 11
0.906264 0.00267253 9
0.877558 1.26844e-06 18
0.975815 0.654687 2
0.837478 5.46632e-12 0
0.84822 9.06431e-12 0
0.87369 4.99221e-07 19
0.931231 0.0681277 5
0.920661 0.0291573 6
0.893341 0.000211119 12
0.908245 0.00568308 8
0.892315 0.000204903 12
0.901419 0.00115035 10
0.961488 0.355018 3
0.939602 0.144641 4
0.879567 6.48266e-06 16
0.87093 2.03068e-07 20
0.849367 9.59919e-12 0
0.93569 0.13602 4
0.873466 4.94988e-07 19
0.884281 3.54161e-05 14
0.920176 0.0288824 6
0.980737 0.699364 2
0.948434 0.291089 3
0.890845 0.000196531 12
0.869226 4.23822e-07 19
0.930692 0.0674303 5
0.988406 1 1
0.925899 0.0619083 5
0.880912 3.20613e-05 14
0.886231 8.07551e-05 13
0.864429 7.09291e-08 21
0.860803 1.20895e-08 23
0.860665 5.30791e-09 24
0.961585 0.567093 2
0.965425 0.585906 2
0.964332 0.580248 2
0.886814 0.000176357 12
0.915326 0.0264305 6
0.907144 0.00554468 8
0.916973 0.0272063 6
0.904646 0.00525516 8
0.909462 0.0118114 7
0.973945 0.639999 2
0.947419 0.287435 3
0.891079 0.000895941 10
0.881359 7.0708e-05 13
0.86029 2.68707e-08 22
0.938537 0.142149 4
0.884054 0.000164536 12
0.89519 0.00098312 10
0.931192 0.127711 4
0.980042 0.692467 2
0.961323 0.565915 2
0.903027 0.00508373 8
0.893028 0.000209189 12
0.936499 0.0759133 5
0.969681 0.610533 2
0.958866 0.339178 3
0.909485 0.00584742 8
0.898561 0.000513882 11
0.87902 2.92009e-06 17
0.86904 3.8129e-08 22
0.889931 9.01033e-05 13
0.939872 0.145291 4
0.949966 0.296902 3
0.984146 0.736251 2
0.918549 0.0143278 7
0.9449 0.158905 4
0.918703 0.0143803 7
0.950195 0.297801 3
0.935818 0.0747979 5
0.868056 3.65742e-08 22
0.898093 0.000506985 11
0.923559 0.0309311 6
0.983564 0.729573 2
0.99028 1 1
0.968737 0.604693 2
0.905145 0.00259747 9
0.887545 3.92428e-05 14
0.895506 0.000471611 11
0.899021 0.00108014 10
0.886044 3.74039e-05 14
0.919957 0.0287607 6
0.961667 0.35617 3
0.9652 1 1
0.930816 0.24463 3
0.895725 0.0201978 6
0.952782 0.533524 2
0.9812 1 1
0.9358 0.254731 3
0.929401 0.242085 3
0.90505 0.0472497 5
0.955407 0.54234 2
0.891062 0.00887709 7
0.90254 0.0461216 5
0.928446 0.240438 3
0.949192 0.522831 2
0.975815 1 1
0.941565 0.504374 2
0.945798 0.281909 3
0.904103 0.0107327 7
0.88582 0.000804215 10
0.951902 0.530766 2
0.978994 1 1
0.906082 0.0229257 6
0.902558 0.0104631 7
0.877178 6.36644e-05 13
0.973047 0.633348 2
0.871236 1.11367e-05 15
0.88267 0.000346763 11
0.914037 0.052182 5
0.97577 0.654316 2
0.961538 0.566882 2
0.911661 0.0248844 6
0.903905 0.0051752 8
0.964052 0.578835 2
0.956425 0.325951 3
0.947385 0.287317 3
0.912231 0.0124727 7
0.921108 0.0574108 5
0.899163 0.00225649 9
0.892607 0.000926558 10
0.889532 0.000404719 11
0.957117 0.329566 3
0.969601 0.61003 2
0.986228 1 1
0.908094 0.0115127 7
0.946211 0.283282 3
0.942675 0.272235 3
0.958186 0.552723 2
0.9449 0.279001 3
0.905833 0.0228475 6
0.955664 0.543253 2
0.966464 0.591521 2
0.944134 0.276605 3
0.932944 0.248715 3
0.911658 0.0507185 5
0.941065 0.267703 3
0.904211 0.0223565 6
0.91576 0.0533262 5
0.939712 0.26411 3
0.94055 0.266313 3
0.979848 1 1
0.953699 0.536502 2
0.9468 0.285281 3
0.954057 0.314371 3
0.916918 0.0271797 6
0.960468 0.56215 2
0.955309 0.320352 3
0.943109 0.273509 3
0.927991 0.0641774 5
0.910094 0.0119554 7
0.93047 0.126516 4
0.915485 0.026503 6
0.927262 0.0633624 5
0.951412 0.302737 3
0.936445 0.137574 4
0.981142 0.70347 2
0.957292 0.549256 2
0.890829 0.00190777 9
0.963458 0.5759 2
0.956222 0.545267 2
0.928604 0.123579 4
0.895717 0.00443924 8
0.916473 0.0538221 5
0.893201 0.00425718 8
0.89171 0.00193929 9
0.872948 2.59171e-05 14
0.976322 1 1
0.989131 1 1
0.969853 0.611626 2
0.889952 0.00187745 9
0.928001 0.122677 4
0.937863 0.259501 3
0.942621 0.272079 3
0.935072 0.253136 3
0.915003 0.052814 5
0.975467 1 1
0.964157 0.579361 2
0.924618 0.117988 4
0.912944 0.0514934 5
0.892502 0.00420957 8
0.942101 0.270585 3
0.903453 0.0106173 7
0.91531 0.05302 5
0.94665 0.284769 3
0.95671 0.547066 2
0.996945 1 1
0.936843 0.257095 3
0.921672 0.0297502 6
0.944308 0.157142 4
0.939226 0.143747 4
0.980946 0.701474 2
0.939308 0.143942 4
0.91818 0.0142041 7
0.901416 0.00115027 10
0.886304 1.76124e-05 15
0.91817 0.0142007 7
0.923631 0.0309787 6
0.935578 0.0744134 5
0.970948 0.618749 2
0.941192 0.14858 4
0.976025 0.656407 2
0.935793 0.0747579 5
0.893277 0.00199811 9
0.939881 0.264549 3
0.971002 0.619105 2
0.956372 0.545815 2
0.908568 0.023746 6
0.900816 0.00486806 8
0.880812 0.000152338 12
0.871557 1.12325e-05 15
0.88849 0.000848356 10
0.943988 0.276154 3
0.954234 0.538288 2
0.987705 1 1
0.915819 0.0533665 5
0.944106 0.276516 3
0.921254 0.0575346 5
0.89077 4.37135e-05 14
0.891481 4.48061e-05 14
0.917001 0.00708086 8
0.960416 0.348327 3
0.91987 0.0147899 7
0.870413 1.82628e-08 23
0.858537 1.56302e-11 0
0.839962 6.11722e-12 0
0.91247 0.00317253 9
0.882117 1.5177e-06 18
0.892078 4.57577e-05 14
0.927971 0.0341288 6
0.955964 0.323604 3
0.938953 0.080237 5
0.884711 7.76556e-06 16
0.888447 8.61483e-05 13
0.90139 0.0023727 9
0.934015 0.0720078 5
0.964845 0.582867 2
0.914914 0.0131955 7
0.875047 1.15589e-06 18
0.86077 2.35593e-09 25
0.844497 7.56121e-12 0
0.903451 0.00249123 9
0.896906 0.000490192 11
0.906534 0.005471 8
0.942026 0.150757 4
0.944234 0.156925 4
0.940897 0.147829 4
0.891313 0.000199136 12
0.892644 0.000927329 10
0.938203 0.141392 4
0.971128 0.61995 2
0.956908 0.328464 3
0.908403 0.0115787 7
0.899474 0.002272 9
0.879629 3.09179e-05 14
0.870155 9.74904e-07 18
0.888561 0.000395457 11
0.942507 0.271748 3
0.952612 0.307855 3
0.985978 1 1
0.916483 0.0269702 6
0.943883 0.275834 3
0.91981 0.0286788 6
0.914844 0.0131756 7
0.982433 0.717042 2
0.909575 0.00585974 8
0.911827 0.0123712 7
0.905421 0.00261567 9
0.958952 0.339672 3
0.934237 0.0723399 5
0.938023 0.140988 4
0.881938 1.52238e-05 15
0.939678 0.144824 4
0.946197 0.283234 3
0.93497 0.134584 4
0.882524 1.55141e-05 15
0.925138 0.032001 6
0.975809 0.654635 2
0.900187 0.0023085 9
0.973926 0.63986 2
0.947985 0.289454 3
0.932122 0.0693163 5
0.903526 0.00249574 9
0.926631 0.0626785 5
0.903186 0.00247531 9
0.90092 0.00234719 9
0.880228 1.44241e-05 15
0.967824 0.59925 2
0.97979 0.690028 2
0.969535 0.609616 2
0.894556 0.00045969 11
0.934699 0.134054 4
0.948329 0.290702 3
0.861566 0.000104007 12
0.934662 0.49148 2
0.957769 0.551089 2
0.90427 0.0468893 5
0.867118 0.000259844 11
0.889363 0.0189229 6
0.866364 0.000256651 11
0.868733 0.000602733 10
0.845497 4.83359e-07 18
0.984729 1 1
0.976474 1 1
0.945972 0.514402 2
0.865694 0.000253871 11
0.89949 0.0448653 5
0.909388 0.102791 4
0.880318 0.000150622 12
0.956076 0.544736 2
0.953022 0.534295 2
0.91622 0.0536445 5
0.883822 0.000355381 11
0.909672 0.0241366 6
0.886177 0.000374304 11
0.887694 0.000834713 10
0.861224 1.43008e-07 20
0.989705 1 1
0.996799 1 1
0.957754 0.55103 2
0.877882 6.47638e-05 13
0.915352 0.0264423 6
0.930223 0.126114 4
0.893558 0.000946632 10
0.919237 0.0283666 6
0.952037 0.30537 3
0.970394 0.615102 2
0.915954 0.0267201 6
0.888113 0.000182448 12
0.87143 2.26058e-06 17
0.857564 4.66991e-09 24
0.899928 0.00229508 9
0.916855 0.0271492 6
0.926782 0.0628405 5
0.962759 0.572533 2
0.935182 0.135001 4
0.948222 0.290315 3
0.906205 0.00543208 8
70 0 1 2 3 4 5 6 7 9 10 13 14 15 16 17 20 21 22 23 24 25 26 27 28 29 30 31 33 34 35 36 39 40 41 42 43 44 45 46 47 48 49 50 51 52 53 54 55 56 57 58 59 60 61 63 64 65 66 67 68 69 70 71 72 73 74 76 77 78 79 
46 1 2 5 6 7 13 14 17 20 22 24 25 26 27 28 29 30 34 35 36 39 42 43 44 45 47 49 50 51 52 55 58 59 60 61 65 68 70 71 72 73 74 76 77 78 79 
0 
28 1 6 17 20 24 26 27 28 29 30 35 39 42 43 51 55 58 59 61 65 68 71 72 73 74 77 78 79 
61 0 1 2 4 5 6 7 13 14 15 16 17 20 22 24 25 26 27 28 29 30 31 33 34 35 36 39 40 41 42 43 44 45 47 49 50 51 52 54 55 56 58 59 60 61 63 64 65 66 67 68 69 70 71 72 73 74 76 77 78 79 
77 0 1 2 3 4 5 6 7 9 10 12 13 14 15 16 17 18 19 20 21 22 23 24 25 26 27 28 29 30 31 32 33 34 35 36 37 38 39 40 41 42 43 44 45 46 47 48 49 50 51 52 53 54 55 56 57 58 59 60 61 63 64 65 66 67 68 69 70 71 72 73 74 75 76 77 78 79 
78 0 1 2 3 4 5 6 7 9 10 11 12 13 14 15 16 17 18 19 20 21 22 23 24 25 26 27 28 29 30 31 32 33 34 35 36 37 38 39 40 41 42 43 44 45 46 47 48 49 50 51 52 53 54 55 56 57 58 59 60 61 62 63 64 65 66 67 68 69 70 71 73 74 75 76 77 78 79 
76 0 2 3 4 5 6 7 8 9 10 11 12 13 14 15 16 17 18 19 20 21 22 23 24 25 26 27 28 29 30 31 32 33 34 35 36 37 38 39 40 41 42 43 44 45 46 47 48 49 50 51 52 53 54 55 56 57 59 60 61 62 63 64 65 66 67 68 69 70 71 74 75 76 77 78 79 
62 0 1 2 4 5 6 7 13 14 15 16 17 20 22 24 25 26 27 29 30 31 33 34 35 36 39 40 41 42 43 44 45 47 49 50 51 52 53 54 55 56 58 59 60 61 63 64 65 66 67 68 69 70 71 72 73 74 75 76 77 78 79 
67 0 1 2 3 4 6 7 10 13 14 15 16 17 18 19 20 22 23 24 25 26 27 28 29 30 32 33 34 35 36 38 39 40 41 42 43 44 45 48 49 50 51 52 53 54 55 56 58 59 60 61 63 64 65 66 67 68 69 70 71 72 73 74 76 77 78 79 
17 1 17 27 28 35 39 43 51 55 59 61 71 72 73 74 77 79 
24 1 6 17 26 27 28 29 30 35 39 42 43 51 55 58 59 60 61 71 72 73 74 77 79 
39 1 5 6 17 20 22 24 25 26 27 28 29 30 34 35 39 42 43 44 45 49 51 52 55 58 59 60 61 65 68 70 71 72 73 74 76 77 78 79 
43 0 1 2 6 13 14 15 17 20 24 25 26 27 28 29 30 34 35 39 42 43 44 45 49 51 52 54 55 58 59 60 61 65 68 69 70 71 72 73 74 77 78 79 
72 0 1 2 3 4 5 6 7 9 10 13 14 15 16 17 19 20 21 22 23 24 25 26 27 28 29 30 31 32 33 34 35 36 38 39 40 41 42 43 44 45 46 48 49 50 51 52 53 54 55 56 57 58 59 60 61 63 64 65 66 67 68 69 70 71 72 73 74 76 77 78 79 
