80 15 6e+06
1.6156 174991
2.14796 183982
5.36554 143503
1.73208 164608
2.04094 153849
2.54619 152196
4.59393 172758
2.89213 182992
2.21679 186092
9.55981 146497
2.54078 132130
2.72404 137873
5.13823 149523
1.56736 119463
2.86453 187952
3.60249 179897
4.00085 184645
4.10167 107533
4.02207 114317
1.68175 185999
2.33025 144372
4.50916 110636
7.46032 105156
1.91207 147867
1.85233 134835
1.19044 140820
3.68622 171530
1.65691 154337
5.56718 167672
2.69448 123030
2.33931 161081
1.63186 150120
1.61596 179394
8.33254 103200
2.84664 138017
2.82674 122264
5.38952 167906
1.24758 133556
2.14904 119543
1.88457 158881
2.74813 177729
2.01826 112526
2.8983 140117
1.23387 103553
3.61654 169904
5.90134 151577
2.6627 119188
2.25558 105318
2.27056 173242
5.81307 122981
2.22175 106021
1.74475 178170
1.68257 188353
4.23096 114741
4.30462 114697
2.04706 167646
3.57332 154099
2.18823 146513
2.73084 104778
1.26161 192935
7.16383 148112
1.84873 173968
2.64517 164029
1.41193 195107
6.94729 159150
2.24729 146690
2.25001 106682
4.96616 165645
1.41151 173793
2.87313 134961
3.3203 154299
4.67693 162018
1.47057 109425
2.60587 148726
4.66115 110499
2.50204 175522
2.07191 117666
5.13205 105289
2.07674 100082
1.59413 161078
0.958722 0.55486 2
0.861467 7.42483e-07 18
0.851223 8.42935e-09 23
0.985507 1 1
0.872772 5.74507e-05 13
0.920478 0.0568831 5
0.988953 1 1
0.981826 1 1
0.902476 0.0104491 7
0.980942 1 1
0.934572 0.252065 3
0.871989 2.53084e-05 14
0.891549 0.00193345 9
0.890306 0.00188957 9
0.919669 0.0562245 5
0.860888 5.35812e-09 24
0.978671 0.679463 2
0.945269 0.280183 3
0.854683 1.51245e-10 28
0.929465 0.0659049 5
0.864456 3.15666e-08 22
0.851958 2.51849e-11 30
0.860677 5.31058e-09 24
0.868014 1.81775e-07 20
0.860781 5.33404e-09 24
0.863959 3.09507e-08 22
0.931315 0.0682374 5
0.890912 0.000418583 11
0.945122 0.27971 3
0.896098 0.00100462 10
0.917153 0.0272947 6
0.901203 0.00236247 9
0.868043 4.06599e-07 19
0.946792 0.285254 3
0.881552 3.2657e-05 14
0.888499 0.000394884 11
0.943545 0.274808 3
0.944702 0.278373 3
0.876164 1.27695e-05 15
0.940844 0.147695 4
0.89953 0.00227482 9
0.88168 7.13038e-05 13
0.879199 3.05495e-05 14
0.933091 0.131032 4
0.909529 0.0118266 7
0.962873 0.573077 2
0.892485 0.00092404 10
0.907755 0.0114415 7
0.925467 0.0614641 5
0.934009 0.132733 4
0.978978 0.682313 2
0.924847 0.0608413 5
0.935823 0.13629 4
0.9697 0.610653 2
0.939857 0.145255 4
0.979218 0.684565 2
0.932565 0.130085 4
0.96375 0.577333 2
0.909932 0.0119182 7
0.983723 1 1
0.922511 0.115361 4
0.945225 0.280042 3
0.920007 0.112497 4
0.922052 0.114815 4
0.932734 0.248299 3
0.912029 0.0509379 5
0.919092 0.111513 4
0.92822 0.123002 4
0.906578 0.0230833 6
0.927937 0.122582 4
0.917512 0.10989 4
0.93314 0.249107 3
0.919447 0.111891 4
0.974706 1 1
0.944586 0.278009 3
0.913319 0.0255551 6
0.949209 0.293981 3
0.914897 0.0262374 6
0.917636 0.0275345 6
0.924537 0.0605361 5
0.901055 0.00489036 8
0.914518 0.0260694 6
0.922585 0.0587021 5
0.895457 0.000989358 10
0.921672 0.0578946 5
0.906909 0.0112676 7
0.925154 0.0611481 5
0.908527 0.0116054 7
0.982507 1 1
0.933007 0.13088 4
0.914666 0.0261345 6
0.914062 0.0258706 6
0.878479 2.99488e-05 14
0.938211 0.141409 4
0.890592 0.000886596 10
0.889562 0.000405017 11
0.934861 0.13437 4
0.938204 0.141394 4
0.878767 3.01868e-05 14
0.935034 0.134709 4
0.899492 0.00474811 8
0.890871 0.000891927 10
0.884461 0.000166187 12
0.946234 0.283359 3
0.913937 0.0258168 6
0.908744 0.0490901 5
0.921564 0.114246 4
0.882775 0.000759134 10
0.92958 0.2424 3
0.893214 0.00425806 8
0.885969 0.00175165 9
0.926245 0.120165 4
0.930213 0.24353 3
0.876301 0.000305425 11
0.927341 0.121712 4
0.89511 0.0093635 7
0.893641 0.00428776 8
0.883852 0.00169176 9
0.953347 0.535346 2
0.912232 0.0510596 5
0.928232 0.240076 3
0.94207 0.505445 2
0.933905 0.250669 3
0.916829 0.109215 4
0.950911 0.527767 2
0.925976 0.236426 3
0.914325 0.106874 4
0.92487 0.118316 4
0.923174 0.116166 4
0.925884 0.236282 3
0.928903 0.241218 3
0.95103 0.528122 2
0.938557 0.261193 3
0.961354 0.566055 2
0.960716 0.563228 2
0.917574 0.0140052 7
0.900337 0.00111768 10
0.867453 1.59819e-08 23
0.947604 0.167583 4
0.881095 6.82791e-06 16
0.888677 4.07258e-05 14
0.944367 0.157314 4
0.945376 0.160357 4
0.876229 1.20698e-06 18
0.941476 0.149313 4
0.899784 0.000532699 11
0.88121 6.8551e-06 16
0.879058 2.92405e-06 17
0.932221 0.0694522 5
0.909445 0.00584193 8
0.876869 5.65194e-07 19
0.946864 0.165101 4
0.991252 1 1
0.858809 3.59559e-11 30
0.967562 0.597729 2
0.891048 4.41355e-05 14
0.856625 1.40541e-11 0
0.866862 6.97444e-09 24
0.899376 0.000526294 11
0.868363 1.66405e-08 23
0.88666 1.78325e-05 15
0.969443 0.60904 2
0.925266 0.0320908 6
0.928515 0.0345705 6
0.918868 0.0144368 7
0.870952 2.22672e-06 17
0.950415 0.298675 3
0.894326 0.000963489 10
0.882937 7.37189e-05 13
0.893332 0.000941783 10
0.85813 1.08837e-08 23
0.879763 3.1034e-05 14
0.885131 0.000168976 12
0.853766 7.62265e-10 26
0.883183 7.4208e-05 13
0.863599 1.55111e-07 20
0.894523 0.000967896 10
0.868845 9.33523e-07 18
0.961439 0.566434 2
0.889182 0.00040134 11
0.892438 0.000205635 12
0.972732 0.631079 2
0.95818 0.33532 3
0.882192 7.0935e-06 16
0.956534 0.326516 3
0.89654 0.000485219 11
0.879593 2.98116e-06 17
0.88932 8.84408e-05 13
0.899173 0.00052315 11
0.889973 9.02213e-05 13
0.896262 0.000481486 11
0.9581 0.334881 3
0.921476 0.0296332 6
0.96264 0.362566 3
0.929575 0.0660382 5
0.863217 3.4586e-07 19
0.985297 1 1
0.939588 0.263792 3
0.859026 5.83591e-08 21
0.926391 0.120368 4
0.864707 3.63137e-07 19
0.856223 1.01203e-08 23
0.864676 3.62769e-07 19
0.8672 8.85136e-07 18
0.864554 3.61311e-07 19
0.865005 3.66742e-07 19
0.928176 0.122937 4
0.889291 0.000862535 10
0.951389 0.302642 3
0.896844 0.00214694 9
0.967712 0.598599 2
0.888803 0.00397651 8
0.877974 0.000697438 10
0.976539 1 1
0.899214 0.021011 6
0.933726 0.250299 3
0.974452 1 1
0.986233 1 1
0.917867 0.110246 4
0.986902 1 1
0.946886 0.516693 2
0.89856 0.0208515 6
0.912957 0.0515012 5
0.917674 0.110052 4
0.944316 0.510446 2
0.897428 0.0205831 6
0.931932 0.246733 3
0.887319 0.00389114 8
0.915198 0.107668 4
0.894583 0.0092964 7
0.87793 0.00069692 10
0.911907 0.0508654 5
0.916395 0.108795 4
0.869958 0.000121218 12
0.913845 0.106447 4
0.885897 0.00381316 8
0.895258 0.00938257 7
0.880149 0.00159688 9
0.961374 0.566145 2
0.906365 0.0478785 5
0.894183 0.000960301 10
0.93677 0.138258 4
0.890295 0.00041228 11
0.910353 0.0120156 7
0.896386 0.00101161 10
0.876125 5.79639e-06 16
0.907077 0.00553648 8
0.911915 0.0123931 7
0.868859 4.18375e-07 19
0.909539 0.0118288 7
0.883586 7.50227e-05 13
0.89715 0.00103063 10
0.880076 1.4356e-05 15
0.964992 0.583629 2
0.905348 0.00533326 8
0.926762 0.120887 4
0.916109 0.0535675 5
0.886039 0.000807663 10
0.945924 0.282325 3
0.900204 0.010082 7
0.902224 0.0104068 7
0.942526 0.271803 3
0.947829 0.288894 3
0.891261 0.00192309 9
0.945233 0.280068 3
0.912149 0.0250771 6
0.900332 0.0101018 7
0.896451 0.00449572 8
0.948834 0.292572 3
0.926693 0.12079 4
0.932307 0.247459 3
0.904282 0.0223773 6
0.877109 0.000310148 11
0.957336 0.549425 2
0.892821 0.00908039 7
0.903812 0.0222402 6
0.953895 0.537152 2
0.957746 0.551001 2
0.89115 0.00412082 8
0.954453 0.53903 2
0.914969 0.107457 4
0.892775 0.009075 7
0.893387 0.00914839 7
0.936535 0.256386 3
0.924516 0.117856 4
0.981751 1 1
0.881021 0.000153075 12
0.876247 2.82052e-05 14
0.97122 0.620566 2
0.899089 0.00471285 8
0.944564 0.27794 3
0.970859 0.61816 2
0.981835 1 1
0.927231 0.121554 4
0.986492 1 1
0.958624 0.554464 2
0.898203 0.00463738 8
0.918488 0.0553014 5
0.908053 0.0235697 6
0.9479 0.289149 3
0.9732 1 1
0.888286 0.0085788 7
0.899489 0.0210793 6
0.934385 0.25167 3
0.925229 0.235279 3
0.977791 1 1
0.933962 0.250786 3
0.944771 0.511509 2
0.962999 0.573681 2
0.949034 0.522394 2
0.985539 1 1
0.923886 0.233287 3
0.95359 0.536143 2
0.908122 0.0487634 5
0.976837 1 1
0.942702 0.152582 4
0.92721 0.0633053 5
0.914961 0.013209 7
0.936058 0.136772 4
0.9337 0.0715442 5
0.930891 0.0676861 5
0.933439 0.071165 5
0.943988 0.156207 4
0.923232 0.0307196 6
0.944684 0.158257 4
0.937486 0.139799 4
0.933502 0.0712561 5
0.931898 0.0690128 5
0.953664 0.312563 3
0.961751 0.567846 2
0.866808 3.4723e-08 22
0.942491 0.152008 4
0.886625 3.80992e-05 14
0.880999 6.80543e-06 16
0.885756 3.70672e-05 14
0.852622 1.13419e-11 0
0.877829 2.79882e-06 17
0.882546 1.55253e-05 15
0.847723 8.84378e-12 0
0.880345 6.65498e-06 16
0.858523 4.13577e-10 27
0.886919 3.84586e-05 14
0.862121 2.50316e-09 25
0.953909 0.313688 3
0.883077 1.57959e-05 15
0.91547 0.107919 4
0.942937 0.507328 2
0.956556 0.546493 2
0.896572 0.020387 6
0.975498 1 1
0.924774 0.234593 3
0.894423 0.00927621 7
0.905263 0.0473498 5
0.9282 0.240023 3
0.907005 0.0481949 5
0.923064 0.116031 4
0.97576 1 1
0.950581 0.526794 2
0.947536 0.518369 2
0.957602 0.550444 2
0.972131 1 1
0.880269 0.00159976 9
0.871434 0.000627738 10
0.980881 1 1
0.893303 0.0196837 6
0.934908 0.252782 3
0.98001 1 1
0.991831 1 1
0.917867 0.110246 4
0.995683 1 1
0.948819 0.521801 2
0.892541 0.0195299 6
0.910167 0.103393 4
0.908668 0.102247 4
0.940281 0.501738 2
0.95084 0.300384 3
0.872219 2.13616e-07 20
0.896212 0.000480823 11
0.90889 0.00576733 8
0.922161 0.0300465 6
0.990427 1 1
0.909052 0.00578891 8
0.918607 0.0143478 7
0.988254 1 1
0.923101 0.0306356 6
0.975502 0.652143 2
0.920425 0.0290233 6
0.962516 0.361735 3
0.886731 3.82284e-05 14
0.959863 0.344992 3
0.866652 3.45005e-08 22
0.972777 0.631397 2
0.913407 0.012779 7
0.871343 4.57367e-07 19
0.907528 0.00559221 8
0.860035 2.28057e-09 25
0.868286 8.23101e-08 21
0.875212 1.16282e-06 18
0.858619 9.43547e-10 26
0.874083 1.11651e-06 18
0.8633 1.33835e-08 23
0.909002 0.00578222 8
0.877053 2.72391e-06 17
0.963826 0.577713 2
0.892385 0.000205318 12
0.86649 0.000113553 12
0.986606 1 1
0.944065 0.509867 2
0.861232 1.98188e-05 14
0.931138 0.245228 3
0.868689 0.000266736 11
0.858461 1.87094e-05 14
0.867125 0.000114893 12
0.871429 0.000279572 11
0.867132 0.000114908 12
0.86876 0.000267052 11
0.932932 0.248692 3
0.893754 0.0197766 6
0.952782 0.533524 2
0.900856 0.0454137 5
0.946609 0.515991 2
0.917493 0.10987 4
0.900473 0.0213284 6
0.94943 0.523497 2
0.918789 0.111195 4
0.926206 0.120112 4
0.946513 0.515749 2
0.956255 0.545389 2
0.915563 0.0531913 5
0.955966 0.544339 2
0.935419 0.25389 3
0.918567 0.110963 4
0.920262 0.112777 4
0.947272 0.517684 2
0.951831 0.530546 2
0.895056 0.000465887 11
0.940907 0.147854 4
0.894402 0.000217881 12
0.909494 0.00584865 8
0.900257 0.00111532 10
0.878106 2.82632e-06 17
0.906224 0.00266976 9
0.911545 0.00614245 8
0.871291 2.05947e-07 20
0.909371 0.00583186 8
0.885214 1.6964e-05 15
0.90105 0.00113903 10
0.88312 1.58181e-05 15
0.96946 0.609145 2
0.907912 0.00279064 9
0.937938 0.259681 3
0.926292 0.23692 3
0.934872 0.252705 3
0.916124 0.108535 4
0.958524 0.554064 2
0.943891 0.509468 2
0.914208 0.106769 4
0.925531 0.235738 3
0.942805 0.507037 2
0.92777 0.239305 3
0.944404 0.510649 2
0.957815 0.55127 2
0.95812 0.552464 2
0.941269 0.503756 2
0.979355 1 1
0.885447 0.0082987 7
0.925121 0.235115 3
0.981527 1 1
0.86092 0.000102854 12
0.980399 1 1
0.906211 0.100478 4
0.859148 9.97957e-05 12
0.869821 0.000612579 10
0.917681 0.225143 3
0.872089 0.00142443 9
0.899269 0.0447789 5
0.980933 1 1
0.944363 0.510553 2
0.914273 0.106827 4
0.928835 0.241101 3
0.874135 2.67037e-05 14
0.935926 0.25501 3
0.995178 1 1
0.8536 9.1822e-09 23
0.96814 0.601112 2
0.89132 0.0019252 9
0.851572 3.69726e-09 24
0.861936 3.31938e-07 19
0.901313 0.0102571 7
0.863718 7.94161e-07 18
0.885697 0.000370298 11
0.969679 0.610521 2
0.927566 0.122037 4
0.918505 0.0553139 5
0.916744 0.0540147 5
0.854374 6.51112e-11 29
0.921449 0.0296174 6
0.866427 7.65313e-08 21
0.8735 1.09365e-06 18
0.86579 3.33066e-08 22
0.837269 5.41553e-12 0
0.870405 4.42058e-07 19
0.873465 1.09231e-06 18
0.831227 4.15769e-12 0
0.870711 4.46976e-07 19
0.844078 7.41189e-12 0
0.866891 7.79183e-08 21
0.844056 7.40382e-12 0
0.933217 0.0708452 5
0.866133 7.56678e-08 21
0.90544 0.0999487 4
0.915561 0.222701 3
0.95963 0.558587 2
0.876755 0.00338596 8
0.983223 1 1
0.929162 0.241667 3
0.87528 0.00148789 9
0.886231 0.00837368 7
0.941161 0.503532 2
0.88903 0.0188623 6
0.9213 0.229694 3
0.981345 1 1
0.968552 1 1
0.913769 0.10638 4
0.949034 0.522394 2
0.957942 0.551763 2
0.866962 8.78464e-07 18
0.854895 4.19972e-09 24
0.992845 1 1
0.875978 2.80062e-05 14
0.919702 0.0562511 5
0.99616 1 1
0.987206 1 1
0.902113 0.00499209 8
0.984641 1 1
0.933755 0.132255 4
0.875269 1.24458e-05 15
0.892806 0.000930687 10
0.896278 0.00212184 9
0.921936 0.0581255 5
0.861889 2.16164e-10 28
0.980391 0.695903 2
0.944711 0.158336 4
0.855974 1.35624e-11 0
0.929518 0.0354166 6
0.865102 1.28322e-09 26
0.853236 1.1713e-11 0
0.861928 2.16595e-10 28
0.86846 7.51436e-09 24
0.862001 2.17421e-10 28
0.864748 1.26093e-09 26
0.931357 0.0682925 5
0.891221 4.44007e-05 14
0.946736 0.164682 4
0.896868 0.000235086 12
0.984097 1 1
0.883772 7.54033e-05 13
0.890976 0.000419256 11
0.943806 0.275599 3
0.916124 0.0267997 6
0.97151 0.622536 2
0.943629 0.275063 3
0.954131 0.314719 3
0.954174 0.314918 3
0.958649 0.554566 2
0.984717 1 1
0.91488 0.0262294 6
0.942993 0.273165 3
0.905795 0.00538437 8
0.967904 0.599722 2
0.934034 0.250936 3
0.934799 0.252548 3
0.933772 0.250393 3
0.918401 0.110792 4
0.953895 0.537152 2
0.934237 0.251359 3
0.916127 0.108539 4
0.92711 0.238225 3
0.931665 0.246222 3
0.92865 0.240785 3
0.936567 0.256459 3
0.953669 0.536404 2
0.946559 0.515864 2
0.95259 0.532914 2
0.969413 1 1
0.894394 0.0020424 9
0.971011 0.619171 2
0.924737 0.118142 4
0.896203 0.00447647 8
0.92712 0.121395 4
0.887199 0.000826426 10
0.893164 0.00199376 9
0.901186 0.00490277 8
0.884618 0.000361576 11
0.900465 0.00483561 8
0.891007 0.000894553 10
0.928251 0.123048 4
0.901695 0.0103192 7
0.994025 1 1
0.920337 0.0567665 5
0.88619 0.000810065 10
0.979577 1 1
0.927019 0.121251 4
0.887327 0.00179247 9
0.925948 0.119757 4
0.880612 0.000332312 11
0.884318 0.000781333 10
0.892286 0.00419506 8
0.879073 0.000146442 12
0.891612 0.00193573 9
0.883736 0.000772813 10
0.927265 0.121603 4
0.897372 0.00966635 7
0.984185 1 1
0.913753 0.0519999 5
0.870311 0.000122048 12
0.992904 1 1
0.941644 0.50454 2
0.866087 4.97981e-05 13
0.931068 0.245098 3
0.871199 0.00027845 11
0.863272 2.07031e-05 14
0.87184 0.000281595 11
0.873196 0.000288467 11
0.871737 0.000281085 11
0.871795 0.000281374 11
0.932798 0.248426 3
0.894931 0.00934056 7
0.958724 0.554868 2
0.903726 0.0466434 5
0.885819 0.000371305 11
0.941892 0.269995 3
0.891528 0.000904725 10
0.900677 0.00485513 8
0.895211 0.00207607 9
0.869541 2.13126e-06 17
0.897436 0.00217386 9
0.902403 0.00502077 8
0.863273 1.53366e-07 20
0.900157 0.00480753 8
0.876324 2.82621e-05 14
0.896132 0.00211544 9
0.875897 1.26718e-05 15
0.965627 0.586977 2
0.899543 0.00475255 8
0.922491 0.115338 4
0.901061 0.0214813 6
0.937088 0.257664 3
0.888802 0.00397644 8
0.962983 0.573603 2
0.950974 0.527957 2
0.887772 0.00391675 8
0.898714 0.0208887 6
0.964222 0.579691 2
0.902137 0.0217693 6
0.941374 0.26855 3
0.961034 0.564627 2
0.99223 1 1
0.906233 0.0478141 5
0.962753 0.572509 2
0.962374 0.36079 3
0.904723 0.00257022 9
0.894843 0.000463233 11
0.958405 0.336575 3
0.915879 0.0134778 7
0.93837 0.141768 4
0.956066 0.324119 3
0.96743 0.596969 2
0.925378 0.0321706 6
0.968553 0.603575 2
0.949149 0.293756 3
0.915315 0.0133113 7
0.925458 0.0322277 6
0.932643 0.0700354 5
0.958087 0.334807 3
0.878977 1.33927e-06 18
0.964788 0.377684 3
0.909084 0.00288067 9
0.886396 1.76687e-05 15
0.908148 0.00280838 9
0.869009 1.71299e-08 23
0.883257 7.36633e-06 16
0.889848 4.23561e-05 14
0.865731 2.9604e-09 25
0.888434 4.04003e-05 14
0.873575 2.2556e-07 20
0.909384 0.00290461 9
0.882112 3.27376e-06 17
0.975423 0.651505 2
0.901114 0.000554516 11
0.866315 3.83208e-07 19
0.974968 0.647892 2
0.956425 0.325951 3
0.857327 4.62546e-09 24
0.939853 0.145244 4
0.872099 2.30915e-06 17
0.854703 7.93521e-10 26
0.863879 1.5663e-07 20
0.87658 1.29249e-05 15
0.864313 1.59032e-07 20
0.870828 2.21807e-06 17
0.941744 0.26958 3
0.90021 0.00230965 9
0.944387 0.277388 3
0.903405 0.00512267 8
0.920979 0.0293413 6
0.942168 0.151137 4
0.949403 0.294722 3
0.9033 0.00121144 10
0.968481 0.603146 2
0.927521 0.0337715 6
0.901091 0.00114026 10
0.91195 0.00620389 8
0.929111 0.0654797 5
0.913594 0.00646582 8
0.927038 0.0333963 6
0.968573 0.6037 2
0.949436 0.294849 3
0.951191 0.301824 3
0.961654 0.356085 3
0.937229 0.257994 3
0.887261 0.00847488 7
0.917126 0.109506 4
0.899051 0.0209709 6
0.943259 0.508041 2
0.97115 1 1
0.898532 0.0208448 6
0.909097 0.0492784 5
0.98544 1 1
0.913082 0.105783 4
0.959276 0.557117 2
0.941411 0.504052 2
0.985799 1 1
0.897481 0.0205955 6
0.967184 1 1
0.948376 0.290875 3
0.918488 0.0279703 6
0.903974 0.0051825 8
0.947109 0.286349 3
0.922932 0.0590172 5
0.929998 0.0665574 5
0.944353 0.277281 3
0.954651 0.317171 3
0.919805 0.0286761 6
0.954882 0.318278 3
0.938721 0.142572 4
0.922654 0.0587648 5
0.924919 0.0609132 5
0.947195 0.286652 3
0.956554 0.326616 3
0.951585 0.529795 2
0.876125 0.000304417 11
0.859743 3.67595e-06 16
0.992937 1 1
0.879573 0.000716853 10
0.91481 0.107312 4
0.989501 1 1
0.986168 1 1
0.89828 0.0207842 6
0.981164 1 1
0.928426 0.240403 3
0.879037 0.000710222 10
0.892145 0.00900085 7
0.906447 0.0479186 5
0.92271 0.115601 4
0.957799 0.551208 2
0.90156 0.0457049 5
0.887165 0.00846536 7
0.965845 1 1
0.907076 0.101086 4
0.929578 0.242396 3
0.96302 1 1
0.973169 1 1
0.915873 0.108297 4
0.972681 1 1
0.941174 0.50356 2
0.90662 0.100763 4
0.915328 0.107787 4
0.931221 0.245383 3
0.947599 0.518535 2
0.948916 0.522067 2
0.91745 0.109828 4
0.924351 0.233967 3
0.925215 0.235257 3
0.948603 0.521214 2
0.951924 0.530833 2
0.923479 0.232701 3
0.935006 0.252992 3
0.947559 0.518431 2
0.937577 0.258817 3
0.954272 0.538416 2
0.947717 0.518845 2
0.957282 0.549216 2
0.935612 0.254315 3
0.987268 1 1
0.915804 0.0533564 5
0.921395 0.114051 4
0.88583 0.00174756 9
0.935319 0.253672 3
0.897625 0.00970168 7
0.892867 0.00423427 8
0.931953 0.246774 3
0.936608 0.256554 3
0.882916 0.000761112 10
0.933914 0.250686 3
0.902148 0.0217723 6
0.897954 0.00974823 7
0.889924 0.0018765 9
0.954009 0.537533 2
0.91891 0.111322 4
0.874613 0.000295985 11
0.926711 0.237583 3
0.875105 0.000298677 11
0.894416 0.00927539 7
0.878213 0.000700269 10
0.855756 1.45122e-06 17
0.891236 0.00889673 7
0.894515 0.00928777 7
0.848581 4.1478e-08 21
0.8917 0.00894954 7
0.863298 2.07145e-05 14
0.879121 0.000711252 10
0.859962 3.69591e-06 16
0.947339 0.517858 2
0.884227 0.00170205 9
0.980723 0.699222 2
0.86862 7.57131e-09 24
0.865182 1.28833e-09 26
0.971584 0.623037 2
0.888334 1.89263e-05 15
0.941703 0.149905 4
0.972927 0.632478 2
0.978981 0.682339 2
0.923221 0.0161024 7
0.983491 0.728741 2
0.956117 0.324378 3
0.887357 1.82758e-05 15
0.910867 0.00302808 9
0.89543 0.000224794 12
0.937779 0.0781066 5
0.921112 0.113728 4
0.946125 0.514781 2
0.945127 0.512354 2
0.906577 0.0479825 5
0.961738 0.56779 2
0.924121 0.23363 3
0.904203 0.0468584 5
0.914851 0.107349 4
0.924175 0.233707 3
0.916147 0.108557 4
0.924941 0.234843 3
0.962023 0.569096 2
0.94304 0.507554 2
0.958146 0.552564 2
0.95884 0.555337 2
0.879148 0.000711583 10
0.981076 1 1
0.923735 0.116862 4
0.881297 0.00162506 9
0.920458 0.112993 4
0.873497 0.000290034 11
0.878272 0.000700979 10
0.88592 0.00381443 8
0.872169 0.000126592 12
0.885109 0.00377154 8
0.876556 0.000681069 10
0.92186 0.114591 4
0.890719 0.00883879 7
0.977161 1 1
0.906392 0.0478916 5
0.895862 0.00099894 10
0.934951 0.134547 4
0.889368 0.000403134 11
0.912581 0.012562 7
0.896004 0.00100235 10
0.877246 1.31793e-05 15
0.909296 0.0117743 7
0.914033 0.0258581 6
0.869693 9.60031e-07 18
0.911599 0.0123146 7
0.884908 0.000168041 12
0.896728 0.00214177 9
0.880495 3.16823e-05 14
0.963852 0.577838 2
0.906177 0.00542877 8
0.892399 0.00903057 7
0.942293 0.505923 2
0.983451 1 1
0.871934 0.000126 12
0.98481 1 1
0.907542 0.0484655 5
0.869877 0.000121029 12
0.880473 0.000728258 10
0.915651 0.108089 4
0.882292 0.00165036 9
0.903002 0.0220089 6
0.986814 1 1
0.941739 0.269565 3
0.932446 0.24773 3
0.935539 0.254154 3
0.925151 0.061145 5
0.902661 0.00244446 9
0.872532 1.05719e-06 18
0.953027 0.309687 3
0.887202 8.30467e-05 13
0.896413 0.00101228 10
0.949662 0.295716 3
0.951981 0.305132 3
0.883857 3.49626e-05 14
0.948329 0.290702 3
0.907551 0.00559509 8
0.88724 8.31385e-05 13
0.886408 8.11653e-05 13
0.934899 0.134444 4
0.917172 0.0273039 6
0.869113 4.70415e-06 16
0.983317 1 1
0.923311 0.0593672 5
0.870717 1.09843e-05 15
0.916312 0.053709 5
0.864905 8.23576e-07 18
0.867727 4.5261e-06 16
0.875294 2.75108e-05 14
0.864542 8.14422e-07 18
0.874522 2.69685e-05 14
0.867337 1.99406e-06 17
0.917861 0.0548288 5
0.88407 0.000357294 11
0.965489 0.586244 2
0.897557 0.004584 8
0.94763 0.288183 3
0.918305 0.0278752 6
0.925657 0.0616577 5
0.92397 0.0599877 5
0.949935 0.296778 3
0.951317 0.302344 3
0.922221 0.058377 5
0.933728 0.132206 4
0.94745 0.287547 3
0.936277 0.137225 4
0.953324 0.311018 3
0.949052 0.29339 3
0.957905 0.333806 3
0.936038 0.136732 4
0.986933 1 1
0.909887 0.103175 4
0.948169 0.520043 2
0.910444 0.103611 4
0.916826 0.109212 4
0.919179 0.226965 3
0.896261 0.0203169 6
0.913643 0.10627 4
0.921108 0.229441 3
0.890282 0.00879067 7
0.919868 0.227831 3
0.902496 0.0461025 5
0.91984 0.227796 3
0.90297 0.0463086 5
0.982052 1 1
0.927667 0.239135 3
0.940019 0.145647 4
0.924571 0.0605693 5
0.905164 0.00531253 8
0.942523 0.152094 4
0.922212 0.0300778 6
0.922249 0.0301009 6
0.939547 0.14451 4
0.948956 0.293028 3
0.912944 0.0126563 7
0.948559 0.29155 3
0.930496 0.0671805 5
0.922142 0.0300354 6
0.919903 0.0287307 6
0.954691 0.317362 3
0.950322 0.298305 3
0.94902 0.522354 2
0.866077 2.2026e-05 14
0.850845 1.03077e-07 20
0.991889 1 1
0.87105 0.00012382 12
0.911259 0.0504853 5
0.992823 1 1
0.981061 1 1
0.894031 0.00922736 7
0.977072 1 1
0.925138 0.118669 4
0.870441 0.000122358 12
0.8858 0.00174669 9
0.896053 0.00948682 7
0.915378 0.107835 4
0.910362 0.103546 4
0.959613 0.558515 2
0.929667 0.242554 3
0.908115 0.101837 4
0.938114 0.497548 2
0.904009 0.0467705 5
0.905199 0.0997858 4
0.914249 0.106806 4
0.900989 0.0454681 5
0.914078 0.106654 4
0.907821 0.101623 4
0.938905 0.499042 2
0.917211 0.224588 3
0.985023 1 1
0.937698 0.496779 2
0.944679 0.511293 2
0.922625 0.115498 4
0.907175 0.0482799 5
0.943087 0.507658 2
0.925526 0.235731 3
0.928092 0.239841 3
0.940296 0.501769 2
0.950437 0.526373 2
0.918769 0.111174 4
0.950611 0.526884 2
0.936165 0.255547 3
0.92533 0.235432 3
0.925312 0.235405 3
0.951296 0.528919 2
0.956255 0.545389 2
0.939299 0.499801 2
0.877673 0.00342397 8
0.906924 0.100978 4
0.899048 0.0446928 5
0.932625 0.248083 3
0.977155 1 1
0.898874 0.0446256 5
0.90894 0.102451 4
0.996335 1 1
0.913187 0.105874 4
0.963104 1 1
0.930789 0.24458 3
0.975092 1 1
0.889002 0.0188575 6
0.960571 0.562598 2
0.9366 0.1379 4
0.929379 0.0658009 5
0.935 0.134643 4
0.916799 0.0137588 7
0.957546 0.331854 3
0.940598 0.147076 4
0.91476 0.0131516 7
0.925997 0.0620093 5
0.939031 0.143292 4
0.92801 0.0641988 5
0.941733 0.149984 4
0.957009 0.328992 3
0.954315 0.315579 3
0.945095 0.159498 4
0.976087 0.656919 2
0.89085 0.00041795 11
0.982073 0.713182 2
0.942278 0.151432 4
0.88633 0.000174175 12
0.941272 0.148785 4
0.889687 0.000190342 12
0.883498 7.48437e-05 13
0.892462 0.000435224 11
0.889956 0.00040889 11
0.892454 0.000435137 11
0.891308 0.000422733 11
0.942675 0.152508 4
0.910081 0.0119523 7
0.977046 0.665 2
0.923234 0.0592957 5
0.930277 0.243644 3
0.921306 0.229703 3
0.893471 0.0197183 6
0.944121 0.509996 2
0.908123 0.0487642 5
0.908032 0.0487168 5
0.940797 0.502784 2
0.94764 0.518643 2
0.897773 0.020664 6
0.945728 0.513805 2
0.917342 0.10972 4
0.908234 0.0488219 5
0.903928 0.046734 5
0.953925 0.537253 2
0.934032 0.250931 3
0.87831 2.98107e-05 14
0.989669 1 1
0.931305 0.127901 4
0.877819 2.94151e-05 14
0.926367 0.0623973 5
0.87503 1.23614e-05 15
0.87487 1.23054e-05 15
0.88297 0.000160269 12
0.874816 1.22868e-05 15
0.88246 7.27856e-05 13
0.877235 2.89553e-05 14
0.92787 0.122483 4
0.894514 0.00204727 9
0.973466 0.636422 2
0.908067 0.011507 7
0.876654 0.00151702 9
0.95706 0.548376 2
0.90157 0.0457092 5
0.886647 0.00841421 7
0.901097 0.0455126 5
0.864879 0.000110272 12
0.883476 0.00811732 7
0.889441 0.00869978 7
0.860852 4.4917e-05 13
0.887729 0.0085219 7
0.870043 0.000614626 10
0.902284 0.0460116 5
0.876347 0.00151041 9
0.969707 1 1
0.896419 0.0203523 6
0.941638 0.269282 3
0.929117 0.124364 4
0.920826 0.0571728 5
0.930899 0.127222 4
0.940314 0.265684 3
0.933905 0.132537 4
0.928443 0.123336 4
0.939288 0.143894 4
0.927646 0.122154 4
0.940409 0.265938 3
0.939206 0.143702 4
0.940066 0.265032 3
0.937903 0.140719 4
0.953019 0.309652 3
0.966628 0.592434 2
0.994051 1 1
0.879737 3.10112e-05 14
0.881167 7.03564e-05 13
0.957634 0.550567 2
0.905315 0.00532955 8
0.958244 0.55295 2
0.957698 0.550815 2
0.967815 0.599198 2
0.940259 0.146235 4
0.972599 0.630125 2
0.972633 0.63037 2
0.904229 0.00520985 8
0.92917 0.124447 4
0.904445 0.0052332 8
0.956225 0.324932 3
0.894821 0.00205987 9
0.948884 0.292757 3
0.978237 0.675502 2
0.876291 2.82376e-05 14
0.980666 1 1
0.907411 0.0113699 7
0.874115 2.66904e-05 14
0.884627 0.000361649 11
0.914062 0.0258706 6
0.886233 0.000374779 11
0.903929 0.0107015 7
0.982557 1 1
0.939374 0.263244 3
0.939931 0.26468 3
0.93724 0.258021 3
0.87453 2.69746e-05 14
0.94603 0.282677 3
0.891462 0.000903438 10
0.888064 0.000840989 10
0.891983 0.00091381 10
0.860239 6.08962e-08 21
0.884868 0.00036356 11
0.889919 0.000873995 10
0.85513 9.71454e-09 23
0.887802 0.000388494 11
0.866243 8.58679e-07 18
0.893086 0.00199074 9
0.86928 4.72637e-06 16
0.961514 0.566774 2
0.890853 0.000891583 10
0.941636 0.504523 2
0.920591 0.113141 4
0.900638 0.0453246 5
0.946858 0.516622 2
0.917858 0.110238 4
0.921508 0.229973 3
0.94381 0.509283 2
0.952923 0.533976 2
0.911321 0.104312 4
0.952234 0.531794 2
0.930483 0.24402 3
0.917751 0.11013 4
0.917 0.109382 4
0.951217 0.528681 2
0.947972 0.519518 2
0.955151 0.31958 3
0.865033 6.41793e-09 24
0.852388 1.12042e-11 0
0.991911 1 1
0.873315 2.23198e-07 20
0.91699 0.0138186 7
0.99545 1 1
0.984319 0.738274 2
0.899391 0.000526529 11
0.981551 0.707687 2
0.931014 0.0678446 5
0.872619 2.17044e-07 20
0.889991 9.02708e-05 13
0.894465 0.000218296 12
0.919035 0.0144943 7
73 0 1 2 4 5 6 7 8 9 10 11 12 13 14 15 16 17 18 19 21 22 23 24 26 27 28 29 30 31 32 33 34 35 36 38 39 40 41 42 44 45 46 47 49 50 51 52 53 54 55 56 57 58 59 60 61 62 63 64 65 66 67 69 70 71 72 73 74 75 76 77 78 79 
47 0 2 4 5 6 7 9 11 14 15 16 17 18 19 22 24 26 28 29 33 35 39 40 42 44 45 49 50 51 53 54 55 57 58 60 61 63 64 65 66 67 71 72 73 77 78 79 
65 0 1 2 4 5 6 7 8 9 10 11 12 13 14 15 16 17 18 19 21 22 23 24 26 27 28 29 30 33 35 36 38 39 40 41 42 44 45 46 47 49 50 51 53 54 56 57 58 59 60 61 63 64 65 66 67 69 70 71 72 73 74 76 77 78 
21 2 6 7 9 11 15 16 17 18 22 29 33 42 50 53 54 58 60 65 73 77 
73 0 1 2 3 4 5 6 7 8 9 10 11 12 13 14 15 16 17 18 19 20 21 22 23 24 26 27 28 29 30 33 35 36 37 38 39 40 41 42 44 45 46 47 49 50 51 52 53 54 55 56 57 58 59 60 61 62 63 64 65 66 67 69 70 71 72 73 74 75 76 77 78 79 
76 0 1 2 3 4 5 6 7 8 9 10 11 12 13 14 15 16 17 18 19 20 21 23 24 26 27 28 29 30 31 32 34 35 36 37 38 39 40 41 42 43 44 45 46 47 48 49 50 51 52 53 54 55 56 57 58 59 60 61 62 63 64 65 66 67 69 70 71 72 73 74 75 76 77 78 79 
23 2 6 7 9 11 15 16 17 18 22 29 33 42 45 50 53 54 58 60 65 73 77 79 
60 1 2 4 5 6 7 8 9 10 11 12 13 14 15 16 17 18 21 22 23 26 27 28 29 32 33 36 38 39 40 41 42 44 45 46 47 49 50 51 53 54 56 57 58 59 60 61 63 64 65 66 67 70 71 72 73 74 76 77 78 
78 0 1 2 3 4 5 6 7 8 9 10 11 12 13 14 15 16 17 18 19 20 21 23 24 25 26 27 28 29 30 31 32 34 35 36 37 38 39 40 41 42 43 44 45 46 47 48 49 50 51 52 53 54 55 56 57 58 59 60 61 62 63 64 65 66 67 68 69 70 71 72 73 74 75 76 77 78 79 
24 0 2 6 7 9 11 15 16 17 18 22 29 33 35 42 50 53 54 58 60 65 71 77 79 
77 0 1 2 3 4 5 6 7 8 9 10 11 12 13 14 15 16 17 18 19 20 21 22 23 24 26 27 28 29 30 31 32 34 35 36 37 38 39 40 41 42 43 44 45 46 47 48 49 50 51 52 53 54 55 56 57 58 59 60 61 62 63 64 65 66 67 69 70 71 72 73 74 75 76 77 78 79 
71 0 1 2 4 5 6 7 8 9 10 11 12 13 14 15 16 17 18 19 21 22 23 24 26 27 28 29 30 32 33 35 36 38 39 40 41 42 44 45 46 47 49 50 51 52 53 54 55 56 57 58 59 60 61 62 63 64 65 66 67 69 70 71 72 73 74 75 76 77 78 79 
76 0 1 2 3 4 5 6 7 8 9 10 11 12 13 14 15 16 17 18 19 20 21 22 23 24 26 27 28 29 30 31 32 34 35 36 37 38 39 40 41 42 43 44 45 46 47 49 50 51 52 53 54 55 56 57 58 59 60 61 62 63 64 65 66 67 69 70 71 72 73 74 75 76 77 78 79 
31 0 2 5 6 7 9 11 15 16 17 18 22 26 29 33 35 42 45 50 53 54 57 58 60 61 63 65 71 73 77 79 
67 0 1 2 4 5 6 7 8 9 11 12 13 14 15 16 17 18 19 20 21 22 24 26 27 28 29 30 33 35 36 37 38 39 40 41 42 44 45 47 49 50 51 52 53 54 55 56 57 58 60 61 62 63 64 65 66 67 69 70 71 72 73 74 75 77 78 79 
