40 15 8e+06
1.64371 135580
1.95702 169827
1.23982 110288
2.97343 106887
1.12925 181957
2.09383 112471
1.86976 195468
1.55619 142545
2.50017 116855
1.94306 159208
1.09029 172182
2.10432 153169
1.32284 171678
1.93323 199392
2.00677 114861
1.75325 141469
1.92117 190270
2.29735 127708
1.37819 112457
1.77014 183195
1.852 101338
1.57187 171679
1.84003 183433
2.51951 126307
1.19458 167205
1.47918 166116
1.19237 166668
1.32012 124688
1.61915 155712
1.37425 181747
2.53649 169687
1.95472 183426
1.52137 185435
1.96812 186283
1.84495 185884
1.55418 132717
1.8617 153112
2.14277 106695
1.14662 199939
1.51547 143399
0.944516 0.510911 2
0.928444 0.240433 3
0.967068 1 1
0.964053 1 1
0.952158 0.531559 2
0.964734 1 1
0.961671 0.567485 2
0.955447 0.54248 2
0.987473 1 1
0.985605 1 1
0.940376 0.50193 2
0.919358 0.227189 3
0.960745 0.563356 2
0.951263 0.528818 2
0.93152 0.245948 3
0.862293 6.55498e-08 21
0.937978 0.140886 4
0.896548 0.00213376 9
0.87594 1.26872e-05 15
0.853795 7.6321e-10 26
0.877268 2.89813e-05 14
0.926003 0.0620163 5
0.856668 4.50478e-09 24
0.88131 7.06174e-05 13
0.888126 0.000391442 11
0.845448 7.91432e-12 0
0.915314 0.0264253 6
0.887933 0.000389677 11
0.849365 5.12645e-11 29
0.915976 0.0267302 6
0.920765 0.228989 3
0.911966 0.104842 4
0.941531 0.504303 2
0.987083 1 1
0.934227 0.251338 3
0.98844 1 1
0.954258 0.538371 2
0.937066 0.495632 2
0.978014 1 1
0.959115 0.556456 2
0.922312 0.231065 3
0.898465 0.0444686 5
0.934784 0.252516 3
0.937765 0.496903 2
0.94704 0.517088 2
0.930402 0.0670617 5
0.943664 0.155273 4
0.963806 0.577609 2
0.9541 0.314575 3
0.931969 0.0691092 5
0.955323 0.32042 3
0.984204 0.736926 2
0.935235 0.0738706 5
0.966928 0.594109 2
0.969788 0.611212 2
0.921007 0.0293576 6
0.928347 0.064584 5
0.953782 0.3131 3
0.929783 0.0662924 5
0.946016 0.16236 4
0.925351 0.118953 4
0.973488 0.636589 2
0.948478 0.29125 3
0.8891 0.000859116 10
0.905186 0.010932 7
0.890029 0.00188007 9
0.934501 0.251915 3
0.907343 0.0233321 6
0.909431 0.0240499 6
0.928706 0.123733 4
0.90095 0.010199 7
0.998559 1 1
0.946339 0.283713 3
0.895958 0.00445765 8
0.889936 0.00187689 9
0.97097 0.618894 2
0.905706 0.00263462 9
0.955123 0.31944 3
0.938355 0.141735 4
0.993482 1 1
0.938065 0.141081 4
0.924442 0.0315196 6
0.9969 1 1
0.960695 0.350041 3
0.966587 0.592203 2
0.981003 0.702045 2
0.907586 0.00559939 8
0.960029 0.345983 3
0.986075 0.759631 2
0.893379 0.00021135 12
0.921264 0.113901 4
0.931965 0.246797 3
0.951345 0.529066 2
0.964136 0.579255 2
0.927129 0.121408 4
0.965526 0.586439 2
0.976804 1 1
0.930314 0.243712 3
0.968219 0.601581 2
0.961911 0.56858 2
0.915604 0.0532192 5
0.915367 0.0530585 5
0.942073 0.270506 3
0.927128 0.121406 4
0.956308 0.54558 2
0.956538 0.546428 2
0.945055 0.279495 3
0.990413 1 1
0.94116 0.267963 3
0.951412 0.302737 3
0.941872 0.269938 3
0.961951 0.56876 2
0.954556 0.539382 2
0.965219 0.584816 2
0.986096 1 1
0.942066 0.270488 3
0.940419 0.265964 3
0.981403 1 1
0.945258 0.280149 3
0.919273 0.0559099 5
0.875753 2.78414e-05 14
0.946607 0.284621 3
0.911216 0.0247119 6
0.894602 0.00205086 9
0.869253 4.7227e-06 16
0.89596 0.00445781 8
0.944628 0.27814 3
0.872234 1.14394e-05 15
0.89925 0.00472687 8
0.904723 0.0108457 7
0.860238 1.38373e-07 20
0.921207 0.0574947 5
0.901874 0.0103488 7
0.865438 1.88625e-06 17
0.934246 0.133183 4
0.97065 0.616778 2
0.917918 0.0548712 5
0.967755 0.598846 2
0.943901 0.275889 3
0.979898 0.691071 2
0.943911 0.275919 3
0.937317 0.139432 4
0.983283 1 1
0.96915 0.607221 2
0.980119 0.693229 2
0.968747 0.604749 2
0.917988 0.0549236 5
0.970792 0.617712 2
0.973825 0.639096 2
0.90362 0.00514512 8
0.931254 0.245445 3
0.965175 0.584587 2
0.950204 0.525699 2
0.888215 0.00182028 9
0.909493 0.0494928 5
0.88906 0.00184763 9
0.930244 0.126147 4
0.911449 0.0505959 5
0.909722 0.0496178 5
0.929887 0.125574 4
0.906121 0.022938 6
0.990737 1 1
0.949885 0.524784 2
0.899718 0.0100076 7
0.88495 0.000790812 10
0.966564 0.592077 2
0.926606 0.237416 3
0.976169 1 1
0.946247 0.515083 2
0.970013 1 1
0.946507 0.515734 2
0.94663 0.516044 2
0.973341 1 1
0.972588 1 1
0.989614 1 1
0.959379 0.557542 2
0.924949 0.234856 3
0.976474 1 1
0.9644 0.58059 2
0.910714 0.0501724 5
0.871353 5.56668e-05 13
0.89743 0.0096743 7
0.900257 0.0100902 7
0.937124 0.257749 3
0.880014 0.000328319 11
0.938197 0.260309 3
0.936832 0.257068 3
0.882845 0.000760115 10
0.921716 0.114423 4
0.909903 0.0497175 5
0.868783 2.34364e-05 14
0.875495 0.000135512 12
0.891061 0.00411514 8
0.88266 0.000757527 10
0.984981 1 1
0.895289 0.0201023 6
0.966847 1 1
0.931273 0.245482 3
0.905464 0.0474444 5
0.887171 0.0084659 7
0.906793 0.0480893 5
0.960326 0.561541 2
0.890155 0.00877675 7
0.914317 0.106867 4
0.922739 0.231656 3
0.878445 0.00155686 9
0.940301 0.501779 2
0.922002 0.23064 3
0.882451 0.00363835 8
0.933754 0.250357 3
0.892602 0.00421629 8
0.892098 0.00418256 8
0.913511 0.0518466 5
0.972382 0.628586 2
0.907671 0.0234411 6
0.972901 0.632293 2
0.936057 0.255305 3
0.910164 0.0498625 5
0.94844 0.520771 2
0.929635 0.125174 4
0.896303 0.00952024 7
0.875392 0.000135221 12
0.906331 0.0230043 6
0.913018 0.0515389 5
0.956777 0.547315 2
0.936883 0.138499 4
0.950856 0.300452 3
0.972676 0.630676 2
0.946432 0.284027 3
0.934904 0.134455 4
0.947534 0.287842 3
0.981965 1 1
0.93815 0.260195 3
0.963493 0.57607 2
0.973307 0.635247 2
0.924613 0.0606107 5
0.937396 0.139604 4
0.962131 0.569592 2
0.931087 0.127535 4
0.937359 0.139523 4
0.86166 8.77752e-06 15
0.935651 0.254402 3
0.896224 0.00950955 7
0.878591 0.000704802 10
0.854118 6.0381e-07 18
0.879928 0.000721303 10
0.927535 0.238917 3
0.857023 1.49922e-06 17
0.882913 0.00166659 9
0.888767 0.00397441 8
0.845505 6.92085e-09 23
0.912225 0.0510557 5
0.887355 0.00389319 8
0.850064 1.00723e-07 20
0.920455 0.11299 4
0.866504 3.85669e-07 19
0.910153 0.011969 7
0.899386 0.00226762 9
0.917941 0.0276889 6
0.869957 2.15876e-06 17
0.919218 0.0558666 5
0.940239 0.265488 3
0.872947 5.25747e-06 16
0.909545 0.0118302 7
0.903627 0.00514585 8
0.859168 1.13321e-08 23
0.885815 0.000171907 12
0.889498 0.000404388 11
0.870347 2.18502e-06 17
0.975809 0.654635 2
0.881168 0.00162184 9
0.959212 0.556855 2
0.915664 0.108101 4
0.887697 0.00391248 8
0.871206 0.000278485 11
0.889009 0.008654 7
0.941314 0.503849 2
0.874074 0.000654169 10
0.896327 0.0203316 6
0.905478 0.0474514 5
0.863133 2.06406e-05 14
0.935447 0.253952 3
0.907225 0.0483051 5
0.86601 4.97205e-05 13
0.919761 0.112229 4
0.911297 0.0505073 5
0.925711 0.236015 3
0.940865 0.502923 2
0.964328 0.580226 2
0.918411 0.110802 4
0.965798 0.587893 2
0.971346 1 1
0.921508 0.114182 4
0.960804 0.563616 2
0.951596 0.529828 2
0.906839 0.0481119 5
0.907428 0.0484077 5
0.931626 0.246148 3
0.919366 0.111805 4
0.966351 0.590897 2
0.922817 0.0304548 6
0.91223 0.0124725 7
0.942986 0.153366 4
0.987024 1 1
0.936477 0.137641 4
0.988229 1 1
0.953941 0.313835 3
0.939319 0.143967 4
0.980304 0.695043 2
0.960955 0.351653 3
0.924534 0.0605333 5
0.899229 0.00108593 10
0.936451 0.137588 4
0.940006 0.145617 4
0.944948 0.159049 4
0.923754 0.0163316 7
0.984729 0.743122 2
0.959397 0.342245 3
0.914346 0.00659279 8
0.91198 0.00312708 9
0.91549 0.00679521 8
0.966836 0.393479 3
0.914847 0.00668002 8
0.930766 0.036527 6
0.945503 0.160751 4
0.90423 0.00124381 10
0.964133 0.372927 3
0.951012 0.180136 4
0.905402 0.00128682 10
0.921788 0.0155147 7
0.890625 0.0191574 6
0.953851 0.537006 2
0.926872 0.237842 3
0.912051 0.104912 4
0.885676 0.00832034 7
0.913429 0.106084 4
0.963328 1 1
0.888741 0.0188104 6
0.917203 0.224578 3
0.922023 0.230668 3
0.876165 0.00336205 8
0.927668 0.239136 3
0.91698 0.224318 3
0.88223 0.00800772 7
0.946953 0.516864 2
0.911615 0.104552 4
0.915569 0.108012 4
0.937029 0.495564 2
0.976273 1 1
0.922359 0.231129 3
0.97775 1 1
0.96034 0.5616 2
0.925303 0.23539 3
0.966081 1 1
0.951412 0.529269 2
0.910581 0.103719 4
0.899072 0.0447023 5
0.928865 0.241153 3
0.924971 0.234888 3
0.960806 0.563625 2
0.92096 0.229245 3
0.941328 0.503879 2
0.95435 0.53868 2
0.954008 0.537529 2
0.923397 0.232584 3
0.955373 0.542221 2
0.987183 1 1
0.926625 0.237447 3
0.961107 0.564953 2
0.960326 0.561541 2
0.912318 0.105135 4
0.923296 0.232441 3
0.944256 0.510306 2
0.921998 0.230635 3
0.955511 0.542709 2
0.889033 4.12111e-05 14
0.965705 0.38458 3
0.917103 0.00710087 8
0.87032 1.81851e-08 23
0.872159 4.37002e-08 22
0.871462 4.23642e-08 22
0.922944 0.0159853 7
0.874577 2.34999e-07 20
0.885419 7.97161e-06 16
0.900657 0.000546855 11
0.86666 3.09544e-09 25
0.959538 0.343068 3
0.912038 0.00621729 8
0.864401 1.23957e-09 26
0.888461 1.90133e-05 15
0.851786 1.08596e-11 0
0.924978 0.0318893 6
0.88603 8.1564e-06 16
0.871027 4.15581e-08 22
0.844701 7.63533e-12 0
0.872355 4.40856e-08 22
0.917975 0.0141361 7
0.847589 8.7854e-12 0
0.874077 1.04723e-07 21
0.879111 1.34623e-06 18
0.836057 5.13104e-12 0
0.902172 0.000572979 11
0.877196 5.72681e-07 19
0.840922 6.39323e-12 0
0.915535 0.00680337 8
0.968332 0.602253 2
0.93167 0.128523 4
0.959099 0.55639 2
0.897753 0.00460002 8
0.941303 0.268354 3
0.898143 0.00463239 8
0.919273 0.0559099 5
0.942199 0.270865 3
0.922682 0.115566 4
0.943499 0.27467 3
0.941749 0.269593 3
0.948396 0.29095 3
0.968001 0.600291 2
0.929758 0.125368 4
0.874981 6.04298e-05 13
0.88928 4.1553e-05 14
0.969699 0.610649 2
0.923234 0.0307208 6
0.889377 4.16884e-05 14
0.877779 1.27912e-06 18
0.890653 4.35376e-05 14
0.944089 0.1565 4
0.880591 3.09229e-06 17
0.900274 0.000540562 11
0.911321 0.00610884 8
0.870139 3.99766e-08 22
0.946339 0.163392 4
0.915266 0.00675463 8
0.871916 9.54746e-08 21
0.91599 0.00688737 8
0.896853 0.0204507 6
0.938411 0.260831 3
0.91058 0.103718 4
0.851754 5.67021e-07 18
0.873711 0.000650414 10
0.852621 1.34154e-06 17
0.896049 0.0202696 6
0.875279 0.000666972 10
0.871861 0.000281702 11
0.891097 0.00888112 7
0.872042 0.0002826 11
0.959241 0.556976 2
0.910936 0.104002 4
0.863765 4.75309e-05 13
0.855003 3.28015e-06 16
0.848517 9.19898e-12 0
0.924502 0.0315607 6
0.881911 1.52109e-05 15
0.861554 2.43994e-09 25
0.839543 6.00131e-12 0
0.862864 5.83192e-09 24
0.910328 0.00596461 8
0.842354 6.83284e-12 0
0.8664 3.41446e-08 22
0.873173 1.08114e-06 18
0.831472 4.20157e-12 0
0.903872 0.00251687 9
0.873642 1.09917e-06 18
0.835054 4.90876e-12 0
0.903204 0.0024764 9
0.868089 0.000597046 10
0.883252 0.00809731 7
0.893144 0.0196515 6
0.942084 0.505474 2
0.880342 0.00354005 8
0.942795 0.507015 2
0.924812 0.23465 3
0.882931 0.00806888 7
0.921388 0.229812 3
0.905858 0.100234 4
0.869169 0.000606646 10
0.863073 0.000243484 11
0.884817 0.00823957 7
0.88474 0.00823243 7
0.966898 1 1
0.930637 0.244302 3
0.936418 0.49448 2
0.933762 0.250373 3
0.870552 0.000619358 10
0.904935 0.0471959 5
0.871184 0.000625348 10
0.90511 0.0472775 5
0.906024 0.0477128 5
0.893649 0.019755 6
0.914464 0.106998 4
0.905111 0.0472783 5
0.96252 0.571408 2
0.93807 0.497467 2
0.893989 0.0198256 6
0.860373 4.45091e-05 13
0.924377 0.117676 4
0.959255 0.557031 2
0.961514 0.566774 2
0.937635 0.258955 3
0.920591 0.113141 4
0.938897 0.262038 3
0.992426 1 1
0.923774 0.11691 4
0.950289 0.525946 2
0.958314 0.55323 2
0.910665 0.0501445 5
0.940173 0.265313 3
0.950876 0.527665 2
0.916709 0.109098 4
0.943343 0.50823 2
0.917598 0.109976 4
0.926745 0.237638 3
0.946291 0.515195 2
0.968004 1 1
0.925071 0.23504 3
0.969451 1 1
0.971849 1 1
0.928193 0.24001 3
0.967607 1 1
0.958194 0.552752 2
0.913417 0.106073 4
0.909941 0.103217 4
0.937338 0.496122 2
0.925933 0.236359 3
0.959416 0.557698 2
0.973727 0.63836 2
0.909702 0.0241472 6
0.959343 0.557397 2
0.938253 0.260444 3
0.990149 1 1
0.938062 0.259981 3
0.927541 0.122002 4
0.993461 1 1
0.961719 0.567702 2
0.969898 0.611913 2
0.978797 1 1
0.91168 0.0248918 6
0.964369 0.580431 2
0.981682 1 1
0.895076 0.00439123 8
0.986098 1 1
0.915827 0.108254 4
0.96484 1 1
0.928838 0.241107 3
0.981764 1 1
0.928826 0.241086 3
0.927297 0.238529 3
0.983338 1 1
0.95369 0.536471 2
0.968036 1 1
0.976647 1 1
0.92071 0.228918 3
0.972622 1 1
0.970267 1 1
0.89064 0.0191601 6
0.973509 1 1
0.895537 0.0433972 5
0.9436 0.508807 2
0.921898 0.230499 3
0.987677 1 1
0.921509 0.229975 3
0.909052 0.102535 4
0.984615 1 1
0.943038 0.507549 2
0.950446 0.526401 2
0.998736 1 1
0.901303 0.0455978 5
0.951118 0.528385 2
0.979249 1 1
0.876985 0.00339542 8
0.858388 2.97307e-07 19
0.935974 0.255119 3
0.891751 0.00194078 9
0.867332 4.47727e-06 16
0.848423 1.41793e-09 25
0.86864 1.04061e-05 15
0.918152 0.0550463 5
0.851222 8.42888e-09 23
0.873888 5.89231e-05 13
0.881949 0.000341568 11
0.840561 1.47696e-11 30
0.915493 0.0531441 5
0.883658 0.000354132 11
0.843467 9.19663e-11 28
0.905531 0.0227538 6
0.922073 0.230738 3
0.903239 0.0464268 5
0.9373 0.25816 3
0.99363 1 1
0.939139 0.499491 2
0.993374 1 1
0.943604 0.508817 2
0.941664 0.504583 2
0.978816 1 1
0.956793 0.547376 2
0.927406 0.238705 3
0.891671 0.00894621 7
0.932097 0.247051 3
0.944529 0.510941 2
0.937052 0.257579 3
35 0 1 2 3 4 5 6 7 8 9 10 11 12 13 14 15 16 17 18 19 20 21 22 23 24 25 28 29 31 33 34 35 36 38 39 
25 1 2 3 6 8 12 13 14 16 17 18 19 20 21 22 23 24 25 26 28 30 31 33 34 38 
30 0 1 2 3 4 6 7 8 12 13 14 15 16 17 18 19 20 21 22 23 24 25 26 28 30 31 33 34 38 39 
39 0 1 2 3 4 5 6 7 8 9 10 11 12 13 14 15 16 17 18 19 20 21 22 23 24 25 26 27 28 29 30 31 32 33 34 35 36 38 39 
37 0 1 2 3 4 5 6 7 8 9 10 11 12 13 14 15 16 17 18 19 20 21 22 23 24 25 27 28 29 31 32 33 34 35 36 38 39 
34 0 1 2 3 4 6 7 8 10 11 12 13 14 15 16 17 18 19 20 21 22 23 24 25 26 27 28 29 30 31 32 33 34 38 
14 1 8 12 13 16 17 18 22 25 26 28 30 31 38 
37 0 1 2 3 4 5 6 7 8 9 10 11 12 13 14 15 16 17 18 19 20 21 22 23 24 25 27 28 29 31 32 33 34 35 36 38 39 
27 1 2 3 6 8 12 13 14 15 16 17 18 19 20 21 22 23 24 25 26 28 30 31 33 34 38 39 
32 0 1 2 3 4 6 7 8 10 12 13 14 15 16 17 18 19 21 22 23 24 25 26 27 28 29 30 31 32 33 34 38 
37 0 2 3 4 5 6 7 8 9 10 11 12 13 14 15 16 17 18 19 20 21 22 23 24 25 27 28 29 31 32 33 34 35 36 37 38 39 
27 1 2 3 4 6 8 12 13 14 15 16 17 18 19 20 21 22 23 24 25 26 28 30 31 33 34 38 
33 0 1 2 3 4 6 7 8 10 11 12 13 14 15 16 17 18 19 20 21 22 23 24 25 26 28 29 30 31 33 34 38 39 
38 0 1 2 3 4 5 6 7 8 9 10 11 12 13 14 15 16 17 18 19 20 21 22 23 24 25 27 28 29 31 32 33 34 35 36 37 38 39 
5 12 17 26 30 31 
