70 15 8e+06
1.84456 181980
1.77642 188136
2.90713 182824
1.34544 190583
2.55228 103867
1.73189 163432
2.16536 108448
1.62534 132484
2.8951 112640
2.21993 116095
1.7829 182175
2.97383 182679
1.72664 156695
2.15865 102295
2.73585 178894
2.36555 184860
1.12828 140921
1.731 167461
2.7914 133638
1.27564 107307
1.72779 119607
1.78724 121172
1.71838 128509
1.79187 137215
1.68163 111232
2.45183 164909
1.96252 159814
2.59355 155287
1.5627 155280
1.55466 103237
1.95858 134858
2.80748 154077
1.77124 195673
2.948 194212
1.55329 169186
1.81113 123668
1.3321 137292
1.622 166714
2.07894 191852
1.65308 115738
1.63531 148575
1.43489 177070
1.15398 172521
1.77872 159761
1.6826 150807
1.56649 145591
2.72542 162528
2.58954 110384
2.54082 169841
2.36813 115226
2.65051 152546
2.14058 197838
2.13143 187973
1.12089 139216
1.07996 145148
1.99329 171168
2.60069 188978
1.55345 127773
1.45075 179903
2.53589 152419
1.16161 156407
1.33541 199764
1.09327 125701
1.67803 103676
2.78766 178336
1.26916 198036
1.44862 163235
1.38905 166341
1.94403 194644
1.00133 121794
0.923172 0.0306807 6
0.893093 0.000209587 12
0.93227 0.0695191 5
0.944993 0.159187 4
0.909193 0.00580788 8
0.940051 0.145727 4
0.887921 3.97255e-05 14
0.873739 2.27068e-07 20
0.876347 1.21226e-06 18
0.907228 0.00274051 9
0.917376 0.0139414 7
0.910758 0.00602632 8
0.910644 0.00600982 8
0.880903 6.78302e-06 16
0.928296 0.0645257 5
0.954576 0.53945 2
0.974644 0.645357 2
0.924783 0.118203 4
0.897605 0.00458796 8
0.91926 0.0558998 5
0.952026 0.531147 2
0.960092 0.560539 2
0.950392 0.298586 3
0.861833 3.30856e-07 19
0.96245 0.571077 2
0.879726 0.000148608 12
0.919169 0.0558281 5
0.887211 0.000826632 10
0.963221 0.57475 2
0.916355 0.0537392 5
0.971673 1 1
0.94925 0.522992 2
0.950681 0.52709 2
0.926217 0.236803 3
0.934099 0.25107 3
0.985393 1 1
0.939223 0.499653 2
0.92469 0.234468 3
0.873796 0.000651291 10
0.960998 0.564467 2
0.902168 0.0459619 5
0.934863 0.252686 3
0.905502 0.0474628 5
0.935094 0.253182 3
0.936222 0.255675 3
0.965938 0.588649 2
0.903924 0.00517723 8
0.99545 1 1
0.892042 0.000430602 11
0.978581 0.678639 2
0.935535 0.135708 4
0.892108 0.000431319 11
0.879497 1.41021e-05 15
0.832478 4.38747e-12 0
0.954039 0.314288 3
0.865402 7.35825e-08 21
0.98026 0.694606 2
0.864808 7.19456e-08 21
0.890727 0.000416683 11
0.892001 0.000430153 11
0.905492 0.0474579 5
0.880426 0.00354385 8
0.914473 0.107007 4
0.947432 0.518099 2
0.891998 0.0194222 6
0.925665 0.235944 3
0.876776 0.00151968 9
0.863029 0.000106698 12
0.88078 0.00355999 8
0.889973 0.0190353 6
0.923076 0.23213 3
0.893555 0.0197355 6
0.913607 0.106238 4
0.86907 0.000268458 11
0.924862 0.234725 3
0.908731 0.0490829 5
0.960367 0.561715 2
0.885234 0.00377806 8
0.923792 0.233151 3
0.87169 0.000280854 11
0.939949 0.501076 2
0.972153 1 1
0.965353 0.58552 2
0.914473 0.107007 4
0.907631 0.0485107 5
0.919245 0.111676 4
0.872145 0.000283112 11
0.931942 0.246752 3
0.96169 0.567568 2
0.951557 0.529709 2
0.873215 0.00144617 9
0.848244 1.20698e-06 17
0.885548 0.00830822 7
0.922807 0.231751 3
0.864845 0.000110204 12
0.891361 0.019298 6
0.845462 2.06343e-07 19
0.832445 3.36494e-10 26
0.866734 0.000258209 11
0.858026 1.85437e-05 14
0.906885 0.10095 4
0.866404 0.000256821 11
0.89434 0.0198991 6
0.837654 5.36503e-09 23
0.897011 0.0439256 5
0.983246 0.725984 2
0.929974 0.0665272 5
0.973407 0.635984 2
0.914016 0.0129437 7
0.954653 0.317177 3
0.964888 0.58309 2
0.918775 0.0281204 6
0.905108 0.00530632 8
0.856648 3.7877e-10 27
0.966083 0.589436 2
0.887939 8.48595e-05 13
0.95567 0.322131 3
0.889102 0.000187341 12
0.916094 0.0135425 7
0.918257 0.0278504 6
0.913868 0.0520732 5
0.937328 0.258228 3
0.898075 0.00462667 8
0.962561 0.571598 2
0.879442 0.000147659 12
0.954132 0.537947 2
0.94135 0.268485 3
0.929382 0.124777 4
0.929004 0.124191 4
0.906094 0.0229293 6
0.951972 0.530981 2
0.880337 0.000330464 11
0.960473 0.562175 2
0.930791 0.127042 4
0.990979 1 1
0.903468 0.0986473 4
0.896498 0.043739 5
0.902415 0.0460677 5
0.981142 1 1
0.880043 0.00352661 8
0.935894 0.493566 2
0.896042 0.0435758 5
0.882979 0.00807318 7
0.911992 0.104863 4
0.88991 0.0190235 6
0.955452 0.5425 2
0.881405 0.0079371 7
0.946465 0.515628 2
0.886887 0.0184859 6
0.954454 0.539036 2
0.94138 0.503987 2
0.991788 1 1
0.912576 0.105352 4
0.903091 0.0463615 5
0.904773 0.0471207 5
0.951163 0.528518 2
0.977026 1 1
0.966351 0.590897 2
0.873746 0.000291339 11
0.94659 0.515943 2
0.888125 0.00393697 8
0.904817 0.047141 5
0.897098 0.0205068 6
0.979173 1 1
0.924989 0.234916 3
0.939569 0.144562 4
0.905716 0.00263526 9
0.946867 0.285511 3
0.94101 0.148116 4
0.923218 0.0307102 6
0.953459 0.311626 3
0.899184 0.00108467 10
0.884743 3.59203e-05 14
0.873519 4.95997e-07 19
0.923345 0.0307924 6
0.912402 0.0125162 7
0.924745 0.0317277 6
0.90825 0.00568374 8
0.89287 0.000208228 12
0.930852 0.0676349 5
0.937724 0.140323 4
0.909949 0.0119221 7
0.941088 0.267766 3
0.949223 0.294038 3
0.917648 0.0275406 6
0.957875 0.551503 2
0.904293 0.010767 7
0.889801 0.000871817 10
0.8814 7.0784e-05 13
0.922026 0.0582045 5
0.920332 0.0567621 5
0.919106 0.0557789 5
0.916452 0.0269549 6
0.8974 0.00217224 9
0.939206 0.262817 3
0.985821 1 1
0.924665 0.234431 3
0.980982 1 1
0.905162 0.0473019 5
0.964248 0.579819 2
0.955565 0.542899 2
0.912784 0.105528 4
0.899709 0.0211343 6
0.848082 4.08465e-08 21
0.969395 1 1
0.879158 0.000711714 10
0.965228 0.584865 2
0.880201 0.00159813 9
0.911046 0.0503622 5
0.909078 0.049268 5
0.884577 0.00821737 7
0.902701 0.046191 5
0.874464 0.00147111 9
0.971756 1 1
0.854282 7.44717e-06 15
0.923399 0.232587 3
0.908055 0.101793 4
0.898286 0.0444003 5
0.954126 0.537925 2
0.874991 0.0014819 9
0.988243 1 1
0.855362 7.6221e-06 15
0.9914 1 1
0.897677 0.0441713 5
0.970287 1 1
0.924223 0.0602306 5
0.914123 0.0129733 7
0.920723 0.029193 6
0.972791 0.631499 2
0.898309 0.00221487 9
0.95719 0.329948 3
0.911787 0.0123611 7
0.897755 0.00104617 10
0.903604 0.00514342 8
0.910577 0.0120681 7
0.943246 0.273916 3
0.899618 0.00227931 9
0.939527 0.144462 4
0.903204 0.00510192 8
0.960401 0.561862 2
0.944088 0.156497 4
0.978186 0.675045 2
0.914601 0.0131066 7
0.891992 0.000203013 12
0.910098 0.00593218 8
0.94352 0.154863 4
0.964678 0.582008 2
0.957805 0.333259 3
0.861073 1.05657e-09 26
0.953119 0.3101 3
0.875982 1.19602e-06 18
0.909914 0.0059065 8
0.88444 3.55878e-05 14
0.970499 0.61579 2
0.912469 0.00628436 8
0.956752 0.327647 3
0.895724 0.00099566 10
0.98744 1 1
0.889646 0.000405836 11
0.974901 0.64736 2
0.929221 0.0656108 5
0.884243 7.63806e-05 13
0.871542 2.2686e-06 17
0.828794 3.74906e-12 0
0.944787 0.278642 3
0.862771 6.67037e-08 21
0.976663 0.661733 2
0.861316 2.79339e-08 22
0.882563 7.2987e-05 13
0.887568 0.00017985 12
0.944545 0.277881 3
0.924798 0.118222 4
0.939908 0.26462 3
0.953014 0.534269 2
0.91751 0.0545687 5
0.97304 0.633296 2
0.919417 0.111859 4
0.904696 0.0225002 6
0.88866 0.00183459 9
0.930152 0.125999 4
0.924826 0.118258 4
0.918784 0.11119 4
0.923686 0.1168 4
0.912245 0.0510674 5
0.950403 0.526274 2
0.938732 0.142596 4
0.949395 0.173938 4
0.921718 0.0154871 7
0.952162 0.305908 3
0.903239 0.00120937 10
0.980111 0.693143 2
0.947247 0.166374 4
0.932478 0.0698057 5
0.904457 0.00125196 10
0.93003 0.0665968 5
0.931584 0.0685925 5
0.904118 0.00123983 10
0.936709 0.0762632 5
0.938417 0.0792494 5
0.968734 0.604675 2
0.876733 5.62141e-07 19
0.859851 8.60693e-11 29
0.884181 7.61648e-06 16
0.94206 0.15085 4
0.862459 5.01105e-10 27
0.901064 0.000553668 11
0.858569 3.54906e-11 30
0.845852 8.07032e-12 0
0.887759 1.85394e-05 15
0.862038 2.17845e-10 28
0.928534 0.034586 6
0.863967 1.21352e-09 26
0.915259 0.00675352 8
0.850033 9.92715e-12 0
0.914771 0.00666679 8
0.925543 0.235757 3
0.908903 0.0491743 5
0.925374 0.235499 3
0.965592 0.586788 2
0.902472 0.0460924 5
0.954209 0.538206 2
0.905554 0.0474873 5
0.891382 0.00891329 7
0.895899 0.0202363 6
0.910983 0.0503259 5
0.936272 0.255788 3
0.903861 0.046704 5
0.93142 0.245758 3
0.897459 0.0205904 6
0.951228 0.528714 2
0.923644 0.116748 4
0.914453 0.0524511 5
0.919805 0.112276 4
0.973871 1 1
0.897459 0.00967836 7
0.957085 0.54847 2
0.912292 0.0510955 5
0.8983 0.00979778 7
0.904727 0.0225095 6
0.910123 0.0498396 5
0.944326 0.277196 3
0.898759 0.00986441 7
0.940698 0.266708 3
0.903634 0.0221888 6
0.961546 0.566918 2
0.880997 0.00356992 8
0.8574 1.83098e-05 14
0.8919 0.0194028 6
0.932593 0.248019 3
0.870578 0.000619607 10
0.900711 0.0453542 5
0.854723 7.51788e-06 15
0.841589 3.36535e-08 21
0.874183 0.00146542 9
0.865783 0.000254237 11
0.915255 0.10772 4
0.872135 0.000634554 10
0.90303 0.0463345 5
0.84678 4.99085e-07 18
0.906756 0.100859 4
0.907267 0.0483265 5
0.885761 0.0038059 8
0.913765 0.106377 4
0.955417 0.542377 2
0.891049 0.00887563 7
0.930471 0.243997 3
0.88265 0.00364795 8
0.868934 0.000118864 12
0.887852 0.00853437 7
0.892027 0.0089872 7
0.930415 0.243895 3
0.892567 0.00905034 7
0.921192 0.113819 4
0.87464 0.000660124 10
0.93252 0.247876 3
0.889162 0.000401143 11
0.915574 0.0265439 6
0.875383 1.24862e-05 15
0.961419 0.566344 2
0.856399 1.95077e-09 25
0.928523 0.0647879 5
0.922467 0.058596 5
0.913593 0.0256702 6
0.954843 0.318089 3
0.881327 7.06495e-05 13
0.970632 0.616658 2
0.857343 4.62847e-09 24
0.984779 1 1
0.911921 0.0123946 7
0.976885 0.66362 2
0.862732 7.70895e-07 18
0.883392 0.000352117 11
0.853317 9.088e-09 23
0.951036 0.528139 2
0.833405 4.56729e-12 0
0.900634 0.010149 7
0.89015 0.0018842 9
0.882228 0.000343561 11
0.970817 0.617881 2
0.853504 9.1504e-09 23
0.980768 1 1
0.834481 4.78692e-12 0
0.979042 1 1
0.879996 0.000149518 12
0.947048 0.286137 3
0.969489 0.609325 2
0.90689 0.00134531 10
0.985702 0.754957 2
0.885406 7.96772e-06 16
0.987454 0.777563 2
0.932949 0.0704646 5
0.894377 0.000103916 13
0.882468 3.31838e-06 17
0.828188 3.65454e-12 0
0.961468 0.354893 3
0.859422 1.64342e-11 0
0.988602 0.793326 2
0.85981 3.79777e-11 30
0.894059 0.000102821 13
0.887725 1.85166e-05 15
0.901703 0.00115924 10
0.955881 0.323188 3
0.877962 2.81199e-06 17
0.917967 0.0141335 7
0.864933 6.38945e-09 24
0.931935 0.0690634 5
0.969169 0.607339 2
0.966332 0.590798 2
0.915127 0.0132567 7
0.901313 0.00114709 10
0.915748 0.0134388 7
0.865346 1.4586e-08 23
0.929132 0.0655041 5
0.95993 0.345392 3
0.945642 0.161181 4
0.929929 0.125641 4
0.936791 0.138304 4
0.916974 0.0272068 6
0.965446 0.586016 2
0.896942 0.00215136 9
0.970684 0.617001 2
0.935995 0.136643 4
0.921898 0.0580921 5
0.911783 0.024932 6
0.919614 0.0561803 5
0.942979 0.273124 3
0.897967 0.00219862 9
0.946212 0.283287 3
0.926684 0.0627358 5
0.977212 0.666436 2
0.883025 0.00166956 9
0.871775 0.000125603 12
0.886812 0.00386291 8
0.95811 0.552421 2
0.86469 2.13552e-05 14
0.911349 0.0505372 5
0.871391 0.000124655 12
0.858827 3.5942e-06 16
0.902458 0.0218575 6
0.868859 5.27497e-05 13
0.944587 0.511078 2
0.866142 2.2058e-05 14
0.931358 0.245641 3
0.862429 8.9367e-06 15
0.930126 0.243372 3
0.935786 0.254699 3
0.904866 0.0471638 5
0.942099 0.505507 2
0.945242 0.512629 2
0.918566 0.110962 4
0.95262 0.53301 2
0.898932 0.0209419 6
0.884511 0.0037406 8
0.877145 0.00152775 9
0.919774 0.112243 4
0.916567 0.10896 4
0.92008 0.112577 4
0.911986 0.104858 4
0.892252 0.0194723 6
0.933711 0.250268 3
0.982929 1 1
0.934944 0.134534 4
0.967916 0.599791 2
0.91693 0.0271856 6
0.950026 0.297136 3
0.969935 0.612143 2
0.92387 0.0598922 5
0.910034 0.0119417 7
0.860588 2.71741e-08 22
0.966679 0.592713 2
0.891226 0.00089881 10
0.950953 0.300846 3
0.892896 0.000932578 10
0.920966 0.0572903 5
0.922476 0.0586044 5
0.915084 0.0528685 5
0.959094 0.556372 2
0.892962 0.00424074 8
0.934435 0.251776 3
0.878031 0.000143099 12
0.949392 0.523391 2
0.967389 0.596731 2
0.95689 0.547736 2
0.91723 0.0543645 5
0.912137 0.0510025 5
0.927428 0.121837 4
0.878599 0.000144906 12
0.939139 0.262647 3
0.956324 0.545639 2
0.962235 0.570076 2
0.952744 0.533405 2
0.91101 0.0503416 5
0.96128 0.565721 2
0.930014 0.125777 4
0.937275 0.258102 3
0.957282 0.54922 2
0.90278 0.0105007 7
0.888403 0.0018263 9
0.864922 4.19607e-06 16
0.936065 0.255322 3
0.901778 0.0103329 7
0.938797 0.261788 3
0.89922 0.00993267 7
0.89761 0.00969958 7
0.924457 0.117779 4
0.957125 0.548622 2
0.895476 0.0201431 6
0.986491 1 1
0.886038 0.00835509 7
0.979596 1 1
0.927128 0.238254 3
0.883714 0.0081387 7
0.871273 0.000626194 10
0.825916 7.99665e-12 30
0.946377 0.515408 2
0.859354 4.36613e-05 13
0.981354 1 1
0.858205 4.27361e-05 13
0.88244 0.00802595 7
0.884717 0.00823031 7
0.869636 1.93211e-07 20
0.896938 0.000490636 11
0.857085 1.69727e-10 28
0.949168 0.293826 3
0.83806 5.61127e-12 0
0.908171 0.00567348 8
0.904938 0.00258408 9
0.897911 0.00105026 10
0.975687 0.653644 2
0.861807 2.46787e-09 25
0.97291 0.63236 2
0.839026 5.8617e-12 0
0.985056 0.747037 2
0.894733 0.000461861 11
0.955833 0.32295 3
0.932194 0.0694155 5
0.891725 0.000201474 12
0.94723 0.166318 4
0.928431 0.0646812 5
0.924507 0.0315639 6
0.938295 0.141599 4
0.884601 1.66159e-05 15
0.870409 8.9678e-08 21
0.861075 1.05666e-09 26
0.915832 0.0134638 7
0.900664 0.00112737 10
0.926149 0.0327281 6
0.89514 0.00046695 11
0.878831 2.90028e-06 17
0.915622 0.0134016 7
0.923434 0.232637 3
0.910464 0.103626 4
0.921695 0.230224 3
0.970518 1 1
0.899024 0.0446836 5
0.954453 0.53903 2
0.907786 0.101596 4
0.893737 0.0427805 5
0.900634 0.0453228 5
0.909341 0.102755 4
0.940993 0.503186 2
0.900377 0.0452186 5
0.936361 0.49438 2
0.899376 0.0448208 5
0.955946 0.544266 2
0.907444 0.0484155 5
0.881833 0.0016386 9
0.916473 0.10887 4
0.947382 0.517968 2
0.893937 0.00921568 7
0.927296 0.238526 3
0.87802 0.000697987 10
0.864218 4.79595e-05 13
0.88031 0.00160075 9
0.891876 0.00896974 7
0.922533 0.115388 4
0.895495 0.0201474 6
0.91336 0.106024 4
0.870382 0.000122218 12
0.925366 0.235487 3
0.959581 0.558383 2
0.924692 0.118084 4
0.957541 0.55021 2
0.935437 0.25393 3
0.934763 0.134178 4
0.971919 0.625343 2
0.916575 0.0538945 5
0.90196 0.0103629 7
0.872924 2.5901e-05 14
0.943618 0.27503 3
0.907761 0.0234711 6
0.93607 0.255334 3
0.907079 0.0232454 6
0.911171 0.0246945 6
0.934687 0.134031 4
0.940259 0.265539 3
0.947195 0.517487 2
0.924141 0.117374 4
0.953045 0.534366 2
0.905245 0.0226661 6
0.981923 1 1
0.94448 0.510827 2
0.92966 0.24254 3
0.902911 0.0219835 6
0.930882 0.244753 3
0.931289 0.245511 3
0.906162 0.0229507 6
0.935702 0.254514 3
0.935889 0.254929 3
0.967534 0.597566 2
0.957369 0.330907 3
0.922422 0.0302075 6
0.956875 0.328291 3
0.936317 0.137308 4
0.933795 0.13233 4
0.969886 0.611836 2
0.914504 0.0130795 7
0.899897 0.00229351 9
0.873029 1.07569e-06 18
0.941309 0.14888 4
0.908414 0.00570485 8
0.935141 0.13492 4
0.907327 0.00556724 8
0.908976 0.00577887 8
0.934449 0.133572 4
0.977222 0.666517 2
0.95559 0.54299 2
0.946706 0.284958 3
0.901739 0.0103265 7
0.940027 0.264929 3
0.960284 0.561358 2
0.941838 0.269844 3
0.930098 0.125911 4
0.856323 2.3241e-08 22
0.98196 1 1
0.880005 0.000149548 12
0.940096 0.26511 3
0.885066 0.000365153 11
0.942439 0.271552 3
0.915301 0.0530138 5
0.908584 0.0490051 5
0.922932 0.115869 4
0.897014 0.00961673 7
0.978871 1 1
0.876828 0.00030849 11
0.948512 0.520964 2
0.925866 0.119646 4
0.913794 0.0520262 5
0.932216 0.247281 3
0.898746 0.00986261 7
0.964503 0.581113 2
0.877882 0.000314797 11
0.968274 0.601909 2
0.915606 0.0532209 5
0.99168 1 1
0.870037 2.4141e-05 14
0.902312 0.0218172 6
0.855548 2.73168e-07 19
0.942213 0.270905 3
0.837312 5.4258e-12 0
0.908309 0.0236571 6
0.911427 0.0505827 5
0.905555 0.0227613 6
0.974797 1 1
0.863328 4.02469e-06 16
0.962289 0.570327 2
0.838195 1.33159e-11 30
0.976603 1 1
0.901361 0.0102649 7
0.954721 0.539947 2
0.878895 6.33925e-06 16
0.904439 0.00255215 9
0.866346 3.40699e-08 22
0.957967 0.334148 3
0.84711 8.58069e-12 0
0.917845 0.0276401 6
0.911676 0.0123338 7
0.903562 0.00249795 9
0.965278 0.585129 2
0.870752 4.47634e-07 19
0.977018 0.664761 2
0.848089 9.00542e-12 0
0.992776 1 1
0.901288 0.00236713 9
0.966067 0.589348 2
0.856668 8.64608e-10 26
0.883809 3.49116e-05 14
0.844966 7.73289e-12 0
0.938637 0.142379 4
0.825932 3.32564e-12 0
0.894632 0.000460623 11
0.892158 0.000431868 11
0.885987 8.0195e-05 13
0.987379 1 1
0.848776 9.31858e-12 0
0.966283 0.590525 2
0.826913 3.46441e-12 0
0.972593 0.630085 2
0.882199 3.32785e-05 14
0.941646 0.149756 4
0.939535 0.263654 3
0.901926 0.0103573 7
0.949952 0.296846 3
0.93532 0.253674 3
0.926353 0.120315 4
0.949189 0.293905 3
0.894905 0.00437858 8
0.880542 0.000151394 12
0.86804 4.56536e-06 16
0.923107 0.116083 4
0.906939 0.0231997 6
0.927931 0.122572 4
0.902541 0.0104601 7
0.888955 0.000856529 10
0.92487 0.118316 4
0.883179 7.34593e-06 16
0.910181 0.00594392 8
0.869718 3.92553e-08 22
0.958101 0.334886 3
0.850739 1.02906e-11 0
0.922286 0.0301234 6
0.91754 0.013994 7
0.909333 0.0029005 9
0.961271 0.353637 3
0.875391 5.33072e-07 19
0.972661 0.630566 2
0.851687 1.08044e-11 0
0.988348 1 1
0.907086 0.00273026 9
0.970462 0.615549 2
0.953925 0.537253 2
0.892722 0.019566 6
0.974476 1 1
0.873097 0.000644149 10
0.992673 1 1
0.917969 0.225487 3
0.880211 0.00353416 8
0.868788 0.000267182 11
0.815442 2.171e-12 0
0.948288 0.520363 2
0.84711 5.03245e-07 18
0.993347 1 1
0.84687 5.00219e-07 18
0.880306 0.00353847 8
0.873964 0.00146102 9
0.849963 2.28295e-11 30
0.878173 1.35477e-05 15
0.838172 5.63953e-12 0
0.931264 0.127832 4
0.819331 2.53782e-12 0
0.88763 0.00018014 12
0.886911 0.000176802 12
0.881415 3.25281e-05 14
0.992684 1 1
0.842312 6.81955e-12 0
0.959177 0.556713 2
0.820298 2.63917e-12 0
0.964756 0.582409 2
0.877123 1.3132e-05 15
0.934254 0.133197 4
0.95479 0.540185 2
0.91017 0.0498657 5
0.965202 0.58473 2
0.926068 0.119922 4
0.941091 0.267773 3
0.95548 0.542599 2
0.9015 0.0215975 6
0.887221 0.00388566 8
0.861411 3.83227e-06 16
0.938027 0.259896 3
0.897965 0.00974982 7
0.942635 0.272119 3
0.895541 0.0094194 7
0.896688 0.00957222 7
0.920979 0.113578 4
0.907409 0.00136678 10
0.880488 1.42109e-06 18
0.917287 0.00713728 8
0.944708 0.158329 4
0.894849 0.000105582 13
0.926123 0.0327087 6
0.876452 2.54195e-07 20
0.86263 2.24695e-10 28
0.877795 5.86747e-07 19
0.891756 4.52412e-05 14
0.919902 0.0148013 7
0.896419 0.00023179 12
0.910756 0.00301853 9
0.868939 7.68669e-09 24
0.922972 0.0159973 7
0.932921 0.0704247 5
0.886023 1.74416e-05 15
0.953558 0.312077 3
0.915335 0.0133172 7
0.932427 0.0697345 5
0.930883 0.0676754 5
0.877839 1.28203e-06 18
0.863869 2.71198e-09 25
0.849013 9.42986e-12 0
0.916888 0.0137867 7
0.887886 3.96806e-05 14
0.934115 0.0721577 5
0.882663 7.21221e-06 16
0.872928 2.19744e-07 20
0.903791 0.00122836 10
0.915566 0.013385 7
0.924859 0.0318062 6
0.90484 0.00257774 9
0.979451 0.68677 2
0.884264 1.64287e-05 15
0.955288 0.320248 3
0.926231 0.0327885 6
0.913294 0.00641653 8
0.924017 0.0312333 6
0.904996 0.00258781 9
0.958189 0.335372 3
0.885354 1.70457e-05 15
0.960085 0.346323 3
0.916316 0.0136097 7
0.986047 0.759276 2
0.894994 0.00438512 8
0.942598 0.272013 3
0.873618 5.85605e-05 13
0.927799 0.122378 4
0.858755 3.00649e-07 19
0.929274 0.124607 4
0.954374 0.538762 2
0.950059 0.52528 2
0.930752 0.126979 4
0.892473 0.00420759 8
0.929471 0.124916 4
0.859318 3.05874e-07 19
0.943686 0.275236 3
0.944501 0.277744 3
0.955062 0.541129 2
0.893301 0.00199907 9
0.865058 1.86572e-06 17
0.905827 0.0110541 7
0.932681 0.130292 4
0.884399 0.000359851 11
0.909928 0.0242294 6
0.861208 3.24381e-07 19
0.84767 2.55395e-10 27
0.869524 4.75906e-06 16
0.877724 6.45152e-05 13
0.911209 0.0247089 6
0.885987 0.000372705 11
0.900505 0.00483922 8
0.853748 9.23203e-09 23
0.909032 0.0239083 6
0.90385 0.00251549 9
0.882416 3.34913e-05 14
0.910831 0.0121285 7
0.953817 0.313265 3
0.888243 0.000183079 12
0.92684 0.0629036 5
0.879453 1.40832e-05 15
0.865829 7.47925e-08 21
0.88724 8.31382e-05 13
0.888623 0.000184943 12
0.929868 0.0663964 5
0.889767 0.000190759 12
0.92008 0.0288289 6
0.871405 1.01696e-06 18
0.930083 0.0666628 5
0.908553 0.00572305 8
0.965943 0.588673 2
0.883534 1.60349e-05 15
0.913922 0.012918 7
0.871592 4.6157e-07 19
0.935823 0.13629 4
0.979839 0.690502 2
0.976149 0.657426 2
0.905489 0.00262015 9
0.909362 0.00583064 8
0.908824 0.00575868 8
0.871919 4.67169e-07 19
0.921444 0.0296142 6
0.97064 0.616709 2
0.941237 0.148696 4
0.936434 0.256157 3
0.986375 1 1
0.907336 0.0233296 6
0.894703 0.00436374 8
0.901419 0.0102743 7
0.942367 0.271344 3
0.974476 0.644056 2
0.968219 0.601581 2
0.867927 4.55108e-06 16
0.943859 0.275761 3
0.880523 0.000151328 12
0.901322 0.0102586 7
0.88986 0.00187434 9
0.981076 1 1
0.916901 0.0541271 5
0.971123 0.619915 2
0.927552 0.0636834 5
0.967068 0.594904 2
0.924736 0.0317213 6
0.945232 0.159914 4
0.970059 0.612942 2
0.91783 0.0140885 7
0.903546 0.00249695 9
0.864683 6.31845e-09 24
0.954544 0.316661 3
0.897811 0.000502909 11
0.946451 0.163752 4
0.898054 0.000506419 11
0.913701 0.0128581 7
0.92659 0.0330559 6
0.891529 0.000904752 10
0.877873 2.94585e-05 14
0.895676 0.00209576 9
0.960977 0.564377 2
0.873332 1.17881e-05 15
0.919029 0.0557185 5
0.876753 2.85851e-05 14
0.863784 3.52292e-07 19
0.89951 0.00474967 8
0.877085 2.88393e-05 14
0.942456 0.271601 3
0.874798 1.22807e-05 15
0.930529 0.126611 4
0.867992 2.03342e-06 17
0.933633 0.132028 4
0.922099 0.114871 4
0.934555 0.252029 3
0.90879 0.0238234 6
0.969296 0.608123 2
0.888995 0.00184549 9
0.962828 0.572861 2
0.935638 0.254372 3
0.922285 0.115092 4
0.919948 0.112432 4
0.912445 0.0511883 5
0.950017 0.525161 2
0.89 0.00187907 9
0.954364 0.53873 2
0.925742 0.119478 4
0.986012 1 1
0.939286 0.499775 2
0.896677 0.0438039 5
0.954268 0.538404 2
0.926668 0.237514 3
0.931118 0.24519 3
0.942914 0.507277 2
0.888968 0.0188512 6
0.87475 0.00147694 9
0.859876 4.40926e-05 13
0.92281 0.231755 3
0.898614 0.0445255 5
0.932757 0.248343 3
0.894042 0.0198366 6
0.883565 0.0081253 7
0.916212 0.108619 4
0.893899 0.0198069 6
0.903655 0.0466115 5
0.886279 0.00837832 7
0.988083 1 1
0.865231 0.000110976 12
0.93188 0.246633 3
0.906804 0.0480945 5
0.89542 0.0201309 6
0.938465 0.498207 2
0.882885 0.00365936 8
0.980771 1 1
0.866405 0.000113375 12
0.974776 1 1
0.89667 0.020409 6
0.972059 1 1
0.902911 0.00119836 10
0.965269 0.585083 2
0.876152 1.20356e-06 18
0.895566 0.000472383 11
0.867109 1.57424e-08 23
0.923225 0.030715 6
0.978392 0.676911 2
0.990518 1 1
0.889931 9.01046e-05 13
0.906978 0.00272257 9
0.890448 9.1551e-05 13
0.867213 1.58145e-08 23
0.903073 0.00120376 10
0.977712 0.670812 2
0.922188 0.0300636 6
0.932696 0.248222 3
0.972791 1 1
0.90882 0.0491306 5
0.93067 0.244361 3
0.894743 0.00931661 7
0.963891 0.578036 2
0.974002 1 1
0.958996 0.555969 2
0.901206 0.0215196 6
0.930248 0.243592 3
0.917278 0.109656 4
0.89525 0.00938151 7
0.926668 0.237514 3
0.964193 0.579542 2
0.955103 0.541271 2
0.982348 0.716123 2
0.951188 0.30181 3
0.95168 0.303859 3
0.90256 0.0024386 9
0.944377 0.157345 4
0.961119 0.352681 3
0.937704 0.14028 4
0.925671 0.0323799 6
0.855192 2.96803e-11 30
0.984473 0.740084 2
0.880067 6.59256e-06 16
0.944516 0.157756 4
0.884563 3.57221e-05 14
0.937876 0.140659 4
0.914824 0.0131699 7
0.9663 0.590618 2
0.939561 0.144543 4
0.952943 0.309315 3
0.933498 0.131777 4
0.933171 0.131178 4
0.985474 1 1
0.930879 0.0676697 5
0.916131 0.0268032 6
0.876377 5.84277e-06 16
0.952625 0.307914 3
0.907715 0.00561559 8
0.934189 0.133073 4
0.909466 0.0118123 7
0.925751 0.0617554 5
0.939405 0.144171 4
52 0 3 4 6 7 9 11 12 13 14 15 17 18 20 21 22 23 24 26 27 29 30 31 32 34 35 36 37 38 39 40 41 42 44 46 47 48 49 50 51 52 53 54 55 57 58 61 62 63 64 65 69 
58 0 1 2 3 4 6 7 8 9 10 11 12 13 14 15 16 17 18 19 20 21 22 23 24 25 26 27 29 30 31 32 34 35 37 38 39 40 41 42 43 44 48 50 52 53 54 55 57 58 60 61 62 63 64 65 67 68 69 
27 0 3 4 6 9 11 12 17 20 21 23 24 30 31 34 35 37 39 48 50 52 53 54 57 58 62 64 
34 0 3 4 6 9 11 12 15 17 18 20 21 22 23 24 27 30 31 34 35 37 38 39 40 42 48 50 52 53 54 57 58 62 64 
49 0 3 4 6 7 8 9 11 12 13 14 15 17 18 19 20 21 22 23 24 25 27 29 30 31 32 34 35 37 38 39 40 41 42 44 48 50 52 53 54 55 57 58 61 62 63 64 65 69 
40 0 2 3 4 6 7 9 11 12 13 15 17 18 20 21 22 23 24 27 30 31 32 34 35 37 38 39 40 42 48 50 52 53 54 57 58 61 62 64 69 
67 0 1 2 3 4 5 6 7 8 9 10 11 12 13 14 15 17 18 19 20 21 22 23 24 25 26 27 28 29 30 31 32 33 34 35 36 37 38 39 40 41 42 43 44 45 46 47 48 49 50 51 52 53 54 55 56 57 58 59 61 62 63 64 65 67 68 69 
66 0 2 3 4 5 6 7 8 9 10 11 12 13 14 15 17 18 19 21 22 23 24 25 26 27 28 29 30 31 32 33 34 35 36 37 38 39 40 41 42 43 44 45 46 47 48 49 50 51 52 53 54 55 56 57 58 59 61 62 63 64 65 66 67 68 69 
53 0 2 4 6 7 8 9 11 12 13 14 15 18 19 20 21 22 23 24 25 26 29 30 31 32 34 35 36 37 38 39 40 41 42 43 44 46 47 48 49 51 52 53 55 57 58 61 62 63 64 65 68 69 
59 0 2 3 4 6 7 8 9 11 12 13 14 15 17 18 19 20 21 22 23 24 25 26 27 29 30 31 32 33 34 35 36 37 38 39 40 41 42 44 45 46 48 49 50 52 53 54 55 56 57 58 61 62 63 64 65 67 68 69 
34 0 3 4 6 9 11 12 15 17 18 20 21 22 23 24 30 31 34 35 37 38 39 40 42 48 50 52 53 54 57 58 62 64 65 
8 6 17 23 35 37 50 54 57 
45 0 3 4 6 7 9 11 12 13 14 15 17 18 20 21 22 23 24 26 27 29 30 31 32 34 35 37 38 39 40 42 44 48 50 52 53 54 55 57 58 61 62 64 65 69 
66 0 1 2 3 4 5 6 7 8 9 10 11 12 13 14 15 17 18 19 21 22 23 24 25 26 27 28 29 30 31 32 33 34 35 36 37 38 39 40 41 42 43 44 45 46 47 48 49 50 51 52 53 54 55 56 57 58 59 61 62 63 64 65 67 68 69 
49 0 2 3 4 6 7 9 11 12 13 14 15 17 18 19 20 21 22 23 24 26 27 29 30 31 32 34 35 37 38 39 40 41 42 44 48 50 52 53 54 55 57 58 61 62 63 64 65 69 
