40 15 8e+06
1.46833 171200
1.90589 162276
1.74031 139020
2.03601 125761
2.70139 192330
1.50211 120182
2.87216 112230
2.32659 187931
1.81133 143574
1.31149 165737
1.6509 129892
2.18432 195643
1.11408 102483
1.03843 136065
2.70586 186702
2.62146 100542
1.51198 166484
1.95542 114937
2.44474 137892
2.33771 127114
2.8649 184789
1.2456 131727
2.65283 139096
1.6336 198696
1.87843 124823
1.49572 171480
2.74243 155521
2.71375 103993
2.05047 192618
1.97967 162437
2.48379 152923
2.29452 194445
1.45328 185629
1.01502 181208
1.63174 146512
2.74857 142111
1.83892 162202
2.34908 192165
1.40154 100234
1.55285 178257
0.904971 0.0225828 6
0.976032 1 1
0.91975 0.0562892 5
0.887432 0.000830308 10
0.886407 0.000813534 10
0.907968 0.023541 6
0.891671 0.00193787 9
0.946473 0.284165 3
0.932483 0.129941 4
0.891582 0.00193463 9
0.935147 0.253298 3
0.983932 1 1
0.899767 0.0100151 7
0.915403 0.0530831 5
0.858408 2.97493e-07 19
0.916855 0.0540939 5
0.885198 0.000794578 10
0.950531 0.52665 2
0.900217 0.0100841 7
0.924127 0.117357 4
0.954884 0.540509 2
0.942217 0.270916 3
0.906447 0.0230412 6
0.929159 0.12443 4
0.982348 1 1
0.916541 0.0538701 5
0.863675 1.79377e-06 17
0.903886 0.0106938 7
0.925154 0.118691 4
0.968639 0.604099 2
0.923462 0.0595078 5
0.967647 0.598222 2
0.949824 0.296348 3
0.905731 0.00537697 8
0.910236 0.0119884 7
0.936477 0.137641 4
0.916435 0.026947 6
0.964443 0.580806 2
0.960403 0.561872 2
0.922171 0.0583323 5
0.957754 0.33298 3
0.95184 0.304535 3
0.914626 0.026117 6
0.939561 0.144543 4
0.886905 0.000176771 12
0.916556 0.10895 4
0.985111 1 1
0.930824 0.244646 3
0.888722 0.00397175 8
0.890296 0.00406692 8
0.919336 0.111772 4
0.903278 0.022087 6
0.948403 0.520672 2
0.938445 0.260915 3
0.900914 0.0214429 6
0.93862 0.261347 3
0.971521 1 1
0.910847 0.050248 5
0.919405 0.111846 4
0.868749 5.2627e-05 13
0.914603 0.0131072 7
0.871056 4.52598e-07 19
0.935665 0.13597 4
0.879367 6.43946e-06 16
0.903189 0.0024755 9
0.944808 0.158628 4
0.942914 0.153166 4
0.885705 7.95587e-05 13
0.907739 0.00561857 8
0.959281 0.341567 3
0.895094 0.000466364 11
0.847268 8.64778e-12 0
0.903051 0.00246731 9
0.902932 0.00246033 9
0.991257 1 1
0.962998 0.573674 2
0.957528 0.550159 2
0.963234 0.574809 2
0.878375 0.000144186 12
0.889643 0.00186702 9
0.958475 0.553869 2
0.948549 0.291512 3
0.927846 0.122447 4
0.935484 0.254032 3
0.92644 0.120437 4
0.926183 0.12008 4
0.924374 0.117673 4
0.954195 0.538156 2
0.91414 0.0522481 5
0.90524 0.0226646 6
0.915814 0.0266548 6
0.974564 0.644734 2
0.937203 0.139186 4
0.899863 0.00229176 9
0.901585 0.00494079 8
0.924474 0.0604742 5
0.905956 0.00540299 8
0.960209 0.561037 2
0.950057 0.29726 3
0.909526 0.0118259 7
0.950554 0.299232 3
0.965126 0.584328 2
0.908482 0.0115957 7
0.93108 0.127523 4
0.874898 5.57855e-06 16
0.927636 0.0338616 6
0.879611 1.37275e-06 18
0.943599 0.155089 4
0.875456 2.43737e-07 20
0.898341 0.000510625 11
0.954923 0.318471 3
0.956538 0.326536 3
0.888413 1.89798e-05 15
0.909909 0.00294729 9
0.958608 0.337714 3
0.896762 0.000234304 12
0.853984 1.21861e-11 0
0.916191 0.00692503 8
0.902097 0.000571649 11
0.988236 0.78821 2
0.961295 0.565791 2
0.890144 0.00405752 8
0.931483 0.245876 3
0.840809 8.24051e-11 28
0.859532 7.01847e-07 18
0.945217 0.280016 3
0.971519 0.622596 2
0.871776 5.61879e-05 13
0.887889 0.00180998 9
0.917196 0.0543393 5
0.875399 0.000135241 12
0.858539 6.82242e-07 18
0.957956 0.551818 2
0.8726 5.7229e-05 13
0.935551 0.25418 3
0.967212 0.595719 2
0.956105 0.54484 2
0.950059 0.52528 2
0.865316 2.16536e-05 14
0.876129 0.000304438 11
0.948171 0.520048 2
0.944855 0.511706 2
0.915657 0.108094 4
0.921613 0.114303 4
0.914055 0.0521934 5
0.913025 0.0515433 5
0.921368 0.11402 4
0.962844 0.572938 2
0.900468 0.0213271 6
0.897457 0.0096782 7
0.932008 0.129107 4
0.982882 1 1
0.945863 0.282123 3
0.88946 0.000404023 11
0.894665 0.000971105 10
0.93499 0.134624 4
0.919253 0.0558941 5
0.947353 0.287205 3
0.944227 0.27689 3
0.913436 0.0256042 6
0.94056 0.266339 3
0.954678 0.317299 3
0.925212 0.0612065 5
0.923123 0.0591933 5
0.883062 7.39677e-05 13
0.939386 0.263275 3
0.881967 0.000156495 12
0.941243 0.26819 3
0.862302 1.48331e-07 20
0.883972 0.000164205 12
0.955275 0.541875 2
0.968104 0.6009 2
0.881652 0.000155339 12
0.901749 0.00495657 8
0.944691 0.27834 3
0.888503 0.000394923 11
0.853873 1.75752e-09 25
0.92946 0.124898 4
0.891032 0.000895031 10
0.973332 0.635437 2
0.96639 0.591112 2
0.938122 0.141209 4
0.980982 0.701837 2
0.884453 3.56016e-05 14
0.899429 0.00109154 10
0.980332 0.695325 2
0.965949 0.588709 2
0.925504 0.061502 5
0.939694 0.144861 4
0.945127 0.159595 4
0.92762 0.0637593 5
0.907917 0.00564111 8
0.953004 0.309583 3
0.920253 0.0289261 6
0.925852 0.0618595 5
0.970443 1 1
0.93406 0.490492 2
0.978155 1 1
0.880708 0.0035567 8
0.896289 0.0436641 5
0.981754 1 1
0.971165 1 1
0.920476 0.228612 3
0.935099 0.492211 2
0.944492 0.510855 2
0.92286 0.231825 3
0.903408 0.0465016 5
0.956571 0.546549 2
0.916171 0.108581 4
0.928671 0.24082 3
0.924836 0.118272 4
0.929686 0.242587 3
0.972823 1 1
0.924225 0.117481 4
0.9387 0.261547 3
0.95893 0.555701 2
0.933022 0.248871 3
0.957167 0.548781 2
0.979062 1 1
0.961495 0.566688 2
0.964742 0.582339 2
0.912542 0.0512474 5
0.912034 0.0509409 5
0.961481 0.566626 2
0.919765 0.112233 4
0.946664 0.516131 2
0.937361 0.258305 3
0.991709 1 1
0.902905 0.0219817 6
0.91781 0.110189 4
0.976796 1 1
0.952111 0.531413 2
0.941755 0.269611 3
0.958662 0.554617 2
0.957043 0.548312 2
0.945673 0.51367 2
0.912372 0.0511441 5
0.933551 0.249941 3
0.939405 0.263323 3
0.925803 0.119561 4
0.952077 0.531308 2
0.969832 0.611493 2
0.941384 0.268578 3
0.865784 2.18812e-05 14
0.874077 0.000131576 12
0.9366 0.256536 3
0.930363 0.243801 3
0.919789 0.112259 4
0.921516 0.11419 4
0.90547 0.0227351 6
0.915013 0.052821 5
0.934627 0.252182 3
0.9494 0.523412 2
0.900184 0.0212543 6
0.885086 0.00172612 9
0.968997 1 1
0.940057 0.501291 2
0.932159 0.24717 3
0.845487 2.0648e-07 19
0.856828 1.80999e-05 14
0.934207 0.251295 3
0.94 0.501178 2
0.894519 0.0199371 6
0.900463 0.0452536 5
0.898332 0.0444179 5
0.891851 0.0193933 6
0.906382 0.100597 4
0.974698 1 1
0.879925 0.00352133 8
0.889504 0.00870651 7
0.887241 0.00847293 7
0.885608 0.00831395 7
0.933551 0.249941 3
0.947655 0.518683 2
0.973523 1 1
0.92655 0.237328 3
0.904431 0.0469629 5
0.93146 0.245833 3
0.950761 0.527324 2
0.959749 0.559086 2
0.944308 0.510427 2
0.875128 0.00148473 9
0.874212 0.001466 9
0.962388 1 1
0.920031 0.228039 3
0.901121 0.00114119 10
0.931211 0.0681003 5
0.943415 0.154566 4
0.941528 0.149449 4
0.944907 0.158925 4
0.929087 0.0654508 5
0.9044 0.00254974 9
0.986873 0.769883 2
0.987985 1 1
0.934588 0.0728706 5
0.995342 1 1
0.927136 0.0334721 6
0.889891 8.99929e-05 13
0.975866 0.655104 2
0.891587 9.48815e-05 13
0.877922 0.00154501 9
0.906503 0.047946 5
0.922158 0.230854 3
0.967916 1 1
0.962828 0.572861 2
0.909169 0.102624 4
0.884555 0.00374284 8
0.968036 1 1
0.966532 1 1
0.924911 0.234799 3
0.976474 1 1
0.908427 0.0489226 5
0.866434 0.000113437 12
0.983125 1 1
0.881368 0.00358713 8
0.901759 0.001161 10
0.959094 0.340488 3
0.928873 0.0348676 6
0.910805 0.0060331 8
0.909021 0.00287574 9
0.915177 0.00673872 8
0.894696 0.000219824 12
0.971156 0.620137 2
0.953699 0.312721 3
0.906404 0.00268221 9
0.958893 0.339332 3
0.964516 0.375688 3
0.89378 0.000213873 12
0.938538 0.142153 4
0.868659 1.68626e-08 23
0.942422 0.271505 3
0.951739 0.304105 3
0.975994 0.656149 2
0.903388 0.0106059 7
0.914648 0.0261268 6
0.962469 0.571164 2
0.940723 0.266778 3
0.950939 0.30079 3
0.962038 0.569162 2
0.943513 0.274714 3
0.951528 0.303222 3
0.92725 0.121581 4
0.930944 0.127296 4
0.940205 0.265396 3
0.910949 0.0246096 6
0.928634 0.123625 4
0.904369 0.0224031 6
0.970138 0.613447 2
0.907904 0.0235193 6
0.929587 0.242411 3
0.970126 0.613369 2
0.949392 0.523388 2
0.9241 0.117322 4
0.946841 0.516578 2
0.990585 1 1
0.933294 0.249419 3
0.882595 0.000756632 10
0.914991 0.0528063 5
0.938393 0.260788 3
0.953066 0.534436 2
0.948021 0.519647 2
0.975665 1 1
0.944251 0.276963 3
0.872007 5.64764e-05 13
0.879713 0.000326342 11
0.937803 0.259356 3
0.928783 0.123851 4
0.926883 0.121058 4
0.927825 0.122416 4
0.908556 0.023742 6
0.921768 0.114483 4
0.94019 0.265358 3
0.943831 0.275673 3
0.906398 0.0230255 6
0.885524 0.0017387 9
0.923064 0.116031 4
0.967424 0.596932 2
0.949583 0.523927 2
0.906033 0.0229101 6
0.910452 0.050024 5
0.936202 0.25563 3
0.916104 0.0535641 5
0.964831 0.582797 2
0.960597 0.562713 2
0.922086 0.114856 4
0.958067 0.552252 2
0.95197 0.530975 2
0.914221 0.0523006 5
0.93981 0.264365 3
0.886716 0.00177385 9
0.888331 0.000845594 10
0.854998 5.09075e-08 21
0.917799 0.0547826 5
0.889624 0.00186635 9
0.914354 0.0523864 5
0.922634 0.115509 4
0.915013 0.052821 5
0.881185 0.000336221 11
0.903043 0.0105459 7
0.95161 0.529869 2
0.892266 0.00195974 9
0.835509 5.00804e-12 0
0.87644 6.25449e-05 13
0.904963 0.0108902 7
0.961739 0.567794 2
0.95545 0.542492 2
0.892549 0.00904821 7
0.946106 0.514735 2
0.858478 8.16304e-06 15
0.878618 0.00156084 9
0.96098 0.564388 2
0.982621 1 1
0.884565 0.00374337 8
0.90303 0.0463345 5
0.938524 0.498318 2
0.889899 0.0087489 7
0.862662 4.65124e-05 13
0.946015 0.51451 2
0.889524 0.00870865 7
0.95671 0.547066 2
0.889224 1.95495e-05 15
0.894861 0.000105625 13
0.936605 0.0760886 5
0.95548 0.321193 3
0.978038 0.673709 2
0.92726 0.0335677 6
0.903526 0.00121917 10
0.944164 0.156718 4
0.962251 0.359978 3
0.955243 0.320025 3
0.957207 0.330039 3
0.886281 8.2341e-06 16
0.876366 2.5327e-07 20
0.975963 0.655892 2
0.912231 0.00315025 9
0.938803 0.0799581 5
0.937279 0.0772336 5
0.985091 0.747464 2
0.91037 0.00298568 9
0.924672 0.0316769 6
0.969858 0.611654 2
0.944528 0.157791 4
0.949068 0.172737 4
0.966838 0.393493 3
0.958047 0.334585 3
0.953611 0.312319 3
0.914984 0.00670426 8
0.925951 0.032583 6
0.947292 0.166526 4
0.922442 0.0157777 7
0.952631 0.307938 3
0.939264 0.143838 4
0.990642 1 1
0.897196 0.00103179 10
0.911927 0.0123961 7
0.978923 0.681798 2
0.956161 0.324606 3
0.937477 0.13978 4
0.953108 0.31005 3
0.953086 0.309949 3
0.940547 0.146948 4
0.912382 0.0125112 7
0.939531 0.144471 4
0.933543 0.131862 4
0.92537 0.0613658 5
0.907999 0.0114926 7
0.980933 1 1
0.914215 0.0259369 6
0.872822 5.23778e-06 16
0.87293 5.25479e-06 16
0.904082 0.00519404 8
0.890963 0.000893709 10
0.931249 0.127808 4
0.919635 0.0561977 5
0.883413 0.000161986 12
0.920716 0.0570804 5
0.978848 0.681108 2
0.904876 0.0108741 7
0.901529 0.00493545 8
0.853633 7.57961e-10 26
0.972565 1 1
0.914555 0.107081 4
0.96434 0.580288 2
0.869103 0.000119247 12
0.887131 0.0038806 8
0.977894 1 1
0.992937 1 1
0.902467 0.0460899 5
0.919202 0.11163 4
0.943183 0.507872 2
0.90633 0.0478613 5
0.883814 0.00370525 8
0.959299 0.557214 2
0.902773 0.0462227 5
0.942401 0.506155 2
0.939687 0.264047 3
0.883021 0.000349352 11
0.942752 0.272461 3
0.863881 1.80424e-06 17
0.885567 0.000800276 10
0.956714 0.547081 2
0.968642 0.604118 2
0.883191 0.00035061 11
0.903365 0.0106019 7
0.946411 0.283956 3
0.890097 0.00188239 9
0.85504 5.09791e-08 21
0.929499 0.12496 4
0.892674 0.00422114 8
0.973973 0.640216 2
0.884258 0.000165362 12
0.928176 0.122937 4
0.922159 0.0583218 5
0.941006 0.267543 3
0.934416 0.133509 4
0.907931 0.0114784 7
0.884353 0.000165746 12
0.986249 1 1
0.964085 0.579001 2
0.912196 0.0250956 6
0.977692 0.670628 2
0.935746 0.136135 4
0.874289 1.21059e-05 15
0.961553 0.566951 2
0.870028 2.16355e-06 17
0.984463 0.739965 2
0.926593 0.0626382 5
0.963621 0.576701 2
0.867149 3.52148e-08 22
0.883152 1.58349e-05 15
0.972164 0.627048 2
0.978994 0.682459 2
0.906377 0.00545239 8
0.920393 0.029005 6
0.934389 0.0725682 5
0.90839 0.00570176 8
0.894373 0.000457451 11
0.969952 0.612257 2
0.90191 0.00240156 9
0.928025 0.0642155 5
0.927364 0.0634748 5
0.886128 8.05193e-05 13
0.951837 0.304522 3
0.886719 8.1894e-05 13
0.909722 0.00587994 8
0.96088 0.351185 3
0.95497 0.318701 3
0.899011 0.00107986 10
0.921025 0.0293679 6
0.971052 0.619445 2
0.907836 0.0056309 8
0.861759 5.56039e-09 24
0.914889 0.0131885 7
0.913743 0.0128694 7
0.979539 0.687609 2
0.916031 0.026756 6
0.873525 2.41824e-06 17
0.938398 0.141832 4
0.881819 3.29117e-05 14
0.905618 0.00536405 8
0.947239 0.286806 3
0.944195 0.276792 3
0.888572 0.000184691 12
0.910675 0.0120913 7
0.962351 0.570614 2
0.897981 0.0010521 10
0.849856 9.83857e-12 0
0.904254 0.00521254 8
0.905751 0.00537926 8
0.988989 1 1
0.950156 0.525561 2
0.888206 0.00182002 9
0.94329 0.274045 3
0.858049 1.28804e-07 20
0.878672 0.000145139 12
0.958077 0.552295 2
0.977565 1 1
0.88214 0.000342934 11
0.90108 0.0102198 7
0.938973 0.262229 3
0.887904 0.00181045 9
0.858752 3.00616e-07 19
0.940908 0.267277 3
0.888383 0.00182566 9
0.961062 0.564754 2
0.917317 0.0273756 6
0.962247 0.570131 2
0.946799 0.285278 3
0.911668 0.0123316 7
0.914969 0.0262695 6
0.932895 0.130676 4
0.911792 0.0123625 7
0.97151 0.622536 2
0.964633 0.58178 2
0.922009 0.029954 6
0.96385 0.577827 2
0.951906 0.304812 3
0.908188 0.00567573 8
0.944764 0.278569 3
0.884954 7.78984e-05 13
12 1 4 7 8 11 26 27 32 33 36 37 38 
34 1 2 4 5 7 8 9 10 11 12 13 14 15 16 17 18 19 20 22 23 24 25 26 27 28 29 30 32 33 35 36 37 38 39 
16 1 4 7 8 11 18 23 26 27 28 32 33 35 36 37 38 
22 1 4 7 8 11 12 13 14 15 18 23 26 27 28 29 30 32 33 35 36 37 38 
25 1 4 5 7 8 9 11 12 13 14 15 17 18 23 26 27 28 29 30 32 33 35 36 37 38 
13 1 4 7 8 11 23 26 27 32 33 36 37 38 
10 4 7 8 11 26 27 33 36 37 38 
34 1 2 4 5 7 8 9 10 11 12 13 14 15 16 17 18 19 20 22 23 24 25 26 27 28 29 30 32 33 35 36 37 38 39 
28 1 4 5 7 8 9 11 12 13 14 15 16 17 18 22 23 24 26 27 28 29 30 32 33 35 36 37 38 
13 1 4 7 8 11 26 27 32 33 35 36 37 38 
33 1 2 4 5 7 8 9 10 11 12 13 14 15 16 17 18 19 22 23 24 25 26 27 28 29 30 32 33 35 36 37 38 39 
36 0 1 2 3 5 6 8 9 10 11 12 13 14 15 16 17 18 19 20 21 22 23 24 25 27 28 29 30 31 32 33 34 35 36 38 39 
14 1 4 7 8 11 23 26 27 32 33 35 36 37 38 
26 1 4 5 7 8 9 11 12 13 14 15 17 18 22 23 26 27 28 29 30 32 33 35 36 37 38 
3 8 11 38 
