50 15 6e+06
1.00261 152990
5.04131 163117
1.06144 122457
1.5584 190884
1.20584 147761
1.44138 195560
2.35313 100843
1.86711 137092
1.3437 166010
2.36287 118692
2.73387 190320
3.43542 167977
2.9398 154135
3.93357 174272
5.12417 187476
4.52174 140593
1.26868 166146
2.46754 192905
1.13097 131581
4.65543 121519
2.58807 125277
5.50186 158142
7.48207 182221
3.06724 198829
2.28139 165781
1.06678 176823
2.29693 154682
4.92017 170566
1.44407 114041
2.03333 139728
1.47854 133642
1.22144 120378
1.81501 163171
2.92064 160812
4.15925 173465
2.64475 191593
4.14983 134031
1.41825 110898
2.06354 191483
2.49134 183330
1.92384 109120
2.87332 163773
2.26914 147545
1.83875 110749
1.78848 113465
1.61902 131164
1.92981 148674
1.01609 164201
3.48686 100131
2.01695 148081
0.90937 0.102777 4
0.932263 0.247372 3
0.923597 0.23287 3
0.929975 0.243101 3
0.9836 1 1
0.902654 0.0461707 5
0.910705 0.103818 4
0.970639 1 1
0.94076 0.502708 2
0.923851 0.233237 3
0.946382 0.515421 2
0.934774 0.252496 3
0.969393 1 1
0.993374 1 1
0.933737 0.250321 3
0.885802 0.000371168 11
0.903714 0.0106633 7
0.901834 0.00496485 8
0.979811 0.690223 2
0.906833 0.0112523 7
0.926445 0.0624808 5
0.903872 0.0106913 7
0.943334 0.274177 3
0.917123 0.0272801 6
0.875989 2.8014e-05 14
0.967336 0.596427 2
0.91816 0.0550522 5
0.924154 0.0601643 5
0.926208 0.0622301 5
0.888265 0.000392714 11
0.884554 3.5712e-05 14
0.907178 0.00554888 8
0.900226 0.00111442 10
0.93928 0.143875 4
0.957698 0.332679 3
0.894794 0.000462619 11
0.891763 0.000201693 12
0.986861 1 1
0.91858 0.028018 6
0.892578 0.000206469 12
0.951546 0.303294 3
0.964769 0.582475 2
0.943573 0.155014 4
0.968564 0.603641 2
0.903283 0.00248115 9
0.85825 1.09346e-08 23
0.880168 3.13896e-05 14
0.872559 5.19702e-06 16
0.907276 0.0113422 7
0.947158 0.28652 3
0.863399 6.8261e-08 21
0.862559 6.61874e-08 21
0.952829 0.30881 3
0.889854 0.000407886 11
0.871767 2.28484e-06 17
0.918167 0.0278043 6
0.982348 1 1
0.91614 0.0268071 6
0.944094 0.27648 3
0.880593 3.17701e-05 14
0.898361 0.00465059 8
0.916522 0.053857 5
0.914648 0.0525793 5
0.99358 1 1
0.914028 0.025856 6
0.937162 0.257838 3
0.916357 0.053741 5
0.948454 0.291163 3
0.930093 0.125904 4
0.888081 0.000841289 10
0.979391 1 1
0.916088 0.0535524 5
0.935737 0.254591 3
0.934254 0.133197 4
0.900524 0.00484096 8
0.96289 0.573157 2
0.986791 1 1
0.976871 1 1
0.925596 0.235838 3
0.933982 0.250827 3
0.935234 0.253487 3
0.959549 0.558249 2
0.928947 0.241295 3
0.986103 1 1
0.964779 0.582531 2
0.937651 0.258994 3
0.88585 0.00381065 8
0.972388 1 1
0.944005 0.509729 2
0.978239 1 1
0.993039 1 1
0.979287 0.685218 2
0.983301 1 1
0.90507 0.0109103 7
0.905378 0.0109681 7
0.93425 0.133191 4
0.970608 0.6165 2
0.899825 0.00477765 8
0.96541 0.585825 2
0.96808 0.600759 2
0.913591 0.0256695 6
0.85768 1.0697e-08 23
0.941433 0.268713 3
0.913878 0.0257917 6
0.97204 0.626184 2
0.997497 1 1
0.973698 1 1
0.981089 1 1
0.904187 0.0468513 5
0.898214 0.0207685 6
0.938445 0.260915 3
0.975545 1 1
0.894945 0.020028 6
0.961476 0.5666 2
0.9594 0.557632 2
0.911343 0.10433 4
0.852597 1.34075e-06 17
0.93545 0.253959 3
0.907722 0.0485576 5
0.962957 0.573478 2
0.967508 0.597417 2
0.98449 1 1
0.985324 1 1
0.934081 0.251034 3
0.918688 0.0554548 5
0.955651 0.543206 2
0.977918 1 1
0.922887 0.115815 4
0.989561 1 1
0.949695 0.295847 3
0.94215 0.270725 3
0.878758 0.000145417 12
0.960651 0.562946 2
0.932601 0.13015 4
0.961323 0.565913 2
0.896156 0.001006 10
0.914104 0.0129681 7
0.912348 0.0125025 7
0.991266 1 1
0.91191 0.0123919 7
0.935954 0.136558 4
0.914358 0.0130385 7
0.946688 0.284898 3
0.927615 0.0637535 5
0.885631 7.93907e-05 13
0.976699 0.662041 2
0.915556 0.013382 7
0.933128 0.131099 4
0.932016 0.069173 5
0.898037 0.00105358 10
0.878616 0.0015608 9
0.900417 0.021314 6
0.894874 0.0200129 6
0.950645 0.526984 2
0.937704 0.25912 3
0.899303 0.0210329 6
0.889597 0.00871647 7
0.974968 1 1
0.913076 0.105778 4
0.881159 0.00162161 9
0.957723 0.550911 2
0.960387 0.561803 2
0.933604 0.250049 3
0.952111 0.531413 2
0.892612 0.00905566 7
0.951927 0.3049 3
0.963859 0.577877 2
0.966937 0.594164 2
0.947577 0.287994 3
0.910086 0.0119536 7
0.974254 0.642345 2
0.973293 0.635146 2
0.923193 0.0592574 5
0.972796 0.631534 2
0.92979 0.0662999 5
0.950974 0.300934 3
0.879658 3.09426e-05 14
0.951377 0.30259 3
0.927136 0.0632253 5
0.941261 0.148756 4
0.959253 0.557023 2
0.976429 0.659758 2
0.967096 0.595061 2
0.91247 0.0252058 6
0.936057 0.13677 4
0.920846 0.0571897 5
0.94822 0.290306 3
0.922836 0.0589298 5
0.970388 0.615064 2
0.977308 0.667262 2
0.925499 0.0614962 5
0.882192 7.22713e-05 13
0.965546 0.586545 2
0.941115 0.26784 3
0.989865 1 1
0.8631 1.16347e-09 26
0.884419 1.65144e-05 15
0.879116 2.93015e-06 17
0.939129 0.143519 4
0.924956 0.0318736 6
0.886296 1.76074e-05 15
0.874512 5.15184e-07 19
0.958718 0.338335 3
0.896938 0.000490636 11
0.865599 6.58376e-09 24
0.942817 0.152898 4
0.965809 0.58795 2
0.917023 0.013829 7
0.936681 0.076217 5
0.876771 1.23149e-06 18
0.887337 1.82631e-05 15
0.909692 0.0029295 9
0.903554 0.00122013 10
0.950785 0.300164 3
0.948857 0.171972 4
0.903239 0.00120939 10
0.896871 0.00023511 12
0.987291 0.775386 2
0.922053 0.0156201 7
0.891625 9.49943e-05 13
0.961733 0.356593 3
0.957922 0.333898 3
0.944389 0.15738 4
0.964142 0.372987 3
0.903017 0.0012019 10
0.877846 6.47066e-05 13
0.899969 0.00479058 8
0.891704 0.000908224 10
0.913982 0.0258362 6
0.971624 0.623309 2
0.876253 2.82092e-05 14
0.879954 6.81986e-05 13
0.96399 0.578527 2
0.908681 0.0116388 7
0.893757 0.00201691 9
0.927826 0.122419 4
0.961358 0.566072 2
0.936239 0.137145 4
0.964784 0.582556 2
0.902314 0.00501191 8
0.992948 1 1
0.972305 1 1
0.980908 1 1
0.905848 0.100227 4
0.896305 0.0203267 6
0.942116 0.505542 2
0.979218 1 1
0.89454 0.0199415 6
0.961275 0.565699 2
0.955108 0.54129 2
0.912341 0.105155 4
0.852018 3.06205e-06 16
0.934343 0.490954 2
0.906536 0.100704 4
0.959282 0.557145 2
0.938338 0.141696 4
0.956185 0.324727 3
0.946581 0.284534 3
0.907838 0.0114587 7
0.952788 0.308631 3
0.905239 0.00532094 8
0.928514 0.0647769 5
0.93024 0.126141 4
0.954704 0.317425 3
0.964659 0.581912 2
0.92281 0.0589064 5
0.893636 0.000948334 10
0.965995 0.588954 2
0.951656 0.303757 3
0.971033 0.619317 2
0.917345 0.0544483 5
0.940006 0.264874 3
0.934304 0.251499 3
0.963559 0.576395 2
0.948931 0.292936 3
0.930438 0.126462 4
0.927696 0.122227 4
0.97326 0.634909 2
0.953323 0.535269 2
0.917278 0.0543992 5
0.980705 1 1
0.927177 0.121477 4
0.971286 0.621015 2
0.970211 0.613918 2
0.929794 0.125425 4
0.915643 0.0134078 7
0.935722 0.136086 4
0.926149 0.0621685 5
0.908513 0.00571778 8
0.976245 0.658227 2
0.892844 0.00043951 11
0.909766 0.00588599 8
0.943649 0.155231 4
0.938767 0.142679 4
0.939891 0.145336 4
0.924625 0.0606227 5
0.913342 0.0127615 7
0.961857 0.568333 2
0.966117 0.589619 2
0.946277 0.283503 3
0.922467 0.0585966 5
0.939562 0.144545 4
0.938812 0.142781 4
0.979566 0.687871 2
0.916952 0.0271965 6
0.959229 0.556925 2
0.941516 0.268945 3
0.942564 0.271913 3
0.952895 0.309103 3
0.908421 0.0115827 7
0.978541 0.678274 2
0.901739 0.00495563 8
0.949969 0.296914 3
0.937229 0.139241 4
0.920959 0.0572843 5
0.886923 3.84637e-05 14
0.907753 0.00277887 9
0.898667 0.000515468 11
0.901701 0.00115917 10
0.983317 0.726782 2
0.873524 2.25094e-07 20
0.884206 1.63971e-05 15
0.948403 0.170352 4
0.913439 0.00644033 8
0.909058 0.00578978 8
0.917134 0.0138641 7
0.935916 0.0749562 5
0.940273 0.146271 4
0.962539 0.361886 3
0.915488 0.0133619 7
0.868115 3.66641e-08 22
0.88958 8.91413e-05 13
0.881103 6.82971e-06 16
0.900217 0.00111417 10
0.964248 0.373747 3
0.863494 2.66531e-09 25
0.868637 3.7482e-08 22
0.949444 0.294879 3
0.89728 0.00049538 11
0.886646 3.81241e-05 14
0.913803 0.00650074 8
0.957284 0.33045 3
0.924591 0.0316214 6
0.951985 0.305147 3
0.89406 0.000215662 12
0.913545 0.00645782 8
0.936487 0.0758928 5
0.930244 0.0360541 6
0.959337 0.341898 3
0.953988 0.314055 3
0.92447 0.0315389 6
0.922705 0.0158861 7
0.979148 0.683908 2
0.949292 0.173559 4
0.915806 0.00685314 8
0.976239 0.658173 2
0.932451 0.0697684 5
0.970435 0.615371 2
0.975417 0.651461 2
0.928036 0.0341807 6
0.988611 1 1
0.965209 0.584764 2
0.970649 0.616773 2
0.893756 0.00429584 8
0.893008 0.00424393 8
0.92792 0.122556 4
0.964447 0.580828 2
0.886828 0.00177724 9
0.951866 0.530653 2
0.961688 0.567559 2
0.901307 0.0215461 6
0.845291 1.2603e-09 25
0.927849 0.122452 4
0.900785 0.0214091 6
0.961241 0.56555 2
0.894684 0.00930913 7
0.916372 0.108773 4
0.907388 0.0483875 5
0.912676 0.051329 5
0.994244 1 1
0.883989 0.0016955 9
0.893481 0.00915983 7
0.958913 0.555634 2
0.923102 0.116076 4
0.91426 0.106816 4
0.928394 0.240349 3
0.938795 0.261782 3
0.950753 0.527299 2
0.974467 1 1
0.921993 0.114746 4
0.986509 1 1
0.981768 1 1
0.991716 1 1
0.916158 0.0536013 5
0.905055 0.0109075 7
0.948587 0.291651 3
0.985079 1 1
0.90497 0.0108915 7
0.972452 0.629083 2
0.955777 0.543658 2
0.923153 0.116139 4
0.861854 3.31077e-07 19
0.944548 0.27789 3
0.916413 0.0537801 5
0.963247 0.574876 2
0.925323 0.0613178 5
0.944377 0.157345 4
0.934725 0.134104 4
0.907347 0.00556966 8
0.965253 0.584994 2
0.897529 0.00104031 10
0.917476 0.0274547 6
0.937003 0.138754 4
0.945462 0.160623 4
0.951146 0.301636 3
0.923106 0.0306385 6
0.903714 0.00250718 9
0.964212 0.579638 2
0.959464 0.342636 3
0.957096 0.329453 3
0.961366 0.566105 2
0.966737 0.593038 2
0.973155 0.634138 2
0.935284 0.253595 3
0.902531 0.0104584 7
0.97339 0.635862 2
0.985545 1 1
0.912272 0.0510836 5
0.970292 0.614441 2
0.933666 0.250176 3
0.938452 0.260934 3
0.868928 1.04834e-05 15
0.944092 0.276475 3
0.918109 0.0550138 5
0.943724 0.275349 3
0.947312 0.287061 3
0.968259 0.60182 2
0.965007 0.583708 2
0.952152 0.305863 3
0.930361 0.126338 4
0.954209 0.538206 2
0.959861 0.55956 2
0.941325 0.268416 3
0.982641 1 1
0.937248 0.258038 3
0.96218 0.569818 2
0.896343 0.00212468 9
0.972215 0.627411 2
0.947593 0.288052 3
0.950206 0.297844 3
0.907901 0.0235184 6
0.928668 0.123676 4
0.919245 0.111676 4
0.909746 0.0496308 5
0.985614 1 1
0.889331 0.00400795 8
0.903671 0.0221995 6
0.949207 0.522874 2
0.933145 0.249119 3
0.930629 0.244286 3
0.925928 0.119731 4
0.921911 0.11465 4
0.958639 0.554524 2
0.970706 0.617143 2
0.937462 0.258544 3
0.961583 0.35563 3
0.959572 0.343268 3
0.955735 0.322457 3
0.886727 1.78745e-05 15
0.911992 0.00621029 8
0.905353 0.00128497 10
0.939254 0.143815 4
0.894885 0.000221082 12
0.947053 0.165727 4
0.991754 1 1
0.89832 0.000510309 11
0.856542 1.39905e-11 0
0.936039 0.0751551 5
0.913501 0.00645045 8
0.978726 0.679975 2
0.940425 0.265979 3
0.9532 0.534868 2
0.955417 0.542377 2
0.957626 0.550536 2
0.9087 0.0490665 5
0.97731 1 1
0.96227 0.570236 2
0.926639 0.120714 4
0.963889 0.578022 2
0.919641 0.112099 4
0.958248 0.552968 2
0.884071 0.00169777 9
0.948077 0.519797 2
0.927166 0.121461 4
0.931439 0.245793 3
0.902464 0.021859 6
0.922932 0.115869 4
0.913553 0.0518732 5
0.905704 0.0228074 6
0.986096 1 1
0.883972 0.00169505 9
0.898019 0.00975745 7
0.94712 0.517292 2
0.927305 0.121661 4
0.925962 0.119777 4
0.921767 0.114482 4
0.923485 0.11655 4
0.952826 0.533665 2
0.967328 0.59638 2
0.932235 0.247319 3
0.876231 0.00150794 9
0.896812 0.0204414 6
0.892612 0.0195441 6
0.960208 0.561033 2
0.922204 0.230916 3
0.905414 0.0474209 5
0.890185 0.0190747 6
0.960593 0.562696 2
0.91006 0.10331 4
0.874047 0.00146269 9
0.960628 0.562848 2
0.945914 0.514261 2
0.925965 0.236408 3
0.938727 0.498701 2
0.885934 0.00834509 7
0.884465 0.000783521 10
0.901917 0.0217096 6
0.900337 0.0101026 7
0.978154 1 1
0.903438 0.0221325 6
0.926719 0.120826 4
0.90299 0.0220057 6
0.939741 0.264185 3
0.915229 0.0529654 5
0.873839 0.000130936 12
0.964486 0.581026 2
0.915135 0.0529026 5
0.921347 0.113997 4
0.922801 0.115711 4
0.886083 0.00175499 9
0.870371 4.87536e-06 16
0.891491 0.00193136 9
0.886606 0.000377954 11
0.94951 0.295133 3
0.925499 0.119149 4
0.895855 0.00444974 8
0.882826 0.000159718 12
0.962319 0.570467 2
0.904377 0.0107822 7
0.870911 1.10409e-05 15
0.952358 0.306749 3
0.956966 0.548022 2
0.922898 0.0589869 5
0.939741 0.264185 3
0.882448 0.000158285 12
0.962672 0.572122 2
0.97802 0.673551 2
0.969234 0.607738 2
0.910577 0.0120681 7
0.932225 0.129485 4
0.921415 0.0576727 5
0.950188 0.297773 3
0.919394 0.0284515 6
0.970026 0.612729 2
0.980305 0.695053 2
0.92318 0.0592455 5
0.878677 1.37544e-05 15
0.962207 0.569946 2
0.937362 0.139531 4
0.993639 1 1
0.979839 1 1
0.971919 0.625343 2
0.981923 1 1
0.9168 0.0540542 5
0.897209 0.00455581 8
0.956001 0.544464 2
0.99351 1 1
0.900235 0.00481462 8
0.965991 0.588936 2
0.945394 0.280589 3
0.921771 0.0579806 5
0.857165 2.39533e-08 22
0.937477 0.258579 3
0.90979 0.0241794 6
0.952462 0.307201 3
0.85877 1.8828e-05 14
0.87982 0.00351666 8
0.874752 0.00147699 9
0.936922 0.495373 2
0.919226 0.227023 3
0.883664 0.00369775 8
0.870689 0.000620646 10
0.952886 0.533858 2
0.892398 0.0195012 6
0.860575 4.46807e-05 13
0.939187 0.499584 2
0.962853 0.57298 2
0.911796 0.104701 4
0.930899 0.244784 3
0.871761 0.000630899 10
0.88614 1.75126e-05 15
0.908731 0.00285302 9
0.902018 0.00116919 10
0.943347 0.154375 4
0.955332 0.320461 3
0.898065 0.000506577 11
0.894081 0.000102895 13
0.989096 1 1
0.920468 0.0150085 7
0.892951 9.91339e-05 13
0.955393 0.320763 3
0.962289 0.360229 3
0.944728 0.158389 4
0.968122 0.601002 2
0.903915 0.00123269 10
0.96569 0.587313 2
0.97177 0.624318 2
0.978285 1 1
0.933266 0.131351 4
0.905284 0.0109505 7
0.968286 0.601981 2
0.988161 1 1
0.913215 0.0255114 6
0.974278 0.642533 2
0.938612 0.261327 3
0.937663 0.259021 3
0.869636 1.06772e-05 15
0.946964 0.285848 3
0.920248 0.0566932 5
0.948683 0.292009 3
0.91773 0.110108 4
0.940204 0.265394 3
0.93476 0.252465 3
0.965453 0.586054 2
0.946891 0.516707 2
0.932162 0.247178 3
0.928642 0.240771 3
0.971727 1 1
0.953695 0.536487 2
0.916768 0.109156 4
0.982611 1 1
0.925975 0.236424 3
0.970336 1 1
0.968119 0.600985 2
0.92935 0.241995 3
0.896697 0.00451508 8
0.914303 0.0259751 6
0.912793 0.0253371 6
0.991551 1 1
0.910267 0.0243541 6
0.937628 0.258939 3
0.915266 0.0264035 6
0.944667 0.278264 3
0.927745 0.1223 4
0.885477 0.00036849 11
0.975628 0.653163 2
0.913331 0.0255601 6
0.932343 0.129693 4
0.930415 0.126425 4
0.897872 0.00460984 8
0.959416 0.557698 2
0.972374 0.628532 2
0.964061 0.578882 2
0.905738 0.00537779 8
0.932293 0.129606 4
0.915889 0.0266898 6
0.945113 0.279683 3
0.916795 0.0271201 6
0.964185 0.579502 2
0.984175 1 1
0.918637 0.0280479 6
0.877127 1.31333e-05 15
0.958751 0.338527 3
0.935625 0.135888 4
0.993819 1 1
0.906321 0.0111504 7
0.929098 0.124335 4
0.922893 0.0589818 5
0.958849 0.555372 2
0.954048 0.537665 2
0.919062 0.0557443 5
0.915667 0.0532626 5
0.985878 1 1
0.941788 0.269703 3
0.90921 0.0239711 6
0.974644 0.645357 2
0.939456 0.263453 3
0.963475 0.575984 2
0.974743 0.646127 2
0.921203 0.0574909 5
0.921865 0.230454 3
0.93669 0.49496 2
0.937334 0.496115 2
0.975666 1 1
0.908428 0.102068 4
0.966045 1 1
0.942844 0.507122 2
0.933844 0.490142 2
0.949121 0.522635 2
0.904569 0.0993649 4
0.970017 1 1
0.894158 0.019861 6
0.942401 0.506155 2
0.928442 0.24043 3
0.916795 0.224104 3
0.923584 0.0596221 5
0.941076 0.267731 3
0.940079 0.265067 3
0.978722 0.679933 2
0.918781 0.055526 5
0.958518 0.554041 2
0.942216 0.270912 3
0.943931 0.275979 3
0.954541 0.539332 2
0.910085 0.024287 6
0.979463 1 1
0.90262 0.00504246 8
0.952026 0.305324 3
0.939051 0.262424 3
0.922673 0.0587818 5
0.916542 0.0269979 6
0.939737 0.144965 4
0.933127 0.131097 4
0.956052 0.324051 3
0.956614 0.326931 3
0.924464 0.0604652 5
0.924731 0.0607269 5
0.977099 0.665457 2
0.952237 0.306229 3
0.91981 0.0286788 6
0.973049 0.633364 2
0.930357 0.0670052 5
0.974718 0.645931 2
0.978041 0.67374 2
0.93201 0.12911 4
0.902107 0.0217613 6
0.924075 0.117291 4
0.915041 0.0528393 5
0.917622 0.11 4
0.997092 1 1
0.890933 0.00410694 8
0.901028 0.0214726 6
0.961397 0.566246 2
0.930897 0.24478 3
0.9209 0.113488 4
0.933703 0.250252 3
0.934774 0.252496 3
0.958705 0.554793 2
0.98053 1 1
0.929162 0.241667 3
39 0 1 2 3 4 5 6 8 9 10 12 13 14 15 17 18 19 21 22 23 25 27 29 30 31 33 34 35 36 37 39 40 42 43 44 45 47 48 49 
14 6 7 12 16 17 19 21 24 27 30 31 33 37 44 
23 0 2 3 5 6 7 12 15 17 19 21 22 24 25 27 30 31 33 37 40 44 48 49 
41 0 2 3 5 6 7 8 10 11 12 14 15 16 17 18 19 20 21 22 23 24 25 26 27 28 29 30 31 32 33 37 38 40 41 42 44 45 46 47 48 49 
13 6 7 12 17 19 21 24 27 30 31 33 37 44 
45 0 2 3 5 6 7 8 10 11 12 13 14 15 16 17 18 19 20 21 22 23 24 25 26 27 28 29 30 31 32 33 34 36 37 38 39 40 41 42 44 45 46 47 48 49 
30 0 2 3 5 6 7 8 12 15 16 17 19 21 22 23 24 25 26 27 29 30 31 33 37 38 40 44 45 48 49 
27 0 3 5 6 7 8 12 15 16 17 19 21 22 24 25 26 27 29 30 31 33 37 38 41 44 48 49 
21 0 5 6 7 12 15 16 17 19 21 22 24 25 26 27 30 31 33 37 44 49 
1 31 
32 0 2 3 5 6 10 12 13 14 15 17 18 19 21 22 23 25 27 29 30 31 33 34 36 37 39 40 42 44 45 48 49 
21 0 3 5 6 7 12 15 16 17 19 21 22 24 25 26 27 30 33 37 44 49 
19 5 6 7 12 16 17 19 21 24 25 26 27 30 31 33 37 38 44 49 
18 0 5 6 12 15 17 19 21 22 24 25 27 30 31 33 37 44 49 
3 24 31 44 
