40 15 8e+06
2.59257 193752
2.62119 160496
1.66702 141134
1.09417 129551
1.04333 122612
2.08567 123551
2.48007 127782
1.1132 178398
1.32112 171295
2.60225 143222
1.97392 116107
2.72932 167416
1.0382 168429
2.32944 157995
2.01069 186248
2.99828 196642
1.49949 135258
1.75607 161340
2.17449 182378
1.70961 133885
1.61178 101832
1.14264 141751
1.76943 124324
1.66795 132183
2.55987 145265
1.85315 166076
1.61783 153804
1.43135 141897
1.12125 198081
1.71763 106312
1.26983 185601
1.47421 192700
1.42587 123446
2.05585 197883
1.31609 177442
1.46322 193940
2.39907 133919
2.6514 153829
1.25914 154255
1.86335 174525
0.934079 0.132866 4
0.926426 0.120416 4
0.958015 0.552051 2
0.896918 0.00215026 9
0.968982 0.606188 2
0.905239 0.0109419 7
0.880576 6.92894e-05 13
0.882216 0.000157415 12
0.909377 0.0240307 6
0.901019 0.00488705 8
0.909622 0.0241186 6
0.898224 0.00463912 8
0.925024 0.0610172 5
0.977478 0.668747 2
0.918733 0.0554893 5
0.951162 0.301703 3
0.907004 0.0055276 8
0.948617 0.291763 3
0.891572 0.0002006 12
0.937025 0.138802 4
0.958447 0.336808 3
0.871308 4.56796e-07 19
0.877045 5.96845e-06 16
0.889186 0.000187768 12
0.955402 0.320809 3
0.893002 0.00044131 11
0.885225 3.64588e-05 14
0.891664 0.000201125 12
0.940022 0.145655 4
0.927327 0.0634349 5
0.854629 4.15635e-09 24
0.97593 0.655622 2
0.933785 0.132311 4
0.978826 0.680904 2
0.932741 0.1304 4
0.881423 0.000154513 12
0.972861 0.632007 2
0.970381 0.615018 2
0.99005 1 1
0.87546 2.76295e-05 14
0.993972 1 1
0.992405 1 1
0.961937 0.568699 2
0.883905 0.000163936 12
0.949626 0.295579 3
0.973322 0.635358 2
0.88301 0.000349267 11
0.924405 0.117713 4
0.866122 1.92406e-06 17
0.916779 0.0540391 5
0.942754 0.272466 3
0.846558 1.04854e-10 28
0.851905 1.62393e-09 25
0.865418 8.36783e-07 18
0.942841 0.27272 3
0.868666 4.64555e-06 16
0.86055 1.39816e-07 20
0.870562 1.09393e-05 15
0.938282 0.260516 3
0.900575 0.00484572 8
0.834689 4.83057e-12 0
0.934259 0.133208 4
0.907585 0.00559932 8
0.968661 0.604232 2
0.898719 0.00107187 10
0.882697 3.37705e-05 14
0.968269 0.601877 2
0.977622 0.670017 2
0.940882 0.147792 4
0.877323 6.02195e-06 16
0.946529 0.284357 3
0.957036 0.329135 3
0.91438 0.0130446 7
0.853218 6.15376e-11 29
0.942822 0.152911 4
0.955233 0.541726 2
0.891141 0.0019188 9
0.931718 0.128606 4
0.877516 0.000141499 12
0.920477 0.056882 5
0.960974 0.564362 2
0.85741 1.26184e-07 20
0.863512 1.78555e-06 17
0.873765 5.87575e-05 13
0.96055 0.562505 2
0.87773 0.00014216 12
0.870501 2.44105e-05 14
0.875735 6.15069e-05 13
0.930017 0.125782 4
0.913551 0.0518721 5
0.919455 0.1119 4
0.943772 0.275496 3
0.98212 1 1
0.927803 0.122384 4
0.963559 0.576395 2
0.943429 0.27446 3
0.906977 0.0232119 6
0.9124 0.051161 5
0.925589 0.119271 4
0.937452 0.258519 3
0.929839 0.242859 3
0.92183 0.114556 4
0.924832 0.118266 4
0.933452 0.249739 3
0.962599 0.571778 2
0.940271 0.146265 4
0.927774 0.0639324 5
0.965723 0.587488 2
0.900796 0.00234058 9
0.970159 0.613583 2
0.918004 0.0277207 6
0.883019 3.40947e-05 14
0.885707 7.95623e-05 13
0.909734 0.0118729 7
0.913724 0.0128641 7
0.911013 0.0121721 7
0.900202 0.00230926 9
0.92174 0.029791 6
0.97291 0.63236 2
0.926619 0.0626657 5
0.974578 0.644845 2
0.877905 5.89403e-07 19
0.919074 0.0145079 7
0.861158 9.22746e-11 29
0.911717 0.00310324 9
0.939774 0.0817994 5
0.841687 6.62377e-12 0
0.847044 8.55289e-12 0
0.86041 8.86574e-11 29
0.940395 0.0830211 5
0.863631 5.31655e-10 27
0.855568 1.32664e-11 0
0.86568 1.32076e-09 26
0.935113 0.0736793 5
0.895518 0.000225403 12
0.906179 0.0229563 6
0.963616 0.576676 2
0.989961 1 1
0.941228 0.268149 3
0.976511 1 1
0.923735 0.116862 4
0.921503 0.114176 4
0.925346 0.118945 4
0.944516 0.277789 3
0.917731 0.0547322 5
0.947962 0.289373 3
0.938305 0.260572 3
0.945241 0.280094 3
0.930875 0.127182 4
0.966737 0.593038 2
0.952245 0.306264 3
0.905134 0.0109222 7
0.940115 0.265161 3
0.877409 6.40215e-05 13
0.947041 0.286113 3
0.903581 0.0106397 7
0.860678 1.40417e-07 20
0.862813 3.41383e-07 19
0.888165 0.000842733 10
0.900511 0.00483977 8
0.888689 0.000851833 10
0.877744 6.45464e-05 13
0.903301 0.0105907 7
0.996874 1 1
0.902137 0.0103924 7
0.907359 0.0483725 5
0.900193 0.0212566 6
0.928404 0.240366 3
0.899938 0.0211918 6
0.910918 0.0502886 5
0.986098 1 1
0.879875 0.00159029 9
0.888224 0.00394268 8
0.885907 0.00381372 8
0.981296 1 1
0.891778 0.00895842 7
0.888464 0.00395665 8
0.877896 0.000696519 10
0.895517 0.00941624 7
0.936126 0.25546 3
0.860233 7.16198e-07 18
0.932235 0.247319 3
0.9253 0.118884 4
0.954368 0.538742 2
0.910886 0.0502704 5
0.918064 0.0549804 5
0.938103 0.260081 3
0.948408 0.520685 2
0.92783 0.122425 4
0.912768 0.0513849 5
0.935003 0.252986 3
0.938795 0.261782 3
0.906821 0.0231615 6
0.870602 2.44698e-05 14
0.96455 0.581353 2
0.948452 0.520803 2
0.922299 0.115109 4
0.96469 0.582069 2
0.899154 0.00992271 7
0.960909 0.564075 2
0.932126 0.247106 3
0.880106 0.000328927 11
0.883973 0.000776261 10
0.903878 0.0222594 6
0.928076 0.122787 4
0.906205 0.0229645 6
0.896351 0.00952668 7
0.912149 0.05101 5
0.964734 0.582298 2
0.929518 0.12499 4
0.891277 0.00412895 8
0.891838 0.00416539 8
0.914833 0.0527013 5
0.896807 0.00958834 7
0.897199 0.00964225 7
0.970738 0.617358 2
0.87786 0.000314666 11
0.886861 0.00177824 9
0.879374 0.000324149 11
0.969097 0.606893 2
0.885645 0.00174217 9
0.884048 0.00169712 9
0.868496 2.32798e-05 14
0.879147 0.000322692 11
0.929856 0.242888 3
0.868412 0.00059989 10
0.952237 0.531805 2
0.940924 0.503044 2
0.97002 1 1
0.928108 0.239868 3
0.916246 0.223473 3
0.949441 0.523527 2
0.958664 0.554626 2
0.946355 0.515353 2
0.910344 0.103532 4
0.953676 0.536427 2
0.955285 0.541909 2
0.926148 0.236695 3
0.884279 0.00819 7
0.98051 1 1
0.903707 0.00122541 10
0.931125 0.0368593 6
0.941805 0.150173 4
0.898061 0.000244236 12
0.9602 0.347017 3
0.878061 5.93169e-07 19
0.88619 8.20567e-06 16
0.885092 7.87541e-06 16
0.9185 0.0143114 7
0.873394 1.01672e-07 21
0.916121 0.00691181 8
0.904104 0.00123936 10
0.941741 0.150006 4
0.95097 0.179968 4
0.908076 0.00280293 9
0.952518 0.532686 2
0.918234 0.110621 4
0.959784 0.559233 2
0.894382 0.00434046 8
0.958 0.551991 2
0.928518 0.123449 4
0.875637 0.000135918 12
0.87928 0.000323545 11
0.899967 0.0100456 7
0.924796 0.118219 4
0.902029 0.0217399 6
0.892 0.0041761 8
0.909377 0.0494295 5
0.96979 0.611224 2
0.924098 0.11732 4
0.870501 5.46403e-05 13
0.980136 1 1
0.950683 0.527094 2
0.97979 1 1
0.944516 0.51091 2
0.901936 0.0217148 6
0.959434 0.557771 2
0.963408 0.575658 2
0.973109 1 1
0.895836 0.00945804 7
0.980155 1 1
0.975261 1 1
0.953857 0.537027 2
0.895623 0.00943012 7
0.971561 1 1
0.960668 1 1
0.896245 0.0436483 5
0.937838 0.497038 2
0.880417 0.00354348 8
0.927929 0.239568 3
0.954348 0.538673 2
0.860425 0.000101984 12
0.866062 0.000255393 11
0.878531 0.00346036 8
0.952927 0.533988 2
0.882143 0.00800021 7
0.874285 0.00146748 9
0.882035 0.00799086 7
0.939405 0.500006 2
0.915749 0.10818 4
0.871541 4.60711e-07 19
0.921364 0.029567 6
0.926615 0.0626618 5
0.936219 0.137104 4
0.909866 0.00589986 8
0.936831 0.138388 4
0.918278 0.0278612 6
0.928145 0.0643517 5
0.913114 0.0127011 7
0.931872 0.0689779 5
0.92013 0.0288567 6
0.921521 0.02966 6
0.895787 0.000475238 11
0.875459 2.57896e-06 17
0.960324 0.347763 3
0.901619 0.0011566 10
0.956303 0.325327 3
0.975739 0.654064 2
0.94562 0.161115 4
0.95847 0.336939 3
0.935245 0.0738868 5
0.92411 0.0312959 6
0.930116 0.0667037 5
0.939535 0.144482 4
0.928937 0.0349215 6
0.94483 0.158693 4
0.938157 0.0787802 5
0.932992 0.0705251 5
0.918292 0.0142415 7
0.981291 0.704999 2
0.875746 0.000672057 10
0.982433 1 1
0.956523 0.546372 2
0.973801 1 1
0.95016 0.525571 2
0.905369 0.0473995 5
0.953683 0.53645 2
0.957493 0.550023 2
0.970791 1 1
0.899234 0.021016 6
0.977054 1 1
0.970133 1 1
0.955213 0.541655 2
0.901107 0.0455166 5
0.973845 1 1
0.886689 0.000818084 10
0.92201 0.114766 4
0.936374 0.25602 3
0.929536 0.125017 4
0.918522 0.0553271 5
0.952564 0.532832 2
0.909745 0.0241631 6
0.918908 0.0556243 5
0.910586 0.0244728 6
0.947117 0.286379 3
0.917265 0.0543899 5
0.916208 0.0536363 5
0.896963 0.00453613 8
0.888065 0.000841006 10
0.96227 0.570236 2
0.946028 0.162397 4
0.915036 0.00671352 8
0.956994 0.328914 3
0.898945 0.0002514 12
0.944767 0.158505 4
0.956052 0.324051 3
0.878603 6.06526e-07 19
0.884192 3.54829e-06 17
0.897039 0.000236364 12
0.952026 0.184264 4
0.900832 0.000549774 11
0.892855 9.88251e-05 13
0.899462 0.000255741 12
0.942321 0.151547 4
0.934496 0.07273 5
0.866191 4.99041e-05 13
0.939051 0.262424 3
0.933071 0.248969 3
0.958268 0.553046 2
0.918604 0.111002 4
0.921324 0.11397 4
0.939924 0.501026 2
0.949895 0.524812 2
0.933236 0.2493 3
0.915738 0.108171 4
0.940467 0.502112 2
0.942995 0.507455 2
0.913214 0.105897 4
0.877743 0.00069472 10
0.97272 1 1
0.944448 0.277578 3
0.915339 0.0264365 6
0.949466 0.294962 3
0.886931 0.000380763 11
0.957676 0.550731 2
0.905716 0.0110326 7
0.870266 2.17952e-06 17
0.872244 5.14859e-06 16
0.898252 0.00221211 9
0.902078 0.00498866 8
0.898711 0.00223426 9
0.887584 0.000386532 11
0.913449 0.0256097 6
0.989389 1 1
0.910694 0.0120959 7
0.912947 0.00636023 8
0.927176 0.0335025 6
0.956731 0.327537 3
0.921765 0.0155055 7
0.938334 0.0790984 5
0.964576 0.376125 3
0.900586 0.00054567 11
0.90801 0.00279803 9
0.911376 0.00307267 9
0.958049 0.334597 3
0.916932 0.00706727 8
0.911906 0.00312037 9
0.904979 0.001271 10
0.914239 0.00657444 8
0.960391 0.348177 3
0.886061 0.00835726 7
0.907023 0.0482036 5
0.924639 0.234392 3
0.914666 0.107181 4
0.906712 0.048049 5
0.960058 0.560395 2
0.895652 0.0201818 6
0.904923 0.04719 5
0.895565 0.0201627 6
0.955872 0.543998 2
0.902137 0.0459487 5
0.901283 0.0455897 5
0.882567 0.00364392 8
0.881371 0.00358725 8
0.946513 0.515749 2
0.908691 0.0116409 7
0.962654 0.572036 2
0.989383 1 1
0.935354 0.135345 4
0.987128 1 1
0.917057 0.0272477 6
0.917057 0.0272477 6
0.919768 0.0563039 5
0.943464 0.274564 3
0.911294 0.0247417 6
0.945608 0.281285 3
0.934756 0.134165 4
0.949457 0.294928 3
0.938134 0.141236 4
0.956638 0.546798 2
0.930991 0.127375 4
0.937979 0.259779 3
0.981999 1 1
0.916955 0.0541655 5
0.969777 0.611144 2
0.937541 0.258732 3
0.897091 0.00454638 8
0.901505 0.00493309 8
0.919245 0.0558879 5
0.932271 0.129567 4
0.922382 0.0585198 5
0.913061 0.0254475 6
0.923602 0.0596387 5
0.948362 0.290826 3
0.948568 0.291584 3
0.90609 0.0477448 5
0.929448 0.242167 3
0.941885 0.505049 2
0.89652 0.0203751 6
0.960062 0.560409 2
0.879024 0.00157021 9
0.88434 0.00373185 8
0.883417 0.0036855 8
0.916476 0.108873 4
0.874429 0.00065789 10
0.914259 0.106815 4
0.902257 0.0459998 5
0.939334 0.263141 3
0.953621 0.536243 2
0.907455 0.0484213 5
0.911441 0.050591 5
0.933573 0.249986 3
0.94961 0.524002 2
0.900887 0.0214357 6
0.967583 0.597851 2
0.886625 0.00385264 8
0.88757 0.00390531 8
0.887261 0.00388791 8
0.919276 0.111709 4
0.88197 0.00164207 9
0.917676 0.110054 4
0.905643 0.0475296 5
0.940414 0.26595 3
0.958141 0.552543 2
0.914023 0.106605 4
0.958722 0.554859 2
0.90946 0.0240602 6
0.94872 0.521533 2
0.88408 0.000777825 10
0.95077 0.527352 2
0.918426 0.0552538 5
0.866094 4.32925e-06 16
0.869184 1.05527e-05 15
0.891658 0.0019374 9
0.915294 0.0530092 5
0.893105 0.00425056 8
0.882709 0.000347051 11
0.903536 0.0106318 7
0.981205 1 1
0.912111 0.0509872 5
0.896015 0.0094817 7
0.894997 0.00934898 7
0.919373 0.111812 4
0.898525 0.020843 6
0.901722 0.0216568 6
0.975565 1 1
0.879186 0.00071206 10
0.888022 0.00393108 8
0.881999 0.00164284 9
0.973167 1 1
0.888177 0.00394001 8
0.886091 0.00175523 9
0.87187 0.000125842 12
0.884159 0.00170018 9
0.932637 0.248107 3
0.887396 0.00179459 9
0.979305 1 1
0.969335 0.608367 2
0.961109 0.56496 2
0.961601 0.567164 2
0.913227 0.0516687 5
0.941115 0.26784 3
0.944932 0.279104 3
0.96188 0.568435 2
0.907061 0.0232396 6
0.966668 0.592656 2
0.957915 0.551658 2
0.954003 0.537514 2
0.912712 0.0513506 5
0.975764 1 1
0.880275 0.00159992 9
0.905318 0.0473753 5
0.920431 0.112963 4
0.915171 0.107643 4
0.902668 0.046177 5
0.95426 0.538378 2
0.896781 0.0204342 6
0.906271 0.0478328 5
0.894765 0.0199894 6
0.950415 0.52631 2
0.901454 0.0456608 5
0.901353 0.0456185 5
0.880612 0.00355233 8
0.876112 0.00150538 9
0.944911 0.51184 2
0.939896 0.264588 3
0.9181 0.0550073 5
0.959054 0.556208 2
0.903508 0.0106269 7
0.945055 0.279495 3
0.959772 0.559182 2
0.882931 0.000348684 11
0.888825 0.00085423 10
0.900274 0.00481817 8
0.95513 0.541367 2
0.904382 0.0107833 7
0.896808 0.00452381 8
0.901224 0.0102428 7
0.937454 0.258524 3
0.9398 0.26434 3
0.855922 6.34181e-07 18
0.969123 0.607053 2
0.934651 0.252232 3
0.994871 1 1
0.929281 0.241874 3
0.890621 0.00408726 8
0.975611 1 1
0.979714 1 1
0.974265 1 1
0.884666 0.00171426 9
0.981217 1 1
0.986929 1 1
0.948077 0.519798 2
0.880854 0.000733197 10
0.960016 0.560216 2
0.940037 0.50125 2
0.93015 0.243415 3
0.970962 1 1
0.904833 0.0995402 4
0.97077 1 1
0.925149 0.235157 3
0.88633 0.00838322 7
0.889585 0.0189636 6
0.911724 0.104642 4
0.920675 0.228871 3
0.91359 0.106223 4
0.903183 0.0464021 5
0.921475 0.229929 3
0.966075 1 1
0.932661 0.248154 3
27 1 2 3 5 6 8 9 11 12 14 15 18 19 20 21 22 23 24 25 27 28 30 34 35 36 37 38 
21 2 4 5 6 11 12 14 15 18 20 21 22 23 25 27 28 34 35 36 37 38 
28 1 2 3 4 5 6 8 9 11 12 14 15 18 19 20 21 22 23 24 25 27 28 30 34 35 36 37 38 
12 4 11 12 14 15 20 23 25 27 28 34 36 
34 1 2 3 4 5 6 7 8 9 11 12 13 14 15 17 18 19 20 21 22 23 24 25 27 28 29 30 33 34 35 36 37 38 39 
13 4 11 12 14 15 18 20 23 25 28 34 36 38 
35 0 1 3 4 5 6 7 9 10 11 12 13 14 15 17 18 19 20 21 22 23 24 25 26 27 28 29 30 33 34 35 36 37 38 39 
5 4 12 20 25 36 
37 0 1 2 3 4 5 6 7 8 9 10 11 12 13 14 15 17 18 19 20 21 22 23 24 25 26 27 28 29 30 33 34 35 36 37 38 39 
14 2 4 11 12 14 15 18 20 23 25 28 34 36 38 
36 0 1 3 4 5 6 7 8 9 10 11 12 13 14 15 17 18 19 20 21 22 23 24 25 26 27 28 29 30 33 34 35 36 37 38 39 
36 0 1 3 4 5 6 7 9 10 11 12 13 14 15 17 18 19 20 21 22 23 24 25 26 27 28 29 30 32 33 34 35 36 37 38 39 
40 0 1 2 3 4 5 6 7 8 9 10 11 12 13 14 15 16 17 18 19 20 21 22 23 24 25 26 27 28 29 30 31 32 33 34 35 36 37 38 39 
36 1 2 3 4 5 6 7 8 9 10 11 12 13 14 15 17 18 19 20 21 22 23 24 25 26 27 28 29 30 33 34 35 36 37 38 39 
11 4 11 12 14 15 20 23 25 28 34 36 
