40 15 8e+06
2.24856 138524
2.38895 125513
1.57388 134815
1.45086 182179
1.53573 147417
2.40948 165554
1.19132 146399
1.06618 163313
2.99082 125261
1.69648 184822
1.62446 132283
2.43646 104408
2.59303 165860
1.58058 190805
2.21645 192078
1.85524 119326
1.88251 152898
1.63278 141378
2.59837 154380
1.14465 115735
1.4758 101728
1.30762 157508
1.19573 163798
2.10438 147701
1.05429 164533
2.86744 109885
2.32519 129694
1.99176 105734
1.33951 128377
1.41498 100149
1.69015 153213
2.33935 156009
1.25285 117481
2.255 174022
1.15598 150785
2.4679 101575
2.29616 101234
2.65097 196518
2.33473 156620
1.03593 153513
0.934497 0.251907 3
0.913782 0.0520189 5
0.891005 0.00411157 8
0.910519 0.0500618 5
0.954044 0.53765 2
0.954834 0.540338 2
0.931438 0.245791 3
0.965 0.583671 2
0.905188 0.0226488 6
0.960217 0.561071 2
0.922389 0.115215 4
0.940731 0.266797 3
0.889911 0.00404318 8
0.880721 0.000731461 10
0.935028 0.25304 3
0.933059 0.248946 3
0.910581 0.103719 4
0.8746 0.000659697 10
0.920425 0.228546 3
0.942373 0.506096 2
0.954686 0.539826 2
0.915824 0.108251 4
0.976039 1 1
0.891426 0.00891822 7
0.965473 1 1
0.923356 0.232526 3
0.925768 0.236103 3
0.883325 0.00368093 8
0.871961 0.000632852 10
0.919335 0.111771 4
0.948276 0.520329 2
0.935734 0.254584 3
0.913991 0.106577 4
0.903183 0.0464021 5
0.987226 1 1
0.957075 0.548434 2
0.968291 1 1
0.925693 0.235987 3
0.943474 0.508523 2
0.949189 0.522822 2
0.933495 0.249827 3
0.979798 1 1
0.920524 0.113067 4
0.914942 0.107432 4
0.971811 1 1
0.893924 0.00430773 8
0.89103 0.00411314 8
0.9731 0.633737 2
0.847291 3.15912e-09 24
0.929308 0.124661 4
0.8974 0.00967025 7
0.963599 0.576591 2
0.880457 0.000331264 11
0.951607 0.52986 2
0.889616 0.00186608 9
0.880768 0.000333363 11
0.95211 0.531408 2
0.894481 0.00434761 8
0.902126 0.0103905 7
0.961581 0.567078 2
0.945619 0.161109 4
0.926012 0.0326277 6
0.83702 5.35561e-12 0
0.974554 0.644658 2
0.92174 0.029791 6
0.954684 0.317328 3
0.887818 8.45571e-05 13
0.928571 0.0648438 5
0.873605 4.97612e-07 19
0.964061 0.578882 2
0.948181 0.290166 3
0.899241 0.00108625 10
0.892587 0.000206519 12
0.874853 1.14779e-06 18
0.890627 0.000195342 12
0.938049 0.497428 2
0.941782 0.504831 2
0.918977 0.111392 4
0.885949 0.00834654 7
0.961307 0.565843 2
0.93225 0.247348 3
0.973564 1 1
0.88705 0.00845388 7
0.980872 1 1
0.919572 0.112025 4
0.926512 0.237266 3
0.973795 1 1
0.946752 0.516352 2
0.949716 0.524301 2
0.971999 1 1
0.910339 0.103528 4
0.907383 0.0483846 5
0.955477 0.542589 2
0.862388 4.62654e-05 13
0.945769 0.513904 2
0.913024 0.105734 4
0.981354 1 1
0.889782 0.0087363 7
0.964043 0.57879 2
0.904328 0.0469159 5
0.897015 0.0204878 6
0.969338 1 1
0.909178 0.102631 4
0.914929 0.107421 4
0.979015 1 1
0.910746 0.0245329 6
0.890478 0.00189549 9
0.888116 0.000841882 10
0.892319 0.00196171 9
0.931876 0.128878 4
0.930935 0.127281 4
0.916624 0.0539291 5
0.973871 0.639444 2
0.888675 0.000851587 10
0.938174 0.260252 3
0.899292 0.00994336 7
0.923539 0.116617 4
0.867956 4.55478e-06 16
0.860138 3.13716e-07 19
0.920038 0.056522 5
0.917023 0.109405 4
0.899652 0.0211199 6
0.91072 0.0501754 5
0.887014 0.00387413 8
0.947111 0.51727 2
0.934289 0.251467 3
0.939225 0.262865 3
0.950652 0.527005 2
0.909905 0.0497185 5
0.936239 0.255714 3
0.903688 0.0222042 6
0.944654 0.511234 2
0.881592 0.00163247 9
0.876366 0.00067894 10
0.942567 0.506516 2
0.941526 0.504293 2
0.96467 0.581967 2
0.865829 4.95379e-05 13
0.901117 0.0214959 6
0.926929 0.237933 3
0.921676 0.114377 4
0.916855 0.109241 4
0.860345 8.51518e-06 15
0.931965 0.246795 3
0.908064 0.0487337 5
0.942393 0.506139 2
0.921581 0.114266 4
0.993314 1 1
0.97248 1 1
0.916269 0.108674 4
0.907737 0.0114377 7
0.906935 0.011273 7
0.955309 0.320352 3
0.858895 1.12118e-08 23
0.941243 0.26819 3
0.908557 0.0116119 7
0.977255 0.666804 2
0.882178 7.22433e-05 13
0.969895 0.611888 2
0.899089 0.00225282 9
0.894925 0.000977015 10
0.964845 0.582867 2
0.911942 0.0123998 7
0.919566 0.0285449 6
0.974028 0.64063 2
0.947086 0.286272 3
0.940679 0.14728 4
0.918873 0.0281724 6
0.897255 0.00216558 9
0.98313 1 1
0.949177 0.293861 3
0.979101 0.683464 2
0.910311 0.0120057 7
0.95905 0.556191 2
0.938473 0.142004 4
0.932908 0.130701 4
0.991198 1 1
0.93188 0.128885 4
0.928777 0.0650844 5
0.981503 0.707194 2
0.893375 0.00426919 8
0.893539 0.00428064 8
0.966268 0.590442 2
0.845148 5.37103e-10 26
0.926194 0.120096 4
0.894023 0.00431478 8
0.961666 0.567461 2
0.870659 2.4503e-05 14
0.960576 0.562621 2
0.884876 0.000789683 10
0.880932 0.000334479 11
0.949444 0.523535 2
0.901304 0.0102558 7
0.911348 0.0505369 5
0.958622 0.554456 2
0.932696 0.130319 4
0.950614 0.299472 3
0.886557 0.000377533 11
0.88533 0.000367286 11
0.932781 0.130473 4
0.916898 0.0541244 5
0.93362 0.132003 4
0.860535 6.15385e-08 21
0.954854 0.540408 2
0.902876 0.0105172 7
0.928264 0.123068 4
0.935175 0.134989 4
0.979698 1 1
0.989441 1 1
0.932127 0.129313 4
0.946155 0.514857 2
0.926029 0.236509 3
0.83882 2.35697e-09 24
0.972111 1 1
0.923356 0.232526 3
0.956199 0.545183 2
0.889431 0.00869873 7
0.931023 0.245013 3
0.87477 0.000661507 10
0.966139 1 1
0.947985 0.519554 2
0.900867 0.0454179 5
0.892634 0.0195483 6
0.875117 0.000665215 10
0.89228 0.0194778 6
0.937005 0.257471 3
0.929057 0.241484 3
0.928045 0.239762 3
0.889574 0.00871399 7
0.975551 1 1
0.942283 0.505901 2
0.984323 1 1
0.913141 0.105834 4
0.955916 0.544159 2
0.933583 0.250005 3
0.922652 0.231536 3
0.992904 1 1
0.920773 0.113345 4
0.919247 0.111678 4
0.988045 1 1
0.966889 0.593889 2
0.962504 0.57133 2
0.841603 6.59785e-12 0
0.96565 0.587098 2
0.928165 0.12292 4
0.953132 0.310155 3
0.897268 0.00456054 8
0.894986 0.0020667 9
0.8934 0.00200291 9
0.947249 0.286838 3
0.981631 1 1
0.907806 0.011452 7
0.930324 0.126277 4
0.909777 0.0241744 6
0.899022 0.00470701 8
0.90946 0.00584394 8
0.891599 0.000200754 12
0.906907 0.00551586 8
0.882449 1.54765e-05 15
0.938092 0.141141 4
0.927428 0.0635455 5
0.930787 0.0675522 5
0.953747 0.312942 3
0.90158 0.00115536 10
0.930802 0.0675715 5
0.896538 0.000485184 11
0.935679 0.135998 4
0.873116 4.88491e-07 19
0.867851 8.09063e-08 21
0.934017 0.0720115 5
0.96743 0.398329 3
0.981801 0.710309 2
0.881828 3.23868e-06 17
0.916748 0.00703143 8
0.956572 0.326712 3
0.949898 0.175815 4
0.938767 0.0798921 5
0.888114 1.87768e-05 15
0.943195 0.153947 4
0.935437 0.0741886 5
0.96137 0.35427 3
0.946526 0.163998 4
0.970873 0.618247 2
0.955544 0.321511 3
0.939206 0.0807125 5
0.914616 0.107136 4
0.902995 0.0463191 5
0.938204 0.497716 2
0.874225 0.00146626 9
0.952176 0.531616 2
0.925786 0.236131 3
0.963522 1 1
0.921579 0.230068 3
0.933512 0.249861 3
0.922009 0.23065 3
0.900369 0.0452156 5
0.963481 1 1
0.892957 0.0196135 6
0.892273 0.0194765 6
0.966075 1 1
0.937019 0.257503 3
0.958816 0.555241 2
0.871787 2.51836e-05 14
0.894107 0.00432072 8
0.927364 0.121746 4
0.918325 0.0551774 5
0.921165 0.113788 4
0.858431 2.97701e-07 19
0.93882 0.261844 3
0.904472 0.0224335 6
0.936082 0.255361 3
0.92474 0.118146 4
0.994719 1 1
0.98181 1 1
0.920231 0.112742 4
0.976804 0.66293 2
0.952856 0.30893 3
0.865927 1.4954e-08 23
0.953311 0.31096 3
0.955665 0.32211 3
0.989854 1 1
0.920435 0.029029 6
0.930112 0.0666989 5
0.90662 0.00269725 9
0.985702 0.754957 2
0.969872 0.611743 2
0.932261 0.069506 5
0.92008 0.028829 6
0.903928 0.0025203 9
0.923148 0.0306651 6
0.920719 0.113284 4
0.899969 0.0100458 7
0.887472 0.00179695 9
0.901614 0.0103061 7
0.940153 0.265262 3
0.941258 0.268232 3
0.921334 0.113981 4
0.975108 1 1
0.894085 0.00431918 8
0.948569 0.521121 2
0.90928 0.0239959 6
0.929371 0.124759 4
0.876403 0.000138145 12
0.867728 1.01675e-05 15
0.924849 0.118289 4
0.922513 0.115363 4
0.904247 0.0468788 5
0.905502 0.0474627 5
0.893667 0.0091825 7
0.950559 0.52673 2
0.940564 0.50231 2
0.938246 0.260427 3
0.955533 0.542785 2
0.909499 0.0494956 5
0.943156 0.507812 2
0.909371 0.0494264 5
0.944989 0.512026 2
0.884619 0.00374613 8
0.878308 0.00155375 9
0.941729 0.50472 2
0.936029 0.255241 3
0.941531 0.268984 3
0.91746 0.0545321 5
0.883991 0.000776523 10
0.957044 0.548317 2
0.929031 0.124231 4
0.969605 0.610057 2
0.882812 0.000759661 10
0.983126 1 1
0.916126 0.0535794 5
0.925124 0.11865 4
0.969032 0.60649 2
0.949395 0.523399 2
0.953792 0.536811 2
0.967756 0.598853 2
0.920685 0.0291715 6
0.912044 0.0124254 7
0.941841 0.150268 4
0.876014 5.77618e-06 16
0.959149 0.340806 3
0.928311 0.0645429 5
0.978978 0.682313 2
0.911961 0.0124046 7
0.948577 0.291614 3
0.921826 0.0298428 6
0.906435 0.00545925 8
0.976675 0.661838 2
0.90526 0.00532332 8
0.905893 0.00539565 8
0.981291 0.704999 2
0.989251 1 1
0.966646 1 1
0.864276 0.000109085 12
0.953515 0.535896 2
0.954463 0.539065 2
0.981129 1 1
0.920653 0.228842 3
0.9163 0.108703 4
0.91132 0.104312 4
0.970962 1 1
0.984313 1 1
0.932097 0.247051 3
0.932451 0.24774 3
0.914873 0.107369 4
0.922894 0.231873 3
0.96548 0.586194 2
0.960551 0.562511 2
0.840285 6.20832e-12 0
0.967475 0.597228 2
0.926904 0.121087 4
0.952471 0.532539 2
0.895827 0.00444759 8
0.895167 0.00439796 8
0.891708 0.00193921 9
0.947117 0.286379 3
0.979976 1 1
0.906407 0.0230283 6
0.928456 0.123355 4
0.907934 0.0235294 6
0.897613 0.00458857 8
0.888319 0.000393214 11
0.867404 8.90954e-07 18
0.866752 8.72612e-07 18
0.880203 6.86319e-05 13
0.9047 0.0108415 7
0.908804 0.0116655 7
0.889427 0.000403703 11
0.972332 0.628233 2
0.862126 1.47441e-07 20
0.9188 0.0555409 5
0.878661 3.00992e-05 14
0.895895 0.00210518 9
0.843519 7.21785e-12 0
0.834993 4.89552e-12 0
0.892702 0.000928514 10
0.947192 0.166192 4
0.923965 0.016424 7
0.857163 1.44769e-11 0
0.948186 0.16959 4
0.938133 0.0787358 5
0.966117 0.387771 3
0.9053 0.001283 10
0.953593 0.312236 3
0.886182 8.20335e-06 16
0.981061 0.70264 2
0.942047 0.150815 4
0.916603 0.00700352 8
0.892356 4.62112e-05 14
0.877406 2.64816e-07 20
0.908506 0.00283562 9
0.942154 0.270736 3
0.964932 0.58332 2
0.868187 9.13725e-07 18
0.900603 0.00484826 8
0.928783 0.123851 4
0.922593 0.0587096 5
0.919247 0.0558898 5
0.861496 6.36871e-08 21
0.934497 0.133664 4
0.908867 0.0116794 7
0.94235 0.271297 3
0.923859 0.059882 5
0.995958 1 1
0.974229 0.642156 2
0.918626 0.0280422 6
0.900219 0.00481311 8
0.902742 0.0104942 7
0.952537 0.532747 2
0.850724 1.54998e-09 25
0.930305 0.126247 4
0.898418 0.00465547 8
0.964486 0.581026 2
0.868492 4.62302e-06 16
0.97326 0.634909 2
0.888068 0.00084106 10
0.8884 0.000846791 10
0.952863 0.533782 2
0.913195 0.0255033 6
0.924299 0.117576 4
0.960887 0.56398 2
0.881199 0.000737724 10
0.874263 0.000294094 11
0.974576 1 1
0.839016 7.66353e-11 28
0.917975 0.110356 4
0.889013 0.00398895 8
0.945446 0.51312 2
0.887061 0.00387674 8
0.926098 0.119963 4
0.884158 0.00170015 9
0.867601 5.1375e-05 13
0.937104 0.257702 3
0.87287 0.000128385 12
0.87831 0.000701427 10
0.945108 0.512308 2
0.926998 0.0333654 6
0.909724 0.00293212 9
0.910524 0.00299869 9
0.894469 0.000104239 13
0.957608 0.33219 3
0.943764 0.155562 4
0.946194 0.162926 4
0.94873 0.171518 4
0.917292 0.0071383 8
0.944338 0.157229 4
0.913346 0.00642497 8
0.953094 0.309986 3
0.891254 4.44532e-05 14
0.885444 7.97913e-06 16
0.949728 0.175176 4
0.933765 0.250378 3
0.932573 0.24798 3
0.929756 0.125365 4
0.882985 0.000762086 10
0.965542 0.586524 2
0.932771 0.24837 3
0.988776 1 1
0.895394 0.00441489 8
0.975488 1 1
0.921672 0.114372 4
0.920724 0.11329 4
0.986204 1 1
0.932764 0.248358 3
0.935084 0.253161 3
0.987188 1 1
0.927538 0.0636678 5
0.931857 0.128844 4
0.926591 0.0626359 5
0.876032 1.27211e-05 15
0.952474 0.307254 3
0.922358 0.0584988 5
0.974179 0.641775 2
0.880618 3.17933e-05 14
0.991437 1 1
0.910155 0.0119695 7
0.916188 0.0268297 6
0.969491 0.609337 2
0.940516 0.146871 4
0.947378 0.287293 3
0.971384 0.621679 2
0.960269 0.561293 2
0.936866 0.257148 3
0.859984 1.93068e-05 14
0.95463 0.539637 2
0.945706 0.51375 2
0.977611 1 1
0.911294 0.104291 4
0.942434 0.506227 2
0.894479 0.0199286 6
0.990469 1 1
0.955269 0.541855 2
0.922956 0.23196 3
0.904486 0.0469881 5
0.888798 0.00863183 7
0.914311 0.106861 4
0.947314 0.517793 2
0.934151 0.251178 3
0.827924 3.61416e-12 0
0.9969 1 1
0.914319 0.0523642 5
0.946167 0.514885 2
0.88105 0.000735759 10
0.905906 0.0228702 6
0.87185 0.000125791 12
0.949191 0.522829 2
0.956483 0.546225 2
0.892211 0.00419006 8
0.901468 0.0215891 6
0.881963 0.000747945 10
0.883397 0.00167946 9
0.957799 0.551208 2
0.945926 0.282333 3
0.835125 4.92399e-12 0
0.98452 1 1
0.922409 0.0585444 5
0.952951 0.30935 3
0.889439 0.00040382 11
0.904415 0.00522997 8
0.881666 7.12777e-05 13
0.952734 0.30839 3
0.968298 0.602052 2
0.900527 0.00484124 8
0.912912 0.0253859 6
0.893138 0.000937665 10
0.891629 0.000906734 10
0.941706 0.269474 3
0.957732 0.550947 2
0.890613 0.0019002 9
0.892447 0.00420586 8
0.942995 0.273172 3
0.926615 0.120681 4
0.941265 0.268249 3
0.870054 2.41503e-05 14
0.958649 0.554564 2
0.912466 0.0512008 5
0.93593 0.255021 3
0.944058 0.27637 3
0.978585 1 1
0.978704 1 1
0.940129 0.265197 3
28 0 1 2 3 4 6 7 8 10 11 12 14 15 17 19 21 22 23 25 26 28 29 31 32 33 34 36 37 
35 0 1 2 3 4 5 6 7 8 10 11 12 14 15 16 17 18 19 21 22 23 24 25 26 27 28 29 31 32 33 34 35 36 37 38 
25 0 1 2 3 5 6 7 8 10 11 14 15 17 18 19 21 22 23 25 26 28 32 33 34 36 
27 0 1 2 3 4 6 7 8 10 11 12 14 15 17 19 21 22 23 25 26 28 29 31 32 33 34 36 
21 0 1 2 3 4 6 7 8 14 15 17 19 21 22 23 25 28 29 32 33 36 
26 0 1 2 3 5 6 7 8 10 11 12 15 17 19 22 23 24 25 28 29 31 32 33 34 35 36 
18 0 1 3 6 7 8 10 12 15 17 19 22 23 25 28 31 32 33 
5 7 8 17 28 32 
23 0 1 2 3 6 7 8 10 11 12 15 17 19 22 23 25 28 29 31 32 33 34 35 
20 0 1 2 3 6 7 8 10 12 15 17 19 22 23 25 28 29 31 32 33 
26 0 1 2 3 4 6 7 8 11 14 15 17 19 21 22 23 25 26 27 28 29 32 33 36 37 38 
22 0 1 2 4 7 8 14 15 17 19 21 22 23 25 26 28 29 32 33 36 37 38 
35 0 1 2 3 4 5 6 7 8 10 11 12 14 15 16 17 18 19 21 22 23 24 25 26 27 29 31 32 33 34 35 36 37 38 39 
39 0 1 2 3 4 5 6 7 8 9 10 11 12 13 14 15 16 17 18 19 20 21 22 23 24 25 26 27 29 30 31 32 33 34 35 36 37 38 39 
23 0 1 2 4 7 8 11 14 15 17 19 21 22 23 25 26 28 29 32 33 36 37 38 
