50 15 8e+06
2.46086 184404
1.38875 107279
2.03583 192808
2.97841 130387
1.80534 109436
1.22588 197570
1.13382 105607
1.38014 136864
1.7544 115410
1.02898 119570
2.42906 152917
2.8732 173893
1.40795 184716
1.47845 192459
2.13478 164151
2.74037 171089
1.49393 145351
2.9246 155562
2.44794 100357
1.39116 107950
2.20585 151095
1.82559 198907
1.66428 152061
1.44988 182115
1.92882 174315
1.31155 144551
2.45937 132882
2.66874 127199
2.59008 105813
1.33375 125957
1.73857 147839
2.49627 137740
2.65197 180932
1.77969 173834
1.29191 118493
2.11526 115585
1.65583 131224
1.70715 115060
2.15297 112573
1.16421 188111
2.43293 112010
2.62278 191874
1.2441 193766
2.44752 190412
1.01335 130784
1.01151 176598
2.95512 138700
1.11176 159511
1.04854 132366
1.34772 138846
0.920614 0.113167 4
0.917665 0.110042 4
0.927382 0.238667 3
0.918388 0.110778 4
0.974506 1 1
0.963864 0.5779 2
0.934265 0.251417 3
0.87101 0.000277538 11
0.949728 0.524336 2
0.894338 0.00926554 7
0.859071 8.27247e-06 15
0.894029 0.00922713 7
0.942798 0.507021 2
0.892128 0.00899894 7
0.896232 0.0203103 6
0.943988 0.276154 3
0.894438 0.000965998 10
0.886601 0.000175392 12
0.942612 0.272052 3
0.864476 1.59944e-07 20
0.910567 0.0120658 7
0.905468 0.00534687 8
0.967156 0.595399 2
0.868978 9.37625e-07 18
0.973332 0.635437 2
0.96651 0.591778 2
0.902883 0.00506903 8
0.906148 0.00542543 8
0.895725 0.000995672 10
0.964286 0.580012 2
0.963749 1 1
0.876766 0.0033864 8
0.878206 0.00344645 8
0.913953 0.106543 4
0.896352 0.0436866 5
0.937794 0.496955 2
0.982596 1 1
0.925965 0.236408 3
0.882023 0.00798984 7
0.913649 0.106275 4
0.911359 0.104344 4
0.866642 0.000584622 10
0.903126 0.0984289 4
0.861327 0.000103576 12
0.908333 0.101998 4
0.9432 0.273777 3
0.913501 0.012804 7
0.919873 0.0287137 6
0.929233 0.0656248 5
0.950891 0.300592 3
0.978072 0.674017 2
0.957369 0.330907 3
0.891968 0.000429798 11
0.932977 0.130825 4
0.909709 0.0118673 7
0.879235 1.39897e-05 15
0.894119 0.000958897 10
0.941914 0.150461 4
0.890728 0.000416688 11
0.909863 0.0119024 7
0.935027 0.0735453 5
0.92367 0.0310043 6
0.913743 0.00649061 8
0.966264 0.59042 2
0.880046 3.03086e-06 17
0.920463 0.0150068 7
0.898066 0.000506599 11
0.934193 0.0722745 5
0.890683 9.22246e-05 13
0.985735 0.755366 2
0.932546 0.0698996 5
0.935521 0.0743226 5
0.929313 0.0657212 5
0.928106 0.0342368 6
0.990961 1 1
0.931362 0.127999 4
0.854804 1.82575e-09 25
0.858402 2.50538e-08 22
0.88571 0.000171451 12
0.888623 0.000396042 11
0.918045 0.0549664 5
0.966715 0.592917 2
0.897388 0.00217166 9
0.868492 2.06425e-06 17
0.88278 0.00015954 12
0.883437 0.00016208 12
0.841744 6.6413e-12 0
0.881564 7.10876e-05 13
0.837125 5.38078e-12 0
0.878011 2.95687e-05 14
0.910604 0.103737 4
0.987423 1 1
0.975372 1 1
0.958503 0.553983 2
0.921093 0.22942 3
0.935266 0.253557 3
0.889703 0.00872782 7
0.881894 0.0036118 8
0.943553 0.508702 2
0.930575 0.244188 3
0.876198 0.00150722 9
0.974638 1 1
0.972538 1 1
0.971876 1 1
0.938942 0.499113 2
0.910756 0.00301853 9
0.953234 0.310611 3
0.965254 0.381156 3
0.933439 0.071165 5
0.970097 0.613184 2
0.955356 0.320582 3
0.908124 0.00280655 9
0.86713 7.06138e-09 24
0.983377 0.727453 2
0.903783 0.00122807 10
0.857577 1.48133e-11 0
0.92614 0.0327215 6
0.970404 0.615165 2
0.925682 0.0323882 6
0.908831 0.00286082 9
0.920249 0.112762 4
0.955884 0.544041 2
0.943818 0.509301 2
0.972063 1 1
0.897992 0.0207157 6
0.927011 0.238064 3
0.890246 0.00878675 7
0.903632 0.0221881 6
0.915275 0.107739 4
0.956001 0.544464 2
0.900217 0.0212628 6
0.969192 1 1
0.951919 0.530818 2
0.961554 0.566953 2
0.965555 0.586592 2
0.932318 0.24748 3
0.861319 4.532e-05 13
0.865655 0.000111832 12
0.889611 0.00871797 7
0.898526 0.0208432 6
0.925401 0.23554 3
0.97124 1 1
0.893641 0.0197533 6
0.877343 0.00153211 9
0.883941 0.00371163 8
0.879585 0.00158338 9
0.846873 2.14255e-07 19
0.888424 0.00859302 7
0.842518 1.47205e-08 22
0.879871 0.00159019 9
0.903507 0.00121854 10
0.936368 0.0756957 5
0.923045 0.0160279 7
0.949775 0.175353 4
0.874456 1.06473e-07 21
0.903186 0.00120757 10
0.870746 1.85462e-08 23
0.899227 0.000523989 11
0.89287 9.88737e-05 13
0.948672 0.171307 4
0.899462 0.000527623 11
0.960085 0.346323 3
0.926966 0.0333414 6
0.953582 0.312187 3
0.957079 0.329363 3
0.966491 0.591674 2
0.921337 0.0295511 6
0.9235 0.0308931 6
0.951218 0.301933 3
0.932741 0.0701712 5
0.984105 0.735779 2
0.959057 0.340277 3
0.915187 0.0132741 7
0.924958 0.0609512 5
0.935008 0.134658 4
0.902753 0.00244982 9
0.907514 0.00559042 8
0.949585 0.29542 3
0.902738 0.00244895 9
0.934344 0.133369 4
0.972532 0.629647 2
0.925857 0.0325148 6
0.925334 0.0321396 6
0.964114 0.579149 2
0.92282 0.0304564 6
0.973827 0.639112 2
0.949686 0.295812 3
0.925496 0.0322543 6
0.920253 0.0289261 6
0.949895 0.296624 3
0.913887 0.0129085 7
0.916031 0.0135234 7
0.951769 0.304234 3
0.910513 0.00599107 8
0.949089 0.293529 3
0.958076 0.334748 3
0.874368 2.32983e-07 20
0.876433 5.55445e-07 19
0.909755 0.00293465 9
0.897657 0.000500702 11
0.936723 0.0762863 5
0.985614 0.753873 2
0.919758 0.0147493 7
0.881887 3.24585e-06 17
0.908116 0.00280595 9
0.905255 0.00128131 10
0.863257 1.17234e-09 26
0.901067 0.00113953 10
0.858132 3.46649e-11 30
0.903093 0.00120443 10
0.925261 0.118832 4
0.923667 0.116776 4
0.912652 0.051314 5
0.960198 0.560989 2
0.874942 6.03743e-05 13
0.912973 0.051511 5
0.888866 0.00184129 9
0.926865 0.121032 4
0.887513 0.00179822 9
0.975551 1 1
0.926815 0.120962 4
0.939058 0.262441 3
0.925506 0.11916 4
0.931724 0.128615 4
0.981291 1 1
0.929663 0.125219 4
0.969848 0.61159 2
0.965219 0.584816 2
0.973942 1 1
0.928415 0.123294 4
0.953582 0.536116 2
0.908521 0.0237298 6
0.896677 0.00957068 7
0.943681 0.27522 3
0.94261 0.272047 3
0.889415 0.00185938 9
0.957511 0.550092 2
0.983922 1 1
0.95294 0.534029 2
0.949538 0.5238 2
0.986738 1 1
0.913409 0.0255925 6
0.912243 0.0251145 6
0.955955 0.544298 2
0.911735 0.0249134 6
0.962615 0.571855 2
0.95583 0.543846 2
0.936728 0.25683 3
0.907308 0.0233206 6
0.950968 0.300909 3
0.924045 0.117252 4
0.90586 0.0110604 7
0.938211 0.260342 3
0.899992 0.00479257 8
0.947577 0.287994 3
0.917672 0.054688 5
0.93267 0.130274 4
0.920615 0.0569965 5
0.960254 0.561232 2
0.87794 6.48567e-05 13
0.912006 0.0250203 6
0.883101 0.000349941 11
0.914653 0.0525824 5
0.893148 0.00199315 9
0.965015 0.58375 2
0.914297 0.0523495 5
0.950881 0.300555 3
0.930132 0.125966 4
0.943595 0.27496 3
0.97316 0.634175 2
0.946163 0.514875 2
0.948947 0.522154 2
0.942742 0.506899 2
0.996401 1 1
0.914045 0.106624 4
0.952711 0.533299 2
0.917219 0.109599 4
0.917871 0.110251 4
0.923828 0.233203 3
0.964427 0.580725 2
0.910675 0.0501498 5
0.946584 0.515929 2
0.963881 0.577986 2
0.940124 0.501424 2
0.970188 1 1
0.941669 0.269369 3
0.928474 0.0647307 5
0.934867 0.134381 4
0.940137 0.145936 4
0.95733 0.330696 3
0.988251 1 1
0.945473 0.280844 3
0.891839 0.000428395 11
0.945482 0.280874 3
0.916823 0.0271336 6
0.880023 3.12613e-05 14
0.908233 0.0115423 7
0.957236 0.330198 3
0.905025 0.00529702 8
0.918381 0.0279146 6
0.956076 0.544735 2
0.940414 0.26595 3
0.940942 0.267368 3
0.968501 0.603262 2
0.934504 0.251922 3
0.980617 1 1
0.938836 0.261885 3
0.91185 0.0508316 5
0.935376 0.253797 3
0.944485 0.277694 3
0.901361 0.0102649 7
0.927166 0.121461 4
0.967904 0.599722 2
0.922294 0.115102 4
0.946579 0.284526 3
0.95184 0.530576 2
0.921387 0.229811 3
0.926256 0.236864 3
0.941112 0.503431 2
0.946507 0.515734 2
0.989574 1 1
0.9564 0.545919 2
0.900671 0.0453379 5
0.934232 0.251348 3
0.921298 0.229692 3
0.888266 0.00857665 7
0.903597 0.0465855 5
0.950406 0.526283 2
0.899733 0.0449611 5
0.921613 0.230114 3
0.965943 0.588673 2
0.884103 0.00169865 9
0.886123 0.00175617 9
0.919269 0.111701 4
0.905579 0.0227687 6
0.946853 0.51661 2
0.99068 1 1
0.921868 0.1146 4
0.890902 0.00410501 8
0.91575 0.0533192 5
0.907378 0.0483822 5
0.872678 0.000127888 12
0.911074 0.0503785 5
0.867561 2.27818e-05 14
0.911247 0.0504781 5
0.95719 0.548867 2
0.934245 0.251375 3
0.936441 0.256172 3
0.959421 0.557719 2
0.939045 0.262409 3
0.989389 1 1
0.945966 0.514389 2
0.909389 0.049436 5
0.935679 0.254462 3
0.937399 0.258393 3
0.898081 0.0097663 7
0.919205 0.111633 4
0.962955 0.573468 2
0.914681 0.0526008 5
0.93866 0.261446 3
0.93696 0.0766882 5
0.942332 0.151578 4
0.948677 0.171328 4
0.948214 0.169688 4
0.958547 0.337371 3
0.983441 0.728181 2
0.933495 0.0712467 5
0.890014 4.25956e-05 14
0.955332 0.320461 3
0.921399 0.0153623 7
0.87923 1.35248e-06 18
0.921125 0.0152565 7
0.971304 0.621136 2
0.91817 0.0142007 7
0.924437 0.0315164 6
0.927365 0.238639 3
0.972276 1 1
0.968866 0.605475 2
0.969935 0.612143 2
0.931628 0.246152 3
0.953997 0.537491 2
0.907773 0.0485837 5
0.893304 0.00913832 7
0.947636 0.518632 2
0.93866 0.261446 3
0.885886 0.00174922 9
0.957004 0.548166 2
0.987575 1 1
0.953016 0.534273 2
0.945512 0.51328 2
0.94946 0.294942 3
0.933242 0.0708815 5
0.937628 0.140112 4
0.950699 0.299817 3
0.948602 0.29171 3
0.997141 1 1
0.945694 0.281568 3
0.900511 0.00232542 9
0.942079 0.1509 4
0.927478 0.0636015 5
0.888992 0.000186783 12
0.915231 0.0132871 7
0.96264 0.571972 2
0.911397 0.0122651 7
0.929049 0.0654058 5
0.962356 0.570635 2
0.871457 5.57942e-05 13
0.86838 2.32174e-05 14
0.918474 0.110868 4
0.868139 2.30875e-05 14
0.915743 0.0533148 5
0.938869 0.261967 3
0.969692 0.610605 2
0.861992 3.88907e-06 16
0.934358 0.251613 3
0.954758 0.540076 2
0.870157 5.42346e-05 13
0.892509 0.00421003 8
0.86369 9.20749e-06 15
0.925861 0.119639 4
0.942059 0.150846 4
0.919321 0.0284118 6
0.910319 0.0120076 7
0.965794 0.587869 2
0.88057 3.17497e-05 14
0.923257 0.0593174 5
0.904193 0.00520599 8
0.942002 0.150695 4
0.889242 0.000188049 12
0.993913 1 1
0.939426 0.144221 4
0.928904 0.0652334 5
0.927893 0.0640664 5
0.921543 0.0296729 6
0.991476 1 1
0.977673 0.670468 2
0.888034 3.98722e-05 14
0.888667 4.07116e-05 14
0.92718 0.0335056 6
0.901447 0.000560215 11
0.947004 0.165565 4
0.97809 0.674184 2
0.933661 0.0714873 5
0.889892 4.24193e-05 14
0.926681 0.0331247 6
0.919052 0.0145004 7
0.878833 1.3318e-06 18
0.914084 0.00654816 8
0.873307 1.0129e-07 21
0.92153 0.0154132 7
0.951401 0.529236 2
0.944425 0.510699 2
0.945404 0.513019 2
0.96809 1 1
0.937631 0.496656 2
0.980363 1 1
0.935412 0.253876 3
0.907791 0.0485926 5
0.939741 0.500664 2
0.942064 0.505431 2
0.897574 0.0206172 6
0.92994 0.243039 3
0.972498 1 1
0.925331 0.235433 3
0.944852 0.511699 2
0.956048 0.544635 2
0.916503 0.108899 4
0.920856 0.113438 4
0.939434 0.263397 3
0.941243 0.503702 2
0.984713 1 1
0.96245 0.571077 2
0.904249 0.0468794 5
0.928276 0.24015 3
0.921814 0.114537 4
0.891481 0.0089245 7
0.899747 0.0211437 6
0.94536 0.512914 2
0.895639 0.0201789 6
0.921407 0.114066 4
0.928827 0.0651429 5
0.874264 1.12376e-06 18
0.8804 1.45017e-05 15
0.895369 0.000469849 11
0.919923 0.0287416 6
0.938186 0.141352 4
0.966935 0.594148 2
0.883151 3.42296e-05 14
0.896119 0.00047959 11
0.88369 3.4787e-05 14
0.869291 1.90694e-07 20
0.856678 1.66406e-10 28
0.901599 0.0023842 9
0.853032 2.65777e-11 30
0.88129 1.49127e-05 15
0.939386 0.144127 4
0.959885 0.345126 3
0.956674 0.327242 3
0.979519 0.687418 2
0.928873 0.0651975 5
0.96119 0.35313 3
0.917562 0.0140013 7
0.904349 0.00124808 10
0.939884 0.145319 4
0.947987 0.168896 4
0.896295 0.000481923 11
0.948785 0.171714 4
0.98051 0.697087 2
0.943733 0.155472 4
0.953722 0.312826 3
0.940068 0.265039 3
0.887116 0.00178599 9
0.879334 0.000323889 11
0.934921 0.25281 3
0.858185 6.75452e-07 18
0.90442 0.0224181 6
0.902395 0.02184 6
0.971995 0.625874 2
0.862092 3.89901e-06 16
0.965368 0.585601 2
0.973898 1 1
0.89585 0.00945993 7
0.898859 0.00987913 7
0.888745 0.00183735 9
0.956497 0.546275 2
0.915335 0.107794 4
0.963572 0.576459 2
0.950793 0.527418 2
0.967617 0.598045 2
0.90158 0.0216188 6
0.92667 0.120758 4
0.887317 0.00389105 8
0.896234 0.0095109 7
0.920711 0.113276 4
0.948026 0.519662 2
0.892532 0.00904617 7
0.977037 1 1
0.955533 0.542785 2
0.969473 0.609227 2
0.957428 0.549775 2
0.973142 1 1
0.877625 0.000693343 10
0.876689 0.000682581 10
0.920949 0.113543 4
0.884586 0.00171204 9
0.93096 0.244897 3
0.961664 0.567452 2
0.94811 0.519886 2
0.874884 0.000297464 11
0.928045 0.239762 3
0.933171 0.24917 3
0.871796 0.000125657 12
0.901762 0.0216677 6
0.865816 4.95245e-05 13
0.921157 0.11378 4
0.891804 0.000201928 12
0.930621 0.0673391 5
0.944172 0.156741 4
0.907715 0.00561559 8
0.984201 0.736897 2
0.937346 0.139496 4
0.897608 0.000500013 11
0.846424 8.29759e-12 0
0.978396 0.676952 2
0.87928 2.94753e-06 17
0.8363 5.18663e-12 0
0.903209 0.00247671 9
0.943284 0.154197 4
0.90393 0.00252043 9
0.883796 1.61747e-05 15
0.900263 0.00481711 8
0.952677 0.308139 3
0.96641 0.591224 2
0.925071 0.0610647 5
0.968925 0.605834 2
0.944342 0.277248 3
0.898138 0.00463194 8
0.857617 1.06709e-08 23
0.994825 1 1
0.895298 0.00207974 9
0.848434 1.13773e-10 28
0.924632 0.060629 5
0.962769 0.572583 2
0.925277 0.0612715 5
0.90081 0.00486748 8
0.906457 0.0111773 7
0.928176 0.122937 4
0.915338 0.0264361 6
0.948933 0.292943 3
0.869602 2.13531e-06 17
0.901383 0.00492142 8
0.872144 5.13348e-06 16
0.906629 0.0112114 7
0.886379 0.000174396 12
0.954232 0.31519 3
0.907754 0.0114411 7
0.950288 0.29817 3
0.921743 0.0579567 5
0.943642 0.275101 3
0.961581 0.567078 2
0.96202 1 1
0.919266 0.227073 3
0.912966 0.105684 4
0.970577 1 1
0.892674 0.0195564 6
0.939307 0.499816 2
0.923609 0.232887 3
0.947757 0.518949 2
0.89708 0.0439507 5
0.984872 1 1
0.940189 0.501554 2
0.921848 0.230431 3
0.934907 0.491888 2
0.914831 0.107331 4
0.979421 1 1
0.967414 1 1
0.930308 0.243701 3
0.926661 0.237504 3
0.977679 1 1
0.912126 0.104974 4
0.959785 0.559237 2
0.935381 0.492688 2
0.932479 0.487985 2
0.914771 0.107276 4
0.966153 1 1
0.922715 0.231622 3
0.925789 0.236136 3
0.951449 0.52938 2
0.919497 0.227362 3
0.965874 1 1
0.947184 0.517456 2
0.887751 0.00852416 7
0.892609 0.0195435 6
0.912889 0.105618 4
0.924093 0.233589 3
0.953782 0.536775 2
0.982186 1 1
0.898903 0.0209347 6
0.904208 0.046861 5
0.901703 0.0457651 5
0.88495 0.00376323 8
0.87163 0.000280559 11
0.915717 0.108151 4
0.867506 0.00011571 12
0.899196 0.0210066 6
0.910465 0.0500309 5
0.986504 1 1
0.987889 1 1
0.951799 0.530448 2
0.936046 0.255279 3
0.942837 0.507108 2
0.894797 0.00932349 7
0.876111 0.000676093 10
0.959349 0.557418 2
0.921629 0.114322 4
0.869065 0.00011916 12
0.959829 0.559424 2
0.981929 1 1
0.958952 0.555792 2
0.929021 0.241421 3
0.909146 0.0239484 6
0.968889 0.605613 2
0.955203 0.541622 2
0.961032 0.564621 2
0.902465 0.0104473 7
0.923608 0.116703 4
0.882605 0.00034629 11
0.889029 0.0018466 9
0.923497 0.116564 4
0.940388 0.265882 3
0.885357 0.000797021 10
0.984729 1 1
0.955519 0.542738 2
0.977249 1 1
0.949717 0.524305 2
0.908454 0.00571009 8
0.972861 0.632007 2
0.984687 0.74262 2
0.942256 0.151373 4
0.950734 0.299955 3
0.947309 0.287051 3
0.898468 0.00106505 10
0.869681 1.93543e-07 20
0.974709 0.64586 2
0.911726 0.012346 7
0.861537 5.50784e-09 24
0.944788 0.158567 4
0.979979 0.691861 2
0.944692 0.158281 4
0.918191 0.0278163 6
0.97481 1 1
0.884794 0.000788449 10
0.881528 0.0003386 11
0.932476 0.247789 3
0.878803 0.000320508 11
0.927587 0.122069 4
0.943092 0.273457 3
0.968198 0.601453 2
0.874107 5.92201e-05 13
0.946769 0.285174 3
0.953156 0.534725 2
0.883248 0.00076581 10
0.905871 0.0228594 6
0.876733 0.000139126 12
0.938623 0.261355 3
0.918848 0.226555 3
0.980069 1 1
0.971384 1 1
0.966373 1 1
0.923631 0.232919 3
0.942599 0.506586 2
0.897403 0.0440696 5
0.888945 0.00864725 7
0.943293 0.508117 2
0.937049 0.495601 2
0.882725 0.00365157 8
0.968544 1 1
0.978041 1 1
0.964503 1 1
0.945039 0.512143 2
0.914596 0.00663615 8
0.983059 0.723908 2
0.972188 0.627217 2
0.962989 0.364928 3
0.920829 0.0151439 7
0.937938 0.0783879 5
0.89289 9.89366e-05 13
0.886009 1.74332e-05 15
0.941898 0.150418 4
0.934776 0.0731577 5
0.880222 3.05047e-06 17
0.973132 0.633966 2
0.974025 0.640608 2
0.969335 0.608367 2
0.943089 0.153653 4
0.924201 0.117451 4
0.961967 0.568835 2
0.969002 0.606309 2
0.951703 0.530155 2
0.954479 0.539119 2
0.964554 0.581375 2
0.914788 0.0526714 5
0.882464 0.00165481 9
0.966536 0.591923 2
0.921379 0.114033 4
0.873295 0.000129493 12
0.937998 0.259825 3
0.988268 1 1
0.935945 0.255054 3
0.926615 0.12068 4
21 0 2 3 5 7 9 11 13 19 21 22 23 24 26 29 31 32 36 37 38 42 
49 0 1 2 3 4 5 6 7 8 9 11 12 13 14 15 16 17 18 19 20 21 22 23 24 25 26 27 28 29 30 31 32 33 34 35 36 37 38 39 40 41 42 43 44 45 46 47 48 49 
39 0 1 2 3 5 7 9 11 12 13 15 16 18 19 20 21 22 23 24 25 26 27 28 29 30 31 32 33 34 36 37 38 40 41 42 43 45 46 49 
35 0 2 3 5 7 9 11 12 13 15 16 18 19 20 21 22 23 24 25 26 27 29 30 31 32 33 36 37 38 41 42 43 45 46 49 
5 0 5 9 32 42 
15 0 2 3 5 9 13 19 21 22 29 31 32 36 37 42 
5 0 5 9 32 42 
27 0 2 3 5 7 9 11 12 13 16 19 20 21 22 23 24 26 27 29 30 31 32 36 38 42 46 49 
39 0 1 2 3 4 5 7 9 11 12 13 14 15 16 18 19 20 21 22 23 24 25 26 27 28 29 30 31 32 33 34 36 37 38 40 41 42 46 49 
34 0 1 2 3 5 7 9 11 12 13 16 18 19 20 21 22 23 24 26 27 29 30 31 32 33 34 36 37 38 40 41 42 46 49 
27 0 2 3 5 9 11 12 13 16 19 20 21 22 23 24 26 27 29 30 31 32 36 38 41 42 46 49 
49 0 1 2 3 4 6 7 8 9 10 11 12 13 14 15 16 17 18 19 20 21 22 23 24 25 26 27 28 29 30 31 32 33 34 35 36 37 38 39 40 41 42 43 44 45 46 47 48 49 
34 0 1 2 3 5 7 9 11 12 13 16 18 19 20 21 22 23 24 26 27 28 29 30 31 32 33 34 36 37 40 41 42 46 49 
40 0 2 3 6 7 9 11 12 13 15 16 18 19 20 21 22 23 24 25 26 27 29 30 31 32 33 35 36 37 38 40 41 42 43 44 45 46 47 48 49 
41 0 2 3 5 6 7 9 11 12 13 15 16 18 19 20 21 22 23 24 25 26 27 29 30 31 32 33 35 36 37 38 40 41 42 43 44 45 46 47 48 49 
