70 15 8e+06
1.10942 156966
1.2201 112826
1.12364 176217
1.60876 119315
2.77839 156059
1.23235 115692
1.22766 130226
1.59916 129239
1.72581 169099
2.2021 124494
2.75345 158889
1.80897 184473
2.52094 176618
1.01033 155387
2.03291 145541
2.96876 106266
1.08191 103592
2.78575 145924
2.79399 140831
1.42236 145269
1.06644 141249
1.6025 156296
2.15067 169154
1.66889 166770
2.88904 184120
1.77979 159083
1.19555 115911
1.35774 138981
2.83236 117167
1.35025 125101
2.72159 132830
1.24529 165029
1.83864 161564
2.24399 194422
2.65924 100478
2.57862 184008
2.22876 159519
2.36809 199402
2.11795 192746
1.09182 170586
1.04371 112343
1.22067 108927
1.0771 158774
1.36506 112096
1.01969 136950
2.4784 113535
1.5648 161993
2.7933 127034
1.04326 141458
1.25063 168815
1.24327 108134
1.00054 190085
1.38307 111643
2.64715 195460
1.32457 150382
1.12338 139371
2.82864 140490
1.12945 138959
2.5221 128574
1.1294 130410
2.38062 131572
2.12672 110637
1.33038 148465
1.65789 109403
2.4091 185511
1.62091 114857
2.76556 152334
1.89509 100697
2.57159 116796
2.17779 168108
0.881488 7.09464e-05 13
0.866065 3.79981e-07 19
0.929117 0.124364 4
0.895244 0.00207748 9
0.855559 1.88358e-09 25
0.884731 0.000167304 12
0.963721 0.577194 2
0.873395 5.32864e-06 16
0.874342 5.48398e-06 16
0.910647 0.0120846 7
0.892337 0.000920993 10
0.893964 0.000955486 10
0.84702 8.54301e-12 0
0.888019 0.000390458 11
0.892277 0.00091978 10
0.898616 0.00467225 8
0.910254 0.0243491 6
0.98966 1 1
0.882111 0.000157027 12
0.90324 0.01058 7
0.917303 0.0544176 5
0.956931 0.547893 2
0.906105 0.0111081 7
0.915668 0.0265874 6
0.929329 0.124694 4
0.89865 0.00467511 8
0.900128 0.00480491 8
0.88203 0.000156726 12
0.883094 0.000160746 12
0.919682 0.0562347 5
0.871554 0.000628901 10
0.903894 0.0467189 5
0.951668 0.530048 2
0.844739 2.02438e-07 19
0.903886 0.046715 5
0.896813 0.0438532 5
0.911088 0.104124 4
0.888591 0.0187835 6
0.9042 0.0468571 5
0.896477 0.0437315 5
0.866137 0.000255703 11
0.867324 0.000260733 11
0.871703 0.000630342 10
0.8482 1.20573e-06 17
0.894594 0.0199531 6
0.892045 0.000430636 11
0.929186 0.0655691 5
0.957592 0.332104 3
0.859071 9.63148e-10 26
0.929233 0.0656248 5
0.919506 0.0285124 6
0.91529 0.0133039 7
0.912044 0.0124254 7
0.928903 0.0652322 5
0.914245 0.0130071 7
0.884119 3.52418e-05 14
0.885165 7.83585e-05 13
0.896009 0.00100247 10
0.864464 3.1577e-08 22
0.915814 0.0134584 7
0.904753 0.0471114 5
0.936787 0.256966 3
0.968842 1 1
0.87259 0.000285359 11
0.933781 0.250412 3
0.931539 0.245982 3
0.927563 0.238964 3
0.922931 0.115868 4
0.938492 0.261032 3
0.928429 0.240408 3
0.89759 0.0206211 6
0.898695 0.020884 6
0.904053 0.0467905 5
0.87788 0.000696324 10
0.928813 0.241064 3
0.872775 4.82282e-07 19
0.912296 0.0124891 7
0.941703 0.149905 4
0.840667 6.3183e-12 0
0.914867 0.0131822 7
0.900043 0.0011091 10
0.89988 0.00110437 10
0.893357 0.000445389 11
0.910627 0.00600744 8
0.894392 0.000457685 11
0.864848 1.42807e-08 23
0.865876 3.34223e-08 22
0.87971 6.51379e-06 16
0.84569 8.00752e-12 0
0.896016 0.000478234 11
0.889243 0.00867869 7
0.932543 0.247921 3
0.944964 0.511965 2
0.852733 3.11237e-06 16
0.93538 0.253804 3
0.917907 0.110287 4
0.903772 0.0466639 5
0.912035 0.104899 4
0.930201 0.243508 3
0.908294 0.101969 4
0.879439 0.00157993 9
0.880343 0.00354013 8
0.899311 0.0447951 5
0.859166 1.89822e-05 14
0.912688 0.105447 4
0.886919 0.00844094 7
0.919616 0.227513 3
0.962563 1 1
0.857674 4.23184e-05 13
0.918622 0.226278 3
0.91293 0.105653 4
0.919777 0.227716 3
0.904594 0.0993817 4
0.920337 0.228432 3
0.911368 0.104351 4
0.880707 0.00355665 8
0.881861 0.00797592 7
0.887014 0.00845032 7
0.861948 0.000104698 12
0.910444 0.103611 4
0.898298 0.000509983 11
0.934555 0.0728202 5
0.961092 0.35251 3
0.864838 2.83769e-09 25
0.933619 0.0714266 5
0.925845 0.032506 6
0.919335 0.0145992 7
0.91814 0.0141907 7
0.934806 0.0732033 5
0.920539 0.0150352 7
0.890287 9.1098e-05 13
0.891331 9.41166e-05 13
0.901314 0.00114711 10
0.870425 4.0477e-08 22
0.922234 0.0300913 6
0.894925 0.00022135 12
0.909628 0.00292426 9
0.98728 0.775242 2
0.876978 5.67681e-07 19
0.903455 0.00121674 10
0.914748 0.00666268 8
0.951005 0.180111 4
0.903851 0.00123044 10
0.914409 0.00660377 8
0.925015 0.0319151 6
0.894187 0.00010326 13
0.895631 0.000226187 12
0.880557 1.42502e-06 18
0.878268 5.9823e-07 19
0.916464 0.00697675 8
0.897388 0.0010367 10
0.908789 0.0116624 7
0.988065 1 1
0.8814 3.25145e-05 14
0.901813 0.00239612 9
0.915889 0.0266898 6
0.956945 0.328656 3
0.904689 0.00525986 8
0.914195 0.0129933 7
0.928154 0.0643628 5
0.897602 0.0010422 10
0.899086 0.00225268 9
0.880618 3.17933e-05 14
0.882223 3.33022e-05 14
0.918333 0.0278896 6
0.866167 1.69892e-07 20
0.857763 2.0667e-09 25
0.92762 0.0637593 5
0.875452 5.67533e-06 16
0.848701 9.28367e-12 0
0.87298 2.37564e-06 17
0.95004 0.297193 3
0.861632 1.24997e-08 23
0.865049 7.26055e-08 21
0.896132 0.00100544 10
0.875083 5.61061e-06 16
0.876696 5.90226e-06 16
0.83602 5.12266e-12 0
0.869131 4.22408e-07 19
0.879321 1.40267e-05 15
0.944848 0.278836 3
0.924911 0.0609052 5
0.949285 0.294271 3
0.933588 0.131945 4
0.911507 0.012292 7
0.949329 0.294439 3
0.964596 0.581591 2
0.937502 0.139834 4
0.935051 0.134744 4
0.977848 0.672017 2
0.950537 0.299165 3
0.952216 0.306137 3
0.909121 0.0117353 7
0.935469 0.135574 4
0.958189 0.335372 3
0.939139 0.143544 4
0.903749 0.00250928 9
0.926998 0.0630742 5
0.952949 0.309341 3
0.889859 0.000191241 12
0.931201 0.068088 5
0.958304 0.336009 3
0.921233 0.0294898 6
0.914161 0.0129838 7
0.961976 0.358169 3
0.953928 0.313775 3
0.955617 0.32187 3
0.894326 0.000456883 11
0.948946 0.29299 3
0.941703 0.149905 4
0.903579 0.0106393 7
0.933188 0.249205 3
0.972961 0.632724 2
0.873171 5.79699e-05 13
0.929666 0.125223 4
0.929564 0.125062 4
0.930816 0.127084 4
0.920519 0.0569167 5
0.935412 0.253876 3
0.928406 0.12328 4
0.897265 0.00456034 8
0.898423 0.0098156 7
0.900871 0.0101865 7
0.877956 0.000142866 12
0.92749 0.121928 4
0.90668 0.0054885 8
0.939557 0.144534 4
0.967252 0.595948 2
0.873586 2.42311e-06 17
0.936539 0.137772 4
0.933828 0.132391 4
0.926775 0.0628331 5
0.925376 0.0613712 5
0.941162 0.148504 4
0.929788 0.0662983 5
0.8991 0.00225334 9
0.900177 0.00230797 9
0.906683 0.00548879 8
0.879161 3.05174e-05 14
0.930822 0.127094 4
0.903716 0.00515517 8
0.94812 0.289942 3
0.947481 0.287654 3
0.864585 1.6056e-07 20
0.949615 0.295537 3
0.933158 0.131154 4
0.909062 0.0117223 7
0.927521 0.0636494 5
0.946041 0.282715 3
0.921127 0.0574268 5
0.892853 0.000931664 10
0.893683 0.00094935 10
0.91423 0.0259432 6
0.8719 5.09668e-06 16
0.927307 0.0634127 5
0.902336 0.0460337 5
0.946082 0.514675 2
0.948463 0.520834 2
0.863786 0.000108137 12
0.947495 0.518263 2
0.931618 0.246134 3
0.909512 0.102885 4
0.92579 0.236137 3
0.944169 0.510105 2
0.920264 0.228338 3
0.891755 0.0193745 6
0.892608 0.0195432 6
0.912253 0.105081 4
0.870915 0.000622783 10
0.925979 0.236431 3
0.92022 0.228281 3
0.955523 0.54275 2
0.958769 0.555051 2
0.882465 0.0080281 7
0.950865 0.527632 2
0.948979 0.522243 2
0.924802 0.234636 3
0.941088 0.503381 2
0.957507 0.550077 2
0.940146 0.501468 2
0.910589 0.103725 4
0.911522 0.104476 4
0.922371 0.231145 3
0.889532 0.0189538 6
0.944666 0.511261 2
0.907128 0.0232612 6
0.896938 0.00453417 8
0.958488 0.55392 2
0.907527 0.023393 6
0.886207 0.00081034 10
0.914799 0.0526788 5
0.993695 1 1
0.902931 0.0105266 7
0.90528 0.0226768 6
0.938989 0.262268 3
0.914452 0.0524505 5
0.916131 0.0535826 5
0.875921 6.17782e-05 13
0.904431 0.0107922 7
0.921635 0.0578622 5
0.992364 1 1
0.932681 0.0700873 5
0.903688 0.00122476 10
0.949513 0.174374 4
0.918227 0.0142198 7
0.961198 0.353179 3
0.912114 0.00622902 8
0.960017 0.345913 3
0.942222 0.151282 4
0.96425 0.373762 3
0.984992 0.746264 2
0.983939 0.733857 2
0.940114 0.145881 4
0.964002 0.371989 3
0.968544 0.603524 2
0.939806 0.145132 4
0.98847 1 1
0.930478 0.126528 4
0.891078 0.000895932 10
0.976871 0.663499 2
0.970597 0.616431 2
0.907919 0.0114759 7
0.968808 0.60512 2
0.989046 1 1
0.945264 0.280167 3
0.924137 0.0601483 5
0.924511 0.0605107 5
0.954633 0.317083 3
0.901685 0.00495042 8
0.960785 0.56353 2
0.945027 0.279406 3
0.975139 0.649241 2
0.941576 0.26911 3
0.900131 0.00480519 8
0.962676 0.572141 2
0.975907 0.655438 2
0.921262 0.0575415 5
0.968322 0.602192 2
0.982621 1 1
0.957167 0.548781 2
0.932062 0.129201 4
0.932701 0.130329 4
0.94628 0.283516 3
0.909598 0.011842 7
0.969118 0.607018 2
0.923809 0.116955 4
0.928962 0.241321 3
0.980323 1 1
0.903455 0.0221374 6
0.919003 0.11142 4
0.941481 0.268847 3
0.963079 0.574064 2
0.929544 0.242335 3
0.936395 0.256067 3
0.955217 0.54167 2
0.923282 0.116298 4
0.924747 0.118156 4
0.903357 0.0221093 6
0.906105 0.047752 5
0.945016 0.512089 2
0.917767 0.014068 7
0.971591 0.623087 2
0.931421 0.0683772 5
0.871748 9.48031e-08 21
0.975319 0.650678 2
0.948114 0.169341 4
0.900148 0.000538527 11
0.946092 0.162601 4
0.965947 0.386444 3
0.927054 0.0334087 6
0.903265 0.00121027 10
0.903761 0.00122732 10
0.937661 0.0778986 5
0.881357 3.18173e-06 17
0.939377 0.144104 4
0.896661 0.000486845 11
0.886204 3.75933e-05 14
0.951106 0.301474 3
0.900915 0.00113492 10
0.875862 1.19075e-06 18
0.903581 0.00249907 9
0.983608 0.730072 2
0.891861 0.000202256 12
0.894311 0.000456702 11
0.92787 0.0640401 5
0.904886 0.00258072 9
0.906556 0.00269275 9
0.865176 1.44807e-08 23
0.896504 0.000484724 11
0.910414 0.00597696 8
0.956003 0.323803 3
0.917095 0.027266 6
0.926225 0.0622483 5
0.956666 0.3272 3
0.902639 0.00504436 8
0.946156 0.283098 3
0.948087 0.289824 3
0.936814 0.138352 4
0.927786 0.0639458 5
0.976234 0.658132 2
0.969479 0.609263 2
0.971261 0.620848 2
0.909949 0.0119221 7
0.958323 0.336119 3
0.957126 0.329612 3
0.946576 0.284515 3
0.897782 0.00104687 10
0.904248 0.00254018 9
0.979451 0.68677 2
0.883396 3.44805e-05 14
0.927254 0.0633535 5
0.93235 0.0696288 5
0.920308 0.0289568 6
0.908192 0.00567617 8
0.953299 0.310903 3
0.966842 0.593628 2
0.967933 0.599889 2
0.896603 0.000486072 11
0.973106 0.633779 2
0.937994 0.140923 4
0.877094 2.72771e-06 17
0.868653 8.35211e-08 21
0.938083 0.141122 4
0.884286 3.54204e-05 14
0.859263 9.71618e-10 26
0.884297 3.5433e-05 14
0.962131 0.359185 3
0.872802 4.82773e-07 19
0.87614 2.63947e-06 17
0.907594 0.00560044 8
0.885617 3.69057e-05 14
0.887251 8.31658e-05 13
0.84685 8.47214e-12 0
0.878676 6.29343e-06 16
0.890696 0.000195716 12
0.930118 0.243359 3
0.962349 0.570607 2
0.955417 0.542377 2
0.890775 0.00884507 7
0.954783 0.540162 2
0.959165 0.55666 2
0.926855 0.237814 3
0.950792 0.527415 2
0.96622 0.59018 2
0.949002 0.522306 2
0.919946 0.11243 4
0.920834 0.113413 4
0.930308 0.243701 3
0.898437 0.0208218 6
0.954791 0.540191 2
0.916698 0.223991 3
0.950392 0.526245 2
0.962822 1 1
0.88072 0.00355723 8
0.946039 0.514568 2
0.944787 0.511547 2
0.926831 0.237776 3
0.936507 0.494637 2
0.952485 0.532584 2
0.938087 0.497498 2
0.90792 0.101694 4
0.908916 0.102433 4
0.917451 0.22487 3
0.887237 0.00847252 7
0.941118 0.503443 2
0.955595 0.321759 3
0.951313 0.181341 4
0.948178 0.169561 4
0.921438 0.0153773 7
0.937419 0.0774763 5
0.973724 0.638343 2
0.942192 0.1512 4
0.961059 0.352306 3
0.961656 0.356094 3
0.981698 0.709223 2
0.950046 0.176379 4
0.951186 0.180833 4
0.932451 0.0697684 5
0.928706 0.0347281 6
0.978758 0.680269 2
0.907048 0.00553303 8
0.927704 0.0638533 5
0.987368 1 1
0.881599 1.50601e-05 15
0.921749 0.0297964 6
0.930146 0.0667411 5
0.944487 0.157669 4
0.91974 0.0286405 6
0.931967 0.0691071 5
0.935025 0.134693 4
0.903288 0.00248144 9
0.904595 0.00256207 9
0.897295 0.00103432 10
0.885099 7.82153e-05 13
0.93023 0.0668465 5
0.898569 0.0010678 10
0.877483 6.05309e-06 16
0.931808 0.0688923 5
0.914292 0.0130201 7
0.86582 3.33469e-08 22
0.898934 0.00107774 10
0.974227 0.642145 2
0.887718 8.43107e-05 13
0.88653 8.14504e-05 13
0.926868 0.0629331 5
0.910705 0.0120985 7
0.912349 0.0125028 7
0.86085 2.36425e-09 25
0.906992 0.00552615 8
0.907421 0.00557889 8
0.896131 0.0010054 10
0.942084 0.150913 4
0.942567 0.152213 4
0.857128 3.87306e-10 27
0.945417 0.280664 3
0.925473 0.0614699 5
0.903029 0.00246605 9
0.920348 0.0289794 6
0.939058 0.143354 4
0.913181 0.0127189 7
0.885158 7.83433e-05 13
0.885974 8.01657e-05 13
0.908646 0.00573524 8
0.864365 3.14528e-08 22
0.919423 0.0284673 6
0.930382 0.0670367 5
0.891865 0.000428675 11
0.916772 0.0271091 6
0.95655 0.326598 3
0.87805 1.34979e-05 15
0.919462 0.0284886 6
0.9523 0.306499 3
0.910112 0.0119595 7
0.902191 0.00499983 8
0.949563 0.295335 3
0.947481 0.287654 3
0.948993 0.293168 3
0.884072 7.60222e-05 13
0.948437 0.2911 3
0.930016 0.0665787 5
0.894829 0.000974835 10
0.916252 0.02686 6
0.983264 0.726193 2
0.871899 1.03433e-06 18
0.911537 0.0122995 7
0.917405 0.0274194 6
0.94063 0.147157 4
0.907227 0.00555485 8
0.919812 0.0286801 6
0.923118 0.0591884 5
0.891832 0.000428326 11
0.893172 0.000443254 11
0.885567 7.92494e-05 13
0.874518 2.49885e-06 17
0.917543 0.0274882 6
0.93161 0.246118 3
0.901508 0.0215998 6
0.933385 0.249602 3
0.943358 0.508262 2
0.888107 0.00393593 8
0.927363 0.238635 3
0.968076 0.60073 2
0.916679 0.109069 4
0.911658 0.0507185 5
0.95794 0.551757 2
0.944803 0.511584 2
0.946513 0.515749 2
0.889342 0.00400864 8
0.938939 0.262142 3
0.937304 0.258171 3
0.922892 0.0159637 7
0.978485 0.677763 2
0.928377 0.0344573 6
0.875403 2.43194e-07 20
0.98142 0.706324 2
0.953114 0.310075 3
0.899425 0.000527046 11
0.952088 0.305589 3
0.971966 0.62567 2
0.929964 0.0358052 6
0.90759 0.00276682 9
0.908 0.00279727 9
0.944414 0.157453 4
0.885539 8.00762e-06 16
0.943744 0.155505 4
0.941709 0.269482 3
0.983838 1 1
0.934661 0.133981 4
0.894166 0.000959937 10
0.971868 0.624989 2
0.972946 0.632621 2
0.912637 0.0252737 6
0.969092 0.606862 2
0.988045 1 1
0.949421 0.294791 3
0.926894 0.0629619 5
0.92736 0.0634705 5
0.95174 0.304112 3
0.904389 0.0052271 8
0.963906 0.578109 2
0.958931 0.339554 3
0.957496 0.331587 3
0.943332 0.154332 4
0.919773 0.014755 7
0.943122 0.153745 4
0.980569 0.697674 2
0.935419 0.0741607 5
0.967838 0.599333 2
0.968167 0.601268 2
0.978978 0.682313 2
0.950492 0.298984 3
0.951432 0.302818 3
0.939165 0.143606 4
0.928262 0.0343634 6
0.983832 0.732631 2
0.879429 1.36304e-06 18
0.869206 1.72836e-08 23
0.937045 0.0768319 5
0.88798 3.98016e-05 14
0.85948 8.44032e-11 29
0.885699 1.7248e-05 15
0.964454 0.375238 3
0.874207 2.31447e-07 20
0.876931 5.66607e-07 19
0.909732 0.00293275 9
0.888493 4.04785e-05 14
0.890131 4.27655e-05 14
0.848075 8.99917e-12 0
0.88206 7.06068e-06 16
0.892408 9.74051e-05 13
0.884397 1.65023e-05 15
0.908206 0.00281279 9
0.97234 0.628292 2
0.861844 4.85959e-10 27
0.90484 0.00126588 10
0.907314 0.00274671 9
0.932311 0.0695757 5
0.897568 0.000499435 11
0.910898 0.00604661 8
0.912179 0.00623905 8
0.881262 3.17045e-06 17
0.882586 7.19268e-06 16
0.877071 1.24541e-06 18
0.864222 2.75691e-09 25
0.90702 0.00272554 9
0.934277 0.251443 3
0.911449 0.0505956 5
0.946016 0.514512 2
0.934573 0.252068 3
0.898396 0.00981164 7
0.935595 0.254278 3
0.974554 1 1
0.9241 0.117322 4
0.92138 0.114034 4
0.964972 0.583528 2
0.94365 0.275126 3
0.945389 0.512983 2
0.89616 0.00950109 7
0.93303 0.248887 3
0.944708 0.511361 2
0.946711 0.284978 3
0.98185 0.710816 2
0.9347 0.134057 4
0.899024 0.0022496 9
0.96811 0.600932 2
0.978151 0.674733 2
0.915121 0.0263376 6
0.973229 0.634678 2
0.989836 1 1
0.954187 0.314977 3
0.931968 0.129037 4
0.932435 0.129856 4
0.953054 0.309809 3
0.909339 0.011784 7
0.96918 0.607404 2
0.875017 6.048e-05 13
0.870332 2.43116e-05 14
0.942527 0.271806 3
0.878818 0.000145611 12
0.861598 7.45339e-07 18
0.884243 0.000780225 10
0.959348 0.557414 2
0.87275 2.57894e-05 14
0.877345 0.000140974 12
0.905918 0.022874 6
0.882285 0.000343974 11
0.883911 0.000775357 10
0.847162 5.81222e-10 26
0.874055 5.91492e-05 13
0.889978 0.00187832 9
0.927613 0.239045 3
0.88105 0.0035724 8
0.896706 0.0204173 6
0.972028 1 1
0.867006 0.000259365 11
0.909718 0.103044 4
0.930919 0.24482 3
0.902307 0.0460216 5
0.891321 0.0192903 6
0.93712 0.495729 2
0.947587 0.518505 2
0.948594 0.521188 2
0.878681 0.00346678 8
0.958455 0.55379 2
0.920343 0.22844 3
0.956349 0.325562 3
0.908735 0.0116505 7
0.912016 0.0124185 7
0.971529 0.62266 2
0.89418 0.000960245 10
0.938525 0.142123 4
0.936095 0.136849 4
0.931186 0.127701 4
0.919282 0.028391 6
0.964712 0.582185 2
0.975403 0.651348 2
0.976865 0.663449 2
0.906539 0.0111934 7
0.972139 0.626875 2
0.949425 0.294806 3
0.893704 0.0197662 6
0.875118 0.000665226 10
0.933101 0.24903 3
0.907919 0.0486585 5
0.863874 4.76335e-05 13
0.895473 0.0201425 6
0.973462 1 1
0.884148 0.0037221 8
0.883886 0.00370886 8
0.922612 0.231479 3
0.905156 0.0472993 5
0.906802 0.0480937 5
0.857385 7.96683e-06 15
0.900863 0.0454163 5
0.903572 0.0465741 5
0.930359 0.126334 4
0.881834 0.000340751 11
0.89366 0.0042891 8
0.977964 1 1
0.867715 1.01642e-05 15
0.910743 0.0245318 6
0.926445 0.120442 4
0.903919 0.0222711 6
0.892076 0.0041811 8
0.937067 0.257616 3
0.950716 0.527192 2
0.951569 0.529746 2
0.880989 0.000334872 11
0.963626 0.576722 2
0.921316 0.11396 4
0.877906 1.344e-05 15
0.889151 0.00040104 11
0.966106 0.589558 2
0.866485 3.85424e-07 19
0.883234 7.43108e-05 13
0.895294 0.000985541 10
0.946783 0.285224 3
0.884341 7.65864e-05 13
0.893977 0.000955763 10
0.908537 0.0116075 7
0.87941 3.07297e-05 14
0.880921 3.20692e-05 14
0.860991 2.75913e-08 22
0.865772 1.67489e-07 20
0.897885 0.00219474 9
0.873812 0.000291689 11
0.910597 0.0501058 5
0.947065 0.517152 2
0.843529 6.48107e-09 23
0.91202 0.104886 4
0.90043 0.0213172 6
0.905281 0.0473582 5
0.893087 0.00911226 7
0.909768 0.0496432 5
0.896766 0.0204309 6
0.866795 5.05256e-05 13
0.867886 0.000116534 12
0.878018 0.000697955 10
0.848013 9.48741e-08 20
0.897088 0.0205046 6
0.903413 0.0465036 5
0.926013 0.236483 3
0.984706 1 1
0.877612 0.00342141 8
0.920823 0.229065 3
0.926986 0.238024 3
0.941124 0.503455 2
0.916866 0.224185 3
0.929724 0.242655 3
0.930946 0.244871 3
0.899351 0.044811 5
0.900641 0.0453256 5
0.89511 0.0432484 5
0.881141 0.00791482 7
0.926675 0.237526 3
0.92901 0.0349832 6
0.907039 0.00272691 9
0.946294 0.163248 4
0.931813 0.0688991 5
0.894262 0.000216969 12
0.930524 0.0672168 5
0.979215 0.684539 2
0.919008 0.0144851 7
0.916793 0.0137571 7
0.9595 0.34285 3
0.9388 0.0799531 5
0.940533 0.146914 4
0.891204 9.37394e-05 13
0.929272 0.0352048 6
0.939444 0.144264 4
0.897114 0.00963055 7
0.934741 0.252425 3
0.95841 0.55361 2
0.863019 9.06173e-06 15
0.934416 0.251735 3
0.924936 0.118403 4
0.916779 0.109167 4
0.917546 0.109924 4
0.934542 0.252002 3
0.918769 0.111173 4
0.888747 0.00397324 8
0.889765 0.00403426 8
0.901391 0.0215686 6
0.86878 5.26619e-05 13
0.921007 0.113609 4
0.880642 0.00355366 8
0.908804 0.102348 4
0.964503 1 1
0.855564 1.76485e-05 14
0.906894 0.100957 4
0.904925 0.099602 4
0.923482 0.232706 3
0.895867 0.0435135 5
0.910409 0.103583 4
0.907028 0.101052 4
0.876246 0.00150826 9
0.877501 0.00341677 8
0.87695 0.00339397 8
0.858603 4.30527e-05 13
0.903633 0.0466014 5
0.958398 0.336535 3
0.979687 0.689031 2
0.9241 0.0164836 7
0.906749 0.00133956 10
0.96399 0.371903 3
0.988057 0.785742 2
0.91038 0.00298655 9
0.987782 0.781989 2
0.990372 1 1
0.957093 0.329439 3
0.941204 0.0846671 5
0.941381 0.0850374 5
0.963927 0.371455 3
0.918466 0.0073791 8
0.976675 0.661838 2
0.95956 0.558297 2
0.97746 1 1
0.926262 0.236873 3
0.90865 0.0490399 5
0.961774 0.567952 2
0.990392 1 1
0.913117 0.105813 4
0.986933 1 1
0.988609 1 1
0.959885 0.559661 2
0.942973 0.507407 2
0.94322 0.507955 2
0.961315 0.565878 2
0.920122 0.112623 4
0.979173 1 1
0.944639 0.511198 2
0.89511 0.0093635 7
0.901269 0.0215361 6
0.982163 1 1
0.880756 0.000731923 10
0.924538 0.117884 4
0.929861 0.242898 3
0.917858 0.110237 4
0.905468 0.0227344 6
0.950138 0.525509 2
0.965153 0.584473 2
0.966117 0.589619 2
0.894585 0.00929658 7
0.973945 1 1
0.935206 0.253427 3
0.935972 0.255115 3
0.988882 1 1
0.909652 0.0241293 6
0.883243 0.000351003 11
0.986566 1 1
0.961065 0.564764 2
0.888803 0.000853836 10
0.967412 0.596862 2
0.979261 1 1
0.930952 0.12731 4
0.917254 0.0543814 5
0.917189 0.0543344 5
0.970773 0.617587 2
0.895602 0.00443057 8
0.949955 0.296857 3
0.954844 0.318093 3
0.978493 0.677837 2
0.908426 0.0115837 7
0.900272 0.00231292 9
0.966614 0.592355 2
0.974424 0.643656 2
0.894915 0.000976794 10
0.985357 1 1
0.980737 0.699364 2
0.943435 0.274479 3
0.934992 0.134627 4
0.934731 0.134117 4
0.980954 0.701547 2
0.913476 0.0256208 6
0.964127 0.579213 2
0.975 1 1
0.923463 0.116523 4
0.91226 0.0510764 5
0.961723 0.56772 2
0.90866 0.0490457 5
0.953848 0.536996 2
0.927621 0.239058 3
0.948001 0.519594 2
0.933936 0.250731 3
0.972912 1 1
0.9914 1 1
0.993211 1 1
0.923969 0.117156 4
0.971541 1 1
0.964348 0.580326 2
0.980726 1 1
0.926469 0.120476 4
0.909757 0.0241672 6
0.958785 0.555116 2
0.91169 0.0248955 6
0.956677 0.546941 2
0.922884 0.115811 4
0.951993 0.531048 2
0.936756 0.256894 3
0.971192 0.620383 2
0.994484 1 1
0.995346 1 1
0.928898 0.124027 4
0.970666 0.616885 2
0.966572 0.592118 2
0.913918 0.0258088 6
0.918969 0.0556723 5
0.986282 1 1
0.897747 0.00459959 8
0.909808 0.0241859 6
0.930571 0.12668 4
0.967689 0.598465 2
0.918767 0.0555153 5
0.925924 0.119725 4
0.945688 0.281547 3
0.914778 0.026184 6
0.916298 0.0536992 5
0.892976 0.00198652 9
0.899032 0.00470787 8
0.934284 0.133256 4
0.997396 1 1
0.941819 0.150211 4
0.906409 0.00545619 8
0.940063 0.145756 4
0.927372 0.0634846 5
0.969478 0.609259 2
0.910532 0.0120575 7
0.969639 0.610271 2
0.951142 0.30162 3
0.964781 0.582539 2
0.975859 0.655039 2
0.97517 0.649487 2
0.949251 0.294143 3
0.954258 0.315313 3
0.974917 0.647487 2
0.959827 0.559416 2
0.962737 0.572432 2
0.896573 0.00213483 9
0.905047 0.0109059 7
0.952608 0.307838 3
0.966537 0.591929 2
0.88761 0.00038676 11
0.9792 0.684399 2
0.965427 0.585915 2
0.939147 0.262665 3
0.9391 0.262547 3
0.938433 0.260887 3
0.9864 1 1
0.919428 0.0560324 5
0.959252 0.557018 2
0.950892 0.527713 2
0.899562 0.0448938 5
0.900914 0.0454375 5
0.983766 1 1
0.885125 0.00826837 7
0.929202 0.241737 3
0.926948 0.237963 3
0.923116 0.232186 3
0.909887 0.103175 4
0.953167 0.534761 2
0.971748 1 1
0.972588 1 1
0.900359 0.0452113 5
0.980064 1 1
0.93976 0.500702 2
0.92457 0.234289 3
0.946142 0.514824 2
0.972106 1 1
0.892861 0.0195941 6
0.938193 0.497695 2
0.949679 0.524197 2
0.941052 0.503307 2
0.939271 0.499747 2
0.951416 0.529282 2
0.950094 0.525381 2
0.918377 0.110767 4
0.919544 0.111995 4
0.916127 0.108538 4
0.898375 0.0208069 6
0.948819 0.521801 2
0.937351 0.258281 3
0.995393 1 1
0.923049 0.0591253 5
0.88692 0.000380673 11
0.984369 1 1
0.966717 0.592927 2
0.900393 0.004829 8
0.968125 0.601023 2
0.9873 1 1
0.939101 0.262551 3
0.920432 0.0568449 5
0.920653 0.0570276 5
0.959782 0.559227 2
0.89816 0.0046338 8
0.956083 0.54476 2
0.923786 0.0598125 5
0.981412 1 1
0.924109 0.0601206 5
0.875168 1.24101e-05 15
0.986352 1 1
0.953521 0.31191 3
0.896203 0.00211854 9
0.953766 0.313028 3
0.97324 0.634756 2
0.928763 0.12382 4
0.90777 0.0114446 7
0.908096 0.0115132 7
0.94827 0.290488 3
0.885728 0.000171532 12
0.943639 0.275093 3
57 0 1 2 3 4 5 6 7 8 9 10 11 12 13 14 15 16 17 18 19 20 22 23 25 26 27 28 29 30 31 32 33 34 35 36 37 40 41 42 43 45 46 47 48 49 50 51 52 53 54 55 58 61 62 63 66 67 
66 0 1 2 3 4 5 6 7 8 9 10 11 12 13 14 15 16 17 18 19 20 21 22 23 24 25 26 27 28 29 30 31 32 33 34 35 36 37 38 39 40 41 42 43 44 45 46 47 48 49 50 51 52 53 54 55 56 57 58 61 62 63 66 67 68 69 
27 0 1 9 10 11 12 13 19 25 26 27 28 33 35 37 41 43 45 46 47 48 49 50 53 58 63 66 
48 0 1 2 3 4 6 7 8 9 10 11 12 13 14 15 17 18 19 23 25 26 27 28 30 32 33 34 35 36 37 41 42 43 45 46 47 48 49 50 51 52 53 54 55 58 63 66 67 
69 0 1 2 3 4 5 6 7 8 9 10 12 13 14 15 16 17 18 19 20 21 22 23 24 25 26 27 28 29 30 31 32 33 34 35 36 37 38 39 40 41 42 43 44 45 46 47 48 49 50 51 52 53 54 55 56 57 58 59 60 61 62 63 64 65 66 67 68 69 
40 0 1 9 10 11 12 13 19 20 23 25 26 27 28 31 32 33 35 36 37 40 41 42 43 45 46 47 48 49 50 52 53 55 58 61 62 63 64 66 67 
16 0 11 13 25 27 28 33 35 37 41 45 46 48 49 58 66 
49 0 1 2 4 7 9 10 11 12 13 14 15 19 20 22 23 25 26 27 28 29 30 31 32 33 35 36 37 40 41 42 43 45 46 47 48 49 50 52 53 55 57 58 61 62 63 64 66 67 
64 0 1 2 3 4 5 6 7 8 9 10 11 12 13 14 15 16 17 18 19 20 21 22 23 24 25 26 27 28 29 30 31 32 33 34 35 36 37 39 40 41 42 43 44 45 46 47 48 49 50 51 52 53 54 55 56 57 58 61 62 63 64 66 67 
30 0 1 9 10 11 12 13 19 23 25 26 27 28 33 35 37 41 43 45 46 47 48 49 50 53 58 61 62 63 66 
37 0 1 2 7 9 10 11 12 13 14 19 23 25 26 27 28 32 33 35 36 37 41 42 43 45 46 47 48 49 50 52 53 55 58 61 63 66 
35 0 1 2 9 10 11 12 13 19 23 25 26 27 28 32 33 35 36 37 41 42 43 45 46 47 48 49 50 52 53 55 58 61 63 66 
66 1 2 3 4 5 6 7 8 9 10 12 13 14 15 16 17 18 19 20 21 22 23 24 25 26 27 29 30 31 32 33 34 35 36 37 38 39 40 42 43 44 45 46 47 48 49 50 51 52 53 54 55 56 57 58 59 60 61 62 63 64 65 66 67 68 69 
39 0 1 2 4 7 9 10 11 12 13 14 19 23 25 26 27 28 32 33 35 36 37 41 42 43 45 46 47 48 49 50 51 52 53 55 58 63 66 67 
59 0 1 2 3 4 5 6 7 8 9 10 11 12 13 14 15 16 17 18 19 22 23 24 25 26 27 28 29 30 31 32 33 34 35 36 37 38 39 40 41 42 43 44 45 46 47 48 49 50 51 52 53 54 55 58 61 63 66 67 
