70 15 8e+06
2.45608 170709
2.50527 167784
2.63025 107779
1.97521 189613
2.96214 107329
2.95777 162783
1.98512 194153
2.65528 113532
1.05178 124444
1.86084 154275
2.80108 149571
2.6064 156611
2.08947 142097
1.10338 122783
2.55839 135204
2.22296 113182
2.41642 191393
1.78551 169294
2.1876 124393
1.39285 174839
1.95687 145425
1.80319 146525
1.7557 160735
2.08218 152033
1.66663 148522
2.60113 141931
2.03078 106397
1.77065 102336
1.84988 172514
2.93887 168918
2.76192 123385
1.81692 179742
1.85831 158960
1.70532 102009
1.40698 196927
1.73039 108470
2.63298 146142
1.49344 174227
2.11319 126718
2.49697 184814
2.33737 148722
2.20804 191362
1.51142 154442
1.59758 120356
2.18572 132759
1.33921 198427
1.3091 151578
1.7378 111498
2.67314 150357
1.30365 148185
2.36549 121712
1.94786 174970
1.51246 183622
2.42858 176525
2.45305 172804
1.86475 110153
1.19348 188324
1.96231 192584
1.42572 196235
1.40878 102473
1.00031 102409
1.98513 167714
1.31298 161540
2.90013 185020
1.71737 115928
1.96254 127402
1.87065 124950
1.02455 177104
2.00693 169312
2.72909 115506
0.909088 0.00579381 8
0.944967 0.159107 4
0.945765 0.161568 4
0.912833 0.0126274 7
0.92236 0.030169 6
0.908255 0.00568435 8
0.937859 0.140622 4
0.937182 0.139139 4
0.938853 0.142877 4
0.939282 0.14388 4
0.982427 0.716982 2
0.912237 0.0124741 7
0.934334 0.0724852 5
0.880945 1.47511e-05 15
0.968656 0.604202 2
0.92912 0.241593 3
0.953457 0.535706 2
0.93426 0.251408 3
0.924274 0.117545 4
0.942814 0.272641 3
0.921993 0.114746 4
0.95993 0.55985 2
0.951671 0.530057 2
0.977485 1 1
0.957437 0.549809 2
0.969535 0.609616 2
0.92528 0.118857 4
0.963421 0.575719 2
0.917332 0.10971 4
0.955176 0.541528 2
0.892461 0.00420678 8
0.913075 0.0515743 5
0.86302 3.99277e-06 16
0.876338 0.000305639 11
0.898505 0.00982747 7
0.919042 0.11146 4
0.931106 0.245169 3
0.921677 0.114377 4
0.937999 0.259829 3
0.925944 0.119752 4
0.889547 0.00402102 8
0.918298 0.110685 4
0.916647 0.0539451 5
0.973475 1 1
0.878286 0.00031728 11
0.879633 3.09209e-05 14
0.966944 0.5942 2
0.87782 1.34057e-05 15
0.870504 9.86405e-07 18
0.890957 0.000419057 11
0.976975 0.664394 2
0.977054 0.665065 2
0.977046 0.665 2
0.945924 0.282325 3
0.976461 0.660033 2
0.91576 0.0266299 6
0.978045 0.673772 2
0.91309 0.0254596 6
0.919192 0.0283423 6
0.899112 0.00225395 9
0.891338 0.0192936 6
0.940063 0.501303 2
0.874111 0.000654555 10
0.87818 0.00155083 9
0.900418 0.0452353 5
0.946339 0.515314 2
0.957812 0.551256 2
0.949357 0.523292 2
0.951735 0.530253 2
0.953044 0.534365 2
0.90649 0.04794 5
0.946008 0.514492 2
0.921796 0.230361 3
0.950296 0.525965 2
0.892519 0.0195254 6
0.881572 0.00359665 8
0.964778 1 1
0.878167 0.00344479 8
0.872025 0.00063348 10
0.892737 0.019569 6
0.973696 1 1
0.976878 1 1
0.974954 1 1
0.947896 0.519317 2
0.975351 1 1
0.915669 0.108106 4
0.974507 1 1
0.914933 0.107424 4
0.922671 0.231561 3
0.899231 0.044764 5
0.956154 0.545018 2
0.894572 0.0430631 5
0.978964 1 1
0.971303 1 1
0.962924 1 1
0.862616 0.000241748 11
0.897826 0.0442269 5
0.890964 0.0192218 6
0.923558 0.232814 3
0.895859 0.043511 5
0.949287 0.523097 2
0.86585 0.000578024 10
0.950653 0.527006 2
0.881993 0.00798723 7
0.964723 1 1
0.91793 0.11031 4
0.919132 0.111556 4
0.885611 0.00174121 9
0.901406 0.0215724 6
0.924165 0.117405 4
0.913399 0.0517764 5
0.937476 0.258577 3
0.925878 0.119663 4
0.957961 0.551838 2
0.931695 0.246279 3
0.908921 0.0491841 5
0.913951 0.0521266 5
0.942071 0.270499 3
0.979196 1 1
0.899467 0.00996966 7
0.917003 0.109385 4
0.954908 0.540592 2
0.906165 0.0477812 5
0.906328 0.0478605 5
0.928354 0.240281 3
0.937742 0.259209 3
0.972491 1 1
0.959944 0.559909 2
0.985432 1 1
0.966708 0.592879 2
0.939057 0.262439 3
0.939853 0.264475 3
0.951401 0.529236 2
0.940979 0.503157 2
0.925223 0.23527 3
0.92237 0.0157485 7
0.94135 0.148987 4
0.90244 0.00118282 10
0.909261 0.00289474 9
0.932235 0.0694711 5
0.927953 0.0341137 6
0.95926 0.341447 3
0.9469 0.16522 4
0.981806 0.710354 2
0.953404 0.31138 3
0.930935 0.0677422 5
0.929514 0.0354131 6
0.954415 0.31605 3
0.953956 0.313905 3
0.919265 0.0145746 7
0.974644 0.645357 2
0.905343 0.00261046 9
0.955342 0.320512 3
0.97324 0.634756 2
0.988031 1 1
0.876533 5.57665e-07 19
0.912883 0.00634995 8
0.903884 0.00123159 10
0.944369 0.157322 4
0.90969 0.00292931 9
0.949369 0.173841 4
0.879392 2.95957e-06 17
0.976669 0.661782 2
0.907552 0.00276402 9
0.955943 0.323502 3
0.946476 0.163833 4
0.903787 0.00122822 10
0.901636 0.00056351 11
0.927601 0.0338345 6
0.949361 0.17381 4
0.889283 1.95923e-05 15
0.919785 0.0147592 7
0.907925 0.00279165 9
0.952462 0.186099 4
0.914354 0.00659419 8
0.914108 0.0065521 8
0.890621 4.34894e-05 14
0.959614 0.34352 3
0.960651 0.349766 3
0.910023 0.00295666 9
0.966251 0.590353 2
0.862859 9.02768e-06 15
0.906019 0.0477101 5
0.951569 0.529746 2
0.953222 0.534941 2
0.842212 1.12626e-09 25
0.874865 0.000297361 11
0.864256 2.1152e-05 14
0.908972 0.0492114 5
0.870414 0.000122292 12
0.895012 0.00935096 7
0.844089 2.82073e-09 24
0.937108 0.25771 3
0.908999 0.049226 5
0.90091 0.0214416 6
0.958398 0.336535 3
0.854277 1.23775e-11 0
0.900193 0.000539244 11
0.946323 0.163341 4
0.94486 0.158784 4
0.833832 4.65304e-12 0
0.866122 3.01635e-09 25
0.855622 1.33058e-11 0
0.899888 0.000534347 11
0.861717 2.14241e-10 28
0.887079 1.8097e-05 15
0.835675 5.04489e-12 0
0.927957 0.0341169 6
0.901749 0.000565488 11
0.893687 0.000101556 13
0.906329 0.0230036 6
0.946522 0.515773 2
0.889773 0.00403472 8
0.893648 0.00918013 7
0.916131 0.0535828 5
0.941228 0.268149 3
0.965627 0.586977 2
0.954315 0.538564 2
0.968967 0.606094 2
0.959829 0.559424 2
0.921568 0.114251 4
0.942164 0.270764 3
0.938203 0.260324 3
0.951709 0.530174 2
0.908044 0.0487232 5
0.861195 4.52126e-05 13
0.958824 0.555273 2
0.863357 0.000107317 12
0.852956 3.12828e-06 16
0.872548 0.000638639 10
0.995683 1 1
0.959764 0.559148 2
0.966246 1 1
0.926096 0.236613 3
0.961896 0.568508 2
0.901876 0.0458379 5
0.991933 1 1
0.894146 0.0198584 6
0.902166 0.0459613 5
0.884942 0.00825125 7
0.949391 0.523387 2
0.933236 0.2493 3
0.936972 0.257393 3
0.94099 0.267499 3
0.962662 0.572077 2
0.906165 0.0229518 6
0.943526 0.274752 3
0.933309 0.249449 3
0.976938 1 1
0.939656 0.263966 3
0.958056 0.55221 2
0.908924 0.0491856 5
0.985681 1 1
0.92751 0.121957 4
0.951535 0.529642 2
0.957865 0.551462 2
0.89959 0.00475676 8
0.97771 1 1
0.970452 0.615481 2
0.966315 0.590702 2
0.867671 4.51911e-06 16
0.903159 0.010566 7
0.896124 0.00447041 8
0.929147 0.124411 4
0.901112 0.0102248 7
0.953747 0.536662 2
0.870899 1.10372e-05 15
0.955908 0.544126 2
0.886601 0.000816652 10
0.968088 0.600801 2
0.960805 0.350718 3
0.914746 0.00666235 8
0.924332 0.0314455 6
0.945075 0.159436 4
0.969088 0.606836 2
0.893113 9.96583e-05 13
0.928039 0.0341833 6
0.916712 0.0137317 7
0.964212 0.373488 3
0.923263 0.0307394 6
0.935977 0.0750543 5
0.895237 0.000223464 12
0.984072 0.735395 2
0.940622 0.147138 4
0.933084 0.0706555 5
0.948905 0.292838 3
0.841264 6.49488e-12 0
0.899962 0.00478989 8
0.945403 0.280616 3
0.934887 0.134421 4
0.818755 2.47952e-12 0
0.851483 6.92452e-10 26
0.84163 6.60624e-12 0
0.884447 0.00016613 12
0.847508 4.70754e-11 29
0.879557 6.75168e-05 13
0.820822 2.69594e-12 0
0.914515 0.026068 6
0.88081 6.97087e-05 13
0.888986 0.00085709 10
0.925458 0.119096 4
0.865847 1.9087e-06 17
0.870337 1.08746e-05 15
0.906032 0.0229099 6
0.920773 0.0571279 5
0.856445 5.34269e-08 21
0.882083 0.000342521 11
0.870727 1.09871e-05 15
0.911356 0.0247657 6
0.8767 6.29351e-05 13
0.87577 6.15588e-05 13
0.857094 5.46113e-08 21
0.921476 0.057725 5
0.947787 0.288743 3
0.874187 2.6739e-05 14
0.939125 0.14351 4
0.938149 0.14127 4
0.952727 0.308362 3
0.938438 0.141923 4
0.953234 0.310611 3
0.905025 0.00258968 9
0.941739 0.149999 4
0.934768 0.0731453 5
0.962358 0.36068 3
0.939893 0.145343 4
0.98142 0.706324 2
0.90843 0.00570694 8
0.967586 0.597865 2
0.906321 0.00267645 9
0.97272 0.630993 2
0.960213 0.561053 2
0.920834 0.229079 3
0.953669 0.536404 2
0.957061 0.548381 2
0.974663 1 1
0.891111 0.0192499 6
0.928073 0.239808 3
0.919208 0.227001 3
0.958216 0.552838 2
0.925023 0.234967 3
0.962135 0.56961 2
0.894102 0.0198491 6
0.983867 1 1
0.912821 0.10556 4
0.963258 0.574926 2
0.988506 1 1
0.887278 0.00038381 11
0.927665 0.0638101 5
0.967496 0.59735 2
0.980425 0.696247 2
0.86394 1.56967e-07 20
0.898511 0.00222455 9
0.888024 0.000390502 11
0.933305 0.131423 4
0.894258 0.000961981 10
0.92128 0.0575568 5
0.866157 3.8117e-07 19
0.9644 0.58059 2
0.918665 0.0280626 6
0.926038 0.0620522 5
0.908986 0.0117056 7
0.965407 0.58581 2
0.904107 0.00519676 8
0.899746 0.00228579 9
0.920876 0.057215 5
0.946958 0.285828 3
0.983441 1 1
0.970762 0.617518 2
0.977454 0.668536 2
0.977602 0.669835 2
0.940085 0.145809 4
0.949407 0.294739 3
0.943725 0.275353 3
0.932341 0.12969 4
0.924617 0.0606144 5
0.954934 0.318525 3
0.917239 0.0138977 7
0.919601 0.0285642 6
0.939045 0.143323 4
0.962905 0.364356 3
0.897091 0.000492754 11
0.931429 0.0683879 5
0.91982 0.0286846 6
0.967436 0.597003 2
0.926422 0.0329305 6
0.933908 0.0718508 5
0.899077 0.0010817 10
0.97961 0.68829 2
0.946145 0.162771 4
0.929594 0.0660614 5
0.97335 0.635564 2
0.87045 1.82939e-08 23
0.942318 0.151541 4
0.987454 0.777563 2
0.965044 0.379579 3
0.84281 6.98046e-12 0
0.877722 5.85016e-07 19
0.868949 7.69058e-09 24
0.909139 0.00288502 9
0.874555 1.06934e-07 21
0.917202 0.00712037 8
0.845499 7.93369e-12 0
0.941809 0.150182 4
0.885031 7.85785e-06 16
0.929252 0.0351877 6
0.942735 0.152672 4
0.902828 0.00245419 9
0.897954 0.00105138 10
0.923814 0.0310986 6
0.945389 0.160398 4
0.889584 8.91524e-05 13
0.919184 0.0283384 6
0.907313 0.00556551 8
0.950846 0.300409 3
0.913683 0.012853 7
0.911082 0.00607358 8
0.890786 0.00019621 12
0.955879 0.323177 3
0.964413 0.580658 2
0.906607 0.00547974 8
0.909046 0.102531 4
0.965785 1 1
0.904473 0.0993012 4
0.899899 0.0450271 5
0.920979 0.22927 3
0.946932 0.51681 2
0.983679 1 1
0.971017 1 1
0.977478 1 1
0.977883 1 1
0.94055 0.50228 2
0.949418 0.523461 2
0.943818 0.509301 2
0.931878 0.246629 3
0.925034 0.234984 3
0.912918 0.0126495 7
0.948979 0.293115 3
0.944892 0.278974 3
0.915369 0.0133271 7
0.926439 0.0624736 5
0.912168 0.0124566 7
0.943354 0.154395 4
0.941762 0.150059 4
0.945531 0.281032 3
0.944377 0.277356 3
0.985681 1 1
0.916106 0.0267914 6
0.939774 0.145053 4
0.887202 8.30478e-05 13
0.968712 0.604542 2
0.92052 0.0569173 5
0.952326 0.306612 3
0.908566 0.0116139 7
0.909675 0.0118595 7
0.931859 0.128848 4
0.934189 0.133073 4
0.96932 0.608274 2
0.95687 0.547663 2
0.988882 1 1
0.963676 0.57697 2
0.940496 0.266168 3
0.936331 0.137336 4
0.954974 0.318717 3
0.941909 0.270042 3
0.927206 0.0633018 5
0.88565 0.00380002 8
0.956623 0.546741 2
0.877391 0.000690618 10
0.874816 0.000297091 11
0.896209 0.00950756 7
0.964386 0.580517 2
0.972188 1 1
0.966587 0.592203 2
0.951183 0.528581 2
0.968793 0.605031 2
0.913338 0.106004 4
0.964573 0.581473 2
0.918395 0.110785 4
0.932443 0.247724 3
0.897649 0.0206349 6
0.928253 0.240111 3
0.951727 0.530227 2
0.920338 0.11286 4
0.919113 0.111535 4
0.940638 0.266549 3
0.927372 0.121757 4
0.965093 0.584158 2
0.953721 0.536574 2
0.994953 1 1
0.960481 0.56221 2
0.952041 0.531196 2
0.93002 0.243182 3
0.963901 0.578085 2
0.933735 0.250318 3
0.939168 0.262719 3
0.903227 0.00510428 8
0.977113 0.665573 2
0.919614 0.0561808 5
0.900231 0.00481424 8
0.916695 0.0270717 6
0.939774 0.264272 3
0.971398 0.62177 2
0.970623 0.616602 2
0.958097 0.55237 2
0.973222 0.63463 2
0.961183 0.56529 2
0.943739 0.275396 3
0.936208 0.137081 4
0.902034 0.00498439 8
0.942956 0.273056 3
0.894624 0.0199595 6
0.880183 0.00159769 9
0.851691 1.31126e-06 17
0.876054 0.00150417 9
0.895873 0.0202305 6
0.882106 0.00362186 8
0.89795 0.0207056 6
0.88763 0.00851191 7
0.915477 0.107926 4
0.892567 0.019535 6
0.869556 0.000270679 11
0.881574 0.00359675 8
0.907275 0.0483303 5
0.97564 1 1
0.862209 4.61048e-05 13
0.90492 0.0471887 5
0.870136 0.000273375 11
0.855887 7.7095e-06 15
0.885702 0.00380279 8
0.903507 0.0465455 5
0.867343 0.000115358 12
0.887493 0.00849807 7
0.876572 0.00151526 9
0.910737 0.103843 4
0.882023 0.00361788 8
0.868357 0.000265251 11
0.867285 0.000115236 12
0.910472 0.103633 4
0.96428 0.579982 2
0.863489 4.72733e-05 13
0.911841 0.0249551 6
0.965289 0.585186 2
0.907914 0.0235228 6
0.903005 0.0105393 7
0.923973 0.117161 4
0.944084 0.276448 3
0.98185 1 1
0.969506 0.609431 2
0.980174 1 1
0.976461 0.660033 2
0.943933 0.275987 3
0.946711 0.284978 3
0.946824 0.285363 3
0.930954 0.127313 4
0.928495 0.123414 4
0.915661 0.0532584 5
0.9386 0.261298 3
0.894027 0.00431507 8
0.901842 0.0103435 7
0.924774 0.11819 4
0.930112 0.125935 4
0.957293 0.54926 2
0.945338 0.280406 3
0.972912 0.632375 2
0.951381 0.529177 2
0.922718 0.11561 4
0.931182 0.127695 4
0.946253 0.283424 3
0.959536 0.558197 2
0.910796 0.0245516 6
0.928665 0.123672 4
0.870487 2.44019e-05 14
0.874115 5.92313e-05 13
0.909044 0.0239123 6
0.924605 0.117971 4
0.860704 7.26052e-07 18
0.886762 0.000819263 10
0.875339 6.09367e-05 13
0.916294 0.0536961 5
0.881358 0.000337416 11
0.880288 0.000330137 11
0.861407 7.41169e-07 18
0.926101 0.119968 4
0.951438 0.529347 2
0.878438 0.000144389 12
0.931214 0.245371 3
0.951648 0.529986 2
0.9307 0.244416 3
0.924711 0.118109 4
0.944593 0.27803 3
0.922463 0.115304 4
0.960727 0.563278 2
0.951185 0.528585 2
0.983838 1 1
0.957412 0.549714 2
0.963663 0.576906 2
0.92553 0.119192 4
0.966564 0.592077 2
0.923435 0.116488 4
0.950477 0.526492 2
0.97322 0.634615 2
0.871615 5.05431e-06 16
0.944204 0.276821 3
0.988882 1 1
0.96569 0.587313 2
0.84374 7.29363e-12 0
0.878709 3.01389e-05 14
0.870014 2.16257e-06 17
0.909945 0.011921 7
0.875594 1.25616e-05 15
0.918794 0.0555362 5
0.846458 8.31131e-12 0
0.942574 0.271943 3
0.884887 0.000167951 12
0.931003 0.127395 4
0.973724 0.638343 2
0.900217 0.000539644 11
0.924123 0.0313047 6
0.954734 0.317565 3
0.97641 0.6596 2
0.878437 6.02383e-07 19
0.912865 0.00634716 8
0.901819 0.000566712 11
0.948454 0.170534 4
0.908244 0.00281568 9
0.927183 0.0335079 6
0.88052 1.4229e-06 18
0.975492 0.652067 2
0.933472 0.0712121 5
0.927985 0.0341394 6
0.954512 0.539233 2
0.84592 1.63798e-08 22
0.908562 0.0489938 5
0.953759 0.536702 2
0.940746 0.266837 3
0.822153 2.84612e-12 0
0.855449 1.43992e-06 17
0.845833 1.63343e-08 22
0.888229 0.00394299 8
0.851656 2.44304e-07 19
0.886427 0.0038418 8
0.82437 3.11729e-12 0
0.919249 0.11168 4
0.880054 0.000722897 10
0.896644 0.00956612 7
0.905134 0.0997418 4
0.883359 0.00810689 7
0.860557 0.000102215 12
0.886267 0.00837719 7
0.906024 0.100348 4
0.882021 0.00798966 7
0.901121 0.0455226 5
0.890278 0.0190921 6
0.921985 0.230617 3
0.895608 0.0434221 5
0.876895 0.00339169 8
0.88186 0.00797583 7
0.916572 0.223847 3
0.980183 1 1
0.870336 0.000617343 10
0.963859 0.577877 2
0.893029 0.00044162 11
0.910345 0.0120137 7
0.943604 0.155103 4
0.962581 0.571693 2
0.874695 2.51361e-06 17
0.907171 0.00554797 8
0.895739 0.000996012 10
0.941953 0.150564 4
0.902171 0.00241631 9
0.914363 0.01304 7
0.876389 5.84493e-06 16
0.962555 0.571569 2
0.941872 0.150351 4
0.914238 0.0130051 7
0.893105 0.00020966 12
0.906467 0.00268657 9
0.860732 4.6003e-10 27
0.876353 1.21254e-06 18
0.898269 0.00050956 11
0.911717 0.00616825 8
0.924511 0.0315669 6
0.914849 0.013177 7
0.934033 0.0720355 5
0.919275 0.0145783 7
0.885608 1.71944e-05 15
0.910988 0.00605973 8
0.915273 0.0132991 7
0.978649 0.679263 2
0.875104 5.2713e-07 19
0.888302 4.02249e-05 14
0.997562 1 1
0.900676 0.00112774 10
0.883553 1.6045e-05 15
0.901228 0.00114446 10
0.95915 0.340809 3
0.980942 0.701433 2
0.988699 1 1
0.949876 0.296551 3
0.986473 0.764701 2
0.941403 0.149123 4
0.963297 0.367041 3
0.921991 0.0299429 6
0.901946 0.0011669 10
0.923543 0.0309209 6
0.890633 0.000887371 10
0.912797 0.025339 6
0.86156 3.28004e-07 19
0.874582 2.70101e-05 14
0.89672 0.00451685 8
0.919615 0.0561815 5
0.930719 0.126924 4
0.921499 0.0577446 5
0.93665 0.256651 3
0.925632 0.119328 4
0.88835 0.000845916 10
0.918775 0.0555215 5
0.914929 0.0527646 5
0.971699 0.623828 2
0.876951 6.33163e-05 13
0.972153 0.626976 2
0.893401 0.004271 8
0.917542 0.0545922 5
0.951804 0.530463 2
0.970601 0.616453 2
0.873037 5.77942e-05 13
0.906575 0.0230822 6
0.895404 0.00441562 8
0.941838 0.269844 3
0.901816 0.0103391 7
0.919063 0.0557451 5
0.874948 0.000133969 12
0.966958 0.594278 2
0.934632 0.252192 3
0.920236 0.112748 4
0.951668 0.530046 2
0.884094 0.00817311 7
0.896552 0.0437586 5
0.931441 0.245797 3
0.94834 0.520501 2
0.86902 0.000605305 10
0.899242 0.0447683 5
0.887691 0.00851805 7
0.93237 0.247582 3
0.89402 0.019832 6
0.900987 0.0454672 5
0.870337 0.000617349 10
0.948427 0.520737 2
0.947116 0.517281 2
0.900309 0.0451915 5
0.93276 0.130435 4
0.922698 0.0588047 5
0.973827 0.639112 2
0.940054 0.265 3
0.945103 0.279651 3
0.887704 0.000387605 11
0.921672 0.0578946 5
0.917179 0.0543275 5
0.937635 0.258955 3
0.921093 0.0573977 5
0.982366 1 1
0.891354 0.000901301 10
0.949297 0.294316 3
0.8839 0.000163915 12
0.998352 1 1
0.945134 0.51237 2
0.911776 0.104685 4
0.982212 1 1
0.954492 0.539164 2
0.956328 0.545655 2
0.878173 0.00155069 9
0.913191 0.105878 4
0.907306 0.0483458 5
0.934751 0.252445 3
0.911826 0.104726 4
0.969118 1 1
0.881624 0.00163329 9
0.954488 0.539151 2
0.885649 0.00379998 8
0.984778 1 1
0.913127 0.025475 6
0.948516 0.291391 3
0.897439 0.00457437 8
0.90089 0.0048749 8
0.92341 0.0594595 5
0.937822 0.259402 3
0.967343 0.596467 2
0.955151 0.541441 2
0.977354 0.66767 2
0.961364 0.566099 2
0.928933 0.124081 4
0.939272 0.262984 3
0.945887 0.282204 3
0.949585 0.29542 3
0.915667 0.0265867 6
0.88842 1.89847e-05 15
0.927158 0.0334889 6
0.866114 3.01516e-09 25
0.873938 1.0409e-07 21
0.896241 0.000230509 12
0.935754 0.0746944 5
0.944745 0.158439 4
0.936351 0.0756675 5
0.94327 0.154157 4
0.939972 0.0821851 5
0.896355 0.000231325 12
0.934908 0.0733608 5
0.916433 0.00697094 8
0.958396 0.336522 3
0.883351 7.39118e-06 16
0.94601 0.282612 3
0.900253 0.0100896 7
0.899334 0.00994965 7
0.926758 0.120881 4
0.947893 0.289123 3
0.886223 0.000810595 10
0.916281 0.0536876 5
0.904459 0.0224296 6
0.948667 0.29195 3
0.910849 0.024572 6
0.910809 0.0245567 6
0.887494 0.000831349 10
0.956674 0.546933 2
0.960785 0.563532 2
0.907112 0.0232561 6
0.970518 0.615912 2
0.866915 3.91106e-07 19
0.909607 0.0118442 7
0.954812 0.317938 3
0.957684 0.332602 3
0.845914 8.0947e-12 0
0.878857 1.38297e-05 15
0.868241 4.09416e-07 19
0.913121 0.0127028 7
0.874419 5.49703e-06 16
0.899252 0.00226089 9
0.847836 8.89329e-12 0
0.941605 0.149649 4
0.911286 0.012238 7
0.904977 0.00529169 8
0.920491 0.0290608 6
0.904075 0.00252937 9
0.880536 6.69837e-06 16
0.902323 0.00242499 9
0.924064 0.0312647 6
0.89828 0.00106002 10
0.921982 0.0299373 6
0.91046 0.00598346 8
0.94563 0.161146 4
0.916285 0.0136004 7
0.899243 0.00108633 10
0.898714 0.00107172 10
0.937999 0.140934 4
0.987744 1 1
0.891867 0.000202292 12
0.936618 0.256578 3
0.866609 9.88607e-06 15
0.879386 0.000324227 11
0.917264 0.0543887 5
0.930529 0.126611 4
0.854258 4.96818e-08 21
0.882109 0.00034271 11
0.870719 2.45385e-05 14
0.913455 0.0518119 5
0.876849 0.000139471 12
0.881723 0.000339972 11
0.85523 1.17786e-07 20
0.928193 0.122961 4
0.940584 0.266404 3
0.881613 0.000339193 11
0.949515 0.523736 2
0.906883 0.0481339 5
0.906121 0.0477599 5
0.931041 0.245048 3
0.953363 0.535398 2
0.891028 0.00887327 7
0.922524 0.231357 3
0.910675 0.103793 4
0.956159 0.545038 2
0.917166 0.109546 4
0.918767 0.111171 4
0.892521 0.00904493 7
0.964548 0.581342 2
0.957273 0.549185 2
0.914729 0.107238 4
0.936698 0.138106 4
0.93569 0.13602 4
0.958194 0.335397 3
0.938305 0.141621 4
0.950545 0.299195 3
0.901532 0.00238052 9
0.937396 0.139604 4
0.931417 0.0683713 5
0.955482 0.321203 3
0.93609 0.136837 4
0.987226 1 1
0.905057 0.00530058 8
0.962058 0.569254 2
0.899654 0.00109791 10
0.979653 0.688701 2
0.932107 0.0692968 5
0.872822 9.92103e-08 21
0.87748 5.79287e-07 19
0.912386 0.00627132 8
0.928152 0.0342747 6
0.862309 2.20952e-10 28
0.88899 4.11511e-05 14
0.877521 5.80268e-07 19
0.919062 0.0145037 7
0.883595 7.45649e-06 16
0.883498 7.43045e-06 16
0.863099 5.17502e-10 27
0.929559 0.0354518 6
0.951722 0.183006 4
0.881768 3.23128e-06 17
0.96919 1 1
0.858963 4.33429e-05 13
0.917453 0.224872 3
0.964632 1 1
0.954977 0.540833 2
0.835084 4.95158e-09 23
0.868854 0.000603816 10
0.859023 4.3392e-05 13
0.9022 0.0459756 5
0.864959 0.000250882 11
0.898515 0.0444877 5
0.837323 1.25741e-08 22
0.933579 0.489716 2
0.892138 0.0194498 6
0.907708 0.10154 4
0.946407 0.283942 3
0.936322 0.137319 4
0.941294 0.26833 3
0.940233 0.265471 3
0.960246 0.561195 2
0.907296 0.0113463 7
0.944927 0.279086 3
0.935468 0.135573 4
0.974913 0.647457 2
0.941573 0.269103 3
0.964754 0.582398 2
0.910263 0.0243526 6
0.981061 1 1
0.92177 0.0579802 5
0.957409 0.549702 2
0.948567 0.170934 4
0.934254 0.0723646 5
0.93895 0.080232 5
0.94108 0.148293 4
0.962122 0.359123 3
0.906378 0.00132468 10
0.943876 0.155882 4
0.933951 0.0719138 5
0.976052 0.656626 2
0.940207 0.146109 4
0.960718 0.350183 3
0.909221 0.00289159 9
0.984284 0.737866 2
0.925115 0.0319849 6
0.954019 0.314197 3
0.904112 0.0468175 5
0.928608 0.240713 3
0.878889 0.00156708 9
0.889102 0.00866376 7
0.911792 0.104698 4
0.928467 0.240473 3
0.947299 0.517754 2
0.936688 0.256738 3
0.956178 0.545107 2
0.941729 0.50472 2
0.906966 0.0481755 5
0.928566 0.240641 3
0.931797 0.246473 3
0.968545 1 1
0.895131 0.0200682 6
0.876781 1.23195e-06 18
0.970629 0.616641 2
0.877714 1.27595e-06 18
0.86839 1.6661e-08 23
0.888372 4.03178e-05 14
0.981618 0.708391 2
0.976746 0.662435 2
0.980253 0.694538 2
0.942824 0.152919 4
0.977827 0.671831 2
0.916305 0.0136064 7
0.98349 0.728728 2
0.910355 0.00596847 8
0.913425 0.00643794 8
0.899352 0.000525915 11
0.949615 0.295537 3
0.924716 0.060712 5
0.963055 0.573949 2
0.951416 0.302755 3
0.963425 0.575739 2
0.892304 0.000433478 11
0.928787 0.0650956 5
0.921501 0.0296483 6
0.953243 0.310654 3
0.926693 0.0627452 5
0.974445 0.643812 2
0.895606 0.000992869 10
0.97065 0.616778 2
0.902399 0.0024293 9
0.976808 0.662966 2
0.898061 0.020732 6
0.877314 0.000689729 10
0.853196 5.89087e-07 18
0.879237 0.000712679 10
0.898549 0.0208489 6
0.877683 0.000694021 10
0.895007 0.00935034 7
0.884452 0.00170831 9
0.914498 0.107029 4
0.889575 0.00402272 8
0.869467 0.000120079 12
0.877309 0.000689667 10
0.908705 0.0490693 5
0.97357 1 1
0.86286 2.05193e-05 14
0.901093 0.0214897 6
0.885567 0.00173993 9
0.858379 1.5532e-06 17
0.882497 0.00165568 9
0.902675 0.0219175 6
0.885847 0.00174806 9
0.903433 0.0221312 6
0.892816 0.00907987 7
0.922286 0.115093 4
0.897961 0.0207082 6
0.876262 0.000305205 11
0.885521 0.00173858 9
0.914406 0.106947 4
0.98255 1 1
0.868975 5.28798e-05 13
0.888565 0.000849671 10
0.922702 0.0588082 5
0.864277 8.07834e-07 18
0.873605 2.63474e-05 14
0.895895 0.00445282 8
0.931088 0.127537 4
0.940376 0.26585 3
0.931778 0.128708 4
0.941031 0.26761 3
0.93552 0.254112 3
0.893572 0.00200963 9
0.930197 0.126071 4
0.915564 0.0531925 5
0.962068 0.5693 2
0.881006 0.000153021 12
50 2 3 4 5 7 8 9 11 12 13 14 15 18 19 20 23 24 25 27 28 30 31 32 34 35 36 37 38 41 42 43 44 45 47 48 49 52 53 54 55 56 57 58 60 61 64 65 67 68 69 
52 2 3 4 5 7 8 9 11 12 14 15 16 18 20 23 24 25 27 28 30 31 32 34 35 36 37 38 39 41 42 43 44 45 47 48 49 52 53 54 55 56 57 58 60 61 62 63 64 65 67 68 69 
70 0 1 2 3 4 5 6 7 8 9 10 11 12 13 14 15 16 17 18 19 20 21 22 23 24 25 26 27 28 29 30 31 32 33 34 35 36 37 38 39 40 41 42 43 44 45 46 47 48 49 50 51 52 53 54 55 56 57 58 59 60 61 62 63 64 65 66 67 68 69 
60 1 2 3 4 5 7 8 9 10 11 12 13 14 15 16 18 19 20 21 22 23 24 25 27 28 30 31 32 33 34 35 36 37 38 39 41 42 43 44 45 46 47 48 49 52 53 54 55 56 57 58 60 61 62 63 64 65 67 68 69 
54 1 2 3 4 5 7 8 9 11 12 13 14 15 16 18 20 23 24 25 27 28 30 31 32 33 34 35 36 37 38 39 41 43 44 45 46 47 48 49 52 53 54 55 56 57 58 60 62 63 64 65 67 68 69 
40 2 3 4 5 7 8 9 11 12 14 15 18 20 25 27 30 31 34 35 37 38 41 43 44 45 47 48 49 52 53 54 56 57 58 60 64 65 67 68 69 
50 2 3 4 5 7 8 9 11 12 13 14 15 18 19 20 23 24 25 27 28 30 31 32 34 35 36 37 38 41 42 43 44 45 47 48 49 52 53 54 55 56 57 58 60 61 64 65 67 68 69 
61 1 2 3 4 5 6 7 8 9 10 11 12 14 15 16 17 18 20 21 22 23 24 25 26 27 28 30 31 32 34 35 36 37 38 39 40 41 42 43 44 45 47 48 49 52 53 54 55 56 57 58 60 61 62 63 64 65 66 67 68 69 
37 2 3 4 5 7 8 9 11 14 15 20 24 27 28 30 31 34 35 36 37 38 43 45 47 49 52 53 54 56 57 58 60 64 65 67 68 69 
42 2 3 4 5 7 8 9 11 12 14 15 18 20 24 25 27 28 30 31 34 35 36 37 38 43 44 45 47 48 49 52 53 54 56 57 58 60 64 65 67 68 69 
64 1 2 3 4 5 7 8 9 10 11 12 13 14 15 16 18 19 20 21 22 23 24 25 26 27 28 30 31 32 33 34 35 36 37 38 39 40 41 42 43 44 45 46 47 48 49 52 53 54 55 56 57 58 59 60 61 62 63 64 65 66 67 68 69 
52 2 3 4 5 7 8 9 10 11 12 14 15 16 18 20 22 23 24 25 27 28 30 31 32 34 35 36 37 38 39 41 43 44 45 47 48 49 52 53 54 56 57 58 60 61 62 63 64 65 67 68 69 
50 2 3 4 5 7 8 9 11 12 13 14 15 18 19 20 23 24 25 27 28 30 31 32 34 35 36 37 38 41 42 43 44 45 47 48 49 52 53 54 55 56 57 58 60 61 64 65 67 68 69 
12 2 4 15 34 35 43 45 47 53 67 68 69 
64 0 1 2 3 4 5 7 8 9 10 11 12 13 14 15 16 18 19 20 21 22 23 24 25 27 28 29 30 31 32 33 34 35 36 37 38 39 41 43 44 45 46 47 48 49 50 52 53 54 55 56 57 58 59 60 61 62 63 64 65 66 67 68 69 
