50 15 6e+06
1.36199 103057
1.46699 149417
1.34885 125452
2.57966 108851
2.6075 177542
1.40942 147891
1.2718 166259
2.99252 132374
2.06769 141340
1.32883 175368
5.78618 160646
2.73696 176255
1.49282 122006
1.54022 177772
2.6438 102043
3.94161 167203
2.16587 153913
2.0863 174977
1.32941 164579
1.54987 189736
1.62657 133241
1.6219 102460
2.10812 111905
1.6072 192548
8.61252 150072
1.01263 109761
5.67514 109129
3.93733 108309
2.58717 159622
2.32127 110867
3.50873 117071
4.29383 126410
1.47568 124927
2.48778 135183
4.37818 155998
1.13576 128734
1.13098 184492
2.84019 110325
2.16233 139191
1.35107 130708
2.37291 144931
2.81708 169162
2.44029 192468
1.97158 175808
2.18024 118908
1.6209 151580
1.80301 189538
1.83088 155918
1.12319 195393
1.10984 108803
0.953848 0.536996 2
0.963344 1 1
0.89353 0.0197305 6
0.938305 0.497905 2
0.961219 1 1
0.934908 0.49189 2
0.909552 0.102916 4
0.972497 1 1
0.935226 0.492425 2
0.923485 0.232711 3
0.909002 0.102498 4
0.907451 0.101355 4
0.959408 0.557665 2
0.910805 0.103898 4
0.915932 0.108353 4
0.909469 0.0494793 5
0.903271 0.022085 6
0.988188 1 1
0.9542 0.538173 2
0.892455 0.00420636 8
0.923705 0.116824 4
0.911768 0.0507831 5
0.889269 0.00185454 9
0.946878 0.516672 2
0.924383 0.117684 4
0.912183 0.0510302 5
0.964403 0.580604 2
0.940202 0.26539 3
0.912043 0.0509466 5
0.964222 0.579691 2
0.955215 0.541664 2
0.954851 0.540395 2
0.924299 0.233889 3
0.96646 1 1
0.945695 0.513724 2
0.94754 0.51838 2
0.92159 0.230083 3
0.948084 0.519815 2
0.959238 0.556961 2
0.938093 0.497509 2
0.922935 0.23193 3
0.93527 0.4925 2
0.990669 1 1
0.924319 0.23392 3
0.944854 0.511706 2
0.911331 0.024756 6
0.976999 0.664595 2
0.90887 0.0116801 7
0.957883 0.551533 2
0.96734 0.59645 2
0.984413 1 1
0.961096 0.564902 2
0.954717 0.317486 3
0.965537 0.586498 2
0.972983 0.632883 2
0.878101 2.96413e-05 14
0.936809 0.138341 4
0.943989 0.276159 3
0.879358 6.71788e-05 13
0.907916 0.0114752 7
0.866068 1.92101e-06 17
0.860339 1.38836e-07 20
0.959458 0.557872 2
0.909065 0.0239199 6
0.849928 6.4955e-10 26
0.885327 0.000367259 11
0.881956 0.000156452 12
0.845479 4.29723e-11 29
0.904943 0.0108865 7
0.889568 0.000867547 10
0.879224 6.69542e-05 13
0.932087 0.129244 4
0.892754 0.00197809 9
0.878456 6.56858e-05 13
0.924027 0.0600421 5
0.873387 0.00064709 10
0.875252 0.0014873 9
0.971729 1 1
0.924161 0.233688 3
0.864681 0.00010988 12
0.902262 0.0460019 5
0.899877 0.0450184 5
0.859184 1.89894e-05 14
0.921221 0.22959 3
0.907161 0.0482729 5
0.880297 0.00353806 8
0.950085 0.525355 2
0.903915 0.0467282 5
0.879821 0.00351674 8
0.928816 0.241069 3
0.905956 0.0110791 7
0.893533 0.0020081 9
0.985539 1 1
0.943462 0.274558 3
0.882913 0.00034855 11
0.912817 0.0253472 6
0.901156 0.010232 7
0.880449 0.000151072 12
0.935808 0.254748 3
0.913456 0.0256126 6
0.914435 0.0260327 6
0.953798 0.53683 2
0.932989 0.130847 4
0.914034 0.0258586 6
0.965175 0.584587 2
0.944089 0.276465 3
0.971186 0.620342 2
0.890188 0.000192978 12
0.937109 0.138983 4
0.970706 0.617143 2
0.939003 0.143226 4
0.914424 0.013057 7
0.982483 0.717583 2
0.935745 0.136131 4
0.927383 0.0634965 5
0.899909 0.00229414 9
0.906788 0.00550146 8
0.953415 0.31143 3
0.901674 0.00238837 9
0.909341 0.0117842 7
0.945025 0.512111 2
0.900561 0.0213511 6
0.939585 0.263783 3
0.935914 0.254985 3
0.891715 0.00895126 7
0.903783 0.0466687 5
0.88347 0.00168142 9
0.895167 0.00937089 7
0.92487 0.234737 3
0.898937 0.0209431 6
0.960529 0.562414 2
0.92328 0.116296 4
0.951785 0.530405 2
0.960398 0.561848 2
0.984884 1 1
0.884162 7.6211e-05 13
0.912888 0.0126416 7
0.95395 0.313875 3
0.953838 0.313361 3
0.902482 0.00502864 8
0.946558 0.284455 3
0.949122 0.293653 3
0.8933 0.000941113 10
0.958298 0.553164 2
0.954479 0.316352 3
0.873009 2.37789e-06 17
0.983057 1 1
0.922475 0.0586033 5
0.87332 2.40208e-06 17
0.920982 0.0573037 5
0.943431 0.154613 4
0.966859 0.593722 2
0.921532 0.0296664 6
0.970275 0.614329 2
0.956512 0.326403 3
0.959848 0.344906 3
0.933169 0.0707769 5
0.955686 0.322213 3
0.966763 0.593182 2
0.94946 0.294942 3
0.909973 0.0059148 8
0.938458 0.141969 4
0.977729 0.670958 2
0.911331 0.00611036 8
0.934933 0.0734003 5
0.904182 0.00253607 9
0.965333 0.585419 2
0.91394 0.012923 7
0.959817 0.344722 3
0.95612 0.324394 3
0.994203 1 1
0.97205 0.626256 2
0.943318 0.154294 4
0.96975 0.610972 2
0.984596 0.741532 2
0.874014 5.05427e-07 19
0.944205 0.156841 4
0.939376 0.144102 4
0.875135 5.27757e-07 19
0.907693 0.00277439 9
0.874578 0.000295791 11
0.896572 0.00955648 7
0.958702 0.554778 2
0.940181 0.265334 3
0.886206 0.00175862 9
0.929111 0.241578 3
0.932743 0.248316 3
0.877707 0.000313732 11
0.942474 0.271654 3
0.93686 0.257135 3
0.868983 5.28888e-05 13
0.972164 1 1
0.911181 0.0504399 5
0.86904 5.29521e-05 13
0.918324 0.110712 4
0.920252 0.0566966 5
0.952348 0.306707 3
0.939869 0.264518 3
0.989728 1 1
0.940855 0.267133 3
0.974649 0.645392 2
0.952932 0.309266 3
0.93386 0.132453 4
0.996186 1 1
0.970034 0.612782 2
0.896899 0.00214943 9
0.965093 0.584158 2
0.960368 0.561721 2
0.897806 0.00219108 9
0.935604 0.135847 4
0.946836 0.516566 2
0.963551 0.576357 2
0.885112 0.00377166 8
0.930654 0.244332 3
0.964558 0.581397 2
0.931204 0.245352 3
0.906833 0.0481092 5
0.978674 1 1
0.928653 0.24079 3
0.919683 0.112145 4
0.901314 0.021548 6
0.900278 0.0212783 6
0.949778 0.524478 2
0.903153 0.0463886 5
0.90663 0.0480087 5
0.928569 0.0346151 6
0.872129 4.36413e-08 22
0.917103 0.0138544 7
0.904618 0.00125779 10
0.864224 1.22885e-09 26
0.873497 1.02124e-07 21
0.854051 1.22292e-11 0
0.869226 1.72991e-08 23
0.893967 0.000102507 13
0.868894 1.70415e-08 23
0.970134 0.613422 2
0.895071 0.000222338 12
0.921725 0.0154898 7
0.968284 0.601966 2
0.95542 0.320897 3
0.887734 0.00038788 11
0.933072 0.130997 4
0.932205 0.12945 4
0.957867 0.551471 2
0.923461 0.0595071 5
0.9697 0.610653 2
0.976226 0.658071 2
0.911981 0.0250103 6
0.96804 0.600519 2
0.980495 1 1
0.867492 8.93457e-07 18
0.966376 0.591037 2
0.926491 0.120507 4
0.868179 2.0449e-06 17
0.910386 0.024398 6
0.947431 0.287477 3
0.91119 0.0247019 6
0.945424 0.280686 3
0.947878 0.289068 3
0.901914 0.0103554 7
0.915405 0.0530843 5
0.8947 0.00205487 9
0.904499 0.0108045 7
0.936679 0.256716 3
0.91043 0.0244145 6
0.951485 0.303043 3
0.933286 0.131388 4
0.962533 0.571465 2
0.951775 0.530376 2
0.988134 1 1
0.892374 0.0194966 6
0.935793 0.493393 2
0.935421 0.492755 2
0.96303 1 1
0.925797 0.236147 3
0.972123 1 1
0.973315 1 1
0.914836 0.107335 4
0.973152 1 1
0.981506 1 1
0.872148 0.00142555 9
0.969659 1 1
0.931392 0.245706 3
0.872846 0.00143897 9
0.915003 0.107488 4
0.955056 0.54111 2
0.944711 0.278402 3
0.933266 0.249362 3
0.968992 0.606245 2
0.935162 0.25333 3
0.943053 0.273342 3
0.918353 0.0551988 5
0.937042 0.257557 3
0.959347 0.557412 2
0.935054 0.253097 3
0.929686 0.125255 4
0.940134 0.265211 3
0.996212 1 1
0.930882 0.127194 4
0.95595 0.544279 2
0.915527 0.107973 4
0.882078 0.00164484 9
0.954383 0.538792 2
0.926056 0.236549 3
0.872361 0.000284202 11
0.893495 0.00916153 7
0.877935 0.000696984 10
0.873264 0.000288818 11
0.916243 0.108649 4
0.891649 0.0089437 7
0.93781 0.259373 3
0.9263 0.236932 3
0.929435 0.242144 3
0.936873 0.257164 3
0.974633 1 1
0.921809 0.0580144 5
0.997403 1 1
0.898051 0.00462467 8
0.94838 0.290891 3
0.985533 1 1
0.964631 0.581766 2
0.941773 0.26966 3
0.97477 0.646335 2
0.952239 0.306236 3
0.953035 0.534334 2
0.88335 0.000351803 11
0.922007 0.0581877 5
0.947052 0.286152 3
0.884838 0.000363319 11
0.905351 0.0109632 7
0.89433 0.00203982 9
0.94199 0.270271 3
0.930072 0.125871 4
0.963179 0.574546 2
0.932194 0.129432 4
0.978912 0.681696 2
0.978114 0.674399 2
0.920716 0.0570802 5
0.974314 0.642808 2
0.988889 1 1
0.871755 5.07505e-06 16
0.963759 0.577379 2
0.932949 0.130775 4
0.872551 5.19577e-06 16
0.912806 0.0253424 6
0.939699 0.264076 3
0.915049 0.0263053 6
0.955805 0.543756 2
0.957044 0.548317 2
0.905073 0.0109107 7
0.923462 0.0595078 5
0.903905 0.0106973 7
0.905878 0.011064 7
0.945918 0.282307 3
0.919436 0.056039 5
0.939806 0.264354 3
0.944827 0.278768 3
0.963835 0.577757 2
0.940068 0.265039 3
0.987473 1 1
0.876052 2.63154e-06 17
0.855941 7.03815e-11 29
0.952134 0.305786 3
0.903869 0.00251664 9
0.845785 8.04432e-12 0
0.875513 1.17564e-06 18
0.867238 3.53452e-08 22
0.8438 7.31445e-12 0
0.89709 0.000492734 11
0.877385 2.75554e-06 17
0.897662 0.00104376 10
0.918829 0.0281493 6
0.895806 0.000475481 11
0.896544 0.000485272 11
0.935322 0.13528 4
0.923775 0.116912 4
0.982922 1 1
0.883288 0.000766377 10
0.932496 0.247829 3
0.990562 1 1
0.945774 0.281831 3
0.924548 0.117898 4
0.993039 1 1
0.934721 0.252382 3
0.934541 0.251999 3
0.881321 0.000337158 11
0.904874 0.0225536 6
0.939115 0.262587 3
0.882992 0.000349131 11
0.895712 0.00443887 8
0.970684 0.617001 2
0.902486 0.000578673 11
0.909289 0.00289694 9
0.92106 0.0152316 7
0.896115 0.000229599 12
0.894274 0.000103559 13
0.870898 1.86779e-08 23
0.903887 0.00123171 10
0.910756 0.00301853 9
0.88674 8.37901e-06 16
0.978151 0.674733 2
0.900058 0.000537071 11
0.949241 0.173369 4
0.979979 0.691861 2
0.952556 0.186499 4
0.8714 2.25843e-06 17
0.893169 0.000938314 10
0.956969 0.548035 2
0.936507 0.137705 4
0.88287 7.35876e-05 13
0.925771 0.0617751 5
0.930184 0.12605 4
0.87432 1.21164e-05 15
0.938797 0.142748 4
0.93371 0.132171 4
0.866485 3.85417e-07 19
0.96838 0.602538 2
0.907736 0.0114374 7
0.866505 3.85679e-07 19
0.915793 0.0266449 6
0.936422 0.137527 4
0.869181 2.10794e-06 17
0.895649 0.00209462 9
0.892804 0.000930641 10
0.862786 1.50809e-07 20
0.864163 1.58198e-07 20
0.842819 6.98363e-12 0
0.870257 2.17895e-06 17
0.882324 7.25241e-05 13
0.857997 1.08281e-08 23
0.984245 1 1
0.87808 2.96245e-05 14
0.916148 0.026811 6
0.982348 1 1
0.937141 0.139052 4
0.929146 0.0655207 5
0.979803 0.690148 2
0.884094 7.60692e-05 13
0.932861 0.130615 4
0.984717 1 1
0.943043 0.273312 3
0.920748 0.057107 5
0.9966 1 1
0.934084 0.132874 4
0.931597 0.128399 4
0.885988 0.000172667 12
0.904302 0.00521766 8
0.942342 0.271275 3
0.887696 0.000180456 12
0.898581 0.00222794 9
0.893878 0.000953582 10
0.960259 0.56125 2
0.904857 0.0052784 8
0.948139 0.29001 3
0.953512 0.311866 3
0.982874 0.721858 2
0.977744 0.671089 2
0.939051 0.143337 4
0.958486 0.337028 3
0.980881 0.700814 2
0.86309 2.9912e-08 22
0.93626 0.137189 4
0.927751 0.0639063 5
0.864219 7.03722e-08 21
0.896435 0.00101281 10
0.902812 0.0462396 5
0.869005 0.000605166 10
0.94834 0.520501 2
0.913465 0.106114 4
0.859334 4.36454e-05 13
0.881665 0.00360101 8
0.867668 0.000593385 10
0.860018 4.42109e-05 13
0.904215 0.0468643 5
0.880592 0.00355139 8
0.929576 0.242393 3
0.917251 0.224635 3
0.915308 0.10777 4
0.92833 0.240241 3
0.959806 0.559327 2
0.910355 0.10354 4
0.981618 1 1
0.902412 0.0460663 5
0.951564 0.529729 2
0.973413 1 1
0.977679 1 1
0.957179 0.548825 2
0.959599 0.558461 2
0.958654 0.554588 2
0.96703 1 1
0.875337 0.00148906 9
0.92994 0.243039 3
0.94065 0.502484 2
0.876665 0.00338229 8
0.902952 0.0463003 5
0.936293 0.255837 3
0.869778 1.07167e-05 15
0.897638 0.00459061 8
0.894148 0.00203245 9
0.863243 7.82841e-07 18
0.865265 1.87686e-06 17
0.844037 4.03205e-11 29
0.870515 1.09258e-05 15
0.883633 0.000353942 11
0.859209 1.33755e-07 20
0.984501 1 1
0.879761 0.000148724 12
0.917093 0.0542648 5
0.982464 1 1
0.939051 0.262424 3
0.953013 0.309624 3
0.963124 0.574281 2
0.891901 0.000202483 12
0.936728 0.13817 4
0.961554 0.355441 3
0.933935 0.132594 4
0.908729 0.00574612 8
0.973413 0.636032 2
0.9338 0.0716916 5
0.922489 0.0302494 6
0.907919 0.00564135 8
0.905946 0.00540186 8
0.957647 0.332403 3
0.909734 0.00588153 8
0.914302 0.013023 7
0.947465 0.2876 3
0.943956 0.276058 3
0.93984 0.264442 3
0.976308 1 1
0.933679 0.250203 3
0.94741 0.287403 3
0.923559 0.116641 4
0.933774 0.250398 3
0.965898 0.588432 2
0.940331 0.26573 3
0.925375 0.118984 4
0.947892 0.289117 3
0.988254 1 1
0.926407 0.120391 4
0.957659 0.550665 2
0.930567 0.244173 3
0.929686 0.242587 3
0.960357 0.561674 2
0.979019 1 1
0.918751 0.111155 4
0.944462 0.510784 2
0.925656 0.23593 3
0.916329 0.108732 4
0.968192 1 1
0.941325 0.503873 2
0.919477 0.111923 4
0.964459 0.580888 2
0.967438 0.597013 2
0.920013 0.112503 4
0.964958 0.583455 2
0.941797 0.269728 3
0.892338 0.00419858 8
0.933532 0.249901 3
0.926617 0.120683 4
0.883815 0.00169077 9
0.894805 0.00932447 7
0.874722 0.000296575 11
0.887859 0.0039217 8
0.915687 0.108123 4
0.890009 0.00404918 8
0.966557 0.592039 2
0.91501 0.052819 5
0.9432 0.273777 3
0.965969 0.588815 2
0.977032 1 1
0.914793 0.107297 4
0.884531 0.0082131 7
0.959399 0.557627 2
0.929614 0.24246 3
0.87464 0.00147469 9
0.897079 0.0439502 5
0.881956 0.00798406 7
0.875042 0.00148295 9
0.919983 0.227978 3
0.895539 0.0433979 5
0.934462 0.49115 2
0.93096 0.244898 3
0.931106 0.245169 3
0.933639 0.489812 2
0.975687 1 1
0.965949 0.588709 2
0.953704 0.536519 2
0.909952 0.0497447 5
0.950459 0.52644 2
0.947378 0.51796 2
0.936432 0.256153 3
0.910313 0.0499455 5
0.95443 0.538952 2
0.944231 0.510248 2
0.926027 0.236505 3
0.925269 0.235338 3
0.919614 0.11207 4
0.978623 1 1
0.926952 0.237969 3
0.935559 0.254198 3
0.931689 0.246267 3
0.97771 1 1
0.915989 0.108407 4
0.967174 1 1
0.966134 1 1
0.970373 1 1
0.943417 0.508394 2
0.9609 0.564037 2
0.968621 1 1
0.958813 0.555226 2
0.897348 0.0440493 5
0.937862 0.49708 2
0.964271 1 1
0.898695 0.0445564 5
0.923751 0.233092 3
0.985107 1 1
0.908408 0.0489127 5
0.894759 0.0199882 6
0.91553 0.107975 4
0.903884 0.046714 5
0.893518 0.0197279 6
0.869013 0.000268199 11
0.914024 0.106605 4
0.906368 0.0478799 5
0.884628 0.00374657 8
0.962283 0.570297 2
0.890647 0.0088308 7
0.946985 0.516946 2
0.964432 0.580755 2
0.935383 0.253812 3
0.892308 0.000433522 11
0.940638 0.147177 4
0.928989 0.0653348 5
0.961036 0.564638 2
0.931024 0.0678574 5
0.977602 0.669835 2
0.979711 0.689261 2
0.919328 0.0284158 6
0.972111 0.626678 2
0.988418 1 1
0.869821 4.32886e-07 19
0.962818 0.572817 2
0.930825 0.0676005 5
0.870609 9.89889e-07 18
0.910984 0.0121649 7
0.956134 0.544945 2
0.883424 0.00811263 7
0.891679 0.0193597 6
0.899462 0.0448543 5
0.878067 0.00344055 8
0.873468 0.00145116 9
0.850489 2.95831e-06 16
0.887085 0.00845741 7
0.88937 0.0189241 6
0.86596 0.00025497 11
0.984936 1 1
0.879817 0.00351653 8
0.927219 0.238401 3
0.986404 1 1
0.934778 0.491673 2
0.950468 0.526466 2
0.879646 0.00158483 9
0.894315 0.0198939 6
0.898614 0.0208646 6
0.873852 0.00065187 10
0.871522 0.000280028 11
0.849042 2.27226e-07 19
0.882273 0.00362981 8
0.888321 0.00858232 7
0.864468 4.81992e-05 13
0.990541 1 1
0.880547 0.00160652 9
0.924964 0.234879 3
0.990979 1 1
0.937352 0.258283 3
0.921348 0.22976 3
0.958133 0.552511 2
0.934232 0.490772 2
0.985119 1 1
0.946582 0.515923 2
0.978396 1 1
0.95422 0.53824 2
0.939256 0.499717 2
0.99118 1 1
0.971578 1 1
0.89553 0.0433949 5
0.959542 0.558222 2
0.960714 1 1
0.896532 0.0437514 5
0.931993 0.487239 2
0.917716 0.110094 4
0.91465 0.107167 4
0.977433 1 1
0.965929 1 1
0.903723 0.0466417 5
0.933919 0.250697 3
0.919666 0.112126 4
0.900561 0.0452931 5
0.957697 0.55081 2
0.933481 0.249797 3
0.914838 0.107338 4
0.969087 1 1
0.951153 0.52849 2
0.914975 0.107463 4
0.966041 1 1
0.914893 0.0527411 5
0.94464 0.27818 3
0.946136 0.514809 2
0.988189 1 1
0.933299 0.249427 3
0.97101 0.619162 2
0.953749 0.536668 2
0.925935 0.11974 4
0.994484 1 1
0.969791 0.611228 2
0.894721 0.00931386 7
0.973367 1 1
0.955123 0.541341 2
0.895489 0.00941262 7
0.936515 0.256342 3
0.889685 0.000406218 11
0.935477 0.135592 4
0.931953 0.129011 4
0.959629 0.558585 2
0.925799 0.0618049 5
0.972177 0.62714 2
0.976878 0.663563 2
0.914346 0.0259937 6
0.970059 0.612942 2
0.982786 1 1
0.868868 9.34249e-07 18
0.966117 0.589619 2
0.928446 0.123341 4
0.869583 2.13406e-06 17
0.911333 0.0247569 6
0.894668 0.00436123 8
0.932968 0.130808 4
0.942203 0.270876 3
0.966464 0.591521 2
0.922573 0.115436 4
0.96804 0.600519 2
0.96631 0.590674 2
0.912488 0.0512143 5
0.975186 0.649616 2
0.975672 0.653516 2
0.87638 6.24561e-05 13
0.976685 1 1
0.934 0.250865 3
0.877007 0.000139947 12
0.920528 0.0569243 5
37 1 2 4 5 6 8 9 10 12 13 15 16 17 18 19 20 22 23 24 26 27 28 31 33 35 36 37 38 41 42 43 44 45 46 47 48 49 
39 1 2 3 4 5 6 8 9 10 11 12 13 15 16 17 18 19 20 21 22 23 24 27 28 30 31 32 33 35 36 37 38 40 42 45 46 47 48 49 
6 4 5 9 12 24 27 
21 1 4 5 6 9 12 16 18 20 22 23 24 27 31 36 38 42 46 47 48 49 
43 1 2 3 4 5 6 8 9 10 11 12 13 15 16 17 18 19 20 21 22 23 26 27 28 30 31 32 33 35 36 37 38 39 40 41 42 43 44 45 46 47 48 49 
19 1 4 5 6 9 12 16 18 22 24 27 30 31 38 42 46 47 48 49 
26 1 4 5 6 8 9 12 13 16 17 18 20 22 23 24 27 31 33 36 37 38 42 46 47 48 49 
49 0 1 2 3 4 5 6 7 8 9 10 11 12 13 14 15 16 17 18 19 20 21 22 23 25 26 27 28 29 30 31 32 33 34 35 36 37 38 39 40 41 42 43 44 45 46 47 48 49 
21 1 4 5 6 9 12 16 18 20 22 23 24 27 31 36 38 42 46 47 48 49 
18 1 4 5 6 9 12 16 18 20 22 24 27 31 38 42 46 48 49 
40 1 2 3 4 5 6 8 9 10 11 12 13 15 16 17 18 19 20 21 22 23 24 27 28 30 31 32 33 35 36 37 38 39 40 42 45 46 47 48 49 
10 1 4 5 6 9 12 24 27 31 38 
33 1 4 5 6 8 9 11 12 13 15 16 17 18 19 20 22 23 24 27 28 30 31 33 35 36 37 38 42 45 46 47 48 49 
27 1 4 5 6 8 9 12 15 16 17 18 20 22 23 24 27 28 31 33 36 37 38 42 46 47 48 49 
13 1 4 5 6 9 12 20 24 27 31 38 46 49 
