70 15 8e+06
1.62174 170937
1.62327 101999
1.31572 187925
2.44272 131695
2.49654 120906
2.20152 172232
1.59646 167342
1.48476 169515
1.59881 168374
1.79214 131618
1.8614 148800
1.54172 124095
1.62305 125042
1.07119 152642
1.95268 169757
1.58701 152908
2.24922 110453
1.57685 105494
2.23893 104241
2.11921 115516
1.76336 123694
2.4168 115285
1.60432 164257
1.57081 171114
2.79968 101428
2.22392 100672
2.31451 187970
2.06311 199477
2.62195 133027
2.25887 184484
2.35143 192882
2.28805 150787
1.56359 156878
2.17899 193535
2.00267 185025
1.30012 154982
1.58449 142700
2.23097 110539
2.71996 116755
1.88579 139608
2.79954 123925
1.46622 107905
1.41418 113221
1.73527 124687
1.44601 198334
1.21398 181833
2.15721 154160
1.91649 102960
1.69778 147383
2.51084 192574
1.60432 186602
2.12768 192847
1.35408 125024
2.88547 199471
2.63339 162047
1.6492 178306
1.27338 173653
2.17941 180558
1.03717 110556
1.46585 132472
1.81776 139128
2.40069 128344
1.07185 120809
1.61159 194909
1.585 192486
2.4104 198765
2.63098 137247
2.63663 179419
2.60745 163913
1.69401 186354
0.877978 2.81361e-06 17
0.958591 0.337619 3
0.88874 8.6906e-05 13
0.974069 0.640939 2
0.882382 1.54428e-05 15
0.997793 1 1
0.866044 1.50296e-08 23
0.936927 0.138592 4
0.86943 8.61707e-08 21
0.92467 0.0316755 6
0.887537 8.3864e-05 13
0.970476 0.615637 2
0.874914 1.15034e-06 18
0.927774 0.0639324 5
0.933296 0.0709595 5
0.93384 0.0717494 5
0.915924 0.0134913 7
0.957521 0.33172 3
0.876944 2.71362e-06 17
0.888992 8.75675e-05 13
0.884426 1.65182e-05 15
0.935788 0.136219 4
0.942699 0.152574 4
0.957967 0.334148 3
0.884513 3.56678e-05 14
0.94476 0.158484 4
0.886777 3.82838e-05 14
0.918842 0.0144278 7
0.931909 0.0690278 5
0.915709 0.0134272 7
0.892233 0.00419156 8
0.96937 0.608584 2
0.906678 0.0231151 6
0.953994 0.537482 2
0.886268 0.00176046 9
0.972802 0.63158 2
0.881653 0.000743769 10
0.962563 0.571607 2
0.888282 0.00182242 9
0.920591 0.113141 4
0.911756 0.0507762 5
0.970953 0.618784 2
0.886508 0.0017676 9
0.952321 0.532068 2
0.940359 0.265803 3
0.927205 0.238379 3
0.920873 0.113457 4
0.951357 0.529103 2
0.882257 0.00164945 9
0.885555 0.00173957 9
0.891481 0.00414213 8
0.927435 0.238754 3
0.951282 0.528878 2
0.94831 0.52042 2
0.885477 0.00173733 9
0.953843 0.53698 2
0.895358 0.00939549 7
0.912768 0.0513849 5
0.942318 0.271206 3
0.917176 0.109556 4
0.885432 0.000368123 11
0.916094 0.0267859 6
0.908148 0.0115243 7
0.886389 0.000376101 11
0.854506 4.13643e-09 24
0.904879 0.0108747 7
0.882726 0.000159335 12
0.95527 0.541858 2
0.900969 0.0048823 8
0.869197 2.10894e-06 17
0.98001 1 1
0.919847 0.0563678 5
0.87315 1.1729e-05 15
0.974882 0.647216 2
0.898475 0.00466022 8
0.903214 0.0984848 4
0.95926 0.557052 2
0.904387 0.099245 4
0.967881 1 1
0.925283 0.23536 3
0.945236 0.512614 2
0.888704 0.0188037 6
0.91951 0.227379 3
0.883568 0.00812556 7
0.974837 1 1
0.86587 0.000254598 11
0.920618 0.228796 3
0.905776 0.100178 4
0.898635 0.0445334 5
0.962155 1 1
0.915497 0.0133647 7
0.941164 0.148508 4
0.938185 0.141352 4
0.904475 0.00255447 9
0.884842 3.60289e-05 14
0.91722 0.0273276 6
0.910908 0.0121468 7
0.97927 0.685059 2
0.926826 0.0628881 5
0.896778 0.00102128 10
0.95721 0.330058 3
0.923177 0.0306841 6
0.903493 0.00249373 9
0.969479 0.609263 2
0.928225 0.0644441 5
0.944239 0.276926 3
0.934574 0.133813 4
0.968719 0.604582 2
0.894581 0.00205 9
0.904466 0.0107985 7
0.900168 0.00480851 8
0.941373 0.268546 3
0.955763 0.543608 2
0.958017 0.552058 2
0.903371 0.0106028 7
0.936791 0.256976 3
0.899431 0.00474267 8
0.930372 0.126355 4
0.937794 0.259335 3
0.935369 0.135374 4
0.970278 0.61435 2
0.920031 0.112523 4
0.951015 0.528077 2
0.893324 0.00426567 8
0.973847 0.639267 2
0.882081 0.000749556 10
0.956146 0.54499 2
0.904004 0.0222959 6
0.937564 0.258786 3
0.937432 0.258472 3
0.867237 1.00425e-05 15
0.86728 1.00532e-05 15
0.982773 1 1
0.879332 0.000323878 11
0.947006 0.285992 3
0.970499 0.61579 2
0.912531 0.0252306 6
0.948437 0.2911 3
0.885987 0.00080684 10
0.971799 0.624514 2
0.874784 6.01527e-05 13
0.958392 0.553538 2
0.897786 0.00460273 8
0.937625 0.258931 3
0.93059 0.126712 4
0.863094 7.79339e-07 18
0.860278 3.15082e-07 19
0.985924 1 1
0.873501 2.62785e-05 14
0.939163 0.262708 3
0.909865 0.0119029 7
0.913999 0.0258436 6
0.933612 0.13199 4
0.877542 1.32954e-05 15
0.870294 9.79451e-07 18
0.890153 0.00041086 11
0.910149 0.0119681 7
0.950087 0.297376 3
0.931204 0.127732 4
0.874177 5.45641e-06 16
0.971887 0.625121 2
0.898146 0.00220706 9
0.89581 0.000997696 10
0.950389 0.298571 3
0.905531 0.00535412 8
0.990866 1 1
0.909006 0.0238991 6
0.973326 0.63539 2
0.874822 0.000133619 12
0.937773 0.259284 3
0.869917 2.40718e-05 14
0.992627 1 1
0.90816 0.023606 6
0.971608 0.623203 2
0.908296 0.0236524 6
0.884922 0.000790384 10
0.860829 1.65815e-06 17
0.977961 1 1
0.886396 0.00176425 9
0.928849 0.123953 4
0.918499 0.0553099 5
0.942524 0.271799 3
0.941199 0.26807 3
0.905147 0.0226362 6
0.887613 0.00180135 9
0.917103 0.0542722 5
0.913783 0.0520194 5
0.979218 1 1
0.929471 0.124916 4
0.89888 0.00988218 7
0.954763 0.540094 2
0.922079 0.114848 4
0.906477 0.0230509 6
0.966708 0.592879 2
0.930567 0.126673 4
0.902382 0.0460536 5
0.981022 1 1
0.910327 0.103518 4
0.975565 1 1
0.909565 0.102927 4
0.968002 1 1
0.889243 0.018901 6
0.94317 0.507844 2
0.889641 0.0189738 6
0.950954 0.527897 2
0.888315 0.0187345 6
0.94612 0.514769 2
0.900639 0.0453251 5
0.924283 0.233866 3
0.961495 1 1
0.937976 0.259772 3
0.942446 0.271572 3
0.930139 0.125978 4
0.926028 0.119868 4
0.967833 0.599305 2
0.90958 0.0241033 6
0.922609 0.115478 4
0.912269 0.0510821 5
0.910817 0.0245596 6
0.976087 1 1
0.864493 1.83579e-06 17
0.889942 0.00187712 9
0.944836 0.278798 3
0.887247 0.000827222 10
0.970219 0.613967 2
0.94685 0.285453 3
0.886607 0.000377966 11
0.95494 0.318557 3
0.849373 5.12828e-11 29
0.894853 0.00206118 9
0.850854 2.9233e-10 27
0.959791 0.559264 2
0.90154 0.00493643 8
0.97731 0.667284 2
0.87198 5.10877e-06 16
0.901361 0.0049193 8
0.848447 4.91392e-11 29
0.933196 0.131223 4
0.887199 0.000383108 11
0.897606 0.00218173 9
0.875973 6.18543e-05 13
0.919279 0.0559147 5
0.897595 0.00458711 8
0.894698 0.0043634 8
0.85029 3.52452e-09 24
0.915857 0.0533926 5
0.871597 2.50666e-05 14
0.954856 0.540415 2
0.887928 0.000838677 10
0.870501 1.09217e-05 15
0.962062 0.569272 2
0.934258 0.251403 3
0.864876 1.85601e-06 17
0.981886 1 1
0.897709 0.0045964 8
0.9375 0.496417 2
0.968817 1 1
0.953553 0.536021 2
0.927351 0.238616 3
0.91809 0.225632 3
0.930189 0.243487 3
0.927205 0.238379 3
0.969536 1 1
0.933423 0.24968 3
0.931946 0.246759 3
0.920443 0.228569 3
0.923557 0.232813 3
0.929341 0.241978 3
0.942672 0.506746 2
0.965153 1 1
0.880166 0.000724319 10
0.932359 0.247561 3
0.900629 0.0213688 6
0.909588 0.0495446 5
0.858817 1.57123e-06 17
0.931313 0.245556 3
0.874111 0.000131668 12
0.963939 0.578273 2
0.888315 0.003948 8
0.882578 0.000756395 10
0.949245 0.52298 2
0.949308 0.523155 2
0.87016 5.42375e-05 13
0.98844 1 1
0.908613 0.0490207 5
0.894846 0.000105572 13
0.937345 0.0773477 5
0.916352 0.00695548 8
0.907543 0.00137238 10
0.869411 7.86204e-09 24
0.925701 0.0324015 6
0.889497 1.97471e-05 15
0.975972 0.655971 2
0.904661 0.00125933 10
0.888434 1.89948e-05 15
0.959016 0.340037 3
0.938284 0.0790093 5
0.883931 3.51193e-06 17
0.993136 1 1
0.917202 0.00712037 8
0.920152 0.228194 3
0.942466 0.506296 2
0.914114 0.106686 4
0.937148 0.495779 2
0.954204 0.538188 2
0.916754 0.109142 4
0.905047 0.047248 5
0.907016 0.101043 4
0.89442 0.0199161 6
0.993182 1 1
0.856569 1.80059e-05 14
0.89445 0.0199224 6
0.926787 0.237705 3
0.883225 0.003676 8
0.963988 1 1
0.904213 0.046863 5
0.972426 1 1
0.920484 0.113022 4
0.942758 0.506934 2
0.892234 0.00901128 7
0.957114 0.54858 2
0.894406 0.0199132 6
0.978389 1 1
0.902519 0.0461124 5
0.920491 0.11303 4
0.923593 0.232865 3
0.957072 0.548421 2
0.897054 0.0204968 6
0.961593 0.567131 2
0.945983 0.514432 2
0.920164 0.028876 6
0.961701 0.567622 2
0.939781 0.145071 4
0.923513 0.0309015 6
0.897669 0.00104395 10
0.934044 0.132799 4
0.912251 0.0124778 7
0.99123 1 1
0.923317 0.0307744 6
0.915096 0.0132479 7
0.937773 0.140431 4
0.934958 0.13456 4
0.910441 0.0120363 7
0.964103 0.579093 2
0.946204 0.283258 3
0.951053 0.52819 2
0.952545 0.532772 2
0.947983 0.519548 2
0.925257 0.235321 3
0.958438 0.553723 2
0.914104 0.106677 4
0.935611 0.49308 2
0.928366 0.240301 3
0.92721 0.238386 3
0.962207 1 1
0.88185 0.007975 7
0.897765 0.0442041 5
0.953189 0.534834 2
0.902575 0.0461365 5
0.981383 1 1
0.985742 1 1
0.924798 0.0607925 5
0.968866 0.605478 2
0.892861 0.000931845 10
0.956337 0.325502 3
0.885237 0.000169426 12
0.969592 0.609971 2
0.915477 0.0264997 6
0.954315 0.315581 3
0.929794 0.0663049 5
0.882133 7.21574e-05 13
0.873183 2.39139e-06 17
0.985593 1 1
0.891286 0.000422498 11
0.948362 0.290824 3
0.928144 0.0643514 5
0.918391 0.0142747 7
0.914119 0.0129722 7
0.908095 0.00566384 8
0.978722 0.679933 2
0.889039 8.76925e-05 13
0.914098 0.0129663 7
0.888656 8.66887e-05 13
0.897783 0.00050251 11
0.962404 0.360987 3
0.843197 7.10896e-12 0
0.868415 8.27343e-08 21
0.939774 0.145053 4
0.864202 6.18449e-09 24
0.944956 0.159073 4
0.95241 0.532347 2
0.908571 0.0489983 5
0.971739 1 1
0.869891 5.39245e-05 13
0.90185 0.0216914 6
0.872995 0.000128709 12
0.95826 0.553016 2
0.925949 0.11976 4
0.98255 1 1
0.887451 0.00389859 8
0.920655 0.113213 4
0.871328 0.000124498 12
0.936787 0.256966 3
0.910647 0.050134 5
0.916234 0.108641 4
0.943593 0.274955 3
0.954351 0.315748 3
0.940369 0.146506 4
0.930812 0.127077 4
0.958002 0.552 2
0.917769 0.0276016 6
0.928198 0.064413 5
0.926097 0.0621139 5
0.919658 0.0562159 5
0.970087 0.613122 2
0.877758 2.93667e-05 14
0.899903 0.00229381 9
0.946736 0.285064 3
0.900577 0.00484585 8
0.983727 1 1
0.944205 0.276824 3
0.969995 0.61253 2
0.952943 0.309315 3
0.932276 0.129575 4
0.934731 0.134117 4
0.928258 0.0644818 5
0.931087 0.127535 4
0.952251 0.306289 3
0.931012 0.12741 4
0.948552 0.291524 3
0.903058 0.00508689 8
0.915966 0.0267255 6
0.939723 0.144931 4
0.925792 0.0617969 5
0.982543 1 1
0.899122 0.0209885 6
0.897764 0.0206618 6
0.922083 0.230751 3
0.862257 4.61477e-05 13
0.857279 7.9482e-06 15
0.875495 0.00066931 10
0.901556 0.0457033 5
0.933833 0.25052 3
0.92395 0.23338 3
0.858935 1.88922e-05 14
0.973089 1 1
0.885038 0.00376781 8
0.884725 0.00375157 8
0.938218 0.497743 2
0.889776 0.00873564 7
0.881983 0.00164243 9
0.957395 0.549649 2
0.888461 0.00395648 8
0.998834 1 1
0.895734 0.00944469 7
0.973399 1 1
0.868706 0.00011835 12
0.923816 0.116963 4
0.868174 5.1994e-05 13
0.942668 0.506738 2
0.871495 0.000124909 12
0.946443 0.515573 2
0.881644 0.0016338 9
0.909421 0.0494535 5
0.941145 0.503499 2
0.882872 0.000159893 12
0.936568 0.137832 4
0.903065 0.0105498 7
0.913448 0.0256092 6
0.862324 1.48441e-07 20
0.934901 0.134448 4
0.876444 2.83524e-05 14
0.967407 0.596835 2
0.890138 0.000878058 10
0.886557 0.000377532 11
0.947046 0.286131 3
0.951939 0.304955 3
0.873091 1.171e-05 15
0.988998 1 1
0.912551 0.0252387 6
0.875199 5.63083e-06 16
0.936709 0.138129 4
0.894119 0.000958897 10
0.919924 0.0287421 6
0.858925 1.12248e-08 23
0.943604 0.274986 3
0.867807 4.0328e-07 19
0.959267 0.557082 2
0.88004 3.12766e-05 14
0.887171 0.000177996 12
0.934343 0.133367 4
0.96406 0.578874 2
0.866457 3.85052e-07 19
0.975112 0.649026 2
0.910469 0.0120429 7
0.985249 1 1
0.903716 0.00515517 8
0.969335 0.608367 2
0.869636 4.30033e-07 19
0.934311 0.133305 4
0.864871 7.21161e-08 21
0.996952 1 1
0.903791 0.00516313 8
0.972024 0.626074 2
0.903278 0.00510954 8
0.882666 7.31878e-05 13
0.8561 8.43221e-10 26
0.974807 0.646628 2
0.882582 3.36564e-05 14
0.923351 0.0594042 5
0.876849 2.70463e-06 17
0.946243 0.163084 4
0.893946 0.000452309 11
0.934233 0.0723337 5
0.865647 1.47754e-08 23
0.958776 0.338669 3
0.868053 8.15516e-08 21
0.957867 0.333599 3
0.877995 2.81527e-06 17
0.897665 0.00104383 10
0.921632 0.029726 6
0.978171 0.674909 2
0.869464 8.62917e-08 21
0.963749 0.57733 2
0.918391 0.0142747 7
0.946397 0.163579 4
0.95265 0.308022 3
0.96669 0.392303 3
0.911896 0.00311943 9
0.916335 0.00695229 8
0.915285 0.00675821 8
0.938522 0.0794407 5
0.963716 0.369965 3
0.948054 0.169131 4
0.921061 0.015232 7
0.926403 0.0329158 6
0.91097 0.00303701 9
0.935374 0.0740889 5
0.939506 0.0812829 5
0.95399 0.314062 3
0.981142 1 1
0.913594 0.0256706 6
0.984985 1 1
0.877073 6.35035e-05 13
0.927589 0.122072 4
0.874806 2.71659e-05 14
0.98451 1 1
0.918153 0.0550475 5
0.984301 1 1
0.90496 0.0108897 7
0.898173 0.00463486 8
0.867879 4.5451e-06 16
0.965181 0.584616 2
0.897481 0.00457785 8
0.929612 0.125138 4
0.891377 0.00891265 7
0.952768 0.53348 2
0.909952 0.103225 4
0.928937 0.241277 3
0.875066 0.000664666 10
0.949057 0.522458 2
0.883312 0.00368028 8
0.976051 1 1
0.894524 0.0199383 6
0.901908 0.0458517 5
0.935382 0.253809 3
0.960866 0.563887 2
0.8828 0.0036552 8
0.977887 1 1
0.927171 0.238323 3
0.855406 4.28478e-09 24
0.933887 0.132502 4
0.865876 8.48826e-07 18
0.960405 0.561879 2
0.862306 1.4835e-07 20
0.975679 0.653574 2
0.843701 7.28022e-12 0
0.91604 0.0267605 6
0.847202 4.6428e-11 29
0.906382 0.0111625 7
0.872277 5.15371e-06 16
0.966322 0.590739 2
0.852781 1.68171e-09 25
0.912413 0.0251829 6
0.91018 0.0243221 6
0.938984 0.499193 2
0.916071 0.108485 4
0.922652 0.231535 3
0.900718 0.045357 5
0.992304 1 1
0.883669 0.00813466 7
0.925377 0.235503 3
0.889911 0.0190238 6
0.907599 0.101461 4
0.95351 0.535881 2
0.846977 5.01559e-07 18
0.864555 0.000249262 11
0.951769 0.530357 2
0.865182 0.00025178 11
0.94399 0.509695 2
0.961783 0.567992 2
0.939006 0.262311 3
0.952418 0.532372 2
0.911772 0.0249279 6
0.968167 0.601268 2
0.900599 0.0101436 7
0.945983 0.282521 3
0.919029 0.0557185 5
0.933647 0.132054 4
0.953002 0.534228 2
0.876739 6.29943e-05 13
0.88503 0.00036486 11
0.966731 0.593003 2
0.893533 0.00200811 9
0.966898 0.593944 2
0.923318 0.0307746 6
0.960032 0.346003 3
0.922158 0.0300451 6
0.948699 0.292067 3
0.944718 0.158358 4
0.931224 0.0681185 5
0.908312 0.00569166 8
0.92343 0.0308474 6
0.901268 0.00236602 9
0.985229 1 1
0.871306 4.56752e-07 19
0.909825 0.00589409 8
0.92658 0.0626242 5
0.899521 0.00109414 10
0.979004 0.682554 2
0.921096 0.0294093 6
0.957697 0.332672 3
0.941525 0.14944 4
0.919431 0.0284715 6
0.896462 0.00101348 10
0.930058 0.0666312 5
0.913813 0.0128885 7
0.989836 1 1
0.925831 0.0618376 5
0.912129 0.0124468 7
0.941095 0.148332 4
0.931729 0.128625 4
0.910799 0.0121207 7
0.96467 0.581967 2
0.943588 0.274937 3
0.885139 7.8302e-05 13
0.940615 0.14712 4
0.904997 0.00529387 8
0.917324 0.0273789 6
0.865545 7.3985e-08 21
0.938537 0.14215 4
0.878315 1.36052e-05 15
0.970249 0.614162 2
0.891441 0.000424131 11
0.890381 0.000413153 11
0.944358 0.277298 3
0.954591 0.316883 3
0.875624 5.70595e-06 16
0.987485 1 1
0.916241 0.026855 6
0.942592 0.50657 2
0.873362 0.00028933 11
0.942612 0.506614 2
0.837543 4.03757e-10 26
0.893392 0.00914905 7
0.837138 3.97861e-10 26
0.958036 0.552133 2
0.884873 0.00375922 8
0.964144 0.5793 2
0.864524 4.82531e-05 13
0.883429 0.00368609 8
0.83331 2.57317e-11 29
0.932017 0.246896 3
0.869785 0.000120816 12
0.887209 0.00388499 8
0.966345 0.590866 2
0.942522 0.152092 4
0.982827 0.721345 2
0.903993 0.00123543 10
0.931598 0.068612 5
0.902672 0.00119041 10
0.956777 0.327776 3
0.943959 0.156123 4
0.960344 0.347887 3
0.925248 0.0320787 6
0.910451 0.00598214 8
0.895007 0.000221907 12
0.955101 0.319337 3
0.919981 0.01483 7
0.955295 0.320283 3
0.961749 0.567837 2
0.944413 0.277467 3
0.956021 0.323894 3
0.915082 0.0263202 6
0.961585 0.567093 2
0.905156 0.00531169 8
0.94604 0.28271 3
0.925389 0.0613852 5
0.936039 0.136733 4
0.952602 0.307814 3
0.88252 7.29027e-05 13
0.890262 0.000411947 11
0.963867 0.577913 2
0.899724 0.00228467 9
0.971489 0.62239 2
0.960662 0.349837 3
0.920655 0.0150784 7
0.942792 0.152828 4
0.897011 0.000236153 12
0.983322 0.726834 2
0.883953 3.51497e-06 17
0.946597 0.164226 4
0.900965 0.000552001 11
0.928438 0.034507 6
0.944147 0.156669 4
0.861722 9.51241e-11 29
0.867704 3.25706e-09 25
0.97324 0.634756 2
0.876067 2.50079e-07 20
0.948682 0.171343 4
0.919355 0.0284303 6
0.949541 0.29525 3
0.915461 0.013354 7
0.944084 0.156485 4
0.948597 0.29169 3
0.924041 0.0600559 5
0.904252 0.00521225 8
0.91303 0.0126789 7
0.895196 0.000983263 10
0.996212 1 1
0.861619 1.24932e-08 23
0.901639 0.00238641 9
0.924607 0.0606049 5
0.889431 0.000189016 12
0.968997 0.606275 2
0.944705 0.278384 3
0.928883 0.124005 4
0.969408 0.608821 2
0.889121 0.000859494 10
0.902373 0.00501776 8
0.894665 0.00205344 9
0.94344 0.274494 3
0.950536 0.299159 3
0.961933 0.568678 2
0.898978 0.0047032 8
0.936725 0.138164 4
0.894281 0.0020378 9
0.93023 0.126126 4
0.93403 0.132772 4
0.930563 0.126668 4
0.881825 0.000746081 10
0.962116 0.56952 2
0.891335 0.00413272 8
0.981909 1 1
0.888701 0.00397055 8
0.989428 1 1
0.869407 5.33684e-05 13
0.935213 0.253442 3
0.871566 5.59276e-05 13
0.932185 0.247222 3
0.884028 0.00169659 9
0.962392 0.570804 2
0.879523 0.000716223 10
0.923453 0.116509 4
0.938796 0.261785 3
0.889106 0.0039945 8
0.968405 0.602689 2
0.897437 0.00967542 7
0.986123 1 1
0.897715 0.0206502 6
0.979756 1 1
0.876232 0.000305032 11
0.936117 0.255439 3
0.877207 0.000688486 10
0.94167 0.269372 3
0.883075 0.00167086 9
0.954037 0.537628 2
0.887436 0.00389769 8
0.921235 0.113868 4
0.947498 0.518271 2
0.99341 1 1
0.912139 0.0124494 7
0.975859 0.655039 2
0.877774 1.33873e-05 15
0.939024 0.143275 4
0.872915 2.37067e-06 17
0.98966 1 1
0.910994 0.0121675 7
0.971533 0.622687 2
0.910868 0.0121372 7
0.886701 0.000175842 12
0.863747 3.06922e-08 22
0.978552 0.678374 2
0.888965 0.000186647 12
0.931929 0.128969 4
0.894179 0.000960216 10
0.958081 0.334775 3
0.912111 0.0124424 7
0.933679 0.132115 4
0.879329 1.40298e-05 15
0.952933 0.309271 3
0.885588 7.92954e-05 13
0.977241 0.666686 2
0.895922 0.00100038 10
0.906965 0.00552289 8
0.931553 0.128323 4
0.96202 0.56908 2
0.886037 0.000172881 12
0.973164 0.634201 2
0.931988 0.129072 4
0.918315 0.014249 7
0.919525 0.0146663 7
0.906168 0.00266596 9
0.91439 0.00660035 8
0.966653 0.59257 2
0.89357 0.000212548 12
0.904042 0.00123716 10
0.887052 1.80799e-05 15
0.888969 4.11232e-05 14
0.968504 0.60328 2
0.839747 6.05722e-12 0
0.871694 9.45864e-08 21
0.929017 0.0349885 6
0.863079 1.16229e-09 26
0.943911 0.155984 4
0.887337 3.8979e-05 14
0.946652 0.164407 4
0.906454 0.0026857 9
0.923898 0.0311542 6
0.869814 3.94169e-08 22
0.944975 0.159131 4
0.879798 3.00356e-06 17
0.972541 0.629712 2
0.891849 9.56734e-05 13
0.896118 0.000229627 12
0.938727 0.142585 4
0.959591 0.34338 3
0.878387 1.30913e-06 18
0.981926 0.711622 2
0.92138 0.0153547 7
0.979285 1 1
0.934633 0.252194 3
0.973713 1 1
0.90089 0.0214364 6
0.951453 0.529394 2
0.894484 0.00928388 7
0.963998 0.578566 2
0.925899 0.119692 4
0.95466 0.539737 2
0.933884 0.250625 3
0.890394 0.00407304 8
0.882964 0.00166795 9
0.974382 1 1
0.901256 0.0215326 6
0.956689 0.546989 2
0.897791 0.00104712 10
0.911572 0.012308 7
0.921268 0.0295104 6
0.877436 6.04389e-06 16
0.860919 5.36521e-09 24
0.892546 0.000436168 11
0.897295 0.00103432 10
0.950188 0.297775 3
0.917672 0.0275524 6
0.868659 1.86205e-07 20
0.985685 1 1
0.903586 0.00249937 9
0.88426 3.5393e-05 14
0.958194 0.335397 3
0.899443 0.00109192 10
0.94875 0.521614 2
0.911273 0.104274 4
0.970044 1 1
0.872321 0.000636391 10
0.899513 0.0448746 5
0.876373 0.00151098 9
0.953273 0.535106 2
0.930632 0.244292 3
0.976888 1 1
0.887635 0.00851245 7
0.926302 0.236936 3
0.875508 0.00149264 9
0.933175 0.249179 3
0.915993 0.108411 4
0.917206 0.224582 3
0.940072 0.145778 4
0.884291 3.54262e-05 14
0.950465 0.298877 3
0.846808 8.45484e-12 0
0.888321 0.000183461 12
0.84943 9.62941e-12 0
0.952312 0.306553 3
0.901678 0.00238862 9
0.971802 0.624538 2
0.867244 7.89987e-08 21
0.905643 0.00536687 8
0.848213 9.06106e-12 0
0.926132 0.0621503 5
0.888888 0.000186264 12
0.893646 0.000448762 11
0.917661 0.110039 4
0.984923 1 1
0.931959 0.246785 3
0.945263 0.512679 2
0.907545 0.0484669 5
0.951579 0.529776 2
0.906679 0.0480328 5
0.973174 1 1
0.912303 0.0511023 5
0.933971 0.250804 3
0.916408 0.108807 4
0.944095 0.509935 2
0.911421 0.0505795 5
0.949123 0.52264 2
0.961928 0.568658 2
0.907708 0.0234535 6
0.975811 0.654654 2
0.923633 0.0596682 5
0.943533 0.274772 3
0.895982 0.00445945 8
0.955977 0.544376 2
0.897657 0.0045922 8
0.978435 1 1
0.905274 0.0109486 7
0.923754 0.0597825 5
0.922302 0.058449 5
0.953864 0.537049 2
0.900705 0.0048577 8
0.958943 0.555754 2
0.949868 0.296516 3
0.935279 0.0739395 5
0.907091 0.00273064 9
0.957176 0.329879 3
0.868309 1.66002e-08 23
0.887506 3.91928e-05 14
0.874821 5.21376e-07 19
0.93982 0.145164 4
0.931978 0.0691214 5
0.963598 0.369132 3
0.878895 1.33503e-06 18
0.937441 0.0775146 5
0.876627 5.59754e-07 19
0.919944 0.0148164 7
0.92138 0.0153547 7
0.909244 0.00289336 9
0.8883 0.000845051 10
0.969782 0.611176 2
0.899825 0.0100238 7
0.970303 0.614512 2
0.889709 0.00186923 9
0.986225 1 1
0.876508 6.26467e-05 13
0.947969 0.289397 3
0.880398 0.000150896 12
0.929399 0.124803 4
0.896298 0.00448387 8
0.968152 0.601183 2
0.88457 0.00078508 10
0.936067 0.255328 3
0.942577 0.27195 3
0.95986 0.559553 2
0.945526 0.281016 3
0.954404 0.538863 2
0.916672 0.0539631 5
0.961749 0.567837 2
0.906437 0.0111732 7
0.944178 0.27674 3
0.92553 0.119192 4
0.934314 0.133312 4
0.954454 0.539036 2
0.882012 0.000342018 11
0.891237 0.00192222 9
0.962189 0.569862 2
0.899825 0.00477765 8
0.973001 0.633017 2
0.896291 0.000230867 12
0.911851 0.00618866 8
0.91972 0.014736 7
0.878115 1.29557e-06 18
0.859992 1.96104e-10 28
0.893598 0.000212723 12
0.895576 0.000225806 12
0.950731 0.299943 3
0.915759 0.0134421 7
0.868452 1.67067e-08 23
0.987151 0.773534 2
0.905068 0.00259247 9
0.882874 7.26656e-06 16
0.959899 0.345207 3
0.899122 0.000522373 11
0.907343 0.0233321 6
0.950718 0.527196 2
0.905454 0.02273 6
0.95539 0.54228 2
0.935354 0.253749 3
0.932694 0.248219 3
0.892497 0.00420919 8
0.911904 0.0508637 5
0.884968 0.000791075 10
0.986673 1 1
0.859219 3.04948e-07 19
0.908607 0.0237597 6
0.911746 0.0507699 5
0.889858 0.00187425 9
0.961931 0.568669 2
0.953964 0.537381 2
0.897954 0.0207066 6
0.966184 1 1
0.86014 1.93696e-05 14
0.901531 0.0456931 5
0.86182 2.00674e-05 14
0.964264 0.579902 2
0.912784 0.105529 4
0.987323 1 1
0.881569 0.00359652 8
0.90879 0.0491145 5
0.859209 8.29817e-06 15
0.939056 0.499331 2
0.897378 0.0205717 6
0.908349 0.0488817 5
0.88965 0.000405878 11
0.921828 0.0580302 5
0.912275 0.0124838 7
0.891527 0.000904712 10
0.859498 1.14798e-08 23
0.909635 0.0118505 7
0.886405 0.000174514 12
0.961288 0.565756 2
0.904095 0.00519546 8
0.87467 5.53946e-06 16
0.975831 0.65481 2
0.923693 0.0597246 5
0.877559 1.33018e-05 15
0.979669 0.688857 2
0.904083 0.00519413 8
0.885502 7.99652e-06 16
0.934238 0.0723415 5
0.906386 0.001325 10
0.908679 0.002849 9
0.86256 2.23867e-10 28
0.929146 0.0350977 6
0.87974 1.37971e-06 18
0.968748 0.60476 2
0.894359 0.000103855 13
0.884565 7.72409e-06 16
0.953906 0.313673 3
0.94512 0.159574 4
0.875135 2.40486e-07 20
0.995329 1 1
0.911692 0.00310096 9
51 0 1 2 3 4 6 7 10 11 12 13 15 16 17 18 19 21 22 26 28 29 30 31 32 33 34 35 36 37 38 42 43 44 45 49 50 51 52 53 55 57 58 59 60 61 62 63 65 67 68 69 
43 0 1 2 3 4 6 7 10 12 15 16 17 18 19 21 22 26 29 31 32 34 35 36 37 38 42 43 44 45 49 53 55 57 58 59 60 61 62 63 65 67 68 69 
38 1 2 3 4 6 7 10 12 15 16 17 18 19 21 22 26 29 31 32 34 35 37 42 43 44 49 53 55 57 58 59 60 61 62 65 67 68 69 
60 0 1 2 3 4 6 7 8 9 10 11 12 13 15 16 17 18 19 21 22 23 24 26 27 28 29 30 31 32 33 34 35 36 37 38 40 42 43 44 45 46 47 49 50 51 52 53 55 56 57 58 60 61 62 63 64 65 67 68 69 
70 0 1 2 3 4 5 6 7 8 9 10 11 12 13 14 15 16 17 18 19 20 21 22 23 24 25 26 27 28 29 30 31 32 33 34 35 36 37 38 39 40 41 42 43 44 45 46 47 48 49 50 51 52 53 54 55 56 57 58 59 60 61 62 63 64 65 66 67 68 69 
43 1 2 3 4 6 7 10 11 12 15 16 17 18 19 21 22 26 29 31 32 33 34 35 36 37 42 43 44 45 49 52 53 55 57 58 60 61 62 63 65 67 68 69 
19 1 3 4 7 10 15 16 26 29 36 44 49 57 58 59 62 65 67 68 
28 1 3 4 6 7 10 12 15 16 18 19 26 29 31 32 37 43 44 49 55 57 58 59 62 65 67 68 69 
23 1 3 4 6 10 12 15 16 18 19 26 29 31 44 49 57 58 59 62 65 67 68 69 
65 0 1 2 3 4 5 6 7 8 9 10 11 12 13 14 15 16 17 18 19 21 22 23 24 26 27 28 29 30 31 32 33 34 35 36 37 38 40 41 42 43 44 45 46 48 49 50 51 52 53 55 56 57 58 59 60 61 62 63 64 65 66 67 68 69 
4 15 29 44 59 
53 1 2 3 4 6 7 8 9 10 11 12 15 16 17 18 19 21 22 23 24 26 27 28 29 31 32 33 34 35 36 37 40 42 43 44 45 46 47 49 52 53 55 56 57 58 60 61 62 64 65 67 68 69 
47 1 2 3 4 6 7 10 11 12 15 16 17 18 19 21 22 24 26 28 29 31 32 33 34 35 36 37 42 43 44 45 49 52 53 55 56 57 58 59 60 61 62 63 65 67 68 69 
18 1 3 4 10 15 16 19 26 29 44 57 58 59 62 65 67 68 69 
50 0 1 2 3 4 6 7 10 11 12 15 16 17 18 19 21 22 24 26 28 29 31 32 33 34 35 36 37 42 43 44 45 46 49 52 53 55 56 57 58 59 60 61 62 63 64 65 67 68 69 
