60 15 8e+06
1.91221 185422
1.50914 173343
1.67636 121676
2.51881 182264
2.71473 103403
1.88181 113965
2.68196 193759
2.71342 158255
1.45045 116655
2.23489 168485
2.87117 181977
2.56083 136711
2.70002 193167
1.05123 188890
1.31544 190335
1.46418 128270
1.37671 175087
2.50064 138756
1.70338 115918
2.55179 180124
1.74243 172369
1.40123 133305
1.15822 117483
1.5148 143667
1.30884 185824
1.04675 154203
2.57329 193987
2.75392 165125
1.24261 171913
2.19102 180111
1.31508 119867
2.96629 122754
1.86931 181149
1.57929 118217
1.7126 193086
1.12315 167487
2.34306 179726
2.50526 166692
1.09672 137936
2.68756 161915
1.09881 155046
1.1279 149183
1.21729 124869
1.9721 150164
2.18296 168075
2.6061 146287
2.89524 193303
1.54173 119706
1.62908 150823
2.85528 144815
2.9137 131023
2.0237 135513
1.2086 131804
2.4064 138516
1.47363 113049
2.85371 145515
1.56337 107576
1.11371 128214
2.68789 134409
2.55435 103064
0.913024 0.0515428 5
0.985957 1 1
0.88916 0.00185094 9
0.967869 0.599513 2
0.926534 0.120567 4
0.923158 0.116146 4
0.927205 0.121517 4
0.936433 0.256155 3
0.93371 0.250266 3
0.969863 0.611687 2
0.867377 1.0078e-05 15
0.9812 1 1
0.91207 0.0509627 5
0.890908 0.00191054 9
0.919769 0.112238 4
0.932985 0.0705152 5
0.956035 0.323965 3
0.916753 0.0137445 7
0.953856 0.313443 3
0.960585 0.349363 3
0.955273 0.320174 3
0.943555 0.154963 4
0.969335 0.608367 2
0.938473 0.0793516 5
0.946062 0.162504 4
0.896977 0.000235902 12
0.972153 0.626976 2
0.935652 0.0745314 5
0.916644 0.0137108 7
0.949648 0.174876 4
0.922705 0.0588113 5
0.975926 0.655596 2
0.892133 0.000431594 11
0.960765 0.563446 2
0.934062 0.132833 4
0.928115 0.0643176 5
0.92655 0.0625923 5
0.94485 0.278841 3
0.93001 0.12577 4
0.96049 0.562249 2
0.871554 2.26947e-06 17
0.978214 0.675293 2
0.913501 0.0256314 6
0.893108 0.000937023 10
0.928856 0.0651767 5
0.930772 0.127011 4
0.905 0.00529421 8
0.949664 0.295726 3
0.909499 0.0118198 7
0.981142 0.70347 2
0.978072 0.674017 2
0.934912 0.13447 4
0.96717 0.595482 2
0.915914 0.0267014 6
0.898811 0.00223912 9
0.941638 0.269281 3
0.922099 0.0582687 5
0.94723 0.286773 3
0.943604 0.274987 3
0.962942 0.573408 2
0.896795 0.00958672 7
0.979353 1 1
0.903692 0.0222055 6
0.994108 1 1
0.925234 0.118797 4
0.930925 0.244832 3
0.94917 0.52277 2
0.930828 0.244653 3
0.960405 0.561879 2
0.98255 1 1
0.878715 0.000706308 10
0.985107 1 1
0.929973 0.243097 3
0.907352 0.0483691 5
0.911343 0.0505342 5
0.921469 0.057719 5
0.977214 1 1
0.891807 0.00194284 9
0.961751 0.567846 2
0.933143 0.131127 4
0.927549 0.122013 4
0.926719 0.120826 4
0.94381 0.275611 3
0.930558 0.126658 4
0.961704 0.567633 2
0.871062 1.10852e-05 15
0.97886 1 1
0.91339 0.0255848 6
0.892884 0.00198301 9
0.92771 0.122248 4
0.903043 0.00120275 10
0.940171 0.146019 4
0.944215 0.156869 4
0.953709 0.312765 3
0.950057 0.29726 3
0.967228 0.595812 2
0.981648 0.708701 2
0.947608 0.167595 4
0.967394 0.596761 2
0.940598 0.147076 4
0.918024 0.0141524 7
0.957169 0.329842 3
0.970464 0.615557 2
0.947436 0.16701 4
0.928284 0.0343817 6
0.91092 0.0121496 7
0.907367 0.00557223 8
0.969884 0.61182 2
0.916603 0.0270274 6
0.96482 0.582742 2
0.986211 1 1
0.952975 0.309457 3
0.952823 0.308784 3
0.931493 0.0684726 5
0.904521 0.00524146 8
0.951959 0.30504 3
0.924949 0.0609427 5
0.969393 0.608728 2
0.96548 0.586194 2
0.942147 0.151082 4
0.908303 0.048858 5
0.856208 3.37462e-06 16
0.925636 0.235899 3
0.860034 8.45486e-06 15
0.931758 0.246399 3
0.927131 0.238258 3
0.889448 0.00870054 7
0.920834 0.113413 4
0.869427 0.000119987 12
0.849902 2.32662e-07 19
0.94275 0.506916 2
0.872141 0.000283096 11
0.906946 0.0481654 5
0.916507 0.108902 4
0.93067 0.244361 3
0.89247 0.00043532 11
0.874527 2.49961e-06 17
0.97143 0.621988 2
0.884068 7.60153e-05 13
0.938531 0.142137 4
0.951251 0.302072 3
0.924845 0.0608398 5
0.925189 0.0611832 5
0.903058 0.00508694 8
0.872196 1.04497e-06 18
0.984424 1 1
0.891469 0.000424428 11
0.946176 0.283167 3
0.9618 0.568071 2
0.922499 0.0586247 5
0.899308 0.00108813 10
0.927645 0.0637869 5
0.956828 0.328043 3
0.941458 0.149266 4
0.950115 0.297485 3
0.972255 0.627687 2
0.983005 0.723309 2
0.94443 0.1575 4
0.961499 0.355087 3
0.928415 0.0646624 5
0.929732 0.0662288 5
0.944516 0.157757 4
0.98317 0.725141 2
0.960216 0.347109 3
0.926888 0.062955 5
0.888613 0.00861255 7
0.883572 0.00369315 8
0.988589 1 1
0.895037 0.020048 6
0.93893 0.262121 3
0.957599 0.550431 2
0.939225 0.262865 3
0.926256 0.236864 3
0.917193 0.109573 4
0.882741 0.00365235 8
0.978168 1 1
0.900462 0.0213255 6
0.961485 0.566644 2
0.978762 1 1
0.919295 0.111728 4
0.914529 0.0260741 6
0.865279 1.64561e-07 20
0.932586 0.130124 4
0.869193 9.44284e-07 18
0.941486 0.149339 4
0.93686 0.138451 4
0.898281 0.00221354 9
0.930165 0.126021 4
0.878248 1.35781e-05 15
0.85896 4.94378e-09 24
0.946459 0.28412 3
0.881413 3.25263e-05 14
0.915397 0.0264628 6
0.923544 0.0595848 5
0.938943 0.143086 4
0.864152 0.00024767 11
0.89675 0.0438302 5
0.960566 1 1
0.914421 0.22145 3
0.915162 0.222258 3
0.939103 0.499423 2
0.963714 1 1
0.90715 0.101138 4
0.94875 0.521614 2
0.902156 0.0459567 5
0.934036 0.490452 2
0.910673 0.103792 4
0.972215 1 1
0.970196 1 1
0.892448 0.0195112 6
0.860527 8.5507e-06 15
0.894079 0.00923322 7
0.957782 0.55114 2
0.911989 0.0509143 5
0.911331 0.050527 5
0.935178 0.253366 3
0.960529 0.562414 2
0.903348 0.0464749 5
0.946853 0.51661 2
0.89988 0.0211773 6
0.932131 0.247116 3
0.907673 0.0485322 5
0.968136 0.601087 2
0.967402 0.596808 2
0.888716 0.0039714 8
0.906491 0.0054659 8
0.849873 9.84731e-12 0
0.917043 0.0138355 7
0.853043 1.15948e-11 0
0.925177 0.0320284 6
0.919082 0.0282835 6
0.881288 1.49121e-05 15
0.914988 0.0132168 7
0.861558 2.44028e-09 25
0.843192 7.10737e-12 0
0.934944 0.134534 4
0.8655 3.29171e-08 22
0.898468 0.00106506 10
0.907982 0.00564931 8
0.926403 0.0624356 5
0.906634 0.0480108 5
0.879007 0.000709861 10
0.960284 0.561358 2
0.886283 0.00383396 8
0.949838 0.52465 2
0.956404 0.545934 2
0.921911 0.11465 4
0.936375 0.256023 3
0.900589 0.0213582 6
0.874908 0.000297597 11
0.968539 1 1
0.895995 0.0202575 6
0.94116 0.50353 2
0.951005 0.528049 2
0.936457 0.25621 3
0.920437 0.0568491 5
0.860975 1.41815e-07 20
0.91916 0.0558214 5
0.863055 3.44059e-07 19
0.937292 0.258141 3
0.928005 0.122682 4
0.888241 0.000844034 10
0.927842 0.122441 4
0.86908 4.69976e-06 16
0.853521 3.98179e-09 24
0.932259 0.129546 4
0.876466 6.25846e-05 13
0.90393 0.0107017 7
0.910381 0.0243963 6
0.940483 0.266133 3
0.905567 0.00535818 8
0.918766 0.0281159 6
0.965683 0.587278 2
0.930202 0.12608 4
0.958994 0.555963 2
0.983853 1 1
0.969076 0.60676 2
0.950348 0.298407 3
0.947397 0.287359 3
0.91758 0.0275062 6
0.940939 0.26736 3
0.93627 0.13721 4
0.981447 0.706606 2
0.965978 0.588863 2
0.935158 0.134954 4
0.947873 0.28905 3
0.948672 0.291966 3
0.888441 0.000847501 10
0.935072 0.253136 3
0.942364 0.271338 3
0.927552 0.122017 4
0.912088 0.0250528 6
0.955791 0.543708 2
0.909967 0.0242436 6
0.933604 0.131975 4
0.872364 2.55436e-05 14
0.95397 0.537403 2
0.904534 0.010811 7
0.88728 0.000827781 10
0.946299 0.283577 3
0.850968 1.56493e-09 25
0.863208 3.45768e-07 19
0.962358 0.570645 2
0.878707 6.60957e-05 13
0.900765 0.00486331 8
0.922345 0.0584874 5
0.927273 0.121615 4
0.889662 0.000869279 10
0.909822 0.024191 6
0.8666 1.95113e-06 17
0.955231 0.541721 2
0.878139 6.51733e-05 13
0.945197 0.279951 3
0.965762 0.587702 2
0.880384 0.000150848 12
0.939164 0.262711 3
0.941995 0.270287 3
0.925776 0.0617811 5
0.941904 0.270028 3
0.975037 0.648433 2
0.966424 0.591302 2
0.943556 0.274843 3
0.982357 1 1
0.9335 0.131782 4
0.933006 0.130878 4
0.908067 0.011507 7
0.958591 0.554333 2
0.940842 0.267097 3
0.92434 0.0603442 5
0.961323 0.565915 2
0.907119 0.00273267 9
0.967336 0.596427 2
0.917935 0.0141231 7
0.977416 0.668207 2
0.940996 0.14808 4
0.947495 0.16721 4
0.959761 0.344388 3
0.945354 0.16029 4
0.962785 0.363546 3
0.96546 0.586086 2
0.893403 0.000211504 12
0.984484 0.740217 2
0.943308 0.154266 4
0.920798 0.0292363 6
0.925135 0.031999 6
0.926659 0.237501 3
0.853893 1.70776e-05 14
0.899571 0.0448974 5
0.853429 1.69239e-05 14
0.927484 0.238833 3
0.913326 0.105994 4
0.873144 0.00144478 9
0.921106 0.229437 3
0.855355 1.75755e-05 14
0.844992 4.7735e-07 18
0.911386 0.104365 4
0.868208 0.000598089 10
0.886855 0.0184804 6
0.891186 0.0192644 6
0.937988 0.497315 2
0.923637 0.116739 4
0.856039 2.77137e-07 19
0.907186 0.0232805 6
0.856636 6.46815e-07 18
0.931051 0.245066 3
0.918782 0.111188 4
0.878701 0.000319863 11
0.92337 0.116406 4
0.860308 1.63496e-06 17
0.847731 7.46287e-09 23
0.919817 0.11229 4
0.870866 5.50751e-05 13
0.893291 0.00426335 8
0.898616 0.00984363 7
0.93872 0.261595 3
0.934027 0.250922 3
0.875185 0.000134634 12
0.923751 0.116881 4
0.87648 0.000138373 12
0.952465 0.532521 2
0.940019 0.264908 3
0.898737 0.00986123 7
0.943551 0.274827 3
0.880252 0.000329895 11
0.867152 1.00211e-05 15
0.930947 0.127302 4
0.890674 0.00190234 9
0.912642 0.0513082 5
0.915559 0.0531889 5
0.956495 0.546271 2
0.909295 0.10272 4
0.971156 1 1
0.914295 0.106847 4
0.978122 1 1
0.940557 0.502295 2
0.945146 0.512398 2
0.955116 0.541317 2
0.945972 0.514402 2
0.958585 0.554311 2
0.967426 1 1
0.890279 0.00879029 7
0.989096 1 1
0.939135 0.499483 2
0.916881 0.109265 4
0.925962 0.236404 3
0.890096 0.00405457 8
0.861775 3.86768e-06 16
0.954651 0.539709 2
0.870033 5.40895e-05 13
0.930113 0.24335 3
0.937944 0.259696 3
0.908718 0.0490762 5
0.916962 0.109345 4
0.887327 0.00179249 9
0.858562 1.56067e-06 17
0.978013 1 1
0.878482 0.000318495 11
0.929491 0.242242 3
0.945314 0.512801 2
0.91828 0.110667 4
0.920249 0.112762 4
0.966283 0.590525 2
0.915509 0.0531546 5
0.967265 0.596024 2
0.949782 0.524489 2
0.950361 0.526154 2
0.950288 0.525941 2
0.956585 0.5466 2
0.949333 0.523224 2
0.958457 0.553799 2
0.89323 0.00425919 8
0.984474 1 1
0.937944 0.259695 3
0.916876 0.109261 4
0.93665 0.256651 3
0.939562 0.263724 3
0.873587 1.18712e-05 15
0.915453 0.0264888 6
0.873557 1.18616e-05 15
0.949402 0.294718 3
0.93415 0.133 4
0.892872 0.00198257 9
0.942369 0.271353 3
0.875153 2.74107e-05 14
0.864789 8.20626e-07 18
0.922179 0.0583394 5
0.888493 0.000848406 10
0.905669 0.0110237 7
0.907488 0.011386 7
0.958096 0.552367 2
0.928365 0.2403 3
0.85697 7.89427e-06 15
0.902952 0.0463003 5
0.856699 7.84741e-06 15
0.93108 0.24512 3
0.91703 0.109411 4
0.876687 0.00151774 9
0.92445 0.234113 3
0.858814 1.88452e-05 14
0.848154 5.16695e-07 18
0.914271 0.106825 4
0.871434 0.00062774 10
0.890416 0.00880536 7
0.894578 0.0199497 6
0.94105 0.503302 2
0.916088 0.108501 4
0.884277 0.00170344 9
0.954551 0.539364 2
0.89023 0.00406283 8
0.958291 0.553135 2
0.960674 0.563046 2
0.922354 0.115174 4
0.944916 0.511851 2
0.901617 0.0216287 6
0.879195 0.000712166 10
0.958709 0.554809 2
0.901213 0.0215213 6
0.939825 0.264404 3
0.945883 0.514185 2
0.94612 0.514769 2
0.97731 0.667284 2
0.920925 0.0293095 6
0.896248 0.000481301 11
0.912299 0.00625769 8
0.957481 0.331504 3
0.93479 0.0731798 5
0.905237 0.00260353 9
0.969413 0.608852 2
0.896484 0.000484458 11
0.907677 0.00561079 8
0.886174 3.75578e-05 14
0.931174 0.0680526 5
0.904866 0.00257942 9
0.892632 0.000206789 12
0.973608 0.637473 2
0.908215 0.0236249 6
0.856948 6.52438e-07 18
0.926943 0.121142 4
0.860906 1.66163e-06 17
0.932471 0.24778 3
0.928177 0.122938 4
0.89058 0.00408468 8
0.921418 0.114078 4
0.870502 5.46407e-05 13
0.850723 1.91578e-08 22
0.944022 0.276259 3
0.87293 0.00012854 12
0.908161 0.0236065 6
0.917799 0.110178 4
0.930952 0.244881 3
0.905761 0.00263831 9
0.930301 0.0669352 5
0.954454 0.316236 3
0.942458 0.151918 4
0.95655 0.326598 3
0.977513 0.669055 2
0.977291 0.667114 2
0.951202 0.301866 3
0.957799 0.33323 3
0.929628 0.0661017 5
0.928857 0.0348547 6
0.947768 0.168143 4
0.977674 0.670475 2
0.956493 0.326305 3
0.933336 0.071017 5
0.962967 0.364779 3
0.874951 1.08814e-07 21
0.88976 1.99406e-05 15
0.870058 1.79674e-08 23
0.938757 0.079874 5
0.916878 0.00705675 8
0.877782 5.86441e-07 19
0.939182 0.0806668 5
0.863455 2.34703e-10 28
0.863604 2.36576e-10 28
0.892258 4.60504e-05 14
0.887147 1.81402e-05 15
0.885917 8.12161e-06 16
0.882967 3.38265e-06 17
0.959844 0.344878 3
0.951842 0.304542 3
0.94019 0.146066 4
0.879905 1.42805e-05 15
0.925291 0.061286 5
0.935592 0.135822 4
0.918868 0.0281696 6
0.901714 0.0023906 9
0.949124 0.293663 3
0.899556 0.00227613 9
0.92487 0.0608638 5
0.865189 7.29887e-08 21
0.943622 0.155155 4
0.894816 0.000974526 10
0.878337 6.22374e-06 16
0.943464 0.154705 4
0.944668 0.511267 2
0.947192 0.517479 2
0.880016 0.0035254 8
0.931392 0.245706 3
0.933534 0.249906 3
0.918704 0.226377 3
0.904727 0.0470993 5
0.946914 0.516765 2
0.903985 0.0467597 5
0.931646 0.246186 3
0.864026 0.0001086 12
0.94934 0.523243 2
0.896398 0.0203477 6
0.878985 0.00347994 8
0.93887 0.498974 2
0.90821 0.0488093 5
0.850717 1.02686e-07 20
0.916499 0.108894 4
0.853671 2.58693e-07 19
0.92614 0.120022 4
0.919494 0.111941 4
0.881398 0.000740362 10
0.916117 0.108529 4
0.861763 3.86656e-06 16
0.843892 2.80143e-09 24
0.933844 0.250542 3
0.866295 2.21342e-05 14
0.898361 0.0098065 7
0.907467 0.0484274 5
0.927849 0.239436 3
0.887614 0.0186112 6
0.882166 0.00800212 7
0.987894 1 1
0.893651 0.0197554 6
0.937676 0.496739 2
0.95612 0.544894 2
0.937932 0.49721 2
0.924969 0.234886 3
0.915954 0.223142 3
0.881367 0.00793389 7
0.979653 1 1
0.899026 0.0446841 5
0.960207 1 1
0.978144 1 1
0.91824 0.225812 3
0.905429 0.0474278 5
0.954961 0.540776 2
0.929674 0.242566 3
0.967731 0.598712 2
0.945886 0.514191 2
0.956915 0.547831 2
0.971261 1 1
0.947348 0.51788 2
0.968407 0.6027 2
0.954751 0.540053 2
0.904342 0.0223951 6
0.971966 1 1
0.955608 0.543055 2
0.932772 0.248373 3
0.927022 0.238083 3
0.957896 0.333757 3
0.897695 0.000501243 11
0.919363 0.0146089 7
0.896176 0.000480348 11
0.971739 0.624103 2
0.949779 0.296172 3
0.909036 0.00287689 9
0.968173 0.601307 2
0.893348 0.00021116 12
0.887924 3.97288e-05 14
0.916804 0.0137604 7
0.9124 0.00627349 8
0.917605 0.0140152 7
0.913075 0.00638087 8
0.985027 0.746689 2
0.953323 0.535268 2
0.877138 0.000310323 11
0.904723 0.0225083 6
0.874758 0.000133442 12
0.948552 0.521074 2
0.92892 0.12406 4
0.888223 0.00182054 9
0.945252 0.280128 3
0.872158 5.66671e-05 13
0.867027 9.98973e-06 15
0.908551 0.0237403 6
0.890937 0.00410721 8
0.898501 0.00982691 7
0.897428 0.00967412 7
0.964578 0.581495 2
0.881598 6.94772e-06 16
0.949292 0.2943 3
0.921199 0.0294696 6
0.970044 0.612844 2
0.92168 0.0297551 6
0.936537 0.137767 4
0.972182 0.627178 2
0.922176 0.0300562 6
0.990944 1 1
0.9579 0.333781 3
0.893723 0.000213514 12
0.958813 0.338876 3
0.949545 0.295267 3
0.927052 0.0631336 5
0.902445 0.00118298 10
0.891637 0.0193514 6
0.935841 0.493475 2
0.944543 0.510973 2
0.952562 0.532825 2
0.938826 0.49889 2
0.958172 0.552668 2
0.993362 1 1
0.935723 0.493271 2
0.976832 1 1
0.939314 0.49983 2
0.916697 0.109087 4
0.951021 0.528094 2
0.973374 1 1
0.949715 0.5243 2
0.916853 0.109238 4
0.910298 0.00297965 9
0.922995 0.0160069 7
0.960304 0.347642 3
0.933456 0.0711893 5
0.963476 0.368284 3
0.987323 0.775818 2
0.967952 0.600001 2
0.955595 0.321759 3
0.947554 0.16741 4
0.921 0.0152087 7
0.936794 0.0764065 5
0.940734 0.147416 4
0.976388 0.659422 2
0.9602 0.347017 3
0.939562 0.0813892 5
0.883149 0.000764406 10
0.941832 0.269826 3
0.931108 0.245172 3
0.961415 0.566329 2
0.926619 0.120686 4
0.94381 0.275611 3
0.982687 1 1
0.92545 0.119085 4
0.992047 1 1
0.948686 0.521438 2
0.903222 0.022071 6
0.953824 0.536916 2
0.95975 0.559091 2
0.937157 0.257824 3
0.906026 0.0229078 6
0.914349 0.00659335 8
0.870542 1.83723e-08 23
0.940271 0.0827733 5
0.875207 1.10057e-07 21
0.946378 0.163517 4
0.943901 0.155956 4
0.905626 0.00129533 10
0.934281 0.0724058 5
0.88529 7.93352e-06 16
0.864681 5.61094e-10 27
0.952578 0.186593 4
0.886961 8.4501e-06 16
0.923088 0.0160461 7
0.931207 0.0369365 6
0.940866 0.0839727 5
0.979963 0.691701 2
0.895635 0.000473264 11
0.897664 0.000500808 11
0.889886 8.99794e-05 13
0.954678 0.317299 3
0.930593 0.0673035 5
0.893365 0.000211267 12
0.958722 0.338361 3
0.880563 6.7046e-06 16
0.883753 1.61517e-05 15
0.894581 0.000219057 12
0.907664 0.00277226 9
0.89869 0.000515814 11
0.891988 0.000202991 12
0.978843 0.681057 2
0.93394 0.132603 4
0.958067 0.334696 3
0.880286 1.44503e-05 15
0.940828 0.147655 4
0.92986 0.0663863 5
0.918116 0.0277779 6
0.909309 0.00582346 8
0.942645 0.152427 4
0.910868 0.0121372 7
0.942227 0.151295 4
0.862466 5.7321e-09 24
0.957787 0.333164 3
0.8988 0.00107407 10
0.880086 1.43606e-05 15
0.931598 0.0686117 5
0.92174 0.230285 3
0.870088 0.000273152 11
0.931089 0.245137 3
0.873208 0.000645267 10
0.947131 0.51732 2
0.940033 0.501243 2
0.900133 0.0212414 6
0.936316 0.255888 3
0.880536 0.00160626 9
0.863219 4.70223e-05 13
0.94199 0.505273 2
0.886096 0.00382389 8
0.91619 0.108598 4
0.92232 0.231075 3
0.946079 0.514667 2
0.950008 0.297065 3
0.89429 0.000962676 10
0.925116 0.0611099 5
0.894177 0.00096017 10
0.971533 0.622687 2
0.952579 0.307713 3
0.910815 0.0121246 7
0.96464 0.581816 2
0.89398 0.000955836 10
0.885319 0.000169774 12
0.924028 0.0600438 5
0.909598 0.0118421 7
0.92112 0.0574209 5
0.918345 0.0278957 6
0.977835 0.6719 2
0.906132 0.00266344 9
0.892825 0.000207952 12
0.973724 0.638343 2
0.901763 0.00116113 10
0.956602 0.326866 3
0.971439 0.622047 2
0.9398 0.145118 4
0.943289 0.154212 4
0.917993 0.014142 7
0.88986 8.99079e-05 13
0.965718 0.587465 2
0.910139 0.00593793 8
0.959253 0.341406 3
0.965616 0.586921 2
0.93739 0.139591 4
0.906605 0.00269621 9
0.934414 0.0726061 5
0.950273 0.298109 3
0.946521 0.16398 4
0.956093 0.324258 3
0.975127 0.649149 2
0.977793 0.671529 2
0.951949 0.304994 3
0.960111 0.346479 3
0.933676 0.07151 5
0.924796 0.0317623 6
0.951925 0.304895 3
0.974209 0.642003 2
0.952485 0.307303 3
0.93337 0.0710653 5
0.991633 1 1
0.907558 0.00276447 9
0.889987 4.2556e-05 14
0.898909 0.000519117 11
0.950465 0.177989 4
0.926539 0.0330179 6
0.894119 0.000103026 13
0.959784 0.344524 3
0.884286 7.64543e-06 16
0.894371 0.000103899 13
0.883009 3.3882e-06 17
0.917493 0.0139788 7
0.895658 0.000226376 12
0.885522 8.00244e-06 16
0.972271 0.627804 2
0.912495 0.0512183 5
0.929257 0.124582 4
0.953985 0.537453 2
0.939365 0.263219 3
0.964212 0.579638 2
0.984587 1 1
0.969509 0.609451 2
0.95826 0.553016 2
0.950889 0.527704 2
0.92696 0.121167 4
0.930468 0.126511 4
0.947138 0.286451 3
0.97274 0.631134 2
0.954405 0.538869 2
0.940704 0.266725 3
0.879409 0.00157923 9
0.945661 0.51364 2
0.92286 0.231825 3
0.966388 1 1
0.920479 0.113016 4
0.936269 0.255783 3
0.973959 1 1
0.920413 0.112943 4
0.99473 1 1
0.954453 0.53903 2
0.895172 0.0200771 6
0.95527 0.541858 2
0.951227 0.528712 2
0.929023 0.241426 3
0.900811 0.0453953 5
0.937049 0.0768392 5
0.86583 6.65289e-09 24
0.907104 0.0027316 9
0.865189 6.46328e-09 24
0.940126 0.145908 4
0.92457 0.0316069 6
0.883716 1.61321e-05 15
0.933971 0.071943 5
0.866208 6.76832e-09 24
0.85674 3.21847e-11 30
0.915664 0.0134139 7
0.880297 3.0589e-06 17
0.896544 0.000485272 11
0.899018 0.000520781 11
0.950976 0.300938 3
0.875021 2.73167e-05 14
0.921476 0.057725 5
0.946062 0.282783 3
0.940266 0.265558 3
0.923383 0.0594344 5
0.945195 0.279943 3
0.986486 1 1
0.918717 0.0554773 5
0.975621 0.653105 2
0.92781 0.122395 4
0.91741 0.0544954 5
0.934565 0.133795 4
0.972961 0.632724 2
0.953801 0.536839 2
0.900982 0.0102042 7
0.933067 0.248962 3
0.956974 0.548054 2
0.915473 0.0531305 5
0.95423 0.538276 2
0.959501 0.558052 2
0.953925 0.537253 2
0.942629 0.272101 3
0.968543 0.603517 2
0.937976 0.259772 3
0.946711 0.284978 3
0.895712 0.00443887 8
0.972801 0.631575 2
0.934462 0.251832 3
0.915397 0.0530786 5
0.949088 0.522544 2
36 3 7 8 9 10 11 12 13 14 15 16 17 18 20 23 24 25 27 29 30 31 33 34 35 38 39 41 42 45 47 48 50 51 52 55 57 
57 0 1 2 3 4 5 6 7 8 9 10 11 12 13 14 16 17 18 19 20 21 22 23 24 25 26 27 28 29 30 31 32 33 34 35 36 37 38 39 40 41 42 44 45 46 47 48 49 50 51 52 53 54 55 57 58 59 
17 8 9 11 12 15 16 17 20 23 24 27 30 33 38 39 47 50 
58 1 2 3 4 5 6 7 8 9 10 11 12 13 14 16 17 18 19 20 21 22 23 24 25 26 27 28 29 30 31 32 33 34 35 36 37 38 39 40 41 42 43 44 45 46 47 48 49 50 51 52 53 54 55 56 57 58 59 
36 3 7 8 9 10 11 12 13 14 15 16 17 18 20 23 24 25 27 29 30 31 33 34 35 38 39 41 42 45 47 50 51 52 55 57 58 
31 3 7 8 9 11 12 13 14 15 16 17 20 23 24 25 27 29 30 31 33 35 38 39 41 42 47 48 50 51 52 57 
53 0 1 2 3 5 6 7 8 9 10 11 12 15 16 17 18 19 20 21 22 23 24 25 26 27 28 29 30 31 32 33 34 35 36 37 38 39 40 41 42 44 45 47 48 49 50 51 52 53 54 55 57 59 
38 3 7 8 9 10 11 12 13 14 15 16 17 18 20 23 24 25 27 29 30 31 33 34 35 38 39 41 42 45 47 48 50 51 52 53 55 57 58 
42 3 6 7 8 9 10 11 12 13 14 15 16 17 18 20 21 23 24 25 27 29 30 31 33 34 35 38 39 41 42 44 45 46 47 48 50 51 52 53 55 57 58 
59 0 1 2 3 4 5 6 7 8 9 10 11 12 13 14 16 17 18 19 20 21 22 23 24 25 26 27 28 29 30 31 32 33 34 35 36 37 38 39 40 41 42 43 44 45 46 47 48 49 50 51 52 53 54 55 56 57 58 59 
0 
56 1 3 6 7 8 9 10 11 12 13 14 15 16 17 18 19 20 21 22 23 24 25 26 27 28 29 30 31 32 33 34 35 36 37 38 39 40 41 42 43 44 45 46 47 48 49 50 51 52 53 54 55 56 57 58 59 
34 3 7 8 9 11 12 15 16 17 18 20 23 24 25 27 29 30 31 32 33 35 38 39 41 42 45 47 48 50 51 52 54 55 57 
21 8 9 11 12 15 16 17 20 23 24 25 27 29 30 31 33 38 39 47 50 57 
31 3 7 8 9 11 12 13 14 15 16 17 20 23 24 25 27 29 30 31 33 35 38 39 41 42 47 48 50 51 52 57 
