80 15 6e+06
2.9651 157766
1.85813 150004
5.42296 115635
2.63647 184335
4.10234 130827
2.30579 160606
2.70067 156422
4.15616 149351
1.70694 111847
4.16261 166919
1.30626 171855
1.06398 100199
1.91956 179598
1.90117 117109
5.97374 156573
1.44889 179977
5.32556 140879
4.40158 133969
1.2457 174964
2.00532 133310
1.74704 148445
8.56937 119442
2.53008 174857
1.2121 161064
5.4721 172399
1.24487 111952
1.4905 189105
10.8173 163423
1.68265 196421
5.64918 173208
1.70088 111053
1.55322 178391
2.23184 108753
3.54847 160026
1.00718 171448
2.62871 115031
2.38542 119274
2.71192 147378
1.49296 159030
2.28895 137175
5.12942 133500
2.75209 165523
6.98387 133852
3.25715 142003
4.23857 168629
2.30033 188515
1.99665 149927
3.01744 174706
1.46784 181710
2.29641 140156
4.6693 168903
2.37785 137748
5.25069 128054
1.38635 148686
2.17629 146535
3.94963 122150
1.25584 149655
2.67807 195976
3.10254 123518
5.22027 107088
1.24751 165353
3.89114 107063
1.58069 137794
2.62113 180390
1.70819 162694
1.87171 101801
1.24998 171282
2.07139 180195
2.21399 169965
1.48747 102322
2.53635 198356
2.52313 174685
1.3201 170696
1.2579 105652
1.21573 167210
2.33549 157919
1.61797 195648
1.97594 186692
4.57301 107977
4.13499 179738
0.977988 0.673267 2
0.920939 0.0572677 5
0.88227 0.000157615 12
0.852468 1.66076e-09 25
0.948342 0.290753 3
0.954574 0.539443 2
0.914396 0.0260158 6
0.885018 0.000364762 11
0.897047 0.00454282 8
0.891774 0.000909617 10
0.868272 2.05059e-06 17
0.90169 0.00495086 8
0.936363 0.137402 4
0.902265 0.00500713 8
0.894793 0.0020587 9
0.896207 0.0203047 6
0.950734 0.527246 2
0.955987 0.544413 2
0.959513 0.558098 2
0.927704 0.239195 3
0.927001 0.238048 3
0.924237 0.233799 3
0.893434 0.00915407 7
0.981835 1 1
0.985545 1 1
0.95941 0.557673 2
0.89102 0.00887237 7
0.924684 0.23446 3
0.893849 0.00920483 7
0.986814 1 1
0.957728 0.332843 3
0.907318 0.00274702 9
0.880717 3.10673e-06 17
0.846952 8.51448e-12 0
0.933028 0.070577 5
0.942127 0.151027 4
0.896986 0.000491298 11
0.894476 0.00021837 12
0.890628 9.20658e-05 13
0.881883 7.01711e-06 16
0.865357 6.51214e-09 24
0.912886 0.0063504 8
0.938276 0.141557 4
0.912934 0.00635824 8
0.885423 1.70856e-05 15
0.982688 1 1
0.92153 0.114207 4
0.877591 0.000313036 11
0.849763 1.85558e-08 22
0.949215 0.522895 2
0.953056 0.534402 2
0.918303 0.11069 4
0.877266 0.000311084 11
0.894143 0.00924126 7
0.890697 0.00409206 8
0.864288 9.34047e-06 15
0.893491 0.00427728 8
0.929594 0.242425 3
0.894139 0.00924069 7
0.893384 0.00426981 8
0.925071 0.118581 4
0.881671 0.000744006 10
0.87132 0.00012448 12
0.833449 4.57604e-12 0
0.904569 0.0224624 6
0.915293 0.107755 4
0.868 5.18045e-05 13
0.902713 0.021928 6
0.874012 0.000292753 11
0.861423 3.83346e-06 16
0.854798 6.15021e-07 18
0.922807 0.115717 4
0.927477 0.238822 3
0.92172 0.114427 4
0.865434 2.17106e-05 14
0.893323 0.00914062 7
0.933752 0.250353 3
0.987398 1 1
0.955176 0.541528 2
0.919866 0.112343 4
0.924536 0.234239 3
0.903541 0.0465607 5
0.921979 0.11473 4
0.978989 1 1
0.956394 0.545896 2
0.978128 1 1
0.91674 0.109128 4
0.940292 0.501759 2
0.919701 0.112164 4
0.960608 0.56276 2
0.87416 5.45354e-06 16
0.909205 0.0117539 7
0.985313 1 1
0.950846 0.300409 3
0.897626 0.00218266 9
0.903783 0.00516223 8
0.879641 3.09282e-05 14
0.932045 0.129172 4
0.953103 0.310027 3
0.93228 0.129582 4
0.979579 0.687999 2
0.920785 0.057138 5
0.928281 0.0645082 5
0.92362 0.0596564 5
0.93593 0.136509 4
0.888241 4.01437e-05 14
0.909623 0.00586632 8
0.969858 0.611654 2
0.924109 0.0312954 6
0.905957 0.00265152 9
0.915191 0.0132753 7
0.879658 2.9882e-06 17
0.958815 0.338887 3
0.945221 0.15988 4
0.921759 0.0298026 6
0.952548 0.307576 3
0.949686 0.295812 3
0.949662 0.295716 3
0.95265 0.308022 3
0.926457 0.0329563 6
0.975385 1 1
0.952546 0.532777 2
0.908551 0.0489879 5
0.881569 0.00163191 9
0.979008 1 1
0.98844 1 1
0.938699 0.261543 3
0.895595 0.00942642 7
0.927561 0.238959 3
0.923406 0.116451 4
0.895792 0.00945224 7
0.908362 0.0488888 5
0.954443 0.538997 2
0.909878 0.0497038 5
0.926468 0.237197 3
0.965121 0.380159 3
0.934132 0.0721823 5
0.907695 0.0027746 9
0.874535 2.34585e-07 20
0.957421 0.331185 3
0.969629 0.610208 2
0.917614 0.0140181 7
0.908887 0.00286521 9
0.919812 0.0147689 7
0.910456 0.00299291 9
0.8926 9.80098e-05 13
0.924304 0.0314264 6
0.964165 0.373154 3
0.92538 0.0321717 6
0.914254 0.00657713 8
0.952395 0.306911 3
0.97607 0.656779 2
0.926028 0.0620417 5
0.904108 0.0051968 8
0.983532 1 1
0.984626 1 1
0.951197 0.301847 3
0.896933 0.00215097 9
0.950419 0.298693 3
0.948745 0.292238 3
0.915652 0.0265798 6
0.905301 0.0109537 7
0.953763 0.313016 3
0.907444 0.0113768 7
0.951722 0.304034 3
0.911319 0.0247515 6
0.956438 0.546058 2
0.96461 0.581662 2
0.94419 0.276775 3
0.940672 0.266639 3
0.94344 0.274495 3
0.925332 0.0613274 5
0.910892 0.0245882 6
0.99351 1 1
0.972869 0.632063 2
0.957442 0.549829 2
0.910653 0.0244979 6
0.946805 0.2853 3
0.913484 0.0256242 6
0.978154 0.674757 2
0.890188 0.0018855 9
0.942758 0.272478 3
0.961667 0.567467 2
0.967124 0.595222 2
0.920918 0.113508 4
0.921169 0.113793 4
0.916031 0.0535131 5
0.896493 0.00449904 8
0.980283 1 1
0.976796 1 1
0.96748 0.597255 2
0.892596 0.00421587 8
0.922972 0.115918 4
0.895463 0.00442005 8
0.978239 1 1
0.89088 0.00885675 7
0.919147 0.111572 4
0.983583 1 1
0.9366 0.256536 3
0.912044 0.050947 5
0.919897 0.112376 4
0.888734 0.00397249 8
0.944952 0.511937 2
0.958211 0.552823 2
0.93456 0.25204 3
0.964937 0.583345 2
0.937566 0.258789 3
0.948532 0.521021 2
0.940567 0.266359 3
0.939175 0.262738 3
0.895445 0.000107745 13
0.923911 0.0164003 7
0.983028 0.723563 2
0.93638 0.0757146 5
0.916962 0.00707315 8
0.924779 0.01679 7
0.893342 0.00010041 13
0.942996 0.153394 4
0.962082 0.358861 3
0.938213 0.0788796 5
0.963898 0.37125 3
0.93731 0.0772871 5
0.952415 0.185899 4
0.940334 0.0828991 5
0.942966 0.15331 4
0.983213 1 1
0.942255 0.505841 2
0.899696 0.0449465 5
0.871679 0.00141666 9
0.969721 1 1
0.977059 1 1
0.931803 0.486951 2
0.892364 0.0194945 6
0.917226 0.224606 3
0.912767 0.105514 4
0.886449 0.0184116 6
0.90666 0.100792 4
0.949495 0.523679 2
0.907866 0.101655 4
0.915787 0.222954 3
0.945518 0.28099 3
0.893269 0.000444376 11
0.868678 1.86336e-07 20
0.834378 4.76523e-12 0
0.918865 0.0281682 6
0.927467 0.0635892 5
0.884222 3.53522e-05 14
0.887876 8.47041e-05 13
0.87716 5.99044e-06 16
0.868139 1.82622e-07 20
0.853166 2.67586e-11 30
0.90701 0.00552834 8
0.925911 0.06192 5
0.906618 0.00548098 8
0.871659 4.627e-07 19
0.906394 0.00268151 9
0.91484 0.0131746 7
0.950801 0.300227 3
0.905764 0.00263854 9
0.918474 0.027963 6
0.929869 0.066398 5
0.886248 3.76457e-05 14
0.963431 0.575769 2
0.938555 0.142191 4
0.916608 0.0136995 7
0.932326 0.0695966 5
0.96658 0.592165 2
0.97089 0.618364 2
0.969611 0.610093 2
0.921619 0.0297183 6
0.937265 0.49599 2
0.922176 0.230878 3
0.921932 0.230545 3
0.882319 0.00801542 7
0.937723 0.496825 2
0.951077 0.528264 2
0.89924 0.0447673 5
0.935738 0.493297 2
0.924368 0.233992 3
0.908587 0.102186 4
0.90471 0.0470914 5
0.951741 0.530272 2
0.981806 1 1
0.952921 0.533968 2
0.913195 0.10588 4
0.926761 0.0331851 6
0.90714 0.00273412 9
0.913214 0.00640337 8
0.872012 9.586e-08 21
0.923138 0.0306592 6
0.93626 0.0755174 5
0.884949 1.68124e-05 15
0.941099 0.148342 4
0.911556 0.00614407 8
0.894759 0.000220242 12
0.89563 0.000226176 12
0.960259 0.347369 3
0.96811 0.600932 2
0.96049 0.348781 3
0.8994 0.000526664 11
0.968063 1 1
0.966048 1 1
0.911866 0.104759 4
0.889254 0.00867991 7
0.993314 1 1
0.99197 1 1
0.951817 0.530505 2
0.889973 0.00875702 7
0.934801 0.252553 3
0.934151 0.251178 3
0.900889 0.045427 5
0.900751 0.0453705 5
0.948567 0.521114 2
0.902548 0.0461252 5
0.936688 0.256738 3
0.928599 0.123572 4
0.878783 6.622e-05 13
0.860613 1.40109e-07 20
0.824711 3.16156e-12 0
0.903382 0.0106047 7
0.912604 0.0252602 6
0.86865 4.6435e-06 16
0.887526 0.000831885 10
0.866127 1.92435e-06 17
0.855618 9.89303e-09 23
0.844663 1.77702e-11 30
0.907223 0.0113313 7
0.917153 0.0543086 5
0.906304 0.011147 7
0.859312 5.89451e-08 21
0.934631 0.0729355 5
0.996998 1 1
0.921885 0.0298786 6
0.913016 0.00637134 8
0.968339 0.602296 2
0.960104 0.346433 3
0.96814 0.601112 2
0.879501 2.97128e-06 17
0.952558 0.307619 3
0.963721 0.370001 3
0.916852 0.0137754 7
0.884982 1.68309e-05 15
0.931016 0.0678473 5
0.887327 3.89669e-05 14
0.964089 0.372609 3
0.867851 0.000263019 11
0.861812 4.57524e-05 13
0.903015 0.0463282 5
0.860868 4.49304e-05 13
0.869801 0.000612396 10
0.881871 0.0036107 8
0.8362 2.16134e-09 24
0.970838 1 1
0.883995 0.00816414 7
0.862707 0.000106096 12
0.887449 0.00849367 7
0.971027 1 1
0.921558 0.23004 3
0.968714 1 1
0.867397 0.000261045 11
0.905827 0.0110541 7
0.922255 0.0584073 5
0.962762 0.572547 2
0.917516 0.0545734 5
0.922154 0.058317 5
0.932379 0.129756 4
0.89253 0.00196962 9
0.954872 0.540471 2
0.950249 0.298016 3
0.92751 0.121957 4
0.944027 0.276274 3
0.954463 0.539064 2
0.968641 0.60411 2
0.957512 0.550099 2
0.932548 0.130056 4
0.916593 0.053907 5
0.956425 0.546009 2
0.963749 0.57733 2
0.937359 0.2583 3
0.94452 0.277801 3
0.948846 0.521875 2
0.924808 0.118235 4
0.916234 0.0536542 5
0.985517 1 1
0.965983 0.58889 2
0.953334 0.535303 2
0.917183 0.109563 4
0.954813 0.540265 2
0.919989 0.112477 4
0.971266 0.62088 2
0.938702 0.498655 2
0.970806 1 1
0.895816 0.0202178 6
0.889709 0.00872848 7
0.963477 1 1
0.950241 0.525807 2
0.994512 1 1
0.858159 1.85941e-05 14
0.925656 0.23593 3
0.939304 0.499811 2
0.891189 0.0192648 6
0.865698 0.000253888 11
0.912083 0.104938 4
0.867749 0.000262576 11
0.93845 0.498177 2
0.924567 0.117922 4
0.87662 0.000307277 11
0.861478 3.83882e-06 16
0.824834 3.17763e-12 0
0.900664 0.0213776 6
0.910357 0.0499704 5
0.865434 2.17106e-05 14
0.890923 0.00410633 8
0.865769 2.18742e-05 14
0.854499 2.64939e-07 19
0.845326 2.94581e-09 24
0.910754 0.0501949 5
0.9177 0.110078 4
0.909689 0.0495996 5
0.8583 1.54994e-06 17
0.891799 0.00896086 7
0.937514 0.258667 3
0.978048 1 1
0.962629 0.571921 2
0.92028 0.112796 4
0.923237 0.116243 4
0.908222 0.0488157 5
0.911761 0.0507792 5
0.983532 1 1
0.964831 0.582797 2
0.978151 1 1
0.90691 0.0481475 5
0.933344 0.249519 3
0.909837 0.0496808 5
0.968405 1 1
0.935484 0.0742629 5
0.903373 0.00121394 10
0.897819 0.000503024 11
0.858782 8.13764e-11 29
0.923718 0.0310355 6
0.936141 0.0753217 5
0.885166 1.69363e-05 15
0.923647 0.030989 6
0.900049 0.000536926 11
0.885874 1.73521e-05 15
0.880841 3.12109e-06 17
0.943332 0.154332 4
0.955629 0.32193 3
0.943079 0.153623 4
0.890189 4.28504e-05 14
0.872742 1.06495e-06 18
0.920145 0.0288652 6
0.970514 0.615887 2
0.981077 0.702807 2
0.901181 0.00236128 9
0.903512 0.00513386 8
0.893103 0.000442458 11
0.903241 0.00510574 8
0.963352 0.575384 2
0.952188 0.306017 3
0.987561 1 1
0.894996 0.000978658 10
0.914884 0.0131869 7
0.897865 0.00104905 10
0.953888 0.313591 3
0.942688 0.272272 3
0.976168 1 1
0.900733 0.0213956 6
0.892621 0.00421757 8
0.969561 0.609781 2
0.956418 0.545986 2
0.987908 1 1
0.863913 9.25676e-06 15
0.930328 0.243738 3
0.942504 0.27174 3
0.8954 0.009401 7
0.871576 0.000125109 12
0.918276 0.110663 4
0.873638 0.0001304 12
0.942121 0.270643 3
0.914059 0.106637 4
0.899654 0.0449301 5
0.916341 0.223581 3
0.873505 0.00145189 9
0.912985 0.1057 4
0.92597 0.236416 3
0.875855 0.0033496 8
0.953673 0.536417 2
0.909903 0.103187 4
0.891245 0.0192756 6
0.898507 0.0444846 5
0.973814 1 1
0.96321 1 1
0.973732 1 1
0.896025 0.0435699 5
0.890356 9.12917e-05 13
0.920202 0.0149106 7
0.986555 0.765748 2
0.939413 0.14419 4
0.912219 0.00624524 8
0.919711 0.0147327 7
0.88977 8.96615e-05 13
0.942162 0.151121 4
0.960268 0.347427 3
0.936685 0.0762228 5
0.967756 0.598853 2
0.934752 0.0731211 5
0.946986 0.165505 4
0.937747 0.140374 4
0.941237 0.148696 4
0.951664 0.530034 2
0.969721 1 1
0.929704 0.242619 3
0.904567 0.0470252 5
0.97854 1 1
0.985217 1 1
0.944048 0.509827 2
0.903507 0.0465456 5
0.951656 0.530011 2
0.946559 0.515866 2
0.91808 0.110463 4
0.912149 0.104993 4
0.960989 0.564428 2
0.914297 0.106849 4
0.950093 0.525378 2
0.989046 0.799622 2
0.946558 0.164101 4
0.895427 0.000107681 13
0.870689 1.84977e-08 23
0.974987 0.648037 2
0.9765 0.660357 2
0.94066 0.0835538 5
0.883249 3.41982e-06 17
0.915711 0.00683564 8
0.914273 0.00658031 8
0.883394 3.43912e-06 17
0.896767 0.000234339 12
0.940774 0.0837842 5
0.898072 0.00024432 12
0.916749 0.00703175 8
0.965446 0.586016 2
0.928816 0.0651305 5
0.902492 0.00118451 10
0.869048 8.48553e-08 21
0.952929 0.309252 3
0.964413 0.580658 2
0.913697 0.012857 7
0.906852 0.00271359 9
0.913982 0.0129345 7
0.904696 0.00256848 9
0.887272 3.88975e-05 14
0.923118 0.0306462 6
0.959725 0.344173 3
0.923969 0.0312016 6
0.908446 0.00570901 8
0.876053 0.000675451 10
0.923482 0.232706 3
0.972331 1 1
0.978585 1 1
0.904598 0.0470396 5
0.90694 0.0481624 5
0.896135 0.0202888 6
0.904454 0.0469732 5
0.967012 1 1
0.95521 0.541647 2
0.987354 1 1
0.896782 0.0204345 6
0.917881 0.11026 4
0.899666 0.0211234 6
0.957117 0.548594 2
0.945688 0.513707 2
0.962355 0.570633 2
0.888283 0.00394612 8
0.879763 0.00158762 9
0.964159 0.579372 2
0.950654 0.52701 2
0.98604 1 1
0.854975 1.42275e-06 17
0.917094 0.109475 4
0.92892 0.241247 3
0.882555 0.00165718 9
0.863836 2.09586e-05 14
0.910165 0.0498631 5
0.865718 4.94265e-05 13
0.92847 0.240478 3
0.96446 0.580893 2
0.941587 0.269139 3
0.913666 0.0519446 5
0.881391 0.000740262 10
0.963712 0.577145 2
0.976752 1 1
0.923433 0.116485 4
0.909677 0.0495929 5
0.927191 0.121497 4
0.918139 0.110523 4
0.898935 0.00989036 7
0.923759 0.116891 4
0.967777 0.598977 2
0.925126 0.118653 4
0.92195 0.114696 4
0.931724 0.128615 4
0.890173 0.000878717 10
0.879567 6.75327e-05 13
0.841654 6.6137e-12 0
0.912835 0.0253545 6
0.923954 0.0599728 5
0.875576 2.77135e-05 14
0.908246 0.0115451 7
0.882776 0.000159527 12
0.87008 4.83493e-06 16
0.86298 3.43228e-07 19
0.928304 0.123127 4
0.936594 0.137888 4
0.9275 0.121943 4
0.87414 2.6707e-05 14
0.915594 0.0133932 7
0.929921 0.0664614 5
0.957645 0.332389 3
0.91461 0.00663858 8
0.93167 0.0687074 5
0.942298 0.151486 4
0.900509 0.00112275 10
0.947921 0.16867 4
0.952496 0.307349 3
0.931094 0.0679481 5
0.939412 0.144187 4
0.951492 0.303069 3
0.97823 0.675438 2
0.954359 0.315788 3
0.93619 0.0754016 5
0.915087 0.107565 4
0.880013 0.00159359 9
0.880334 0.00160133 9
0.840306 1.05209e-09 25
0.900204 0.0212594 6
0.912103 0.0509821 5
0.862762 2.04761e-05 14
0.91902 0.111437 4
0.878879 0.000708299 10
0.863842 2.09613e-05 14
0.863294 2.07128e-05 14
0.939434 0.263397 3
0.9337 0.250245 3
0.937957 0.259726 3
0.868167 5.19854e-05 13
0.933966 0.0719361 5
0.904458 0.00125197 10
0.901147 0.000555087 11
0.861659 2.13595e-10 28
0.923977 0.0312072 6
0.936633 0.0761364 5
0.885361 7.95448e-06 16
0.927369 0.033652 6
0.902657 0.000581793 11
0.887942 1.86611e-05 15
0.884037 7.57666e-06 16
0.947007 0.165574 4
0.958688 0.338165 3
0.946829 0.164987 4
0.892331 9.71635e-05 13
0.920508 0.0290704 6
0.937208 0.139197 4
0.957549 0.331875 3
0.91678 0.0271127 6
0.938376 0.141783 4
0.948592 0.291671 3
0.907542 0.00559396 8
0.940552 0.146961 4
0.95765 0.33242 3
0.937127 0.139022 4
0.9401 0.145845 4
0.944766 0.278575 3
0.979622 0.688409 2
0.94754 0.287865 3
0.942238 0.151325 4
0.974395 1 1
0.922215 0.115009 4
0.887465 0.00389937 8
0.856346 1.4733e-06 17
0.94904 0.522411 2
0.957004 0.548166 2
0.913054 0.105759 4
0.891692 0.00894863 7
0.901045 0.0214772 6
0.894456 0.00928038 7
0.873015 0.000287532 11
0.908497 0.0489596 5
0.942809 0.507045 2
0.909083 0.049271 5
0.897715 0.0206504 6
0.930947 0.244874 3
0.978814 1 1
0.941937 0.505162 2
0.924721 0.234515 3
0.963067 0.574005 2
0.962832 0.572883 2
0.946431 0.515545 2
0.899271 0.021025 6
0.97088 1 1
0.96973 1 1
0.934247 0.25138 3
0.903512 0.0465478 5
0.948247 0.520253 2
0.906047 0.0477239 5
0.973332 1 1
0.913908 0.0129143 7
0.912234 0.0124733 7
0.936471 0.137629 4
0.892686 0.000437736 11
0.920728 0.0291961 6
0.933223 0.131272 4
0.885539 7.9187e-05 13
0.960193 0.560968 2
0.928567 0.0648389 5
0.908346 0.00569606 8
0.918248 0.0278459 6
0.97243 0.628925 2
0.975811 0.654654 2
0.974713 0.645889 2
0.913294 0.0127488 7
0.895273 0.0433051 5
0.93775 0.496874 2
0.982433 1 1
0.956339 0.545694 2
0.92271 0.231616 3
0.926726 0.237607 3
0.90763 0.101483 4
0.91803 0.225559 3
0.983666 1 1
0.961282 1 1
0.976124 1 1
0.913554 0.106192 4
0.939644 0.500474 2
0.9165 0.223764 3
0.965496 1 1
0.93463 0.252188 3
0.986926 1 1
0.93429 0.25147 3
0.919662 0.112122 4
0.968097 1 1
0.965065 1 1
0.954307 0.538536 2
0.892676 0.0195568 6
0.963861 0.577882 2
0.967627 1 1
0.927337 0.238593 3
0.89771 0.0206491 6
0.943495 0.508569 2
0.900153 0.0451284 5
0.970098 1 1
0.971339 0.621371 2
0.911089 0.0121902 7
0.870616 9.90128e-07 18
0.841501 6.56688e-12 0
0.938452 0.141955 4
0.943091 0.153658 4
0.907839 0.00563126 8
0.875198 5.63058e-06 16
0.885511 7.91236e-05 13
0.881111 3.22441e-05 14
0.856834 8.70976e-10 26
0.892336 0.000433826 11
0.924354 0.0603579 5
0.892693 0.000437809 11
0.883917 7.57008e-05 13
0.986566 1 1
0.936212 0.255654 3
0.893696 0.00918606 7
0.865471 4.91799e-05 13
0.963951 0.578331 2
0.970188 1 1
0.927849 0.239435 3
0.889025 0.00398966 8
0.910703 0.0501657 5
0.906367 0.0478796 5
0.880327 0.00160118 9
0.904058 0.0467926 5
0.944752 0.511464 2
0.905082 0.0472646 5
0.909316 0.0493967 5
0.872494 1.05579e-06 18
0.899899 0.0022936 9
0.972219 0.62744 2
0.933229 0.131284 4
0.892414 0.000434699 11
0.90034 0.00231644 9
0.870163 4.38219e-07 19
0.948314 0.29065 3
0.940614 0.147117 4
0.918326 0.0278859 6
0.961271 0.56568 2
0.934512 0.133693 4
0.93138 0.0683226 5
0.937206 0.139192 4
0.922423 0.0302081 6
0.893266 0.00426165 8
0.920307 0.112825 4
0.981205 1 1
0.934308 0.251508 3
0.913991 0.0521522 5
0.922121 0.114897 4
0.889864 0.00187447 9
0.946366 0.283803 3
0.95816 0.552621 2
0.934401 0.251703 3
0.962341 0.57057 2
0.939782 0.264292 3
0.951477 0.529467 2
0.942803 0.272608 3
0.939117 0.26259 3
0.922892 0.0589812 5
0.931749 0.0688131 5
0.949536 0.295233 3
0.907942 0.00564433 8
0.936742 0.1382 4
0.948253 0.290427 3
0.903335 0.00248427 9
0.944985 0.279272 3
0.948237 0.290368 3
0.928482 0.06474 5
0.931729 0.0687866 5
0.952026 0.305322 3
0.987115 1 1
0.954636 0.317099 3
0.933513 0.131806 4
0.88862 0.000184931 12
0.93725 0.139288 4
0.971984 0.625798 2
0.96815 0.601172 2
0.918007 0.0277225 6
0.919912 0.0287352 6
0.909052 0.0117201 7
0.905199 0.00531652 8
0.981112 0.703164 2
0.967967 0.600088 2
0.977076 0.665261 2
0.900187 0.0023085 9
0.927222 0.0633193 5
0.903092 0.00509042 8
0.970647 0.61676 2
0.982339 1 1
0.953682 0.536446 2
0.898871 0.0446245 5
0.875821 0.00149923 9
0.982199 1 1
0.98059 1 1
0.947599 0.518535 2
0.882532 0.00364224 8
0.920703 0.228908 3
0.920534 0.228688 3
0.887531 0.0085019 7
0.895071 0.0200552 6
0.940651 0.502486 2
0.89655 0.0203818 6
0.92282 0.23177 3
0.882865 0.00365839 8
0.888774 0.00862937 7
0.937231 0.49593 2
0.893255 0.019674 6
0.892185 0.0194591 6
0.90357 0.0465733 5
0.86073 4.48122e-05 13
0.991527 1 1
0.916357 0.108759 4
0.893886 0.0198041 6
0.920832 0.229077 3
0.977729 1 1
0.944579 0.511059 2
0.979832 1 1
0.898674 0.0445484 5
0.965363 0.585575 2
0.908144 0.00280806 9
0.873222 2.22361e-07 20
0.842111 6.75576e-12 0
0.935117 0.0736858 5
0.941688 0.149865 4
0.902077 0.00117108 10
0.881992 7.04374e-06 16
0.886058 3.7421e-05 14
0.879862 3.01049e-06 17
0.858749 1.84238e-10 28
0.899756 0.00110081 10
0.928812 0.0651258 5
0.899948 0.00110634 10
0.882975 7.29268e-06 16
0.87105 5.52977e-05 13
0.895097 0.00439275 8
0.964786 0.582564 2
0.925358 0.118962 4
0.889305 0.00185573 9
0.897891 0.00973922 7
0.86548 9.61457e-06 15
0.95538 0.542243 2
0.934232 0.251348 3
0.911702 0.0507439 5
0.953121 0.534613 2
0.940117 0.265165 3
0.931327 0.245582 3
0.942681 0.272253 3
0.915918 0.0534346 5
0.901436 0.0456531 5
0.886434 0.00839339 7
0.908785 0.102334 4
0.86557 0.00025336 11
0.899282 0.0447839 5
0.912076 0.104933 4
0.862716 0.000106111 12
0.95818 0.552697 2
0.899001 0.0446748 5
0.879666 0.00350985 8
0.891225 0.0192719 6
0.979372 1 1
0.949369 0.523325 2
0.977509 1 1
0.884437 0.00820447 7
0.987764 0.781749 2
0.925472 0.0322372 6
0.876897 5.65833e-07 19
0.850974 1.04152e-11 0
0.953051 0.309795 3
0.954723 0.317511 3
0.924673 0.0316778 6
0.872749 9.88998e-08 21
0.895178 0.000223063 12
0.893365 0.000100487 13
0.864288 1.23274e-09 26
0.888296 4.02166e-05 14
0.926518 0.0330021 6
0.889092 4.12925e-05 14
0.895761 0.000227097 12
0.861191 1.67454e-06 17
0.909995 0.024254 6
0.958384 0.553507 2
0.990739 1 1
0.889853 0.00187409 9
0.891524 0.00414495 8
0.884673 0.000786626 10
0.89371 0.00429263 8
0.950827 0.52752 2
0.943617 0.275027 3
0.977178 1 1
0.884244 0.000780236 10
0.902078 0.0103825 7
0.88705 0.00178398 9
0.94431 0.277147 3
0.904018 0.0223001 6
0.885487 0.00173762 9
0.903869 0.0222565 6
0.861088 3.80125e-06 16
0.899746 0.0100118 7
0.912557 0.051256 5
0.862732 3.96326e-06 16
0.951449 0.529381 2
0.895631 0.00943112 7
0.876972 0.000309338 11
0.886332 0.00176235 9
0.972475 1 1
0.947756 0.518946 2
0.970666 0.616885 2
0.881689 0.000744251 10
0.935734 0.49329 2
0.993081 1 1
0.917036 0.109418 4
0.90905 0.102534 4
0.968719 1 1
0.959002 0.555997 2
0.973263 1 1
0.875406 0.0014905 9
0.947622 0.518594 2
0.959764 0.559148 2
0.912197 0.105034 4
0.881275 0.0035828 8
0.927514 0.238883 3
0.883568 0.00812557 7
0.959724 0.558982 2
0.885311 1.70203e-05 15
0.8893 4.15809e-05 14
0.934977 0.0734675 5
0.890797 4.37533e-05 14
0.893674 0.000101515 13
0.905283 0.00128234 10
0.86154 2.12286e-10 28
0.99092 1 1
0.915403 0.00677941 8
0.893127 9.97057e-05 13
0.918258 0.0142302 7
0.981983 0.712227 2
0.946609 0.164267 4
0.984142 0.736208 2
0.897947 0.00050487 11
0.869926 4.3452e-07 19
0.875521 5.68765e-06 16
0.927813 0.0639756 5
0.885815 7.98046e-05 13
0.878552 1.37027e-05 15
0.889795 0.000190901 12
0.847724 8.84427e-12 0
0.991096 1 1
0.904475 0.00523649 8
0.882094 3.31767e-05 14
0.913018 0.0126757 7
0.970134 0.613422 2
0.930279 0.0669071 5
0.97081 0.617834 2
0.886742 0.000176029 12
0.931834 0.128805 4
0.917462 0.0545333 5
0.922031 0.0582087 5
0.881337 0.000154201 12
0.932196 0.129434 4
0.945463 0.280813 3
0.894094 0.0020303 9
0.940663 0.266615 3
0.922154 0.0583172 5
0.905439 0.0109797 7
0.904509 0.0108063 7
0.957326 0.549385 2
0.979579 1 1
0.958396 0.553552 2
0.910123 0.024301 6
0.878558 0.00155947 9
0.931065 0.245093 3
0.959247 0.557001 2
0.979767 1 1
0.90893 0.0491891 5
0.909164 0.0493142 5
0.905877 0.0476418 5
0.892222 0.00900987 7
0.968407 1 1
0.96618 0.589962 2
0.971243 1 1
0.886395 0.00384009 8
0.912953 0.105673 4
0.889258 0.00868033 7
0.966444 0.591414 2
0.915534 0.0265256 6
0.974772 0.646353 2
0.939448 0.144274 4
0.935704 0.136049 4
0.948719 0.292142 3
0.945032 0.279422 3
0.947629 0.288178 3
0.886732 0.000175984 12
0.971762 0.624262 2
0.987465 1 1
0.937554 0.139949 4
0.888506 0.000394951 11
0.929972 0.125711 4
0.891145 0.000421016 11
0.987874 1 1
0.908762 0.0116565 7
0.889407 0.000403511 11
0.90515 0.00531104 8
0.862589 6.62611e-08 21
0.904193 0.00520591 8
0.917058 0.0272482 6
0.866897 3.9086e-07 19
0.949116 0.29363 3
0.89824 0.00221155 9
0.879962 3.12083e-05 14
0.887544 0.000179735 12
0.970259 0.614229 2
0.951512 0.303153 3
0.968889 0.605613 2
0.884665 7.72762e-05 13
0.891028 0.00411298 8
0.946194 0.514953 2
0.954019 0.537567 2
0.964032 0.578737 2
0.92254 0.115396 4
0.921508 0.114182 4
0.921037 0.113643 4
0.890031 0.00405054 8
0.976511 1 1
0.98234 1 1
0.959983 0.560073 2
0.886891 0.00386732 8
0.919334 0.11177 4
0.889724 0.00403175 8
0.982067 1 1
0.929858 0.242893 3
0.988651 1 1
0.916813 0.224124 3
0.911904 0.10479 4
0.962484 1 1
0.952968 0.53412 2
0.973057 1 1
0.872468 0.00143168 9
0.947995 0.519579 2
0.962832 1 1
0.913238 0.105918 4
0.877581 0.0034201 8
0.923106 0.232171 3
0.879928 0.00352147 8
0.962023 1 1
0.964447 0.580831 2
0.955291 0.320264 3
0.918717 0.0280903 6
0.889991 0.000409236 11
0.976402 0.659532 2
0.990278 1 1
0.935862 0.13637 4
0.904464 0.00523525 8
0.936537 0.137767 4
0.929964 0.125696 4
0.905409 0.0109742 7
0.916291 0.0268788 6
0.964193 0.579542 2
0.918018 0.0277279 6
0.933502 0.131785 4
0.895916 0.02024 6
0.952014 0.53111 2
0.951395 0.529218 2
0.958054 0.552203 2
0.927819 0.239386 3
0.926282 0.236904 3
0.926737 0.237625 3
0.889272 0.00868174 7
0.977848 1 1
0.988465 1 1
0.955402 0.542323 2
0.887152 0.00846404 7
0.921669 0.23019 3
0.889959 0.00875548 7
0.987908 1 1
0.925884 0.0618921 5
0.941327 0.26842 3
0.95341 0.311407 3
0.914485 0.0260547 6
0.943772 0.275496 3
0.954204 0.315061 3
0.911993 0.025015 6
0.936218 0.137102 4
0.957419 0.549739 2
0.938361 0.14175 4
0.936615 0.137931 4
0.941889 0.269985 3
0.982621 1 1
0.944532 0.277839 3
0.943415 0.274417 3
0.906135 0.00542381 8
0.902009 0.00240714 9
0.93025 0.0668713 5
0.886065 8.03752e-05 13
0.910932 0.0121526 7
0.923467 0.0595124 5
0.87574 2.60366e-06 17
0.967774 0.59896 2
0.919409 0.0284598 6
0.898839 0.00107514 10
0.912234 0.0124733 7
0.983241 0.725932 2
0.965219 0.584816 2
0.985228 1 1
0.903751 0.00250945 9
0.942552 0.506484 2
0.94578 0.513931 2
0.936723 0.256817 3
0.901275 0.0215377 6
0.956209 0.54522 2
0.968657 1 1
0.91963 0.112088 4
0.926038 0.236522 3
0.946761 0.516376 2
0.932573 0.24798 3
0.921035 0.113641 4
0.936238 0.255713 3
0.986491 1 1
0.938348 0.260677 3
0.93717 0.257857 3
0.947866 0.289026 3
0.899128 0.00108312 10
0.877234 2.74107e-06 17
0.842125 6.76018e-12 0
0.924109 0.0312954 6
0.933737 0.0715992 5
0.887947 8.48808e-05 13
0.896359 0.000482776 11
0.885032 3.62408e-05 14
0.875118 2.54947e-06 17
0.861452 5.48801e-09 24
0.915486 0.0133615 7
0.935084 0.134808 4
0.915206 0.0132798 7
0.878805 6.32027e-06 16
0.854403 3.41846e-10 27
0.854259 3.39633e-10 27
0.903886 0.00517313 8
0.863755 6.91671e-08 21
0.859335 5.0211e-09 24
0.870862 9.98371e-07 18
0.827705 3.58112e-12 0
0.968967 0.606094 2
0.881014 3.21544e-05 14
0.859253 5.00391e-09 24
0.890052 0.00040985 11
0.957773 0.333084 3
0.910729 0.0121042 7
0.956535 0.326518 3
0.863806 6.92991e-08 21
8 0 3 16 21 27 50 58 61 
40 0 2 3 4 8 9 10 15 16 18 19 20 21 26 27 29 31 32 34 35 36 38 39 40 42 43 45 50 51 56 58 60 61 63 64 67 70 73 77 78 
69 0 2 3 4 5 7 8 9 10 11 13 14 15 16 17 18 19 20 21 22 23 24 25 26 27 29 31 32 33 34 35 36 38 39 40 41 42 43 44 45 46 47 48 49 50 51 52 53 54 56 57 58 59 60 61 63 64 65 66 67 69 70 72 73 75 76 77 78 79 
70 0 1 3 5 6 7 8 9 10 11 12 13 14 15 17 18 19 20 22 23 24 25 26 28 29 30 31 32 33 34 35 36 37 38 39 41 42 43 44 45 46 47 48 49 51 52 53 54 55 56 57 59 60 62 63 64 65 66 67 68 69 70 71 72 73 74 75 76 77 79 
33 0 2 3 4 8 9 15 16 18 19 20 21 27 29 32 35 36 39 40 42 43 45 50 51 56 58 60 61 63 67 70 73 78 
27 0 2 3 4 8 9 15 16 20 21 27 29 35 36 38 39 40 42 43 45 50 51 56 58 61 73 78 
49 0 2 3 4 8 9 10 15 16 17 18 19 20 21 23 26 27 29 31 32 34 35 36 38 39 40 41 42 43 44 45 47 50 51 54 56 57 58 60 61 63 65 67 70 73 75 76 77 78 
68 0 1 2 3 4 5 8 9 10 11 12 14 15 16 17 18 19 20 21 22 23 24 25 26 27 28 29 31 32 34 35 36 38 39 40 41 42 43 44 45 46 47 48 49 50 51 53 54 55 56 57 58 60 61 63 64 65 67 69 70 71 72 73 74 75 76 77 78 
67 0 2 3 4 5 7 8 9 10 11 13 14 15 16 17 18 19 20 21 22 23 24 25 26 27 29 31 32 33 34 35 36 38 39 40 41 42 43 44 45 46 47 49 50 51 52 53 54 56 57 58 59 60 61 63 64 65 66 67 70 72 73 75 76 77 78 79 
76 0 1 2 3 4 5 6 7 8 9 10 11 12 13 14 15 16 17 18 19 20 21 22 23 24 25 26 27 28 29 30 31 32 33 34 35 36 37 38 39 40 41 42 43 44 45 46 47 48 49 50 51 52 53 54 55 56 57 58 59 60 61 63 64 65 66 67 69 70 72 73 75 76 77 78 79 
75 0 1 2 3 4 5 7 8 9 10 11 12 13 14 15 16 17 18 19 20 21 22 23 24 25 26 27 28 29 30 31 32 33 34 35 36 37 38 39 40 41 42 43 44 45 46 47 48 49 50 51 53 54 55 56 57 58 60 61 63 64 65 66 67 68 69 70 71 72 73 74 75 76 77 78 
34 0 2 3 4 8 9 15 16 18 19 20 21 23 27 29 32 35 36 39 40 42 43 45 50 51 56 58 60 61 63 67 70 73 78 
42 0 2 3 4 8 9 10 15 16 18 19 20 21 22 26 27 29 31 32 34 35 36 38 39 40 42 43 45 50 51 56 58 60 61 63 64 67 70 72 73 77 78 
41 0 2 3 4 8 9 10 15 16 18 19 20 21 26 27 29 31 32 34 35 36 38 39 40 42 43 45 47 50 51 56 58 60 61 63 67 70 73 76 77 78 
58 0 2 3 4 8 9 10 11 15 16 17 18 19 20 21 22 23 24 25 26 27 29 31 32 34 35 36 38 39 40 41 42 43 44 45 46 47 49 50 51 54 56 57 58 60 61 63 64 65 67 69 70 72 73 75 76 77 78 
