60 15 8e+06
2.67346 127212
2.01232 133291
1.82398 144320
2.05632 147498
1.33291 154925
1.20334 178297
2.73944 128177
2.41972 133178
1.17711 161943
1.89548 117341
2.69559 146769
1.10928 100870
1.73625 158884
2.53557 181513
2.57899 191945
2.52517 169874
1.30979 112575
1.62863 103090
2.977 144867
1.3001 123764
1.38477 190333
2.73735 140327
1.77008 192887
2.46066 169187
1.00008 120821
2.74895 102954
1.04945 125611
2.733 116760
1.12071 185370
2.58277 106772
1.81545 112737
1.26167 121662
2.11992 119923
1.41513 179513
1.36257 167528
1.38886 169186
1.55683 128340
1.30138 108482
2.28747 149700
2.08281 162022
1.03798 135289
1.783 131102
1.67087 158540
1.19227 127829
2.00572 113684
1.58279 183634
1.71736 123560
1.0338 185496
1.83752 141384
2.15997 101180
2.20953 115066
2.62733 195580
2.60771 127245
1.18582 190943
2.36778 179656
1.77484 118669
1.08272 157010
2.33488 187585
2.21689 191532
1.34813 150206
0.922445 0.0302221 6
0.927378 0.0634911 5
0.925315 0.0613101 5
0.881489 1.50073e-05 15
0.886424 8.12023e-05 13
0.926931 0.0630016 5
0.896894 0.0010242 10
0.870578 2.0032e-07 20
0.946615 0.284648 3
0.872105 4.70382e-07 19
0.877426 2.75951e-06 17
0.88858 8.64911e-05 13
0.947618 0.288142 3
0.940377 0.146528 4
0.932303 0.0695644 5
0.867662 1.79423e-07 20
0.872954 2.37368e-06 17
0.917734 0.027584 6
0.860643 1.20123e-08 23
0.847507 8.75014e-12 0
0.868809 4.17636e-07 19
0.860621 1.20019e-08 23
0.862012 1.26941e-08 23
0.942875 0.15306 4
0.852115 5.83519e-11 29
0.868519 4.13407e-07 19
0.861952 1.26632e-08 23
0.879978 1.43126e-05 15
0.867091 1.75694e-07 20
0.875291 5.64702e-06 16
0.875387 1.24877e-05 15
0.880302 3.15089e-05 14
0.941838 0.269844 3
0.889897 0.000408304 11
0.867457 3.98444e-07 19
0.874019 5.43016e-06 16
0.881081 7.01987e-05 13
0.897363 0.0021705 9
0.949186 0.293894 3
0.882443 7.27526e-05 13
0.903242 0.00510582 8
0.887904 0.000389414 11
0.876497 1.28936e-05 15
0.855969 1.91599e-09 25
0.880541 3.17232e-05 14
0.941195 0.268057 3
0.9468 0.285281 3
0.972699 0.630837 2
0.924827 0.11826 4
0.919698 0.0562476 5
0.940815 0.267023 3
0.93332 0.13145 4
0.916026 0.0535097 5
0.975011 0.648232 2
0.914873 0.0527274 5
0.923329 0.116356 4
0.930139 0.125978 4
0.943175 0.273705 3
0.917887 0.054848 5
0.947944 0.289305 3
0.949986 0.29698 3
0.955412 0.320856 3
0.972732 0.631074 2
0.934416 0.133508 4
0.93059 0.126712 4
0.948568 0.291584 3
0.944367 0.277323 3
0.923568 0.0596072 5
0.964644 0.581835 2
0.924365 0.0603681 5
0.930763 0.126996 4
0.940496 0.266168 3
0.946323 0.28366 3
0.918865 0.0555913 5
0.955573 0.542929 2
0.930011 0.066573 5
0.935655 0.135949 4
0.953487 0.311757 3
0.90347 0.00249238 9
0.901517 0.00237966 9
0.931944 0.0690749 5
0.914068 0.012958 7
0.894923 0.000464222 11
0.974316 0.642826 2
0.893742 0.000449893 11
0.902093 0.00241185 9
0.909145 0.00580139 8
0.94343 0.15461 4
0.924408 0.0314966 6
0.938763 0.142668 4
0.909365 0.0494231 5
0.913976 0.0521425 5
0.980561 1 1
0.928145 0.239929 3
0.905461 0.0227322 6
0.906665 0.0480259 5
0.919614 0.11207 4
0.932194 0.24724 3
0.964819 0.582733 2
0.919749 0.112216 4
0.939144 0.262658 3
0.926822 0.120971 4
0.90352 0.0221561 6
0.878431 0.000318179 11
0.91302 0.05154 5
0.95897 0.555866 2
0.963406 0.575648 2
0.966525 0.591863 2
0.94913 0.293683 3
0.946875 0.285539 3
0.955237 0.54174 2
0.961107 0.564953 2
0.934861 0.252682 3
0.949085 0.293514 3
0.939055 0.262434 3
0.941644 0.269299 3
0.956483 0.546223 2
0.944681 0.278307 3
0.915561 0.0531902 5
0.961226 0.56548 2
0.913911 0.0258056 6
0.918755 0.0555061 5
0.984836 1 1
0.926543 0.12058 4
0.906703 0.0231232 6
0.91165 0.0248798 6
0.921006 0.0573243 5
0.92817 0.122928 4
0.972474 0.629236 2
0.917666 0.0546838 5
0.93535 0.253738 3
0.926458 0.120461 4
0.909835 0.0241955 6
0.885022 0.000364798 11
0.918202 0.055084 5
0.917484 0.0545496 5
0.922593 0.115459 4
0.92749 0.121927 4
0.880542 0.000151395 12
0.883195 0.000350646 11
0.921494 0.0577405 5
0.894222 0.00432896 8
0.870887 1.10336e-05 15
0.951144 0.528462 2
0.871097 2.47637e-05 14
0.877822 0.000142447 12
0.887039 0.00082379 10
0.94083 0.267066 3
0.93251 0.129988 4
0.927187 0.121491 4
0.924953 0.234861 3
0.928012 0.239708 3
0.969261 1 1
0.963572 1 1
0.935084 0.492185 2
0.919865 0.227828 3
0.948534 0.521025 2
0.965079 1 1
0.939312 0.499826 2
0.955032 0.541023 2
0.972841 1 1
0.960468 1 1
0.907621 0.101477 4
0.879708 0.00351171 8
0.924726 0.234522 3
0.93669 0.256742 3
0.941674 0.269383 3
0.988967 1 1
0.937686 0.259076 3
0.925326 0.118919 4
0.934357 0.25161 3
0.939841 0.264446 3
0.931604 0.246106 3
0.970006 0.612599 2
0.927757 0.122317 4
0.939107 0.262566 3
0.941015 0.267567 3
0.930791 0.244585 3
0.904004 0.0222959 6
0.941016 0.267569 3
0.944363 0.510553 2
0.945052 0.512174 2
0.895485 0.00941205 7
0.87986 0.000720447 10
0.902374 0.0218343 6
0.951803 0.530462 2
0.90591 0.0228714 6
0.861352 3.82663e-06 16
0.901432 0.0215793 6
0.872279 0.000126871 12
0.866743 2.236e-05 14
0.890255 0.00406442 8
0.971974 1 1
0.993816 1 1
0.95055 0.526706 2
0.940749 0.147455 4
0.939254 0.143815 4
0.923356 0.0307991 6
0.975882 0.655235 2
0.981781 0.710095 2
0.933385 0.0710868 5
0.979607 0.688263 2
0.952554 0.307604 3
0.8986 0.00106861 10
0.975353 0.650946 2
0.953132 0.310155 3
0.982621 0.719087 2
0.910009 0.00591982 8
0.883991 3.51046e-05 14
0.933338 0.0710186 5
0.92807 0.034208 6
0.93152 0.0372321 6
0.905923 0.0013068 10
0.873664 1.02863e-07 21
0.887003 1.80486e-05 15
0.934516 0.0727602 5
0.894579 0.000104627 13
0.859058 1.60979e-11 0
0.921077 0.015238 7
0.864902 1.27059e-09 26
0.865369 1.3004e-09 26
0.882495 3.32182e-06 17
0.960149 0.346706 3
0.967449 0.398483 3
0.937433 0.0775 5
0.93697 0.495458 2
0.938119 0.497559 2
0.892679 0.0195575 6
0.873786 0.00145747 9
0.894963 0.020032 6
0.944359 0.510544 2
0.899051 0.044694 5
0.855953 1.77854e-05 14
0.900867 0.0454179 5
0.866025 0.000255239 11
0.8615 0.000103888 12
0.883931 0.00815826 7
0.966646 1 1
0.996998 1 1
0.943799 0.509258 2
0.957372 0.549561 2
0.962177 0.569807 2
0.933647 0.250136 3
0.905665 0.0475402 5
0.917579 0.109957 4
0.96231 0.570423 2
0.926611 0.237425 3
0.890132 0.00877423 7
0.94031 0.501796 2
0.89657 0.0203865 6
0.896523 0.0203757 6
0.914757 0.107263 4
0.980723 1 1
0.95747 0.549937 2
0.96764 1 1
0.876582 2.55608e-07 20
0.881005 1.45077e-06 18
0.945189 0.159783 4
0.903222 0.000592344 11
0.875969 2.49044e-07 20
0.873969 1.04231e-07 21
0.889224 1.95495e-05 15
0.914599 0.00663669 8
0.939676 0.0816081 5
0.896847 0.000234937 12
0.919722 0.0147367 7
0.899137 0.000252994 12
0.872004 4.3397e-08 22
0.848935 9.3929e-12 0
0.880127 1.40094e-06 18
0.87074 2.21199e-06 17
0.876052 1.27285e-05 15
0.91853 0.0279923 6
0.861286 2.79022e-08 22
0.849329 2.21389e-11 30
0.872125 2.3111e-06 17
0.862362 6.57155e-08 21
0.861765 2.84172e-08 22
0.944868 0.278899 3
0.852617 3.15695e-10 27
0.868368 9.19101e-07 18
0.863025 6.73277e-08 21
0.884035 7.59458e-05 13
0.871729 2.28206e-06 17
0.878583 3.00347e-05 14
0.968267 0.601866 2
0.974099 0.64117 2
0.946648 0.28476 3
0.923267 0.116279 4
0.933185 0.131203 4
0.970113 0.613287 2
0.943586 0.274933 3
0.907245 0.0232998 6
0.945236 0.280077 3
0.913952 0.0521272 5
0.913649 0.0519344 5
0.9324 0.129794 4
0.972268 0.627784 2
0.943132 0.273576 3
0.977352 1 1
0.880398 6.66693e-06 16
0.885767 3.70794e-05 14
0.929855 0.0663803 5
0.871903 4.66885e-07 19
0.859649 9.88977e-10 26
0.881503 1.50139e-05 15
0.872885 4.84263e-07 19
0.872089 4.70118e-07 19
0.956404 0.325845 3
0.863104 5.89322e-09 24
0.878816 6.32263e-06 16
0.873687 4.9916e-07 19
0.892334 0.000205016 12
0.87818 2.83374e-06 17
0.888094 8.52505e-05 13
0.978701 1 1
0.973289 0.63512 2
0.915403 0.0530826 5
0.934788 0.252524 3
0.968221 0.601591 2
0.973107 0.633784 2
0.965254 0.585002 2
0.911683 0.0248927 6
0.901525 0.0102916 7
0.929607 0.12513 4
0.915089 0.0528718 5
0.946408 0.283945 3
0.947265 0.286896 3
0.924924 0.118388 4
0.968339 0.602296 2
0.942637 0.152406 4
0.948301 0.290603 3
0.969853 0.611626 2
0.923463 0.030869 6
0.919627 0.0147025 7
0.942558 0.152191 4
0.93304 0.0705927 5
0.914075 0.01296 7
0.973532 0.636911 2
0.91352 0.0128091 7
0.921332 0.029548 6
0.929127 0.0654984 5
0.945725 0.161443 4
0.920566 0.0291034 6
0.949717 0.295931 3
0.902423 0.0218477 6
0.906833 0.0481092 5
0.972493 1 1
0.926701 0.237567 3
0.901351 0.0215579 6
0.89943 0.0210646 6
0.915211 0.107679 4
0.933679 0.250203 3
0.956861 0.547631 2
0.918993 0.111409 4
0.940172 0.26531 3
0.924055 0.117265 4
0.895501 0.00941408 7
0.870449 0.000122376 12
0.905608 0.0475131 5
0.894655 0.00930544 7
0.899651 0.0211197 6
0.962219 0.569999 2
0.906372 0.0478821 5
0.885702 0.00380279 8
0.893148 0.00911955 7
0.899674 0.0211255 6
0.910987 0.0503279 5
0.967401 0.596801 2
0.898151 0.0207534 6
0.917562 0.10994 4
0.905453 0.0474392 5
0.894688 0.00930968 7
0.872573 0.000285273 11
0.899782 0.0211525 6
0.880146 0.00353123 8
0.885508 0.00830439 7
0.924307 0.233902 3
0.866911 0.0005869 10
0.856884 4.1709e-05 13
0.881826 0.0079729 7
0.869829 0.000612651 10
0.865761 0.000254145 11
0.952456 0.53249 2
0.857978 4.25569e-05 13
0.872547 0.00143319 9
0.869397 0.000608703 10
0.894557 0.0430577 5
0.882429 0.00802492 7
0.888288 0.0187296 6
0.915768 0.0533318 5
0.921229 0.113861 4
0.940073 0.26505 3
0.888031 0.00181446 9
0.88594 0.000806111 10
0.918474 0.0552908 5
0.898144 0.00977541 7
0.880633 0.000332448 11
0.966733 0.593019 2
0.878474 0.000144505 12
0.887729 0.00180495 9
0.893353 0.0042677 8
0.93356 0.249958 3
0.92004 0.112532 4
0.924889 0.118341 4
0.981801 1 1
0.976243 1 1
0.916653 0.109044 4
0.933579 0.249998 3
0.965851 1 1
0.97636 1 1
0.964085 0.579004 2
0.910678 0.103796 4
0.903502 0.0465431 5
0.928045 0.239762 3
0.914308 0.106859 4
0.945241 0.512627 2
0.950446 0.5264 2
0.927849 0.239435 3
0.971447 1 1
0.949362 0.523306 2
0.955139 0.541399 2
0.956003 0.544471 2
0.916767 0.109155 4
0.919161 0.111586 4
0.950951 0.527888 2
0.931256 0.24545 3
0.904742 0.0471061 5
0.962844 0.572938 2
0.907003 0.0481935 5
0.911725 0.104643 4
0.92397 0.233409 3
0.958627 0.554478 2
0.934124 0.251122 3
0.958036 0.552131 2
0.959989 0.560101 2
0.965842 1 1
0.953836 0.536957 2
0.923179 0.232274 3
0.9287 0.24087 3
0.961182 0.565283 2
0.940317 0.501811 2
0.909044 0.10253 4
0.954234 0.538288 2
0.913537 0.106177 4
0.915784 0.108214 4
0.931346 0.245619 3
0.964812 1 1
0.937302 0.496057 2
0.968436 1 1
0.882863 3.39367e-05 14
0.887748 8.43847e-05 13
0.95048 0.298937 3
0.898206 0.00105806 10
0.875613 2.59244e-06 17
0.88126 1.48987e-05 15
0.889353 0.000188615 12
0.905247 0.00260414 9
0.955158 0.319612 3
0.890595 0.000195167 12
0.911313 0.0122445 7
0.896284 0.000481779 11
0.882768 3.38416e-05 14
0.861268 2.40879e-09 25
0.887786 8.44795e-05 13
0.900223 0.010085 7
0.904099 0.0223237 6
0.965518 0.586395 2
0.934616 0.252159 3
0.905236 0.0226633 6
0.896379 0.00953038 7
0.918479 0.110873 4
0.945215 0.280008 3
0.943951 0.276041 3
0.927947 0.122596 4
0.951108 0.528354 2
0.930005 0.243154 3
0.889446 0.00186041 9
0.86348 4.04055e-06 16
0.902069 0.0217509 6
0.92809 0.239837 3
0.9293 0.241907 3
0.945885 0.514189 2
0.989315 1 1
0.952863 0.533782 2
0.921559 0.230041 3
0.962872 0.573074 2
0.979718 1 1
0.917206 0.109586 4
0.980974 1 1
0.984345 1 1
0.981068 1 1
0.903527 0.0465544 5
0.875644 0.00149549 9
0.924502 0.234189 3
0.924314 0.233912 3
0.925575 0.235806 3
0.944928 0.51188 2
0.986962 1 1
0.949369 0.523325 2
0.917838 0.110217 4
0.958994 0.555961 2
0.983651 1 1
0.916007 0.108424 4
0.980575 1 1
0.98835 1 1
0.977364 1 1
0.900098 0.0451066 5
0.872286 0.000636047 10
0.920843 0.22909 3
0.926088 0.0326834 6
0.925594 0.0323246 6
0.92569 0.0323939 6
0.987151 0.773534 2
0.963001 0.365012 3
0.918936 0.0144603 7
0.96546 0.382708 3
0.969629 0.610208 2
0.898441 0.0005121 11
0.993988 1 1
0.968273 0.601898 2
0.981366 0.705772 2
0.897435 0.000239369 12
0.87073 4.10192e-08 22
0.920022 0.0148447 7
0.992812 1 1
0.992022 1 1
0.932205 0.12945 4
0.937102 0.138968 4
0.959762 0.559141 2
0.985517 1 1
0.965568 0.586665 2
0.915869 0.0266803 6
0.920513 0.0290731 6
0.929531 0.0659838 5
0.920728 0.0291961 6
0.948509 0.291365 3
0.961115 0.564988 2
0.933718 0.132186 4
0.985698 1 1
0.974718 1 1
0.97139 1 1
0.924647 0.234404 3
0.948154 0.520004 2
0.979369 1 1
0.967317 0.596317 2
0.979101 1 1
0.924768 0.234584 3
0.907617 0.0485036 5
0.942579 0.506543 2
0.928206 0.240032 3
0.959968 0.560011 2
0.941674 0.504603 2
0.916496 0.108892 4
0.965303 0.585258 2
0.884912 0.00376124 8
0.890254 0.00878755 7
0.940596 0.502375 2
0.88225 0.0036287 8
0.86744 0.000261232 11
0.885241 0.00827918 7
0.881008 0.00357043 8
0.883772 0.00370318 8
0.963982 1 1
0.873579 0.000649052 10
0.890469 0.00881116 7
0.883259 0.00367767 8
0.893365 0.0196966 6
0.876407 0.0015117 9
0.891955 0.0194138 6
0.913078 0.0515762 5
0.916051 0.0535271 5
0.962637 0.571957 2
0.958117 0.552449 2
0.925664 0.119372 4
0.908008 0.0235544 6
0.938181 0.26027 3
0.967939 0.599927 2
0.933848 0.250549 3
0.951559 0.529715 2
0.974742 1 1
0.952217 0.531742 2
0.896189 0.00950493 7
0.86873 2.34072e-05 14
0.912806 0.0514086 5
0.959163 0.556654 2
0.963712 0.577145 2
0.966566 0.592089 2
0.947992 0.289479 3
0.946065 0.282796 3
0.955604 0.543038 2
0.960206 0.561023 2
0.933798 0.132336 4
0.949783 0.296189 3
0.93793 0.14078 4
0.940594 0.266431 3
0.955363 0.542184 2
0.945512 0.280972 3
0.916405 0.0269329 6
0.961701 0.567622 2
0.914872 0.052727 5
0.920452 0.112987 4
0.952485 0.532584 2
0.896424 0.00953645 7
0.889901 0.0018757 9
0.916309 0.053707 5
0.902991 0.0220059 6
0.891182 0.00412283 8
0.981686 1 1
0.886868 0.00177844 9
0.898371 0.00980805 7
0.900561 0.0101376 7
0.927124 0.121401 4
0.909691 0.0241433 6
0.923118 0.116096 4
0.978307 1 1
0.983811 1 1
0.937981 0.497301 2
0.923228 0.232344 3
0.938545 0.498358 2
0.981217 1 1
0.947041 0.517089 2
0.905184 0.0473123 5
0.934472 0.251853 3
0.914472 0.107006 4
0.911109 0.104141 4
0.933347 0.249526 3
0.978165 1 1
0.947825 0.51913 2
0.988305 1 1
0.934215 0.251313 3
0.939904 0.500985 2
0.964794 0.582606 2
0.913816 0.106422 4
0.909499 0.049496 5
0.934968 0.252911 3
0.922702 0.231605 3
0.905741 0.0475766 5
0.980008 1 1
0.903984 0.0467593 5
0.913008 0.10572 4
0.919046 0.111465 4
0.941964 0.505219 2
0.919543 0.111993 4
0.942042 0.505383 2
0.94123 0.268153 3
0.944704 0.278381 3
0.913836 0.0257736 6
0.885048 0.000168626 12
0.899521 0.00475067 8
0.947735 0.288556 3
0.906958 0.0112775 7
0.869494 2.1282e-06 17
0.925466 0.0614631 5
0.876317 2.82571e-05 14
0.875721 2.78181e-05 14
0.89426 0.00203698 9
0.973614 0.637521 2
0.972558 0.629831 2
0.950711 0.299866 3
0.930035 0.12581 4
0.931584 0.128375 4
0.890211 0.000879415 10
0.868279 4.59579e-06 16
0.888116 0.000841889 10
0.937334 0.25824 3
0.892741 0.00197759 9
0.851125 1.57457e-09 25
0.90048 0.004837 8
0.860352 1.38898e-07 20
0.856816 2.36548e-08 22
0.878164 6.52138e-05 13
0.960895 0.564016 2
0.988364 1 1
0.937373 0.258332 3
0.909606 0.0241127 6
0.915123 0.0528944 5
0.958448 0.553761 2
0.899512 0.00474986 8
0.888952 0.000856489 10
0.910142 0.024308 6
0.902548 0.0104614 7
0.89673 0.00451763 8
0.988575 1 1
0.890134 0.000877984 10
0.903897 0.0106957 7
0.90237 0.0104313 7
0.918145 0.055041 5
0.899086 0.00471262 8
0.917036 0.054224 5
0.878563 0.000318999 11
0.883762 0.000773186 10
0.939571 0.263746 3
0.882941 0.000761463 10
0.864869 4.19015e-06 16
0.878224 0.000316898 11
0.878525 0.000318762 11
0.88702 0.00178308 9
0.956969 0.548035 2
0.874741 0.000133394 12
0.893405 0.00427127 8
0.882692 0.000757972 10
0.884212 0.000779767 10
0.865958 9.72814e-06 15
0.884894 0.000789963 10
0.986319 1 1
0.981179 0.70385 2
0.921762 0.0579733 5
0.935952 0.136555 4
0.965724 0.587497 2
0.979811 0.690223 2
0.96639 0.591112 2
0.913352 0.0255689 6
0.908715 0.0116462 7
0.929786 0.125413 4
0.917332 0.0273832 6
0.947672 0.288332 3
0.953496 0.311795 3
0.929272 0.0656712 5
0.975872 0.65515 2
0.984196 1 1
0.985517 1 1
0.939 0.262295 3
0.944562 0.277934 3
0.963191 0.574605 2
0.977516 1 1
0.971754 0.624201 2
0.923637 0.116739 4
0.92497 0.118447 4
0.936504 0.256317 3
0.928691 0.12371 4
0.955817 0.543802 2
0.95559 0.54299 2
0.927239 0.121565 4
0.979771 1 1
0.931582 0.06859 5
0.931427 0.0683851 5
0.932167 0.0693782 5
0.992931 1 1
0.965627 0.586977 2
0.924472 0.0315403 6
0.970791 0.617708 2
0.969907 0.611965 2
0.904992 0.00258757 9
0.990911 1 1
0.970429 0.615333 2
0.988457 1 1
0.903407 0.00248858 9
0.876282 2.6523e-06 17
0.925933 0.0619432 5
0.925056 0.118561 4
0.926998 0.121221 4
0.953786 0.53679 2
0.978849 1 1
0.944637 0.278168 3
0.919006 0.111422 4
0.956155 0.545021 2
0.978951 1 1
0.924428 0.117742 4
0.971134 0.61999 2
0.986431 1 1
0.972382 1 1
0.903071 0.0220284 6
0.875061 0.000134286 12
0.922724 0.115618 4
0.907716 0.00277615 9
0.9129 0.00635277 8
0.972612 0.630215 2
0.912645 0.00631213 8
0.895505 0.00022531 12
0.906533 0.0026912 9
0.909641 0.00292535 9
0.913636 0.00647284 8
0.981749 0.709759 2
0.903701 0.00122521 10
0.920703 0.0150962 7
0.913334 0.00642299 8
0.908722 0.00285236 9
0.886163 1.75264e-05 15
0.913325 0.00642151 8
0.914661 0.0525874 5
0.915761 0.108192 4
0.937915 0.259626 3
0.980574 1 1
0.942164 0.270764 3
0.908166 0.0487865 5
0.950133 0.525494 2
0.994051 1 1
0.908949 0.0491992 5
0.979813 1 1
0.993182 1 1
0.968967 0.606094 2
0.890409 0.00407399 8
0.862903 9.03709e-06 15
0.911012 0.0503425 5
0.951702 0.530151 2
0.95442 0.538917 2
0.913269 0.105944 4
0.891101 0.00888146 7
0.908826 0.0491334 5
0.958753 0.554983 2
0.915068 0.107548 4
0.873976 0.000292558 11
0.920589 0.113139 4
0.882716 0.0016614 9
0.879895 0.00159076 9
0.900968 0.021457 6
0.985107 1 1
0.978959 1 1
0.96054 0.562462 2
0.956222 0.545267 2
0.961947 0.568742 2
0.949491 0.523667 2
0.916373 0.0537517 5
0.922583 0.115447 4
0.958565 0.554229 2
0.933752 0.250353 3
0.902552 0.0218834 6
0.954209 0.538206 2
0.906799 0.0231543 6
0.909302 0.0240037 6
0.9245 0.117835 4
0.967207 0.59569 2
0.941536 0.268999 3
0.965519 0.586404 2
0.912662 0.105425 4
0.917997 0.110378 4
0.972566 1 1
0.911961 0.104837 4
0.897517 0.020604 6
0.911933 0.104814 4
0.911589 0.104531 4
0.910892 0.103967 4
0.99 1 1
0.902707 0.0461936 5
0.918098 0.110481 4
0.913687 0.106308 4
0.915453 0.107904 4
0.89327 0.019677 6
0.918826 0.111233 4
0.928574 0.0648467 5
0.933958 0.132636 4
0.93965 0.144756 4
0.893433 0.000943946 10
0.895499 0.000990333 10
0.931927 0.128967 4
0.906977 0.0112813 7
0.883362 7.4568e-05 13
0.960468 0.56215 2
0.883851 7.55659e-05 13
0.890366 0.000413004 11
0.900005 0.00229906 9
0.948489 0.29129 3
0.934171 0.13304 4
0.938146 0.141262 4
0.982278 1 1
0.978944 1 1
0.912937 0.0514889 5
0.914762 0.052654 5
0.942434 0.271538 3
0.987323 1 1
0.943867 0.275785 3
0.893488 0.00427707 8
0.906977 0.0232121 6
0.908036 0.0235638 6
0.898061 0.00976346 7
0.926111 0.119982 4
0.971062 0.619511 2
0.951416 0.529282 2
0.980346 1 1
0.958432 0.553696 2
0.963352 0.575384 2
0.967541 0.59761 2
0.943988 0.509689 2
0.942396 0.506145 2
0.95555 0.542845 2
0.956297 0.545542 2
0.930397 0.243862 3
0.953044 0.534365 2
0.933941 0.250743 3
0.937285 0.258126 3
0.951206 0.528649 2
0.947505 0.518289 2
0.918574 0.110971 4
0.962023 0.569096 2
0.893958 0.000955342 10
0.899108 0.00225374 9
0.958606 0.337703 3
0.900937 0.00234812 9
0.882227 3.33066e-05 14
0.89298 0.000441058 11
0.896167 0.00100629 10
0.904303 0.00521778 8
0.970791 0.617704 2
0.892483 0.000435459 11
0.910983 0.0121648 7
0.90074 0.00233756 9
0.896378 0.00101142 10
0.875399 5.66591e-06 16
0.899705 0.00228371 9
52 0 1 2 3 4 5 6 7 8 9 10 11 13 14 16 17 18 19 20 22 23 24 25 26 28 29 30 31 32 33 34 35 37 38 39 40 41 42 43 45 46 48 49 50 51 52 53 54 55 56 58 59 
47 0 1 2 3 4 5 6 7 8 9 10 11 12 14 15 16 17 18 19 20 22 23 24 25 26 28 29 30 31 37 38 39 40 41 42 43 44 45 46 50 51 53 54 55 56 58 59 
28 0 1 2 3 5 6 8 9 14 17 18 20 22 23 24 25 26 30 31 37 40 42 45 46 51 55 56 59 
50 0 1 2 3 4 5 6 7 8 9 10 11 12 14 15 16 17 18 19 20 22 23 24 25 26 28 29 30 31 32 33 37 38 39 40 41 42 43 44 45 46 50 51 52 53 54 55 56 58 59 
57 0 2 3 4 5 6 7 8 9 10 11 12 14 15 16 17 18 19 20 21 22 23 24 25 26 27 28 29 30 31 32 33 35 36 37 38 39 40 41 42 43 44 45 46 47 48 49 50 51 52 53 54 55 56 57 58 59 
52 0 1 2 3 4 5 6 7 8 9 10 11 12 14 15 16 17 18 19 20 22 23 24 25 26 28 29 30 31 32 33 35 37 38 39 40 41 42 43 44 45 46 48 50 51 52 53 54 55 56 58 59 
53 0 1 2 3 4 5 6 7 8 9 10 11 12 14 15 16 17 18 19 20 22 23 24 25 26 28 29 30 31 32 33 35 37 38 39 40 41 42 43 44 45 46 48 50 51 52 53 54 55 56 57 58 59 
50 0 1 2 3 4 5 6 7 8 9 10 11 12 15 16 17 18 19 20 22 23 24 25 26 28 29 30 31 32 33 35 37 38 39 40 41 42 43 44 45 46 48 50 51 53 54 55 56 58 59 
18 1 2 6 17 18 20 23 24 25 30 31 37 40 45 46 51 55 59 
53 0 1 2 3 4 5 6 7 8 9 10 11 12 14 15 16 17 18 19 20 22 23 24 25 26 28 29 30 31 32 33 35 37 38 39 40 41 42 43 44 45 46 48 49 50 51 52 53 54 55 56 58 59 
29 1 2 3 5 6 8 9 10 11 17 18 20 22 23 24 25 26 30 31 37 38 40 42 45 46 51 55 56 59 
51 0 1 2 3 4 5 6 7 8 9 10 11 12 14 15 16 17 18 19 20 22 23 24 25 26 28 29 30 31 32 33 37 38 39 40 41 42 43 44 45 46 48 50 51 52 53 54 55 56 58 59 
44 0 1 2 3 4 5 6 7 8 9 10 11 14 15 16 17 18 19 20 22 23 24 25 26 28 29 30 31 37 38 39 40 42 43 44 45 46 51 53 54 55 56 58 59 
48 0 1 2 3 4 5 6 7 8 9 10 11 14 15 16 18 19 20 22 23 24 25 26 28 29 30 31 32 33 37 38 39 40 41 42 43 44 45 46 50 51 52 53 54 55 56 58 59 
51 0 1 2 3 4 5 6 7 8 9 10 11 13 14 16 17 18 19 20 22 23 24 25 26 28 29 30 31 32 33 34 37 38 39 40 41 42 43 45 46 48 49 50 51 52 53 54 55 56 58 59 
