40 15 6e+06
3.71716 137213
1.66263 140227
2.36773 122272
1.60296 100072
2.20012 197318
4.94842 118011
1.90571 121265
2.94517 151320
4.97231 150599
1.45563 144874
3.61449 132646
1.06221 198339
2.9441 102353
1.27745 134148
5.3947 178504
4.29997 144157
3.87251 173173
3.25224 187003
1.09494 117763
1.08083 176152
2.86387 168469
2.26812 174070
1.39379 175885
2.17576 137686
1.49579 144383
2.80237 131930
2.34777 135894
1.09626 104352
1.2387 111560
1.77893 145008
3.77268 167201
1.30741 184337
7.23606 155001
2.72822 102353
1.21381 157887
1.61011 198159
1.72395 115592
3.332 160762
2.24675 139070
1.9198 172798
0.868663 1.68652e-08 23
0.921488 0.0153968 7
0.908568 0.00284043 9
0.959014 0.340029 3
0.870629 4.08392e-08 22
0.896185 0.0002301 12
0.935019 0.0735327 5
0.910499 0.0029966 9
0.963971 0.371768 3
0.941853 0.150301 4
0.872314 9.70916e-08 21
0.981978 0.71217 2
0.905135 0.00127682 10
0.909899 0.00294648 9
0.87428 2.32137e-07 20
0.871873 2.52364e-05 14
0.938826 0.261859 3
0.921116 0.0574177 5
0.978769 1 1
0.86354 1.78698e-06 17
0.89871 0.00468021 8
0.941424 0.268688 3
0.898265 0.00464255 8
0.942418 0.271493 3
0.963368 0.575459 2
0.875606 6.13213e-05 13
0.991096 1 1
0.895778 0.00444392 8
0.911942 0.0249947 6
0.869594 1.06654e-05 15
0.907095 0.00273089 9
0.868517 8.30695e-08 21
0.881967 1.52381e-05 15
0.877752 2.79123e-06 17
0.964646 0.581846 2
0.921593 0.0297032 6
0.908233 0.00568155 8
0.978268 0.675784 2
0.904983 0.00258696 9
0.859398 4.31218e-10 27
0.908645 0.00573504 8
0.87795 2.81077e-06 17
0.978816 0.68081 2
0.925267 0.032092 6
0.953309 0.310949 3
0.875587 2.77215e-05 14
0.929495 0.124954 4
0.916901 0.0541271 5
0.966381 0.591065 2
0.874478 2.69382e-05 14
0.903241 0.0105803 7
0.943231 0.273869 3
0.912424 0.0251871 6
0.957963 0.551846 2
0.947715 0.288484 3
0.879291 6.70654e-05 13
0.982905 1 1
0.908412 0.0236922 6
0.91701 0.0542052 5
0.879069 6.66937e-05 13
0.874974 0.00148155 9
0.865939 0.000112413 12
0.870894 0.000622583 10
0.886994 0.00844837 7
0.919994 0.227992 3
0.896145 0.0202909 6
0.902257 0.0459998 5
0.966609 1 1
0.938272 0.497843 2
0.867727 0.000262479 11
0.877365 0.00153258 9
0.896923 0.0204667 6
0.95004 0.525225 2
0.905092 0.0472694 5
0.911717 0.104636 4
0.88523 0.000366472 11
0.919848 0.0563687 5
0.914496 0.0260595 6
0.949672 0.295756 3
0.892942 0.00198524 9
0.913217 0.0255124 6
0.946295 0.283566 3
0.933914 0.132553 4
0.967611 0.598014 2
0.929384 0.12478 4
0.888819 0.000854124 10
0.959996 0.560131 2
0.928567 0.123523 4
0.927089 0.121351 4
0.895896 0.00445286 8
0.936111 0.255426 3
0.945022 0.512104 2
0.959121 0.556481 2
0.941008 0.267548 3
0.915519 0.107965 4
0.965276 0.585117 2
0.986515 1 1
0.929848 0.242874 3
0.912797 0.051403 5
0.925981 0.119803 4
0.940098 0.265115 3
0.924453 0.117774 4
0.938097 0.260067 3
0.979308 1 1
0.927003 0.238051 3
0.964799 0.582631 2
0.931901 0.246673 3
0.960433 0.562002 2
0.905961 0.0228876 6
0.904286 0.0223785 6
0.967276 0.596087 2
0.944501 0.277744 3
0.895216 0.0044016 8
0.866872 9.95124e-06 15
0.899121 0.00991789 7
0.967591 0.597895 2
0.883572 0.000770438 10
0.90825 0.0236369 6
0.959486 0.557988 2
0.92103 0.113635 4
0.90244 0.0218525 6
0.917158 0.0543118 5
0.919455 0.1119 4
0.937402 0.258401 3
0.914385 0.0524068 5
0.93024 0.126141 4
0.953369 0.535417 2
0.953801 0.536839 2
0.952485 0.532584 2
0.917101 0.0542711 5
0.905908 0.022871 6
0.939538 0.263663 3
0.95048 0.526501 2
0.943651 0.275129 3
0.917342 0.0544462 5
0.915393 0.107848 4
0.882901 0.00366013 8
0.895934 0.0202441 6
0.892023 0.00898671 7
0.960326 0.561541 2
0.933528 0.249894 3
0.923267 0.232399 3
0.986509 1 1
0.914327 0.106876 4
0.873503 0.00064828 10
0.917471 0.109848 4
0.891009 0.00887114 7
0.994324 1 1
0.938933 0.499095 2
0.955288 0.541921 2
0.916121 0.00691181 8
0.85507 1.29147e-11 0
0.873196 4.57958e-08 22
0.857121 1.44437e-11 0
0.986289 0.762346 2
0.919883 0.0147946 7
0.892982 4.72596e-05 14
0.945923 0.162063 4
0.874779 1.07991e-07 21
0.840356 6.22864e-12 0
0.916282 0.00694224 8
0.85315 1.16604e-11 0
0.954987 0.318782 3
0.917652 0.00721073 8
0.967939 0.402587 3
0.924315 0.117597 4
0.866259 2.21161e-05 14
0.884288 0.00170375 9
0.868227 2.31351e-05 14
0.992815 1 1
0.930852 0.244697 3
0.904731 0.0225107 6
0.954403 0.538862 2
0.883391 0.000767851 10
0.851344 4.5225e-08 21
0.924921 0.118383 4
0.863597 9.18709e-06 15
0.96589 0.588387 2
0.929372 0.242033 3
0.97656 1 1
0.918665 0.0143673 7
0.847586 8.78403e-12 0
0.867688 1.61487e-08 23
0.846048 8.14732e-12 0
0.976632 0.661474 2
0.915894 0.0134823 7
0.88369 1.6118e-05 15
0.928291 0.0343872 6
0.858789 8.14065e-11 29
0.830276 3.99217e-12 0
0.917944 0.0141259 7
0.840078 6.14973e-12 0
0.938866 0.142907 4
0.910818 0.00603506 8
0.965262 0.381217 3
0.878968 0.00347921 8
0.914855 0.107353 4
0.908372 0.102027 4
0.946571 0.515894 2
0.888636 0.0187915 6
0.906719 0.100833 4
0.939604 0.500396 2
0.931116 0.245188 3
0.97429 1 1
0.926872 0.237842 3
0.882516 0.00803253 7
0.960919 1 1
0.924512 0.234203 3
0.920462 0.228594 3
0.890839 0.019198 6
0.876901 2.86984e-05 14
0.887636 0.000386997 11
0.887846 0.000388886 11
0.913565 0.0256584 6
0.90586 0.0110604 7
0.902186 0.00499928 8
0.920587 0.0569734 5
0.954962 0.318661 3
0.967265 0.596024 2
0.893987 0.00202602 9
0.879932 6.81607e-05 13
0.926152 0.0621715 5
0.94207 0.270499 3
0.913994 0.0258412 6
0.902819 0.00506257 8
0.869761 9.62179e-07 18
0.8809 3.20502e-05 14
0.880442 3.1634e-05 14
0.907896 0.0114709 7
0.90099 0.00235094 9
0.894613 0.000969924 10
0.91289 0.0126423 7
0.950176 0.297728 3
0.96792 0.599816 2
0.888674 0.000185198 12
0.872723 2.35593e-06 17
0.922351 0.0584923 5
0.936254 0.137177 4
0.906213 0.00543303 8
0.896963 0.00102592 10
0.937798 0.140486 4
0.945527 0.28102 3
0.969681 0.610533 2
0.911072 0.012186 7
0.879168 3.0523e-05 14
0.942268 0.271061 3
0.938537 0.142149 4
0.875726 1.26095e-05 15
0.859588 2.61755e-08 22
0.909734 0.0118729 7
0.940127 0.265192 3
0.885363 0.00016996 12
0.886983 0.000381218 11
0.93928 0.143875 4
0.895128 0.00207262 9
0.952068 0.305502 3
0.90135 0.00237051 9
0.921199 0.0294696 6
0.898306 0.00221472 9
0.960288 0.561378 2
0.968705 0.604493 2
0.939763 0.145027 4
0.950255 0.29804 3
0.89525 0.000984524 10
0.882464 3.35394e-05 14
0.954383 0.315898 3
0.888139 0.000182574 12
0.966337 0.590823 2
0.968076 0.60073 2
0.973074 0.63355 2
0.897215 0.00216373 9
0.884924 0.000168109 12
0.892347 0.000921211 10
0.901858 0.00496714 8
0.935351 0.135339 4
0.919624 0.0285769 6
0.923665 0.0596982 5
0.986271 1 1
0.937424 0.139665 4
0.882327 7.25306e-05 13
0.899816 0.00228934 9
0.906528 0.0111913 7
0.971541 0.622742 2
0.928825 0.0651409 5
0.930701 0.126895 4
0.935924 0.255008 3
0.945084 0.279589 3
0.95908 0.556313 2
0.941172 0.267996 3
0.915427 0.0530991 5
0.965087 0.584126 2
0.986654 1 1
0.92987 0.125547 4
0.912959 0.0254056 6
0.926119 0.119992 4
0.93991 0.264625 3
0.924636 0.118011 4
0.938079 0.260022 3
0.979126 1 1
0.926883 0.121058 4
0.881431 1.49798e-05 15
0.903981 0.00252358 9
0.901522 0.00237997 9
0.931983 0.0691278 5
0.89957 0.00109552 10
0.908466 0.00571167 8
0.934304 0.0724401 5
0.945252 0.159976 4
0.974688 0.645694 2
0.912089 0.0124368 7
0.884783 3.59637e-05 14
0.944332 0.157213 4
0.936361 0.1374 4
0.921571 0.0296899 6
0.899746 0.00110053 10
0.8805 0.00354721 8
0.920091 0.228116 3
0.912678 0.105439 4
0.952346 0.532145 2
0.886961 0.00844509 7
0.908414 0.102058 4
0.943314 0.508164 2
0.927908 0.239534 3
0.969413 1 1
0.932494 0.247824 3
0.884109 0.00372009 8
0.965694 1 1
0.922359 0.231129 3
0.922288 0.231032 3
0.889999 0.00875982 7
0.922617 0.115489 4
0.902823 0.0219589 6
0.914701 0.107213 4
0.911874 0.0508456 5
0.94637 0.51539 2
0.946434 0.515552 2
0.944025 0.509774 2
0.974997 1 1
0.924594 0.234326 3
0.893185 0.00912397 7
0.925486 0.23567 3
0.908677 0.0490544 5
0.98181 1 1
0.95545 0.542492 2
0.948724 0.521542 2
0.868477 0.000600462 10
0.940516 0.502211 2
0.92053 0.228682 3
0.980026 1 1
0.857738 4.23684e-05 13
0.894802 0.0431419 5
0.937868 0.497092 2
0.891474 0.0193198 6
0.935955 0.493672 2
0.968905 1 1
0.872197 0.00142649 9
0.987465 1 1
0.889352 0.0189209 6
0.907708 0.10154 4
0.864206 0.000247882 11
0.913392 0.051772 5
0.950533 0.526654 2
0.950935 0.527839 2
0.961564 0.566998 2
0.900387 0.0101105 7
0.941882 0.269967 3
0.983926 1 1
0.926074 0.11993 4
0.930244 0.126147 4
0.943209 0.273805 3
0.917287 0.0544056 5
0.947442 0.287517 3
0.929328 0.124692 4
0.955891 0.544065 2
0.909114 0.023937 6
0.92405 0.0312553 6
0.877397 5.77351e-07 19
0.89355 0.000101098 13
0.882037 3.26435e-06 17
0.977222 0.666517 2
0.937001 0.0767567 5
0.917135 0.0138646 7
0.969841 0.611546 2
0.898694 0.000515882 11
0.864434 1.24159e-09 26
0.925506 0.0322618 6
0.878425 1.31104e-06 18
0.982882 0.721946 2
0.938713 0.0797917 5
0.970478 0.61565 2
0.864738 0.000249993 11
0.903621 0.0465964 5
0.894874 0.0200129 6
0.93825 0.497803 2
0.877483 0.00341601 8
0.891992 0.0194209 6
0.924787 0.234613 3
0.921974 0.230602 3
0.986653 1 1
0.920399 0.228513 3
0.868209 0.000598103 10
0.959637 0.558618 2
0.913326 0.105994 4
0.90548 0.0999761 4
0.878373 0.00345358 8
0.919426 0.111868 4
0.894553 0.00929261 7
0.906765 0.0480754 5
0.903983 0.0222898 6
0.952026 0.531147 2
0.941036 0.267622 3
0.935399 0.253846 3
0.982621 1 1
0.921716 0.114423 4
0.88529 0.00173195 9
0.921985 0.114737 4
0.902028 0.0217396 6
0.990149 1 1
0.948555 0.521082 2
0.951591 0.529813 2
0.930636 0.2443 3
0.872829 5.75237e-05 13
0.891227 0.00412573 8
0.873949 0.000131232 12
0.990558 1 1
0.938169 0.26024 3
0.911373 0.0505515 5
0.955791 0.543708 2
0.886097 0.0017554 9
0.857198 2.86839e-07 19
0.931442 0.2458 3
0.868375 2.32143e-05 14
0.969385 0.608677 2
0.936649 0.256648 3
0.982195 1 1
0.919812 0.22776 3
0.853428 7.31276e-06 15
0.872692 0.00143598 9
0.853448 7.31597e-06 15
0.985545 1 1
0.920472 0.228607 3
0.890519 0.0191374 6
0.938204 0.497716 2
0.867903 0.000595421 10
0.837196 1.25264e-08 22
0.919576 0.227462 3
0.848225 1.20642e-06 17
0.94859 0.521177 2
0.916719 0.224016 3
0.970162 1 1
0.932205 0.06943 5
0.856855 1.67844e-10 28
0.878208 6.19746e-06 16
0.85277 1.14301e-11 0
0.978031 0.673646 2
0.927344 0.0634531 5
0.892105 0.000203674 12
0.927487 0.0636111 5
0.859692 9.90929e-10 26
0.837598 5.49583e-12 0
0.931311 0.0682319 5
0.844799 7.67144e-12 0
0.940462 0.146737 4
0.920814 0.0292454 6
0.975417 0.651461 2
0.907649 0.101497 4
0.883572 0.00812588 7
0.894342 0.0198997 6
0.895944 0.0202461 6
0.950063 0.525292 2
0.927798 0.239351 3
0.923618 0.232901 3
0.99675 1 1
0.923648 0.232944 3
0.876921 0.00152283 9
0.909962 0.103233 4
0.897209 0.0439981 5
0.985878 1 1
0.934979 0.49201 2
0.944932 0.511889 2
0.850659 1.02486e-11 0
0.86032 1.99403e-10 28
0.859088 1.87378e-10 28
0.888591 4.06101e-05 14
0.887966 3.97841e-05 14
0.874088 2.30326e-07 20
0.890732 9.23645e-05 13
0.935266 0.0739197 5
0.956076 0.324173 3
0.870363 8.95097e-08 21
0.853394 1.18114e-11 0
0.906052 0.002658 9
0.919826 0.0147741 7
0.884949 1.68124e-05 15
0.881407 6.9018e-06 16
0.914689 0.0526059 5
0.981309 1 1
0.983536 1 1
0.942833 0.272695 3
0.870601 1.09506e-05 15
0.931388 0.128043 4
0.954616 0.539589 2
0.880278 0.000150481 12
0.881173 0.000153617 12
0.94411 0.276529 3
0.917989 0.0549244 5
0.915032 0.0528338 5
0.888028 0.000840384 10
0.93644 0.256171 3
0.884257 0.000358739 11
0.916725 0.0540012 5
0.866698 9.9082e-06 15
0.88288 0.000760614 10
0.871734 2.51511e-05 14
0.980771 1 1
0.926898 0.121079 4
0.905958 0.0228866 6
0.964516 0.581178 2
0.892029 0.004178 8
0.854172 4.95417e-08 21
0.917756 0.0547507 5
0.869114 2.36193e-05 14
0.973072 0.633529 2
0.927675 0.122198 4
0.966883 0.59386 2
0.864068 2.73725e-09 25
0.895709 0.000226731 12
0.8891 4.13028e-05 14
0.928614 0.0346524 6
0.882128 7.07751e-06 16
0.890891 9.28239e-05 13
0.92013 0.014884 7
0.928431 0.0345017 6
0.994821 1 1
0.910373 0.00597103 8
0.867421 1.59593e-08 23
0.948547 0.170863 4
0.918184 0.0142055 7
0.904041 0.0012371 10
0.881609 6.95029e-06 16
0.96975 0.610972 2
0.926213 0.120122 4
0.951661 0.530027 2
0.910636 0.0501278 5
0.926898 0.121079 4
0.993768 1 1
0.954821 0.540292 2
0.919612 0.112068 4
0.883901 0.00169312 9
0.899067 0.00990984 7
0.9739 1 1
0.892465 0.00420704 8
0.933256 0.249342 3
0.982765 1 1
0.943127 0.273562 3
0.872344 1.14734e-05 15
0.884919 0.000363967 11
0.884279 0.00035891 11
0.911961 0.0250022 6
0.901606 0.0103047 7
0.897586 0.00458637 8
0.916848 0.0540885 5
0.950661 0.299661 3
0.970143 0.61348 2
0.892609 0.0019726 9
0.87537 2.75654e-05 14
0.92604 0.119884 4
0.937428 0.258463 3
0.909434 0.024051 6
0.898272 0.00464316 8
0.90608 0.0477399 5
0.928501 0.240531 3
0.929808 0.242803 3
0.947662 0.518701 2
0.909482 0.102863 4
0.934683 0.252301 3
0.963984 1 1
0.944208 0.510196 2
0.947376 0.517954 2
0.927366 0.238641 3
0.90974 0.103061 4
0.945769 0.513904 2
0.94352 0.508626 2
0.948814 0.521789 2
0.914589 0.107112 4
0.919838 0.112313 4
0.854572 1.40837e-06 17
0.873633 0.000649611 10
0.854954 3.27643e-06 16
0.987084 1 1
0.921257 0.113894 4
0.891867 0.00896877 7
0.940299 0.501774 2
0.869823 0.000271916 11
0.838597 9.90601e-10 25
0.919707 0.112171 4
0.849911 2.32719e-07 19
0.950614 0.526891 2
0.917819 0.110198 4
0.970768 1 1
39 0 1 2 3 4 5 6 7 8 9 10 11 12 13 14 15 16 17 18 19 20 21 22 23 24 25 26 27 28 29 30 31 33 34 35 36 37 38 39 
35 0 1 2 3 4 5 6 8 9 11 13 14 15 17 18 19 20 21 22 23 24 25 26 27 28 29 30 31 32 34 35 36 37 38 39 
37 0 1 2 3 4 5 6 8 9 10 11 12 13 14 15 17 18 19 20 21 22 23 24 25 26 27 28 29 30 31 32 34 35 36 37 38 39 
31 0 1 2 3 4 5 8 9 11 13 14 15 17 18 20 21 22 23 24 25 26 27 28 29 31 32 34 35 37 38 39 
9 2 4 10 11 12 29 32 34 39 
36 0 1 2 3 4 5 6 8 9 10 11 12 13 14 15 17 18 19 20 21 22 23 24 25 26 27 28 29 31 32 33 34 35 37 38 39 
36 0 1 2 3 4 5 6 8 9 10 11 12 13 14 15 17 18 19 20 21 22 23 24 25 26 27 28 29 30 31 32 34 35 37 38 39 
9 2 4 10 11 12 29 32 34 39 
19 2 4 9 10 11 12 14 15 18 25 27 28 29 30 31 32 34 37 39 
35 0 1 2 3 4 5 6 7 8 9 11 13 14 15 17 18 19 20 21 22 23 24 25 26 27 28 29 31 32 34 35 36 37 38 39 
37 0 1 2 3 4 5 6 8 9 10 11 12 13 14 15 17 18 19 20 21 22 23 24 25 26 27 28 29 30 31 33 34 35 36 37 38 39 
32 0 2 3 4 5 6 8 9 11 13 14 15 17 18 19 20 21 22 24 25 26 27 28 29 31 32 34 35 36 37 38 39 
17 2 4 9 10 11 12 14 15 18 25 29 31 32 34 35 37 39 
36 0 1 2 3 4 5 6 8 9 10 11 12 13 14 15 17 18 19 20 21 22 23 24 25 26 27 28 29 30 31 32 34 35 37 38 39 
33 0 1 2 3 4 5 8 9 10 11 12 13 14 15 17 18 20 21 22 23 24 25 26 27 28 29 31 32 34 35 37 38 39 
