30 15 6e+06
1.553 149327
2.83899 112341
1.30953 111125
2.08906 100261
1.23644 162897
2.24507 149859
1.80563 117379
4.3579 149513
2.01721 144600
1.79548 175476
2.69936 199191
1.78023 180607
1.03112 163437
1.75507 198514
4.15325 132145
1.98355 143790
1.48929 144727
4.38567 189430
1.35633 108953
2.30441 176643
1.57525 177176
3.42956 157730
8.25082 144274
4.81305 141984
4.47112 171234
2.06118 130898
5.05029 143595
1.96343 154583
2.68413 172718
1.30088 181710
0.917359 0.0139359 7
0.927703 0.0638525 5
0.957238 0.330207 3
0.994258 1 1
0.945652 0.161215 4
0.951121 0.301536 3
0.922476 0.0302411 6
0.927186 0.0632795 5
0.944414 0.157453 4
0.963662 0.36958 3
0.958765 0.338607 3
0.948678 0.291991 3
0.975 0.648141 2
0.92648 0.0329739 6
0.938793 0.142738 4
0.920337 0.112859 4
0.919454 0.111898 4
0.929064 0.241497 3
0.96605 0.589254 2
0.909984 0.0497623 5
0.91573 0.108163 4
0.920814 0.113391 4
0.921031 0.113637 4
0.981112 1 1
0.927882 0.239491 3
0.986392 1 1
0.933953 0.250767 3
0.985582 1 1
0.89276 0.00907313 7
0.972298 1 1
0.899208 0.044755 5
0.901247 0.0455747 5
0.94223 0.505786 2
0.965381 1 1
0.909136 0.102599 4
0.922405 0.231193 3
0.900722 0.0453587 5
0.943601 0.508809 2
0.961415 0.566329 2
0.925506 0.235701 3
0.987855 1 1
0.918242 0.225816 3
0.978122 1 1
0.90161 0.0457259 5
0.97264 1 1
0.87599 6.18794e-05 13
0.897306 0.00456367 8
0.93415 0.133 4
0.918077 0.0549901 5
0.972205 0.627338 2
0.961611 0.567213 2
0.885101 0.000365434 11
0.889199 0.000860882 10
0.871891 1.13338e-05 15
0.954096 0.537823 2
0.885606 0.000369548 11
0.913943 0.0521214 5
0.899684 0.00476508 8
0.96495 0.583415 2
0.86714 4.45374e-06 16
0.842701 3.47627e-08 21
0.848139 2.21703e-07 19
0.934004 0.250872 3
0.916966 0.109349 4
0.881936 0.00361378 8
0.907469 0.0484284 5
0.845353 8.79361e-08 20
0.982303 1 1
0.901218 0.0455628 5
0.891266 0.00890009 7
0.924665 0.234431 3
0.86665 0.000113889 12
0.917818 0.110197 4
0.899617 0.0449153 5
0.920989 0.229282 3
0.874297 5.94787e-05 13
0.891023 0.00191463 9
0.973906 0.63971 2
0.941269 0.268262 3
0.958524 0.554064 2
0.988386 1 1
0.881636 0.000339355 11
0.928921 0.124063 4
0.893297 0.00426382 8
0.95627 0.545444 2
0.912719 0.051355 5
0.911503 0.0506272 5
0.923695 0.116811 4
0.980301 1 1
0.894758 0.00436781 8
0.884129 0.00372113 8
0.893276 0.00913494 7
0.976885 1 1
0.965377 0.585648 2
0.928962 0.241321 3
0.951191 0.528602 2
0.888493 0.00395833 8
0.962327 0.570502 2
0.928647 0.240779 3
0.940875 0.502943 2
0.953056 0.534402 2
0.913643 0.10627 4
0.957312 0.549332 2
0.933524 0.249885 3
0.936931 0.257298 3
0.873484 1.02067e-07 21
0.895017 0.000106185 13
0.929962 0.0358041 6
0.913851 0.0065087 8
0.968485 0.603167 2
0.957217 0.330095 3
0.882673 3.34464e-06 17
0.885394 7.96431e-06 16
0.867997 3.30445e-09 25
0.950124 0.176677 4
0.881485 1.47911e-06 18
0.911106 0.00304888 9
0.895556 0.000108158 13
0.962217 0.359753 3
0.863097 2.30299e-10 28
0.888314 0.00858159 7
0.880535 0.00160623 9
0.894955 0.0200302 6
0.921209 0.113838 4
0.866449 0.000113468 12
0.876173 0.000676785 10
0.885455 0.0037897 8
0.90879 0.0491145 5
0.960578 0.562627 2
0.883162 0.00367289 8
0.955347 0.542127 2
0.890664 0.00883276 7
0.939543 0.500275 2
0.856132 3.36856e-06 16
0.975668 1 1
0.945749 0.513856 2
0.949234 0.522948 2
0.925556 0.235777 3
0.966838 1 1
0.92704 0.238111 3
0.922592 0.231452 3
0.948614 0.521243 2
0.902162 0.0459595 5
0.960118 0.56065 2
0.945028 0.512118 2
0.956382 0.545852 2
0.964498 1 1
0.970126 1 1
0.898437 0.0444577 5
0.941724 0.504708 2
0.901115 0.00235774 9
0.901614 0.00238505 9
0.93579 0.136224 4
0.961495 0.566688 2
0.904669 0.0052577 8
0.916684 0.0270662 6
0.901987 0.00497973 8
0.938362 0.141751 4
0.967046 0.594776 2
0.921379 0.0576416 5
0.992468 1 1
0.917619 0.027526 6
0.977232 0.666605 2
0.895674 0.00099448 10
0.979276 0.685112 2
0.912734 0.0253131 6
0.932546 0.130052 4
0.946965 0.285852 3
0.953941 0.537307 2
0.983499 1 1
0.965289 0.585183 2
0.921411 0.0576692 5
0.90262 0.0104735 7
0.909487 0.02407 6
0.995174 1 1
0.919924 0.0564297 5
0.952746 0.533411 2
0.936039 0.255264 3
0.944184 0.276759 3
0.90087 0.0101863 7
0.85811 2.47882e-08 22
0.864027 3.55104e-07 19
0.948486 0.291282 3
0.934183 0.133062 4
0.896611 0.00213651 9
0.921231 0.0575154 5
0.861017 1.42018e-07 20
0.990175 1 1
0.915164 0.026357 6
0.907071 0.0113004 7
0.939796 0.264329 3
0.882924 0.000160093 12
0.93437 0.13342 4
0.910239 0.0243438 6
0.933099 0.131046 4
0.862244 1.28145e-08 23
0.868797 4.17455e-07 19
0.954639 0.317114 3
0.939483 0.144357 4
0.902549 0.00243798 9
0.92721 0.0633061 5
0.865433 7.36683e-08 21
0.989046 1 1
0.91741 0.0274216 6
0.913021 0.0126766 7
0.942465 0.151936 4
0.887995 0.000181883 12
0.938438 0.141923 4
0.915585 0.0265492 6
0.933963 0.132646 4
0.859177 1.8822e-10 28
0.864553 6.28168e-09 24
0.946356 0.163446 4
0.934496 0.07273 5
0.895148 0.00022286 12
0.919184 0.0145464 7
0.861863 1.09665e-09 26
0.986443 0.764311 2
0.917546 0.013996 7
0.906086 0.00266032 9
0.942002 0.150695 4
0.883234 1.58775e-05 15
0.935737 0.0746673 5
0.907538 0.00276301 9
0.936067 0.0752017 5
0.930466 0.243989 3
0.943006 0.50748 2
0.944944 0.511918 2
0.978835 1 1
0.950617 0.5269 2
0.946477 0.515658 2
0.936617 0.49483 2
0.911731 0.104648 4
0.941 0.5032 2
0.969436 1 1
0.948559 0.521094 2
0.96469 1 1
0.965751 1 1
0.921807 0.230375 3
0.929756 0.242711 3
0.901969 0.0458775 5
0.892527 0.0090456 7
0.893825 0.0197913 6
0.925037 0.234987 3
0.871059 0.000277773 11
0.877647 0.00153886 9
0.898444 0.0208236 6
0.900982 0.0454653 5
0.971678 1 1
0.888242 0.00857419 7
0.957085 0.54847 2
0.901012 0.0454775 5
0.943988 0.509688 2
0.856411 3.39089e-06 16
0.974066 1 1
0.843225 7.11835e-12 0
0.847684 1.10097e-10 28
0.92957 0.125071 4
0.915972 0.0534724 5
0.878232 6.53233e-05 13
0.902945 0.0105291 7
0.845468 1.84427e-11 30
0.976929 0.663992 2
0.903915 0.0106991 7
0.888314 0.000845298 10
0.926689 0.120784 4
0.865784 8.46386e-07 18
0.918467 0.055285 5
0.894029 0.00202772 9
0.924717 0.0607129 5
0.91743 0.109807 4
0.917602 0.109979 4
0.932968 0.248764 3
0.968933 1 1
0.911973 0.104848 4
0.918862 0.111271 4
0.918328 0.110716 4
0.925094 0.235073 3
0.977072 1 1
0.929761 0.24272 3
0.989367 1 1
0.932953 0.248733 3
0.988783 1 1
0.896025 0.0202642 6
0.972133 1 1
0.949139 0.522683 2
0.936134 0.255477 3
0.894163 0.019862 6
0.934358 0.251613 3
0.891976 0.00898136 7
0.887889 0.00853812 7
0.944482 0.510833 2
0.881576 0.00163207 9
0.968273 1 1
0.909041 0.0492481 5
0.945224 0.512585 2
0.938802 0.498845 2
0.947465 0.518186 2
0.864636 4.83614e-05 13
0.943314 0.508164 2
0.91792 0.1103 4
0.922688 0.115573 4
0.946105 0.282929 3
0.985112 1 1
0.926905 0.121089 4
0.933922 0.250703 3
0.920775 0.113347 4
0.929322 0.124682 4
0.962267 0.570222 2
0.94478 0.278621 3
0.977712 1 1
0.940924 0.26732 3
0.994734 1 1
0.910394 0.0499909 5
0.957602 0.550444 2
0.969996 0.612538 2
0.958447 0.336808 3
0.895962 0.00100133 10
0.935939 0.136528 4
0.90432 0.00521962 8
0.894952 0.000977654 10
0.966811 0.593455 2
0.875282 2.56359e-06 17
0.951401 0.302691 3
0.920278 0.0289402 6
0.934601 0.133864 4
0.958025 0.334467 3
0.942845 0.152976 4
0.871755 1.0292e-06 18
0.92714 0.0632296 5
0.860987 9.14321e-11 29
0.862268 2.20473e-10 28
0.925724 0.0324184 6
0.927439 0.0337068 6
0.87962 1.37326e-06 18
0.899985 0.000535897 11
0.861951 2.16863e-10 28
0.960238 0.347243 3
0.927917 0.0340851 6
0.892871 9.88763e-05 13
0.948345 0.170147 4
0.878898 6.13975e-07 19
0.935867 0.0748758 5
0.88564 8.03773e-06 16
0.951077 0.180396 4
0.883254 0.000161369 12
0.875975 2.80035e-05 14
0.894689 0.00205441 9
0.918988 0.0556867 5
0.864292 3.58207e-07 19
0.875066 1.23741e-05 15
0.880592 6.9318e-05 13
0.911046 0.0246468 6
0.955711 0.543422 2
0.880779 6.96534e-05 13
0.953207 0.310491 3
0.886569 0.000377634 11
0.936888 0.138509 4
0.855532 9.86144e-09 23
0.973503 0.636696 2
0.88102 6.81028e-06 16
0.896085 0.000479144 11
0.986806 0.769008 2
0.953355 0.311158 3
0.95505 0.319089 3
0.984146 0.736251 2
0.887734 3.94844e-05 14
0.938676 0.142468 4
0.905502 0.00262102 9
0.959009 0.339997 3
0.925785 0.0324625 6
0.917137 0.0138652 7
0.936295 0.075575 5
0.966297 0.590603 2
0.90771 0.00277565 9
0.840294 5.83443e-09 23
0.850743 1.28139e-06 17
0.952147 0.531525 2
0.917441 0.109819 4
0.901473 0.0456689 5
0.930344 0.243766 3
0.845012 8.7097e-08 20
0.969914 1 1
0.88522 0.00377733 8
0.905604 0.047511 5
0.909575 0.102934 4
0.870683 0.000275966 11
0.909886 0.103174 4
0.930314 0.243712 3
0.89899 0.0209561 6
0.904742 0.0108492 7
0.919295 0.0559278 5
0.970462 0.615549 2
0.974531 0.644476 2
0.961824 0.568182 2
0.971928 0.625404 2
0.91139 0.0247787 6
0.928372 0.123229 4
0.924307 0.117587 4
0.976273 0.658456 2
0.940713 0.266749 3
0.940996 0.267515 3
0.955053 0.541097 2
0.946597 0.284587 3
0.921119 0.05742 5
0.862492 4.63586e-05 13
0.878337 0.00155441 9
0.971952 1 1
0.932554 0.247942 3
0.944561 0.511016 2
0.973727 1 1
0.869446 0.000270175 11
0.935005 0.252992 3
0.886552 0.00840484 7
0.942283 0.505901 2
0.907595 0.0484925 5
0.898708 0.0208873 6
0.916526 0.108921 4
0.978601 1 1
0.89077 0.00884456 7
0.930961 0.127326 4
0.948453 0.29116 3
0.940051 0.264994 3
0.964439 0.580787 2
0.962213 0.569973 2
0.94946 0.294942 3
0.938955 0.262182 3
0.901609 0.0103052 7
0.926742 0.120858 4
0.979406 1 1
0.933084 0.131019 4
0.970639 0.616705 2
0.949995 0.297014 3
0.926063 0.119915 4
0.914617 0.0261129 6
0.904268 0.046888 5
0.926781 0.237695 3
0.930489 0.244031 3
0.931939 0.246747 3
0.985495 1 1
0.954777 0.540141 2
0.913891 0.106488 4
0.885195 0.003776 8
0.88972 0.00872965 7
0.972418 1 1
0.898788 0.0209067 6
0.942637 0.50667 2
0.914661 0.107176 4
0.942269 0.505872 2
0.880239 0.00159903 9
29 0 1 2 3 4 5 6 7 8 9 10 11 12 13 14 15 16 18 19 20 21 22 23 24 25 26 27 28 29 
30 0 1 2 3 4 5 6 7 8 9 10 11 12 13 14 15 16 17 18 19 20 21 22 23 24 25 26 27 28 29 
15 1 2 4 6 8 10 12 13 14 16 17 18 22 23 25 
19 1 2 4 5 6 8 10 12 13 14 16 17 18 20 22 23 24 25 27 
26 0 1 2 4 5 6 8 9 10 11 12 13 14 15 16 17 18 19 20 22 23 24 25 26 27 28 
19 1 2 4 5 6 8 10 12 13 14 16 17 18 20 22 23 24 25 27 
30 0 1 2 3 4 5 6 7 8 9 10 11 12 13 14 15 16 17 18 19 20 21 22 23 24 25 26 27 28 29 
6 4 12 14 17 22 23 
13 2 4 6 8 10 12 13 14 16 17 22 23 25 
23 0 1 2 3 4 5 6 7 8 10 12 13 14 16 17 18 20 22 23 24 25 26 27 
15 2 4 5 6 8 10 12 13 14 17 22 23 24 25 27 
30 0 1 2 3 4 5 6 7 8 9 10 11 12 13 14 15 16 17 18 19 20 21 22 23 24 25 26 27 28 29 
18 2 4 5 6 8 10 12 13 14 16 17 18 22 23 24 25 26 27 
19 1 2 4 5 6 8 10 12 13 14 16 17 18 20 22 23 24 25 27 
10 4 6 8 12 13 14 17 22 23 25 
