60 15 8e+06
2.91344 152804
1.93103 181963
2.86624 186959
2.1693 155070
1.91516 155235
2.54079 186615
2.81045 163077
1.35449 103099
2.55869 124857
1.59246 142118
2.70718 104859
1.96916 165187
1.57058 139007
2.1739 114691
1.36471 174251
1.06275 140105
2.90373 197456
1.76809 199869
1.24382 106469
2.11825 112959
1.30501 138487
1.0732 127811
2.06825 157156
1.78702 117711
1.03292 177060
1.17828 104447
1.38258 166174
2.38881 162747
2.21113 176372
1.57397 197145
1.27248 161357
1.93298 178223
2.73464 190093
1.19185 140418
1.38304 122431
2.07023 138102
2.1443 105349
2.11881 150777
1.00199 103286
2.01468 176901
1.72777 135536
1.40971 174644
1.66337 126670
2.28213 133458
2.9365 192904
2.20517 129003
1.56213 167331
2.04493 163311
1.4156 156766
1.20967 165017
1.27 114757
2.31153 155057
1.09652 165937
1.39943 180736
2.64604 157693
1.37166 176387
2.70111 129900
2.28144 156925
1.81137 188918
1.79463 102994
0.900586 0.00484668 8
0.934502 0.133674 4
0.899919 0.00229465 9
0.884939 0.000168169 12
0.924643 0.0606401 5
0.911837 0.0249535 6
0.931464 0.128171 4
0.94648 0.284189 3
0.878989 3.03726e-05 14
0.954126 0.314694 3
0.936151 0.136963 4
0.877188 1.31571e-05 15
0.955777 0.322668 3
0.929699 0.125275 4
0.93437 0.13342 4
0.940307 0.501791 2
0.938258 0.497818 2
0.995569 1 1
0.968286 1 1
0.90893 0.049189 5
0.955335 0.542087 2
0.884184 0.0037239 8
0.895909 0.0202384 6
0.966005 1 1
0.938889 0.49901 2
0.883479 0.00368854 8
0.978732 1 1
0.937277 0.258107 3
0.953487 0.535806 2
0.958509 0.554006 2
0.995885 1 1
0.967096 0.595061 2
0.945853 0.282092 3
0.961114 0.564981 2
0.95467 0.31726 3
0.98425 1 1
0.924131 0.0601422 5
0.878777 1.37964e-05 15
0.910871 0.0121379 7
0.939496 0.144388 4
0.921235 0.0294907 6
0.932361 0.129724 4
0.930978 0.0677977 5
0.923059 0.0591338 5
0.950299 0.298214 3
0.913409 0.00643526 8
0.946079 0.162559 4
0.900077 0.000537368 11
0.890899 4.39074e-05 14
0.945201 0.15982 4
0.921042 0.0152248 7
0.955514 0.321361 3
0.923685 0.0163016 7
0.87401 1.04418e-07 21
0.952856 0.30893 3
0.960288 0.34755 3
0.877572 5.81455e-07 19
0.949433 0.174076 4
0.920781 0.0151257 7
0.934682 0.0730129 5
0.931521 0.128268 4
0.926468 0.0625047 5
0.982782 0.720848 2
0.964689 0.582066 2
0.898047 0.00220241 9
0.944772 0.278594 3
0.873102 2.38506e-06 17
0.88822 0.000182969 12
0.974033 0.640669 2
0.927265 0.0633665 5
0.872301 2.32419e-06 17
0.989287 1 1
0.926258 0.0622829 5
0.945127 0.279727 3
0.946451 0.284091 3
0.960304 0.561445 2
0.925564 0.235788 3
0.926046 0.236534 3
0.955353 0.542149 2
0.920594 0.228766 3
0.946566 0.515884 2
0.891489 0.0193227 6
0.843627 8.37869e-08 20
0.8983 0.0444057 5
0.900585 0.0453032 5
0.887614 0.00851029 7
0.926393 0.237079 3
0.893145 0.0196516 6
0.891602 0.0193446 6
0.914198 0.106761 4
0.920124 0.0288534 6
0.926411 0.062444 5
0.974452 0.643865 2
0.944605 0.15802 4
0.895493 0.000471442 11
0.936888 0.138509 4
0.874326 1.12625e-06 18
0.909278 0.00581935 8
0.977918 0.67264 2
0.937745 0.140369 4
0.874563 1.13588e-06 18
0.964138 0.579268 2
0.939869 0.145283 4
0.965342 0.585463 2
0.95382 0.313278 3
0.895906 0.00022812 12
0.926561 0.0330343 6
0.915893 0.0134821 7
0.892926 0.000208569 12
0.904239 0.00124413 10
0.911776 0.0061772 8
0.900934 0.00113551 10
0.976756 0.66252 2
0.904204 0.0012429 10
0.957231 0.33017 3
0.904429 0.00125096 10
0.894528 0.000218708 12
0.966242 0.590303 2
0.956137 0.324482 3
0.943736 0.155479 4
0.953621 0.312363 3
0.945134 0.279748 3
0.985764 1 1
0.982319 1 1
0.918074 0.0277564 6
0.966557 0.592039 2
0.891364 0.000901501 10
0.888503 0.000394917 11
0.952355 0.306739 3
0.938238 0.14147 4
0.890052 0.00087645 10
0.974131 0.641413 2
0.934462 0.133595 4
0.944459 0.277611 3
0.957907 0.551629 2
0.967923 0.599833 2
0.933843 0.25054 3
0.936949 0.257341 3
0.966237 0.590272 2
0.924964 0.11844 4
0.956498 0.546282 2
0.895245 0.00440376 8
0.853027 4.77301e-08 21
0.908127 0.0235947 6
0.910034 0.0242684 6
0.891742 0.00415913 8
0.936049 0.255286 3
0.902797 0.0105037 7
0.902089 0.0103843 7
0.924468 0.117793 4
0.933703 0.132158 4
0.964662 0.581926 2
0.943905 0.275902 3
0.926434 0.0624684 5
0.936723 0.138158 4
0.949848 0.29644 3
0.923877 0.0598996 5
0.937282 0.139355 4
0.919386 0.055999 5
0.996401 1 1
0.925574 0.0615736 5
0.920042 0.0565258 5
0.992865 1 1
0.967096 0.595061 2
0.979806 0.690176 2
0.979839 1 1
0.944639 0.278175 3
0.938978 0.262241 3
0.965043 0.583897 2
0.936649 0.256648 3
0.965721 0.587479 2
0.906523 0.0230655 6
0.86042 1.63992e-06 17
0.907307 0.0233203 6
0.918986 0.111401 4
0.90302 0.022014 6
0.933522 0.24988 3
0.911194 0.0504473 5
0.907698 0.0234499 6
0.932088 0.247035 3
0.95513 0.319477 3
0.922524 0.0586479 5
0.908174 0.0115297 7
0.934706 0.134068 4
0.927857 0.0640258 5
0.93706 0.138878 4
0.900989 0.00488419 8
0.836064 5.13251e-12 0
0.878308 1.36027e-05 15
0.894089 0.000958223 10
0.896339 0.00212449 9
0.904831 0.00527548 8
0.885732 0.000171549 12
0.879026 3.04032e-05 14
0.904105 0.00519651 8
0.970838 0.618016 2
0.959859 0.344967 3
0.971392 0.621733 2
0.979531 0.687536 2
0.934744 0.0731079 5
0.984286 0.737881 2
0.906742 0.00133928 10
0.888519 1.90534e-05 15
0.935678 0.0745733 5
0.945036 0.159317 4
0.905017 0.00127241 10
0.95652 0.326445 3
0.938927 0.0801887 5
0.94049 0.146807 4
0.962597 0.362278 3
0.932804 0.0702603 5
0.954806 0.317912 3
0.899787 0.0011017 10
0.900719 0.00233645 9
0.97648 0.660191 2
0.932429 0.0697375 5
0.986711 1 1
0.89188 0.000202367 12
0.868375 1.84234e-07 20
0.939115 0.143488 4
0.98579 1 1
0.879658 6.50237e-06 16
0.931225 0.0681195 5
0.905459 0.00534584 8
0.928732 0.0650313 5
0.946205 0.283263 3
0.913549 0.012817 7
0.90169 0.00238924 9
0.929055 0.065413 5
0.919146 0.028318 6
0.928615 0.0648949 5
0.89305 0.00044186 11
0.828141 3.64725e-12 0
0.873109 2.38561e-06 17
0.885551 7.92123e-05 13
0.888332 0.000183514 12
0.900093 0.00230361 9
0.877345 6.02624e-06 16
0.871429 1.01778e-06 18
0.895894 0.000999719 10
0.969823 0.611433 2
0.944589 0.157972 4
0.914799 0.0131629 7
0.935032 0.0735535 5
0.955103 0.319343 3
0.951518 0.303177 3
0.927372 0.0634843 5
0.854896 2.92299e-11 30
0.881552 1.50372e-05 15
0.914112 0.0129703 7
0.922681 0.0303692 6
0.904764 0.00257286 9
0.905049 0.00259124 9
0.89326 0.000210612 12
0.920557 0.0290984 6
0.943175 0.273705 3
0.955982 0.544396 2
0.977291 0.667114 2
0.953334 0.311064 3
0.92387 0.0598927 5
0.961925 0.568642 2
0.902358 0.00501632 8
0.916812 0.0540631 5
0.9492 0.293948 3
0.964255 0.579854 2
0.902482 0.00502862 8
0.952711 0.308291 3
0.962828 0.572863 2
0.972932 0.632513 2
0.983612 1 1
0.951779 0.530388 2
0.928111 0.239873 3
0.958081 0.552309 2
0.98585 1 1
0.908623 0.0490259 5
0.953401 0.535522 2
0.879822 0.000719976 10
0.862466 8.94443e-06 15
0.935569 0.254221 3
0.913607 0.0519073 5
0.877423 0.000690991 10
0.965489 0.586244 2
0.908659 0.0490451 5
0.916653 0.109044 4
0.931869 0.246613 3
0.928436 0.123325 4
0.963352 0.575384 2
0.921044 0.0573561 5
0.909925 0.0242286 6
0.949748 0.296051 3
0.939237 0.262894 3
0.946374 0.28383 3
0.930516 0.12659 4
0.894397 0.00204253 9
0.974994 0.648092 2
0.94922 0.294025 3
0.897918 0.00461363 8
0.970034 0.612782 2
0.940905 0.267267 3
0.956581 0.546587 2
0.992587 1 1
0.966935 0.594151 2
0.938297 0.260554 3
0.953454 0.311604 3
0.960789 0.563549 2
0.977584 0.669675 2
0.929825 0.125476 4
0.876243 2.82018e-05 14
0.903479 0.0106218 7
0.937149 0.13907 4
0.92655 0.12059 4
0.924639 0.060636 5
0.928214 0.122993 4
0.917886 0.0548469 5
0.945716 0.281639 3
0.951535 0.529642 2
0.97578 1 1
0.958964 0.555842 2
0.9455 0.51325 2
0.943045 0.507566 2
0.969216 1 1
0.922652 0.231536 3
0.919239 0.227039 3
0.928233 0.240078 3
0.980077 1 1
0.922879 0.231851 3
0.935068 0.492159 2
0.973245 1 1
0.962944 1 1
0.992585 1 1
0.933511 0.0712691 5
0.963468 0.36823 3
0.910125 0.00593606 8
0.906251 0.00267161 9
0.968467 0.603058 2
0.938163 0.141302 4
0.969853 0.611622 2
0.908618 0.0028443 9
0.880066 3.03313e-06 17
0.955524 0.321409 3
0.971982 0.625784 2
0.888461 4.04362e-05 14
0.948179 0.169565 4
0.920989 0.0293467 6
0.942319 0.151541 4
0.976204 0.65789 2
0.969239 0.607772 2
0.964595 0.581583 2
0.970404 0.615165 2
0.943964 0.276082 3
0.993842 1 1
0.915884 0.0266874 6
0.891744 0.000909024 10
0.928581 0.0648552 5
0.950917 0.300698 3
0.914152 0.0259094 6
0.947397 0.287359 3
0.94375 0.275427 3
0.940731 0.266797 3
0.966342 0.590851 2
0.938916 0.262085 3
0.924166 0.117407 4
0.970776 0.617608 2
0.977537 1 1
0.899586 0.00998749 7
0.947086 0.517206 2
0.872401 5.69753e-05 13
0.872255 5.6789e-05 13
0.956086 0.54477 2
0.917243 0.109622 4
0.870787 5.49808e-05 13
0.986861 1 1
0.914272 0.0523335 5
0.92831 0.123136 4
0.936631 0.256606 3
0.975739 0.654064 2
0.945905 0.282263 3
0.952273 0.306383 3
0.979645 0.688628 2
0.930779 0.127023 4
0.970859 0.618155 2
0.9009 0.00234612 9
0.867328 3.96683e-07 19
0.920959 0.0572843 5
0.924388 0.0603907 5
0.898027 0.00220144 9
0.947623 0.288159 3
0.917472 0.0274525 6
0.917682 0.0275577 6
0.939953 0.145487 4
0.928925 0.241257 3
0.919008 0.111424 4
0.972491 1 1
0.965802 0.587917 2
0.892357 0.0090257 7
0.939588 0.263792 3
0.866446 5.01648e-05 13
0.877203 0.000688444 10
0.968997 0.606275 2
0.916914 0.109298 4
0.865288 2.16403e-05 14
0.99767 1 1
0.915374 0.10783 4
0.933384 0.249601 3
0.936161 0.255539 3
0.936097 0.255393 3
0.922865 0.115787 4
0.971975 0.625732 2
0.97426 0.642396 2
0.897585 0.00458629 8
0.945122 0.27971 3
0.870764 1.09978e-05 15
0.873844 2.65074e-05 14
0.959907 0.559755 2
0.91739 0.0544806 5
0.869288 1.05812e-05 15
0.990823 1 1
0.914831 0.0526996 5
0.930046 0.125829 4
0.936809 0.257017 3
0.919817 0.0286831 6
0.915248 0.0263952 6
0.971254 0.620799 2
0.953895 0.313622 3
0.886787 0.000176236 12
0.932773 0.130458 4
0.862499 2.92323e-08 22
0.884902 7.77867e-05 13
0.983583 1 1
0.918374 0.0279111 6
0.861859 2.852e-08 22
0.984872 1 1
0.918426 0.0279379 6
0.940285 0.1463 4
0.93677 0.13826 4
0.903979 0.00123492 10
0.923843 0.0311184 6
0.945197 0.159807 4
0.916136 0.0135552 7
0.893834 0.000214217 12
0.922057 0.0299828 6
0.879948 3.01999e-06 17
0.94419 0.156794 4
0.944939 0.159022 4
0.949042 0.172642 4
0.881734 6.98066e-06 16
0.928238 0.0343439 6
0.956544 0.326565 3
0.982692 0.719859 2
0.953086 0.309949 3
0.918179 0.0142037 7
0.946194 0.162926 4
0.941089 0.148317 4
0.917854 0.0140963 7
0.918359 0.0142637 7
0.935419 0.0741607 5
0.90748 0.00275881 9
0.951865 0.304638 3
0.924794 0.031761 6
0.976925 0.663963 2
0.909703 0.00587726 8
0.918507 0.0143137 7
0.986492 0.764943 2
0.978722 0.679933 2
0.969276 0.608 2
0.935292 0.0739606 5
0.970203 0.613864 2
0.923686 0.0310148 6
0.914748 0.0131483 7
0.957085 0.329393 3
0.945158 0.159689 4
0.950734 0.299958 3
0.923698 0.0310226 6
0.895258 0.000468439 11
0.97438 0.643315 2
0.952885 0.309056 3
0.900803 0.00113153 10
0.96727 0.596051 2
0.939216 0.143724 4
0.9585 0.337107 3
0.964015 1 1
0.946986 0.516949 2
0.909589 0.102944 4
0.926792 0.237713 3
0.964331 1 1
0.94795 0.519459 2
0.938238 0.497779 2
0.857834 4.24433e-05 13
0.875905 0.00335162 8
0.916363 0.223606 3
0.933266 0.489217 2
0.897424 0.0440775 5
0.907086 0.101093 4
0.892394 0.0195004 6
0.920084 0.228107 3
0.97591 1 1
0.942187 0.270832 3
0.942928 0.272976 3
0.970637 0.616692 2
0.931556 0.246016 3
0.965194 0.584684 2
0.901527 0.0216048 6
0.860582 1.64708e-06 17
0.912168 0.0510211 5
0.918291 0.110679 4
0.898224 0.00978679 7
0.939132 0.262628 3
0.910925 0.0502923 5
0.909437 0.0494618 5
0.932615 0.248062 3
0.926894 0.0332864 6
0.936028 0.0751371 5
0.97773 0.670966 2
0.946983 0.165496 4
0.904612 0.00125758 10
0.944538 0.157821 4
0.88381 3.49534e-06 17
0.915226 0.0067475 8
0.967457 0.398546 3
0.948077 0.169212 4
0.884137 7.60411e-06 16
0.960072 0.346243 3
0.949854 0.17565 4
0.973555 0.637083 2
0.964311 0.374206 3
0.963559 0.576395 2
0.930361 0.243798 3
0.937837 0.497036 2
0.967933 1 1
0.920231 0.228295 3
0.953793 0.536814 2
0.890617 0.00882753 7
0.851543 1.30655e-06 17
0.910385 0.103564 4
0.907713 0.101544 4
0.88721 0.00846983 7
0.938865 0.498964 2
0.900794 0.0453881 5
0.901523 0.0456896 5
0.922834 0.231789 3
0.927103 0.238214 3
0.922612 0.23148 3
0.979003 1 1
0.960425 1 1
0.894045 0.0198373 6
0.940402 0.501981 2
0.869442 0.000609118 10
0.887862 0.0186544 6
0.97834 1 1
0.924626 0.234373 3
0.868734 0.000602748 10
0.988263 1 1
0.924106 0.233608 3
0.944358 0.510542 2
0.943494 0.508568 2
0.978628 0.679071 2
0.952239 0.306237 3
0.922972 0.0590545 5
0.942198 0.270862 3
0.95825 0.552973 2
0.960326 0.561541 2
0.928696 0.123718 4
0.861915 6.46567e-08 21
0.889222 0.000401724 11
0.921767 0.0579772 5
0.92441 0.060412 5
0.912026 0.025028 6
0.912723 0.0253085 6
0.901454 0.00492824 8
0.928913 0.12405 4
0.982384 1 1
0.95912 0.556479 2
0.926894 0.237877 3
0.943876 0.509433 2
0.963382 1 1
0.96555 1 1
0.932929 0.248685 3
0.868108 0.00026415 11
0.892623 0.0195463 6
0.928355 0.240284 3
0.928916 0.241241 3
0.914365 0.10691 4
0.919208 0.227001 3
0.907193 0.101169 4
0.935021 0.49208 2
0.897973 0.00975096 7
0.922874 0.115799 4
0.931445 0.245806 3
0.904262 0.0223714 6
0.895152 0.00439683 8
0.915591 0.0532106 5
0.885411 0.00173543 9
0.962128 0.569576 2
0.927242 0.12157 4
0.952245 0.531831 2
0.887931 0.00181131 9
0.91255 0.0512517 5
0.961625 0.567273 2
0.974104 1 1
0.948802 0.521757 2
0.960111 0.560619 2
0.995516 1 1
0.943399 0.508354 2
0.939388 0.499974 2
0.963179 0.574546 2
0.971406 1 1
0.941045 0.503293 2
0.90909 0.0492747 5
0.910505 0.103659 4
0.97193 1 1
0.940576 0.502333 2
0.921524 0.229994 3
0.962135 0.569613 2
0.943649 0.508917 2
0.971849 1 1
0.932743 0.130404 4
0.955889 0.323228 3
0.958678 0.338109 3
0.935569 0.135776 4
0.924607 0.0606049 5
0.951038 0.301192 3
0.908054 0.00565859 8
0.934172 0.133042 4
0.937161 0.139095 4
0.978093 0.674208 2
0.90921 0.00581014 8
0.93504 0.134722 4
0.98047 0.696691 2
0.983336 0.726992 2
0.985437 1 1
0.954469 0.316304 3
0.932921 0.0704247 5
0.900242 0.000540036 11
0.920505 0.0150223 7
0.950332 0.177475 4
0.936794 0.0764065 5
0.927124 0.0334624 6
0.844803 7.67258e-12 0
0.867512 3.22652e-09 25
0.90268 0.000582211 11
0.921874 0.0155486 7
0.890576 4.34212e-05 14
0.893575 0.000101184 13
0.880202 1.40507e-06 18
0.907365 0.00136491 10
0.981631 0.708524 2
0.965743 0.587595 2
0.928648 0.0649327 5
0.942731 0.152663 4
0.969489 0.609325 2
0.968351 0.602368 2
0.938407 0.141854 4
0.874042 2.45971e-06 17
0.894027 0.000453283 11
0.934538 0.133743 4
0.934651 0.13396 4
0.914339 0.0130332 7
0.925229 0.0612235 5
0.911798 0.0123638 7
0.940012 0.145631 4
0.92913 0.035084 6
0.962905 0.364356 3
0.915018 0.00671044 8
0.906774 0.00134057 10
0.956605 0.326884 3
0.937489 0.077598 5
0.956353 0.325581 3
0.922119 0.0156467 7
0.887 1.80464e-05 15
0.966106 0.387683 3
0.959323 0.341811 3
0.892379 9.73121e-05 13
0.960161 0.346777 3
0.931603 0.0686176 5
0.949552 0.174521 4
0.930194 0.0668011 5
0.951704 0.303961 3
0.896862 0.00102339 10
0.897923 0.00105057 10
0.974245 0.642276 2
0.929496 0.0659421 5
0.989852 1 1
0.890319 0.000193678 12
0.865569 3.30092e-08 22
0.93642 0.137521 4
0.988873 1 1
0.876813 2.70133e-06 17
0.928684 0.0649749 5
0.902786 0.00245175 9
0.925796 0.0618009 5
0.91027 0.0243553 6
0.944548 0.27789 3
0.907851 0.0114616 7
0.893863 0.0020211 9
0.933579 0.131929 4
0.921481 0.0577296 5
0.93756 0.258775 3
0.942221 0.270928 3
0.885084 0.000365293 11
0.962869 0.573057 2
0.94179 0.269707 3
0.884878 0.000363639 11
0.96297 0.573542 2
0.935084 0.134808 4
0.942944 0.273021 3
0.968918 0.605793 2
0.974954 0.647777 2
0.965419 0.585871 2
0.962851 0.572972 2
0.945365 0.280494 3
0.988236 1 1
0.919166 0.0558257 5
0.900792 0.010174 7
0.929821 0.125469 4
0.960571 0.562598 2
0.91802 0.0549475 5
0.944728 0.278457 3
0.953425 0.535601 2
0.948852 0.292636 3
0.975967 0.655931 2
0.893304 0.019684 6
0.924351 0.233967 3
0.912165 0.105007 4
0.889543 0.00871069 7
0.90303 0.0463345 5
0.908883 0.0491638 5
0.900919 0.0454395 5
0.978919 1 1
0.900423 0.0213156 6
0.954621 0.539603 2
0.90459 0.0470359 5
0.89081 0.00884893 7
0.963283 0.575046 2
0.952115 0.531426 2
0.940403 0.501983 2
0.959179 0.55672 2
0.949919 0.296718 3
0.906822 0.01125 7
0.921179 0.0574712 5
0.972933 0.632524 2
0.945743 0.281729 3
0.948327 0.290698 3
0.862309 6.55887e-08 21
0.872974 5.26164e-06 16
0.919901 0.0564114 5
0.94321 0.273808 3
0.89286 0.000931822 10
0.910554 0.0120628 7
0.893533 0.000946108 10
0.921238 0.0575213 5
0.909318 0.0058247 8
0.925315 0.0321259 6
0.87199 9.57727e-08 21
0.875394 5.33138e-07 19
0.952924 0.309229 3
0.905434 0.00261652 9
0.981478 0.706932 2
0.870199 4.00802e-08 22
0.841146 6.45971e-12 0
0.910179 0.00594368 8
0.979691 0.689068 2
0.853151 1.16607e-11 0
0.903091 0.00120438 10
0.877345 1.25831e-06 18
0.899436 0.000527226 11
0.909236 0.0239804 6
0.943499 0.274671 3
0.9086 0.0237573 6
0.893843 0.00430197 8
0.93131 0.12791 4
0.920928 0.11352 4
0.934638 0.252206 3
0.945203 0.279969 3
0.88651 0.00081518 10
0.963526 0.576235 2
0.938818 0.261839 3
0.885621 0.000801119 10
0.964421 0.580698 2
0.936978 0.257407 3
0.943553 0.274834 3
0.939408 0.263331 3
0.930852 0.244697 3
0.983532 1 1
0.974209 1 1
0.903633 0.0221884 6
0.951331 0.529024 2
0.877579 0.000312963 11
0.884233 0.00170223 9
0.964524 0.581222 2
0.927744 0.239262 3
0.876434 0.000306196 11
0.989555 1 1
0.925525 0.119185 4
0.941093 0.267779 3
0.94735 0.517887 2
0.927866 0.0640351 5
0.95719 0.329948 3
0.904391 0.00522733 8
0.900355 0.00231723 9
0.964853 0.582909 2
0.932082 0.129235 4
0.97276 0.631276 2
0.907805 0.0114519 7
0.874831 5.56705e-06 16
0.950888 0.300581 3
0.975963 0.655892 2
0.882764 7.33787e-05 13
0.944184 0.276759 3
0.916557 0.0270056 6
0.936795 0.138311 4
0.988804 1 1
0.974391 1 1
0.943525 0.274749 3
0.954843 0.540369 2
0.961911 0.56858 2
0.984008 1 1
0.931429 0.245774 3
0.883601 0.000770855 10
0.908296 0.0236524 6
0.944991 0.279291 3
0.928691 0.12371 4
0.927835 0.122431 4
0.936039 0.255264 3
0.925372 0.11898 4
0.953603 0.536184 2
0.891406 0.000902324 10
0.924881 0.0608755 5
0.896934 0.002151 9
0.879259 6.7013e-05 13
0.912137 0.0250721 6
0.903985 0.0107115 7
0.917936 0.0548846 5
0.959002 0.555997 2
0.879486 6.73957e-05 13
0.948777 0.292357 3
0.922584 0.0587019 5
0.874605 1.22138e-05 15
0.953108 0.31005 3
0.931001 0.127391 4
0.92987 0.125547 4
0.95919 0.556764 2
0.977099 1 1
0.963375 0.575497 2
0.953495 0.535832 2
0.944478 0.510821 2
0.977627 1 1
0.921266 0.22965 3
0.911189 0.104205 4
0.930015 0.243173 3
0.971454 1 1
0.920874 0.113459 4
0.940256 0.501688 2
0.964503 0.581116 2
0.957601 0.550439 2
0.986666 1 1
0.996202 1 1
0.966989 0.594457 2
0.942519 0.506412 2
0.957892 0.551568 2
0.957205 0.548925 2
0.981346 1 1
0.926449 0.237168 3
0.877491 0.00069178 10
0.907621 0.0485058 5
0.938334 0.260643 3
0.923382 0.232563 3
0.929033 0.241442 3
0.929624 0.242476 3
0.920674 0.113234 4
0.948191 0.520103 2
0.966272 0.590467 2
0.945389 0.512983 2
0.911324 0.0505229 5
0.929985 0.24312 3
0.959818 0.559379 2
0.949046 0.522427 2
0.933071 0.248969 3
0.855867 1.45533e-06 17
0.877829 0.000695731 10
0.914732 0.107241 4
0.928197 0.240018 3
0.900163 0.0212491 6
0.905535 0.0474784 5
0.892121 0.00899807 7
0.919673 0.112134 4
0.925944 0.119752 4
0.94185 0.269876 3
0.887729 0.000835297 10
0.891616 0.000906472 10
0.970543 0.616078 2
0.92219 0.0583491 5
0.992241 1 1
0.877912 6.48117e-05 13
0.855989 1.00314e-08 23
0.923788 0.0598145 5
0.986165 1 1
0.86883 2.08554e-06 17
0.915897 0.0266935 6
0.89085 0.000891524 10
0.914542 0.0260798 6
36 0 2 3 7 10 14 16 19 20 21 22 30 31 32 37 38 39 40 41 42 43 44 45 46 47 48 49 50 51 53 54 55 56 57 58 59 
20 0 3 7 10 14 19 22 30 31 40 44 45 46 48 49 50 51 53 55 59 
42 0 2 3 6 7 10 13 14 16 17 19 20 21 22 23 29 30 31 32 34 37 38 39 40 41 42 43 44 45 46 47 48 49 50 51 53 54 55 56 57 58 59 
51 0 1 2 3 5 6 7 8 9 10 11 12 13 14 15 16 17 19 20 21 22 23 25 29 30 31 32 33 34 37 38 39 40 41 42 43 44 45 46 47 48 49 50 51 53 54 55 56 57 58 59 
16 0 3 7 14 19 22 31 44 45 46 48 50 51 53 55 59 
36 0 2 3 7 10 14 16 19 20 21 22 30 31 32 37 38 39 40 41 42 43 44 45 46 47 48 49 50 51 53 54 55 56 57 58 59 
6 0 3 46 50 51 55 
14 0 3 14 19 22 31 44 45 46 50 51 53 55 59 
59 0 1 2 3 4 5 6 7 8 9 10 11 12 13 14 15 16 17 18 19 20 21 22 23 24 25 26 27 28 29 30 31 32 33 34 35 36 37 38 39 40 41 42 43 44 45 46 47 48 49 51 52 53 54 55 56 57 58 59 
19 0 3 7 14 19 22 31 32 42 44 45 46 48 49 50 51 53 55 59 
7 0 3 46 48 50 51 55 
57 0 1 2 3 4 5 6 7 8 9 10 11 12 13 14 15 16 17 18 19 20 21 22 23 24 25 27 29 30 31 32 33 34 35 36 37 38 39 40 41 42 43 44 45 46 47 48 49 51 52 53 54 55 56 57 58 59 
26 0 3 7 10 14 16 19 22 31 32 37 38 40 42 43 44 45 46 48 49 50 51 53 55 58 59 
47 0 2 3 5 7 9 10 11 12 13 14 15 16 17 19 20 21 22 23 25 30 31 32 33 35 37 38 39 40 41 42 43 44 45 46 47 48 49 50 51 53 54 55 56 57 58 59 
23 0 3 7 10 14 19 21 22 29 30 31 39 40 41 44 45 46 48 50 51 53 55 59 
