70 15 8e+06
1.02841 119977
2.17574 138527
1.7277 101222
1.82567 169757
1.23968 163529
2.8988 101739
1.41966 144371
2.79552 180639
1.57181 150720
1.16413 196400
1.95483 196802
1.17868 198623
1.78253 155349
1.69432 128253
2.18108 123070
1.54602 123378
2.23682 196839
2.1883 167499
2.44144 156284
2.19879 182165
1.3024 186687
1.89746 187810
1.05177 158419
1.58649 119406
1.48025 132413
1.93189 192536
1.45651 108271
2.97011 140871
1.06468 175528
2.24705 151283
2.99333 113834
2.27247 127013
2.12127 185371
2.43761 145079
1.18941 185127
1.04556 111769
2.37154 109385
1.16682 104948
2.1204 190370
2.38227 132125
1.34686 145607
2.4093 152826
1.98853 104970
1.33324 178429
2.16826 110586
2.02166 193074
1.22151 155714
1.51013 147406
1.42662 132068
1.72647 124705
1.68262 168353
2.85628 101321
2.29585 115884
1.94158 174555
1.38631 183528
1.32229 166045
2.05266 197925
1.08591 166175
2.38427 116001
1.934 128635
2.29087 150110
1.03467 159999
1.56409 146877
1.336 180154
1.31943 150653
1.63813 141445
1.99563 193989
1.17733 154490
1.54528 164417
1.20424 126048
0.878048 0.000315812 11
0.913562 0.0518794 5
0.941769 0.269649 3
0.92416 0.117399 4
0.877031 0.000309689 11
0.870451 5.45802e-05 13
0.916148 0.108558 4
0.87599 0.000303648 11
0.982787 1 1
0.833597 4.60558e-12 0
0.993182 1 1
0.869585 5.35713e-05 13
0.855317 6.23761e-07 18
0.82809 3.6395e-12 0
0.903655 0.0221948 6
0.981978 1 1
0.940654 0.502493 2
0.941789 0.504847 2
0.958969 0.555862 2
0.960384 1 1
0.937424 0.496279 2
0.931967 0.487201 2
0.979218 1 1
0.898824 0.0446063 5
0.925098 0.23508 3
0.884896 0.00824695 7
0.952639 0.53307 2
0.955237 0.54174 2
0.917683 0.225145 3
0.977883 1 1
0.885778 0.000803556 10
0.866096 1.92256e-06 17
0.921632 0.0578603 5
0.893145 0.00199303 9
0.926183 0.12008 4
0.943052 0.273339 3
0.957794 0.551187 2
0.903854 0.0106881 7
0.88001 0.000149565 12
0.894971 0.00438343 8
0.881431 0.000154541 12
0.925762 0.119505 4
0.897568 0.00458487 8
0.893145 0.00199303 9
0.919216 0.0558651 5
0.901899 0.00497117 8
0.918522 0.0553273 5
0.974062 0.640888 2
0.940965 0.267431 3
0.911048 0.0246475 6
0.906694 0.0112244 7
0.955131 0.541371 2
0.905414 0.010975 7
0.955038 0.541046 2
0.865883 8.49018e-07 18
0.953439 0.311537 3
0.903886 0.0106938 7
0.88575 0.000370738 11
0.860612 6.1705e-08 21
0.934686 0.13403 4
0.957872 0.333628 3
0.967131 0.595258 2
0.957942 0.334008 3
0.990364 1 1
0.935234 0.0738692 5
0.916131 0.0135537 7
0.931467 0.0684382 5
0.947917 0.168657 4
0.925978 0.0326024 6
0.895761 0.000474899 11
0.909707 0.00587782 8
0.926685 0.0331279 6
0.924517 0.0315708 6
0.888693 8.67837e-05 13
0.966218 0.590171 2
0.966478 0.591599 2
0.94867 0.171302 4
0.958027 0.334479 3
0.973171 0.634253 2
0.953956 0.313905 3
0.934142 0.0721974 5
0.942127 0.151027 4
0.964507 0.375622 3
0.91456 0.00662981 8
0.912478 0.00628571 8
0.900684 0.000547301 11
0.945216 0.159865 4
0.940634 0.147166 4
0.90543 0.00128788 10
0.984703 0.742803 2
0.956735 0.327557 3
0.969241 0.607784 2
0.957114 0.54858 2
0.991361 1 1
0.933196 0.131223 4
0.91411 0.0258914 6
0.92988 0.125563 4
0.94612 0.282978 3
0.926822 0.0628833 5
0.894 0.000956268 10
0.910274 0.0119972 7
0.924675 0.060671 5
0.92281 0.058906 5
0.886929 0.000176881 12
0.964089 0.579022 2
0.937908 0.259609 3
0.972892 0.632227 2
0.961439 0.566434 2
0.988031 1 1
0.918458 0.0552788 5
0.901883 0.0103503 7
0.927236 0.121561 4
0.9283 0.123121 4
0.944532 0.277839 3
0.877622 0.000141827 12
0.926663 0.120748 4
0.909909 0.0242225 6
0.905287 0.0226788 6
0.870811 2.45929e-05 14
0.950278 0.525913 2
0.907332 0.0233283 6
0.947542 0.518387 2
0.959031 0.556113 2
0.956354 0.545751 2
0.89717 0.0096382 7
0.885446 0.00173643 9
0.923537 0.116613 4
0.901384 0.0215666 6
0.977433 1 1
0.854199 1.14083e-07 20
0.958405 0.55359 2
0.888957 0.00184424 9
0.879211 0.000323099 11
0.847966 7.52317e-09 23
0.927479 0.121911 4
0.941257 0.503731 2
0.955196 0.541598 2
0.978236 1 1
0.983871 1 1
0.933079 0.248986 3
0.918384 0.110774 4
0.945948 0.514344 2
0.938077 0.260017 3
0.940685 0.502555 2
0.889073 0.00866069 7
0.926324 0.23697 3
0.92442 0.234068 3
0.915127 0.107602 4
0.882505 0.00165589 9
0.965195 0.584693 2
0.964632 0.376536 3
0.907172 0.00273643 9
0.914107 0.00655203 8
0.923791 0.0310834 6
0.970776 0.617608 2
0.950464 0.177984 4
0.918517 0.014317 7
0.983144 0.724844 2
0.867755 7.26964e-09 24
0.959725 0.344173 3
0.855865 1.34822e-11 0
0.970297 0.614475 2
0.991805 1 1
0.951876 0.183641 4
0.953501 0.311817 3
0.913847 0.0257784 6
0.911744 0.0123505 7
0.973701 0.638169 2
0.939252 0.143809 4
0.934678 0.134014 4
0.933666 0.132089 4
0.984433 1 1
0.923423 0.0594714 5
0.928045 0.0642381 5
0.889232 0.000401823 11
0.925015 0.0610089 5
0.928312 0.0645437 5
0.906235 0.0111334 7
0.884358 0.000165766 12
0.95122 0.301941 3
0.886257 0.00176014 9
0.876958 0.000309259 11
0.936605 0.256546 3
0.9037 0.0222077 6
0.919421 0.111863 4
0.930072 0.243276 3
0.967698 0.598517 2
0.900811 0.021416 6
0.900317 0.0212884 6
0.881418 0.000740631 10
0.903453 0.0221367 6
0.916473 0.10887 4
0.889714 0.00403112 8
0.878455 0.000703173 10
0.92242 0.115252 4
0.865755 9.67966e-06 15
0.85096 1.93102e-08 22
0.908162 0.0236067 6
0.877251 0.000140687 12
0.904215 0.0223578 6
0.920829 0.113408 4
0.941121 0.267857 3
0.882749 0.000758776 10
0.873607 5.85461e-05 13
0.874545 0.000132854 12
0.878369 0.000317791 11
0.90374 0.0222193 6
0.876211 0.000137582 12
0.873196 5.80023e-05 13
0.899515 0.00997677 7
0.890315 0.000412485 11
0.887894 0.000389322 11
0.948993 0.293168 3
0.914077 0.0258773 6
0.917523 0.0274778 6
0.92364 0.0596746 5
0.97135 0.621444 2
0.902127 0.00499348 8
0.915973 0.0267291 6
0.87606 1.27315e-05 15
0.919247 0.0283722 6
0.913061 0.0254475 6
0.888098 0.000391184 11
0.872332 5.16213e-06 16
0.927089 0.0631734 5
0.925416 0.0614123 5
0.946825 0.285367 3
0.984884 1 1
0.970259 0.614229 2
0.921988 0.0581707 5
0.91056 0.0244629 6
0.947304 0.287032 3
0.923662 0.0596956 5
0.954795 0.540202 2
0.877147 2.88874e-05 14
0.941747 0.269587 3
0.91366 0.0256984 6
0.901505 0.00493309 8
0.870948 4.95704e-06 16
0.952168 0.305933 3
0.879575 0.000716881 10
0.904158 0.022341 6
0.949298 0.523126 2
0.921445 0.114109 4
0.887136 0.00388092 8
0.884066 0.00169763 9
0.932957 0.248742 3
0.881747 0.00163641 9
0.961825 0.568186 2
0.843226 2.73753e-09 24
0.971944 1 1
0.880302 0.00072606 10
0.862398 8.93024e-06 15
0.838208 7.4193e-11 28
0.910276 0.0499251 5
0.91382 0.0128902 7
0.959607 0.343479 3
0.954162 0.314861 3
0.962901 0.573213 2
0.898001 0.00105261 10
0.884149 7.61843e-05 13
0.917793 0.0276137 6
0.905166 0.00531277 8
0.96682 0.593503 2
0.856398 3.744e-10 27
0.946836 0.285405 3
0.88965 0.000190146 12
0.882708 3.37819e-05 14
0.849905 9.8632e-12 0
0.9291 0.0654659 5
0.935244 0.253507 3
0.883638 0.00168595 9
0.905517 0.0227497 6
0.90439 0.0224092 6
0.972197 1 1
0.970598 0.616436 2
0.922332 0.115148 4
0.957906 0.551623 2
0.856049 6.36405e-07 18
0.975615 1 1
0.847249 1.70928e-08 22
0.980851 1 1
0.972125 1 1
0.970507 0.61584 2
0.940053 0.264998 3
0.923652 0.0596857 5
0.869129 4.70623e-06 16
0.886061 0.000373329 11
0.88745 0.000830613 10
0.951511 0.30315 3
0.951272 0.302155 3
0.902345 0.0104271 7
0.943254 0.273939 3
0.837976 5.58994e-12 0
0.994186 1 1
0.828931 3.77082e-12 0
0.959546 0.558237 2
0.964627 0.581747 2
0.992241 1 1
0.921098 0.0574023 5
0.893687 0.0197627 6
0.873442 0.000647655 10
0.92856 0.240631 3
0.900733 0.0453632 5
0.933846 0.250546 3
0.94959 0.523945 2
0.965324 0.585367 2
0.911698 0.104621 4
0.884895 0.00376036 8
0.900448 0.021322 6
0.885184 0.00377541 8
0.932937 0.248702 3
0.904621 0.04705 5
0.898169 0.0207576 6
0.927487 0.238838 3
0.932526 0.247887 3
0.898171 0.0207582 6
0.937978 0.259777 3
0.924534 0.234236 3
0.97731 1 1
0.983149 1 1
0.961542 0.566898 2
0.953369 0.535417 2
0.886205 0.00382976 8
0.935702 0.254514 3
0.879627 0.0015844 9
0.975 1 1
0.946229 0.515039 2
0.931242 0.245423 3
0.960877 0.563938 2
0.890314 0.00188983 9
0.884603 0.000361456 11
0.945241 0.280094 3
0.911193 0.0247031 6
0.92013 0.0565968 5
0.927937 0.122582 4
0.972532 0.629647 2
0.903353 0.0105998 7
0.909837 0.0241962 6
0.879738 0.000148647 12
0.912719 0.025307 6
0.916212 0.0536388 5
0.890433 0.00189395 9
0.876265 6.22842e-05 13
0.927031 0.121268 4
0.957772 0.551102 2
0.955363 0.542184 2
0.965393 0.585732 2
0.98307 1 1
0.944785 0.278636 3
0.926709 0.120812 4
0.942616 0.272064 3
0.953722 0.536578 2
0.924703 0.118098 4
0.902483 0.0104504 7
0.910221 0.024337 6
0.936008 0.255196 3
0.930122 0.12595 4
0.895574 0.00442846 8
0.977241 1 1
0.915208 0.00674435 8
0.947702 0.167916 4
0.97135 0.621444 2
0.963481 0.36832 3
0.908191 0.00281163 9
0.896803 0.000234605 12
0.93502 0.0735353 5
0.911133 0.00608113 8
0.968533 0.603459 2
0.864292 1.23297e-09 26
0.952853 0.308916 3
0.89994 0.000535176 11
0.888945 4.10898e-05 14
0.858093 3.45913e-11 30
0.938418 0.079251 5
0.95069 0.299781 3
0.986318 0.76271 2
0.94158 0.149583 4
0.978155 0.674765 2
0.917781 0.0140725 7
0.897819 0.000503024 11
0.912273 0.00625376 8
0.934175 0.0722466 5
0.923706 0.0310277 6
0.882749 7.23428e-06 16
0.905323 0.00128385 10
0.909688 0.00292912 9
0.912235 0.00624777 8
0.875586 5.37158e-07 19
0.946485 0.163864 4
0.927121 0.238242 3
0.931314 0.245558 3
0.993013 1 1
0.959176 0.556707 2
0.936337 0.255937 3
0.928314 0.240214 3
0.968253 1 1
0.931884 0.246642 3
0.938569 0.261223 3
0.889876 0.00874644 7
0.930329 0.24374 3
0.928474 0.240485 3
0.911457 0.104423 4
0.884116 0.00372049 8
0.962002 0.568997 2
0.867328 3.19771e-09 25
0.848105 9.01264e-12 0
0.903597 0.000599531 11
0.874552 1.06922e-07 21
0.908212 0.00281325 9
0.926883 0.033278 6
0.938281 0.0790029 5
0.885611 8.02897e-06 16
0.86597 1.34011e-09 26
0.881954 1.50758e-06 18
0.869496 7.89405e-09 24
0.908781 0.00285689 9
0.881142 1.45878e-06 18
0.881128 1.458e-06 18
0.899694 0.000257733 12
0.972532 1 1
0.938936 0.499101 2
0.949538 0.5238 2
0.96129 0.565767 2
0.964357 1 1
0.942685 0.506774 2
0.941031 0.503263 2
0.976373 1 1
0.903789 0.0466712 5
0.923885 0.233285 3
0.890706 0.0191726 6
0.955806 0.543762 2
0.952321 0.532068 2
0.916718 0.109107 4
0.987415 1 1
0.900325 0.00111731 10
0.863604 2.67892e-09 25
0.906434 0.00268426 9
0.889179 4.14126e-05 14
0.94739 0.166855 4
0.9714 0.621783 2
0.938445 0.14194 4
0.92255 0.0302873 6
0.857968 7.80205e-11 29
0.932196 0.0694173 5
0.854713 1.26691e-11 0
0.952096 0.305622 3
0.925596 0.032326 6
0.931832 0.0689246 5
0.923912 0.0311637 6
0.934056 0.250981 3
0.932206 0.247263 3
0.986062 1 1
0.961079 0.564827 2
0.944247 0.510285 2
0.935003 0.252987 3
0.969519 1 1
0.939854 0.264478 3
0.931602 0.246102 3
0.897441 0.0205862 6
0.922587 0.115453 4
0.936188 0.2556 3
0.919377 0.111816 4
0.891556 0.00893304 7
0.970157 1 1
0.953151 0.534711 2
0.962581 0.571695 2
0.96542 0.585877 2
0.991633 1 1
0.936591 0.256515 3
0.918837 0.111245 4
0.937868 0.259512 3
0.946353 0.515349 2
0.930567 0.244173 3
0.895017 0.00935158 7
0.914998 0.0528111 5
0.927894 0.23951 3
0.922871 0.115795 4
0.888107 0.00393593 8
0.968806 0.605109 2
0.868435 4.12196e-07 19
0.849143 9.49151e-12 0
0.904634 0.00525382 8
0.875626 5.70635e-06 16
0.909331 0.011782 7
0.927951 0.0641321 5
0.939414 0.144194 4
0.886724 0.000175947 12
0.866762 1.73598e-07 20
0.882845 7.35376e-05 13
0.870167 9.75316e-07 18
0.909863 0.0119024 7
0.882183 3.32636e-05 14
0.881972 3.30585e-05 14
0.900845 0.0023432 9
0.942995 0.273172 3
0.942147 0.270718 3
0.98164 1 1
0.971568 0.622926 2
0.945197 0.279951 3
0.932124 0.247104 3
0.959119 0.556473 2
0.945608 0.281285 3
0.93135 0.245626 3
0.899234 0.00993469 7
0.919791 0.112261 4
0.936605 0.256546 3
0.923568 0.116652 4
0.892908 0.00423706 8
0.975764 1 1
0.943531 0.274767 3
0.969013 0.606377 2
0.965098 0.584183 2
0.994556 1 1
0.925619 0.119311 4
0.908804 0.0238284 6
0.932541 0.130043 4
0.935122 0.134883 4
0.940004 0.26487 3
0.884272 0.000358855 11
0.923146 0.0592141 5
0.917002 0.0541991 5
0.911918 0.0249853 6
0.87744 6.40705e-05 13
0.957683 0.550759 2
0.948463 0.291197 3
0.971533 0.622687 2
0.960919 0.564122 2
0.998115 1 1
0.927522 0.121975 4
0.909674 0.0241374 6
0.930194 0.126067 4
0.938688 0.261516 3
0.934775 0.252496 3
0.887231 0.000826959 10
0.917807 0.054788 5
0.91894 0.0556498 5
0.915452 0.0531158 5
0.880286 0.000330125 11
0.959224 0.556904 2
0.89147 0.000200021 12
0.931231 0.0681277 5
0.949337 0.294471 3
0.939384 0.144121 4
0.884971 3.61728e-05 14
0.875522 1.176e-06 18
0.91766 0.0140329 7
0.886963 3.85124e-05 14
0.994914 1 1
0.841773 6.65021e-12 0
0.975687 0.653644 2
0.877072 1.24543e-06 18
0.865407 1.46246e-08 23
0.835851 5.08447e-12 0
0.913804 0.012886 7
0.96041 0.561903 2
0.968842 0.605329 2
0.95382 0.536904 2
0.987266 1 1
0.934446 0.251799 3
0.91469 0.0526064 5
0.928009 0.239702 3
0.948664 0.521378 2
0.92304 0.116001 4
0.896272 0.00951596 7
0.90649 0.04794 5
0.926021 0.119857 4
0.925451 0.119086 4
0.889128 0.00399584 8
0.964458 0.580885 2
0.953553 0.536021 2
0.916335 0.0537251 5
0.945062 0.279517 3
0.941438 0.268728 3
0.985186 1 1
0.967057 0.594841 2
0.953909 0.537198 2
0.972677 0.630686 2
0.893749 0.0042954 8
0.936587 0.256507 3
0.884046 0.000777329 10
0.976226 1 1
0.957527 0.550155 2
0.930329 0.126285 4
0.979941 1 1
0.95461 0.316975 3
0.897406 0.000239146 12
0.90639 0.00132515 10
0.914158 0.0065607 8
0.967909 0.59975 2
0.951862 0.183582 4
0.913993 0.00653265 8
0.972981 0.632873 2
0.85949 3.73161e-11 30
0.970105 0.613237 2
0.848225 9.06639e-12 0
0.970598 0.616436 2
0.996945 1 1
0.962155 0.359342 3
0.945075 0.159435 4
0.921676 0.230199 3
0.8837 0.00813746 7
0.923042 0.232081 3
0.909295 0.10272 4
0.969641 1 1
0.992845 1 1
0.950361 0.526152 2
0.944067 0.50987 2
0.872345 0.00142931 9
0.941659 0.504571 2
0.866807 0.000586019 10
0.972823 1 1
0.943639 0.508895 2
0.938751 0.498747 2
0.94559 0.513468 2
0.873394 0.0014497 9
0.87793 0.00343478 8
0.937029 0.495566 2
0.901931 0.0458613 5
0.897647 0.0441601 5
0.903611 0.0465919 5
0.950661 0.527029 2
0.883505 0.00811989 7
0.917902 0.225406 3
0.856933 1.81381e-05 14
0.926068 0.236569 3
0.893133 0.0196492 6
0.868987 0.000605006 10
0.853351 7.30093e-06 15
0.909201 0.102648 4
0.878746 0.000706679 10
0.89656 0.0203841 6
0.948947 0.522154 2
0.916795 0.109182 4
0.891818 0.0089631 7
0.89136 0.00891075 7
0.941399 0.504026 2
0.883575 0.00168427 9
0.947732 0.518883 2
0.848261 9.55547e-08 20
0.957159 0.548751 2
0.885557 0.00379507 8
0.86546 4.91685e-05 13
0.84363 6.50262e-09 23
0.91187 0.0508435 5
0.893459 0.000446576 11
0.91428 0.0130169 7
0.96465 0.581868 2
0.934352 0.0725122 5
0.901394 0.00237294 9
0.897376 0.00103639 10
0.946055 0.162483 4
0.896131 0.00047975 11
0.960621 0.349581 3
0.856711 1.66671e-10 28
0.962458 0.571115 2
0.89432 0.000456813 11
0.876471 2.66963e-06 17
0.85151 1.07057e-11 0
0.925125 0.0319916 6
0.925794 0.0617989 5
0.96666 0.592609 2
0.961133 0.565065 2
0.975687 0.653638 2
0.909201 0.0117531 7
0.894284 0.000962551 10
0.924798 0.060793 5
0.917156 0.0272959 6
0.956562 0.546516 2
0.867567 8.95628e-07 18
0.937881 0.14067 4
0.900727 0.00485973 8
0.894397 0.000965068 10
0.860943 2.75408e-08 22
0.940792 0.266963 3
0.9652 0.584716 2
0.949251 0.294143 3
0.959292 0.557183 2
0.974265 0.64243 2
0.953095 0.309991 3
0.933577 0.131925 4
0.942706 0.272327 3
0.963179 0.574546 2
0.915869 0.0266803 6
0.911338 0.0122506 7
0.901983 0.00497941 8
0.94433 0.277208 3
0.939357 0.144057 4
0.904318 0.00521941 8
0.984374 1 1
0.937561 0.139964 4
0.939206 0.143702 4
0.987024 1 1
0.96824 0.601706 2
0.942103 0.270592 3
0.930704 0.126899 4
0.962287 0.570315 2
0.940823 0.267046 3
0.934615 0.133891 4
0.895825 0.00210215 9
0.923928 0.0599476 5
0.933716 0.132184 4
0.91928 0.0559156 5
0.889679 0.00040616 11
0.971137 0.620008 2
0.864371 3.59139e-07 19
0.849843 1.21102e-10 28
0.907076 0.0113015 7
0.876072 2.80757e-05 14
0.902726 0.00505315 8
0.919331 0.0559561 5
0.939803 0.264345 3
0.881307 7.06115e-05 13
0.872988 1.16769e-05 15
0.87317 1.17356e-05 15
0.877957 2.95255e-05 14
0.902254 0.00500602 8
0.87477 1.22707e-05 15
0.871851 5.08939e-06 16
0.898123 0.00220601 9
0.925963 0.119779 4
0.952633 0.533051 2
0.978107 1 1
0.973608 0.637473 2
0.918535 0.0553372 5
0.90596 0.0228871 6
0.940832 0.26707 3
0.922159 0.114942 4
0.956945 0.547943 2
0.874473 0.000132654 12
0.941917 0.270066 3
0.910113 0.0498338 5
0.899665 0.00999952 7
0.86813 2.30827e-05 14
0.949507 0.523713 2
0.872571 9.81551e-08 21
0.90879 0.00285763 9
0.935952 0.0750148 5
0.918536 0.0143234 7
0.871656 9.44356e-08 21
0.865418 2.91659e-09 25
0.911296 0.00610522 8
0.870472 4.05588e-08 22
0.978919 0.681764 2
0.828462 3.69696e-12 0
0.999368 1 1
0.864293 1.23305e-09 26
0.849947 9.88411e-12 0
0.82302 2.94892e-12 0
0.897984 0.000505406 11
0.914311 0.0523589 5
0.956881 0.547702 2
0.958538 0.554122 2
0.963772 0.577441 2
0.900588 0.0101418 7
0.8873 0.000828101 10
0.922079 0.114848 4
0.906754 0.0231399 6
0.968607 0.603905 2
0.858348 1.30057e-07 20
0.94919 0.293911 3
0.892241 0.00195881 9
0.884297 0.000781028 10
0.85192 8.64145e-09 23
0.931606 0.128413 4
0.895778 0.00210013 9
0.936108 0.136875 4
0.951915 0.304849 3
0.944048 0.276338 3
0.888055 0.000840845 10
0.877909 6.48074e-05 13
0.918949 0.0556566 5
0.890757 0.000889737 10
0.990294 1 1
0.844934 1.79931e-11 30
0.970598 0.616436 2
0.880056 6.83757e-05 13
0.869007 4.69016e-06 16
0.838915 5.83231e-12 0
0.917365 0.0544625 5
0.892588 0.00421536 8
0.889585 0.00186504 9
0.950766 0.527338 2
0.915966 0.0534681 5
0.919852 0.0563714 5
0.925724 0.119454 4
0.973872 0.639449 2
0.904476 0.0224346 6
0.916291 0.0536946 5
0.878139 0.000143439 12
0.918978 0.0556791 5
0.915321 0.0530272 5
0.890373 0.00189188 9
0.874349 5.95512e-05 13
0.929459 0.124898 4
0.877552 2.92039e-05 14
0.895326 0.00208093 9
0.94764 0.288219 3
0.9155 0.0265099 6
0.890839 0.00089132 10
0.890576 0.000886293 10
0.940583 0.266401 3
0.882463 0.00015834 12
0.94689 0.285593 3
0.847383 4.681e-11 29
0.956772 0.547295 2
0.884627 0.000361649 11
0.864435 3.59898e-07 19
0.842788 6.97326e-12 0
0.910698 0.0245148 6
0.894951 0.000221527 12
0.932334 0.0696068 5
0.95464 0.317116 3
0.942673 0.152504 4
0.889683 4.21194e-05 14
0.880448 3.07597e-06 17
0.922919 0.0305192 6
0.891138 9.35458e-05 13
0.989589 1 1
0.846131 8.18019e-12 0
0.973768 0.638672 2
0.881783 3.23312e-06 17
0.869597 3.90505e-08 22
0.840229 6.19244e-12 0
0.9184 0.0142776 7
0.896515 0.000232489 12
0.921475 0.0153918 7
0.966191 0.590023 2
0.939872 0.145291 4
0.900511 0.000544434 11
0.894613 0.00021927 12
0.941448 0.14924 4
0.89734 0.000496225 11
0.968737 0.604693 2
0.855807 1.34401e-11 0
0.966772 0.593234 2
0.893079 9.95473e-05 13
0.876902 5.65951e-07 19
0.850342 1.0084e-11 0
0.926242 0.0327965 6
0.915194 0.0132763 7
0.867941 1.81283e-07 20
0.898053 0.00105398 10
0.890556 0.000194956 12
0.958482 0.337008 3
0.973343 0.635517 2
0.921995 0.0299452 6
0.938093 0.141144 4
0.848394 9.143e-12 0
0.963764 0.577403 2
0.84185 6.6741e-12 0
0.967094 0.595048 2
0.949798 0.296245 3
0.963663 0.576906 2
0.926919 0.0629891 5
0.946933 0.28574 3
0.896097 0.00446828 8
0.916953 0.0541638 5
0.917227 0.0543621 5
0.984524 1 1
0.971982 0.625784 2
0.930484 0.126538 4
0.970562 0.616197 2
0.867312 1.00613e-05 15
0.965262 0.585045 2
0.857763 2.9175e-07 19
0.990765 1 1
0.977778 1 1
0.958826 0.555278 2
0.953104 0.534559 2
0.917112 0.109492 4
0.937723 0.259165 3
0.985526 1 1
0.960276 0.561323 2
0.918025 0.110407 4
0.908907 0.0491768 5
0.950406 0.526283 2
0.917151 0.109531 4
0.958575 0.554267 2
0.872751 0.000286179 11
0.94838 0.520608 2
0.910009 0.0497763 5
0.895708 0.020194 6
0.866839 5.0571e-05 13
0.946332 0.515295 2
0.93264 0.248112 3
0.905616 0.047517 5
0.950238 0.525798 2
0.933156 0.24914 3
0.969679 1 1
0.970066 1 1
0.973313 1 1
0.950433 0.526362 2
0.897957 0.0207074 6
0.92436 0.117654 4
0.891558 0.00893327 7
0.964576 0.581484 2
0.938445 0.260915 3
0.919534 0.111984 4
0.966763 0.593182 2
0.976691 1 1
0.935048 0.253083 3
0.943214 0.507942 2
0.95558 0.542953 2
0.967318 1 1
0.944381 0.510596 2
0.937021 0.257509 3
0.982937 1 1
0.897643 0.0206335 6
0.929399 0.242081 3
0.884597 0.00374501 8
0.959274 0.557109 2
0.958591 0.554333 2
0.922087 0.114857 4
0.982348 1 1
0.94985 0.296447 3
0.914537 0.0130886 7
0.94636 0.163459 4
0.940258 0.146233 4
0.983863 0.732978 2
0.968949 0.605985 2
0.957374 0.330931 3
0.968774 0.604916 2
0.894557 0.000218898 12
0.935015 0.0735262 5
0.885388 1.7065e-05 15
0.975498 0.652111 2
0.954498 0.316443 3
0.929014 0.0653644 5
0.978522 0.678101 2
0.883941 0.0081592 7
0.870667 0.000620444 10
0.928995 0.241376 3
0.89756 0.044128 5
0.920249 0.228319 3
0.933619 0.25008 3
0.962792 1 1
0.899976 0.0450577 5
0.891023 0.0192331 6
0.884973 0.00825413 7
0.893855 0.0197977 6
0.918328 0.22592 3
0.890821 0.0191945 6
0.882523 0.0036418 8
0.919229 0.227027 3
0.919946 0.0564474 5
0.92359 0.11668 4
0.986881 1 1
0.950865 0.300489 3
0.933266 0.131351 4
0.927985 0.122653 4
0.973315 0.63531 2
0.926265 0.120193 4
0.937764 0.259262 3
0.887005 0.00082324 10
0.931976 0.129052 4
0.925921 0.119721 4
0.906916 0.0231921 6
0.881584 0.000155093 12
0.955844 0.543899 2
0.946536 0.515808 2
0.891364 0.00891119 7
0.905718 0.0475654 5
0.909857 0.049692 5
0.971084 1 1
0.959512 0.558096 2
0.91712 0.109501 4
0.967396 0.596771 2
0.857546 3.48423e-06 16
0.97614 1 1
0.847256 3.98278e-08 21
0.976434 1 1
0.986814 1 1
0.968528 0.603426 2
0.943194 0.507896 2
0.897447 0.00967671 7
0.929448 0.242167 3
0.961895 0.568505 2
0.943862 0.509401 2
0.895797 0.009453 7
0.887685 0.00391181 8
0.931758 0.2464 3
0.895503 0.00941438 7
0.980617 1 1
0.851599 1.05422e-07 20
0.97151 1 1
0.888021 0.00393097 8
0.874264 0.0002941 11
0.845837 6.99849e-09 23
0.923643 0.116747 4
0.940508 0.146853 4
0.929502 0.0659492 5
0.975583 0.652798 2
0.95849 0.553929 2
0.954464 0.316282 3
0.944277 0.277044 3
0.970446 0.615439 2
0.948857 0.292655 3
0.9219 0.0580938 5
0.907146 0.00554498 8
0.912711 0.0125957 7
0.946293 0.283557 3
0.928902 0.0652308 5
0.901203 0.00236247 9
0.978736 0.680067 2
0.911984 0.0250113 6
0.923244 0.0593045 5
0.984419 1 1
0.948276 0.29051 3
0.922212 0.0583687 5
0.917039 0.0272385 6
0.964096 0.579056 2
0.916408 0.0269342 6
0.947749 0.288607 3
0.876463 2.83664e-05 14
0.943126 0.27356 3
0.914875 0.0262275 6
0.896658 0.00213862 9
0.871063 4.97357e-06 16
0.945987 0.282533 3
0.962914 1 1
0.903884 0.046714 5
0.906467 0.100656 4
0.918328 0.225919 3
0.961895 0.568505 2
0.942901 0.507248 2
0.909903 0.103187 4
0.975972 1 1
0.861417 4.54056e-05 13
0.961135 0.565074 2
0.849116 1.23223e-06 17
0.962315 0.570448 2
0.991252 1 1
0.953314 0.53524 2
0.945592 0.513472 2
0.883477 0.000162238 12
0.857867 2.45696e-08 22
0.910008 0.0242587 6
0.884585 0.000166699 12
0.927176 0.121475 4
0.947719 0.2885 3
0.946085 0.28286 3
0.903322 0.0105943 7
0.866493 8.65465e-07 18
0.902643 0.0050448 8
0.867013 8.79886e-07 18
0.928714 0.123747 4
0.900708 0.00485801 8
0.9018 0.00496151 8
0.913971 0.0258315 6
61 0 1 2 3 5 8 9 10 11 12 13 14 15 16 18 19 20 21 22 23 24 26 27 28 29 30 31 32 33 34 36 38 39 40 41 42 43 45 46 47 48 49 51 52 53 54 55 56 57 58 59 60 61 62 63 64 65 66 67 68 69 
63 0 1 2 3 4 5 6 7 8 9 11 12 13 14 15 16 17 18 20 21 22 23 24 25 26 28 29 30 31 33 34 35 36 37 38 40 41 42 43 44 45 46 47 48 49 50 51 52 53 54 55 56 57 58 59 60 61 62 63 65 66 67 69 
32 0 2 3 8 11 12 13 14 16 20 22 24 26 27 32 36 41 42 43 47 49 51 52 53 54 55 58 62 63 65 67 69 
61 0 2 3 5 7 8 9 11 12 13 14 15 16 17 18 19 20 21 22 23 24 26 27 28 29 30 31 32 33 34 36 38 40 41 42 43 44 45 46 47 48 49 50 51 52 53 54 55 56 57 58 59 60 61 62 63 64 65 66 67 69 
38 0 2 3 11 12 13 14 16 18 20 21 22 26 27 29 30 32 40 41 42 43 46 47 49 52 53 54 55 56 58 59 61 62 63 65 66 67 69 
35 0 2 3 11 12 13 14 16 20 21 22 26 27 29 30 32 36 40 41 42 43 47 49 51 52 53 54 55 58 59 62 63 65 67 69 
24 0 2 3 11 12 13 14 16 20 22 27 32 41 42 43 47 49 52 53 55 62 65 67 69 
44 0 2 3 10 11 12 13 14 16 18 19 20 21 22 26 27 29 30 32 33 38 39 40 41 42 43 46 47 49 52 53 55 56 57 58 59 61 62 63 64 65 66 67 69 
21 0 2 3 12 13 14 16 20 22 27 32 41 42 43 47 49 52 53 55 62 69 
56 2 3 5 7 8 9 11 12 13 14 15 16 17 18 19 20 21 22 23 24 26 27 28 29 30 31 32 33 34 35 38 40 41 42 43 44 45 46 47 48 50 51 52 53 56 57 58 59 61 62 63 64 65 66 67 69 
35 2 3 11 12 13 14 16 18 20 21 22 26 27 30 32 38 40 41 42 43 46 47 49 52 53 55 57 59 61 62 63 64 66 67 69 
48 0 2 3 8 9 11 12 13 14 15 16 17 20 21 22 24 26 27 29 30 32 33 36 38 40 41 42 43 46 47 48 49 50 51 52 53 54 55 56 58 59 61 62 63 65 66 67 69 
38 2 3 11 12 13 14 16 18 19 20 21 22 26 27 29 30 32 38 39 40 41 42 43 46 47 52 53 55 56 57 59 61 62 63 64 66 67 69 
41 2 3 8 9 11 12 13 14 15 16 18 19 20 21 22 24 26 27 29 30 32 33 38 40 41 42 46 47 48 52 56 57 58 59 61 62 63 65 66 67 69 
40 2 3 11 12 13 14 16 18 19 20 21 22 26 27 29 30 32 38 39 40 41 42 43 46 47 49 52 53 55 56 57 58 59 61 62 63 64 66 67 69 
