40 15 6e+06
2.77341 105823
2.93105 191633
1.09721 120766
1.38416 146249
5.86657 170770
3.927 177365
3.33307 122178
3.41609 108289
1.66805 188464
2.20764 170064
2.40996 126306
1.05183 141024
1.21648 144807
2.8309 114407
2.06186 118263
1.02715 114477
1.29019 192974
2.67258 187410
2.0891 169988
1.58223 199521
1.94519 127618
3.38712 142134
2.72694 199322
5.15304 102440
1.3661 182454
3.8102 152200
1.08236 149441
4.72329 149934
1.77899 182654
1.77671 118649
3.20984 116854
1.09393 148501
1.6922 107565
5.46707 199949
4.471 176820
1.11535 156859
2.32128 143986
5.90747 186855
1.09449 127755
1.99864 116646
0.984174 1 1
0.941242 0.268187 3
0.961992 0.568952 2
0.921694 0.0579136 5
0.927331 0.121698 4
0.871796 2.51892e-05 14
0.964357 0.580374 2
0.929674 0.125236 4
0.896391 0.00449105 8
0.866791 4.41165e-06 16
0.986555 1 1
0.979425 1 1
0.881729 0.000340014 11
0.914553 0.0525167 5
0.9009 0.0101911 7
0.919069 0.0557502 5
0.894936 0.00438082 8
0.940174 0.265317 3
0.969509 0.609451 2
0.865936 4.31091e-06 16
0.949126 0.522648 2
0.948603 0.521214 2
0.867019 9.98769e-06 15
0.913188 0.0516446 5
0.899967 0.0100456 7
0.922662 0.115542 4
0.917708 0.0547146 5
0.933578 0.249996 3
0.987291 1 1
0.962924 0.57332 2
0.962957 0.573478 2
0.937676 0.259053 3
0.968581 0.603747 2
0.95543 0.542421 2
0.91141 0.0505732 5
0.90384 0.0106857 7
0.990537 1 1
0.912955 0.0515002 5
0.919382 0.0559962 5
0.892216 0.00419039 8
0.968289 0.601995 2
0.969118 0.607018 2
0.912276 0.0510861 5
0.947917 0.28921 3
0.933885 0.250627 3
0.871351 0.000626946 10
0.901353 0.0456185 5
0.878817 0.00347267 8
0.937638 0.496669 2
0.871253 0.000626005 10
0.926982 0.238018 3
0.897906 0.0442572 5
0.870651 0.000620296 10
0.970219 1 1
0.984749 1 1
0.876392 0.00151138 9
0.892371 0.0194959 6
0.974274 1 1
0.925564 0.235788 3
0.948334 0.520485 2
0.871586 2.08342e-07 20
0.932097 0.0692827 5
0.867351 3.55123e-08 22
0.903798 0.00251231 9
0.911961 0.00620544 8
0.870343 1.98513e-07 20
0.886906 8.23372e-05 13
0.910184 0.00594436 8
0.955701 0.322289 3
0.93698 0.138706 4
0.876282 2.6523e-06 17
0.901526 0.00115368 10
0.913133 0.0127061 7
0.886619 3.80917e-05 14
0.900356 0.00111824 10
0.880488 6.68742e-06 16
0.948787 0.292395 3
0.87126 4.55992e-07 19
0.894515 0.000459186 11
0.93717 0.139115 4
0.853887 2.77562e-11 30
0.889324 8.8451e-05 13
0.934957 0.134558 4
0.9354 0.135436 4
0.910458 0.00598324 8
0.884667 3.58362e-05 14
0.911694 0.0123382 7
0.89282 0.000207923 12
0.877203 2.73812e-06 17
0.88613 3.75057e-05 14
0.847061 8.56025e-12 0
0.89227 9.69743e-05 13
0.849995 9.90827e-12 0
0.902147 0.00117335 10
0.867557 1.60553e-08 23
0.889738 4.21977e-05 14
0.869405 3.87295e-08 22
0.866222 6.77283e-09 24
0.953455 0.31161 3
0.972233 0.627532 2
0.851982 1.09702e-11 0
0.872242 9.67958e-08 21
0.934284 0.0724108 5
0.888578 4.05923e-05 14
0.909499 0.00291382 9
0.923515 0.0595578 5
0.937927 0.259655 3
0.929866 0.125541 4
0.975384 0.651197 2
0.90499 0.0108952 7
0.923727 0.0597572 5
0.950878 0.300539 3
0.905388 0.0109702 7
0.957867 0.551471 2
0.931191 0.12771 4
0.92885 0.123954 4
0.943305 0.274089 3
0.948247 0.290406 3
0.956626 0.546755 2
0.960443 0.562043 2
0.917173 0.109553 4
0.915435 0.0531045 5
0.93085 0.244693 3
0.996078 1 1
0.883729 0.00168842 9
0.945573 0.513426 2
0.948289 0.520364 2
0.88434 0.00170519 9
0.943371 0.274286 3
0.926707 0.120809 4
0.922007 0.114763 4
0.92817 0.239972 3
0.956127 0.544922 2
0.979772 1 1
0.980921 1 1
0.889252 0.00185398 9
0.921698 0.114402 4
0.894616 0.00435741 8
0.949507 0.523712 2
0.890455 0.00189471 9
0.921875 0.114608 4
0.914763 0.0526551 5
0.889965 0.00187789 9
0.987782 1 1
0.96734 0.59645 2
0.894432 0.0043441 8
0.91223 0.0510586 5
0.965876 0.588312 2
0.933679 0.250203 3
0.952333 0.532104 2
0.894724 0.00436528 8
0.895639 0.00443333 8
0.910066 0.02428 6
0.97135 0.621444 2
0.864122 1.81654e-06 17
0.96688 0.593841 2
0.925332 0.118927 4
0.864487 4.14822e-06 16
0.939139 0.262646 3
0.934803 0.252558 3
0.899292 0.00994331 7
0.904886 0.0225574 6
0.97192 0.625348 2
0.97081 0.617829 2
0.993695 1 1
0.968678 1 1
0.911563 0.10451 4
0.994798 1 1
0.937455 0.496335 2
0.890699 0.0191713 6
0.896672 0.0204095 6
0.977699 1 1
0.892667 0.0195551 6
0.892266 0.019475 6
0.868313 0.000265057 11
0.970047 1 1
0.948457 0.520817 2
0.892839 0.0195897 6
0.939319 0.49984 2
0.918436 0.110828 4
0.873758 0.000650896 10
0.896342 0.0203349 6
0.883562 0.00369269 8
0.944782 0.511536 2
0.865483 0.000111484 12
0.940446 0.50207 2
0.901809 0.0458096 5
0.865123 0.000110759 12
0.961034 0.564627 2
0.972393 1 1
0.878715 0.00156307 9
0.892074 0.0194371 6
0.988039 1 1
0.935136 0.253275 3
0.959159 0.556637 2
0.930949 0.06776 5
0.938796 0.142745 4
0.937741 0.14036 4
0.976715 0.662175 2
0.906383 0.00545311 8
0.922115 0.0300184 6
0.958931 0.339554 3
0.907011 0.00552846 8
0.95002 0.297111 3
0.923453 0.0308623 6
0.936296 0.137263 4
0.949089 0.293529 3
0.942133 0.151044 4
0.959128 0.340682 3
0.958031 0.334501 3
0.876956 1.24005e-06 18
0.92288 0.0304947 6
0.878491 1.31437e-06 18
0.927049 0.0334044 6
0.895054 0.000222225 12
0.899919 0.000534846 11
0.898729 0.000516408 11
0.893988 0.000215198 12
0.984724 0.743061 2
0.967534 0.597566 2
0.882026 7.05217e-06 16
0.90351 0.00121862 10
0.945075 0.159435 4
0.910756 0.00602599 8
0.928396 0.0344726 6
0.922173 0.114959 4
0.920703 0.113267 4
0.934848 0.252653 3
0.995804 1 1
0.888966 0.00398616 8
0.939745 0.264195 3
0.953189 0.534834 2
0.889625 0.00402571 8
0.944128 0.276585 3
0.924825 0.118257 4
0.927116 0.12139 4
0.933974 0.250811 3
0.95196 0.530944 2
0.976663 1 1
0.974935 1 1
0.976488 1 1
0.941523 0.504287 2
0.970493 1 1
0.940121 0.501417 2
0.919717 0.22764 3
0.889315 0.00868638 7
0.982473 1 1
0.921617 0.230119 3
0.909613 0.102963 4
0.880976 0.00356899 8
0.982181 1 1
0.97973 1 1
0.898497 0.0208364 6
0.932847 0.248522 3
0.918906 0.111317 4
0.898483 0.0208329 6
0.96269 0.572208 2
0.89146 0.00892217 7
0.917222 0.109601 4
0.938211 0.497729 2
0.873858 0.000651934 10
0.910644 0.103769 4
0.936845 0.495236 2
0.953251 0.535034 2
0.922783 0.231717 3
0.903107 0.0463686 5
0.929975 0.243101 3
0.911395 0.104372 4
0.899505 0.0448715 5
0.907585 0.0484875 5
0.872263 5.67993e-05 13
0.896812 0.00958899 7
0.881503 0.000741758 10
0.942217 0.270916 3
0.866167 9.77834e-06 15
0.936879 0.257178 3
0.899955 0.0100437 7
0.865737 9.67538e-06 15
0.962881 0.573113 2
0.976168 1 1
0.877241 0.000310934 11
0.891269 0.00412847 8
0.984215 1 1
0.932015 0.246893 3
0.955805 0.543756 2
0.933869 0.250594 3
0.973109 0.633799 2
0.914486 0.0524729 5
0.900675 0.0101555 7
0.977372 1 1
0.849658 1.48695e-09 25
0.925246 0.118812 4
0.979691 1 1
0.903555 0.0106352 7
0.871665 2.51085e-05 14
0.936226 0.255685 3
0.959827 0.559416 2
0.87341 2.62188e-05 14
0.88723 0.000826949 10
0.882764 0.000347457 11
0.969038 1 1
0.951786 0.53041 2
0.946799 0.516471 2
0.914563 0.107088 4
0.941937 0.505162 2
0.863494 0.000245101 11
0.952234 0.531794 2
0.944405 0.510652 2
0.897594 0.0441403 5
0.866745 0.000585494 10
0.970796 1 1
0.98135 1 1
0.877832 0.00343066 8
0.90515 0.0997529 4
0.894225 0.0429448 5
0.851905 1.09267e-11 0
0.9064 0.00545505 8
0.850875 1.03623e-11 0
0.895583 0.000472594 11
0.885432 3.66944e-05 14
0.872789 4.82525e-07 19
0.870477 1.99541e-07 20
0.883731 3.48299e-05 14
0.95134 0.302438 3
0.950671 0.299702 3
0.856702 1.666e-10 28
0.879878 6.5508e-06 16
0.91747 0.0139714 7
0.879908 6.55739e-06 16
0.897739 0.00104575 10
0.990469 1 1
0.925397 0.119014 4
0.982297 1 1
0.928197 0.122968 4
0.908279 0.0236468 6
0.881835 0.000340757 11
0.975021 1 1
0.910484 0.0244348 6
0.892461 0.00420681 8
0.865257 4.23353e-06 16
0.992152 1 1
0.964601 0.581613 2
0.885057 0.000792425 10
0.925125 0.118652 4
0.907677 0.023443 6
0.930679 0.244378 3
0.952915 0.533949 2
0.931989 0.246842 3
0.961719 0.5677 2
0.919545 0.111996 4
0.909178 0.0493219 5
0.953438 0.535644 2
0.919979 0.112465 4
0.954454 0.539036 2
0.92349 0.116555 4
0.936097 0.255393 3
0.955332 0.542074 2
0.934794 0.252537 3
0.94411 0.50997 2
0.945241 0.512627 2
0.931095 0.127549 4
0.911256 0.0247272 6
0.949145 0.29374 3
0.980575 0.697734 2
0.881734 7.14039e-05 13
0.938327 0.141671 4
0.962613 0.571843 2
0.882814 0.00015967 12
0.923914 0.0599342 5
0.905724 0.0110342 7
0.935339 0.135316 4
0.933647 0.132054 4
0.93561 0.135858 4
0.984544 1 1
0.963676 0.57697 2
0.949024 0.293284 3
0.976572 0.660966 2
0.933698 0.132149 4
0.92307 0.0591442 5
0.955258 0.320101 3
0.870634 9.90727e-07 18
0.947465 0.2876 3
0.956863 0.328225 3
0.918156 0.0277987 6
0.885888 0.000172226 12
0.952873 0.309005 3
0.981359 0.705697 2
0.892255 0.00043294 11
0.909724 0.0118708 7
0.904122 0.00519834 8
0.923393 0.232578 3
0.941052 0.503307 2
0.928569 0.240646 3
0.971691 1 1
0.907927 0.101699 4
0.920589 0.22876 3
0.949768 0.524449 2
0.90827 0.101952 4
0.959676 1 1
0.931638 0.486702 2
0.928757 0.240967 3
0.944589 0.511081 2
0.94663 0.516045 2
0.953018 0.534281 2
0.95724 0.549058 2
0.922062 0.114828 4
0.947584 0.288018 3
0.924731 0.118135 4
0.963481 0.576014 2
0.914112 0.0522301 5
0.913699 0.0519658 5
0.946054 0.282759 3
0.914302 0.0523531 5
0.96319 0.574598 2
0.932428 0.129843 4
0.927437 0.121852 4
0.946204 0.283258 3
0.942752 0.272461 3
0.944964 0.279204 3
0.950093 0.297398 3
0.87409 2.66731e-05 14
0.896254 0.0044804 8
0.884013 0.000356851 11
0.945333 0.280389 3
0.865354 1.88165e-06 17
0.941197 0.268063 3
0.902215 0.0104053 7
0.865008 1.86303e-06 17
0.960632 0.562864 2
0.971591 0.623087 2
0.879043 0.000146341 12
0.892257 0.00195942 9
0.988854 1 1
0.935808 0.254749 3
0.959877 0.559628 2
0.937941 0.259689 3
0.908558 0.0489916 5
0.958479 0.553885 2
0.969226 0.607692 2
0.880642 0.00073044 10
0.931045 0.245055 3
0.968016 0.600379 2
0.881947 0.000747731 10
0.914177 0.0522721 5
0.895176 0.00937199 7
0.941677 0.269391 3
0.935266 0.253557 3
0.924681 0.11807 4
0.975716 1 1
0.952778 0.533511 2
0.929674 0.242565 3
0.953993 0.53748 2
0.930558 0.244156 3
0.960324 0.561529 2
0.920493 0.113032 4
0.908177 0.048792 5
0.951948 0.530908 2
0.920876 0.113461 4
0.955467 0.542553 2
0.924131 0.117362 4
0.935078 0.253149 3
0.954914 0.540614 2
0.934564 0.252048 3
0.94262 0.272075 3
0.944261 0.510318 2
0.89285 0.00198174 9
0.933863 0.132457 4
0.894923 0.00206406 9
0.942673 0.27223 3
0.903186 0.0105706 7
0.908391 0.0236852 6
0.915533 0.0265252 6
0.902502 0.0104535 7
0.993806 1 1
0.958667 0.554637 2
0.898034 0.00462327 8
0.918881 0.0556034 5
0.950599 0.299413 3
0.925323 0.118915 4
0.940602 0.266451 3
0.916168 0.0536086 5
0.981589 1 1
0.900325 0.0101007 7
0.900101 0.0100661 7
0.980575 1 1
0.850737 3.58356e-09 24
0.914568 0.0525267 5
0.979592 1 1
0.91554 0.0531755 5
0.884091 0.000357454 11
0.919392 0.0560038 5
0.946279 0.283511 3
0.880089 0.000149836 12
0.88462 0.000785832 10
0.884606 0.000785631 10
0.865782 1.9051e-06 17
0.915406 0.0530849 5
0.866437 1.94184e-06 17
0.913976 0.0258336 6
0.890186 0.00188542 9
0.889875 0.000873173 10
0.886419 0.00081372 10
0.888844 0.000854571 10
0.970741 0.617379 2
0.96513 0.584354 2
0.87075 1.09938e-05 15
0.892908 0.00198392 9
0.935269 0.253562 3
0.898122 0.0046306 8
0.916269 0.0536792 5
0.917035 0.027237 6
0.954126 0.314694 3
0.916895 0.0271684 6
0.952373 0.306815 3
0.920687 0.0570566 5
0.904943 0.0108865 7
0.937955 0.140837 4
0.920568 0.0569571 5
0.967513 0.597448 2
0.934077 0.132861 4
0.922321 0.0584658 5
0.9443 0.277115 3
0.937792 0.140473 4
0.933987 0.132691 4
0.940754 0.26686 3
0.928291 0.0645199 5
0.91877 0.0281182 6
0.942817 0.272649 3
0.991162 1 1
0.887913 0.000181488 12
0.93805 0.141049 4
0.960004 0.560165 2
0.888783 0.000397541 11
0.935514 0.135666 4
0.916002 0.0267426 6
0.933043 0.130944 4
0.936577 0.137851 4
0.943989 0.276159 3
0.980881 0.700814 2
0.969669 0.610458 2
0.864922 2.14651e-05 14
0.921781 0.114498 4
0.862566 8.96543e-06 15
0.903812 0.0222402 6
0.900272 0.0212769 6
0.874906 0.000297582 11
0.882317 0.00165102 9
0.898596 0.0208602 6
0.959032 0.556118 2
0.946864 0.516638 2
0.86972 0.000120665 12
0.893868 0.00920718 7
0.919041 0.11146 4
0.887171 0.00388286 8
0.903025 0.0220155 6
0.898909 0.00988658 7
0.969335 0.608367 2
0.88578 0.000803593 10
0.896136 0.00447131 8
0.964358 0.580377 2
0.849862 8.03414e-09 23
0.901942 0.01036 7
0.962155 0.569703 2
0.923379 0.116418 4
0.893834 0.00430134 8
0.902572 0.0104654 7
0.930004 0.125761 4
0.883822 0.000774058 10
0.879509 0.000325019 11
0.883481 0.000769137 10
0.902615 0.0104727 7
0.910637 0.024492 6
0.914868 0.0262245 6
0.978849 1 1
0.878498 6.57539e-05 13
0.950269 0.298096 3
0.932746 0.13041 4
0.878761 6.61848e-05 13
0.953509 0.535875 2
0.942054 0.270452 3
0.907539 0.0113965 7
0.916806 0.054059 5
0.972861 0.632007 2
0.967305 0.59625 2
0.987034 1 1
0.914844 0.0262135 6
0.966676 0.592698 2
0.895967 0.00100146 10
0.887446 0.000179275 12
0.997586 1 1
0.837909 5.57319e-12 0
0.907397 0.0113672 7
0.997373 1 1
0.899187 0.00225767 9
0.868221 4.0913e-07 19
0.917115 0.027276 6
0.940963 0.147996 4
0.865121 1.63642e-07 20
0.873037 2.38003e-06 17
0.871108 1.00672e-06 18
37 0 1 2 3 4 5 7 8 9 10 12 13 14 15 16 17 18 19 20 22 23 24 25 26 27 28 29 30 31 32 33 34 35 36 37 38 39 
21 3 4 5 6 9 10 12 14 17 18 21 26 27 28 31 32 33 34 36 37 38 
37 0 1 2 3 4 5 7 8 9 10 11 12 13 14 15 16 17 18 19 20 23 24 25 26 27 28 29 30 31 32 33 34 35 36 37 38 39 
31 3 4 5 6 7 8 9 10 12 13 14 15 17 18 19 20 21 23 25 26 27 28 30 31 32 33 34 36 37 38 39 
35 1 2 3 4 5 6 7 8 9 10 12 13 14 15 16 17 18 21 23 24 25 26 27 28 29 30 31 32 33 34 35 36 37 38 39 
36 0 2 3 4 5 6 7 8 9 10 12 13 14 15 16 17 18 19 20 21 22 23 24 25 26 27 28 30 31 32 33 34 35 36 37 38 
37 1 2 3 4 5 6 7 8 9 10 12 13 14 15 16 17 18 19 20 21 23 24 25 26 27 28 29 30 31 32 33 34 35 36 37 38 39 
34 1 2 3 4 5 6 7 8 9 10 12 13 14 15 17 18 21 23 24 25 26 27 28 29 30 31 32 33 34 35 36 37 38 39 
9 4 5 6 14 17 21 33 36 37 
11 4 5 6 14 17 21 32 33 36 37 39 
37 0 1 2 3 4 5 7 8 9 10 12 13 14 15 16 17 18 19 20 21 23 24 25 26 27 28 29 30 31 32 33 34 35 36 37 38 39 
32 3 4 5 6 7 8 9 10 12 13 14 15 17 18 19 21 23 24 25 26 27 28 30 31 32 33 34 35 36 37 38 39 
16 3 4 5 6 9 12 14 17 18 21 28 31 32 33 36 37 
35 0 2 3 4 5 6 7 8 9 10 12 13 14 15 16 17 18 19 20 21 23 25 26 27 28 30 31 32 33 34 35 36 37 38 39 
28 3 4 5 6 7 9 10 12 13 14 17 18 19 21 23 25 26 27 28 30 31 32 33 34 36 37 38 39 
