30 15 8e+06
1.24722 158024
2.46954 131982
2.88512 121877
1.29611 196014
2.82885 191341
1.34747 175162
1.86604 190794
1.48702 154669
1.99338 159684
2.33409 155614
1.55058 174691
1.87617 113193
2.3432 142709
1.97645 163628
2.76285 121861
2.56922 172567
1.22166 180308
1.99568 134942
2.33408 198774
1.98265 142389
1.0802 197757
1.37476 154791
1.86528 116626
1.90367 145731
2.55663 198572
1.84662 191067
1.73742 136480
1.07352 125137
2.2172 167703
2.5467 188717
0.907469 0.101367 4
0.896393 0.0203466 6
0.977446 1 1
0.871377 0.000627195 10
0.875694 0.00149655 9
0.915923 0.108345 4
0.887431 0.00849186 7
0.893914 0.0198099 6
0.892066 0.0194356 6
0.93712 0.495729 2
0.971993 1 1
0.886246 0.00837515 7
0.92473 0.234528 3
0.880324 0.00353926 8
0.894765 0.0199894 6
0.949197 0.522846 2
0.923356 0.11639 4
0.945232 0.512604 2
0.905356 0.0227 6
0.892876 0.00423491 8
0.942865 0.27279 3
0.928246 0.12304 4
0.884243 0.00170249 9
0.932947 0.248721 3
0.923425 0.116475 4
0.950805 0.527455 2
0.924843 0.118281 4
0.96703 0.594685 2
0.916054 0.0535293 5
0.902467 0.0218598 6
0.979884 1 1
0.910724 0.0245246 6
0.892052 0.00195182 9
0.915319 0.053026 5
0.874217 2.67593e-05 14
0.921401 0.0576609 5
0.971304 0.621136 2
0.843078 1.65301e-11 30
0.97819 1 1
0.875642 6.13723e-05 13
0.897683 0.00459433 8
0.979976 1 1
0.965353 0.58552 2
0.92752 0.121971 4
0.871466 1.12053e-05 15
0.881957 7.03517e-06 16
0.914022 0.0129456 7
0.952924 0.30923 3
0.879249 2.94421e-06 17
0.914159 0.0129832 7
0.926198 0.0327639 6
0.865326 1.45741e-08 23
0.958784 0.338713 3
0.867264 3.5384e-08 22
0.993655 1 1
0.958388 0.336479 3
0.853666 1.19821e-11 0
0.900227 0.00111445 10
0.882964 1.57378e-05 15
0.943588 0.155056 4
0.964604 0.376332 3
0.96269 0.362903 3
0.9014 0.000559415 11
0.961514 0.355187 3
0.924068 0.0312677 6
0.967041 0.395133 3
0.957622 0.332267 3
0.878779 1.32903e-06 18
0.956226 0.324934 3
0.902544 0.0011862 10
0.911044 0.00304348 9
0.935106 0.0736684 5
0.967793 0.59907 2
0.973488 0.636583 2
0.915923 0.00687493 8
0.980705 1 1
0.94174 0.269569 3
0.914112 0.0522301 5
0.935624 0.25434 3
0.904714 0.0225055 6
0.955158 0.541464 2
0.961197 0.56535 2
0.873484 0.000129991 12
0.964254 0.579851 2
0.904757 0.0225187 6
0.92216 0.114943 4
0.948254 0.520271 2
0.994764 1 1
0.947825 0.51913 2
0.903669 0.0221987 6
0.881847 0.000156051 12
0.931808 0.128761 4
0.924511 0.060511 5
0.8963 0.00448402 8
0.943775 0.275505 3
0.936313 0.137299 4
0.868453 2.06183e-06 17
0.970386 0.615052 2
0.868894 4.67527e-06 16
0.963732 0.577248 2
0.932996 0.13086 4
0.852308 1.65019e-09 25
0.898086 0.00462759 8
0.896974 0.00453697 8
0.975768 0.654297 2
0.904175 0.0107458 7
0.889127 0.00184984 9
0.970138 0.613447 2
0.865261 1.87665e-06 17
0.8679 4.54775e-06 16
0.908595 0.0237555 6
0.884258 0.000358753 11
0.886553 0.000815882 10
0.889169 0.00185124 9
0.929253 0.124576 4
0.963441 0.575819 2
0.884823 0.000788887 10
0.920534 0.0569293 5
0.874473 5.97209e-05 13
0.88664 0.000817291 10
0.881626 0.00359917 8
0.8998 0.0449878 5
0.972528 1 1
0.86721 0.00026024 11
0.89342 0.0197078 6
0.915348 0.107806 4
0.863357 4.71501e-05 13
0.936029 0.255241 3
0.866316 0.000113191 12
0.975426 1 1
0.971675 1 1
0.855439 7.63493e-06 15
0.900274 0.0451774 5
0.872749 0.000640644 10
0.920591 0.228762 3
0.981022 1 1
0.928051 0.239772 3
0.914717 0.107228 4
0.922656 0.231541 3
0.891935 0.0194097 6
0.942515 0.506404 2
0.959449 0.557834 2
0.865736 0.000254044 11
0.964597 1 1
0.899621 0.0449169 5
0.921316 0.229716 3
0.954553 0.539371 2
0.989169 1 1
0.934919 0.491909 2
0.89277 0.0195758 6
0.95422 0.315131 3
0.938188 0.0788352 5
0.941011 0.0842699 5
0.918796 0.0144122 7
0.906602 0.00133363 10
0.957883 0.333686 3
0.933963 0.0719316 5
0.891528 4.48792e-05 14
0.937582 0.0777598 5
0.927913 0.0340821 6
0.949152 0.173045 4
0.925374 0.0321679 6
0.974325 0.642894 2
0.929154 0.0351046 6
0.914302 0.00658535 8
0.878012 1.29048e-06 18
0.931521 0.0685091 5
0.916488 0.0136624 7
0.896714 0.000487571 11
0.948315 0.170041 4
0.933529 0.0712947 5
0.865513 6.55812e-09 24
0.970518 0.615912 2
0.86561 6.58705e-09 24
0.955454 0.321063 3
0.924993 0.0318997 6
0.848571 9.22398e-12 0
0.893579 0.000212603 12
0.896425 0.000483665 11
0.980136 0.693392 2
0.945512 0.280972 3
0.917298 0.0544134 5
0.946377 0.283841 3
0.899579 0.00998641 7
0.887346 0.00179307 9
0.936756 0.256894 3
0.924664 0.118048 4
0.881291 0.000336949 11
0.929677 0.125241 4
0.921309 0.113953 4
0.950669 0.527055 2
0.92321 0.11621 4
0.962151 0.569687 2
0.910323 0.0243749 6
0.897683 0.0097099 7
0.972233 0.627532 2
0.952395 0.5323 2
0.895168 0.00439802 8
0.958919 0.555656 2
0.914437 0.0524405 5
0.956167 0.545065 2
0.968507 0.603298 2
0.868931 1.04841e-05 15
0.966572 0.592118 2
0.893561 0.0042822 8
0.904259 0.0107608 7
0.94486 0.278873 3
0.968807 0.605116 2
0.971843 0.624819 2
0.905488 0.0227406 6
0.917298 0.109677 4
0.981011 1 1
0.910626 0.0501223 5
0.943711 0.509058 2
0.968504 1 1
0.975551 1 1
0.907834 0.0486149 5
0.922039 0.114801 4
0.906778 0.0480816 5
0.932205 0.24726 3
0.921639 0.114334 4
0.887322 0.00389131 8
0.929479 0.242221 3
0.944056 0.509846 2
0.965605 0.586862 2
0.90801 0.0487056 5
0.936569 0.256464 3
0.957144 0.548693 2
0.9023 0.0460182 5
0.926241 0.236839 3
0.95201 0.531099 2
0.89111 0.00888249 7
0.939707 0.500597 2
0.89302 0.00910422 7
0.976649 1 1
0.96795 1 1
0.878554 0.00155937 9
0.926616 0.237431 3
0.907365 0.0483755 5
0.949457 0.523571 2
0.982249 0.715059 2
0.94034 0.146437 4
0.91318 0.0127186 7
0.934959 0.134562 4
0.903293 0.00248175 9
0.953553 0.312055 3
0.962388 0.570785 2
0.872019 1.03858e-06 18
0.965625 0.586968 2
0.903384 0.00248721 9
0.9211 0.0294118 6
0.949844 0.296424 3
0.994902 1 1
0.947234 0.286786 3
0.902121 0.00241348 9
0.891556 0.00893304 7
0.937386 0.258362 3
0.934198 0.251278 3
0.901279 0.0215389 6
0.942058 0.505418 2
0.944917 0.511855 2
0.877294 0.000689499 10
0.961047 0.564687 2
0.878059 0.000698439 10
0.971001 1 1
0.943416 0.508392 2
0.861777 8.80149e-06 15
0.908414 0.0489159 5
0.903182 0.0220597 6
0.971876 1 1
0.880516 0.00354797 8
0.906503 0.047946 5
0.961343 0.566003 2
0.872578 0.000638941 10
0.903929 0.0467343 5
0.920271 0.228348 3
0.86309 0.000106813 12
0.949518 0.523744 2
0.865495 0.000111507 12
0.987467 1 1
0.964371 1 1
0.853102 3.13881e-06 16
0.899054 0.0446952 5
0.877097 0.00152669 9
0.93252 0.247876 3
0.971084 0.619657 2
0.945092 0.159488 4
0.88607 3.74352e-05 14
0.959278 0.341554 3
0.90821 0.00567852 8
0.946526 0.163998 4
0.975195 0.649684 2
0.860146 1.01191e-09 26
0.971368 0.62157 2
0.883985 1.62767e-05 15
0.894897 0.0004639 11
0.949428 0.294817 3
0.961751 0.356707 3
0.971804 0.624552 2
0.897261 0.000495109 11
0.883913 7.56937e-05 13
0.950225 0.297921 3
0.871551 1.02206e-06 18
0.934401 0.133479 4
0.982751 0.7205 2
0.932968 0.13081 4
0.880422 3.16167e-05 14
0.908964 0.0117008 7
0.877567 1.3305e-05 15
0.89961 0.00227888 9
0.881829 3.29215e-05 14
0.857699 2.06106e-09 25
0.891476 0.000424507 11
0.926532 0.0625729 5
0.951722 0.304034 3
0.899911 0.0450318 5
0.892453 0.0195122 6
0.981926 1 1
0.86622 0.000256048 11
0.873892 0.00145958 9
0.911629 0.104564 4
0.88005 0.00352694 8
0.89719 0.043991 5
0.884541 0.00821406 7
0.94006 0.501296 2
0.973164 1 1
0.878446 0.00345671 8
0.917339 0.224738 3
0.87474 0.00147675 9
0.894525 0.0199385 6
0.915924 0.108346 4
0.897554 0.0206127 6
0.966376 1 1
0.875026 0.000664245 10
0.873878 0.000652134 10
0.9173 0.109679 4
0.895756 0.0202046 6
0.885784 0.00380716 8
0.900737 0.045365 5
0.928662 0.240806 3
0.963609 0.57664 2
0.896097 0.0202802 6
0.932318 0.24748 3
0.884663 0.00374839 8
0.890591 0.00882462 7
0.924614 0.234355 3
0.947873 0.519255 2
0.951418 0.529288 2
0.91554 0.107985 4
0.928652 0.240788 3
0.966418 1 1
0.907547 0.048468 5
0.924936 0.234837 3
0.909454 0.102841 4
0.959056 0.556216 2
0.962943 0.57341 2
0.894396 0.0199111 6
0.943348 0.508239 2
0.921876 0.230469 3
0.944964 0.511965 2
0.883764 3.48914e-06 17
0.877985 5.91325e-07 19
0.972348 0.628345 2
0.851124 1.04951e-11 0
0.862203 2.1973e-10 28
0.896504 0.000232407 12
0.86425 5.48778e-10 27
0.893741 0.000101738 13
0.86876 7.62177e-09 24
0.934027 0.0720269 5
0.960912 0.351386 3
0.863471 5.27355e-10 27
0.90072 0.000547896 11
0.859243 1.62675e-11 0
0.884673 7.75464e-06 16
0.923234 0.0592957 5
0.963664 0.576908 2
0.870792 2.21562e-06 17
0.988419 1 1
0.94313 0.273571 3
0.946118 0.28297 3
0.926243 0.0622669 5
0.875121 1.23933e-05 15
0.921767 0.0579772 5
0.88426 0.000165369 12
0.881147 7.03195e-05 13
0.901234 0.00490729 8
0.923051 0.0591264 5
0.976273 0.658456 2
0.919273 0.0559099 5
0.977622 1 1
0.909497 0.0240735 6
0.895498 0.00442273 8
0.912195 0.0510373 5
0.873196 5.80028e-05 13
0.921179 0.113804 4
0.966337 0.590823 2
0.844333 5.2045e-10 26
0.9732 0.634463 2
0.877772 0.00014229 12
0.900804 0.0101759 7
0.97578 1 1
0.966192 0.590027 2
0.924439 0.117756 4
0.871606 5.59777e-05 13
0.921235 0.0575185 5
0.948926 0.292915 3
0.949638 0.295624 3
0.915457 0.0264902 6
0.931944 0.128995 4
0.9663 0.590618 2
0.904664 0.00525709 8
0.929001 0.124185 4
0.906345 0.011155 7
0.961558 0.566971 2
0.961152 0.565149 2
0.890928 0.000418754 11
0.939644 0.144741 4
0.921185 0.0574756 5
0.949327 0.294433 3
0.844123 5.16266e-10 26
0.894915 0.00933852 7
0.897839 0.00973189 7
0.862186 3.90836e-06 16
0.917163 0.0543159 5
0.896657 0.009568 7
0.831439 4.19554e-12 0
0.98249 1 1
0.831755 4.25286e-12 0
0.937113 0.257723 3
0.903107 0.0220386 6
0.815857 2.20723e-12 0
0.859821 1.61375e-06 17
0.861193 1.67464e-06 17
0.943753 0.275436 3
0.957564 0.331951 3
0.965407 0.382308 3
0.919113 0.0145216 7
0.947584 0.167512 4
0.928522 0.0345761 6
0.980601 0.697994 2
0.943784 0.155617 4
0.893406 0.000100622 13
0.944356 0.157282 4
0.920262 0.0149327 7
0.929179 0.0351256 6
0.925575 0.0323112 6
0.971087 0.619675 2
0.957291 0.330487 3
0.927284 0.033586 6
12 0 1 2 7 8 9 10 12 21 22 24 26 
24 0 1 2 3 4 5 7 8 9 10 12 13 15 16 17 18 19 21 22 23 24 26 27 29 
10 0 1 2 7 9 12 21 22 24 26 
27 0 1 2 3 4 5 6 7 8 9 10 11 12 13 14 15 16 17 18 19 21 22 23 26 27 28 29 
29 0 1 2 3 4 5 6 7 8 9 10 11 12 13 14 15 16 17 18 19 21 22 23 24 25 26 27 28 29 
24 0 1 2 3 5 6 7 8 9 10 11 12 15 16 17 18 21 22 23 24 26 27 28 29 
23 0 1 2 3 5 6 7 8 9 10 11 12 15 16 17 18 21 22 23 24 26 27 29 
24 0 1 2 3 4 5 7 8 9 10 12 13 15 16 17 18 19 21 22 23 24 26 27 29 
24 0 1 2 3 5 6 7 8 9 10 11 12 14 15 16 17 18 21 22 23 24 26 27 29 
15 0 1 2 5 7 8 9 10 12 16 18 21 22 24 26 
9 0 1 2 7 12 21 22 24 26 
20 0 1 2 5 6 7 8 9 10 12 15 16 17 18 21 22 23 24 26 27 
13 0 1 2 7 8 9 10 12 18 21 22 24 26 
28 0 1 2 3 4 5 6 7 8 9 10 11 12 13 14 15 16 17 18 19 20 21 22 23 26 27 28 29 
24 0 1 2 3 5 6 7 8 9 10 11 12 15 16 17 18 21 22 23 24 26 27 28 29 
