50 15 8e+06
1.12744 138639
1.3371 154264
1.69935 180310
2.48136 198916
1.00298 164909
2.94442 133313
2.45578 196353
2.78353 178011
1.36128 126045
1.54327 148739
1.57329 181872
1.23585 133992
1.29834 173029
1.12745 130333
1.06346 103240
2.294 141227
1.80998 119057
1.31866 142805
2.86058 167314
1.40014 134444
2.08611 135864
1.44497 111864
1.0977 156062
2.50527 167784
2.63025 107779
1.97521 189613
2.96214 107329
2.95777 162783
1.98512 194153
2.65528 113532
1.05178 124444
1.86084 154275
2.80108 149571
2.6064 156611
2.08947 142097
1.10338 122783
2.55839 135204
2.22296 113182
2.41642 191393
1.78551 169294
2.1876 124393
1.39285 174839
1.95687 145425
1.80319 146525
1.7557 160735
2.08218 152033
1.66663 148522
2.60113 141931
2.03078 106397
1.77065 102336
0.953139 0.310188 3
0.922425 0.0302096 6
0.94953 0.295209 3
0.904274 0.0025418 9
0.907232 0.00555552 8
0.917191 0.0138822 7
0.876053 2.63162e-06 17
0.890831 0.000196458 12
0.913331 0.0127587 7
0.916347 0.0136194 7
0.935705 0.13605 4
0.92485 0.0318003 6
0.950093 0.297398 3
0.930085 0.0666644 5
0.900876 0.00113374 10
0.935365 0.253773 3
0.885535 0.001739 9
0.901607 0.0216262 6
0.87137 0.000124602 12
0.922425 0.115258 4
0.873782 0.000130783 12
0.870294 5.43951e-05 13
0.902822 0.0219585 6
0.919834 0.112308 4
0.866098 2.20362e-05 14
0.890577 0.00408447 8
0.879201 0.00071224 10
0.918309 0.110698 4
0.885094 0.00172636 9
0.879342 0.00071398 10
0.931056 0.245075 3
0.981801 1 1
0.947124 0.517303 2
0.995963 1 1
0.90062 0.0213663 6
0.969667 0.610446 2
0.92447 0.117796 4
0.899856 0.0100285 7
0.914181 0.0522742 5
0.932011 0.246886 3
0.960083 0.560499 2
0.961306 0.565839 2
0.948867 0.521933 2
0.962608 0.571819 2
0.965972 0.58883 2
0.925785 0.0617902 5
0.912802 0.0126194 7
0.891294 0.000422578 11
0.917579 0.0275061 6
0.955053 0.319101 3
0.891418 0.000423888 11
0.978617 0.678971 2
0.971539 0.622733 2
0.960808 0.563633 2
0.859487 1.14747e-08 23
0.894542 0.00096833 10
0.887754 0.00018073 12
0.920201 0.0288969 6
0.892607 0.000926558 10
0.946295 0.283566 3
0.935933 0.493633 2
0.977627 1 1
0.976436 1 1
0.961502 0.566721 2
0.891721 0.0193679 6
0.988854 1 1
0.898574 0.04451 5
0.885396 0.00829386 7
0.904324 0.0469139 5
0.962094 0.569419 2
0.991252 1 1
0.993617 1 1
0.956344 0.545713 2
0.997004 1 1
0.938537 0.498342 2
0.976925 1 1
0.940469 0.502117 2
0.932385 0.247611 3
0.93304 0.248906 3
0.962932 1 1
0.919879 0.227845 3
0.938714 0.498677 2
0.952407 0.532338 2
0.975739 1 1
0.893897 0.0198064 6
0.930489 0.244031 3
0.920133 0.22817 3
0.965219 1 1
0.926464 0.23719 3
0.949924 0.524893 2
0.940602 0.502385 2
0.889191 0.0188915 6
0.90248 0.0460958 5
0.875893 0.00335112 8
0.932313 0.487729 2
0.875995 0.00335522 8
0.878618 0.00346407 8
0.912518 0.105303 4
0.929082 0.241527 3
0.865688 0.000253844 11
0.892301 0.019482 6
0.880797 0.00788605 7
0.922183 0.230887 3
0.886875 0.0184839 6
0.885699 0.00832257 7
0.970134 0.613422 2
0.968136 0.601087 2
0.975593 1 1
0.949969 0.525024 2
0.920719 0.113284 4
0.955256 0.541809 2
0.911529 0.0506426 5
0.91072 0.0501754 5
0.932516 0.247868 3
0.934744 0.25243 3
0.971319 0.62124 2
0.959067 0.556261 2
0.990119 1 1
0.965949 0.588709 2
0.944438 0.277545 3
0.9721 1 1
0.920427 0.112959 4
0.921989 0.114742 4
0.910266 0.0499195 5
0.966184 0.589987 2
0.902459 0.0218576 6
0.918517 0.110912 4
0.947272 0.517684 2
0.969261 1 1
0.882345 0.00165174 9
0.916089 0.108502 4
0.904727 0.0470991 5
0.951631 0.529936 2
0.911215 0.0504596 5
0.924875 0.234745 3
0.924948 0.031868 6
0.909024 0.00287598 9
0.888679 4.07291e-05 14
0.913091 0.00638347 8
0.95823 0.335601 3
0.887637 1.84587e-05 15
0.973343 0.635517 2
0.976127 0.657246 2
0.962345 0.360601 3
0.856256 1.37727e-11 0
0.891376 9.42503e-05 13
0.884275 7.64254e-06 16
0.91809 0.0141741 7
0.889252 4.15142e-05 14
0.941533 0.14946 4
0.934368 0.0725362 5
0.988845 1 1
0.955939 0.323482 3
0.986597 0.766294 2
0.899436 0.000527216 11
0.978429 0.677246 2
0.917952 0.0141286 7
0.896947 0.000490757 11
0.912889 0.00635101 8
0.940473 0.146764 4
0.969399 0.608763 2
0.970598 0.616436 2
0.953545 0.312019 3
0.972095 0.626567 2
0.959542 0.343096 3
0.945113 0.159553 4
0.894185 0.000103251 13
0.897516 0.000239984 12
0.88475 7.77679e-06 16
0.962527 0.361809 3
0.876901 2.59112e-07 20
0.902898 0.000586265 11
0.942659 0.152464 4
0.955151 0.31958 3
0.858963 1.6011e-11 0
0.890684 4.35828e-05 14
0.879466 6.28714e-07 19
0.92489 0.0318279 6
0.885782 8.08056e-06 16
0.90108 0.000553941 11
0.949637 0.524077 2
0.990169 1 1
0.958631 0.554495 2
0.979955 1 1
0.914903 0.107397 4
0.966779 0.593272 2
0.927675 0.239148 3
0.911391 0.050562 5
0.928518 0.24056 3
0.931894 0.246659 3
0.967925 0.599844 2
0.962822 0.572834 2
0.967708 0.598575 2
0.967396 0.596771 2
0.968298 0.602049 2
0.960337 0.347844 3
0.911595 0.00309226 9
0.910609 0.00300594 9
0.903238 0.00120936 10
0.97646 0.660026 2
0.892843 9.87866e-05 13
0.9209 0.0151707 7
0.956021 0.323894 3
0.974367 0.643217 2
0.871539 4.2508e-08 22
0.905493 0.00129027 10
0.894487 0.000104302 13
0.940792 0.147564 4
0.900868 0.000550373 11
0.920782 0.0151259 7
0.969201 0.607534 2
0.931334 0.245595 3
0.922932 0.115869 4
0.925199 0.11875 4
0.972936 1 1
0.910647 0.0501339 5
0.94066 0.266608 3
0.96137 0.566127 2
0.985582 1 1
0.884703 0.00171532 9
0.920913 0.113503 4
0.910714 0.0501719 5
0.95542 0.542387 2
0.916957 0.109341 4
0.94465 0.278211 3
0.944541 0.510969 2
0.903036 0.0463372 5
0.926294 0.236923 3
0.886239 0.00837446 7
0.910279 0.10348 4
0.895345 0.0201146 6
0.868983 0.000268062 11
0.891853 0.0193937 6
0.912835 0.105572 4
0.893114 0.0196452 6
0.913335 0.106002 4
0.902296 0.0460167 5
0.933956 0.250773 3
0.90774 0.101563 4
0.88751 0.00849986 7
0.917573 0.0546151 5
0.874285 0.000132142 12
0.896949 0.00960785 7
0.858311 6.77857e-07 18
0.895056 0.00438972 8
0.866752 9.92146e-06 15
0.847488 3.18159e-09 24
0.876071 0.000137173 12
0.894079 0.00431873 8
0.866627 9.89063e-06 15
0.884203 0.000779631 10
0.873651 0.000130435 12
0.904897 0.0225605 6
0.878808 0.000320539 11
0.861411 1.68461e-06 17
0.949058 0.29341 3
0.907211 0.0232886 6
0.929947 0.12567 4
0.890429 0.00189381 9
0.913478 0.0256218 6
0.899108 0.00471448 8
0.872954 2.59207e-05 14
0.895183 0.00439913 8
0.916493 0.0538364 5
0.895858 0.00444997 8
0.917124 0.0542877 5
0.905929 0.0110737 7
0.938445 0.260915 3
0.911487 0.0248164 6
0.891815 0.00194311 9
0.95396 0.313921 3
0.915973 0.00688429 8
0.94016 0.145993 4
0.898589 0.000514299 11
0.912652 0.00631324 8
0.908725 0.00285253 9
0.876474 5.56345e-07 19
0.8952 0.000223211 12
0.917309 0.0139201 7
0.905828 0.00264279 9
0.926999 0.0333667 6
0.91581 0.00685391 8
0.946257 0.163129 4
0.921326 0.0153337 7
0.898094 0.000507002 11
0.921524 0.0577664 5
0.87453 1.21882e-05 15
0.874091 1.20391e-05 15
0.867713 2.0165e-06 17
0.95823 0.552895 2
0.856284 1.01436e-08 23
0.898887 0.00469541 8
0.944516 0.277789 3
0.945229 0.280054 3
0.836486 5.22966e-12 0
0.868533 2.06683e-06 17
0.857893 2.45932e-08 22
0.902358 0.00501632 8
0.864025 3.55078e-07 19
0.887513 0.000385893 11
0.939304 0.263064 3
0.963326 0.575259 2
0.99021 1 1
0.944932 0.279102 3
0.890579 0.00189903 9
0.97124 0.620705 2
0.88832 0.000845407 10
0.881541 0.000338694 11
0.902168 0.0103975 7
0.966171 0.589913 2
0.987415 1 1
0.980954 1 1
0.957716 0.550884 2
0.984131 1 1
0.926057 0.119907 4
0.948828 0.292547 3
0.916746 0.0137423 7
0.943969 0.156151 4
0.898723 0.00107197 10
0.904905 0.00258193 9
0.911718 0.00616849 8
0.8718 2.10108e-07 20
0.888054 8.5149e-05 13
0.910288 0.00595901 8
0.912017 0.0062141 8
0.930116 0.0667037 5
0.919452 0.028483 6
0.944564 0.157897 4
0.92456 0.0316006 6
0.895709 0.00047423 11
0.90422 0.0468663 5
0.864813 0.000110142 12
0.857774 1.8449e-05 14
0.861938 4.58637e-05 13
0.953682 0.536446 2
0.845182 8.75136e-08 20
0.90782 0.101621 4
0.952928 0.533991 2
0.939917 0.501011 2
0.821468 2.76768e-12 0
0.854723 7.51784e-06 15
0.845106 8.73276e-08 20
0.887489 0.00849771 7
0.850927 1.28709e-06 17
0.885637 0.00831664 7
0.942547 0.271865 3
0.987713 1 1
0.952669 0.308105 3
0.987848 1 1
0.910979 0.0121638 7
0.966763 0.593186 2
0.929429 0.12485 4
0.909019 0.0117128 7
0.924664 0.0606606 5
0.930078 0.125879 4
0.963537 0.576286 2
0.960847 0.563804 2
0.959952 0.559941 2
0.964235 0.579758 2
0.97135 0.621444 2
0.929155 0.124424 4
0.964587 0.581541 2
0.93022 0.126109 4
0.980948 0.701495 2
0.91067 0.0120901 7
0.947532 0.287833 3
0.944882 0.278943 3
0.913704 0.0257175 6
0.92408 0.0600934 5
0.910717 0.0121012 7
0.941013 0.267562 3
0.939972 0.145534 4
0.942251 0.271014 3
0.942285 0.271112 3
0.9839 1 1
0.941411 0.149144 4
0.91944 0.0284762 6
0.902156 0.00117363 10
0.920311 0.0289588 6
0.970834 0.61799 2
0.897721 0.000501623 11
0.964596 0.581591 2
0.980336 0.695364 2
0.978849 0.681116 2
0.867597 3.5878e-08 22
0.903535 0.00249627 9
0.895369 0.000469849 11
0.932933 0.0704418 5
0.900823 0.00113216 10
0.94723 0.166319 4
0.933179 0.0707908 5
0.88274 3.35315e-06 17
0.897635 0.000240908 12
0.869065 7.73298e-09 24
0.924253 0.0313917 6
0.870411 1.82611e-08 23
0.870669 1.84805e-08 23
0.904669 0.00125965 10
0.920724 0.0151044 7
0.861862 2.15852e-10 28
0.88695 1.80148e-05 15
0.87557 2.44902e-07 20
0.915492 0.00679555 8
0.88151 3.20002e-06 17
0.878068 5.93327e-07 19
0.935774 0.136191 4
0.950062 0.297276 3
0.920437 0.02903 6
0.959442 0.342505 3
0.930143 0.0667373 5
0.929252 0.0656472 5
0.966944 0.5942 2
0.935717 0.136075 4
0.943081 0.15363 4
0.893944 0.000452288 11
0.927887 0.0640594 5
0.923608 0.0309636 6
0.94214 0.151062 4
0.92745 0.0635709 5
0.989359 1 1
0.965396 1 1
0.916325 0.223563 3
0.9154 0.107855 4
0.907614 0.101472 4
0.974274 1 1
0.897577 0.0441342 5
0.922386 0.231167 3
0.95463 0.539636 2
0.975228 1 1
0.876147 0.00336133 8
0.910327 0.103518 4
0.899262 0.0447761 5
0.945815 0.514019 2
0.905678 0.100111 4
0.924509 0.2342 3
0.925414 0.0614104 5
0.882626 3.36994e-05 14
0.877622 6.0805e-06 16
0.877905 6.13661e-06 16
0.972556 0.629816 2
0.863122 2.99486e-08 22
0.915529 0.0265235 6
0.962583 0.571705 2
0.95818 0.33532 3
0.840218 6.18923e-12 0
0.873803 2.4404e-06 17
0.863649 3.05745e-08 22
0.907644 0.00560663 8
0.869696 4.30957e-07 19
0.900084 0.00230316 9
0.96865 0.604162 2
0.915381 0.0264558 6
0.925785 0.0617902 5
0.902012 0.0049822 8
0.946284 0.283529 3
0.900747 0.00486159 8
0.899821 0.0047773 8
0.927076 0.0631589 5
0.948301 0.290603 3
0.886594 0.000377856 11
0.916753 0.0270996 6
0.904926 0.0108834 7
0.949223 0.294038 3
0.911325 0.0247535 6
0.911382 0.0247756 6
0.93099 0.244953 3
0.976158 1 1
0.940929 0.267334 3
0.995174 1 1
0.904749 0.0471094 5
0.961166 0.565214 2
0.932251 0.24735 3
0.905327 0.0473799 5
0.918345 0.110734 4
0.923822 0.11697 4
0.953002 0.534228 2
0.953156 0.534726 2
0.947186 0.517461 2
0.954947 0.54073 2
0.973544 1 1
0.93172 0.246326 3
0.942068 0.270491 3
0.913193 0.0516476 5
0.951616 0.529888 2
0.932349 0.24754 3
0.921402 0.11406 4
0.97513 1 1
0.940106 0.265138 3
0.944516 0.277791 3
0.886395 0.00176424 9
0.920224 0.112734 4
0.915817 0.0533654 5
0.936111 0.255426 3
0.919683 0.112145 4
0.981019 1 1
0.926073 0.062089 5
0.961296 0.565795 2
0.926929 0.063 5
0.978428 0.677238 2
0.909088 0.0117281 7
0.944967 0.279213 3
0.945765 0.281801 3
0.912833 0.0253537 6
0.92236 0.0585003 5
0.908255 0.0115471 7
0.937859 0.140622 4
0.937182 0.139139 4
0.938853 0.142877 4
0.939282 0.14388 4
0.982427 1 1
0.962957 0.573478 2
0.975882 1 1
0.955409 0.542347 2
0.966737 1 1
0.92912 0.241593 3
0.953457 0.535706 2
0.93426 0.251408 3
0.924274 0.233853 3
0.942814 0.507057 2
0.921993 0.230628 3
0.95993 0.55985 2
0.951671 0.530057 2
0.977485 1 1
0.957437 0.549809 2
0.969535 1 1
0.938249 0.497801 2
0.91453 0.107059 4
0.945462 0.513158 2
0.895979 0.0202539 6
0.892461 0.0195138 6
0.913075 0.105777 4
0.86302 4.68393e-05 13
0.876338 0.00151022 9
0.898505 0.0208383 6
0.919042 0.11146 4
0.931106 0.245169 3
0.921677 0.2302 3
0.937999 0.497335 2
0.925944 0.236376 3
0.889547 0.00871113 7
0.92831 0.123136 4
0.953493 0.535825 2
0.978981 1 1
0.936655 0.256662 3
0.879633 0.000148293 12
0.966944 0.5942 2
0.87782 6.46669e-05 13
0.870504 1.09227e-05 15
0.890957 0.00191229 9
0.976975 0.664394 2
0.977054 1 1
0.977046 1 1
0.945924 0.282325 3
0.976461 0.660033 2
0.91576 0.0533262 5
0.942213 0.270905 3
0.937666 0.259028 3
0.972246 0.627629 2
0.918521 0.0553265 5
0.891338 0.00192585 9
0.940063 0.265025 3
0.874111 5.92249e-05 13
0.87818 0.000143568 12
0.900418 0.0101153 7
0.946339 0.283713 3
0.957812 0.551256 2
0.949357 0.294547 3
0.951735 0.530253 2
0.953044 0.534365 2
0.90649 0.0230551 6
0.930741 0.12696 4
0.953002 0.534228 2
0.981262 1 1
0.935561 0.254203 3
0.881572 0.00033891 11
0.964778 0.582522 2
0.878167 0.000143527 12
0.872025 2.53312e-05 14
0.892737 0.00422539 8
0.973696 0.63813 2
0.976878 1 1
0.974954 0.647783 2
0.947896 0.289134 3
0.975351 0.650934 2
0.915669 0.0532639 5
0.928898 0.24121 3
0.916061 0.0535341 5
0.894586 0.00929677 7
0.920568 0.113115 4
0.956154 0.545018 2
0.894572 0.00929504 7
0.978964 1 1
0.971303 0.621132 2
0.962924 0.57332 2
0.862616 3.95156e-06 16
0.897826 0.00973 7
0.890964 0.00410893 8
0.923558 0.11664 4
0.895859 0.00946116 7
0.949287 0.523097 2
0.963894 0.578046 2
0.927272 0.0633741 5
0.950206 0.297844 3
0.909768 0.0118807 7
0.91793 0.0276832 6
0.919132 0.0557993 5
0.885611 0.000171027 12
0.901406 0.00492359 8
0.924165 0.0601747 5
0.913399 0.0255885 6
0.937476 0.139778 4
0.925878 0.0618861 5
0.957961 0.551838 2
0.931695 0.128566 4
0.908921 0.0116912 7
0.967774 0.59896 2
0.964941 0.378817 3
0.979622 0.688409 2
0.94609 0.162595 4
0.917003 0.00708124 8
0.954908 0.3184 3
0.906165 0.00131627 10
0.906328 0.00132269 10
0.928354 0.0344383 6
0.937742 0.0780407 5
0.972491 0.629354 2
0.959944 0.345476 3
0.985432 0.751623 2
0.966708 0.392449 3
0.939057 0.0804312 5
0.975251 1 1
0.951719 0.530204 2
0.969349 1 1
0.933831 0.250514 3
0.92237 0.115193 4
0.94135 0.268485 3
0.90244 0.0218525 6
0.909261 0.0493667 5
0.932235 0.247319 3
0.927953 0.239608 3
0.95926 0.557052 2
0.9469 0.516729 2
0.981806 1 1
0.953404 0.535533 2
0.930935 0.24485 3
0.954237 0.5383 2
0.926982 0.238018 3
0.912662 0.105425 4
0.925018 0.234959 3
0.974644 1 1
0.905343 0.0998827 4
0.955342 0.542111 2
0.97324 1 1
0.988031 1 1
0.876533 0.00337694 8
0.912883 0.105613 4
0.903884 0.046714 5
0.944369 0.510569 2
0.90969 0.103022 4
0.949369 0.523325 2
0.971892 0.625154 2
0.918502 0.0279773 6
0.9287 0.0649943 5
0.90503 0.0052976 8
0.946476 0.284176 3
0.903787 0.00251164 9
0.901636 0.00238628 9
0.927601 0.0637387 5
0.949361 0.29456 3
0.889283 0.000188262 12
0.919785 0.0286652 6
0.907925 0.00564214 8
0.952462 0.307201 3
0.914354 0.0130373 7
0.914108 0.0129691 7
0.928001 0.0641878 5
0.881469 6.91681e-06 16
0.880038 3.02994e-06 17
0.87489 5.22775e-07 19
0.966251 0.590353 2
0.862859 2.58868e-09 25
0.906019 0.00265573 9
0.951569 0.303394 3
0.953222 0.310561 3
0.842212 6.78785e-12 0
0.874865 5.22266e-07 19
0.864256 2.76129e-09 25
0.908972 0.00577826 8
0.870414 8.96946e-08 21
0.895012 0.00022194 12
0.918749 0.0143961 7
0.872792 2.18552e-07 20
0.871292 9.30126e-08 21
0.866582 1.53841e-08 23
0.958398 0.336535 3
0.854277 1.23775e-11 0
0.900193 0.00111345 10
0.946323 0.163341 4
0.94486 0.158784 4
0.833832 4.65304e-12 0
0.866122 1.50808e-08 23
0.855622 3.03519e-11 30
0.899888 0.00110461 10
0.861717 1.08912e-09 26
0.887079 3.86564e-05 14
0.95829 0.553132 2
0.949927 0.296749 3
0.979745 1 1
0.930615 0.126753 4
0.906329 0.0111519 7
0.946522 0.284334 3
0.889773 0.000871302 10
0.893648 0.00201259 9
0.916131 0.0535828 5
0.941228 0.268149 3
0.965627 0.586977 2
0.954315 0.538564 2
0.968967 0.606094 2
0.959829 0.559424 2
0.921568 0.0578044 5
0.908434 0.0236998 6
0.939355 0.263195 3
0.958049 0.552182 2
0.926056 0.119905 4
0.861195 1.67472e-06 17
0.958824 0.555273 2
0.863357 4.02768e-06 16
0.852956 4.76197e-08 21
0.872548 5.71625e-05 13
0.995683 1 1
0.959764 0.559148 2
0.966246 0.590322 2
0.926096 0.119961 4
0.961896 0.568508 2
0.901876 0.010349 7
0.919715 0.227638 3
0.924391 0.234025 3
0.896628 0.043786 5
0.934386 0.491025 2
0.932672 0.248174 3
0.904193 0.0468539 5
0.99231 1 1
0.945491 0.513228 2
0.942249 0.505827 2
0.869765 0.00061206 10
0.903078 0.0463556 5
0.898631 0.0445318 5
0.920939 0.229217 3
0.902448 0.0460821 5
0.962683 1 1
23 0 1 4 6 7 15 16 17 18 20 21 26 30 35 36 37 38 40 41 42 44 47 48 
39 0 1 4 5 6 7 8 9 11 12 13 14 15 16 17 18 19 20 21 22 25 26 28 29 30 34 35 36 37 38 40 41 42 43 44 45 46 47 48 
16 0 1 15 16 17 18 20 21 26 35 36 37 38 40 47 48 
47 0 1 2 3 4 5 6 7 8 9 10 11 12 13 14 15 16 17 18 19 20 21 22 23 25 26 27 28 29 30 32 34 35 36 37 38 39 40 41 42 43 44 45 46 47 48 49 
32 0 1 5 6 7 8 11 13 15 16 17 18 19 20 21 22 26 28 29 30 35 36 37 38 40 41 42 44 45 46 47 48 
33 0 1 4 5 6 7 8 11 13 14 15 16 17 18 19 20 21 22 26 28 29 30 35 36 37 38 40 41 42 44 45 47 48 
49 0 1 2 3 4 5 6 7 8 9 10 11 12 13 14 15 16 17 18 19 20 21 22 23 24 25 26 27 28 29 30 31 32 33 34 35 36 37 38 39 40 41 42 43 44 45 46 47 48 
39 0 1 4 5 6 7 8 10 11 12 13 14 15 16 17 18 19 20 21 22 23 26 28 29 30 34 35 36 37 38 40 41 42 43 44 45 46 47 48 
37 0 1 4 5 6 7 8 10 11 12 13 14 15 16 17 18 19 20 21 23 26 28 29 30 34 35 36 37 38 40 41 42 44 45 46 47 48 
24 0 1 6 8 13 15 16 17 18 20 21 26 28 30 35 36 37 38 40 41 42 44 47 48 
31 0 1 6 7 8 11 13 15 16 17 18 19 20 21 22 26 28 29 30 35 36 37 38 40 41 42 44 45 46 47 48 
40 0 1 3 4 5 6 7 8 9 11 13 14 15 16 17 18 19 20 21 22 25 26 28 29 30 34 35 36 37 38 39 40 41 42 43 44 45 46 47 48 
23 0 1 4 6 7 15 16 17 18 20 21 26 30 35 36 37 38 40 41 42 44 47 48 
28 0 1 6 7 8 11 13 15 16 17 18 19 20 21 26 28 30 35 36 37 38 40 41 42 44 45 47 48 
42 0 1 2 4 5 6 7 8 10 11 12 13 14 15 16 17 18 19 20 21 22 23 25 26 28 29 30 31 34 35 36 37 38 40 41 42 43 44 45 46 47 48 
