30 15 6e+06
5.14093 161901
3.96347 119143
15.9744 123464
2.58633 133154
2.043 187460
3.55617 150121
11.4052 140770
4.23733 103432
2.73715 187883
2.24067 140615
1.93085 111540
1.91259 162931
1.71555 124101
2.68083 171598
1.82472 162254
2.94888 180753
1.80695 192560
2.17314 128765
3.97168 187095
2.02817 149061
2.99561 173888
6.927 173740
1.95565 196880
4.63632 168935
1.55844 197540
1.8798 127006
1.87102 116264
1.41931 142936
2.16606 177794
3.70685 100467
0.905599 0.00262744 9
0.903359 0.00121347 10
0.885705 1.72519e-05 15
0.904076 0.00123837 10
0.952196 0.306053 3
0.889767 4.22404e-05 14
0.924736 0.0317213 6
0.913956 0.00652647 8
0.889153 4.13757e-05 14
0.935618 0.0744762 5
0.921264 0.0153098 7
0.88792 3.97241e-05 14
0.983929 0.733745 2
0.876799 5.63613e-07 19
0.937625 0.0778358 5
0.924511 0.060511 5
0.916269 0.0268684 6
0.901636 0.00494572 8
0.917002 0.0272208 6
0.966901 0.593957 2
0.901959 0.004977 8
0.925947 0.061958 5
0.932945 0.130767 4
0.906861 0.011258 7
0.937408 0.139629 4
0.931765 0.128686 4
0.897387 0.00217162 9
0.965827 0.588051 2
0.893813 0.000952173 10
0.947779 0.288715 3
0.919614 0.0285714 6
0.880497 6.6894e-06 16
0.878522 2.86849e-06 17
0.881137 6.83787e-06 16
0.922268 0.0301123 6
0.866829 3.47522e-08 22
0.87533 1.16782e-06 18
0.922849 0.0304749 6
0.893147 0.000209916 12
0.886111 3.74828e-05 14
0.888794 8.70476e-05 13
0.857505 1.73248e-10 28
0.920052 0.0288134 6
0.878619 2.8784e-06 17
0.901556 0.00115461 10
0.987286 1 1
0.941586 0.269138 3
0.949446 0.294886 3
0.942054 0.270452 3
0.952221 0.30616 3
0.929338 0.124707 4
0.906524 0.0111905 7
0.997176 1 1
0.96548 0.586197 2
0.914603 0.0261069 6
0.937984 0.259792 3
0.91428 0.0259653 6
0.905628 0.0110159 7
0.949875 0.296547 3
0.941 0.267526 3
0.943205 0.507921 2
0.922331 0.231091 3
0.913627 0.106256 4
0.923041 0.23208 3
0.968485 1 1
0.907745 0.101567 4
0.917625 0.225076 3
0.951136 0.528438 2
0.922467 0.231279 3
0.928672 0.240823 3
0.933121 0.24907 3
0.89966 0.0449325 5
0.94534 0.512863 2
0.908341 0.102004 4
0.946739 0.516319 2
0.964153 0.579342 2
0.904058 0.0223115 6
0.915618 0.0532293 5
0.904502 0.0224424 6
0.923996 0.11719 4
0.8926 0.00421617 8
0.874798 0.000133554 12
0.96041 0.561903 2
0.9366 0.256536 3
0.88388 0.000774902 10
0.901972 0.0217243 6
0.877836 0.000314515 11
0.891078 0.00411622 8
0.922499 0.115347 4
0.907824 0.0234922 6
0.911696 0.0248979 6
0.872457 1.15087e-05 15
0.870526 4.89706e-06 16
0.873094 1.17109e-05 15
0.914361 0.0260002 6
0.858895 5.80943e-08 21
0.86854 2.06729e-06 17
0.914622 0.0261151 6
0.885273 0.000366823 11
0.879271 6.70332e-05 13
0.880953 0.000152836 12
0.849788 6.45863e-10 26
0.91574 0.0533125 5
0.870879 4.9472e-06 16
0.893839 0.00202013 9
0.93296 0.0704798 5
0.911887 0.00619421 8
0.902436 0.00243145 9
0.912599 0.0125668 7
0.959761 0.344388 3
0.897444 0.00049768 11
0.912487 0.0125379 7
0.940303 0.146344 4
0.911422 0.00612397 8
0.923726 0.031041 6
0.923971 0.031203 6
0.890321 0.000193688 12
0.950649 0.299615 3
0.897347 0.000496327 11
0.938498 0.142062 4
0.873665 0.000130472 12
0.875351 0.000135105 12
0.855717 2.74523e-07 19
0.876025 0.000303844 11
0.920266 0.11278 4
0.862959 3.98652e-06 16
0.907848 0.048622 5
0.881653 0.000743766 10
0.857904 6.70117e-07 18
0.916512 0.0538499 5
0.894515 0.00928777 7
0.864003 9.27673e-06 15
0.972393 1 1
0.84626 3.04483e-09 24
0.909923 0.0497287 5
0.974797 1 1
0.918604 0.226255 3
0.941171 0.503553 2
0.918791 0.226485 3
0.916489 0.223751 3
0.91091 0.103981 4
0.87511 0.00332016 8
0.964937 1 1
0.964846 1 1
0.881928 0.00798167 7
0.908234 0.101925 4
0.893346 0.0196927 6
0.872489 0.00143207 9
0.954389 0.538813 2
0.907668 0.101511 4
0.94723 0.166319 4
0.9433 0.154244 4
0.930005 0.066565 5
0.944043 0.156365 4
0.989614 1 1
0.928365 0.0344474 6
0.935682 0.0745787 5
0.956804 0.327918 3
0.933887 0.0718186 5
0.946212 0.162985 4
0.955156 0.319604 3
0.920876 0.0151617 7
0.942675 0.152508 4
0.921191 0.0294649 6
0.96832 0.602181 2
0.925997 0.0326165 6
0.966668 0.592656 2
0.937623 0.1401 4
0.967318 0.596327 2
0.968933 0.605883 2
0.954458 0.316251 3
0.96752 0.597485 2
0.934668 0.0729926 5
0.928112 0.0643142 5
0.973348 0.635549 2
0.989471 1 1
0.954551 0.316692 3
0.929386 0.0658091 5
0.921515 0.0296564 6
0.991085 1 1
0.951578 0.303429 3
0.979218 0.684565 2
0.984131 1 1
0.979196 0.684355 2
0.943976 0.276118 3
0.971559 0.622866 2
0.924006 0.0600226 5
0.955568 0.321627 3
0.969528 0.609573 2
0.927332 0.0634403 5
0.960789 0.563549 2
0.953254 0.310702 3
0.89318 0.000938566 10
0.966969 0.594343 2
0.950751 0.300024 3
0.976474 1 1
0.954476 0.53911 2
0.972388 0.628625 2
0.95468 0.539806 2
0.941631 0.269264 3
0.945592 0.281231 3
0.906844 0.023169 6
0.977083 1 1
0.987868 1 1
0.912601 0.0512832 5
0.94242 0.271498 3
0.927881 0.1225 4
0.891249 0.00192266 9
0.973057 0.633426 2
0.93878 0.261746 3
0.938438 0.260898 3
0.971991 0.625846 2
0.947226 0.286758 3
0.972758 0.631261 2
0.973945 0.639999 2
0.957315 0.549345 2
0.954651 0.539709 2
0.947116 0.286373 3
0.939924 0.264661 3
0.961179 0.56527 2
0.986933 1 1
0.951873 0.304674 3
0.925918 0.119717 4
0.932167 0.129384 4
0.987764 1 1
0.910855 0.0502524 5
0.899416 0.0210612 6
0.885278 0.00173162 9
0.900136 0.0212421 6
0.949136 0.522675 2
0.885419 0.00173564 9
0.913613 0.0519116 5
0.918529 0.110924 4
0.8915 0.00414339 8
0.924716 0.118115 4
0.915226 0.107693 4
0.881524 0.00074204 10
0.96947 0.609208 2
0.878284 0.000701116 10
0.931238 0.245415 3
0.903753 0.0466552 5
0.898465 0.0208285 6
0.881835 0.00360899 8
0.89918 0.0210028 6
0.947533 0.518363 2
0.884814 0.00375617 8
0.91872 0.111123 4
0.911818 0.104719 4
0.886207 0.00837138 7
0.92953 0.24231 3
0.915852 0.108278 4
0.882548 0.003643 8
0.980199 1 1
0.873579 0.000649056 10
0.932112 0.247079 3
0.985799 1 1
0.935831 0.136307 4
0.956695 0.32735 3
0.936039 0.136733 4
0.930629 0.0673497 5
0.927451 0.0635717 5
0.891006 0.00019742 12
0.977988 0.673267 2
0.980316 0.69516 2
0.897534 0.00104045 10
0.925149 0.0611431 5
0.909835 0.0118959 7
0.883406 3.44911e-05 14
0.966106 0.589558 2
0.923693 0.0597246 5
0.903816 0.0466834 5
0.877243 0.00340605 8
0.869107 0.000606083 10
0.87793 0.00343478 8
0.924213 0.233764 3
0.863348 0.000107301 12
0.8839 0.00815545 7
0.909169 0.102624 4
0.87997 0.00352335 8
0.894762 0.0199889 6
0.889736 0.0189914 6
0.857045 1.81788e-05 14
0.939642 0.50047 2
0.865899 0.000254716 11
0.904496 0.0993166 4
0.926668 0.120755 4
0.925115 0.118639 4
0.90838 0.0236815 6
0.925855 0.119631 4
0.976078 1 1
0.910824 0.0245624 6
0.935657 0.254413 3
0.935659 0.254418 3
0.911618 0.0506946 5
0.947237 0.286797 3
0.941606 0.269193 3
0.906896 0.0231858 6
0.965174 0.584582 2
0.899189 0.009928 7
0.957968 0.551865 2
0.968866 1 1
0.94972 0.524315 2
0.946597 0.51596 2
0.950349 0.526119 2
0.970365 1 1
0.935486 0.254038 3
0.922678 0.115562 4
0.978783 1 1
0.954907 0.540591 2
0.931441 0.245797 3
0.951949 0.530909 2
0.923151 0.116138 4
0.921119 0.113736 4
0.940908 0.503011 2
0.957837 0.551353 2
0.950013 0.297084 3
0.920292 0.0149435 7
0.915391 0.0133336 7
0.920969 0.0151967 7
0.961738 0.356628 3
0.90593 0.00264975 9
0.909853 0.00589807 8
0.95698 0.328841 3
0.926758 0.0331826 6
0.920578 0.0150495 7
0.928471 0.0345345 6
0.896265 0.000481528 11
0.935648 0.0745242 5
0.912082 0.00622413 8
0.940577 0.147025 4
0.917069 0.10945 4
0.978628 1 1
0.946821 0.516528 2
0.978599 1 1
0.94304 0.507555 2
0.976566 1 1
0.956908 0.547806 2
0.92381 0.116956 4
0.929164 0.241671 3
0.954811 0.540258 2
0.979634 1 1
0.982833 1 1
0.903315 0.0220974 6
0.928136 0.239914 3
0.963081 0.574074 2
0.942945 0.153252 4
0.901588 0.00238359 9
0.901125 0.00235824 9
0.902217 0.0024189 9
0.940068 0.145768 4
0.887841 8.46166e-05 13
0.889594 0.000189861 12
0.946652 0.284776 3
0.91612 0.0135502 7
0.900208 0.0011139 10
0.907947 0.00564493 8
0.877189 2.73678e-06 17
0.922654 0.0303523 6
0.901219 0.00236336 9
0.919391 0.0284499 6
0.925899 0.061908 5
0.972823 0.631727 2
0.942217 0.270916 3
0.973417 0.636059 2
0.963258 0.574926 2
0.961323 0.565915 2
0.965385 0.585694 2
0.934131 0.132963 4
0.930719 0.126924 4
0.968915 0.605774 2
0.995847 1 1
0.9615 0.566708 2
0.922527 0.0586502 5
0.925301 0.0612956 5
0.984454 1 1
0.925395 0.11901 4
0.957366 0.549538 2
0.930543 0.126634 4
0.958057 0.552216 2
0.976129 0.657266 2
0.944536 0.277852 3
0.967396 0.596771 2
0.934535 0.251985 3
0.923721 0.116843 4
0.976623 0.661397 2
0.979156 1 1
0.944387 0.277388 3
0.939408 0.26333 3
0.915651 0.0532514 5
0.994356 1 1
0.959538 0.558203 2
0.959682 0.558805 2
0.950081 0.525344 2
0.960375 0.56175 2
0.976659 1 1
0.944761 0.278562 3
0.933543 0.249925 3
0.969048 0.606593 2
0.95265 0.533105 2
0.941839 0.269846 3
0.963927 0.578213 2
0.933737 0.250322 3
0.923925 0.117101 4
0.940598 0.266441 3
0.969078 0.606775 2
0.902846 0.0105121 7
0.947688 0.288389 3
0.916679 0.0539679 5
0.948127 0.289969 3
0.951486 0.529493 2
0.940027 0.264929 3
0.992561 1 1
0.911471 0.0248103 6
0.905204 0.0109354 7
0.990345 1 1
0.96852 0.603378 2
0.948452 0.291154 3
0.931393 0.128051 4
0.899892 0.010034 7
0.970235 0.614075 2
0.891202 0.00412417 8
0.877736 0.000313908 11
0.863929 4.08802e-06 16
0.878438 0.000318222 11
0.926225 0.120139 4
0.864148 4.11148e-06 16
0.896061 0.00948786 7
0.898113 0.00977098 7
0.870817 2.45967e-05 14
0.906479 0.0230515 6
0.893768 0.00429671 8
0.86103 1.6672e-06 17
0.960477 0.562191 2
0.85763 2.90582e-07 19
0.909565 0.0240981 6
0.958875 0.33923 3
0.975037 0.648433 2
0.970863 0.618181 2
0.975498 0.652111 2
0.957719 0.332792 3
0.961941 0.568717 2
0.92937 0.0657899 5
0.965322 0.585362 2
0.966624 0.592409 2
0.934706 0.134068 4
0.966003 0.589002 2
0.94675 0.285111 3
0.905738 0.00537779 8
0.958146 0.335134 3
0.960724 0.563266 2
9 2 5 6 7 9 18 21 23 28 
29 0 1 2 3 4 5 6 7 8 9 10 11 12 13 14 15 16 17 18 19 20 21 23 24 25 26 27 28 29 
11 2 3 5 6 9 13 17 18 20 21 23 
28 0 1 2 3 4 5 6 7 8 9 10 11 12 13 14 15 16 17 18 19 20 21 23 24 25 26 28 29 
23 0 1 2 3 4 5 6 7 9 10 12 13 15 16 17 18 19 20 21 23 26 28 29 
22 1 2 3 4 5 6 7 9 10 12 13 14 15 17 18 19 20 21 23 26 28 29 
30 0 1 2 3 4 5 6 7 8 9 10 11 12 13 14 15 16 17 18 19 20 21 22 23 24 25 26 27 28 29 
6 2 5 6 9 17 23 
22 0 1 2 3 4 5 6 7 8 9 10 13 15 16 17 18 19 20 21 23 26 28 
27 0 1 2 3 4 5 6 7 8 9 10 11 12 13 14 15 16 17 18 19 20 21 23 25 26 28 29 
27 0 1 2 3 4 5 6 7 8 9 10 11 12 13 14 15 16 17 18 19 20 21 23 25 26 28 29 
30 0 1 2 3 4 5 6 7 8 9 10 11 12 13 14 15 16 17 18 19 20 21 22 23 24 25 26 27 28 29 
24 0 1 2 3 4 5 6 7 8 9 10 12 13 15 16 17 18 19 20 21 23 26 28 29 
29 0 1 2 3 4 5 6 7 8 9 10 11 12 13 14 15 16 17 18 19 20 21 23 24 25 26 27 28 29 
25 0 1 2 3 4 5 6 7 8 9 10 12 13 14 15 16 17 18 19 20 21 23 26 28 29 
