60 15 8e+06
1.18813 138235
1.30628 102323
1.99509 129253
2.4436 123097
2.74394 170469
2.35732 174175
1.79387 152170
1.28623 188196
1.85519 178844
2.07238 162120
2.11827 157436
1.01312 169371
1.66192 190998
2.82372 151667
1.33536 126756
2.26717 101481
2.73063 127758
1.34063 154410
1.10747 129109
2.53481 125354
2.20131 192695
1.2486 158945
2.03563 127502
2.11137 186415
2.68603 172178
2.61159 118691
2.83243 110572
1.80061 118434
1.39464 196893
2.63002 171244
2.60983 115516
2.28431 127899
1.64778 128879
1.33081 130075
2.39004 153135
1.46597 189911
2.52693 145880
2.38806 170273
2.11213 126949
1.4021 134286
1.15728 123917
1.33803 122037
1.90725 136536
1.00986 118888
2.02196 136849
2.01073 173780
1.11384 102395
1.42535 188307
1.38092 194061
1.09409 167813
1.16596 110365
2.34514 164082
2.51868 106329
1.49982 119858
1.29042 184193
1.50476 191837
1.46698 153243
2.25138 114912
1.652 165491
2.08629 152518
0.963726 0.577214 2
0.960013 0.5602 2
0.945779 0.513931 2
0.928635 0.240759 3
0.928633 0.240756 3
0.932627 0.248086 3
0.961519 0.566794 2
0.938432 0.260884 3
0.917406 0.109783 4
0.910572 0.103712 4
0.926265 0.236878 3
0.955163 0.54148 2
0.940145 0.501467 2
0.926711 0.237583 3
0.961226 0.56548 2
0.973171 0.634253 2
0.943697 0.275269 3
0.950541 0.299181 3
0.953296 0.535179 2
0.953536 0.535963 2
0.942104 0.270594 3
0.948359 0.290812 3
0.930355 0.126328 4
0.936445 0.137574 4
0.91776 0.0547537 5
0.939507 0.263582 3
0.95875 0.554974 2
0.917573 0.0546151 5
0.902399 0.0104362 7
0.987151 1 1
0.977667 1 1
0.94689 0.516704 2
0.9567 0.547029 2
0.942752 0.272461 3
0.942474 0.271654 3
0.945115 0.512325 2
0.949854 0.524694 2
0.941575 0.269107 3
0.923501 0.116569 4
0.921629 0.114322 4
0.92835 0.240274 3
0.952119 0.531437 2
0.925177 0.118721 4
0.912662 0.0513199 5
0.973465 1 1
0.889393 4.17098e-05 14
0.906621 0.0026973 9
0.888952 4.10992e-05 14
0.847021 8.54318e-12 0
0.846342 8.26452e-12 0
0.874995 5.24909e-07 19
0.90038 0.00111895 10
0.913376 0.00642986 8
0.834817 4.85795e-12 0
0.866199 6.76578e-09 24
0.846843 8.4691e-12 0
0.876753 1.23067e-06 18
0.932601 0.0699758 5
0.959806 0.344655 3
0.873679 2.26511e-07 20
0.930686 0.0674224 5
0.928853 0.0348514 6
0.930055 0.0666274 5
0.885719 1.72598e-05 15
0.884812 1.67346e-05 15
0.915169 0.00673738 8
0.924623 0.0316434 6
0.951919 0.304869 3
0.867134 7.06257e-09 24
0.90354 0.00121966 10
0.876455 5.55933e-07 19
0.906065 0.00265887 9
0.939527 0.144462 4
0.95093 0.300752 3
0.911627 0.00615469 8
0.936236 0.255707 3
0.961327 0.56593 2
0.925496 0.119147 4
0.897186 0.00964042 7
0.897071 0.00962453 7
0.910626 0.0501223 5
0.956533 0.546409 2
0.933573 0.249986 3
0.890115 0.00188301 9
0.892859 0.0042337 8
0.902668 0.0104817 7
0.934341 0.251578 3
0.965322 0.585362 2
0.959071 0.556276 2
0.928497 0.123417 4
0.995757 1 1
0.924776 0.060771 5
0.974807 0.646628 2
0.954879 0.318262 3
0.953435 0.311517 3
0.966572 0.592118 2
0.927887 0.122508 4
0.948434 0.291089 3
0.918466 0.0552842 5
0.941728 0.269534 3
0.917425 0.0274292 6
0.934333 0.133349 4
0.904811 0.010862 7
0.895489 0.00208779 9
0.970629 0.616641 2
0.939897 0.145352 4
0.911839 0.00618685 8
0.922587 0.0303106 6
0.974307 0.642751 2
0.977446 0.668469 2
0.923033 0.030592 6
0.918479 0.0143043 7
0.894923 0.000221337 12
0.966874 0.593809 2
0.901322 0.00114735 10
0.952735 0.308393 3
0.94317 0.153879 4
0.881548 6.93558e-06 16
0.863414 2.65556e-09 25
0.9666 0.592276 2
0.917858 0.110237 4
0.983173 1 1
0.89849 0.00982528 7
0.901161 0.0215075 6
0.90258 0.0218912 6
0.887235 0.00178964 9
0.986743 1 1
0.892134 0.00418499 8
0.921695 0.114398 4
0.865252 9.5613e-06 15
0.941388 0.268588 3
0.969607 0.610065 2
0.952477 0.532558 2
0.925134 0.118664 4
0.932895 0.248618 3
0.919279 0.111711 4
0.958798 0.555166 2
0.898086 0.0207379 6
0.916133 0.108544 4
0.918188 0.110573 4
0.889615 0.00871841 7
0.965972 1 1
0.884463 0.00373812 8
0.947561 0.518436 2
0.866605 0.000113793 12
0.968798 1 1
0.984819 1 1
0.925857 0.236241 3
0.900067 0.0450942 5
0.94323 0.507976 2
0.878076 0.000698644 10
0.94835 0.520528 2
0.861465 8.73781e-06 15
0.858616 3.57569e-06 16
0.85997 3.69671e-06 16
0.849306 4.24208e-08 21
0.944698 0.511337 2
0.862041 8.85578e-06 15
0.882911 0.00166653 9
0.829435 3.85206e-12 0
0.903629 0.0221874 6
0.924717 0.118117 4
0.951282 0.528878 2
0.92736 0.238631 3
0.889114 0.00399497 8
0.919366 0.0284365 6
0.929965 0.0665155 5
0.917049 0.0272436 6
0.87585 5.74653e-06 16
0.875163 5.62462e-06 16
0.902244 0.00242046 9
0.924639 0.060636 5
0.938124 0.141215 4
0.861623 1.24951e-08 23
0.890385 0.000413196 11
0.872632 2.34908e-06 17
0.903018 0.00508281 8
0.947212 0.286709 3
0.963559 0.576395 2
0.903246 0.0051062 8
0.975198 0.649709 2
0.906852 0.00550914 8
0.998389 1 1
0.937651 0.140163 4
0.935365 0.135366 4
0.983926 0.733703 2
0.908473 0.00571253 8
0.967228 0.595812 2
0.894694 0.000461382 11
0.96394 0.578276 2
0.892876 0.000439881 11
0.910522 0.0120553 7
0.893468 0.000446679 11
0.890293 0.000193538 12
0.944764 0.278569 3
0.939597 0.144629 4
0.940098 0.14584 4
0.935478 0.135594 4
0.895249 0.000984494 10
0.894523 0.000967896 10
0.920177 0.0288835 6
0.936284 0.137238 4
0.951616 0.303588 3
0.878573 1.37116e-05 15
0.905739 0.00537789 8
0.888223 0.000182982 12
0.918204 0.0278234 6
0.946238 0.283373 3
0.95126 0.302106 3
0.922764 0.0588646 5
0.92307 0.0160384 7
0.957099 0.329467 3
0.901697 0.000564563 11
0.921124 0.0152559 7
0.923203 0.0160946 7
0.893575 0.000101184 13
0.964567 0.376062 3
0.887016 1.80568e-05 15
0.951648 0.303723 3
0.870422 1.82704e-08 23
0.972095 0.626567 2
0.988358 0.789912 2
0.923642 0.0309858 6
0.898465 0.000512461 11
0.947931 0.168704 4
0.986079 1 1
0.920549 0.0290937 6
0.986318 1 1
0.939622 0.144689 4
0.937866 0.140638 4
0.971339 0.621371 2
0.922161 0.0300465 6
0.965342 0.585463 2
0.902754 0.00244988 9
0.94961 0.295516 3
0.903099 0.00247019 9
0.923083 0.0306238 6
0.906132 0.00266344 9
0.901152 0.00114213 10
0.954505 0.316474 3
0.911425 0.0505819 5
0.943462 0.508495 2
0.904263 0.0468857 5
0.871778 0.000281288 11
0.871593 0.000280377 11
0.889449 0.00401505 8
0.936787 0.256965 3
0.919771 0.11224 4
0.866289 5.00039e-05 13
0.874833 0.000297181 11
0.880107 0.00159584 9
0.911244 0.0504764 5
0.968627 1 1
0.984867 1 1
0.902011 0.0217352 6
0.904145 0.0223371 6
0.976416 1 1
0.88658 0.000816312 10
0.883454 0.000768755 10
0.884703 0.000787085 10
0.874363 5.95694e-05 13
0.972878 0.63213 2
0.884918 0.00079032 10
0.903195 0.0105722 7
0.853575 4.85859e-08 21
0.923185 0.116179 4
0.94959 0.523945 2
0.96434 0.580288 2
0.935822 0.254779 3
0.915283 0.0530016 5
0.970235 0.614075 2
0.904694 0.0108404 7
0.99231 1 1
0.931821 0.128782 4
0.929531 0.125009 4
0.980818 1 1
0.905898 0.0110678 7
0.97253 0.629637 2
0.889368 0.000863923 10
0.965354 0.585529 2
0.888022 0.000840282 10
0.906503 0.0111863 7
0.893055 0.00198958 9
0.891345 0.000901134 10
0.939456 0.263453 3
0.903587 0.0465811 5
0.921791 0.230354 3
0.901365 0.0456238 5
0.861149 1.97839e-05 14
0.860558 1.95394e-05 14
0.886884 0.00386692 8
0.915667 0.108104 4
0.923481 0.232704 3
0.849586 2.30647e-07 19
0.876016 0.000675041 10
0.861697 2.00148e-05 14
0.892093 0.0089949 7
0.945707 0.513753 2
0.970073 1 1
0.888805 0.00863257 7
0.934235 0.251354 3
0.911321 0.104313 4
0.941067 0.503337 2
0.888434 0.00859405 7
0.886982 0.00387233 8
0.927558 0.238955 3
0.908391 0.0489037 5
0.970512 1 1
0.861193 1.98025e-05 14
0.920533 0.113077 4
0.867356 0.000115388 12
0.894515 0.0199363 6
0.917303 0.109681 4
0.928188 0.240002 3
0.909046 0.049251 5
0.917018 0.054211 5
0.960047 0.560344 2
0.906277 0.0229872 6
0.88055 0.000331893 11
0.880682 0.000332783 11
0.891677 0.00415485 8
0.953019 0.534284 2
0.916315 0.0537111 5
0.8797 0.000326263 11
0.874637 5.99489e-05 13
0.894665 0.00436101 8
0.926196 0.120098 4
0.982783 1 1
0.976175 1 1
0.912294 0.051097 5
0.896924 0.00960437 7
0.949241 0.522967 2
0.886206 0.000810321 10
0.862731 1.74699e-06 17
0.863056 1.76288e-06 17
0.871913 5.63591e-05 13
0.941685 0.269414 3
0.897279 0.00965329 7
0.866991 9.9809e-06 15
0.855472 1.18681e-07 20
0.883661 0.000771721 10
0.913738 0.0519909 5
0.984039 1 1
0.981947 1 1
0.894348 0.00433803 8
0.912171 0.0250858 6
0.977455 0.668544 2
0.89275 0.00197793 9
0.897206 0.00216331 9
0.898741 0.00468287 8
0.881727 0.000155613 12
0.980253 1 1
0.886252 0.000374938 11
0.920879 0.0572173 5
0.859779 5.99165e-08 21
0.941399 0.268619 3
0.966729 0.592994 2
0.949739 0.296016 3
0.921953 0.0581398 5
0.928201 0.122974 4
0.963316 0.575209 2
0.900562 0.0101377 7
0.984884 1 1
0.925134 0.118664 4
0.922805 0.0589016 5
0.976534 0.660647 2
0.901354 0.0102639 7
0.977201 0.666333 2
0.882726 0.000347174 11
0.967157 0.595406 2
0.881639 0.000155292 12
0.900669 0.0101546 7
0.890828 0.00190774 9
0.890839 0.00190813 9
0.932571 0.130096 4
0.924449 0.117769 4
0.932996 0.248819 3
0.921759 0.114473 4
0.88072 0.000333038 11
0.880024 0.000328388 11
0.906821 0.0231615 6
0.927968 0.122627 4
0.941914 0.270057 3
0.865947 4.31226e-06 16
0.894375 0.00434 8
0.876668 0.000138931 12
0.907028 0.0232286 6
0.947781 0.288723 3
0.961168 0.565221 2
0.908171 0.0236097 6
0.880184 3.0462e-06 17
0.948872 0.172028 4
0.862092 4.91991e-10 27
0.865864 6.66335e-09 24
0.867504 1.60181e-08 23
0.850868 1.03584e-11 0
0.947678 0.167835 4
0.859001 8.23125e-11 29
0.89546 0.000224997 12
0.830057 3.95513e-12 0
0.916806 0.0137612 7
0.933775 0.0716548 5
0.940632 0.147162 4
0.914496 0.00661872 8
0.895138 0.000222795 12
0.928261 0.0644852 5
0.962533 0.361846 3
0.9174 0.013949 7
0.890477 0.000194529 12
0.890486 0.000194576 12
0.902654 0.00244406 9
0.956586 0.326783 3
0.926281 0.0623066 5
0.886355 3.77739e-05 14
0.885147 3.63705e-05 14
0.900061 0.00110962 10
0.931897 0.0690117 5
0.973289 0.63512 2
0.966401 0.591177 2
0.922113 0.0300176 6
0.888355 0.00858584 7
0.955007 0.540936 2
0.869473 0.000120094 12
0.876164 0.000676684 10
0.877905 0.00154464 9
0.858705 8.2046e-06 15
0.955427 0.542412 2
0.864259 4.79989e-05 13
0.906993 0.0481888 5
0.837331 4.0066e-10 26
0.928607 0.240712 3
0.944917 0.511855 2
0.939503 0.500198 2
0.912149 0.104994 4
0.905124 0.0472841 5
0.873488 4.95417e-07 19
0.942568 0.152217 4
0.855919 7.03027e-11 29
0.858153 1.78867e-10 28
0.859742 4.38429e-10 27
0.844481 7.55548e-12 0
0.940609 0.147104 4
0.854102 1.22625e-11 0
0.887272 3.88968e-05 14
0.824066 3.07845e-12 0
0.908441 0.00570842 8
0.925391 0.0321795 6
0.938974 0.143158 4
0.914262 0.0130119 7
0.887447 8.36439e-05 13
0.954109 0.314615 3
0.925921 0.0619305 5
0.956454 0.326104 3
0.9072 0.00555156 8
0.905893 0.00539565 8
0.941209 0.148623 4
0.924148 0.0601582 5
0.975085 0.648817 2
0.880466 3.16554e-05 14
0.928287 0.0645153 5
0.886223 0.000173703 12
0.91302 0.0126762 7
0.924575 0.0605735 5
0.928001 0.0641887 5
0.92943 0.0658619 5
0.93305 0.070608 5
0.938682 0.0797343 5
0.911735 0.00310481 9
0.94338 0.154468 4
0.945841 0.161807 4
0.906558 0.00133188 10
0.946145 0.162771 4
0.891041 4.41248e-05 14
0.972275 0.627828 2
0.883225 3.41655e-06 17
0.980881 0.700814 2
0.974825 0.646765 2
0.905645 0.0012961 10
0.883326 3.43e-06 17
0.963244 0.366675 3
0.915746 0.108178 4
0.932647 0.248125 3
0.894758 0.00931857 7
0.928724 0.240911 3
0.931425 0.245768 3
0.889714 0.00872895 7
0.940047 0.264982 3
0.87511 0.000665147 10
0.974722 1 1
0.866865 5.05978e-05 13
0.997848 1 1
0.967644 0.598205 2
0.899856 0.0211712 6
0.875717 0.000671741 10
0.945279 0.512718 2
0.905526 0.0474739 5
0.948112 0.51989 2
0.896422 0.00953623 7
0.868405 5.22466e-05 13
0.868472 5.23203e-05 13
0.881812 0.00163806 9
0.940849 0.267117 3
0.909551 0.0495239 5
0.867582 5.13541e-05 13
0.866165 4.98771e-05 13
0.882805 0.00166375 9
0.913749 0.106363 4
0.978732 1 1
0.989961 1 1
0.899532 0.0210901 6
0.891274 0.00192356 9
0.957507 0.550077 2
0.877075 0.000140154 12
0.863735 1.7968e-06 17
0.864569 1.83981e-06 17
0.863642 1.7921e-06 17
0.950743 0.527272 2
0.882472 0.000345325 11
0.877388 0.000141107 12
0.845095 2.29717e-10 27
0.896278 0.00448229 8
0.923838 0.116991 4
0.978473 1 1
0.955996 0.544445 2
0.895698 0.0044378 8
0.914421 0.10696 4
0.926403 0.237095 3
0.893775 0.019781 6
0.931385 0.245692 3
0.93422 0.490752 2
0.889622 0.0189703 6
0.933794 0.490061 2
0.872873 0.0014395 9
0.981421 1 1
0.866998 0.000259331 11
0.994871 1 1
0.961719 1 1
0.893738 0.0197734 6
0.870037 0.00061457 10
0.944504 0.510883 2
0.985545 0.753018 2
0.938673 0.0797173 5
0.966708 0.392449 3
0.941897 0.150417 4
0.941063 0.148251 4
0.953973 0.313981 3
0.940868 0.147754 4
0.951282 0.181217 4
0.915773 0.00684714 8
0.930916 0.0677173 5
0.919076 0.0145089 7
0.941765 0.150067 4
0.920354 0.0149666 7
0.910911 0.00303193 9
0.967569 0.59777 2
0.888723 8.68613e-05 13
0.959785 0.344527 3
0.871538 4.60653e-07 19
0.86948 1.92068e-07 20
0.87084 2.02361e-07 20
0.859459 9.80378e-10 26
0.956504 0.326358 3
0.870833 2.02304e-07 20
0.892967 0.000208815 12
0.839099 5.8811e-12 0
0.913667 0.0128488 7
0.936214 0.137093 4
0.956728 0.327519 3
0.930177 0.0667796 5
0.900369 0.00111863 10
0.900474 0.0101241 7
0.922652 0.11553 4
0.897458 0.00967822 7
0.858692 6.85207e-07 18
0.858191 6.75565e-07 18
0.882958 0.000761702 10
0.916269 0.0536792 5
0.918767 0.111171 4
0.848821 7.7482e-09 23
0.871666 5.60521e-05 13
0.861495 3.84038e-06 16
0.89196 0.00417348 8
0.948414 0.520701 2
0.974382 1 1
0.886846 0.00177778 9
0.957911 0.551644 2
0.961642 0.567354 2
0.936421 0.256126 3
0.937407 0.258414 3
0.938185 0.26028 3
0.926078 0.236584 3
0.966732 0.593013 2
0.922564 0.115425 4
0.935484 0.254032 3
0.902558 0.0461295 5
0.945025 0.512111 2
0.972723 1 1
0.932756 0.248341 3
0.914249 0.106806 4
0.972138 1 1
0.90777 0.00278009 9
0.933787 0.0716724 5
0.88676 3.82636e-05 14
0.918076 0.0141695 7
0.920717 0.0291899 6
0.880981 6.8013e-06 16
0.94088 0.147785 4
0.868829 3.77884e-08 22
0.965153 0.584473 2
0.858231 7.90833e-11 29
0.987254 0.774894 2
0.965506 0.586334 2
0.901747 0.0011606 10
0.876566 1.22213e-06 18
0.936215 0.0754441 5
0.902629 0.0219047 6
0.946197 0.51496 2
0.893593 0.00428442 8
0.865725 9.67264e-06 15
0.86581 9.69276e-06 15
0.879022 0.000321898 11
0.938869 0.261967 3
0.906952 0.0232039 6
0.865438 9.60488e-06 15
0.863512 4.04391e-06 16
0.880851 0.000733161 10
0.911628 0.0507008 5
0.978031 1 1
0.991987 1 1
0.89682 0.00959016 7
0.959777 0.559203 2
0.935392 0.135421 4
0.956763 0.547261 2
0.913146 0.0254827 6
0.912085 0.0250516 6
0.941089 0.267769 3
0.933964 0.132649 4
0.967048 0.594786 2
0.889274 0.000862232 10
0.925035 0.0610288 5
0.895722 0.00209774 9
0.923093 0.0591654 5
0.931045 0.127464 4
0.930808 0.127071 4
0.937849 0.1406 4
0.99037 1 1
0.922972 0.231983 3
0.983457 1 1
0.942865 0.507169 2
0.941217 0.503647 2
0.969828 1 1
0.924893 0.234771 3
0.96129 0.565767 2
0.906734 0.100843 4
0.947007 0.517002 2
0.907057 0.101073 4
0.926758 0.237659 3
0.907227 0.101193 4
0.90109 0.0455095 5
0.958728 0.554886 2
0.963184 0.574568 2
0.904949 0.00528854 8
0.953137 0.310176 3
0.984884 1 1
0.982192 0.71445 2
0.957354 0.330825 3
0.909832 0.0118952 7
0.921653 0.0297389 6
0.931447 0.0684118 5
0.935903 0.136454 4
0.921987 0.0299402 6
0.925893 0.0619013 5
0.880273 1.44444e-05 15
0.868064 1.82116e-07 20
0.966921 0.594074 2
0.891495 0.00414305 8
0.954093 0.537816 2
0.871942 5.63948e-05 13
0.882457 0.000754722 10
0.884349 0.000781793 10
0.861821 1.70363e-06 17
0.956251 0.545375 2
0.864579 4.15819e-06 16
0.915923 0.0534385 5
0.840022 3.3922e-11 29
0.937813 0.25938 3
0.951248 0.528776 2
0.933503 0.249841 3
0.905939 0.0228807 6
0.910428 0.0500104 5
0.974588 1 1
0.918004 0.110386 4
0.958673 0.554663 2
0.975347 1 1
0.974093 1 1
0.957754 0.55103 2
0.922696 0.231597 3
0.92913 0.241611 3
0.933647 0.250136 3
0.933708 0.250262 3
0.928091 0.239839 3
0.936904 0.495342 2
0.893392 0.0197021 6
0.880803 0.00356104 8
0.979126 1 1
0.953906 0.313673 3
0.891357 0.000423244 11
0.976246 0.658233 2
0.919245 0.0283713 6
0.916748 0.0270971 6
0.973724 0.638343 2
0.892034 0.000430519 11
0.973939 0.639954 2
0.874972 2.53705e-06 17
0.973704 0.63819 2
0.873131 1.07956e-06 18
0.8914 0.000423697 11
0.882662 3.37356e-05 14
0.884026 3.5142e-05 14
0.923815 0.0598408 5
0.940634 0.266537 3
0.958398 0.553561 2
0.930438 0.126463 4
0.900384 0.00482812 8
0.90015 0.00480691 8
0.915439 0.0531069 5
0.954306 0.538531 2
0.93858 0.261248 3
0.890935 0.000893162 10
0.897746 0.00459948 8
0.90262 0.0104736 7
0.933948 0.132618 4
0.960039 0.560312 2
0.955066 0.541145 2
0.931195 0.127716 4
0.908115 0.0235906 6
0.929786 0.125414 4
0.904286 0.0107658 7
0.866259 1.93174e-06 17
0.865784 1.90521e-06 17
0.889584 0.000867844 10
0.923562 0.0596011 5
0.924284 0.117557 4
0.856289 2.32131e-08 22
0.877343 6.39195e-05 13
0.868835 4.66755e-06 16
0.899527 0.00475115 8
0.953501 0.535849 2
0.975943 0.655727 2
0.894787 0.00205847 9
0.933338 0.0710186 5
0.958703 0.338256 3
0.911705 0.0031021 9
0.929598 0.0354856 6
0.931501 0.0372137 6
0.903538 0.000598392 11
0.966388 0.389898 3
0.896189 0.000110549 13
0.952633 0.186829 4
0.88013 1.40106e-06 18
0.969359 0.608514 2
0.995983 1 1
0.924805 0.0317689 6
0.901048 0.000553396 11
0.958182 0.335332 3
0.945032 0.279422 3
0.9122 0.0510406 5
0.953524 0.535927 2
0.899094 0.00991392 7
0.89749 0.00968281 7
0.939959 0.264752 3
0.91023 0.0498994 5
0.982891 1 1
0.868782 2.3436e-05 14
0.932121 0.247098 3
0.873505 5.84103e-05 13
0.89935 0.00995201 7
0.913408 0.0517821 5
0.920575 0.113124 4
0.917959 0.0549018 5
0.903344 0.00248481 9
0.969371 0.608588 2
0.888728 8.68766e-05 13
0.875033 5.25677e-07 19
0.875805 1.18825e-06 18
0.875213 1.16284e-06 18
0.962075 0.358819 3
0.893079 0.000209498 12
0.886419 3.785e-05 14
0.856189 3.12639e-11 30
0.904695 0.00256845 9
0.933974 0.0719478 5
0.986689 0.76749 2
0.958254 0.335731 3
0.907457 0.00275711 9
0.932716 0.130356 4
0.951541 0.303273 3
0.911028 0.0246399 6
0.933822 0.132382 4
0.935933 0.136515 4
0.903861 0.0106895 7
0.959163 0.556654 2
0.89366 0.00201307 9
0.9598 0.5593 2
0.880403 0.000150913 12
0.975593 0.652881 2
0.988527 1 1
0.917907 0.0548628 5
0.89451 0.00204711 9
0.95989 0.559679 2
0.905539 0.0227565 6
0.930112 0.125935 4
0.901224 0.0102428 7
0.864195 4.11654e-06 16
0.863783 1.79922e-06 17
0.886541 0.000815682 10
0.923686 0.116801 4
0.920751 0.113321 4
0.855435 1.18542e-07 20
0.874087 5.91931e-05 13
0.868386 1.03388e-05 15
0.899105 0.00991545 7
0.955373 0.542221 2
0.979353 1 1
0.893028 0.00424528 8
0.97564 1 1
0.948966 0.522207 2
0.955928 0.5442 2
0.938831 0.498899 2
0.938532 0.498332 2
0.943552 0.508699 2
0.951426 0.529312 2
0.943179 0.507864 2
0.92051 0.113051 4
0.920549 0.113095 4
0.92619 0.23676 3
0.951295 0.528915 2
0.92844 0.240427 3
0.916387 0.108787 4
0.969539 1 1
0.897235 0.000494748 11
0.951571 0.303402 3
0.876885 1.23676e-06 18
0.892908 0.000208457 12
0.895004 0.000465245 11
0.867786 3.61629e-08 22
0.955997 0.323773 3
0.866427 1.52812e-08 23
0.929813 0.0663285 5
0.845478 7.92571e-12 0
0.952041 0.305388 3
0.96041 0.348292 3
0.925255 0.0320834 6
0.897896 0.000504133 11
0.919167 0.0145403 7
0.879243 6.69861e-05 13
0.94936 0.294559 3
0.863156 3.4518e-07 19
0.858017 2.47041e-08 22
0.859265 5.8848e-08 21
0.8507 6.70408e-10 26
0.94496 0.279192 3
0.864899 8.23421e-07 18
0.880228 6.86761e-05 13
0.831142 4.1426e-12 0
0.900661 0.00485367 8
0.923199 0.0592632 5
0.956051 0.544644 2
0.932866 0.130626 4
0.888895 0.000855469 10
0.914973 0.0067024 8
0.946862 0.165096 4
0.893698 0.000101595 13
0.91854 0.00739489 8
0.9209 0.0151707 7
0.886559 8.32136e-06 16
0.954044 0.314312 3
0.877717 2.68402e-07 20
0.957251 0.330275 3
0.86355 2.359e-10 28
0.979811 0.690223 2
0.977529 0.669199 2
0.914284 0.00658227 8
0.888836 1.92741e-05 15
0.941677 0.149836 4
0.949595 0.523959 2
0.948362 0.520562 2
0.94194 0.505167 2
0.906074 0.047737 5
0.905487 0.0474555 5
0.92658 0.237375 3
0.945592 0.513472 2
0.951362 0.529118 2
0.890223 0.00878419 7
0.909575 0.102934 4
0.899641 0.044925 5
0.929556 0.242356 3
0.947128 0.517314 2
0.945329 0.512837 2
0.934778 0.252503 3
28 3 4 5 11 12 13 15 16 18 19 20 21 22 24 25 27 30 33 38 41 42 43 47 48 49 51 54 59 
36 0 2 3 4 5 6 11 12 13 15 16 18 19 20 21 22 24 25 27 30 33 34 36 38 41 42 43 47 48 49 51 52 54 55 57 59 
19 3 4 11 12 13 16 18 19 20 24 25 30 38 41 42 47 49 51 54 
55 0 1 2 4 5 6 8 9 10 11 12 13 14 15 16 17 18 19 20 21 22 23 24 25 26 27 28 29 30 31 33 34 36 37 38 39 41 42 43 44 45 46 47 48 49 50 51 52 53 54 55 56 57 58 59 
57 0 1 2 4 5 6 8 9 10 11 12 13 14 15 16 17 18 19 20 21 22 23 24 25 26 27 28 29 30 31 32 33 34 36 37 38 39 40 41 42 43 44 45 46 47 48 49 50 51 52 53 54 55 56 57 58 59 
21 3 4 11 12 13 16 18 19 20 24 25 30 33 38 41 42 47 49 51 54 59 
38 0 2 3 4 5 10 11 12 13 15 16 17 18 19 20 21 22 24 25 27 30 33 34 36 37 38 41 42 43 47 48 49 51 52 54 55 57 59 
3 3 20 51 
59 0 1 2 4 5 6 7 8 9 10 11 12 13 14 15 16 17 18 19 20 21 22 23 24 25 26 27 28 29 30 31 32 33 34 35 36 37 38 39 40 41 42 43 44 45 46 47 48 49 50 51 52 53 54 55 56 57 58 59 
10 3 4 11 19 20 38 47 49 51 54 
56 0 1 2 4 5 6 8 9 10 11 12 13 14 15 16 17 18 19 20 21 22 23 24 25 26 27 28 29 30 31 32 33 34 36 37 38 39 40 41 42 43 45 46 47 48 49 50 51 52 53 54 55 56 57 58 59 
48 0 1 2 3 4 5 6 8 10 11 12 13 15 16 17 18 19 20 21 22 23 24 25 26 27 28 29 30 33 34 36 37 38 39 41 42 43 45 46 47 48 49 51 52 54 55 57 59 
33 0 2 3 4 5 6 11 12 13 15 16 18 19 20 21 22 24 25 27 30 33 36 38 41 42 43 47 48 49 51 54 55 59 
15 3 4 11 13 16 19 20 24 25 30 38 47 49 51 54 
39 0 1 2 3 4 5 6 11 12 13 15 16 18 19 20 21 22 24 25 27 30 33 34 36 38 39 41 42 43 44 46 47 48 49 51 52 54 55 59 
