70 15 8e+06
1.32639 133475
2.30842 148789
1.93383 109608
1.49149 134308
2.79661 124391
1.22604 194884
1.40856 114590
1.00061 166185
2.38175 169043
2.59625 133379
1.52936 121473
2.59793 119795
2.93214 130449
1.83299 176670
1.76729 186728
1.09172 123243
2.48564 167350
1.14517 155084
1.96682 191804
1.83531 190935
2.96133 188597
1.37113 161438
1.61084 150395
1.5476 105059
1.85169 177588
2.2285 123445
1.2137 179661
1.22634 157156
2.66795 104765
2.83713 199642
2.59345 198739
2.86152 180630
1.55024 114107
1.57305 114529
2.9324 115049
1.45825 193454
2.01457 180658
2.24867 149158
1.47975 154605
1.31343 133294
1.0563 170952
1.33592 183949
1.30035 109124
2.64895 112305
2.69523 167121
1.621 144391
1.68743 149108
1.27688 186603
1.59426 113280
2.51685 117596
1.73054 113189
1.48577 122293
2.21746 129620
1.19789 186916
2.15412 192498
1.16143 113759
2.37665 169369
2.55946 155454
2.18901 168440
2.2933 186609
2.61836 174540
1.32503 149516
1.95951 145109
1.53996 149304
1.93343 139186
1.25255 162888
2.98716 160252
2.40291 159198
2.14619 113986
1.50598 103818
0.975551 1 1
0.93213 0.247115 3
0.941108 0.26782 3
0.978186 1 1
0.935702 0.254514 3
0.944068 0.2764 3
0.952564 0.532831 2
0.929139 0.241627 3
0.972233 1 1
0.952639 0.53307 2
0.962613 0.571845 2
0.988736 1 1
0.942507 0.27175 3
0.94478 0.51153 2
0.922981 0.11593 4
0.93775 0.14038 4
0.90345 0.0106168 7
0.894131 0.00203178 9
0.941187 0.268037 3
0.861957 1.46595e-07 20
0.919151 0.0558144 5
0.906132 0.0111132 7
0.904851 0.0108694 7
0.89655 0.00213381 9
0.939858 0.26449 3
0.9072 0.0113267 7
0.920987 0.0573083 5
0.868056 2.03735e-06 17
0.870637 4.91276e-06 16
0.97795 0.672922 2
0.934401 0.251703 3
0.983727 1 1
0.980892 1 1
0.918632 0.111031 4
0.91302 0.10573 4
0.967349 1 1
0.971254 1 1
0.859814 8.41272e-06 15
0.931923 0.246715 3
0.945512 0.51328 2
0.891437 0.00891947 7
0.914762 0.107268 4
0.914467 0.107001 4
0.920717 0.113282 4
0.878699 0.00156271 9
0.949152 0.293767 3
0.89738 0.00103648 10
0.901096 0.00235671 9
0.965938 0.588649 2
0.901454 0.00237623 9
0.912127 0.0124463 7
0.913289 0.0127473 7
0.962798 0.572718 2
0.931311 0.0682319 5
0.92919 0.065573 5
0.965983 0.58889 2
0.963999 0.578572 2
0.908447 0.00570918 8
0.908529 0.00571986 8
0.949011 0.293235 3
0.930729 0.244471 3
0.882483 0.000755081 10
0.890755 0.00409569 8
0.945924 0.514285 2
0.909728 0.0496208 5
0.895173 0.00937159 7
0.901338 0.0215545 6
0.98047 1 1
0.930761 0.244528 3
0.908592 0.0490095 5
0.979268 1 1
0.957001 0.548154 2
0.916495 0.0538379 5
0.914631 0.052568 5
0.922302 0.115112 4
0.914661 0.107176 4
0.891636 0.00894222 7
0.878482 0.00155772 9
0.91499 0.107476 4
0.83947 1.02144e-09 25
0.905386 0.0474077 5
0.889111 0.00866477 7
0.878885 0.00156699 9
0.873329 0.000289158 11
0.923118 0.232188 3
0.880263 0.00159963 9
0.894788 0.0199944 6
0.845141 3.73651e-08 21
0.848146 9.52392e-08 20
0.953019 0.534284 2
0.970228 0.61403 2
0.925658 0.119365 4
0.920913 0.113503 4
0.973795 1 1
0.892455 0.00420636 8
0.942373 0.271364 3
0.933916 0.250691 3
0.920431 0.112963 4
0.928289 0.123105 4
0.96399 0.578527 2
0.933752 0.250353 3
0.952127 0.531462 2
0.898734 0.00986081 7
0.901458 0.0215864 6
0.962287 0.570318 2
0.937649 0.258989 3
0.919239 0.111669 4
0.905214 0.0226567 6
0.933661 0.250165 3
0.860909 3.78417e-06 16
0.933215 0.249258 3
0.91572 0.108153 4
0.884264 0.00170309 9
0.895332 0.00939215 7
0.950394 0.526248 2
0.893943 0.00921639 7
0.912802 0.0514061 5
0.866328 2.21508e-05 14
0.869966 5.40121e-05 13
0.949947 0.524961 2
0.918263 0.225841 3
0.890965 0.0192219 6
0.879137 0.00348655 8
0.920172 0.22822 3
0.84322 8.28444e-08 20
0.905414 0.0474209 5
0.890266 0.0190899 6
0.886892 0.00843824 7
0.877188 0.00152868 9
0.924289 0.233875 3
0.886811 0.00843029 7
0.900211 0.0451518 5
0.849073 1.23099e-06 17
0.851823 3.04859e-06 16
0.961991 0.568945 2
0.970282 0.614379 2
0.973006 0.633054 2
0.973919 0.639804 2
0.953877 0.313538 3
0.922378 0.0585166 5
0.984108 1 1
0.987323 1 1
0.891543 0.000905032 10
0.9541 0.314575 3
0.975232 0.649981 2
0.921996 0.0581781 5
0.947309 0.287048 3
0.926619 0.0626657 5
0.931946 0.128998 4
0.909925 0.0119166 7
0.996063 1 1
0.941864 0.150328 4
0.943588 0.155056 4
0.986358 0.763223 2
0.918292 0.0142415 7
0.957153 0.329754 3
0.956943 0.328646 3
0.920059 0.0288172 6
0.955332 0.320461 3
0.971887 0.625121 2
0.946312 0.163305 4
0.971586 0.623055 2
0.92449 0.0315528 6
0.927743 0.0638977 5
0.935878 0.0748945 5
0.960699 0.563155 2
0.933015 0.248857 3
0.922507 0.115357 4
0.956028 0.544562 2
0.881821 0.000746035 10
0.949136 0.522675 2
0.934383 0.251666 3
0.900181 0.0212536 6
0.917214 0.109593 4
0.969978 0.61242 2
0.914341 0.052378 5
0.934879 0.252719 3
0.887484 0.00390041 8
0.891062 0.00411515 8
0.953603 0.536185 2
0.907553 0.0484712 5
0.881078 0.00161961 9
0.868985 5.28905e-05 13
0.909891 0.0497106 5
0.833526 4.5914e-12 0
0.895142 0.00936766 7
0.8799 0.000720959 10
0.880438 0.000727802 10
0.867073 5.08162e-05 13
0.913556 0.051875 5
0.878066 0.000698524 10
0.890376 0.00407193 8
0.839355 1.83047e-10 27
0.841998 1.1176e-09 25
0.954977 0.540834 2
0.936166 0.25555 3
0.965425 0.585906 2
0.986404 1 1
0.922533 0.0586558 5
0.935567 0.135772 4
0.956344 0.545713 2
0.974015 0.640529 2
0.869178 4.7128e-06 16
0.949063 0.293431 3
0.938473 0.260985 3
0.903585 0.0106404 7
0.924652 0.118032 4
0.936399 0.256077 3
0.942856 0.272762 3
0.875587 2.77215e-05 14
0.939179 0.499568 2
0.890355 0.0191066 6
0.898283 0.0443992 5
0.954443 0.538997 2
0.913564 0.106201 4
0.903265 0.0985174 4
0.909153 0.102612 4
0.973278 1 1
0.937267 0.495994 2
0.91681 0.22412 3
0.984304 1 1
0.965262 1 1
0.920513 0.22866 3
0.919192 0.22698 3
0.927027 0.238091 3
0.968054 0.600604 2
0.972299 0.627999 2
0.977431 0.668334 2
0.952281 0.306417 3
0.926709 0.0627619 5
0.980404 0.69603 2
0.991354 1 1
0.891313 0.000900514 10
0.957592 0.550405 2
0.970393 0.615098 2
0.922837 0.0589309 5
0.947798 0.288784 3
0.930796 0.12705 4
0.93626 0.137189 4
0.906514 0.0111886 7
0.965694 0.587334 2
0.975523 0.652314 2
0.979173 1 1
0.949686 0.295812 3
0.92477 0.118186 4
0.982804 1 1
0.992606 1 1
0.888505 0.000848607 10
0.95481 0.540254 2
0.970275 0.614329 2
0.919799 0.0563288 5
0.944716 0.278418 3
0.928652 0.123651 4
0.934217 0.251318 3
0.90506 0.0109083 7
0.94433 0.510477 2
0.972544 1 1
0.951309 0.528959 2
0.928947 0.241295 3
0.887978 0.00392853 8
0.976651 1 1
0.955897 0.54409 2
0.866142 2.2058e-05 14
0.917157 0.109537 4
0.967041 0.594747 2
0.890819 0.00409973 8
0.915456 0.107907 4
0.891495 0.00414307 8
0.896929 0.00960502 7
0.904952 0.0225773 6
0.957229 0.549016 2
0.909353 0.0240219 6
0.917951 0.0548955 5
0.970353 0.614834 2
0.927089 0.121351 4
0.921907 0.0581 5
0.928971 0.124139 4
0.952501 0.307373 3
0.956076 0.544736 2
0.933808 0.132355 4
0.984717 1 1
0.986341 1 1
0.934281 0.133249 4
0.934216 0.133125 4
0.927264 0.121602 4
0.922746 0.0588484 5
0.87958 3.08754e-05 14
0.874431 5.49905e-06 16
0.933063 0.130981 4
0.855978 1.91672e-09 25
0.89544 0.00208573 9
0.886827 0.000176415 12
0.923501 0.0595443 5
0.888307 0.0003931 11
0.916265 0.0268663 6
0.913053 0.0254444 6
0.917854 0.0276445 6
0.862496 6.60355e-08 21
0.863737 1.55856e-07 20
0.985791 1 1
0.924223 0.0313719 6
0.893504 0.000447099 11
0.882836 1.56724e-05 15
0.927241 0.0633398 5
0.849227 9.53184e-12 0
0.908518 0.00571838 8
0.894369 0.000457398 11
0.894865 0.000463509 11
0.883345 1.59356e-05 15
0.928256 0.0644798 5
0.894531 0.000459375 11
0.907409 0.00557743 8
0.855217 6.78838e-11 29
0.857805 3.99784e-10 27
0.97053 0.615989 2
0.975786 0.654446 2
0.923413 0.0594621 5
0.923519 0.0595612 5
0.988868 1 1
0.905271 0.0109479 7
0.939379 0.263257 3
0.936631 0.256606 3
0.933598 0.131963 4
0.940805 0.266997 3
0.958287 0.553123 2
0.950617 0.299484 3
0.968533 0.603459 2
0.911915 0.0249839 6
0.914028 0.0258559 6
0.953854 0.537016 2
0.992099 1 1
0.943947 0.27603 3
0.948065 0.289743 3
0.982504 0.717812 2
0.924727 0.0607231 5
0.958087 0.334807 3
0.961202 0.565376 2
0.919007 0.0282434 6
0.962018 0.56907 2
0.969266 0.607938 2
0.948021 0.289583 3
0.974215 0.642054 2
0.930889 0.0676831 5
0.934287 0.13326 4
0.929513 0.0659628 5
0.955427 0.320932 3
0.98767 1 1
0.98262 0.719074 2
0.939094 0.143437 4
0.917579 0.0140069 7
0.986566 1 1
0.98744 1 1
0.877742 2.79027e-06 17
0.944448 0.157555 4
0.965987 0.588911 2
0.908416 0.0057051 8
0.933062 0.0706248 5
0.920706 0.0291834 6
0.926567 0.0626102 5
0.898228 0.00105863 10
0.935302 0.253636 3
0.914101 0.0522229 5
0.932544 0.247923 3
0.93553 0.254134 3
0.976217 1 1
0.918539 0.110935 4
0.936482 0.256267 3
0.913174 0.0516356 5
0.977922 1 1
0.917464 0.0545347 5
0.950235 0.525789 2
0.954555 0.539378 2
0.983784 1 1
0.982353 1 1
0.883896 0.000775134 10
0.959049 0.340227 3
0.909114 0.00579721 8
0.907649 0.00560726 8
0.971884 0.625102 2
0.891313 0.000199136 12
0.925281 0.0612751 5
0.920585 0.029114 6
0.938558 0.142199 4
0.925401 0.0613971 5
0.945563 0.281138 3
0.944666 0.158202 4
0.95545 0.321044 3
0.898024 0.00105323 10
0.899592 0.00109615 10
0.969103 0.606927 2
0.957564 0.331954 3
0.986965 1 1
0.978989 0.682416 2
0.941043 0.148199 4
0.915465 0.0264939 6
0.990296 1 1
0.985559 1 1
0.878987 1.38844e-05 15
0.943458 0.154689 4
0.969425 0.608927 2
0.90904 0.0117174 7
0.933925 0.132574 4
0.918814 0.0281411 6
0.924562 0.060561 5
0.901207 0.00236272 9
0.960773 0.56348 2
0.923733 0.0597631 5
0.915876 0.0266839 6
0.96147 0.566575 2
0.882246 7.23743e-05 13
0.940234 0.146175 4
0.928382 0.0646246 5
0.910936 0.0121535 7
0.917814 0.0276242 6
0.961991 0.568945 2
0.921883 0.0580783 5
0.939972 0.145534 4
0.888301 0.000393046 11
0.891285 0.000899965 10
0.965367 0.585599 2
0.92946 0.035366 6
0.910233 0.00297419 9
0.929272 0.0352048 6
0.929594 0.0354825 6
0.98117 0.703755 2
0.913886 0.00651467 8
0.93229 0.0695465 5
0.909621 0.00292373 9
0.972381 0.628581 2
0.912065 0.00313492 9
0.945912 0.16203 4
0.948659 0.171261 4
0.988493 0.791785 2
0.98491 0.74528 2
0.878405 6.01597e-07 19
0.97517 0.649487 2
0.968903 0.605703 2
0.968984 0.606196 2
0.958522 0.554057 2
0.921192 0.0574817 5
0.98226 1 1
0.982544 1 1
0.895351 0.00208195 9
0.954395 0.315958 3
0.978919 0.681764 2
0.925134 0.0611278 5
0.950719 0.299895 3
0.925788 0.0617932 5
0.930854 0.127147 4
0.91458 0.0260964 6
0.934669 0.491492 2
0.979926 1 1
0.957438 0.549815 2
0.91864 0.226299 3
0.890231 0.0190832 6
0.972109 1 1
0.95711 0.548566 2
0.856569 1.80059e-05 14
0.915518 0.107964 4
0.954653 0.539713 2
0.883597 0.00812813 7
0.908096 0.101823 4
0.892845 0.0195907 6
0.898666 0.0445453 5
0.890218 0.0190808 6
0.925037 0.234988 3
0.875587 0.000670321 10
0.875762 0.000672236 10
0.940066 0.501308 2
0.871989 0.000282333 11
0.89103 0.0088735 7
0.888094 0.00855906 7
0.955429 0.542417 2
0.901034 0.0214742 6
0.910407 0.0499982 5
0.936864 0.257143 3
0.932757 0.248344 3
0.878753 0.00156394 9
0.878734 0.0015635 9
0.961271 0.56568 2
0.955516 0.321371 3
0.913931 0.00652222 8
0.907655 0.00277161 9
0.960827 0.350855 3
0.879643 1.37449e-06 18
0.930394 0.0670523 5
0.920346 0.0149633 7
0.918801 0.0144139 7
0.914766 0.00666592 8
0.952038 0.305375 3
0.925463 0.0322312 6
0.940334 0.146422 4
0.885953 1.73994e-05 15
0.888395 4.03483e-05 14
0.976036 0.6565 2
0.921749 0.0297964 6
0.875586 5.37161e-07 19
0.872506 2.16069e-07 20
0.934238 0.0723415 5
0.859999 1.96178e-10 28
0.891391 9.42937e-05 13
0.884954 1.6815e-05 15
0.935232 0.0738657 5
0.891081 9.33774e-05 13
0.911878 0.00619276 8
0.920685 0.0150895 7
0.921852 0.0298586 6
0.866634 6.90193e-09 24
0.867343 1.59048e-08 23
0.976308 0.658748 2
0.913122 0.0127032 7
0.863609 3.05263e-08 22
0.865266 7.32025e-08 21
0.928715 0.065011 5
0.867946 1.81316e-07 20
0.878575 1.37122e-05 15
0.877238 6.00548e-06 16
0.96281 0.572776 2
0.894162 0.000959834 10
0.897104 0.00102948 10
0.934767 0.134186 4
0.925196 0.0611902 5
0.874623 2.50756e-06 17
0.873891 2.44744e-06 17
0.946135 0.283029 3
0.94512 0.159574 4
0.945201 0.15982 4
0.927817 0.0639803 5
0.934247 0.0723547 5
0.873702 4.99457e-07 19
0.95691 0.328475 3
0.936445 0.137574 4
0.874918 1.15051e-06 18
0.9067 0.00270286 9
0.966653 0.59257 2
0.892791 0.000207747 12
0.915606 0.0133968 7
0.878335 2.84939e-06 17
0.882911 1.57107e-05 15
0.927487 0.0636111 5
0.972188 1 1
0.946567 0.515886 2
0.937092 0.257673 3
0.96232 0.570469 2
0.893957 0.019819 6
0.963377 0.575507 2
0.949234 0.522948 2
0.900062 0.0450921 5
0.929399 0.24208 3
0.985261 1 1
0.919604 0.11206 4
0.942744 0.506902 2
0.89941 0.0210595 6
0.903393 0.0464949 5
0.942155 0.505625 2
0.952911 0.309173 3
0.95538 0.320697 3
0.938484 0.142028 4
0.940181 0.265334 3
0.883323 0.000161635 12
0.967959 0.600043 2
0.947292 0.286989 3
0.878415 2.98966e-05 14
0.916161 0.0268171 6
0.976124 0.657219 2
0.898961 0.00224647 9
0.922741 0.058844 5
0.887853 0.000388947 11
0.892605 0.000926503 10
0.924808 0.0608023 5
0.913683 0.0519559 5
0.884866 0.000363544 11
0.873539 2.63038e-05 14
0.916657 0.0539526 5
0.839486 5.9857e-12 0
0.899392 0.00473927 8
0.884766 0.000362749 11
0.887309 0.000828259 10
0.873212 2.60888e-05 14
0.918474 0.055291 5
0.885047 0.000364993 11
0.897162 0.00455203 8
0.845412 9.98283e-11 28
0.847965 6.00093e-10 26
0.96252 0.571405 2
0.933329 0.131466 4
0.908089 0.0115117 7
0.895776 0.00099689 10
0.932767 0.130446 4
0.856543 1.96262e-09 25
0.922753 0.0588546 5
0.906907 0.00551588 8
0.890159 0.00041092 11
0.891081 0.000420343 11
0.941625 0.149701 4
0.895591 0.000992501 10
0.911956 0.0124033 7
0.86227 2.8975e-08 22
0.865426 1.65429e-07 20
0.9611 0.564919 2
0.939496 0.263554 3
0.970398 1 1
0.991435 1 1
0.925322 0.235419 3
0.932494 0.247824 3
0.961323 0.565913 2
0.978232 1 1
0.870394 0.000122247 12
0.948777 0.521686 2
0.942973 0.507407 2
0.904339 0.0469208 5
0.926183 0.236748 3
0.933778 0.250405 3
0.94019 0.265359 3
0.879149 0.000711594 10
0.936956 0.0766804 5
0.903618 0.00122234 10
0.893946 0.000214928 12
0.939959 0.145502 4
0.860986 4.65793e-10 27
0.919221 0.0145592 7
0.90586 0.00264497 9
0.903053 0.00120311 10
0.895583 0.000472594 11
0.939774 0.145053 4
0.905624 0.00262914 9
0.919666 0.0147165 7
0.867047 1.56999e-08 23
0.869688 8.70786e-08 21
0.976149 0.657426 2
0.972034 1 1
0.971261 1 1
0.972482 1 1
0.955629 0.543128 2
0.922724 0.115618 4
0.982937 1 1
0.986075 1 1
0.893167 0.00912185 7
0.954995 0.540897 2
0.975963 1 1
0.923562 0.116646 4
0.948956 0.522179 2
0.927098 0.238204 3
0.932339 0.247521 3
0.911289 0.0505026 5
0.97869 1 1
0.925944 0.236376 3
0.930006 0.243156 3
0.994132 1 1
0.918621 0.11102 4
0.94056 0.266339 3
0.942706 0.506821 2
0.936382 0.256037 3
0.954132 0.537947 2
0.955605 0.543041 2
0.961156 0.565171 2
0.982868 1 1
0.925432 0.235587 3
0.927351 0.238616 3
0.940398 0.265909 3
0.946071 0.162533 4
0.894722 0.000219995 12
0.89623 0.000481058 11
0.962094 0.358943 3
0.891485 9.45744e-05 13
0.910115 0.00593456 8
0.908729 0.00574614 8
0.95733 0.330696 3
0.922345 0.0301602 6
0.928796 0.0651068 5
0.954312 0.315563 3
0.95477 0.317738 3
0.898389 0.000511328 11
0.898791 0.000517329 11
0.95987 0.345034 3
0.940916 0.503027 2
0.981909 1 1
0.990933 1 1
0.925506 0.235701 3
0.921754 0.230304 3
0.969641 1 1
0.979679 1 1
0.867451 0.00026128 11
0.941432 0.504097 2
0.948949 0.522159 2
0.899921 0.0450358 5
0.923075 0.232128 3
0.923477 0.232699 3
0.929756 0.242711 3
0.882705 0.00804905 7
0.952647 0.533096 2
0.967647 1 1
0.949215 0.522895 2
0.937803 0.496973 2
0.889825 0.00874095 7
0.978264 1 1
0.956586 0.546605 2
0.874678 0.000660527 10
0.921116 0.229451 3
0.976375 1 1
0.898243 0.0207753 6
0.922838 0.231794 3
0.893887 0.0198043 6
0.899028 0.0209654 6
0.914918 0.107411 4
0.991005 1 1
0.942824 0.272671 3
0.947323 0.2871 3
0.983111 1 1
0.925404 0.119023 4
0.956825 0.547493 2
0.960367 0.561715 2
0.92013 0.0565968 5
0.962731 0.5724 2
0.967916 0.599791 2
0.94935 0.294521 3
0.975592 0.652868 2
0.931628 0.128451 4
0.934933 0.252837 3
0.929459 0.124898 4
0.984914 1 1
0.95908 0.556313 2
0.956284 0.545492 2
0.967947 0.599973 2
0.914454 0.0524521 5
0.975415 1 1
0.969669 0.610458 2
0.902616 0.0104729 7
0.949875 0.524754 2
0.987342 1 1
0.929506 0.124971 4
0.955146 0.541422 2
0.919709 0.112172 4
0.924131 0.117362 4
0.926719 0.120827 4
0.92034 0.112862 4
0.899417 0.0210612 6
0.885704 0.00380286 8
0.919317 0.111752 4
0.844594 3.67609e-08 21
0.913028 0.105737 4
0.896178 0.0202982 6
0.878988 0.00156938 9
0.878615 0.00156076 9
0.93034 0.24376 3
0.882874 0.00365884 8
0.898798 0.0209092 6
0.850165 5.44024e-07 18
0.853394 1.36746e-06 17
0.951688 0.530109 2
0.918637 0.0280479 6
0.871881 2.29312e-06 17
0.881149 3.22797e-05 14
0.933317 0.131445 4
0.906477 0.0111813 7
0.883952 7.57747e-05 13
0.891112 0.000420674 11
0.982319 1 1
0.922961 0.0590446 5
0.896585 0.00213539 9
0.970738 0.617358 2
0.945825 0.281997 3
0.91287 0.0253689 6
0.910179 0.0119752 7
0.911608 0.0123169 7
0.959758 0.344366 3
0.907529 0.00559228 8
0.911508 0.0122922 7
0.976716 0.662182 2
0.908824 0.00575868 8
0.922231 0.0300897 6
0.92384 0.0311162 6
0.954037 0.314282 3
0.940624 0.147142 4
0.938745 0.142627 4
0.968063 0.600656 2
0.973704 0.63819 2
0.915841 0.0134666 7
0.916461 0.0136544 7
0.947086 0.28627 3
0.930561 0.0672638 5
0.881255 3.23787e-05 14
0.888392 0.000183805 12
0.946389 0.283883 3
0.903973 0.00518245 8
0.894496 0.000967294 10
0.899365 0.00226654 9
0.984276 1 1
0.926523 0.0625636 5
0.909003 0.0117094 7
0.973814 0.639019 2
0.954658 0.317203 3
0.910772 0.0121144 7
0.909186 0.0117498 7
0.927668 0.0638132 5
0.950138 0.525509 2
0.946235 0.515054 2
0.966218 0.590171 2
0.941519 0.268951 3
0.958952 0.555792 2
0.947799 0.519062 2
0.968475 0.603109 2
0.895662 0.00943514 7
0.980671 1 1
0.940193 0.265366 3
0.932228 0.247306 3
0.950681 0.52709 2
0.962591 0.57174 2
0.968627 0.604022 2
0.888776 0.00397493 8
0.934403 0.0725898 5
0.979256 0.684927 2
0.956765 0.327713 3
0.918403 0.0142788 7
0.889628 1.98428e-05 15
0.97173 0.624038 2
0.956519 0.326438 3
0.856326 1.3826e-11 0
0.914982 0.006704 8
0.954533 0.316609 3
0.88324 3.41859e-06 17
0.907737 0.00277766 9
0.892255 4.60448e-05 14
0.898067 0.000244282 12
0.890305 4.30202e-05 14
0.956574 0.546562 2
0.915036 0.052836 5
0.908751 0.0238099 6
0.961619 0.567247 2
0.880442 0.000151047 12
0.931521 0.128268 4
0.921453 0.057705 5
0.918561 0.0553569 5
0.915633 0.0532395 5
0.953191 0.534838 2
0.925776 0.119524 4
0.940985 0.267486 3
0.886739 0.000818896 10
0.889222 0.00185298 9
0.974852 0.646981 2
0.939115 0.143489 4
0.890184 9.0809e-05 13
0.898009 0.000505764 11
0.954454 0.316236 3
0.913017 0.0063715 8
0.903146 0.00120622 10
0.908913 0.00286725 9
0.973634 0.637668 2
0.936822 0.0764545 5
0.916795 0.0137577 7
0.983704 0.731159 2
0.964985 0.379143 3
0.919965 0.0148242 7
0.918662 0.0143663 7
0.927488 0.0337451 6
0.923825 0.116974 4
0.895583 0.00442913 8
0.884083 0.000777868 10
0.925678 0.119391 4
0.84833 3.27995e-09 24
0.910303 0.0243676 6
0.895376 0.00441354 8
0.890706 0.00190345 9
0.882506 0.000755396 10
0.929541 0.125026 4
0.891689 0.00415567 8
0.905531 0.022754 6
0.854214 4.961e-08 21
0.856988 2.85053e-07 19
0.965605 0.586859 2
0.939051 0.499321 2
0.894779 0.0199925 6
0.905804 0.0476068 5
0.951235 0.528736 2
0.929943 0.243044 3
0.90591 0.0476575 5
0.915391 0.107846 4
0.959464 0.557896 2
0.949669 0.524168 2
0.916019 0.108436 4
0.995093 1 1
0.969475 1 1
0.936881 0.4953 2
0.93494 0.252851 3
0.91315 0.105842 4
0.970026 0.612729 2
0.959353 0.557435 2
0.947969 0.51951 2
0.955902 0.544108 2
0.898047 0.00976153 7
0.97609 1 1
0.959253 0.557023 2
0.891804 0.00416321 8
0.93227 0.247387 3
0.993884 1 1
0.914725 0.0526296 5
0.939283 0.263011 3
0.902964 0.0219984 6
0.907537 0.0484631 5
0.929427 0.24213 3
0.923667 0.0597 5
0.877755 6.10668e-06 16
0.887763 0.000180775 12
0.937711 0.140295 4
0.914185 0.0129904 7
0.889446 0.000189097 12
0.897503 0.00103965 10
0.975329 0.650753 2
0.930558 0.0672588 5
0.90122 0.00236339 9
0.978041 0.67374 2
0.952081 0.305561 3
0.920664 0.0291595 6
0.917986 0.0277116 6
0.91088 0.01214 7
0.909303 0.102726 4
0.859881 1.92652e-05 14
0.861921 4.58484e-05 13
0.924965 0.23488 3
0.866373 0.000113308 12
0.874702 0.000660778 10
0.873776 0.000651081 10
0.963885 0.578002 2
0.891709 0.00895054 7
0.89299 0.0196202 6
0.933357 0.249546 3
0.922399 0.231184 3
0.873004 0.000643209 10
0.872071 0.00063393 10
0.941529 0.504299 2
0.933843 0.25054 3
0.88286 0.00365811 8
0.886263 0.00837672 7
0.950294 0.525958 2
0.889978 0.00875748 7
0.897583 0.0206195 6
0.898257 0.0443896 5
0.972357 1 1
0.917367 0.109745 4
0.915082 0.107561 4
0.957592 0.550405 2
0.949098 0.52257 2
0.896856 0.0204514 6
0.89633 0.0203323 6
0.947715 0.518838 2
0.915972 0.053472 5
0.86673 9.91607e-06 15
0.873043 5.78024e-05 13
0.931976 0.246818 3
0.889506 0.00186242 9
0.880203 0.000329572 11
0.884018 0.000776926 10
0.995715 1 1
0.910313 0.0499455 5
0.895572 0.00442831 8
0.957352 0.549486 2
0.938078 0.260019 3
0.896064 0.00948828 7
0.894128 0.00432228 8
0.924368 0.117665 4
0.911263 0.104266 4
0.862011 2.01491e-05 14
0.867844 0.000116443 12
0.927296 0.238526 3
0.883698 0.00369947 8
0.875629 0.000670778 10
0.878882 0.00156692 9
0.989844 1 1
0.904423 0.046959 5
0.891394 0.00891462 7
0.951066 0.528231 2
0.932367 0.247576 3
0.8902 0.00878169 7
0.888254 0.00857546 7
0.92387 0.233264 3
0.943831 0.275673 3
0.90189 0.0103514 7
0.91393 0.0258139 6
0.954003 0.537514 2
0.93837 0.260731 3
0.912325 0.0251474 6
0.923115 0.059186 5
0.950172 0.29771 3
0.959009 0.556023 2
0.920871 0.0572107 5
0.989058 1 1
0.974663 0.645504 2
0.945482 0.280874 3
0.943867 0.275785 3
0.910572 0.0244675 6
0.914393 0.0130482 7
0.864513 1.40796e-08 23
0.867389 7.94475e-08 21
0.930374 0.0670266 5
0.873533 1.09493e-06 18
0.879176 6.39853e-06 16
0.879175 6.39844e-06 16
0.971369 0.621575 2
0.898574 0.00106791 10
0.897014 0.0010272 10
0.94113 0.148421 4
0.929202 0.0655875 5
0.880205 6.62354e-06 16
0.879177 6.39873e-06 16
0.940754 0.147467 4
0.938564 0.142212 4
0.930177 0.0667796 5
0.950658 0.299652 3
0.933443 0.0711701 5
0.975608 0.653003 2
0.931548 0.0685446 5
0.951777 0.304268 3
0.897811 0.000502911 11
0.980755 0.699537 2
0.925533 0.0322809 6
0.935068 0.0736094 5
0.947562 0.167439 4
0.979426 0.686536 2
0.985614 0.753873 2
0.880457 6.68034e-06 16
0.945149 0.279797 3
0.913432 0.0517969 5
0.928881 0.124001 4
0.948947 0.292994 3
0.958776 0.555077 2
0.921044 0.0573561 5
0.935932 0.255025 3
0.928883 0.124005 4
0.977604 1 1
0.924381 0.117682 4
0.967134 0.595274 2
0.969912 0.611998 2
0.966196 0.590048 2
0.965272 0.585097 2
0.898354 0.00465004 8
0.989324 1 1
0.954653 0.539716 2
0.952754 0.533435 2
0.972426 0.628895 2
0.914653 0.0525824 5
0.970875 0.618264 2
0.966251 0.590353 2
0.906716 0.0231275 6
0.95071 0.527173 2
0.985048 1 1
0.933139 0.249106 3
0.958703 0.554785 2
0.920158 0.0566199 5
0.924314 0.117596 4
0.930076 0.125876 4
35 1 5 6 7 8 11 12 17 19 20 21 25 26 27 30 31 32 33 34 35 36 37 38 39 41 44 46 48 49 54 55 57 59 61 69 
21 1 5 7 8 11 12 17 20 27 30 35 36 37 38 39 41 46 49 54 57 59 
60 0 1 2 3 4 5 6 7 8 9 10 11 12 14 15 16 17 18 19 20 21 22 23 25 26 27 29 30 31 32 33 34 35 36 37 38 39 41 42 43 44 45 46 47 48 49 50 51 52 54 55 56 57 59 61 62 63 64 66 69 
37 1 5 6 7 8 10 11 12 17 19 20 21 25 27 30 31 32 33 34 35 36 37 38 39 41 44 46 48 49 54 55 57 59 61 62 66 69 
63 0 1 2 3 4 5 6 7 8 9 10 11 13 14 15 16 17 18 19 21 22 23 24 25 26 27 28 29 30 31 32 33 34 35 36 37 39 40 41 42 43 44 45 46 47 48 49 51 52 53 54 55 56 57 58 59 61 62 65 66 67 68 69 
19 1 5 7 8 11 12 17 20 30 35 37 38 39 41 46 49 54 57 59 
52 1 2 3 5 6 7 8 9 10 11 12 15 16 17 19 20 21 22 23 25 26 27 29 30 31 32 33 34 35 36 37 38 39 41 42 43 44 46 47 48 49 51 54 55 57 59 61 62 63 64 66 69 
66 0 1 2 3 4 5 6 7 8 9 10 11 12 13 14 15 16 17 18 19 20 21 22 23 24 25 26 27 29 30 31 32 33 34 35 36 37 38 39 40 41 42 43 44 45 46 47 48 49 51 52 53 55 56 57 58 59 61 62 63 64 65 66 67 68 69 
62 0 1 2 3 4 5 6 7 8 9 10 11 12 13 14 15 16 17 18 19 20 21 22 23 25 26 27 29 30 31 32 33 34 35 36 37 38 39 40 41 42 43 44 45 46 47 48 49 51 52 53 54 55 56 57 59 61 62 63 64 66 69 
24 1 5 7 8 11 12 17 19 20 27 30 32 35 36 37 38 39 41 46 49 54 55 57 59 
61 0 1 2 3 5 6 7 8 9 10 11 12 13 14 15 16 17 18 19 20 21 22 23 25 26 27 29 30 31 32 33 34 35 36 37 38 39 40 41 42 43 44 45 46 47 48 49 51 52 53 54 55 56 57 59 61 62 66 67 68 69 
51 0 1 2 3 5 6 7 8 9 10 11 12 13 15 16 17 19 20 21 22 23 25 26 27 29 30 31 32 33 35 36 37 38 39 40 41 42 43 44 45 46 47 48 49 51 53 54 55 57 59 69 
68 0 1 2 3 4 5 6 7 8 9 10 11 12 13 14 15 16 17 18 19 20 21 22 23 24 25 26 27 28 29 30 31 32 33 34 35 36 37 38 39 40 41 42 43 44 45 46 47 48 49 51 52 53 54 55 56 57 58 59 61 62 63 64 65 66 67 68 69 
69 0 1 2 3 4 5 6 7 8 9 10 11 12 13 14 15 16 17 18 19 20 21 22 23 24 25 26 27 29 30 31 32 33 34 35 36 37 38 39 40 41 42 43 44 45 46 47 48 49 50 51 52 53 54 55 56 57 58 59 60 61 62 63 64 65 66 67 68 69 
37 1 2 5 6 7 8 9 11 12 13 15 16 17 20 23 26 27 29 30 32 35 36 37 38 39 40 41 42 45 46 48 49 54 55 57 59 69 
