40 15 8e+06
1.04369 127412
2.32222 145071
2.38606 152967
1.64771 151666
1.50751 106444
1.97507 121495
2.10122 142135
2.33056 165806
1.60785 121584
1.99347 148586
1.56447 141952
1.82448 177758
1.83089 155438
1.8267 149832
1.92925 151113
1.77725 114701
2.59507 138745
1.8056 157425
1.48101 193633
1.28938 149835
1.37156 155830
1.58059 155195
1.28372 100448
2.56749 137432
2.10347 198155
1.37176 138477
1.07147 121191
1.93213 118053
1.92112 103846
1.35022 162995
2.16775 108351
2.22048 139749
2.90916 193310
2.31835 169089
2.30744 102456
1.51181 135819
1.4885 173208
1.01213 112938
1.39842 152088
2.38015 150295
0.975058 1 1
0.93626 0.255762 3
0.942995 0.507455 2
0.898986 0.0209551 6
0.985939 1 1
0.90463 0.0470546 5
0.912936 0.105658 4
0.954633 0.539645 2
0.945632 0.513571 2
0.87261 0.00028546 11
0.958889 0.555537 2
0.89078 0.00884557 7
0.954808 0.540248 2
0.91955 0.112001 4
0.89675 0.0204273 6
0.960026 0.560258 2
0.954464 0.539069 2
0.944917 0.511855 2
0.91682 0.109206 4
0.945581 0.513446 2
0.952041 0.531196 2
0.967553 1 1
0.923113 0.232181 3
0.976032 1 1
0.925593 0.235834 3
0.98245 1 1
0.903036 0.0463372 5
0.975498 1 1
0.975397 1 1
0.92725 0.238451 3
0.901745 0.00495624 8
0.918202 0.027822 6
0.897506 0.0021771 9
0.893855 0.000953095 10
0.886093 0.000173125 12
0.96017 0.560869 2
0.967137 0.595294 2
0.872631 2.34898e-06 17
0.924357 0.0603606 5
0.987243 1 1
0.920491 0.0568939 5
0.879259 3.06009e-05 14
0.918263 0.0278535 6
0.960089 0.560525 2
0.914717 0.0261572 6
0.948463 0.170567 4
0.91058 0.00600065 8
0.941814 0.150197 4
0.89923 0.000524026 11
0.974841 0.646891 2
0.881414 3.18855e-06 17
0.891908 9.58563e-05 13
0.935641 0.0745139 5
0.931203 0.0680911 5
0.853874 1.21146e-11 0
0.938258 0.0789619 5
0.894382 0.00021775 12
0.939329 0.143991 4
0.899743 0.00053204 11
0.891472 9.45367e-05 13
0.923401 0.116445 4
0.886699 0.000818245 10
0.927301 0.121655 4
0.889899 0.00187563 9
0.949848 0.524677 2
0.858298 2.96504e-07 19
0.869388 1.06086e-05 15
0.915914 0.0534322 5
0.9102 0.0243291 6
0.833204 4.52764e-12 0
0.914504 0.0524848 5
0.888338 0.00182423 9
0.917349 0.0544511 5
0.877556 0.000141623 12
0.87822 0.000143697 12
0.961366 1 1
0.943988 0.509689 2
0.95941 0.557673 2
0.927372 0.238651 3
0.955875 0.54401 2
0.937618 0.496633 2
0.954804 0.540235 2
0.922161 0.230857 3
0.989426 1 1
0.915921 0.108343 4
0.988651 1 1
0.914216 0.106776 4
0.990485 1 1
0.96464 1 1
0.934529 0.49126 2
0.993806 1 1
0.963289 0.575076 2
0.938093 0.260055 3
0.898704 0.0046797 8
0.965113 0.58426 2
0.93228 0.129582 4
0.938188 0.260287 3
0.954884 0.540512 2
0.956763 0.547261 2
0.895998 0.00446071 8
0.976675 0.661838 2
0.887477 0.000831051 10
0.964524 0.581222 2
0.942865 0.27279 3
0.902888 0.0105193 7
0.917308 0.054421 5
0.927124 0.121401 4
0.917222 0.0543583 5
0.910965 0.0503154 5
0.904076 0.0223169 6
0.960741 0.563341 2
0.980367 1 1
0.884832 0.000789018 10
0.944404 0.277439 3
0.968514 0.603342 2
0.938665 0.261459 3
0.895951 0.0094732 7
0.937765 0.259265 3
0.978758 1 1
0.930883 0.244755 3
0.945738 0.513829 2
0.907686 0.101524 4
0.95084 0.527557 2
0.908727 0.102291 4
0.975684 1 1
0.881883 0.00797784 7
0.894196 0.042935 5
0.927502 0.238863 3
0.936356 0.49437 2
0.857225 4.19703e-05 13
0.940411 0.502001 2
0.90428 0.0991745 4
0.9438 0.509259 2
0.90278 0.0462255 5
0.899852 0.0450086 5
0.965674 0.587231 2
0.931779 0.068853 5
0.927031 0.0631099 5
0.883631 3.47248e-05 14
0.96973 0.610844 2
0.895265 0.000984878 10
0.90067 0.00233383 9
0.964937 0.583345 2
0.929294 0.0656983 5
0.860327 5.2329e-09 24
0.943828 0.155745 4
0.876149 5.80073e-06 16
0.938328 0.141675 4
0.906123 0.00542241 8
0.880912 1.47359e-05 15
0.933656 0.0714798 5
0.914541 0.00662661 8
0.973465 0.636412 2
0.957475 0.331474 3
0.940803 0.14759 4
0.917642 0.0140272 7
0.939636 0.0815313 5
0.895705 0.000226703 12
0.978552 0.678374 2
0.91277 0.00633198 8
0.958453 0.336843 3
0.943225 0.154033 4
0.971063 0.619516 2
0.951165 0.180748 4
0.963377 0.367598 3
0.914461 0.0130673 7
0.883865 1.62117e-05 15
0.972496 0.629394 2
0.957844 0.333472 3
0.938352 0.141728 4
0.876338 1.21183e-06 18
0.895947 0.000477321 11
0.883417 1.59734e-05 15
0.941251 0.148731 4
0.869539 3.89526e-08 22
0.928608 0.0648867 5
0.957263 0.330338 3
0.941023 0.14815 4
0.906871 0.00271497 9
0.940219 0.146138 4
0.945917 0.514268 2
0.950702 0.527152 2
0.934166 0.490664 2
0.913455 0.106106 4
0.930226 0.243554 3
0.963806 1 1
0.983329 1 1
0.911731 0.104648 4
0.965396 1 1
0.940746 0.502678 2
0.966485 1 1
0.898889 0.0446313 5
0.961751 1 1
0.990629 1 1
0.927739 0.239254 3
0.898803 0.00223874 9
0.902903 0.00507107 8
0.914381 0.0260094 6
0.921845 0.058045 5
0.891503 0.000904237 10
0.934873 0.134393 4
0.954092 0.314537 3
0.864586 1.6057e-07 20
0.934519 0.133706 4
0.964503 0.581116 2
0.922676 0.0587847 5
0.907352 0.0113579 7
0.926127 0.0621455 5
0.956652 0.327126 3
0.944711 0.278402 3
0.944349 0.157263 4
0.916977 0.0138146 7
0.989821 1 1
0.94885 0.292632 3
0.95884 0.339032 3
0.909798 0.00589046 8
0.929039 0.0653932 5
0.907757 0.00562083 8
0.977389 0.667968 2
0.89693 0.000490527 11
0.96382 0.577682 2
0.93815 0.141273 4
0.977297 0.667166 2
0.940057 0.14574 4
0.946485 0.163862 4
0.940797 0.147577 4
0.92476 0.0317375 6
0.966557 0.592039 2
0.946587 0.164195 4
0.942775 0.152782 4
0.92844 0.0646913 5
0.95026 0.298061 3
0.902312 0.00117866 10
0.986933 1 1
0.920062 0.0288187 6
0.967054 0.594825 2
0.932181 0.069397 5
0.97764 0.67017 2
0.961911 0.357749 3
0.955659 0.322077 3
0.931976 0.246818 3
0.947397 0.518008 2
0.917128 0.109509 4
0.901131 0.0214996 6
0.913457 0.106108 4
0.978763 1 1
0.996249 1 1
0.902009 0.0217346 6
0.947488 0.518246 2
0.954921 0.540638 2
0.948985 0.522258 2
0.886397 0.00384016 8
0.943563 0.508723 2
0.984419 1 1
0.918015 0.110397 4
0.978696 0.679698 2
0.939305 0.0808986 5
0.947733 0.168022 4
0.903808 0.00060363 11
0.988431 0.790927 2
0.909651 0.00292618 9
0.91881 0.0144168 7
0.951535 0.182241 4
0.952158 0.184815 4
0.878411 6.01741e-07 19
0.965453 0.382662 3
0.895017 0.000106188 13
0.961407 0.354503 3
0.925715 0.0324115 6
0.90237 0.000576554 11
0.914788 0.107292 4
0.925043 0.234997 3
0.915145 0.107618 4
0.909925 0.103205 4
0.9016 0.0457219 5
0.959749 0.559086 2
0.978183 1 1
0.882521 0.00364173 8
0.941987 0.505267 2
0.971076 1 1
0.936067 0.493866 2
0.89495 0.0200292 6
0.935272 0.492503 2
0.976051 1 1
0.93018 0.243471 3
0.925665 0.0323758 6
0.914182 0.0129897 7
0.955872 0.323143 3
0.952406 0.306957 3
0.926986 0.0630612 5
0.926225 0.0327837 6
0.949695 0.295847 3
0.88787 8.46881e-05 13
0.970445 0.615435 2
0.92835 0.0645874 5
0.951887 0.304731 3
0.936811 0.138345 4
0.961162 0.352949 3
0.960716 0.350165 3
0.967995 0.600256 2
0.945736 0.281705 3
0.911741 0.0123497 7
0.920753 0.0292102 6
0.878298 1.35986e-05 15
0.95993 0.55985 2
0.876487 5.86326e-06 16
0.88307 7.39835e-05 13
0.949247 0.294126 3
0.915842 0.0266679 6
0.843894 7.34719e-12 0
0.927312 0.0634176 5
0.872982 2.37584e-06 17
0.924551 0.0605494 5
0.889251 0.000401998 11
0.872246 2.32004e-06 17
0.942474 0.271654 3
0.977419 0.668229 2
0.901619 0.00494401 8
0.87509 5.61191e-06 16
0.914831 0.0262076 6
0.973926 0.63986 2
0.958831 0.5553 2
0.92573 0.0617336 5
0.930555 0.126654 4
0.924398 0.0604006 5
0.943463 0.274562 3
0.861497 2.81271e-08 22
0.931758 0.128675 4
0.952194 0.306042 3
0.887946 0.000181648 12
0.902701 0.0104872 7
0.897651 0.0045917 8
0.932151 0.129357 4
0.945973 0.282489 3
0.901963 0.0103634 7
0.920404 0.0568218 5
0.942998 0.27318 3
0.866286 1.93329e-06 17
0.944841 0.278814 3
0.940068 0.265038 3
0.928264 0.123068 4
0.931186 0.127701 4
0.935745 0.254608 3
0.950554 0.299231 3
0.969528 0.609573 2
0.903229 0.00120903 10
0.888146 4.00195e-05 14
0.949987 0.296983 3
0.975737 0.654051 2
0.911297 0.00610537 8
0.900638 0.0011266 10
0.923643 0.0309866 6
0.866421 6.83483e-09 24
0.947376 0.166808 4
0.911902 0.00619653 8
0.927864 0.0340429 6
0.96019 0.346954 3
0.939408 0.144179 4
0.933728 0.0715861 5
0.995963 1 1
0.94865 0.52134 2
0.92856 0.240631 3
0.971862 1 1
0.942732 0.506877 2
0.95225 0.531844 2
0.926445 0.237162 3
0.946567 0.515886 2
0.909949 0.103223 4
0.994135 1 1
0.913122 0.105818 4
0.974045 1 1
0.929413 0.242105 3
0.986601 1 1
0.957833 0.551341 2
0.94836 0.520554 2
0.945108 0.279666 3
0.975725 0.653947 2
0.888948 0.000856403 10
0.855128 4.2382e-09 24
0.915669 0.0265877 6
0.936963 0.138671 4
0.924516 0.0605156 5
0.951171 0.301741 3
0.912343 0.0251547 6
0.889217 0.000861214 10
0.930307 0.126249 4
0.843118 7.08252e-12 0
0.917117 0.054282 5
0.920858 0.0571993 5
0.863704 3.51377e-07 19
0.971416 1 1
0.970671 1 1
0.934624 0.491418 2
0.902085 0.0459266 5
0.947811 0.519091 2
0.952932 0.534005 2
0.959516 0.558114 2
0.93804 0.497411 2
0.962249 1 1
0.916322 0.22356 3
0.978923 1 1
0.889087 0.0188728 6
0.965798 1 1
0.96286 1 1
0.910983 0.10404 4
0.930759 0.0675156 5
0.895362 0.000469761 11
0.9202 0.0288963 6
0.880023 6.58275e-06 16
0.952067 0.305497 3
0.863027 5.87326e-09 24
0.871691 4.63253e-07 19
0.930261 0.0668851 5
0.90873 0.00574624 8
0.833922 4.6712e-12 0
0.916722 0.013735 7
0.876816 2.70153e-06 17
0.916785 0.0137546 7
0.878849 6.32946e-06 16
0.870856 2.02487e-07 20
0.929223 0.124528 4
0.893802 0.00201867 9
0.919704 0.0562527 5
0.879818 6.79635e-05 13
0.950866 0.300493 3
0.861663 1.45145e-07 20
0.870456 4.88726e-06 16
0.928599 0.123572 4
0.907743 0.0114389 7
0.83282 4.45281e-12 0
0.915475 0.0264986 6
0.876811 2.86291e-05 14
0.915732 0.0266169 6
0.877673 2.92991e-05 14
0.870392 4.87826e-06 16
0.958275 0.335849 3
0.970983 0.618982 2
0.92646 0.0329585 6
0.898674 0.000515569 11
0.934944 0.0734175 5
0.966315 0.389324 3
0.970842 0.618042 2
0.928471 0.0345345 6
0.95639 0.325775 3
0.927584 0.0338211 6
0.968289 0.601995 2
0.88496 1.68186e-05 15
0.957275 0.330403 3
0.970932 0.618644 2
0.910356 0.00298454 9
0.911724 0.104642 4
0.88873 0.00862471 7
0.969573 1 1
0.982987 1 1
0.926946 0.23796 3
0.891426 0.0193105 6
0.913397 0.106056 4
0.876121 0.00150559 9
0.951485 0.529492 2
0.892998 0.0196218 6
0.933143 0.249114 3
0.971031 1 1
0.946471 0.515645 2
0.924473 0.234146 3
0.970634 1 1
0.923286 0.0307543 6
0.938193 0.141368 4
0.913447 0.0127895 7
0.901717 0.00239079 9
0.906288 0.00544178 8
0.974406 0.643517 2
0.99023 1 1
0.893056 0.000441921 11
0.942794 0.152835 4
0.96432 0.580183 2
0.941621 0.149691 4
0.886855 8.22153e-05 13
0.93777 0.140424 4
0.980853 0.700527 2
0.92014 0.0288625 6
0.946296 0.283568 3
0.984936 1 1
0.894668 0.000971174 10
0.863326 6.8077e-08 21
0.916464 0.0269607 6
0.951915 0.304851 3
0.938415 0.141872 4
0.941597 0.149629 4
0.920571 0.029106 6
0.903388 0.00512091 8
0.937199 0.139176 4
0.850636 2.35932e-11 30
0.924134 0.0601449 5
0.933765 0.132275 4
0.873577 2.42238e-06 17
0.953455 0.31161 3
0.955229 0.31996 3
0.894092 0.000215869 12
0.854909 1.28033e-11 0
0.930155 0.0667523 5
0.910868 0.00604226 8
0.90509 0.00259388 9
0.983283 0.726402 2
0.909945 0.00591077 8
0.866339 1.52226e-08 23
0.929082 0.0654442 5
0.844782 7.665e-12 0
0.917222 0.0138921 7
0.905119 0.00259582 9
0.858731 1.84068e-10 28
0.923038 0.0591147 5
0.89486 0.00097553 10
0.984778 1 1
0.964404 0.580612 2
0.943013 0.273226 3
0.889999 0.000409322 11
0.910313 0.0120062 7
0.889073 0.000400297 11
0.95537 0.320652 3
0.883731 7.53182e-05 13
0.940569 0.266364 3
0.957875 0.551503 2
0.953779 0.313087 3
0.921451 0.0577035 5
0.95174 0.304112 3
0.932308 0.24746 3
0.914991 0.0528059 5
0.969335 0.608367 2
0.956645 0.546822 2
0.937862 0.259498 3
0.920065 0.112559 4
0.942457 0.271604 3
0.894258 0.00925551 7
0.977887 1 1
0.916495 0.108891 4
0.957708 0.550855 2
0.941907 0.270038 3
0.969592 0.609971 2
0.953982 0.537442 2
0.964974 0.583536 2
0.934917 0.13448 4
0.940135 0.14593 4
0.93139 0.128046 4
0.917001 0.0272203 6
0.921624 0.0578532 5
0.961969 0.568844 2
0.986318 1 1
0.900664 0.00233353 9
0.961065 0.564766 2
0.950288 0.29817 3
0.957054 0.329231 3
0.902018 0.00498274 8
0.95527 0.32016 3
0.996774 1 1
0.933732 0.132212 4
0.989131 1 1
0.953909 0.313686 3
0.947326 0.287107 3
0.906483 0.00268766 9
0.973721 0.638316 2
0.92705 0.0631312 5
0.936014 0.136681 4
0.949159 0.293795 3
0.96297 0.3648 3
0.894446 0.000458339 11
0.981172 0.703776 2
0.895642 0.000473359 11
0.971691 0.623768 2
0.942341 0.151602 4
0.909205 0.00580942 8
0.933993 0.132702 4
0.902742 0.0104942 7
0.990199 1 1
0.950235 0.297962 3
0.956617 0.546721 2
0.892653 0.00197426 9
0.911353 0.0247647 6
0.901182 0.00490236 8
0.958867 0.555448 2
0.880711 0.000151985 12
0.94813 0.289979 3
0.94392 0.275946 3
0.960234 0.561144 2
0.922184 0.0583438 5
0.940012 0.264891 3
0.920975 0.0293386 6
0.886163 1.75264e-05 15
0.912918 0.00635554 8
0.874264 5.10294e-07 19
0.942393 0.151742 4
0.853925 1.21479e-11 0
0.862609 1.13637e-09 26
0.92234 0.0301566 6
0.899899 0.00110492 10
0.825368 3.24863e-12 0
0.907248 0.00274196 9
0.872014 2.11889e-07 20
0.907722 0.00277658 9
0.869805 3.94016e-08 22
0.864058 2.73592e-09 25
11 0 3 4 8 9 17 20 27 28 33 39 
22 0 3 4 5 6 8 9 11 14 17 20 24 25 26 27 28 30 33 34 37 38 39 
16 0 3 4 6 8 9 11 17 20 25 27 28 33 37 38 39 
35 0 1 3 4 5 6 7 8 9 10 11 12 14 15 16 17 18 19 20 21 24 25 26 27 28 29 30 31 32 34 35 36 37 38 39 
11 0 3 4 8 9 17 20 27 28 33 39 
33 0 1 3 4 5 6 8 9 10 11 12 14 15 16 17 19 20 21 23 24 25 26 27 28 29 30 32 33 34 35 36 37 38 
34 0 1 3 4 5 6 8 9 10 11 12 14 15 17 19 20 21 22 23 24 25 26 27 28 29 30 32 33 34 35 36 37 38 39 
4 20 27 28 39 
21 0 3 4 5 6 8 9 11 14 17 20 25 26 27 28 32 33 34 37 38 39 
34 0 1 2 5 6 7 8 9 10 11 12 13 14 15 16 17 18 19 21 22 23 24 25 26 29 30 31 32 33 34 35 36 37 38 
16 0 3 4 6 8 9 17 20 25 27 28 32 33 37 38 39 
16 0 3 4 6 8 9 11 14 17 20 27 28 34 37 38 39 
18 0 3 4 6 8 9 17 20 21 25 26 27 28 29 32 33 37 39 
32 0 1 3 4 5 6 8 9 10 11 12 14 15 17 19 20 22 23 24 25 26 27 28 29 30 32 33 34 35 37 38 39 
38 0 1 2 3 4 5 6 7 8 9 10 11 12 14 15 16 17 18 19 20 21 23 24 25 26 27 28 29 30 31 32 33 34 35 36 37 38 39 
