40 15 6e+06
4.74808 161408
5.97583 151974
2.55965 172301
1.63732 195886
2.13062 195962
1.05855 189602
2.86693 120667
7.22269 199392
2.43978 179443
1.68014 197926
2.806 180271
3.2167 165380
3.24623 172155
1.78875 112991
1.89988 199857
4.60049 106885
1.00874 127530
2.88839 189644
2.7315 154353
2.99617 187772
1.35404 134263
1.93925 108929
1.23145 160243
2.38359 160791
2.61518 134990
2.6333 140442
1.00208 186903
4.68507 186729
4.31196 171992
5.63137 188582
1.38205 139149
1.72632 122202
3.66797 119333
1.02552 118930
2.34813 125443
2.04008 129699
1.76698 162609
1.76713 143799
5.60635 191337
5.32204 153166
0.940967 0.148006 4
0.919045 0.0282639 6
0.954982 0.318758 3
0.962688 0.572199 2
0.918686 0.0280739 6
0.963352 0.575384 2
0.943461 0.154697 4
0.927518 0.0636458 5
0.942538 0.152136 4
0.931341 0.0682719 5
0.920826 0.0292528 6
0.929952 0.0665 5
0.981492 0.707074 2
0.910417 0.0059774 8
0.92208 0.0299971 6
0.87584 0.00334903 8
0.844223 4.68387e-07 18
0.911486 0.104447 4
0.947231 0.517579 2
0.896069 0.0435856 5
0.947773 0.518991 2
0.869473 0.0006094 10
0.848905 2.85595e-06 16
0.883633 0.00813139 7
0.853041 7.25311e-06 15
0.878386 0.00345413 8
0.879314 0.00349432 8
0.931641 0.246176 3
0.833983 2.01091e-09 24
0.91082 0.103909 4
0.911917 0.0249847 6
0.923076 0.0591501 5
0.945547 0.281085 3
0.905363 0.0109654 7
0.869528 2.13044e-06 17
0.906488 0.0111834 7
0.993516 1 1
0.952134 0.305786 3
0.905843 0.0110572 7
0.965956 0.588745 2
0.880376 6.89365e-05 13
0.959817 0.559375 2
0.927813 0.122399 4
0.929041 0.124247 4
0.869057 2.09999e-06 17
0.923691 0.0310176 6
0.888423 8.60881e-05 13
0.927012 0.0333766 6
0.988776 1 1
0.93747 0.139766 4
0.986556 0.765767 2
0.90073 0.00112934 10
0.888763 8.69665e-05 13
0.932028 0.0691891 5
0.890308 9.1155e-05 13
0.924237 0.0313809 6
0.895353 0.000469653 11
0.964595 0.581583 2
0.875833 1.1895e-06 18
0.949189 0.293905 3
0.974176 1 1
0.946863 0.516636 2
0.924594 0.234325 3
0.941088 0.50338 2
0.933031 0.248888 3
0.940468 0.502114 2
0.936729 0.256833 3
0.943308 0.508152 2
0.972188 1 1
0.940256 0.501688 2
0.945482 0.513206 2
0.907842 0.0486188 5
0.949298 0.523127 2
0.933035 0.248898 3
0.929387 0.24206 3
0.881765 0.00796772 7
0.880885 0.00789343 7
0.968596 1 1
0.908163 0.101873 4
0.853871 1.70701e-05 14
0.910102 0.103342 4
0.947033 0.517069 2
0.905951 0.100298 4
0.879564 0.00350531 8
0.918486 0.226112 3
0.856922 4.17379e-05 13
0.988973 1 1
0.929943 0.243044 3
0.883796 0.00814609 7
0.858298 4.28094e-05 13
0.924139 0.117372 4
0.920472 0.113009 4
0.966229 0.590229 2
0.932377 0.247595 3
0.889536 0.00402033 8
0.933612 0.250065 3
0.973939 1 1
0.941413 0.268657 3
0.921035 0.113641 4
0.95107 0.528241 2
0.89635 0.00952644 7
0.958293 0.553144 2
0.955689 0.543342 2
0.919377 0.111816 4
0.89118 0.00889039 7
0.870028 8.82916e-08 21
0.845421 7.90414e-12 0
0.9336 0.0713989 5
0.939586 0.144602 4
0.876212 1.20622e-06 18
0.941365 0.149026 4
0.884476 1.65458e-05 15
0.856381 3.15809e-11 30
0.875357 5.32349e-07 19
0.863224 2.63241e-09 25
0.863975 2.72545e-09 25
0.903745 0.00250906 9
0.936959 0.138662 4
0.838535 5.73282e-12 0
0.888675 8.67367e-05 13
0.919041 0.11146 4
0.926761 0.120886 4
0.950072 0.525318 2
0.913357 0.0517503 5
0.877422 0.000141209 12
0.91443 0.0524362 5
0.995001 1 1
0.953809 0.536867 2
0.913408 0.0517821 5
0.966485 0.591637 2
0.887827 0.00180802 9
0.957989 0.551946 2
0.935751 0.254621 3
0.930491 0.12655 4
0.877112 0.000140264 12
0.893337 0.0196907 6
0.864468 0.000109461 12
0.936832 0.495212 2
0.966756 1 1
0.902641 0.0461654 5
0.968253 1 1
0.894205 0.0198707 6
0.871613 0.000629463 10
0.899775 0.0449781 5
0.876564 0.00151508 9
0.889617 0.00871855 7
0.903384 0.0464909 5
0.956875 0.547683 2
0.855294 7.61087e-06 15
0.915283 0.107746 4
0.927991 0.239673 3
0.888399 0.00395287 8
0.908699 0.0490662 5
0.968269 0.601877 2
0.955844 0.543899 2
0.965938 0.588649 2
0.88888 0.00398111 8
0.883412 0.00167988 9
0.938341 0.26066 3
0.882731 0.00166179 9
0.937644 0.258977 3
0.878756 0.000706802 10
0.946839 0.516574 2
0.873623 0.000130361 12
0.96946 0.609145 2
0.955055 0.541106 2
0.942321 0.271213 3
0.941298 0.26834 3
0.940332 0.265733 3
0.915321 0.0530272 5
0.94051 0.266207 3
0.955817 0.543802 2
0.950957 0.527905 2
0.951633 0.529939 2
0.952691 0.533234 2
0.925549 0.119218 4
0.927246 0.121576 4
0.956543 0.546447 2
0.934189 0.251258 3
0.914037 0.052182 5
0.895654 0.00943419 7
0.861131 1.67181e-06 17
0.914082 0.0522104 5
0.964764 0.58245 2
0.918722 0.111124 4
0.964381 0.580496 2
0.878604 0.000319258 11
0.862728 3.96289e-06 16
0.904299 0.0223823 6
0.865325 9.57834e-06 15
0.900396 0.0101118 7
0.881259 0.00073852 10
0.943438 0.274488 3
0.849279 7.87256e-09 23
0.933678 0.2502 3
0.95757 0.550322 2
0.964965 0.583491 2
0.92254 0.115396 4
0.917245 0.0543751 5
0.905564 0.0227639 6
0.917224 0.0543598 5
0.956254 0.545383 2
0.973579 1 1
0.948733 0.521568 2
0.969616 0.610125 2
0.922313 0.115125 4
0.917445 0.109823 4
0.932228 0.247304 3
0.958569 0.554245 2
0.900651 0.0101518 7
0.895595 0.000225935 12
0.882065 7.06193e-06 16
0.988263 1 1
0.940996 0.14808 4
0.878919 1.33627e-06 18
0.943194 0.153945 4
0.934621 0.0729203 5
0.899974 0.000535725 11
0.896646 0.000233446 12
0.909404 0.00290621 9
0.876865 5.65107e-07 19
0.955289 0.32025 3
0.960049 0.346105 3
0.879179 2.93685e-06 17
0.885986 1.74194e-05 15
0.893763 0.000101814 13
0.873616 1.02649e-07 21
0.967583 0.597851 2
0.953459 0.311626 3
0.886879 1.79699e-05 15
0.955787 0.322717 3
0.917557 0.0139997 7
0.887381 1.82915e-05 15
0.897036 0.000236341 12
0.8951 0.000222535 12
0.880531 1.42357e-06 18
0.934183 0.0722589 5
0.96425 0.373762 3
0.868118 7.39421e-09 24
0.89622 0.000230353 12
0.925538 0.0615369 5
0.949326 0.294426 3
0.920311 0.0567454 5
0.895229 0.00207685 9
0.875008 1.23537e-05 15
0.895761 0.00209941 9
0.971695 0.623796 2
0.981675 1 1
0.91656 0.0270068 6
0.995905 1 1
0.89118 0.000897914 10
0.929468 0.124911 4
0.91449 0.0260571 6
0.958878 0.555493 2
0.871036 4.96981e-06 16
0.971266 0.62088 2
0.978314 1 1
0.905578 0.0227684 6
0.910932 0.0502967 5
0.914476 0.0524665 5
0.910422 0.0500071 5
0.936413 0.256109 3
0.964185 0.579502 2
0.959827 0.559416 2
0.954275 0.538426 2
0.935426 0.253905 3
0.898345 0.0098043 7
0.921324 0.11397 4
0.962207 0.569946 2
0.906604 0.0230914 6
0.923332 0.030784 6
0.93233 0.0696009 5
0.945837 0.161793 4
0.913007 0.00636995 8
0.88003 3.02907e-06 17
0.913947 0.00652496 8
0.994018 1 1
0.959416 0.342356 3
0.917202 0.0138857 7
0.971805 0.624556 2
0.891401 9.43255e-05 13
0.952245 0.306264 3
0.934806 0.0732033 5
0.935981 0.0750612 5
0.879075 2.92583e-06 17
0.961237 0.565532 2
0.918 0.110382 4
0.902456 0.0460855 5
0.947226 0.517564 2
0.971848 1 1
0.945284 0.51273 2
0.900153 0.0451287 5
0.906277 0.0478357 5
0.973 1 1
0.902106 0.0459354 5
0.970634 1 1
0.878548 0.00155923 9
0.938262 0.497825 2
0.900787 0.0453853 5
0.96824 1 1
0.936741 0.138198 4
0.978396 0.676952 2
0.891845 0.000202162 12
0.882419 1.54615e-05 15
0.881732 1.51238e-05 15
0.882303 1.54035e-05 15
0.936915 0.138567 4
0.979496 0.687202 2
0.925341 0.0321442 6
0.96557 0.586674 2
0.903481 0.00249303 9
0.895518 0.000471765 11
0.896629 0.000486419 11
0.995963 1 1
0.873727 4.9993e-07 19
0.936653 0.256656 3
0.972111 0.626678 2
0.901837 0.0216879 6
0.888701 0.00183592 9
0.882093 0.000749723 10
0.888756 0.00183768 9
0.948207 0.520145 2
0.991209 1 1
0.925784 0.119534 4
0.977194 1 1
0.902197 0.0217857 6
0.906323 0.0230017 6
0.904386 0.0224082 6
0.984108 1 1
0.875325 0.00013503 12
0.910279 0.10348 4
0.873964 0.000653031 10
0.915417 0.10787 4
0.974137 1 1
0.933887 0.25063 3
0.972732 1 1
0.885719 0.00380367 8
0.873428 0.000647504 10
0.919428 0.11187 4
0.874905 0.000662948 10
0.915943 0.108364 4
0.883177 0.00367362 8
0.949982 0.525059 2
0.861075 1.9753e-05 14
0.948456 0.520814 2
0.894369 0.0199053 6
0.883993 0.00371424 8
0.992823 1 1
0.933941 0.250743 3
0.874127 0.000654729 10
0.936054 0.255299 3
0.940518 0.502215 2
0.90379 0.0466718 5
0.89449 0.0199309 6
0.914038 0.106618 4
0.873659 0.000649876 10
0.964294 0.580052 2
0.954528 0.539287 2
0.882428 0.00363724 8
0.88036 0.00354088 8
0.908594 0.00284245 9
0.893568 0.000101158 13
0.986473 0.764701 2
0.950376 0.177642 4
0.890381 4.31323e-05 14
0.952421 0.185924 4
0.941471 0.1493 4
0.909857 0.00294296 9
0.909658 0.00292674 9
0.918299 0.0142438 7
0.889306 1.96084e-05 15
0.951846 0.183518 4
0.972246 0.627629 2
0.88949 1.97418e-05 15
0.896674 0.000233659 12
0.884393 0.000782442 10
0.888686 0.00183541 9
0.958441 0.553734 2
0.900788 0.0101734 7
0.851438 8.49404e-09 23
0.902535 0.0104591 7
0.957275 0.549191 2
0.915914 0.0534322 5
0.880796 0.000333553 11
0.929217 0.124519 4
0.857082 1.24869e-07 20
0.993755 1 1
0.923452 0.116509 4
0.893686 0.00429094 8
0.854352 2.16815e-08 22
0.923905 0.059926 5
0.898643 0.00106978 10
0.958399 0.336542 3
0.977536 0.669259 2
0.915167 0.0132684 7
0.979347 0.685786 2
0.927839 0.0640049 5
0.907136 0.00554372 8
0.927929 0.0641065 5
0.911893 0.0123877 7
0.910756 0.0121105 7
0.926135 0.0621536 5
0.995885 1 1
0.889987 0.000191912 12
0.922658 0.0303548 6
0.886053 0.00835647 7
0.86117 1.97926e-05 14
0.946356 0.515356 2
0.955447 0.542482 2
0.889226 0.00867687 7
0.957454 0.549874 2
0.898682 0.0208809 6
0.871713 0.000630434 10
0.891175 0.00888982 7
0.878197 0.00155123 9
0.8785 0.00155813 9
0.913818 0.106424 4
0.954469 0.539086 2
0.85388 3.19554e-06 16
0.90086 0.0454151 5
0.904112 0.0107344 7
0.882066 0.0003424 11
0.966525 0.591863 2
0.964114 0.579149 2
0.89734 0.00456638 8
0.966465 0.591527 2
0.921437 0.0576912 5
0.894092 0.00431969 8
0.907733 0.0234618 6
0.900875 0.0101872 7
0.891235 0.00192217 9
0.931814 0.12877 4
0.975621 0.653105 2
0.875455 6.11026e-05 13
0.906355 0.0230118 6
0.869243 1.73127e-08 23
0.866818 3.11931e-09 25
0.9609 0.35131 3
0.901954 0.000569101 11
0.844802 7.67251e-12 0
0.904019 0.00123634 10
0.931758 0.0688244 5
0.891323 4.45592e-05 14
0.867745 7.26603e-09 24
0.903687 0.00122475 10
0.846106 8.17026e-12 0
0.974093 0.641119 2
0.921966 0.0155855 7
0.869526 1.75362e-08 23
0.850307 1.00663e-11 0
0.982041 1 1
0.938842 0.261901 3
0.90765 0.0485204 5
0.938887 0.262014 3
0.953377 0.535445 2
0.937515 0.258668 3
0.915374 0.0530632 5
0.926349 0.120309 4
0.991129 1 1
0.921011 0.113613 4
0.967289 0.596157 2
0.888182 0.00394029 8
0.938425 0.260866 3
0.921424 0.114085 4
0.94674 0.516324 2
0.927162 0.0632537 5
0.900095 0.00230371 9
0.953433 0.31151 3
0.98164 0.708613 2
0.920096 0.0288379 6
0.983143 0.724831 2
0.925548 0.0615467 5
0.907044 0.00553249 8
0.931749 0.0688131 5
0.911074 0.0121868 7
0.915229 0.0263866 6
0.921767 0.0298072 6
0.993232 1 1
0.89063 0.000415684 11
0.927641 0.0637825 5
0.961144 0.565117 2
0.944523 0.277811 3
0.936259 0.255759 3
0.941298 0.268341 3
0.920895 0.113483 4
0.941228 0.268149 3
0.949943 0.524948 2
0.949356 0.523289 2
0.957989 0.551946 2
0.949379 0.523352 2
0.931712 0.246312 3
0.921169 0.113793 4
0.955139 0.541399 2
0.934527 0.251968 3
0.918983 0.0556833 5
0.940583 0.266401 3
0.900127 0.0100702 7
0.869531 2.38525e-05 14
0.917461 0.054533 5
0.986098 1 1
0.915321 0.0530272 5
0.869192 2.36623e-05 14
0.881445 0.000338023 11
0.950968 0.527939 2
0.874955 6.03924e-05 13
0.975815 1 1
0.846405 5.6413e-10 26
0.904821 0.0225378 6
0.881427 0.000337898 11
0.969619 0.610145 2
0.943087 0.273442 3
0.978465 1 1
0.901725 0.0216578 6
0.892138 0.0041852 8
0.887982 0.0018129 9
0.892078 0.00418126 8
0.945687 0.513705 2
0.987782 1 1
0.932008 0.246879 3
0.973232 1 1
0.908538 0.0489811 5
0.903929 0.0222739 6
0.906874 0.0231786 6
0.984981 1 1
0.880831 0.000732891 10
0.940062 0.265023 3
0.905967 0.0110811 7
0.934062 0.132833 4
0.982507 1 1
0.940227 0.265454 3
0.981138 1 1
0.915997 0.0534893 5
0.906426 0.011171 7
0.947136 0.286445 3
0.907488 0.0233802 6
0.933892 0.132512 4
0.904905 0.0108795 7
0.973452 0.636315 2
0.893393 0.00200262 9
0.947309 0.287051 3
0.884201 0.000779608 10
0.871784 5.61981e-05 13
0.979097 1 1
0.931468 0.245848 3
0.868619 2.3347e-05 14
0.933709 0.250263 3
0.927028 0.121264 4
0.890752 0.00409553 8
0.885231 0.000795092 10
0.9008 0.0101753 7
0.865892 9.71244e-06 15
0.954911 0.540603 2
0.948568 0.521118 2
0.86978 2.39939e-05 14
0.876197 0.000137541 12
0.92425 0.233818 3
0.89305 0.0196324 6
0.941704 0.504666 2
0.99545 1 1
0.927053 0.238132 3
0.9969 1 1
0.912974 0.10569 4
0.89706 0.0439435 5
0.930726 0.244464 3
0.900043 0.0450847 5
0.918108 0.225654 3
0.909508 0.102882 4
0.979451 1 1
0.882137 0.00362333 8
0.936714 0.495002 2
0.876044 0.00150394 9
0.853353 7.30115e-06 15
0.945385 0.512973 2
0.943106 0.5077 2
0.877512 0.00341725 8
0.94515 0.512409 2
0.895211 0.0200855 6
0.865724 0.000253995 11
0.880601 0.0035518 8
0.873102 0.00144395 9
0.867304 0.000260645 11
0.915289 0.107751 4
0.944836 0.511662 2
0.847215 5.04577e-07 18
0.888986 0.0188544 6
0.900177 0.0100779 7
0.873644 5.85963e-05 13
0.949703 0.524265 2
0.970551 0.616125 2
0.902614 0.0219007 6
0.972689 0.630771 2
0.906644 0.0231044 6
0.88253 0.00075573 10
0.905563 0.0227636 6
0.88809 0.00181632 9
0.892578 0.00421467 8
0.915651 0.0532514 5
0.968273 0.601898 2
0.865325 4.24119e-06 16
0.913693 0.0519621 5
36 0 1 2 3 4 5 6 7 8 9 10 11 12 13 14 15 16 18 19 22 23 24 25 26 27 28 29 30 31 32 33 35 36 37 38 39 
39 0 1 2 3 4 5 6 8 9 10 11 12 13 14 15 16 17 18 19 20 21 22 23 24 25 26 27 28 29 30 31 32 33 34 35 36 37 38 39 
15 1 5 7 9 12 14 15 22 23 27 28 29 36 38 39 
19 1 5 7 9 12 14 15 22 23 24 25 26 27 28 29 36 37 38 39 
23 0 1 3 5 7 9 10 12 14 15 22 23 24 25 26 27 28 31 35 36 37 38 39 
17 1 5 7 9 12 14 15 22 23 24 25 27 28 29 36 38 39 
35 0 1 3 4 5 6 7 8 9 10 11 12 13 14 15 17 18 19 22 23 24 25 26 27 28 29 30 31 32 33 35 36 37 38 39 
34 0 1 2 3 4 5 6 7 8 9 10 11 12 13 14 15 16 18 19 22 23 24 25 26 27 28 29 31 32 35 36 37 38 39 
34 0 1 2 3 4 5 6 7 8 9 10 11 12 14 15 18 19 22 23 24 25 26 27 28 29 30 31 32 33 35 36 37 38 39 
37 0 1 2 3 4 5 6 7 8 9 10 11 12 13 14 15 17 18 19 22 23 24 25 26 27 28 29 30 31 32 33 34 35 36 37 38 39 
35 0 1 2 3 4 5 6 7 8 9 10 11 12 13 14 15 16 18 19 22 23 24 25 26 27 28 30 31 32 33 35 36 37 38 39 
23 0 1 3 5 7 9 10 12 14 15 22 23 24 26 27 28 29 31 35 36 37 38 39 
20 1 5 7 9 12 14 15 22 23 24 25 26 27 28 29 31 36 37 38 39 
39 0 1 2 3 4 5 6 8 9 10 11 12 13 14 15 16 17 18 19 20 21 22 23 24 25 26 27 28 29 30 31 32 33 34 35 36 37 38 39 
26 0 1 2 3 5 6 7 8 9 10 12 14 15 22 23 24 25 26 27 28 31 35 36 37 38 39 
