40 15 8e+06
2.33319 141491
1.66074 113671
2.25279 130965
1.83196 168054
1.72297 136874
2.1813 115987
1.21375 120638
1.59578 190213
1.53704 113408
1.83685 104520
2.36571 148867
1.34851 161210
1.39832 114641
1.47972 189049
2.5237 180905
2.91412 161412
1.24875 182257
2.10377 107746
2.65361 126283
1.81418 144336
2.05814 139388
2.49851 143999
2.90616 155034
2.56243 194633
2.28561 154089
1.0523 110310
2.17432 111088
1.84236 182410
2.97848 177851
1.68044 164089
1.83734 127086
1.35108 132852
1.34746 187292
2.28659 111807
2.7862 140377
1.53551 130685
2.06049 135001
2.03158 177107
1.33276 158301
1.28584 112451
0.969259 0.607892 2
0.947045 0.165699 4
0.98181 0.710399 2
0.926898 0.0629658 5
0.977667 0.670414 2
0.944782 0.158551 4
0.913289 0.0127475 7
0.937915 0.140746 4
0.905278 0.00260621 9
0.923097 0.0306326 6
0.924662 0.03167 6
0.918045 0.0141594 7
0.952067 0.305497 3
0.942767 0.152762 4
0.906124 0.00266295 9
0.898781 0.00986772 7
0.939501 0.263568 3
0.891663 0.00415398 8
0.891573 0.00414813 8
0.917792 0.0547769 5
0.952919 0.533964 2
0.934026 0.250918 3
0.890165 0.00188471 9
0.874884 6.02929e-05 13
0.916697 0.0539811 5
0.917369 0.0544656 5
0.974033 0.640669 2
0.866279 4.35097e-06 16
0.897619 0.00970082 7
0.873214 5.80267e-05 13
0.863729 0.000108027 12
0.872971 0.0014414 9
0.884939 0.00825092 7
0.948828 0.521826 2
0.87962 0.0035078 8
0.920829 0.229073 3
0.848275 1.20786e-06 17
0.934845 0.491784 2
0.953401 0.535523 2
0.963616 1 1
0.843978 1.98426e-07 19
0.879865 0.00351869 8
0.876963 0.00152374 9
0.936323 0.494312 2
0.949918 0.524877 2
0.897052 0.00454323 8
0.915708 0.0532902 5
0.909503 0.0240756 6
0.943757 0.275451 3
0.916044 0.0535219 5
0.966106 0.589558 2
0.891796 0.00194241 9
0.937189 0.2579 3
0.929766 0.125382 4
0.974493 0.644184 2
0.885611 0.000800954 10
0.925284 0.118862 4
0.891664 0.00193762 9
0.943826 0.275658 3
0.927552 0.122017 4
0.862859 0.000106379 12
0.898509 0.0444853 5
0.862682 0.000106048 12
0.883804 0.00814681 7
0.881983 0.00361598 8
0.927627 0.239068 3
0.892976 0.0196172 6
0.877686 0.00153971 9
0.872965 0.000642816 10
0.913302 0.105974 4
0.876251 0.00150837 9
0.930531 0.244107 3
0.840991 3.30754e-08 21
0.884199 0.00818266 7
0.870482 0.000618705 10
0.925086 0.1186 4
0.931833 0.246544 3
0.941621 0.269236 3
0.956695 0.54701 2
0.942699 0.506805 2
0.973934 1 1
0.901013 0.0214688 6
0.958283 0.553107 2
0.935099 0.253194 3
0.968303 0.602081 2
0.901335 0.0215535 6
0.925416 0.119039 4
0.922605 0.115473 4
0.966373 0.591021 2
0.934366 0.251629 3
0.880396 0.00015089 12
0.87828 0.000143887 12
0.907773 0.0234753 6
0.979523 1 1
0.893053 0.0019895 9
0.921007 0.0573253 5
0.849175 1.45943e-09 25
0.965315 0.585321 2
0.988761 1 1
0.964193 0.579542 2
0.849861 1.49866e-09 25
0.874924 6.03493e-05 13
0.905702 0.0228066 6
0.962991 0.57364 2
0.985657 1 1
0.923071 0.116039 4
0.938632 0.261377 3
0.93343 0.249695 3
0.944457 0.277604 3
0.942566 0.271919 3
0.987492 1 1
0.909949 0.0242372 6
0.944561 0.277931 3
0.92431 0.117591 4
0.963337 0.575309 2
0.907453 0.0233684 6
0.937694 0.259094 3
0.911783 0.0507919 5
0.952506 0.532648 2
0.923193 0.116188 4
0.924793 0.234621 3
0.951133 0.52843 2
0.926592 0.237394 3
0.92649 0.237232 3
0.945463 0.513161 2
0.993347 1 1
0.925558 0.23578 3
0.927139 0.238271 3
0.906869 0.048127 5
0.946894 0.516715 2
0.920019 0.228024 3
0.955847 0.543908 2
0.90187 0.0458356 5
0.934968 0.252911 3
0.905698 0.0475561 5
0.971166 0.620204 2
0.946374 0.163504 4
0.983246 0.725984 2
0.925077 0.0319583 6
0.977695 0.670659 2
0.942385 0.151719 4
0.912902 0.00635306 8
0.936316 0.0756087 5
0.903606 0.00122192 10
0.920765 0.0151196 7
0.924921 0.0318495 6
0.916588 0.0136932 7
0.953248 0.310673 3
0.940961 0.147992 4
0.904513 0.00125399 10
0.889451 0.000403933 11
0.914432 0.0260316 6
0.897722 0.00218712 9
0.927546 0.122009 4
0.909047 0.0117191 7
0.961152 0.565149 2
0.894913 0.00206366 9
0.921003 0.0573215 5
0.914889 0.0262338 6
0.95826 0.553016 2
0.88553 0.000170676 12
0.931429 0.128111 4
0.87826 2.97703e-05 14
0.927632 0.122134 4
0.912516 0.0252243 6
0.969156 1 1
0.98239 1 1
0.945534 0.513332 2
0.898575 0.0445107 5
0.982483 1 1
0.94399 0.509695 2
0.950083 0.525349 2
0.906467 0.100656 4
0.877113 0.00340067 8
0.905039 0.0996778 4
0.961648 1 1
0.94432 0.510455 2
0.917073 0.224426 3
0.912705 0.105462 4
0.877256 0.00340661 8
0.975353 1 1
0.95678 0.547328 2
0.972823 0.631727 2
0.919366 0.111804 4
0.988305 1 1
0.946498 0.284249 3
0.923005 0.115958 4
0.929457 0.124894 4
0.897623 0.00970147 7
0.918817 0.111224 4
0.934697 0.252331 3
0.92553 0.119192 4
0.943115 0.273525 3
0.934843 0.252643 3
0.898257 0.00979163 7
0.904111 0.0468167 5
0.918009 0.110391 4
0.91925 0.111681 4
0.9541 0.537839 2
0.922452 0.231258 3
0.968193 1 1
0.891382 0.00891322 7
0.9485 0.520933 2
0.937862 0.49708 2
0.982477 1 1
0.887524 0.00850122 7
0.922152 0.230845 3
0.902304 0.0460199 5
0.955403 0.542326 2
0.935971 0.255111 3
0.864877 1.42983e-08 23
0.900785 0.001131 10
0.864385 1.40039e-08 23
0.884519 3.56741e-05 14
0.884021 3.51372e-05 14
0.929427 0.0658582 5
0.895288 0.000468821 11
0.878626 6.28304e-06 16
0.873319 1.08668e-06 18
0.913941 0.0129234 7
0.878531 6.26342e-06 16
0.932953 0.0704707 5
0.842483 6.87444e-12 0
0.885211 3.64426e-05 14
0.870873 2.02618e-07 20
0.93258 0.130113 4
0.978901 0.681593 2
0.911596 0.0123139 7
0.881354 7.06988e-05 13
0.94659 0.284563 3
0.941443 0.268742 3
0.977764 0.671274 2
0.885599 0.000170975 12
0.861192 2.7803e-08 22
0.896684 0.0021398 9
0.965404 0.58579 2
0.975127 0.649149 2
0.883756 7.53698e-05 13
0.892705 0.000928595 10
0.860563 2.71484e-08 22
0.870393 2.18819e-06 17
0.885454 0.000170349 12
0.88743 0.000385153 11
0.941694 0.269438 3
0.887902 0.000389392 11
0.93431 0.133304 4
0.862707 6.65467e-08 21
0.929649 0.125196 4
0.93872 0.142569 4
0.968011 0.600347 2
0.856311 1.94357e-09 25
0.896445 0.00212916 9
0.875077 1.2378e-05 15
0.933413 0.131622 4
0.935531 0.1357 4
0.943358 0.274248 3
0.929594 0.12511 4
0.970608 0.6165 2
0.952326 0.306614 3
0.954077 0.314467 3
0.949425 0.294806 3
0.895909 0.00210577 9
0.963668 0.576929 2
0.93022 0.126109 4
0.943979 0.276127 3
0.903306 0.0105915 7
0.909539 0.0118288 7
0.953102 0.31002 3
0.968698 0.604453 2
0.931085 0.127532 4
0.864982 3.66463e-07 19
0.867375 1.99633e-06 17
0.890268 0.000880481 10
0.960092 0.560539 2
0.878798 6.62442e-05 13
0.91277 0.025328 6
0.840296 6.21165e-12 0
0.945701 0.281589 3
0.9732 0.634463 2
0.95835 0.553373 2
0.838766 5.79293e-12 0
0.86881 2.08424e-06 17
0.886973 0.000381134 11
0.944482 0.277685 3
0.969666 0.610438 2
0.916487 0.108883 4
0.96237 0.570701 2
0.900159 0.0451309 5
0.880895 0.00356524 8
0.932728 0.248286 3
0.9442 0.510176 2
0.965342 1 1
0.883009 0.00366539 8
0.861854 4.57895e-05 13
0.900383 0.0452211 5
0.946913 0.516763 2
0.992755 1 1
0.872841 0.000641569 10
0.890385 0.00880197 7
0.860808 4.48795e-05 13
0.967522 0.597499 2
0.949103 0.29358 3
0.978573 0.678564 2
0.928203 0.0644189 5
0.978587 0.678697 2
0.948289 0.290557 3
0.915018 0.0132255 7
0.938757 0.142656 4
0.906377 0.00545239 8
0.92561 0.0616096 5
0.925548 0.0615467 5
0.92096 0.0293303 6
0.94922 0.294025 3
0.943972 0.15616 4
0.907108 0.0055403 8
0.987908 1 1
0.963676 0.576968 2
0.958969 0.555862 2
0.900494 0.00483821 8
0.987353 1 1
0.9342 0.133094 4
0.934231 0.133154 4
0.910393 0.0244009 6
0.879175 6.68718e-05 13
0.901468 0.00492958 8
0.950495 0.298996 3
0.926579 0.12063 4
0.931628 0.128451 4
0.915627 0.053235 5
0.879793 0.000148831 12
0.907234 0.101199 4
0.932082 0.487375 2
0.913601 0.106233 4
0.931238 0.245415 3
0.927311 0.238551 3
0.980462 1 1
0.909589 0.102945 4
0.928019 0.239719 3
0.914449 0.106986 4
0.958101 0.552388 2
0.902011 0.0458953 5
0.944102 0.509951 2
0.891888 0.0194006 6
0.935499 0.492888 2
0.912661 0.105424 4
0.967141 0.595314 2
0.933251 0.249331 3
0.996038 1 1
0.923633 0.116734 4
0.965062 0.583996 2
0.929784 0.125411 4
0.901016 0.0102096 7
0.936431 0.25615 3
0.903376 0.022115 6
0.914137 0.0522461 5
0.914846 0.0527094 5
0.902866 0.0219708 6
0.966965 0.594317 2
0.939439 0.26341 3
0.904754 0.0225176 6
0.874563 0.000659312 10
0.914432 0.10697 4
0.869139 0.000268768 11
0.878145 0.00155005 9
0.893212 0.0196654 6
0.932293 0.247432 3
0.913748 0.106362 4
0.874441 0.000658016 10
0.864331 0.000109191 12
0.905877 0.0476418 5
0.895019 0.0200439 6
0.950294 0.525958 2
0.845209 8.7579e-08 20
0.881492 0.00359291 8
0.862236 4.61289e-05 13
0.946211 0.283282 3
0.984046 1 1
0.932897 0.130681 4
0.904863 0.005279 8
0.965402 0.585784 2
0.962873 0.573077 2
0.953225 0.310573 3
0.909672 0.0118589 7
0.883877 7.56194e-05 13
0.918263 0.0278536 6
0.951642 0.303698 3
0.965842 0.588132 2
0.904594 0.00524947 8
0.916914 0.0271779 6
0.883385 7.46152e-05 13
0.872904 4.84608e-07 19
0.88072 6.74058e-06 16
0.894713 0.000461622 11
0.958651 0.337957 3
0.888653 8.66808e-05 13
0.928476 0.0647333 5
0.854844 2.9151e-11 30
0.944769 0.158511 4
0.960005 0.345842 3
0.97335 0.635564 2
0.851467 1.06823e-11 0
0.885507 3.67795e-05 14
0.886508 3.79577e-05 14
0.946567 0.164131 4
0.956638 0.327052 3
0.870053 5.41128e-05 13
0.900136 0.0212421 6
0.875176 0.000134609 12
0.904992 0.0225894 6
0.889506 0.00401852 8
0.939651 0.263952 3
0.887277 0.00179093 9
0.897526 0.00968783 7
0.895206 0.00937589 7
0.935447 0.253952 3
0.874078 0.000131579 12
0.925496 0.119147 4
0.855406 2.72028e-07 19
0.903723 0.0222143 6
0.892561 0.00421349 8
0.94724 0.286808 3
0.990475 1 1
0.923199 0.0592632 5
0.884819 0.000363173 11
0.959312 0.557265 2
0.940124 0.265185 3
0.972661 0.630566 2
0.890691 0.000888494 10
0.864006 3.54862e-07 19
0.896548 0.00213376 9
0.974461 0.643934 2
0.961096 0.564902 2
0.895217 0.00207631 9
0.897462 0.00457627 8
0.863713 3.5148e-07 19
0.892091 0.000203588 12
0.934964 0.0734472 5
0.882082 1.52943e-05 15
0.879118 6.3862e-06 16
0.910066 0.00592776 8
0.940174 0.146028 4
0.93688 0.138493 4
0.877911 2.80692e-06 17
0.862663 2.56561e-09 25
0.90395 0.00252166 9
0.917363 0.0139372 7
0.973169 0.634238 2
0.856397 7.20135e-11 29
0.885281 3.65222e-05 14
0.861004 1.05318e-09 26
0.892314 0.0194845 6
0.885013 0.00825786 7
0.921981 0.230612 3
0.990048 1 1
0.90327 0.0464402 5
0.923395 0.232582 3
0.854349 7.45782e-06 15
0.98104 1 1
0.983322 1 1
0.959282 0.557145 2
0.857322 1.8281e-05 14
0.876882 0.00152198 9
0.922006 0.230645 3
0.975963 1 1
0.98444 1 1
0.961104 0.564938 2
0.961766 0.567916 2
0.961778 0.56797 2
0.925944 0.119752 4
0.981022 1 1
0.962094 0.569419 2
0.92689 0.121068 4
0.93389 0.250636 3
0.903824 0.0106827 7
0.930397 0.126395 4
0.933679 0.250203 3
0.936753 0.256888 3
0.933219 0.131264 4
0.940468 0.266094 3
0.903986 0.0107117 7
0.916662 0.0137162 7
0.9622 0.359638 3
0.901494 0.00115269 10
0.883819 7.51704e-06 16
0.933499 0.0712522 5
0.947451 0.167063 4
0.96211 0.359048 3
0.885714 1.7257e-05 15
0.864834 2.83725e-09 25
0.903673 0.00122424 10
0.944631 0.158099 4
0.996401 1 1
0.87424 2.31762e-07 20
0.893133 9.97243e-05 13
0.863751 1.20076e-09 26
0.90371 0.0222106 6
0.937057 0.257592 3
0.903547 0.0221636 6
0.912652 0.051314 5
0.923875 0.117037 4
0.970948 1 1
0.921006 0.113608 4
0.91019 0.0498767 5
0.896108 0.00949414 7
0.939048 0.262418 3
0.909359 0.0494195 5
0.959246 0.556995 2
0.879742 0.00071897 10
0.917683 0.110061 4
0.89433 0.0092645 7
0.943634 0.508884 2
0.971137 1 1
0.93797 0.49728 2
0.917291 0.224681 3
0.964593 1 1
0.975492 1 1
0.940212 0.5016 2
0.921532 0.230005 3
0.896167 0.0436205 5
0.931137 0.245227 3
0.938876 0.498987 2
0.9595 0.558048 2
0.910389 0.103567 4
0.929014 0.241411 3
0.895595 0.0434177 5
0.93875 0.261671 3
0.938131 0.260147 3
0.956625 0.546749 2
0.951803 0.530461 2
0.95504 0.541053 2
0.967275 0.596077 2
0.9051 0.022622 6
0.958323 0.553266 2
0.929125 0.124377 4
0.954603 0.539544 2
0.908785 0.0238215 6
0.923853 0.11701 4
0.935559 0.254198 3
0.965798 0.587893 2
0.929111 0.124355 4
0.900443 0.00232184 9
0.932707 0.0701236 5
0.901576 0.00238294 9
0.914169 0.0129861 7
0.920579 0.029111 6
0.969366 0.608561 2
0.916488 0.0136624 7
0.910998 0.0121683 7
0.89826 0.00105948 10
0.941505 0.149388 4
0.90493 0.00258352 9
0.954695 0.317381 3
0.878394 6.23544e-06 16
0.918393 0.0279207 6
0.896368 0.00101116 10
0.976862 0.663427 2
0.972493 0.629369 2
0.946065 0.282796 3
0.891774 0.00194162 9
0.97927 1 1
0.932566 0.130089 4
0.946433 0.284029 3
0.900703 0.0101599 7
0.870501 1.09218e-05 15
0.89574 0.00444097 8
0.963591 0.57655 2
0.933992 0.1327 4
0.918965 0.055669 5
0.906372 0.0230175 6
0.870891 1.1035e-05 15
0.906821 0.00550545 8
0.895017 0.000979137 10
0.938134 0.141237 4
0.982867 1 1
0.916287 0.0268768 6
0.928106 0.0643074 5
0.863147 6.76291e-08 21
0.994384 1 1
0.966106 0.589558 2
0.953603 0.31228 3
0.868182 4.08569e-07 19
0.882403 7.26766e-05 13
0.938538 0.142153 4
0.986096 1 1
0.967881 0.599583 2
0.929964 0.0665143 5
0.911749 0.0123517 7
0.96303 0.573828 2
0.960825 0.350847 3
0.937189 0.139154 4
0.934317 0.133317 4
0.878681 6.29442e-06 16
0.975209 0.649802 2
0.941192 0.14858 4
0.941832 0.150245 4
0.886647 8.17251e-05 13
0.892578 0.000436523 11
0.959478 0.34272 3
0.975859 0.655039 2
0.942822 0.152911 4
40 0 1 2 3 4 5 6 7 8 9 10 11 12 13 14 15 16 17 18 19 20 21 22 23 24 25 26 27 28 29 30 31 32 33 34 35 36 37 38 39 
31 1 2 3 4 5 6 7 8 10 13 14 15 16 17 18 19 22 24 25 26 27 29 30 31 32 33 34 35 36 38 39 
39 0 1 2 3 4 5 6 7 8 9 10 11 12 13 14 15 16 17 18 19 20 21 22 23 24 25 26 27 28 29 30 31 32 33 34 35 36 37 38 
22 1 2 3 4 5 6 7 8 10 13 14 16 18 19 22 24 26 27 29 32 33 36 
32 1 2 3 4 5 6 7 8 10 11 13 14 15 16 17 18 19 22 24 25 26 27 28 29 30 31 32 33 34 35 36 38 
18 1 2 3 4 6 8 10 13 14 16 18 22 24 26 27 29 33 36 
23 1 2 3 4 5 6 7 8 10 13 14 15 16 19 22 24 26 27 29 32 33 34 36 
37 0 1 2 3 4 5 6 7 8 9 10 11 12 13 14 15 16 17 18 19 20 21 22 24 25 26 27 28 29 30 31 32 33 34 35 36 37 
32 1 2 3 4 5 6 7 8 10 11 12 13 14 15 16 18 19 21 22 24 25 26 27 28 29 31 32 33 34 35 36 37 
15 1 2 3 4 10 14 16 18 22 24 26 27 29 33 36 
38 0 1 2 3 4 5 6 7 8 9 10 11 12 13 14 15 16 17 19 20 21 22 23 24 25 27 28 29 30 31 32 33 34 35 36 37 38 39 
21 1 2 3 4 5 6 7 8 10 13 14 16 18 22 24 26 27 29 30 33 36 
39 0 1 2 3 4 5 6 7 8 9 10 11 12 13 15 16 17 18 19 20 21 22 23 24 25 26 27 28 29 30 31 32 33 34 35 36 37 38 39 
30 1 2 3 4 5 6 7 8 10 11 13 14 15 16 18 19 22 24 25 26 27 28 29 30 31 32 33 34 35 36 
37 0 1 2 3 4 5 6 7 8 9 10 11 12 13 14 15 16 17 18 19 20 21 22 24 25 26 27 28 29 30 31 32 33 34 35 36 37 
