60 15 8e+06
1.01101 140874
2.33885 153788
1.20887 194536
2.59729 143748
1.22808 195921
1.99197 106925
2.52133 187036
1.27888 156691
2.60069 138760
1.70896 195988
2.68865 180489
2.98487 122784
1.79945 159398
2.30227 133985
1.02938 157070
2.52259 187511
2.81208 151048
1.68498 191462
1.28808 174181
1.2964 194205
1.78148 150152
1.18851 136130
2.72461 198132
1.58767 132071
1.11519 165557
2.78889 197669
1.08554 163931
2.11568 107912
1.16294 168906
2.47595 185837
1.8665 116906
1.94344 178657
1.21115 139335
2.60569 193199
1.03575 141520
2.87945 146327
2.07447 149325
2.6463 132155
2.35755 106452
2.66419 194225
1.68354 127233
2.36686 105568
2.55235 131024
1.53479 132158
1.99851 173955
1.96127 109289
1.97587 194512
1.66477 113488
2.24475 122731
1.89804 163155
2.95488 111913
2.9843 157404
1.48642 125420
2.43786 179849
1.02678 130235
1.90137 165788
2.09048 137515
1.8067 105127
1.42387 113851
1.75757 140836
0.971081 1 1
0.950999 0.528029 2
0.989441 1 1
0.956851 0.547592 2
0.951229 0.528719 2
0.882901 0.00166627 9
0.957284 0.549225 2
0.905741 0.0475768 5
0.86631 5.0025e-05 13
0.896331 0.0203326 6
0.90765 0.0485204 5
0.921635 0.114328 4
0.920575 0.113124 4
0.922166 0.114951 4
0.960145 0.560764 2
0.87762 6.0801e-06 16
0.923305 0.0307664 6
0.893825 0.00045087 11
0.89573 0.000474502 11
0.878719 6.30247e-06 16
0.929727 0.0662232 5
0.940098 0.14584 4
0.927273 0.0633754 5
0.910824 0.0121268 7
0.907839 0.00563126 8
0.880348 1.44779e-05 15
0.977194 0.666275 2
0.911096 0.0121919 7
0.879888 1.42731e-05 15
0.907297 0.00556358 8
0.973166 0.634217 2
0.938965 0.143138 4
0.98307 0.724023 2
0.939451 0.144281 4
0.964405 0.580617 2
0.870269 9.78637e-07 18
0.934961 0.134567 4
0.894971 0.000978069 10
0.855717 8.29215e-10 26
0.889673 0.000406097 11
0.910752 0.0121096 7
0.899481 0.00227235 9
0.914709 0.0261534 6
0.928025 0.0642155 5
0.954499 0.316445 3
0.859183 5.86787e-08 21
0.928036 0.122728 4
0.882507 0.000158506 12
0.861574 3.2815e-07 19
0.887412 0.000829978 10
0.995109 1 1
0.918782 0.055527 5
0.970429 0.615333 2
0.974004 0.640445 2
0.958662 0.554617 2
0.916925 0.0541441 5
0.933926 0.132576 4
0.943272 0.273992 3
0.907161 0.0113187 7
0.91204 0.0250335 6
0.874221 5.09457e-07 19
0.896271 0.000481604 11
0.882469 7.16284e-06 16
0.902824 0.00119543 10
0.858143 7.87262e-11 29
0.888378 4.03252e-05 14
0.921558 0.0296822 6
0.88823 4.01294e-05 14
0.87039 8.96065e-08 21
0.869545 3.89628e-08 22
0.848062 8.99329e-12 0
0.947539 0.16736 4
0.87677 1.23145e-06 18
0.850955 1.04047e-11 0
0.883994 1.62816e-05 15
0.893401 0.000211488 12
0.936222 0.13711 4
0.909564 0.00585819 8
0.911024 0.00606511 8
0.892326 0.000204968 12
0.926578 0.0626221 5
0.956363 0.325634 3
0.930726 0.0674731 5
0.906666 0.00548672 8
0.91125 0.00609833 8
0.888589 8.65156e-05 13
0.992931 1 1
0.919035 0.0282584 6
0.89021 0.000193095 12
0.921006 0.029357 6
0.940253 0.265525 3
0.928106 0.122831 4
0.941784 0.269691 3
0.971029 0.619286 2
0.907083 0.0113028 7
0.878106 6.51205e-05 13
0.955295 0.541946 2
0.893359 0.00200131 9
0.859271 5.88591e-08 21
0.878261 6.53697e-05 13
0.875468 2.76355e-05 14
0.938352 0.260687 3
0.897233 0.00216458 9
0.885739 0.000370641 11
0.925625 0.0616251 5
0.984293 1 1
0.934778 0.491673 2
0.978023 1 1
0.968485 1 1
0.939485 0.500163 2
0.868617 0.000601703 10
0.944839 0.511669 2
0.890515 0.0191366 6
0.851943 7.08759e-06 15
0.880906 0.00789514 7
0.89288 0.019598 6
0.911588 0.10453 4
0.904706 0.0994555 4
0.907894 0.101675 4
0.94381 0.509282 2
0.904088 0.0468064 5
0.976679 1 1
0.928958 0.241314 3
0.90227 0.0460055 5
0.930344 0.243766 3
0.948344 0.520513 2
0.961175 0.565253 2
0.971966 1 1
0.930546 0.244135 3
0.956265 0.545425 2
0.939264 0.499733 2
0.952517 0.532683 2
0.971336 1 1
0.939138 0.499489 2
0.958899 0.555576 2
0.922319 0.231075 3
0.955948 0.544273 2
0.946065 0.514634 2
0.898574 0.0208547 6
0.980355 1 1
0.900559 0.0452923 5
0.930051 0.243238 3
0.927513 0.238882 3
0.890184 0.00877991 7
0.929958 0.243072 3
0.961432 0.566404 2
0.901315 0.045603 5
0.953761 0.536706 2
0.980213 1 1
0.969701 1 1
0.909272 0.0117688 7
0.93928 0.143874 4
0.922764 0.0588646 5
0.929781 0.125405 4
0.89987 0.00229214 9
0.911844 0.0123753 7
0.96649 0.591665 2
0.92108 0.0573865 5
0.891998 0.000914121 10
0.902672 0.00504769 8
0.886809 0.000176334 12
0.97979 0.690028 2
0.915306 0.0264215 6
0.891506 0.000424824 11
0.927103 0.0631889 5
0.883163 1.58408e-05 15
0.912633 0.0125756 7
0.894409 0.000457888 11
0.908192 0.00567619 8
0.872275 4.73365e-07 19
0.904469 0.00255407 9
0.936864 0.138458 4
0.905468 0.00261873 9
0.885725 3.70315e-05 14
0.886436 8.1231e-05 13
0.864367 1.39934e-08 23
0.96595 0.588712 2
0.893775 0.00045028 11
0.866809 3.47241e-08 22
0.899302 0.00108798 10
0.925969 0.0325957 6
0.96419 0.373336 3
0.951093 0.180461 4
0.904388 0.00124949 10
0.979369 0.685991 2
0.905351 0.00128492 10
0.938211 0.0788759 5
0.932526 0.0698719 5
0.893798 0.000101931 13
0.932873 0.0703569 5
0.959076 0.340382 3
0.909124 0.00288389 9
0.958043 0.334568 3
0.975856 0.655019 2
0.978107 0.674335 2
0.881734 0.00360424 8
0.905827 0.0476178 5
0.891069 0.0088779 7
0.909077 0.102554 4
0.867127 0.000259885 11
0.895463 0.0201403 6
0.931275 0.245484 3
0.896694 0.0204146 6
0.876945 0.00152336 9
0.877875 0.00154396 9
0.856944 7.8898e-06 15
0.957193 0.548878 2
0.885824 0.00833456 7
0.86001 1.93173e-05 14
0.893375 0.0196985 6
0.908144 0.00280806 9
0.972443 0.629018 2
0.931129 0.0679943 5
0.911618 0.00615332 8
0.924443 0.0315203 6
0.942027 0.150762 4
0.972348 0.628345 2
0.960026 0.345969 3
0.922551 0.0302877 6
0.942298 0.151486 4
0.925176 0.0320279 6
0.966955 0.594265 2
0.956151 0.324552 3
0.926963 0.0333392 6
0.954507 0.316486 3
0.862559 5.03608e-10 27
0.931932 0.0690592 5
0.886101 1.74887e-05 15
0.864344 1.2361e-09 26
0.89135 4.46018e-05 14
0.993639 1 1
0.921843 0.0155365 7
0.974722 0.64596 2
0.972133 0.626831 2
0.962111 0.359054 3
0.920644 0.0150741 7
0.935421 0.0741633 5
0.947426 0.166979 4
0.911087 0.00304722 9
0.915981 0.00688565 8
0.849437 9.63289e-12 0
0.914948 0.0132054 7
0.871406 4.58424e-07 19
0.855669 1.58508e-10 28
0.872718 4.81255e-07 19
0.977509 0.669017 2
0.911048 0.00606852 8
0.95254 0.307542 3
0.965495 0.586276 2
0.940047 0.145715 4
0.89917 0.00108429 10
0.933537 0.0713069 5
0.925912 0.0619213 5
0.890128 0.000192659 12
0.898345 0.00106177 10
0.915993 0.0267384 6
0.973436 0.636198 2
0.938114 0.260106 3
0.920791 0.0571431 5
0.927031 0.121268 4
0.932714 0.130353 4
0.982108 1 1
0.950773 0.300114 3
0.913342 0.0255646 6
0.933905 0.132537 4
0.920826 0.057173 5
0.968536 0.603473 2
0.950103 0.297438 3
0.924783 0.0607785 5
0.957191 0.548872 2
0.882931 1.57209e-05 15
0.943526 0.154881 4
0.903808 0.00251291 9
0.892238 0.000204454 12
0.896924 0.000490443 11
0.955888 0.323222 3
0.948427 0.291064 3
0.957009 0.328992 3
0.935244 0.0738837 5
0.936959 0.138662 4
0.906876 0.00271532 9
0.972556 0.629816 2
0.938532 0.142139 4
0.904272 0.00254166 9
0.925844 0.0325048 6
0.914457 0.106992 4
0.919915 0.112396 4
0.919599 0.112054 4
0.945027 0.512116 2
0.889269 0.0086815 7
0.885132 0.00377271 8
0.949402 0.523417 2
0.895063 0.0200536 6
0.865869 4.95776e-05 13
0.877744 0.000694733 10
0.866809 5.05401e-05 13
0.951502 0.529543 2
0.892509 0.00904353 7
0.874053 0.00029297 11
0.912232 0.105063 4
0.86545 1.65567e-07 20
0.915841 0.0266676 6
0.882696 7.3245e-05 13
0.881978 3.30647e-05 14
0.870757 9.94843e-07 18
0.936602 0.137904 4
0.928502 0.0647635 5
0.928429 0.0646786 5
0.919088 0.0282867 6
0.909649 0.0118537 7
0.878122 1.35268e-05 15
0.964358 0.580377 2
0.908714 0.011646 7
0.875597 5.70106e-06 16
0.899167 0.00225669 9
0.946197 0.283235 3
0.943812 0.1557 4
0.954361 0.315796 3
0.965392 0.585729 2
0.921375 0.0295734 6
0.889218 0.000187929 12
0.969919 0.612046 2
0.906547 0.00547257 8
0.87049 1.99642e-07 20
0.892052 0.000203364 12
0.890521 0.000194766 12
0.944871 0.158817 4
0.912135 0.0124484 7
0.900919 0.00234717 9
0.941477 0.149317 4
0.919993 0.112482 4
0.962867 0.573048 2
0.938936 0.262135 3
0.930402 0.243872 3
0.920903 0.113492 4
0.922384 0.11521 4
0.98767 1 1
0.937868 0.259512 3
0.902708 0.0219268 6
0.920689 0.113251 4
0.908582 0.0490042 5
0.974033 1 1
0.936688 0.256738 3
0.913886 0.106484 4
0.949739 0.524367 2
0.887942 0.0186686 6
0.923 0.232021 3
0.901312 0.0456016 5
0.91 0.103263 4
0.881086 0.00357404 8
0.914581 0.107104 4
0.945917 0.514268 2
0.916616 0.223897 3
0.895325 0.043323 5
0.89737 0.0440575 5
0.874924 0.00148052 9
0.977835 1 1
0.904798 0.0995169 4
0.877004 0.00339618 8
0.908874 0.102401 4
0.873995 5.90684e-05 13
0.940349 0.265779 3
0.896438 0.00449474 8
0.879551 0.000325289 11
0.895434 0.00441792 8
0.973222 0.63463 2
0.937147 0.257802 3
0.969032 0.60649 2
0.952137 0.531494 2
0.949969 0.525024 2
0.914398 0.0524153 5
0.95538 0.542243 2
0.945102 0.279646 3
0.908685 0.0237867 6
0.922892 0.115821 4
0.860093 1.93504e-05 14
0.917572 0.10995 4
0.879452 0.00158025 9
0.872686 0.000640009 10
0.872334 0.00063652 10
0.95247 0.532536 2
0.924033 0.233501 3
0.939528 0.500247 2
0.935715 0.254542 3
0.921764 0.230317 3
0.886532 0.00840293 7
0.95572 0.543453 2
0.916647 0.109038 4
0.88175 0.00360499 8
0.90034 0.0452037 5
0.972155 0.62699 2
0.949927 0.296749 3
0.989426 1 1
0.957512 0.550099 2
0.950775 0.300123 3
0.88191 7.17351e-05 13
0.956378 0.325713 3
0.904717 0.00526296 8
0.865331 1.64867e-07 20
0.895335 0.000986515 10
0.906813 0.0112483 7
0.920844 0.0571878 5
0.919571 0.0285481 6
0.921406 0.0576645 5
0.959165 0.55666 2
0.948805 0.292461 3
0.943102 0.153688 4
0.956187 0.324736 3
0.967712 0.598599 2
0.922408 0.030199 6
0.887336 8.33729e-05 13
0.968221 0.601591 2
0.905025 0.00258968 9
0.868725 8.37633e-08 21
0.890839 0.000196501 12
0.890278 0.000193459 12
0.942249 0.151353 4
0.911272 0.00610161 8
0.901051 0.00113904 10
0.941624 0.149699 4
0.929233 0.24179 3
0.962289 0.570327 2
0.947058 0.517133 2
0.939834 0.264428 3
0.925168 0.118709 4
0.913631 0.10626 4
0.993027 1 1
0.930614 0.24426 3
0.894348 0.00926681 7
0.914599 0.107121 4
0.906735 0.0480606 5
0.965464 0.586112 2
0.932743 0.248316 3
0.91393 0.106523 4
0.952477 0.532558 2
0.880549 0.00354944 8
0.915907 0.22309 3
0.893603 0.0197455 6
0.903264 0.0464376 5
0.873818 0.0014581 9
0.912921 0.105645 4
0.937939 0.497223 2
0.91255 0.10533 4
0.894192 0.019868 6
0.893335 0.0196904 6
0.869252 0.000607392 10
0.971142 1 1
0.89922 0.0447599 5
0.870666 0.000620434 10
0.901536 0.0456949 5
0.902767 0.0104985 7
0.976322 0.658863 2
0.928691 0.12371 4
0.895928 0.00210659 9
0.937765 0.259265 3
0.945861 0.282117 3
0.951345 0.302458 3
0.973693 0.638109 2
0.931095 0.127549 4
0.964768 0.582472 2
0.953454 0.311604 3
0.938355 0.260695 3
0.985681 1 1
0.952246 0.306268 3
0.962804 0.572747 2
0.871622 2.50821e-05 14
0.934041 0.250949 3
0.892768 0.0042275 8
0.880403 0.000330904 11
0.888374 0.00182537 9
0.964563 0.581421 2
0.936068 0.25533 3
0.957369 0.549551 2
0.944592 0.278027 3
0.938442 0.260908 3
0.903866 0.0222557 6
0.961034 0.564629 2
0.934688 0.252311 3
0.899091 0.00991347 7
0.916468 0.053819 5
0.920379 0.112905 4
0.923313 0.116336 4
0.925242 0.118807 4
0.950722 0.527208 2
0.89414 0.0043231 8
0.884855 0.000789368 10
0.952873 0.533816 2
0.896128 0.00949682 7
0.865596 9.64202e-06 15
0.879203 0.000323047 11
0.869928 2.4078e-05 14
0.95034 0.526092 2
0.89497 0.00438339 8
0.877788 0.000314224 11
0.916509 0.0538477 5
0.850637 1.54471e-09 25
0.920354 0.0567809 5
0.874761 2.71349e-05 14
0.848849 2.68346e-10 27
0.885788 0.000371052 11
0.982496 1 1
0.905287 0.0109509 7
0.9666 0.592276 2
0.988305 1 1
0.967581 0.597841 2
0.924575 0.117933 4
0.914913 0.0262445 6
0.943953 0.276049 3
0.911297 0.024743 6
0.906678 0.0112211 7
0.889615 0.00402509 8
0.961226 0.56548 2
0.914033 0.106614 4
0.889278 0.00400477 8
0.917401 0.109779 4
0.96382 0.577682 2
0.948311 0.520423 2
0.98449 1 1
0.945298 0.512762 2
0.964595 0.581583 2
0.935976 0.255122 3
0.950152 0.525549 2
0.968371 0.602483 2
0.931589 0.246078 3
0.944294 0.510395 2
0.978964 1 1
0.920818 0.0571655 5
0.961462 0.56654 2
0.980473 1 1
0.923938 0.117117 4
0.857508 5.53856e-08 21
0.935119 0.134878 4
0.877974 6.4911e-05 13
0.84048 6.26416e-12 0
0.867466 2.00175e-06 17
0.87783 6.46819e-05 13
0.905324 0.0109579 7
0.890468 0.000884245 10
0.892505 0.0019687 9
0.92832 0.123152 4
0.926073 0.119929 4
0.952428 0.532403 2
0.940882 0.267207 3
0.942145 0.27071 3
0.916415 0.0537813 5
0.909203 0.0239686 6
0.98276 1 1
0.923873 0.0598953 5
0.889662 0.000869265 10
0.907108 0.0113079 7
0.897538 0.00458243 8
0.968312 0.602135 2
0.92391 0.0599309 5
0.90448 0.0108012 7
0.942824 0.272671 3
0.888579 4.05933e-05 14
0.954443 0.316182 3
0.914294 0.00658385 8
0.875926 5.44396e-07 19
0.935642 0.0745157 5
0.940121 0.145897 4
0.926427 0.0329337 6
0.965497 0.586287 2
0.932813 0.0702723 5
0.975232 0.649981 2
0.976488 0.66026 2
0.913363 0.00642774 8
0.986737 0.768102 2
0.965599 0.586827 2
0.949275 0.294233 3
0.976314 0.658802 2
0.917882 0.0141054 7
0.958002 0.334342 3
0.982182 0.714344 2
0.920646 0.0291488 6
0.855193 2.96821e-11 30
0.932885 0.0703736 5
0.87536 1.16909e-06 18
0.838106 5.62277e-12 0
0.864682 6.31801e-09 24
0.874704 1.14165e-06 18
0.903871 0.00251681 9
0.887512 3.92008e-05 14
0.889298 8.83819e-05 13
0.925097 0.0319723 6
0.862419 4.62931e-05 13
0.921998 0.230635 3
0.882493 0.00364038 8
0.873541 0.000648661 10
0.876722 0.0015185 9
0.958401 0.553574 2
0.926553 0.237333 3
0.945727 0.513802 2
0.940866 0.502925 2
0.927912 0.23954 3
0.892247 0.0194713 6
0.956154 0.54502 2
0.9224 0.231186 3
0.88712 0.00846088 7
0.904648 0.0470625 5
0.884866 0.00375886 8
0.953019 0.534284 2
0.910566 0.103707 4
0.874037 0.000653783 10
0.929765 0.242727 3
0.947004 0.516995 2
0.92643 0.237137 3
0.971827 1 1
0.93965 0.500486 2
0.982261 1 1
0.969959 1 1
0.916295 0.108699 4
0.986601 1 1
0.958497 0.553956 2
0.945568 0.513416 2
0.944094 0.27648 3
0.960388 0.561807 2
0.960722 0.563255 2
0.951966 0.305066 3
0.933314 0.131439 4
0.901874 0.00496868 8
0.984409 1 1
0.921161 0.0574552 5
0.883344 7.45322e-05 13
0.907193 0.00555071 8
0.905917 0.00539846 8
0.950467 0.298881 3
0.928096 0.0642964 5
0.915834 0.0266641 6
0.956813 0.327964 3
0.856159 8.45431e-10 26
0.920812 0.0292445 6
0.877846 1.34157e-05 15
0.863377 6.82047e-08 21
0.877285 1.31946e-05 15
0.974954 0.647777 2
0.918784 0.0281254 6
0.95482 0.317976 3
0.958782 0.555101 2
0.939764 0.14503 4
0.900363 0.00231767 9
0.942407 0.271461 3
0.928717 0.0650134 5
0.892628 0.000926987 10
0.903804 0.00516446 8
0.959295 0.557198 2
0.948246 0.520249 2
0.969036 0.606517 2
0.96708 0.594969 2
0.933822 0.250497 3
0.886379 0.00176375 9
0.967131 0.595258 2
0.906353 0.0230114 6
0.868412 2.32346e-05 14
0.893828 0.0092023 7
0.897623 0.00970147 7
0.935088 0.25317 3
0.915994 0.0534872 5
0.909797 0.0496588 5
0.950361 0.526152 2
0.9177 0.110078 4
0.94943 0.523497 2
0.940416 0.50201 2
0.892797 0.0195811 6
0.977113 1 1
0.897362 0.0205679 6
0.923308 0.232458 3
0.924012 0.23347 3
0.888034 0.00855289 7
0.928188 0.240001 3
0.963477 1 1
0.89518 0.0200787 6
0.95055 0.526706 2
0.982892 1 1
0.962633 0.571941 2
0.902603 0.046149 5
0.948978 0.52224 2
0.926705 0.237574 3
0.881434 0.00162848 9
0.959215 0.556866 2
0.909938 0.049737 5
0.920003 0.112492 4
0.935921 0.255001 3
0.902575 0.0461367 5
0.943666 0.508957 2
0.98245 1 1
0.896824 0.0204441 6
0.962481 0.571221 2
0.997722 1 1
0.956004 0.544476 2
0.959177 0.556713 2
0.932758 0.13043 4
0.95812 0.334993 3
0.982406 0.716755 2
0.920799 0.0292372 6
0.874207 2.47316e-06 17
0.954315 0.315581 3
0.892644 0.000437255 11
0.856073 8.4223e-10 26
0.879602 1.4148e-05 15
0.882848 3.39217e-05 14
0.927774 0.0639324 5
0.901006 0.00235183 9
0.895169 0.000982656 10
0.934803 0.134258 4
0.885126 0.000793478 10
0.904993 0.0225896 6
0.893178 0.00425561 8
0.913824 0.0520452 5
0.867756 2.28843e-05 14
0.890619 0.0040871 8
0.93153 0.245966 3
0.893123 0.00425179 8
0.871987 5.64522e-05 13
0.874478 0.000132668 12
0.855178 1.17595e-07 20
0.954022 0.537576 2
0.883562 0.000770306 10
0.859008 6.91407e-07 18
0.893372 0.00426902 8
0.902307 0.0218159 6
0.927809 0.239369 3
0.921829 0.114555 4
0.874589 0.000295853 11
0.960172 0.560879 2
0.88389 0.00169282 9
0.901795 0.0216766 6
0.909053 0.0492547 5
0.877542 0.000312736 11
0.917334 0.109712 4
0.959308 0.557252 2
0.874971 0.000297942 11
0.934963 0.252899 3
0.972762 1 1
0.940204 0.265394 3
0.867983 0.000263599 11
0.938061 0.49745 2
0.893132 0.0196489 6
0.861121 4.51487e-05 13
0.908991 0.102489 4
0.964596 1 1
0.916368 0.108768 4
0.978014 1 1
0.961109 0.56496 2
0.994914 1 1
0.950965 0.527929 2
0.915438 0.10789 4
0.967853 1 1
0.937178 0.495833 2
0.927121 0.238242 3
0.972853 0.631946 2
0.917453 0.0139661 7
0.955997 0.323776 3
0.985784 0.755982 2
0.91836 0.0142642 7
0.855594 1.32853e-11 0
0.93365 0.0714715 5
0.875353 2.42691e-07 20
0.838339 5.68218e-12 0
0.864279 1.23214e-09 26
0.873304 1.01278e-07 21
0.905484 0.00128995 10
0.886854 1.79542e-05 15
0.887612 1.84424e-05 15
0.923953 0.031191 6
0.904231 0.0991424 4
0.968322 1 1
0.930376 0.243824 3
0.890349 0.0191054 6
0.950544 0.526688 2
0.931379 0.245681 3
0.938478 0.498231 2
0.959057 0.556221 2
0.920713 0.228921 3
0.961125 1 1
0.972463 1 1
0.919391 0.227229 3
0.986571 1 1
0.972956 1 1
0.965851 1 1
0.945783 0.281858 3
0.920472 0.0290498 6
0.941706 0.149914 4
0.981767 0.70995 2
0.9051 0.00530539 8
0.867788 4.03019e-07 19
0.945544 0.281077 3
0.8838 7.54592e-05 13
0.849289 9.56126e-12 0
0.869526 4.28358e-07 19
0.869517 4.28216e-07 19
0.926543 0.0625848 5
0.889347 0.000402923 11
0.880893 3.2044e-05 14
0.920325 0.0289662 6
0.969301 0.608154 2
0.932578 0.130109 4
0.965224 0.584842 2
0.98216 1 1
0.926783 0.120916 4
0.870695 4.92104e-06 16
0.950174 0.297721 3
0.890486 0.00088459 10
0.853057 3.91154e-09 24
0.878671 6.6037e-05 13
0.885255 0.000366678 11
0.920648 0.0570241 5
0.901093 0.00489399 8
0.898672 0.00467702 8
0.937304 0.258171 3
0.924507 0.117844 4
0.922932 0.115869 4
0.928066 0.122772 4
0.955828 0.54384 2
0.895849 0.00444928 8
0.881695 0.000339776 11
0.952217 0.531742 2
0.893847 0.00430232 8
0.862528 7.66203e-07 18
0.877323 0.000140907 12
0.869618 1.06721e-05 15
0.946247 0.283402 3
0.89387 0.00430394 8
0.878107 0.000143339 12
0.917203 0.0543449 5
0.904548 0.00524445 8
0.935256 0.135148 4
0.92561 0.0616098 5
0.878406 1.36428e-05 15
0.96347 0.575961 2
0.891332 0.000422982 11
0.908476 0.0115944 7
0.916852 0.0271475 6
0.884499 7.69217e-05 13
0.924707 0.0607026 5
0.966171 0.589916 2
0.882165 3.32456e-05 14
0.943045 0.27332 3
0.981142 0.70347 2
0.946879 0.285555 3
0.991158 1 1
0.919148 0.111572 4
0.965026 1 1
0.966247 1 1
0.930685 0.244389 3
0.853568 3.17261e-06 16
0.928534 0.240586 3
0.875382 0.000668089 10
0.837323 9.4763e-10 25
0.866575 0.000113731 12
0.881068 0.0035732 8
0.896573 0.020387 6
0.890338 0.00879674 7
0.896862 0.0204528 6
0.929477 0.242218 3
0.889014 0.00398903 8
0.96129 0.565767 2
0.913736 0.0519891 5
0.887485 0.00390046 8
0.918829 0.111237 4
0.964045 0.5788 2
0.94612 0.514769 2
0.987707 1 1
0.946471 0.515645 2
0.968351 0.602368 2
0.939502 0.263571 3
0.946356 0.515356 2
0.971781 1 1
0.934502 0.251918 3
0.944968 0.511976 2
0.912538 0.0252332 6
0.914331 0.0259872 6
0.916013 0.0267474 6
0.944924 0.279077 3
0.884897 0.000167994 12
0.879782 6.79011e-05 13
0.94365 0.275125 3
0.889377 0.00040322 11
0.860645 6.17787e-08 21
0.872144 5.13348e-06 16
0.861505 6.37074e-08 21
0.945945 0.282394 3
0.886875 0.00038028 11
0.868949 2.09308e-06 17
0.907133 0.011313 7
0.871284 0.000278863 11
0.940095 0.265108 3
0.894569 0.00929456 7
0.874313 0.000294362 11
0.897063 0.0204988 6
0.981918 1 1
0.932332 0.247507 3
0.976751 1 1
0.960611 0.562773 2
0.958989 0.555941 2
0.92091 0.1135 4
0.946384 0.515425 2
0.950478 0.526495 2
0.913543 0.106183 4
0.92327 0.116283 4
47 0 1 3 4 5 6 7 8 10 11 13 14 15 17 18 19 20 21 22 23 24 25 26 27 28 29 31 32 33 34 35 36 38 39 41 42 43 46 47 50 52 53 54 56 57 58 59 
42 0 1 2 4 5 6 7 10 11 13 14 16 17 18 19 20 21 22 23 24 25 26 27 28 29 31 32 35 36 38 39 41 42 43 46 47 50 52 53 54 56 58 
51 0 1 3 4 5 6 7 8 10 11 13 14 15 16 17 18 19 20 21 22 23 24 25 26 27 28 29 30 31 32 33 34 35 36 38 39 40 41 42 43 46 47 49 50 52 53 54 56 57 58 59 
8 4 13 19 32 47 52 54 58 
56 0 1 2 3 4 5 6 7 8 9 10 11 12 13 14 15 16 17 18 19 20 21 22 23 24 25 26 27 28 29 30 31 32 33 34 35 36 37 38 39 40 41 42 43 46 47 49 50 51 52 53 54 56 57 58 59 
43 0 1 3 4 5 6 7 10 11 13 14 15 16 17 18 19 20 21 22 23 24 25 26 27 28 29 31 32 35 36 38 39 41 42 43 46 47 52 53 54 56 58 59 
33 1 4 5 6 10 11 13 18 19 20 21 22 23 25 27 28 29 31 32 35 36 38 39 41 42 43 46 47 50 52 53 54 58 
44 1 3 4 5 6 8 10 11 13 14 15 16 17 18 19 20 21 22 23 24 25 27 28 29 31 32 33 34 35 36 38 39 41 42 43 46 47 50 52 53 54 57 58 59 
45 0 1 2 3 4 5 6 7 8 10 11 13 14 15 16 17 18 19 20 21 22 23 24 25 26 27 28 29 30 31 32 34 36 39 41 42 43 46 47 53 54 56 57 58 59 
58 0 1 2 3 4 5 6 7 8 9 10 11 12 13 14 15 16 17 18 19 20 21 22 23 24 25 26 27 28 29 30 31 32 34 35 36 37 38 39 40 41 42 43 44 45 46 47 48 50 51 52 53 54 55 56 57 58 59 
57 0 1 2 3 5 6 7 8 9 10 11 12 13 14 15 16 17 18 19 20 21 22 23 24 25 26 27 28 29 30 31 32 33 34 35 36 37 38 39 40 41 42 43 44 45 46 47 49 50 51 52 53 54 56 57 58 59 
30 0 1 4 5 6 7 10 11 13 19 21 23 26 27 28 29 32 35 36 38 41 43 46 47 50 52 53 54 56 58 
52 0 1 2 3 4 5 6 7 8 9 10 11 12 13 14 15 16 17 18 19 20 21 22 23 24 25 26 27 28 29 30 31 32 34 35 36 38 39 41 42 43 46 47 50 51 52 53 54 56 57 58 59 
56 0 1 2 3 5 6 7 8 9 10 11 12 13 14 15 16 17 18 19 20 21 22 23 24 25 26 27 28 29 30 31 32 33 34 35 36 37 38 39 40 41 42 43 45 46 47 49 50 51 52 53 54 56 57 58 59 
48 0 1 2 3 4 5 6 7 8 10 11 13 14 15 16 17 18 19 20 21 22 23 24 25 26 27 28 29 31 32 34 35 36 38 39 41 42 43 46 47 50 52 53 54 56 57 58 59 
