50 15 8e+06
2.1931 127611
2.21851 109728
1.73552 101356
1.67883 162558
2.13936 142711
1.41308 118400
2.13666 160840
1.87577 170412
2.47785 101701
2.7247 156984
1.49171 196881
1.56964 146699
1.58333 158329
2.57335 149635
2.73737 198468
2.38427 103154
2.90637 195010
1.77066 190859
1.5854 193962
1.01323 141155
2.75055 114380
1.43026 167533
1.40436 167441
2.54995 129987
2.86275 100825
1.83107 171586
1.7078 130343
1.41222 141836
1.56864 141650
1.67796 193854
1.42124 117397
1.63391 132562
1.31514 183519
2.21121 178666
2.33275 112490
2.8912 136038
2.8313 179755
2.06281 123423
2.56979 155672
2.79693 135734
1.30102 149584
2.05119 120458
1.85003 137280
1.54364 132808
1.73335 163846
1.11133 186799
1.4341 109022
2.90525 159855
1.8945 175413
1.6571 164108
0.919288 0.0283944 6
0.911683 0.0123355 7
0.941089 0.148317 4
0.8915 0.000424758 11
0.93535 0.135336 4
0.936587 0.137871 4
0.873622 2.4259e-06 17
0.879654 3.09396e-05 14
0.894582 0.00096922 10
0.909221 0.0117575 7
0.878677 1.37544e-05 15
0.890964 0.000419127 11
0.865299 1.64679e-07 20
0.878572 1.37112e-05 15
0.867424 3.97987e-07 19
0.944776 0.158532 4
0.855535 1.32433e-11 0
0.945016 0.159257 4
0.892023 9.62067e-05 13
0.888552 1.90759e-05 15
0.906609 0.00133392 10
0.972352 0.628375 2
0.908813 0.00285941 9
0.993443 1 1
0.902116 0.00057199 11
0.925288 0.0321065 6
0.958426 0.336694 3
0.902667 0.00119025 10
0.898978 0.000520163 11
0.910614 0.00300639 9
0.912312 0.00625979 8
0.937679 0.140223 4
0.951288 0.302224 3
0.941887 0.150391 4
0.974503 0.64426 2
0.989178 1 1
0.903743 0.00250892 9
0.929442 0.0658763 5
0.913514 0.0128075 7
0.960901 0.351313 3
0.925611 0.032337 6
0.893303 0.000210878 12
0.91413 0.0129753 7
0.92889 0.0652168 5
0.915503 0.0133664 7
0.871089 2.04332e-07 20
0.865758 3.32634e-08 22
0.893537 0.000447485 11
0.925828 0.0618344 5
0.887665 8.41776e-05 13
0.901075 0.00113978 10
0.938884 0.142949 4
0.955195 0.319791 3
0.911867 0.012381 7
0.919866 0.0287102 6
0.968069 0.600688 2
0.877705 2.78666e-06 17
0.965066 0.584019 2
0.946092 0.162601 4
0.971772 0.624327 2
0.88374 0.00370157 8
0.879076 0.00157144 9
0.908825 0.0491331 5
0.938301 0.497898 2
0.903029 0.0463342 5
0.917268 0.109646 4
0.945548 0.513367 2
0.967748 1 1
0.922447 0.231251 3
0.934879 0.25272 3
0.985065 1 1
0.887545 0.00850338 7
0.971436 1 1
0.956884 0.547713 2
0.980495 1 1
0.965184 0.584636 2
0.884409 7.67311e-05 13
0.990518 1 1
0.902966 0.00246229 9
0.919022 0.0282518 6
0.935508 0.135654 4
0.932891 0.130671 4
0.907506 0.00558944 8
0.958348 0.336258 3
0.918881 0.0281764 6
0.916437 0.0269478 6
0.946892 0.285597 3
0.89573 0.000995811 10
0.900871 0.00234456 9
0.901411 0.00237386 9
0.951381 0.529177 2
0.889513 0.00186264 9
0.963038 0.573868 2
0.886067 0.000808118 10
0.919615 0.0561815 5
0.928816 0.123902 4
0.893953 0.00430981 8
0.881716 0.00033992 11
0.919672 0.0562274 5
0.903864 0.0106899 7
0.885723 0.000802698 10
0.921402 0.11406 4
0.868354 1.03303e-05 15
0.877885 0.000142644 12
0.872324 2.55182e-05 14
0.927738 0.0339424 6
0.896664 0.000486894 11
0.958699 0.338232 3
0.934925 0.0733879 5
0.930052 0.0666245 5
0.948916 0.292876 3
0.951302 0.302281 3
0.946 0.162309 4
0.953786 0.313122 3
0.946911 0.165256 4
0.956327 0.32545 3
0.922235 0.0300921 6
0.934588 0.0728706 5
0.937807 0.140507 4
0.94068 0.147282 4
0.944815 0.511612 2
0.906268 0.0478314 5
0.978901 1 1
0.910344 0.103532 4
0.940065 0.501306 2
0.952696 0.533251 2
0.909652 0.102993 4
0.90609 0.0477448 5
0.930443 0.243947 3
0.928474 0.240485 3
0.909253 0.102688 4
0.920279 0.228358 3
0.892177 0.0194574 6
0.902306 0.0460209 5
0.895934 0.0202439 6
0.890658 9.21522e-05 13
0.905359 0.00261152 9
0.922777 0.0304298 6
0.963468 0.36823 3
0.930101 0.0666848 5
0.943723 0.155443 4
0.933121 0.0707088 5
0.985344 0.75054 2
0.920571 0.029106 6
0.963081 0.365557 3
0.985344 0.75054 2
0.88725 3.887e-05 14
0.972233 0.627532 2
0.975476 0.651934 2
0.975994 0.656149 2
0.93598 0.0750594 5
0.876866 5.65143e-07 19
0.936677 0.0762093 5
0.864542 2.79857e-09 25
0.902206 0.00117524 10
0.907734 0.00277746 9
0.870655 4.08853e-08 22
0.858234 3.48551e-11 30
0.897327 0.000496043 11
0.882047 3.26566e-06 17
0.861417 4.75788e-10 27
0.905801 0.00264102 9
0.844974 7.73587e-12 0
0.855097 1.29332e-11 0
0.848574 9.22536e-12 0
0.881807 0.0036077 8
0.96882 1 1
0.917084 0.109465 4
0.930447 0.243954 3
0.979406 1 1
0.961896 0.568508 2
0.868697 0.000266773 11
0.907447 0.101351 4
0.877604 0.00153789 9
0.944084 0.509909 2
0.897799 0.044217 5
0.860325 4.4469e-05 13
0.893082 0.0196388 6
0.911267 0.104269 4
0.891786 0.0193805 6
0.877832 2.79918e-06 17
0.898905 0.00107696 10
0.908547 0.00572226 8
0.961296 0.3538 3
0.919624 0.0285769 6
0.931174 0.0680526 5
0.926939 0.0630103 5
0.991872 1 1
0.910094 0.00593163 8
0.954081 0.314486 3
0.984997 0.746327 2
0.876334 1.21168e-06 18
0.987651 1 1
0.981154 0.703586 2
0.989924 1 1
0.929955 0.125683 4
0.905748 0.0110388 7
0.950468 0.298889 3
0.891858 0.00194469 9
0.932533 0.13003 4
0.936972 0.257394 3
0.881655 0.000339494 11
0.882419 0.000344938 11
0.903912 0.0106986 7
0.909859 0.0242044 6
0.883009 0.000349258 11
0.901257 0.0102482 7
0.868248 4.59173e-06 16
0.880418 0.000150965 12
0.870979 1.10608e-05 15
0.939575 0.500339 2
0.879598 0.00350684 8
0.941757 0.504778 2
0.868755 0.000267031 11
0.905843 0.0476255 5
0.911975 0.104849 4
0.87518 0.00148581 9
0.862761 4.66029e-05 13
0.901753 0.0457863 5
0.886337 0.00838392 7
0.866083 0.000112709 12
0.909193 0.102642 4
0.849472 5.3439e-07 18
0.859506 1.9116e-05 14
0.853138 3.14137e-06 16
0.861977 4.89179e-10 27
0.983734 0.731502 2
0.898857 0.000518327 11
0.949457 0.174166 4
0.968802 0.605087 2
0.952573 0.307686 3
0.865575 6.57673e-09 24
0.920997 0.0152076 7
0.867401 1.59458e-08 23
0.954292 0.315471 3
0.90633 0.00267711 9
0.844801 7.67192e-12 0
0.908508 0.00283576 9
0.928219 0.034329 6
0.904825 0.0025768 9
0.865788 3.76458e-07 19
0.913363 0.0255733 6
0.899368 0.00473719 8
0.977392 0.667998 2
0.927535 0.121993 4
0.93423 0.133151 4
0.906658 0.0112173 7
0.983226 1 1
0.893028 0.000935349 10
0.961802 0.56808 2
0.963105 0.57419 2
0.860895 6.23306e-08 21
0.977426 0.668297 2
0.994412 1 1
0.970812 0.617847 2
0.934886 0.252734 3
0.873013 0.000287518 11
0.933259 0.249347 3
0.86054 3.74943e-06 16
0.898025 0.0207234 6
0.903503 0.0221511 6
0.86807 5.18808e-05 13
0.854448 6.09215e-07 18
0.895078 0.00935941 7
0.877962 0.000697302 10
0.857828 1.53091e-06 17
0.904928 0.0471928 5
0.841296 1.08984e-09 25
0.85124 1.04296e-07 20
0.844957 6.79508e-09 23
0.937312 0.139422 4
0.892255 0.000204553 12
0.948901 0.292822 3
0.880711 6.73866e-06 16
0.919091 0.0282885 6
0.924847 0.0317982 6
0.880166 6.61467e-06 16
0.873393 4.93637e-07 19
0.904953 0.00258502 9
0.898546 0.00106716 10
0.875629 1.18063e-06 18
0.907318 0.00556616 8
0.859681 9.90411e-10 26
0.870607 2.00546e-07 20
0.862986 5.86281e-09 24
0.941989 0.150659 4
0.87306 2.38184e-06 17
0.93924 0.14378 4
0.86359 3.05036e-08 22
0.899506 0.00227366 9
0.906202 0.00543173 8
0.874326 2.48294e-06 17
0.858576 2.14003e-09 25
0.901749 0.00239257 9
0.881036 3.2175e-05 14
0.862612 1.30088e-08 23
0.911756 0.0123535 7
0.845551 7.95378e-12 0
0.854981 3.50896e-10 27
0.849461 9.64451e-12 0
0.94243 0.151842 4
0.904897 0.00528275 8
0.969026 0.606456 2
0.901944 0.00240348 9
0.936457 0.1376 4
0.945973 0.282487 3
0.899035 0.00108052 10
0.895809 0.000997673 10
0.921179 0.0294579 6
0.920147 0.0288661 6
0.898177 0.00105726 10
0.915249 0.0132921 7
0.881821 3.29139e-05 14
0.892634 0.000437151 11
0.885258 7.8563e-05 13
0.92835 0.0645874 5
0.834139 4.7157e-12 0
0.920668 0.0291614 6
0.873742 1.10305e-06 18
0.86595 3.3523e-08 22
0.883614 3.47068e-05 14
0.968417 0.602761 2
0.893681 0.000449173 11
0.968714 0.604553 2
0.881669 1.50935e-05 15
0.911658 0.0123293 7
0.952409 0.30697 3
0.89054 0.000194866 12
0.883373 3.4457e-05 14
0.898839 0.00107513 10
0.872949 9.97488e-08 21
0.931718 0.0687718 5
0.909032 0.00287661 9
0.99712 1 1
0.946839 0.16502 4
0.951579 0.303434 3
0.902268 0.00117723 10
0.971879 0.625064 2
0.894261 0.000103517 13
0.980199 0.694007 2
0.953891 0.313605 3
0.864163 1.22517e-09 26
0.959237 0.341313 3
0.979994 0.692003 2
0.955135 0.319501 3
0.941407 0.26864 3
0.850771 3.58808e-09 24
0.939461 0.263464 3
0.888205 0.000843414 10
0.8835 0.000352937 11
0.901482 0.0102846 7
0.97383 0.639134 2
0.905911 0.0110704 7
0.988269 1 1
0.897727 0.00459792 8
0.922894 0.115823 4
0.958124 0.552479 2
0.900519 0.0101311 7
0.895905 0.00445353 8
0.908603 0.0237583 6
0.88383 7.55226e-05 13
0.94736 0.287229 3
0.921819 0.0580223 5
0.977712 0.670812 2
0.969177 0.607385 2
0.972381 0.628581 2
0.899118 0.00225426 9
0.954496 0.316432 3
0.897711 0.00218662 9
0.992119 1 1
0.941598 0.269171 3
0.870789 2.21539e-06 17
0.939724 0.144933 4
0.958931 0.555708 2
0.937743 0.140364 4
0.931292 0.245516 3
0.894931 0.00934056 7
0.961716 0.567687 2
0.931628 0.246152 3
0.928671 0.24082 3
0.947596 0.518528 2
0.952046 0.531211 2
0.942374 0.506098 2
0.956731 0.547145 2
0.944022 0.509768 2
0.952951 0.534066 2
0.925611 0.235862 3
0.931103 0.245163 3
0.934216 0.251315 3
0.937277 0.258107 3
0.927968 0.122627 4
0.898711 0.00468034 8
0.960053 0.560371 2
0.935875 0.136396 4
0.932324 0.12966 4
0.951264 0.302125 3
0.948875 0.292723 3
0.945779 0.281848 3
0.9523 0.306499 3
0.948422 0.291043 3
0.955229 0.541714 2
0.921468 0.0577182 5
0.933932 0.132588 4
0.937933 0.259669 3
0.939771 0.264264 3
0.909554 0.0495258 5
0.848715 2.25207e-07 19
0.917537 0.109914 4
0.896983 0.0204806 6
0.878606 0.00156056 9
0.896059 0.0202718 6
0.989212 1 1
0.921113 0.113729 4
0.956642 0.546811 2
0.901261 0.0455805 5
0.940483 0.502144 2
0.92487 0.234737 3
0.920539 0.113083 4
0.910199 0.103418 4
0.929198 0.24173 3
0.891555 0.000905277 10
0.941569 0.26909 3
0.929744 0.125346 4
0.973367 0.635692 2
0.968674 0.604305 2
0.977584 0.669675 2
0.906182 0.011123 7
0.956051 0.324044 3
0.905681 0.00537123 8
0.993024 1 1
0.945753 0.281761 3
0.87865 3.00899e-05 14
0.940546 0.146948 4
0.95826 0.553016 2
0.939795 0.145106 4
0.955347 0.320535 3
0.896542 0.00101545 10
0.99197 1 1
0.907628 0.00560466 8
0.931001 0.0678274 5
0.945885 0.282196 3
0.920096 0.0288378 6
0.907357 0.00557093 8
0.942783 0.152804 4
0.924971 0.0609644 5
0.913104 0.0126985 7
0.932387 0.0696801 5
0.89424 0.000455836 11
0.90224 0.00242022 9
0.898881 0.00107629 10
0.938216 0.260355 3
0.881366 0.000154306 12
0.959827 0.559416 2
0.918568 0.0553629 5
0.914908 0.0262422 6
0.933581 0.131931 4
0.963872 0.577939 2
0.932535 0.130033 4
0.97122 0.620566 2
0.929824 0.125474 4
0.946408 0.283945 3
0.937564 0.258786 3
0.923413 0.0594621 5
0.923383 0.0594344 5
0.930575 0.126687 4
0.920953 0.229236 3
0.89524 0.0200917 6
0.950613 0.526888 2
0.938258 0.497817 2
0.927391 0.238682 3
0.945787 0.513948 2
0.953985 0.537453 2
0.952423 0.532387 2
0.950829 0.527525 2
0.948168 0.520039 2
0.96419 0.579531 2
0.917572 0.10995 4
0.941787 0.504843 2
0.943453 0.508476 2
0.948257 0.52028 2
0.914168 0.0522658 5
0.932203 0.247256 3
0.946652 0.284776 3
0.915574 0.0531988 5
0.960451 0.562078 2
0.961554 0.566953 2
0.884906 0.000790147 10
0.901708 0.0103214 7
0.901016 0.0102096 7
0.933573 0.249986 3
0.89866 0.00985001 7
0.889338 0.00185683 9
0.886852 0.00177796 9
0.901461 0.0102812 7
0.888297 0.00182292 9
0.96956 1 1
0.865019 4.8734e-05 13
0.966279 0.590507 2
0.890999 0.00887004 7
0.899062 0.0209737 6
0.916321 0.108724 4
0.947245 0.517616 2
0.901381 0.0456301 5
0.978787 1 1
0.90459 0.047036 5
0.91428 0.106834 4
0.967374 1 1
0.89208 0.00899339 7
0.893067 0.00910982 7
0.898991 0.0209563 6
0.942253 0.151366 4
0.835332 4.96926e-12 0
0.928251 0.0343549 6
0.870104 1.80049e-08 23
0.867866 7.30739e-09 24
0.885352 7.95173e-06 16
0.957558 0.331923 3
0.887373 1.82858e-05 15
0.973596 0.637386 2
0.879908 1.38885e-06 18
0.904236 0.00124405 10
0.968501 0.603262 2
0.882482 3.32026e-06 17
0.877527 5.80392e-07 19
0.890506 4.33173e-05 14
0.898729 0.00024962 12
0.945914 0.162038 4
0.931534 0.0372454 6
0.917686 0.00721762 8
0.967277 0.397065 3
0.959967 0.345611 3
0.873969 1.04231e-07 21
0.899621 0.000257102 12
0.88768 1.84867e-05 15
0.934307 0.0724455 5
0.893767 0.000101828 13
0.874607 1.0718e-07 21
0.88482 7.79681e-06 16
0.901121 0.000554642 11
0.885116 7.8824e-06 16
0.881844 7.00746e-06 16
0.963634 0.369387 3
0.919897 0.0147995 7
0.960863 0.351077 3
0.985229 0.749144 2
0.975326 0.650728 2
0.886243 3.76394e-05 14
0.936095 0.0752475 5
0.888877 8.72644e-05 13
0.97353 0.636895 2
0.924042 0.0312502 6
0.865335 6.50568e-09 24
0.921694 0.0297634 6
0.940845 0.147698 4
0.919672 0.0147188 7
0.925245 0.235302 3
0.880057 0.00352725 8
0.946964 0.516892 2
0.923799 0.233161 3
0.912069 0.104927 4
0.930406 0.243879 3
0.970297 1 1
0.941897 0.505076 2
0.96345 1 1
0.932263 0.247372 3
0.958014 0.552047 2
0.927626 0.239067 3
0.934463 0.491151 2
0.931795 0.246471 3
0.942221 0.505767 2
0.983704 1 1
0.869663 2.1393e-06 17
0.974093 0.641119 2
0.885996 0.000172703 12
0.903319 0.00511374 8
0.918734 0.0280991 6
0.926822 0.0628833 5
0.891437 0.000902934 10
0.957177 0.54882 2
0.901588 0.00494104 8
0.901518 0.00493434 8
0.960017 0.560218 2
0.880491 6.91389e-05 13
0.884492 0.000166315 12
0.88652 0.000175028 12
0.909189 0.102639 4
0.922871 0.231841 3
0.946817 0.516517 2
0.958649 0.554566 2
0.955298 0.541956 2
0.973095 1 1
0.925429 0.235583 3
0.956835 0.547532 2
0.92636 0.237027 3
0.974464 1 1
0.955243 0.541761 2
0.898087 0.0443251 5
0.941516 0.504272 2
0.953342 0.53533 2
0.944027 0.509779 2
0.935655 0.135949 4
0.872668 5.21375e-06 16
0.933683 0.132121 4
0.860551 6.15715e-08 21
0.897833 0.00219232 9
0.903457 0.00512812 8
0.868601 9.26126e-07 18
0.854609 1.81119e-09 25
0.89569 0.00209636 9
0.877971 2.95362e-05 14
0.858087 1.08659e-08 23
0.90569 0.0110277 7
0.841482 6.56105e-12 0
0.851347 2.9864e-10 27
0.845179 7.81237e-12 0
0.929342 0.0352646 6
0.90579 0.00130166 10
0.949708 0.175103 4
0.89147 9.45293e-05 13
0.93235 0.0696288 5
0.936587 0.0760585 5
0.880953 3.13413e-06 17
0.881902 3.24775e-06 17
0.903194 0.00120785 10
0.909453 0.00291016 9
0.882419 3.31221e-06 17
0.90062 0.000546239 11
0.867726 7.25968e-09 24
0.879949 1.3911e-06 18
0.870428 4.04817e-08 22
0.948359 0.520551 2
0.90322 0.0464183 5
0.985934 1 1
0.912259 0.105086 4
0.937805 0.25936 3
0.952277 0.53193 2
0.916758 0.109146 4
0.910109 0.0498319 5
0.9375 0.258634 3
0.930042 0.243222 3
0.914459 0.106994 4
0.925532 0.23574 3
0.896493 0.0203691 6
0.905634 0.0475253 5
0.900672 0.0213797 6
0.962447 0.571065 2
0.875123 6.06303e-05 13
0.958658 0.554604 2
0.87504 6.05128e-05 13
0.905397 0.0227128 6
0.915746 0.0533163 5
0.894649 0.00435983 8
0.873318 5.81631e-05 13
0.922945 0.115885 4
0.892336 0.00419839 8
0.879247 0.00032333 11
0.931313 0.127915 4
0.860716 7.26309e-07 18
0.868595 1.0394e-05 15
0.865333 4.24206e-06 16
0.922414 0.0585493 5
0.887872 0.000837714 10
0.948487 0.291286 3
0.931855 0.128841 4
0.919823 0.0563479 5
0.938152 0.2602 3
0.961905 0.568553 2
0.948557 0.291541 3
0.956486 0.546236 2
0.940738 0.266817 3
0.963 0.573684 2
0.921821 0.0580246 5
0.939639 0.263923 3
0.938841 0.261898 3
0.946878 0.285549 3
0.956711 0.327433 3
0.861325 9.31056e-11 29
0.956548 0.326587 3
0.893108 9.96413e-05 13
0.895025 0.000106215 13
0.912909 0.00635422 8
0.960674 0.349908 3
0.906812 0.00134211 10
0.992923 1 1
0.90501 0.00127215 10
0.921581 0.015433 7
0.964221 0.373553 3
0.898932 0.000251291 12
0.897664 0.00024113 12
0.906397 0.00132541 10
0.965105 0.584223 2
0.86069 2.72786e-08 22
0.95986 0.559553 2
0.889111 0.000400657 11
0.894536 0.000968193 10
0.91202 0.0124195 7
0.952352 0.306727 3
0.901149 0.00489923 8
0.984981 1 1
0.901909 0.00497212 8
0.91506 0.0263102 6
0.969914 0.61201 2
0.892644 0.000927329 10
0.89241 0.000922492 10
0.899857 0.00229149 9
0.95826 0.335769 3
0.880756 1.43638e-06 18
0.960889 0.351241 3
0.87934 6.25393e-07 19
0.910955 0.00303572 9
0.920874 0.015161 7
0.894417 0.000104056 13
0.8766 2.55803e-07 20
0.921781 0.015512 7
0.896846 0.000234928 12
0.881794 1.49778e-06 18
0.92744 0.0337081 6
0.863688 2.37636e-10 28
0.872216 4.38123e-08 22
0.868059 3.31455e-09 25
0.979976 0.691824 2
0.852271 1.11362e-11 0
0.954763 0.317707 3
0.874994 2.39084e-07 20
0.885691 1.72435e-05 15
0.902012 0.00116901 10
0.935679 0.0745738 5
0.88498 7.8428e-06 16
0.967878 0.599565 2
0.888756 4.08328e-05 14
0.897984 0.000505406 11
0.982477 0.717522 2
0.876077 5.47642e-07 19
0.876777 5.63116e-07 19
0.883008 7.3011e-06 16
0.963901 0.578085 2
0.888652 0.00183432 9
0.988178 1 1
0.898935 0.00989038 7
0.922468 0.115309 4
0.936778 0.256944 3
0.918437 0.0552625 5
0.899586 0.00998757 7
0.943972 0.276106 3
0.916011 0.0534993 5
0.906294 0.0229926 6
0.938587 0.261265 3
0.886927 0.00178024 9
0.894133 0.00432264 8
0.891871 0.00416756 8
18 0 6 8 10 11 13 14 17 18 19 20 32 35 40 41 43 47 49 
30 0 2 5 6 8 10 11 13 14 17 18 19 20 23 25 26 29 30 32 33 35 38 40 41 42 43 45 46 47 49 
24 0 2 6 8 10 11 13 14 15 17 18 19 20 24 29 32 35 36 40 41 42 43 47 49 
45 0 1 2 5 6 7 8 9 10 11 13 14 15 17 18 19 20 21 23 24 25 26 27 28 29 30 31 32 33 34 35 36 37 38 39 40 41 42 43 44 45 46 47 48 49 
20 0 6 8 10 11 13 14 17 18 19 20 29 32 35 40 41 42 43 47 49 
20 0 2 6 8 10 11 13 14 15 17 18 19 20 32 35 36 40 41 43 47 
43 0 1 2 5 6 7 8 10 11 13 14 15 17 18 19 20 21 23 24 25 26 28 29 30 31 32 33 34 35 36 37 38 39 40 41 42 43 44 45 46 47 48 49 
46 0 1 2 4 5 6 7 8 9 10 11 13 14 15 17 18 19 20 21 23 24 25 26 27 28 29 30 31 32 33 34 35 36 37 38 39 40 41 42 43 44 45 46 47 48 49 
41 0 2 5 6 7 8 9 10 11 13 14 15 16 17 18 19 20 22 24 25 26 28 29 30 31 32 33 35 36 38 39 40 41 42 43 44 45 46 47 48 49 
29 0 2 5 6 8 10 11 13 14 15 17 18 19 20 24 28 29 32 33 35 36 38 40 41 42 43 47 48 49 
46 0 1 2 5 6 7 8 9 10 11 13 14 15 17 18 19 20 21 22 23 24 25 26 27 28 29 30 31 32 33 34 35 36 37 38 39 40 41 42 43 44 45 46 47 48 49 
38 0 2 5 6 7 8 9 10 11 13 14 16 17 18 19 20 22 24 25 26 28 29 30 31 32 33 35 36 38 39 40 41 42 43 46 47 48 49 
47 0 1 2 3 4 5 6 7 8 9 11 12 13 14 15 16 17 18 20 21 22 23 24 25 26 27 28 29 30 31 32 33 34 35 36 37 38 39 41 42 43 44 45 46 47 48 49 
45 0 1 2 5 6 7 8 9 11 13 14 15 17 18 19 20 21 22 23 24 25 26 27 28 29 30 31 32 33 34 35 36 37 38 39 40 41 42 43 44 45 46 47 48 49 
45 0 1 2 4 5 6 7 8 9 11 12 13 14 15 17 18 20 21 22 23 24 25 26 27 28 29 30 31 32 33 34 35 36 37 38 39 41 42 43 44 45 46 47 48 49 
