50 15 8e+06
2.49079 152845
2.4578 138198
1.76655 134979
1.50403 168697
1.82317 199382
2.5715 113723
1.3113 143091
2.45199 162571
1.11434 171827
1.67141 182031
2.3026 128209
1.93975 128137
2.30529 176881
1.316 142315
2.32752 157310
1.5378 113859
1.5542 153205
1.26804 128934
1.51437 141227
1.0647 159868
1.9698 146231
1.17709 158712
1.29077 149694
2.42655 143828
1.29367 126991
1.51154 161104
1.69554 146436
1.86253 155529
2.17956 173150
2.63286 185354
1.67758 136161
1.25697 145180
1.08395 181171
2.29256 118504
2.05196 126574
1.74754 161275
1.70073 101437
1.17206 192797
2.88223 139205
1.33224 101820
1.8722 153648
1.29806 135682
1.63633 184781
2.32656 103890
2.04889 180416
2.87815 156506
2.38368 170563
1.40925 103962
1.85233 190145
2.13638 135987
0.910466 0.0120421 7
0.942269 0.271065 3
0.90287 0.00506775 8
0.91682 0.027132 6
0.957254 0.549111 2
0.920774 0.0571289 5
0.881967 7.18437e-05 13
0.892068 0.00091553 10
0.894766 0.00205759 9
0.935118 0.134877 4
0.954725 0.317525 3
0.888743 0.00039717 11
0.944971 0.279226 3
0.913455 0.0256122 6
0.922372 0.0585117 5
0.917777 0.225257 3
0.970422 1 1
0.90737 0.101296 4
0.905858 0.100234 4
0.95675 0.547216 2
0.958033 0.552119 2
0.891989 0.0194204 6
0.898044 0.0443091 5
0.912265 0.105091 4
0.958441 0.553734 2
0.926403 0.237094 3
0.93175 0.246384 3
0.987991 1 1
0.967384 1 1
0.974831 1 1
0.930691 0.244401 3
0.939585 0.500358 2
0.925602 0.235847 3
0.945671 0.513666 2
0.961233 1 1
0.921192 0.229551 3
0.903567 0.0987106 4
0.91502 0.107504 4
0.911335 0.104324 4
0.93888 0.498994 2
0.985376 1 1
0.889853 0.019013 6
0.932803 0.488488 2
0.895174 0.0432704 5
0.912706 0.105463 4
0.971739 1 1
0.934217 0.251318 3
0.973591 1 1
0.997442 1 1
0.946476 0.515656 2
0.929461 0.242189 3
0.952218 0.531746 2
0.964734 0.582298 2
0.951092 0.528308 2
0.943321 0.508181 2
0.959459 0.557874 2
0.907773 0.0485837 5
0.918622 0.111021 4
0.882604 0.00364571 8
0.908796 0.0491175 5
0.899995 0.00229852 9
0.940145 0.145957 4
0.890227 0.000411596 11
0.879604 1.41486e-05 15
0.919702 0.0286196 6
0.948109 0.289902 3
0.882192 3.32725e-05 14
0.88395 7.57696e-05 13
0.904159 0.00520234 8
0.93423 0.133151 4
0.889188 0.000187774 12
0.948408 0.290994 3
0.948858 0.292659 3
0.977262 0.666863 2
0.969118 0.607018 2
0.927841 0.0640068 5
0.944353 0.157274 4
0.919489 0.0146535 7
0.901555 0.00115459 10
0.924555 0.0315967 6
0.965346 0.585486 2
0.916979 0.0138154 7
0.915864 0.0134734 7
0.938897 0.14298 4
0.947192 0.16619 4
0.897635 0.000500398 11
0.992032 1 1
0.94007 0.145772 4
0.939462 0.144308 4
0.960017 0.345913 3
0.925913 0.11971 4
0.91553 0.0531687 5
0.922115 0.11489 4
0.897747 0.00971884 7
0.900669 0.021379 6
0.936512 0.256335 3
0.930885 0.244758 3
0.92406 0.117271 4
0.945434 0.51309 2
0.923084 0.116055 4
0.880892 0.00073369 10
0.965165 0.584533 2
0.906345 0.0230086 6
0.900599 0.021361 6
0.922128 0.114905 4
0.945379 0.160368 4
0.98706 1 1
0.934613 0.0729085 5
0.927021 0.0630998 5
0.965465 0.586115 2
0.98894 1 1
0.920925 0.0293095 6
0.926013 0.0326283 6
0.942524 0.152098 4
0.984929 0.745513 2
0.934879 0.0733166 5
0.955263 0.320125 3
0.977291 0.667114 2
0.948646 0.29187 3
0.977945 0.672883 2
0.936112 0.136882 4
0.935145 0.134929 4
0.929754 0.0662557 5
0.907779 0.00562367 8
0.918652 0.028056 6
0.956863 0.328225 3
0.93224 0.129511 4
0.928639 0.064923 5
0.952217 0.306142 3
0.941851 0.150294 4
0.896012 0.00100254 10
0.98549 1 1
0.926481 0.0625187 5
0.919325 0.0284143 6
0.942556 0.152185 4
0.905398 0.0227129 6
0.926972 0.121184 4
0.897306 0.00965706 7
0.879917 0.000327678 11
0.906383 0.0230208 6
0.945138 0.279762 3
0.895927 0.00445525 8
0.894106 0.00432069 8
0.91678 0.0540402 5
0.927206 0.121519 4
0.878388 0.000144228 12
0.969978 0.61242 2
0.927273 0.121615 4
0.940848 0.267113 3
0.949771 0.524459 2
0.936202 0.0754217 5
0.936677 0.0762093 5
0.929591 0.0354794 6
0.907973 0.00279527 9
0.919913 0.0148052 7
0.958477 0.33698 3
0.931455 0.0684222 5
0.92817 0.0342892 6
0.951799 0.304359 3
0.94317 0.153879 4
0.896886 0.000235223 12
0.987467 0.777731 2
0.928215 0.0343249 6
0.921211 0.0152893 7
0.944469 0.157617 4
0.88427 0.00170324 9
0.924696 0.118089 4
0.876012 0.000303769 11
0.887326 0.00179243 9
0.932228 0.247304 3
0.904714 0.0225055 6
0.85646 6.43661e-07 18
0.865568 2.17758e-05 14
0.871167 5.544e-05 13
0.914757 0.0526506 5
0.923361 0.116396 4
0.875441 0.000300547 11
0.934469 0.251848 3
0.916486 0.108883 4
0.914413 0.0524254 5
0.958899 0.555576 2
0.927659 0.122174 4
0.960842 0.563783 2
0.988649 1 1
0.942996 0.273175 3
0.920133 0.0565995 5
0.940734 0.266805 3
0.952981 0.309483 3
0.938398 0.2608 3
0.935301 0.13524 4
0.963759 0.577379 2
0.896769 0.00214357 9
0.913206 0.0255076 6
0.876262 2.82163e-05 14
0.901144 0.00489879 8
0.967698 0.598517 2
0.968761 0.604838 2
0.95719 0.329948 3
0.9429 0.153129 4
0.958146 0.335134 3
0.980404 0.69603 2
0.945334 0.280392 3
0.949654 0.295686 3
0.967625 0.598096 2
0.980253 0.694538 2
0.936495 0.137679 4
0.958693 0.338194 3
0.953145 0.310213 3
0.925559 0.0615577 5
0.955103 0.319343 3
0.932696 0.248222 3
0.970318 0.614608 2
0.923564 0.116648 4
0.931452 0.245819 3
0.98349 1 1
0.948254 0.520271 2
0.903433 0.0221312 6
0.912662 0.0513204 5
0.919008 0.111424 4
0.96297 0.573542 2
0.961202 0.565376 2
0.915134 0.0529018 5
0.96914 0.607156 2
0.930828 0.244653 3
0.946739 0.51632 2
0.905105 0.0472752 5
0.956199 0.545183 2
0.895106 0.0200628 6
0.897408 0.0205787 6
0.949844 0.524666 2
0.940484 0.502146 2
0.878352 0.00155474 9
0.885308 0.00378193 8
0.897344 0.0205638 6
0.944042 0.509813 2
0.923895 0.2333 3
0.914 0.106584 4
0.972388 1 1
0.95926 0.557052 2
0.956592 0.546626 2
0.950856 0.300452 3
0.948246 0.290401 3
0.943377 0.274305 3
0.922486 0.0586132 5
0.933205 0.131239 4
0.969221 0.607661 2
0.941997 0.270291 3
0.940584 0.266404 3
0.964421 0.580698 2
0.956482 0.54622 2
0.911186 0.0247004 6
0.979994 1 1
0.937125 0.257751 3
0.922447 0.0585785 5
0.949356 0.294543 3
0.943027 0.273266 3
0.904044 0.0107221 7
0.946652 0.284776 3
0.920635 0.057013 5
0.898273 0.00464323 8
0.918925 0.055638 5
0.967328 0.59638 2
0.955256 0.541809 2
0.961583 0.567086 2
0.915167 0.0529238 5
0.89047 0.00189522 9
0.929031 0.124231 4
0.88975 0.000870888 10
0.870556 1.09374e-05 15
0.896817 0.00452454 8
0.911607 0.0248632 6
0.941851 0.269879 3
0.904188 0.0107481 7
0.918689 0.0554551 5
0.957694 0.5508 2
0.920408 0.0568248 5
0.883149 0.000160958 12
0.89338 0.000942829 10
0.895561 0.00209085 9
0.935145 0.134929 4
0.956939 0.547922 2
0.888292 0.000392963 11
0.943765 0.275475 3
0.911568 0.0248481 6
0.921199 0.0574881 5
0.902959 0.0463034 5
0.94741 0.518043 2
0.893886 0.0198041 6
0.902049 0.0459114 5
0.952029 0.531158 2
0.927296 0.238526 3
0.874796 0.00147788 9
0.8834 0.00811051 7
0.891107 0.0192492 6
0.936713 0.495001 2
0.935184 0.492354 2
0.897372 0.0440582 5
0.957878 0.551512 2
0.935184 0.492355 2
0.936866 0.495273 2
0.966153 0.589815 2
0.913772 0.0520123 5
0.976842 1 1
0.958486 0.553912 2
0.917291 0.109669 4
0.919452 0.111896 4
0.985517 1 1
0.98744 1 1
0.964691 0.582074 2
0.9253 0.118884 4
0.920949 0.113543 4
0.91188 0.0508494 5
0.897488 0.00968246 7
0.86801 2.3019e-05 14
0.895702 0.00944041 7
0.920072 0.112568 4
0.968068 0.600685 2
0.909614 0.0495584 5
0.903018 0.0220135 6
0.948049 0.519723 2
0.967501 0.597377 2
0.897255 0.00965005 7
0.9015 0.0215974 6
0.918993 0.111409 4
0.9594 0.557632 2
0.916593 0.108986 4
0.947929 0.519403 2
0.978533 1 1
0.974768 1 1
0.992241 1 1
0.898286 0.000246024 12
0.938021 0.0785357 5
0.889911 4.24467e-05 14
0.901044 0.000553328 11
0.946929 0.165316 4
0.917226 0.00712525 8
0.87003 1.79442e-08 23
0.879302 6.2441e-07 19
0.884757 7.77878e-06 16
0.928462 0.0345267 6
0.936974 0.0767117 5
0.886681 1.78458e-05 15
0.946142 0.162761 4
0.922178 0.0156703 7
0.924604 0.0316303 6
0.909926 0.00294869 9
0.960559 0.349199 3
0.899535 0.000528773 11
0.895392 0.00022453 12
0.943873 0.155874 4
0.954947 0.318589 3
0.886134 1.75086e-05 15
0.890988 9.3105e-05 13
0.90727 0.00274352 9
0.949987 0.176154 4
0.913307 0.00641864 8
0.935204 0.0738224 5
0.976042 0.656547 2
0.98173 0.709558 2
0.978493 0.677837 2
0.921762 0.0298046 6
0.973662 0.63788 2
0.911244 0.00609743 8
0.90765 0.00277122 9
0.956353 0.325581 3
0.964937 0.378785 3
0.896839 0.000489279 11
0.902296 0.00117815 10
0.917751 0.0140625 7
0.962589 0.36222 3
0.925001 0.0319052 6
0.939559 0.144538 4
0.988868 1 1
0.969187 0.60745 2
0.982946 0.72265 2
0.947329 0.166651 4
0.964712 0.582185 2
0.939376 0.144102 4
0.950821 0.300311 3
0.986933 1 1
0.9463 0.163265 4
0.917704 0.0140474 7
0.928132 0.0643372 5
0.930213 0.0668249 5
0.964404 0.580612 2
0.979388 0.686169 2
0.913928 0.0129197 7
0.955076 0.319216 3
0.915508 0.0133679 7
0.936352 0.137381 4
0.926999 0.121223 4
0.909312 0.0240073 6
0.924847 0.118286 4
0.899425 0.00996323 7
0.896286 0.00951791 7
0.929422 0.124839 4
0.93686 0.257134 3
0.928487 0.123402 4
0.947684 0.518757 2
0.917907 0.0548628 5
0.87906 0.000322135 11
0.954553 0.539371 2
0.898816 0.00987281 7
0.890363 0.00407112 8
0.912932 0.0514862 5
0.994331 1 1
0.942045 0.150809 4
0.990327 1 1
0.966027 0.387068 3
0.943417 0.154572 4
0.947284 0.1665 4
0.973693 0.638109 2
0.982151 0.714018 2
0.982353 0.716183 2
0.954008 0.314145 3
0.938957 0.0802454 5
0.933625 0.071435 5
0.92529 0.0321082 6
0.894621 0.000104774 13
0.92307 0.0160384 7
0.93025 0.243597 3
0.93068 0.244379 3
0.924068 0.233551 3
0.902069 0.0459199 5
0.913664 0.106288 4
0.952405 0.532331 2
0.927286 0.23851 3
0.923253 0.232379 3
0.946593 0.51595 2
0.93678 0.256949 3
0.890627 0.00882867 7
0.984374 1 1
0.922965 0.231972 3
0.918607 0.111006 4
0.9402 0.501576 2
0.937399 0.139609 4
0.925585 0.0615841 5
0.933076 0.0706443 5
0.908816 0.00575752 8
0.911434 0.012274 7
0.946303 0.283593 3
0.940083 0.145805 4
0.934245 0.0723514 5
0.956659 0.327161 3
0.933859 0.0717783 5
0.892003 0.000203078 12
0.970603 0.61647 2
0.915216 0.0132827 7
0.905596 0.00262729 9
0.929396 0.0658205 5
0.991266 1 1
0.948308 0.290629 3
0.982454 1 1
0.961058 0.564736 2
0.947444 0.287524 3
0.954814 0.540269 2
0.968475 0.603109 2
0.974941 0.64768 2
0.984379 1 1
0.96049 0.562249 2
0.938915 0.262082 3
0.940583 0.266401 3
0.931573 0.128357 4
0.901576 0.0102999 7
0.930299 0.126236 4
0.964076 0.578959 2
0.926011 0.0620241 5
0.968018 0.600393 2
0.993302 1 1
0.939191 0.143666 4
0.920931 0.0572609 5
0.94905 0.293383 3
0.961234 0.565517 2
0.944564 0.27794 3
0.934785 0.134223 4
0.956091 0.54479 2
0.899843 0.00477925 8
0.910784 0.0245472 6
0.874759 1.22671e-05 15
0.900548 0.00484319 8
0.921168 0.113792 4
0.925005 0.118493 4
0.914944 0.052775 5
0.893336 0.00426651 8
0.907087 0.0232481 6
0.946513 0.284301 3
0.918414 0.0552447 5
0.914179 0.0522735 5
0.937254 0.258052 3
0.929993 0.125743 4
0.883141 0.000764283 10
0.980707 1 1
0.91895 0.0556574 5
0.919137 0.0558031 5
0.937855 0.259481 3
0.942271 0.151413 4
0.916165 0.0268189 6
0.941263 0.148764 4
0.915021 0.0262928 6
0.90588 0.00539415 8
0.934448 0.133568 4
0.954456 0.316242 3
0.945694 0.281568 3
0.963639 0.576786 2
0.926213 0.0622354 5
0.891604 0.000425873 11
0.951296 0.302256 3
0.903535 0.00513626 8
0.888995 0.000186798 12
0.914283 0.0259666 6
0.925582 0.235817 3
0.94539 0.512986 2
0.919041 0.226794 3
0.935842 0.493476 2
0.965791 1 1
0.925081 0.235054 3
0.897292 0.0440289 5
0.908176 0.101882 4
0.907734 0.101559 4
0.941986 0.505264 2
0.975384 1 1
0.892817 0.0195851 6
0.941714 0.504687 2
0.905116 0.0472806 5
0.92018 0.228231 3
0.882382 7.14088e-06 16
0.918988 0.0144781 7
0.874715 5.19243e-07 19
0.888131 3.99998e-05 14
0.929277 0.0656776 5
0.898506 0.000513062 11
0.85466 1.2633e-11 0
0.864246 6.19658e-09 24
0.86806 3.65808e-08 22
0.909955 0.0059122 8
0.925349 0.0321497 6
0.868561 3.7361e-08 22
0.926897 0.0332886 6
0.906233 0.0026704 9
0.906105 0.00266162 9
0.909399 0.0117973 7
0.960384 0.561788 2
0.899015 0.00224913 9
0.895326 0.000986303 10
0.944279 0.277052 3
0.95387 0.313507 3
0.885353 7.87737e-05 13
0.890363 0.000412973 11
0.906367 0.00545119 8
0.949563 0.295335 3
0.913891 0.0129096 7
0.933543 0.131862 4
0.976343 0.65904 2
0.980819 0.700189 2
0.976946 0.664142 2
0.940027 0.26493 3
0.944269 0.277019 3
0.934988 0.134619 4
0.954783 0.540162 2
0.965956 0.588745 2
0.927245 0.121574 4
0.912729 0.0253112 6
0.92429 0.0602952 5
0.920297 0.0567339 5
0.945221 0.280028 3
0.995342 1 1
0.896394 0.00212694 9
0.935277 0.135191 4
0.896769 0.0021436 9
0.916452 0.0269549 6
0.937028 0.138809 4
0.952272 0.306378 3
0.930388 0.0670445 5
0.946498 0.284249 3
0.974099 0.641164 2
0.933144 0.0707415 5
0.908391 0.00570193 8
0.919368 0.0284373 6
0.918781 0.0281235 6
0.950847 0.300417 3
0.984852 0.744582 2
0.901044 0.00235385 9
0.945357 0.160298 4
0.906928 0.00551838 8
0.925134 0.0611278 5
0.96002 0.345932 3
0.979767 0.689805 2
0.949141 0.173003 4
0.939189 0.0806792 5
0.965959 0.386539 3
0.987061 0.772349 2
0.9353 0.0739725 5
0.940582 0.147037 4
0.956809 0.327946 3
0.990199 1 1
0.93998 0.145553 4
0.956093 0.324258 3
0.964094 0.372643 3
0.934248 0.0723563 5
0.963738 0.370119 3
0.962677 1 1
0.922903 0.231886 3
0.964382 1 1
0.937254 0.49597 2
0.917772 0.225251 3
0.936505 0.494634 2
0.979084 1 1
0.970287 1 1
0.982477 1 1
0.934469 0.491162 2
0.909053 0.102536 4
0.940066 0.501308 2
0.907818 0.10162 4
0.885423 0.00829634 7
0.912998 0.105712 4
0.976675 1 1
0.936104 0.493931 2
0.97854 1 1
0.992606 1 1
0.946862 0.516633 2
0.932682 0.248195 3
0.956602 0.546664 2
0.969168 1 1
0.956051 0.544644 2
0.945796 0.51397 2
0.956705 0.547049 2
0.911904 0.10479 4
0.92013 0.228166 3
0.884674 0.00822629 7
0.911343 0.104331 4
0.911993 0.0509168 5
0.939611 0.263849 3
0.904931 0.0225708 6
0.920484 0.113022 4
0.956605 0.546677 2
0.918336 0.0551857 5
0.883703 0.000772341 10
0.894149 0.00432373 8
0.89539 0.00441458 8
0.933582 0.250003 3
0.959295 0.557198 2
0.886198 0.000810191 10
0.940508 0.266201 3
0.907691 0.0234476 6
0.918065 0.054981 5
0.950865 0.300489 3
0.992625 1 1
0.940271 0.265571 3
0.93878 0.142709 4
0.983199 1 1
0.973886 0.639554 2
0.922606 0.0587211 5
0.930093 0.125904 4
0.941477 0.268834 3
0.989834 1 1
0.951911 0.304836 3
0.93982 0.26439 3
0.976087 0.656919 2
0.937675 0.140216 4
0.963104 0.574182 2
0.961038 0.564644 2
0.975739 1 1
0.951317 0.528983 2
0.954315 0.538564 2
0.986743 1 1
0.962215 0.569983 2
0.930934 0.244849 3
0.940227 0.265454 3
0.946336 0.515307 2
0.9808 1 1
0.965771 0.58775 2
0.930468 0.243993 3
0.960468 0.56215 2
0.921796 0.114516 4
0.947007 0.517002 2
0.890829 0.00190777 9
0.937455 0.258527 3
0.880766 0.00033335 11
0.87405 5.91421e-05 13
0.919734 0.1122 4
0.937983 0.25979 3
0.870064 2.41561e-05 14
0.873333 5.81835e-05 13
0.891557 0.00414709 8
0.928541 0.123484 4
0.889746 0.00187046 9
0.929787 0.125414 4
0.951093 0.528311 2
0.992251 1 1
0.962778 0.572624 2
0.946634 0.516054 2
0.943733 0.509109 2
0.942283 0.271104 3
0.963069 0.574015 2
0.964548 0.581342 2
0.928602 0.240703 3
0.919907 0.112388 4
0.931691 0.246271 3
0.926289 0.236915 3
0.946516 0.515756 2
0.995569 1 1
0.898791 0.0209073 6
0.932895 0.248618 3
0.89421 0.00924959 7
0.915548 0.107992 4
0.941584 0.504414 2
0.955108 0.541291 2
0.934798 0.252546 3
0.950228 0.525768 2
0.977178 1 1
0.936608 0.256554 3
0.912736 0.105487 4
0.9237 0.233018 3
0.923275 0.116289 4
0.954555 0.539378 2
0.986566 1 1
0.904635 0.0470565 5
0.946892 0.516708 2
0.907982 0.0486911 5
0.92737 0.238648 3
0.915259 0.0132952 7
0.961996 0.56897 2
0.904904 0.00528358 8
0.897618 0.00104262 10
0.942026 0.150759 4
0.963351 0.575379 2
0.893335 0.000445138 11
0.897116 0.00102976 10
0.915204 0.0132791 7
0.953782 0.3131 3
0.910775 0.012115 7
0.947811 0.288828 3
0.97264 0.630415 2
0.979813 0.690251 2
0.989015 1 1
0.91375 0.00649183 8
0.949869 0.296521 3
0.904027 0.00252641 9
0.891835 0.000202104 12
0.928483 0.0647412 5
0.961919 0.357797 3
0.896553 0.000485388 11
0.898027 0.000506026 11
0.918863 0.014435 7
0.946065 0.162516 4
0.898113 0.000507287 11
0.963112 0.365771 3
0.954443 0.316182 3
0.967694 0.598496 2
0.977695 0.670659 2
41 0 1 2 4 5 6 7 8 9 10 11 13 14 15 16 18 19 21 22 23 24 25 26 28 29 30 32 33 34 35 36 38 39 40 42 43 44 45 47 48 49 
25 1 4 5 6 7 8 9 10 13 15 16 17 21 23 24 26 28 29 32 33 36 39 45 48 49 
36 1 4 5 6 7 8 9 10 11 13 14 15 16 17 19 21 22 23 24 25 26 27 28 29 30 32 33 35 36 39 40 43 44 45 48 49 
36 1 3 4 5 6 7 8 9 10 13 14 15 16 17 19 20 21 23 24 25 26 27 28 29 30 32 33 36 39 40 41 43 44 45 48 49 
31 1 4 5 6 7 8 9 10 13 15 16 17 19 21 23 24 26 27 28 29 30 32 33 36 39 40 43 44 45 48 49 
18 4 5 6 8 9 10 16 17 21 26 28 29 32 33 40 45 48 49 
44 0 1 2 4 5 6 7 8 9 10 11 13 14 15 16 17 18 19 21 22 23 24 25 26 27 28 29 30 32 33 34 36 37 38 39 40 42 43 44 45 46 47 48 49 
31 1 4 5 6 7 8 9 10 13 15 16 17 19 21 23 24 26 27 28 29 30 32 33 36 39 40 43 44 45 48 49 
26 1 4 5 6 7 8 9 10 13 15 16 17 21 23 24 26 28 29 32 33 36 39 40 45 48 49 
26 1 4 5 6 7 8 9 10 13 15 16 17 21 23 24 26 28 29 32 33 36 39 40 45 48 49 
44 0 1 3 4 5 6 7 8 9 10 11 12 13 14 15 16 17 18 19 20 21 22 23 24 25 26 27 28 29 30 31 32 33 36 38 39 40 41 43 44 45 47 48 49 
9 5 6 8 9 10 26 28 29 32 
26 1 4 5 6 7 8 9 10 13 16 17 21 23 24 26 28 29 30 32 33 36 39 40 45 48 49 
13 4 5 6 8 9 10 26 28 29 32 33 45 49 
15 4 5 6 8 9 10 16 26 28 29 32 33 45 48 49 
