70 15 8e+06
2.24316 115260
1.58734 134468
2.63729 120943
1.13238 140093
1.72315 189790
1.72877 123996
1.13639 173284
1.83048 125413
1.7246 101305
1.36195 118004
2.90171 147482
1.47424 170757
1.83475 112627
2.7037 102591
1.06467 173879
1.48269 179507
2.40398 158552
2.18213 199960
1.92653 125596
2.18922 188765
2.83876 138149
2.41854 131303
2.24988 174787
2.75288 128276
1.15239 143894
1.10993 186696
2.63565 188962
2.53481 113256
1.18228 150550
1.31304 180274
1.84562 112185
1.84075 171139
1.17742 185127
1.45257 107904
1.04043 106902
1.11479 156103
1.33649 194705
2.55407 173775
1.3071 155298
1.31436 157229
1.15822 152110
1.68469 163199
2.70411 149381
2.39551 198010
1.22301 152139
1.99464 117221
1.75562 117723
1.83464 147900
2.19772 101358
2.4745 161751
2.88915 140397
1.67432 133208
1.91738 111364
2.51552 185419
1.93987 101611
1.31379 104596
1.45384 145017
2.38703 191414
1.34736 163335
2.47137 126970
1.60156 176708
1.86003 167392
2.71089 155585
2.85142 150601
2.37643 155307
1.8823 117211
2.53217 198090
1.55545 152093
2.74115 150106
1.15537 170696
0.980033 1 1
0.886559 0.00840558 7
0.861146 4.517e-05 13
0.925944 0.236376 3
0.893808 0.0197879 6
0.872775 0.000640907 10
0.881882 0.00361122 8
0.915312 0.107773 4
0.92195 0.230569 3
0.879218 0.00157476 9
0.903001 0.046322 5
0.959732 0.559015 2
0.901308 0.0455999 5
0.873375 0.000646964 10
0.883818 0.00370548 8
0.956318 0.325406 3
0.924594 0.0316237 6
0.89689 0.000489975 11
0.964578 0.376141 3
0.934899 0.0733466 5
0.912889 0.00635091 8
0.918299 0.0142438 7
0.909644 0.00586914 8
0.944381 0.157357 4
0.918386 0.0142729 7
0.944484 0.157662 4
0.9595 0.34285 3
0.94251 0.15206 4
0.913227 0.0064055 8
0.923059 0.0306083 6
0.877575 6.42802e-05 13
0.978892 1 1
0.963852 0.577838 2
0.945632 0.281364 3
0.974319 0.642843 2
0.97806 0.673907 2
0.971459 0.622189 2
0.870693 1.09773e-05 15
0.903061 0.0105491 7
0.956638 0.546797 2
0.965518 0.586395 2
0.897085 0.00454587 8
0.963237 0.574827 2
0.992746 1 1
0.988873 1 1
0.912232 0.0251102 6
0.958919 0.555656 2
0.930791 0.127043 4
0.96867 0.604287 2
0.982832 1 1
0.95979 0.559259 2
0.949192 0.293917 3
0.883334 0.000351683 11
0.938106 0.260087 3
0.96183 0.568207 2
0.993013 1 1
0.921707 0.0579252 5
0.989589 1 1
0.958227 0.552883 2
0.962822 0.572834 2
0.911555 0.0248428 6
0.930653 0.126814 4
0.905845 0.0228513 6
0.941191 0.268047 3
0.962983 0.5736 2
0.950034 0.525208 2
0.920858 0.0571993 5
0.86065 7.24919e-07 18
0.958858 0.555411 2
0.969092 0.606862 2
0.96811 0.600932 2
0.903618 0.0106464 7
0.972791 0.631499 2
0.940146 0.265243 3
0.936927 0.257289 3
0.953279 0.535124 2
0.899499 0.0210816 6
0.872287 0.000126891 12
0.930139 0.243396 3
0.922873 0.115797 4
0.904724 0.047098 5
0.891185 0.00889095 7
0.87143 0.000124749 12
0.982621 1 1
0.920238 0.112749 4
0.93186 0.246594 3
0.92049 0.113028 4
0.933439 0.249712 3
0.898735 0.0208938 6
0.901856 0.0216931 6
0.987268 1 1
0.883457 0.00076879 10
0.856647 6.47014e-07 18
0.920706 0.11327 4
0.899018 0.00990265 7
0.878988 0.000321679 11
0.876876 0.000308775 11
0.887697 0.00180395 9
0.94663 0.516044 2
0.890453 0.00407668 8
0.908486 0.0489539 5
0.935364 0.253771 3
0.90838 0.048898 5
0.87617 0.000304675 11
0.883158 0.000764527 10
0.883798 0.000163508 12
0.932687 0.130304 4
0.925349 0.0613439 5
0.937248 0.139282 4
0.90739 0.0113656 7
0.894524 0.000967932 10
0.938097 0.141154 4
0.942832 0.272694 3
0.867797 9.02279e-07 18
0.881925 7.17627e-05 13
0.909272 0.0117689 7
0.932955 0.130786 4
0.904254 0.00521248 8
0.90638 0.0111621 7
0.923092 0.0591643 5
0.899768 0.021149 6
0.932377 0.247595 3
0.918733 0.111136 4
0.947654 0.518679 2
0.912155 0.0510136 5
0.896425 0.00953662 7
0.935369 0.25378 3
0.951939 0.53088 2
0.879986 0.000722038 10
0.886728 0.00177423 9
0.915749 0.10818 4
0.950141 0.525516 2
0.910833 0.0502399 5
0.90667 0.0480285 5
0.923477 0.11654 4
0.904411 0.0107886 7
0.933487 0.131758 4
0.918145 0.0550412 5
0.951579 0.303434 3
0.914818 0.0262019 6
0.898376 0.00465193 8
0.935751 0.136143 4
0.95162 0.303607 3
0.884363 0.000165789 12
0.889469 0.00086575 10
0.918845 0.0555757 5
0.954653 0.317181 3
0.913972 0.0258321 6
0.908139 0.0115223 7
0.92487 0.0608638 5
0.888114 8.53019e-05 13
0.978037 0.673701 2
0.961611 0.567211 2
0.961327 0.565933 2
0.948523 0.291417 3
0.937765 0.140414 4
0.982077 0.713229 2
0.906789 0.00550153 8
0.892509 0.000435753 11
0.922561 0.0302939 6
0.94768 0.28836 3
0.923345 0.0307924 6
0.942598 0.152299 4
0.95045 0.298817 3
0.967954 0.600011 2
0.854506 6.10168e-07 18
0.965263 0.585048 2
0.98233 1 1
0.924381 0.117682 4
0.945777 0.513925 2
0.955986 0.544408 2
0.967343 0.596467 2
0.862095 8.86692e-06 15
0.876602 0.000307169 11
0.932454 0.247747 3
0.937386 0.258362 3
0.879728 0.000718789 10
0.935014 0.253011 3
0.969571 0.609844 2
0.967682 0.598424 2
0.906744 0.0112345 7
0.944979 0.279253 3
0.927387 0.121779 4
0.96266 0.572065 2
0.926628 0.120699 4
0.909986 0.0242508 6
0.946459 0.284119 3
0.940066 0.265032 3
0.892465 0.00196716 9
0.90089 0.0048749 8
0.930491 0.126549 4
0.953037 0.534342 2
0.925509 0.119164 4
0.919663 0.0562195 5
0.936512 0.256335 3
0.868892 4.67499e-06 16
0.965009 0.583719 2
0.9575 0.550052 2
0.933327 0.131462 4
0.968601 0.603868 2
0.985408 1 1
0.958867 0.555448 2
0.858082 1.2894e-07 20
0.899643 0.0047614 8
0.961096 0.564904 2
0.958565 0.554229 2
0.885065 0.00036514 11
0.958011 0.552035 2
0.992302 1 1
0.974567 0.644757 2
0.955726 0.543475 2
0.913117 0.0516001 5
0.888139 0.00181786 9
0.952814 0.533627 2
0.914549 0.0525142 5
0.893196 0.00425683 8
0.909357 0.0494189 5
0.933252 0.249334 3
0.920107 0.112605 4
0.895171 0.00937132 7
0.923101 0.116076 4
0.985839 1 1
0.920138 0.11264 4
0.896336 0.00952464 7
0.908978 0.0492146 5
0.870401 9.82979e-07 18
0.956386 0.325751 3
0.958464 0.336906 3
0.938409 0.141859 4
0.924326 0.0603307 5
0.917257 0.0273461 6
0.965254 0.585002 2
0.909644 0.0118524 7
0.869242 4.24062e-07 19
0.89989 0.00229316 9
0.922654 0.0587648 5
0.911813 0.0123677 7
0.917786 0.0276103 6
0.931297 0.127889 4
0.946731 0.285046 3
0.89951 0.00109381 10
0.942044 0.150805 4
0.927731 0.0638841 5
0.954633 0.317083 3
0.920834 0.0292569 6
0.905472 0.00261899 9
0.94501 0.159237 4
0.942345 0.151612 4
0.884518 3.56732e-05 14
0.895055 0.000465879 11
0.923964 0.0311985 6
0.947268 0.166445 4
0.918939 0.0144612 7
0.916011 0.0135175 7
0.933008 0.0705484 5
0.897675 0.0010441 10
0.961092 0.35251 3
0.936759 0.138237 4
0.954724 0.317519 3
0.995605 1 1
0.975894 0.655333 2
0.950993 0.301011 3
0.871089 4.53152e-07 19
0.930046 0.0666169 5
0.975276 0.650329 2
0.990032 1 1
0.906741 0.00549573 8
0.991257 1 1
0.97098 0.61896 2
0.968625 0.604011 2
0.925064 0.118571 4
0.915744 0.0533151 5
0.896081 0.00446703 8
0.946471 0.284161 3
0.905519 0.010995 7
0.886316 0.000812068 10
0.915477 0.0531332 5
0.961676 0.567505 2
0.892617 0.00197288 9
0.882263 0.000343815 11
0.911891 0.0249747 6
0.979196 1 1
0.907711 0.0234545 6
0.893344 0.00200074 9
0.908773 0.0238174 6
0.885056 0.00376872 8
0.96831 0.602124 2
0.948745 0.521599 2
0.947528 0.51835 2
0.986933 1 1
0.987115 1 1
0.958994 0.555963 2
0.867192 5.0941e-05 13
0.915857 0.108282 4
0.9712 1 1
0.976656 1 1
0.898525 0.020843 6
0.976083 1 1
0.986098 1 1
0.978045 1 1
0.945673 0.51367 2
0.903422 0.0221279 6
0.87638 0.000305885 11
0.931648 0.24619 3
0.928534 0.240586 3
0.911084 0.050384 5
0.894774 0.00932054 7
0.868206 2.31237e-05 14
0.989426 1 1
0.927512 0.12196 4
0.937213 0.257957 3
0.916812 0.109198 4
0.939254 0.262938 3
0.904337 0.0223936 6
0.906432 0.0230364 6
0.853838 1.12824e-07 20
0.960081 0.560493 2
0.983405 1 1
0.924961 0.118436 4
0.928256 0.123056 4
0.929696 0.125271 4
0.969694 0.610617 2
0.881425 0.000740713 10
0.863778 4.0719e-06 16
0.90827 0.0236438 6
0.922933 0.115871 4
0.888639 0.0018339 9
0.918996 0.111412 4
0.944703 0.278377 3
0.954187 0.53813 2
0.897579 0.00104162 10
0.923453 0.0308623 6
0.910846 0.00603914 8
0.939535 0.14448 4
0.903497 0.00249402 9
0.887768 8.4435e-05 13
0.926671 0.062722 5
0.960312 0.347694 3
0.87405 1.11519e-06 18
0.878372 2.85314e-06 17
0.907272 0.00556045 8
0.949402 0.294716 3
0.90244 0.00243169 9
0.897931 0.00105078 10
0.914586 0.0131025 7
0.936063 0.255319 3
0.907807 0.0234867 6
0.88119 0.000153675 12
0.932377 0.129753 4
0.935118 0.253235 3
0.918872 0.0555967 5
0.898778 0.00468608 8
0.86382 7.9663e-07 18
0.991003 1 1
0.936577 0.256483 3
0.943196 0.273766 3
0.911551 0.0248413 6
0.945905 0.282263 3
0.911071 0.0246563 6
0.911694 0.0248973 6
0.934687 0.491523 2
0.897938 0.0442693 5
0.877279 0.00340753 8
0.932025 0.487288 2
0.891808 0.0193849 6
0.871864 0.00142015 9
0.896817 0.0438547 5
0.960681 1 1
0.891289 0.0192841 6
0.870547 0.00061931 10
0.899122 0.0447216 5
0.981093 1 1
0.895529 0.0433944 5
0.877398 0.00341247 8
0.891819 0.019387 6
0.963184 0.574568 2
0.894182 0.000960291 10
0.866921 8.77307e-07 18
0.927372 0.0634846 5
0.915319 0.0264276 6
0.896477 0.00213057 9
0.886335 0.000375641 11
0.875547 1.25448e-05 15
0.972246 0.627629 2
0.910859 0.0121351 7
0.92456 0.0605587 5
0.924802 0.0607972 5
0.925608 0.0616076 5
0.891412 0.000902449 10
0.895738 0.00209841 9
0.98451 1 1
0.891049 0.000420013 11
0.865099 7.27421e-08 21
0.930586 0.0672956 5
0.89972 0.00228447 9
0.878609 1.37264e-05 15
0.88594 8.00897e-05 13
0.912029 0.0124217 7
0.929013 0.0653623 5
0.885655 7.94453e-05 13
0.909053 0.0117203 7
0.959182 0.556733 2
0.907533 0.00559277 8
0.878738 1.37801e-05 15
0.888725 0.000185451 12
0.961195 0.565342 2
0.912551 0.0252385 6
0.886821 0.000820225 10
0.952889 0.533868 2
0.91649 0.0538346 5
0.894935 0.00438077 8
0.908143 0.0236002 6
0.926758 0.120882 4
0.926246 0.120167 4
0.898223 0.00463902 8
0.925393 0.119008 4
0.978968 1 1
0.92277 0.115673 4
0.897199 0.00455501 8
0.909074 0.0239231 6
0.942043 0.505387 2
0.934314 0.490907 2
0.905774 0.100177 4
0.967718 1 1
0.951799 0.530448 2
0.929866 0.242907 3
0.926318 0.236961 3
0.89453 0.0430487 5
0.955139 0.541399 2
0.937555 0.496518 2
0.961849 1 1
0.941228 0.503671 2
0.960857 1 1
0.928035 0.239745 3
0.935105 0.492221 2
0.906352 0.0230111 6
0.909041 0.0492486 5
0.8858 0.00174669 9
0.920337 0.112859 4
0.941265 0.268249 3
0.932859 0.248545 3
0.899452 0.00996729 7
0.843994 5.13708e-10 26
0.964961 0.583469 2
0.955531 0.542781 2
0.945323 0.280357 3
0.888434 0.00182731 9
0.950085 0.525356 2
0.920987 0.113587 4
0.91569 0.0532783 5
0.90495 0.00528864 8
0.971944 0.625518 2
0.946477 0.284178 3
0.979832 0.690427 2
0.955583 0.321702 3
0.938864 0.142902 4
0.96913 0.607098 2
0.911686 0.012336 7
0.908052 0.011504 7
0.928796 0.0651065 5
0.958181 0.552704 2
0.937221 0.139224 4
0.952892 0.309089 3
0.948133 0.289991 3
0.964889 0.583099 2
0.921629 0.114321 4
0.922008 0.114765 4
0.89616 0.00447318 8
0.939246 0.262917 3
0.952337 0.532118 2
0.937547 0.258744 3
0.912461 0.051198 5
0.862384 1.7303e-06 17
0.971898 0.625196 2
0.956076 0.544736 2
0.959227 0.556915 2
0.907649 0.0234337 6
0.962965 0.573515 2
0.928615 0.123596 4
0.927222 0.121542 4
0.951559 0.529715 2
0.929154 0.241653 3
0.901186 0.0215141 6
0.968793 0.605031 2
0.939883 0.264555 3
0.917748 0.110126 4
0.922612 0.115482 4
0.908044 0.0487232 5
0.945087 0.512258 2
0.922935 0.115873 4
0.949497 0.523684 2
0.956766 0.547273 2
0.947432 0.518099 2
0.918098 0.110481 4
0.927828 0.239401 3
0.859954 1.37077e-07 20
0.969436 0.608993 2
0.991384 1 1
0.931906 0.128929 4
0.937864 0.259503 3
0.939206 0.262817 3
0.978514 1 1
0.881368 0.000154314 12
0.87217 1.14196e-05 15
0.917728 0.0547298 5
0.93225 0.129529 4
0.892607 0.00197253 9
0.92838 0.123241 4
0.954397 0.538839 2
0.964062 0.578885 2
0.929058 0.0654163 5
0.931548 0.0685446 5
0.904144 0.00253367 9
0.953483 0.311735 3
0.95846 0.336884 3
0.939483 0.144357 4
0.922263 0.0301094 6
0.875685 1.18305e-06 18
0.965751 0.587643 2
0.953098 0.310004 3
0.967422 0.596922 2
0.920991 0.029348 6
0.969496 0.609368 2
0.93343 0.0711513 5
0.935367 0.0740783 5
0.899382 0.000526379 11
0.959791 0.344566 3
0.942359 0.15165 4
0.966369 0.389751 3
0.937477 0.0775767 5
0.9226 0.0158423 7
0.961895 0.357643 3
0.925504 0.0322604 6
0.893651 0.000101437 13
0.911149 0.00305271 9
0.939727 0.0817068 5
0.940533 0.0832961 5
0.934541 0.0727988 5
0.933413 0.0711278 5
0.950719 0.178978 4
0.921195 0.0574846 5
0.957707 0.55085 2
0.930496 0.126557 4
0.995329 1 1
0.953521 0.31191 3
0.933008 0.130882 4
0.952914 0.309187 3
0.915442 0.0264834 6
0.920717 0.0570817 5
0.928495 0.123414 4
0.959749 0.559086 2
0.949897 0.296632 3
0.955 0.318848 3
0.938876 0.142931 4
0.953243 0.310654 3
0.950319 0.526032 2
0.898837 0.044611 5
0.875844 0.0014997 9
0.936316 0.4943 2
0.897358 0.020567 6
0.8766 0.00151587 9
0.896278 0.0203207 6
0.944841 0.511674 2
0.904536 0.0470111 5
0.877745 0.00154105 9
0.905494 0.0474589 5
0.986204 1 1
0.902405 0.0460633 5
0.880544 0.00354921 8
0.893846 0.0197957 6
0.901228 0.00055646 11
0.918979 0.014475 7
0.905284 0.0012824 10
0.938062 0.0786096 5
0.900675 0.000547149 11
0.884259 7.63793e-06 16
0.921648 0.0154596 7
0.96616 0.388104 3
0.874821 2.37376e-07 20
0.875851 2.47812e-07 20
0.904976 0.0012709 10
0.953767 0.313031 3
0.900252 0.000540203 11
0.893891 0.000102246 13
0.910389 0.00298725 9
0.853431 7.31325e-06 15
0.964473 1 1
0.983852 1 1
0.923501 0.232733 3
0.943883 0.50945 2
0.953724 0.536583 2
0.967231 1 1
0.862433 0.000105587 12
0.874866 0.00147931 9
0.93026 0.243615 3
0.935631 0.493114 2
0.879291 0.00349329 8
0.933166 0.489059 2
0.967394 1 1
0.966286 1 1
0.89014 9.06857e-05 13
0.900472 0.00112165 10
0.889442 8.87673e-05 13
0.918279 0.0142371 7
0.881535 6.93252e-06 16
0.865739 6.62575e-09 24
0.903884 0.00123159 10
0.979813 0.690251 2
0.858494 1.81915e-10 28
0.857212 7.50539e-11 29
0.885723 1.72621e-05 15
0.941719 0.149948 4
0.881111 6.83157e-06 16
0.875555 5.36495e-07 19
0.891796 9.55126e-05 13
0.958268 0.335811 3
0.920306 0.0289557 6
0.89227 0.000204637 12
0.957493 0.331568 3
0.935685 0.0745842 5
0.914152 0.0129814 7
0.913091 0.012695 7
0.898528 0.00106668 10
0.956255 0.325084 3
0.922745 0.0304095 6
0.945564 0.160941 4
0.948341 0.290749 3
0.944684 0.158256 4
0.912461 0.00628298 8
0.920197 0.0288944 6
0.875327 2.75345e-05 14
0.962078 0.569348 2
0.96034 0.5616 2
0.944548 0.277889 3
0.93029 0.126223 4
0.922359 0.0585 5
0.970429 0.615333 2
0.910073 0.0242825 6
0.875147 2.74062e-05 14
0.90545 0.0109819 7
0.928835 0.123931 4
0.91568 0.0532715 5
0.923908 0.0599289 5
0.936188 0.137041 4
0.9522 0.30607 3
0.880845 0.000733072 10
0.960598 0.562715 2
0.944027 0.509779 2
0.940163 0.265288 3
0.981751 1 1
0.994523 1 1
0.951793 0.530429 2
0.859827 3.68363e-06 16
0.915403 0.107857 4
0.977054 1 1
0.971832 1 1
0.891759 0.00416025 8
0.972847 1 1
0.983461 1 1
0.97056 1 1
0.90357 0.00513983 8
0.925889 0.0618973 5
0.902835 0.00506415 8
0.932439 0.129863 4
0.959016 0.556051 2
0.9506 0.299418 3
0.916127 0.0268013 6
0.852068 3.08174e-10 27
0.954724 0.317519 3
0.972799 0.63156 2
0.961951 0.56876 2
0.894394 0.000965007 10
0.967114 0.595163 2
0.938797 0.142748 4
0.93305 0.130958 4
0.871851 4.31025e-08 22
0.937 0.0767562 5
0.92386 0.031129 6
0.92091 0.0151746 7
0.962443 0.361251 3
0.977155 0.665938 2
0.928671 0.0346998 6
0.840517 6.27487e-12 0
0.915993 0.00688799 8
0.984433 0.73961 2
0.955468 0.321131 3
0.874947 2.3862e-07 20
0.959093 0.34048 3
0.961723 0.356529 3
0.946791 0.164863 4
0.952405 0.532331 2
0.895827 0.0434994 5
0.868774 0.000603097 10
0.926132 0.236669 3
0.919548 0.227427 3
0.901816 0.0458128 5
0.887495 0.0185906 6
0.868421 0.000599971 10
0.983115 1 1
0.917846 0.225339 3
0.928388 0.240339 3
0.917348 0.224748 3
0.930119 0.243359 3
0.895518 0.0433908 5
0.89831 0.0444094 5
0.904084 0.00123862 10
0.956994 0.328914 3
0.93795 0.0784087 5
0.969488 0.609321 2
0.937268 0.0772142 5
0.921233 0.0152979 7
0.958092 0.334834 3
0.928252 0.0343555 6
0.896724 0.000234027 12
0.91103 0.00304227 9
0.940329 0.0828894 5
0.945538 0.160858 4
0.935187 0.0737957 5
0.931315 0.0370378 6
0.948418 0.170405 4
0.937826 0.14055 4
0.916706 0.0137299 7
0.894359 0.000457281 11
0.952276 0.306398 3
0.911136 0.00608145 8
0.89081 0.000196338 12
0.914877 0.0131849 7
0.949849 0.296443 3
0.904596 0.0025621 9
0.889074 8.77853e-05 13
0.918466 0.0279585 6
0.991661 1 1
0.914673 0.0131271 7
0.896336 0.000482478 11
0.910829 0.00603661 8
0.95479 0.540185 2
0.912447 0.105243 4
0.887696 0.00391244 8
0.951896 0.530747 2
0.913339 0.106005 4
0.892055 0.00899049 7
0.908855 0.0491492 5
0.934883 0.252729 3
0.918426 0.110818 4
0.893794 0.00919807 7
0.921813 0.114536 4
0.987553 1 1
0.918796 0.111202 4
0.895369 0.0201198 6
0.90816 0.0487833 5
0.917247 0.109626 4
0.943883 0.50945 2
0.922678 0.115562 4
0.970551 1 1
0.930736 0.244482 3
0.912243 0.0510664 5
0.943318 0.508173 2
0.938256 0.260452 3
0.902204 0.0217875 6
0.90556 0.0474902 5
0.935917 0.25499 3
0.961648 0.56738 2
0.931141 0.245234 3
0.920379 0.112905 4
0.936557 0.256436 3
0.895959 0.000228493 12
0.938369 0.0791625 5
0.925813 0.0324825 6
0.949394 0.173934 4
0.916205 0.00692764 8
0.901364 0.000558793 11
0.941983 0.150644 4
0.944797 0.158596 4
0.879782 1.38198e-06 18
0.890517 4.33333e-05 14
0.91911 0.0145204 7
0.944708 0.158328 4
0.914094 0.00654985 8
0.912206 0.00624324 8
0.929164 0.0351132 6
0.930152 0.24342 3
0.938023 0.259887 3
0.914098 0.0522208 5
0.973748 1 1
0.931487 0.245884 3
0.911222 0.0504637 5
0.935545 0.254166 3
0.935499 0.254065 3
0.912531 0.0512406 5
0.907802 0.0485983 5
0.938268 0.260483 3
0.97124 1 1
0.933988 0.25084 3
0.917326 0.109705 4
0.932205 0.24726 3
0.900892 0.0214372 6
0.973393 1 1
0.94978 0.524484 2
0.974987 1 1
0.953056 0.534402 2
0.937728 0.259175 3
0.972153 1 1
0.91204 0.0509446 5
0.903547 0.0221637 6
0.92629 0.120228 4
0.95479 0.540185 2
0.934745 0.252432 3
0.94951 0.523719 2
0.947985 0.519554 2
0.965263 0.585048 2
0.903811 0.0106804 7
0.962753 0.572509 2
0.936086 0.25537 3
0.962247 0.570131 2
0.992062 1 1
0.968817 0.605176 2
0.952634 0.533055 2
0.877722 0.000142136 12
0.93258 0.247994 3
0.96834 0.6023 2
0.997396 1 1
0.914071 0.0522036 5
0.993617 1 1
0.966603 0.592292 2
0.968565 0.603648 2
0.94019 0.501556 2
0.926966 0.237993 3
0.898968 0.0209505 6
0.955422 0.542394 2
0.95007 0.525314 2
0.929854 0.242885 3
0.918274 0.110661 4
0.882586 0.00364487 8
0.967878 1 1
0.94192 0.505125 2
0.959728 0.558999 2
0.929742 0.242685 3
0.960598 0.562715 2
0.925296 0.23538 3
0.929399 0.242082 3
0.843207 7.11238e-12 0
0.949932 0.296766 3
0.977922 0.672671 2
0.913592 0.0128285 7
0.920024 0.0287976 6
0.924391 0.0603933 5
0.958765 0.338607 3
0.871724 1.02812e-06 18
0.854734 3.46987e-10 27
0.902222 0.00241923 9
0.913927 0.0129194 7
0.877418 6.04057e-06 16
0.910355 0.0120162 7
0.938914 0.143018 4
0.945505 0.28095 3
0.92031 0.0289582 6
0.911353 0.00611372 8
0.886129 3.75043e-05 14
0.928826 0.065142 5
0.941922 0.150483 4
0.928994 0.0653399 5
0.901879 0.00116477 10
0.854656 2.88704e-11 30
0.978168 0.674885 2
0.949319 0.294403 3
0.948225 0.290323 3
0.900596 0.00112536 10
0.952166 0.305921 3
0.919111 0.0282992 6
0.916768 0.0137492 7
0.905939 0.0476717 5
0.949585 0.523931 2
0.931463 0.245839 3
0.96569 0.587313 2
0.93078 0.244565 3
0.914324 0.0523674 5
0.95093 0.527824 2
0.935499 0.254066 3
0.894284 0.00925885 7
0.904844 0.0225446 6
0.934379 0.251657 3
0.950406 0.526283 2
0.929334 0.241966 3
0.924139 0.117372 4
0.941082 0.267748 3
0.957811 0.551254 2
0.923111 0.232178 3
0.895366 0.0201192 6
0.962772 1 1
0.934199 0.251279 3
0.912249 0.105077 4
0.916694 0.109083 4
0.908101 0.101827 4
0.94612 0.514769 2
0.918295 0.225879 3
0.943853 0.509381 2
0.958162 0.552626 2
0.94206 0.505424 2
0.912257 0.105084 4
0.921776 0.230334 3
0.925429 0.0614252 5
0.916596 0.0270243 6
0.89057 0.000415075 11
0.936099 0.136856 4
0.946178 0.283172 3
0.931204 0.127732 4
0.907184 0.00554963 8
0.861632 2.8273e-08 22
0.978493 0.677837 2
0.949849 0.296443 3
0.953391 0.31132 3
0.907793 0.0114494 7
0.956861 0.328218 3
0.922428 0.0585615 5
0.92147 0.0577199 5
0.915559 0.108003 4
0.922877 0.231849 3
0.897833 0.020678 6
0.936701 0.256767 3
0.954453 0.53903 2
0.941496 0.50423 2
0.913206 0.10589 4
0.858482 8.16372e-06 15
0.966994 1 1
0.961327 0.565933 2
0.960224 0.561104 2
0.90287 0.0462648 5
0.964546 0.581334 2
0.931579 0.246059 3
0.928763 0.240978 3
0.966242 0.590303 2
0.913681 0.0257076 6
0.886882 0.000176667 12
0.954146 0.314789 3
0.921714 0.0579307 5
0.899986 0.0022981 9
0.908228 0.0115412 7
0.91607 0.0267746 6
0.937192 0.139161 4
0.905308 0.00532881 8
0.931085 0.127532 4
0.967677 0.598397 2
0.929042 0.0653974 5
0.900825 0.00234212 9
0.911345 0.0122523 7
0.894882 0.00933432 7
0.973721 1 1
0.954057 0.537692 2
0.967793 0.59907 2
0.948549 0.521066 2
0.935247 0.253515 3
0.975307 1 1
0.912272 0.0510836 5
0.896844 0.00959347 7
0.922052 0.114815 4
0.949215 0.522896 2
0.930764 0.244535 3
0.943994 0.276174 3
0.946761 0.516376 2
0.964357 0.580374 2
0.952265 0.531893 2
0.893603 0.00428512 8
0.870588 2.44612e-05 14
0.9312 0.245344 3
0.89288 0.00423516 8
0.872121 5.66203e-05 13
0.890942 0.00410756 8
0.942661 0.272194 3
0.903242 0.0220768 6
0.873871 0.000131023 12
0.901135 0.0102286 7
0.980236 1 1
0.898207 0.00978441 7
0.875739 0.000136212 12
0.888778 0.00183842 9
0.879791 0.000326851 11
0.982146 1 1
0.972021 0.626051 2
0.953118 0.534602 2
0.948716 0.52152 2
0.941747 0.269587 3
0.990518 1 1
0.89813 0.00977338 7
0.88779 0.00180688 9
0.924077 0.117293 4
0.945916 0.282299 3
0.913496 0.0518373 5
0.941169 0.267986 3
0.955757 0.543585 2
0.972188 0.627217 2
0.896862 0.00214777 9
0.90948 0.0240675 6
0.896971 0.00215269 9
0.928354 0.123202 4
0.89108 0.000895967 10
0.874864 2.72066e-05 14
0.912463 0.025203 6
0.974901 0.64736 2
0.867246 1.9887e-06 17
0.866549 8.67003e-07 18
0.895408 0.00208436 9
0.949308 0.294359 3
0.890757 0.000889737 10
0.884515 0.000360762 11
0.900874 0.00487346 8
0.893014 0.019625 6
0.941644 0.50454 2
0.930119 0.243359 3
0.949421 0.52347 2
0.91809 0.110473 4
0.90396 0.0467486 5
0.945779 0.513931 2
0.940428 0.502033 2
0.878971 0.00156898 9
0.892307 0.0194832 6
0.92049 0.22863 3
0.940771 0.502731 2
0.915429 0.107881 4
0.915225 0.107692 4
0.932235 0.247319 3
0.894715 0.000972242 10
0.970128 0.613381 2
0.952113 0.305695 3
0.966353 0.590913 2
0.944908 0.279025 3
0.931561 0.0685621 5
0.972482 0.629295 2
0.915436 0.0264807 6
0.894707 0.000972052 10
0.918479 0.0279656 6
0.94581 0.281949 3
0.932235 0.129503 4
0.940594 0.147067 4
0.943126 0.153756 4
0.960662 0.562994 2
0.98047 0.696691 2
0.90133 0.000558215 11
0.874184 1.05212e-07 21
0.94007 0.0823759 5
0.914452 0.00661108 8
0.89337 0.000100502 13
0.894999 0.000106122 13
0.90138 0.000559065 11
0.947596 0.167555 4
0.90236 0.000576369 11
0.924098 0.0312879 6
0.951704 0.182935 4
0.923216 0.0161001 7
0.891976 4.55935e-05 14
0.900357 0.00054192 11
54 0 1 2 3 7 8 9 10 11 12 13 14 15 16 17 18 19 21 22 24 26 27 28 30 32 33 35 36 37 38 39 40 41 42 43 45 47 48 49 50 51 52 53 54 58 59 62 63 64 65 66 67 68 69 
41 0 1 7 8 9 10 12 14 15 16 18 21 22 24 26 27 30 33 35 36 37 38 40 42 47 48 49 50 51 52 53 56 58 59 62 63 64 65 66 67 68 
33 7 8 9 10 12 14 15 16 18 21 22 24 33 35 37 38 40 42 47 48 49 50 51 52 53 56 58 63 64 65 66 67 68 
39 0 7 8 9 10 12 14 15 16 18 21 22 24 26 27 30 33 35 36 37 38 40 42 47 48 49 50 51 52 53 56 58 62 63 64 65 66 67 68 
51 0 1 2 3 6 7 8 9 10 11 12 14 15 16 18 21 22 24 26 27 28 30 32 33 35 36 37 38 39 40 41 42 47 48 49 50 51 52 53 54 56 58 59 62 63 64 65 66 67 68 69 
48 0 1 2 3 7 8 9 10 11 12 13 14 15 16 18 19 21 22 24 27 30 32 33 35 36 37 38 39 40 42 47 48 49 50 51 52 53 54 56 58 59 62 63 64 65 66 67 68 
27 7 8 9 10 12 15 16 18 21 22 24 33 35 38 40 42 47 48 50 51 56 58 63 65 66 67 68 
6 7 15 21 40 56 66 
58 0 1 2 3 5 6 7 8 9 10 11 12 14 15 16 18 20 21 22 23 24 25 26 27 28 30 32 33 34 35 36 37 38 39 40 41 42 46 47 48 49 50 51 52 53 54 55 56 58 59 62 63 64 65 66 67 68 69 
68 0 1 2 3 4 5 6 7 8 9 10 11 12 13 14 15 16 17 18 19 20 21 22 23 24 25 26 27 28 30 31 32 33 34 35 36 37 38 39 40 41 42 43 44 46 47 48 49 50 51 52 53 54 55 56 57 58 59 60 61 62 63 64 65 66 67 68 69 
52 0 1 2 3 7 8 9 10 11 12 13 14 15 16 18 19 21 22 24 26 27 28 30 32 33 35 36 37 38 39 40 41 42 47 48 49 50 51 52 53 54 56 58 59 62 63 64 65 66 67 68 69 
24 7 8 9 12 15 16 18 21 22 24 35 37 38 40 42 47 48 50 51 56 58 64 66 67 
55 0 1 3 5 6 7 8 9 10 12 14 15 16 18 20 21 22 23 24 25 26 27 28 30 32 33 34 35 36 37 38 40 41 42 46 47 48 49 50 51 52 53 54 55 56 58 59 62 63 64 65 66 67 68 69 
65 0 1 2 3 4 5 6 7 8 9 10 12 14 15 16 17 18 19 20 21 22 23 24 25 26 27 28 29 30 31 32 33 34 35 36 37 38 40 41 42 44 46 47 48 49 50 51 52 53 54 55 56 57 58 59 60 61 62 63 64 65 66 67 68 69 
45 0 1 7 8 9 10 11 12 14 15 16 18 21 22 24 26 27 30 32 33 35 36 37 38 39 40 42 47 48 49 50 51 52 53 56 58 59 62 63 64 65 66 67 68 69 
