50 15 8e+06
2.47467 157283
2.30001 149952
2.93922 131736
2.16266 115115
1.85039 185051
2.69162 119868
1.50931 168892
1.2373 150919
1.86701 112497
1.20475 136124
1.65877 154114
1.04808 193456
2.41503 103814
2.00883 157087
1.9351 117842
1.86555 124525
2.37412 197444
1.45795 122261
2.43162 192244
1.73802 161125
2.59705 112836
1.14644 134425
1.22232 173441
1.22326 193412
1.5642 192428
2.62501 155055
1.2015 145266
1.96579 116097
1.80824 156772
2.0605 118401
1.646 146734
1.07553 109272
2.79528 173063
2.11023 137520
2.08651 173772
2.94232 135775
2.16776 109399
1.01308 163687
1.53319 179144
1.17195 191156
1.57977 112856
1.68901 149693
2.37891 122740
2.36428 165017
1.48484 148146
1.03474 168364
2.35452 172618
1.39096 134176
2.93938 116691
2.36724 154886
0.956856 0.547611 2
0.926642 0.0626907 5
0.958716 0.554837 2
0.94464 0.27818 3
0.946079 0.282841 3
0.971507 0.622513 2
0.983223 1 1
0.974116 0.641294 2
0.885101 0.000168851 12
0.947783 0.288727 3
0.939678 0.144824 4
0.943693 0.275255 3
0.911461 0.0122806 7
0.977433 0.668356 2
0.984454 1 1
0.96297 0.573542 2
0.911081 0.0121883 7
0.891288 0.000422516 11
0.906815 0.00550473 8
0.970645 0.616743 2
0.92588 0.0618884 5
0.92002 0.0287954 6
0.926445 0.0624808 5
0.878108 1.35211e-05 15
0.94922 0.294025 3
0.953893 0.313613 3
0.94594 0.282378 3
0.980662 0.698606 2
0.949264 0.294191 3
0.91692 0.0271809 6
0.923576 0.116663 4
0.943151 0.273633 3
0.975248 1 1
0.914077 0.0522071 5
0.913902 0.0520951 5
0.936742 0.256862 3
0.95227 0.531907 2
0.939171 0.262727 3
0.905295 0.0226815 6
0.940953 0.267398 3
0.931506 0.24592 3
0.908115 0.0235907 6
0.885892 0.000805354 10
0.948803 0.521758 2
0.976659 1 1
0.948086 0.51982 2
0.933347 0.249526 3
0.895739 0.020201 6
0.893261 0.0091331 7
0.950645 0.526984 2
0.916395 0.108795 4
0.915627 0.108067 4
0.917699 0.110077 4
0.902678 0.0461812 5
0.968068 1 1
0.976399 1 1
0.92583 0.236199 3
0.958475 0.553869 2
0.948745 0.521599 2
0.920447 0.112981 4
0.95412 0.537904 2
0.90384 0.0466943 5
0.950227 0.525764 2
0.968071 1 1
0.943862 0.509401 2
0.990294 1 1
0.99072 1 1
0.991546 1 1
0.863332 4.71266e-05 13
0.926939 0.237949 3
0.920024 0.112515 4
0.952725 0.533344 2
0.905279 0.047357 5
0.960893 0.564005 2
0.965438 0.585973 2
0.930222 0.243546 3
0.88832 0.00394828 8
0.951945 0.530899 2
0.967689 0.598465 2
0.920599 0.11315 4
0.967598 0.597936 2
0.9712 0.620436 2
0.967394 0.596761 2
0.849487 1.83876e-08 22
0.905834 0.0228479 6
0.898385 0.00980997 7
0.933316 0.249462 3
0.882652 0.000757416 10
0.937401 0.258398 3
0.952886 0.533858 2
0.931259 0.127824 4
0.879992 0.000149504 12
0.939472 0.263493 3
0.979022 1 1
0.922541 0.115397 4
0.968117 0.600974 2
0.965015 0.58375 2
0.966901 0.593957 2
0.841005 6.41756e-12 0
0.900499 0.0101279 7
0.893744 0.0020164 9
0.938807 0.261811 3
0.884415 0.00035998 11
0.933521 0.13182 4
0.943246 0.273916 3
0.932296 0.0695545 5
0.878498 6.25672e-06 16
0.936459 0.137603 4
0.98239 0.716576 2
0.923853 0.0598765 5
0.968545 0.603528 2
0.963731 0.57724 2
0.967082 0.594982 2
0.839441 5.97326e-12 0
0.89989 0.00229316 9
0.893344 0.000445235 11
0.940967 0.148006 4
0.885753 7.96662e-05 13
0.933215 0.131257 4
0.941252 0.148733 4
0.8842 0.00170132 9
0.906394 0.0230243 6
0.963344 0.575344 2
0.894165 0.00924401 7
0.874305 0.000132195 12
0.907502 0.0484452 5
0.922819 0.115733 4
0.909288 0.0493813 5
0.879341 0.000713966 10
0.895904 0.00946699 7
0.886962 0.00178131 9
0.874289 0.000132152 12
0.844497 1.2239e-09 25
0.906152 0.0229476 6
0.937882 0.259546 3
0.983404 0.727757 2
0.900939 0.00113564 10
0.921328 0.0295457 6
0.956689 0.327321 3
0.97593 0.655622 2
0.973593 0.637364 2
0.960792 0.350641 3
0.973032 0.633239 2
0.861191 1.06245e-09 26
0.934527 0.0727765 5
0.931137 0.0680049 5
0.983929 0.733745 2
0.935696 0.0746022 5
0.966229 0.590229 2
0.944046 0.156375 4
0.924628 0.118001 4
0.88622 0.00037467 11
0.953132 0.534648 2
0.962822 0.572834 2
0.914979 0.0527979 5
0.961667 0.567467 2
0.966571 0.592115 2
0.961573 0.56704 2
0.847908 2.57943e-10 27
0.902056 0.0103788 7
0.894417 0.00204331 9
0.927487 0.121923 4
0.877312 6.38717e-05 13
0.932754 0.130423 4
0.950632 0.299544 3
0.898083 0.0443238 5
0.927889 0.239503 3
0.970978 1 1
0.897906 0.0442572 5
0.888416 0.0187524 6
0.91606 0.223261 3
0.931976 0.487214 2
0.918205 0.22577 3
0.898398 0.0444431 5
0.915907 0.22309 3
0.906883 0.100949 4
0.884912 0.0082484 7
0.860603 0.000102295 12
0.922053 0.230709 3
0.95225 0.531844 2
0.940822 0.267044 3
0.966601 0.592279 2
0.924473 0.0604735 5
0.898356 0.0022171 9
0.936274 0.137218 4
0.924816 0.060811 5
0.931309 0.127909 4
0.926952 0.0630241 5
0.926117 0.0621344 5
0.991943 1 1
0.984097 1 1
0.917063 0.0272503 6
0.924505 0.0605045 5
0.959995 0.560125 2
0.946065 0.282796 3
0.969782 1 1
0.938452 0.498182 2
0.925941 0.236371 3
0.921288 0.229679 3
0.964476 1 1
0.947158 0.51739 2
0.948357 0.520547 2
0.948867 0.521933 2
0.898463 0.020828 6
0.976168 1 1
0.972259 1 1
0.945187 0.512498 2
0.94252 0.506415 2
0.982746 1 1
0.952298 0.531995 2
0.895833 0.0202217 6
0.961115 0.564988 2
0.939324 0.499849 2
0.876946 0.00152339 9
0.888089 0.00855851 7
0.900083 0.0451008 5
0.914094 0.106668 4
0.902489 0.0460997 5
0.937257 0.25806 3
0.93241 0.24766 3
0.925039 0.234991 3
0.876929 0.001523 9
0.869332 0.000269649 11
0.92086 0.113443 4
0.938037 0.497406 2
0.911107 0.0121947 7
0.974673 0.645581 2
0.941082 0.148298 4
0.886489 8.13541e-05 13
0.903752 0.00250947 9
0.911255 0.0122304 7
0.924102 0.0601141 5
0.913701 0.0128579 7
0.938789 0.142728 4
0.950186 0.297768 3
0.942581 0.152253 4
0.890837 0.000196491 12
0.885855 7.98956e-05 13
0.936078 0.136814 4
0.947684 0.288374 3
0.946136 0.514809 2
0.936058 0.493851 2
0.896355 0.0436876 5
0.891832 0.0193896 6
0.948221 0.520183 2
0.915302 0.107763 4
0.915102 0.10758 4
0.916677 0.223967 3
0.905643 0.100087 4
0.969903 1 1
0.978707 1 1
0.923586 0.232855 3
0.95539 0.54228 2
0.948277 0.520331 2
0.920814 0.229053 3
0.935003 0.252987 3
0.884617 0.00374604 8
0.943137 0.507769 2
0.978218 1 1
0.925965 0.236408 3
0.972426 1 1
0.970126 1 1
0.97141 1 1
0.845388 8.80243e-08 20
0.905188 0.0473144 5
0.898334 0.0207971 6
0.9411 0.503406 2
0.887659 0.00851482 7
0.938249 0.497801 2
0.94808 0.519806 2
0.921175 0.0574672 5
0.897254 0.00455947 8
0.970057 0.612926 2
0.947543 0.287873 3
0.910894 0.024589 6
0.955073 0.541166 2
0.96671 0.592889 2
0.956011 0.544499 2
0.859696 1.35913e-07 20
0.908101 0.0235858 6
0.899702 0.00476667 8
0.91891 0.0556264 5
0.874488 2.69452e-05 14
0.93506 0.134762 4
0.960605 0.562746 2
0.891343 0.0004231 11
0.934203 0.1331 4
0.957416 0.331154 3
0.886139 0.000173332 12
0.882185 3.32658e-05 14
0.905567 0.00535818 8
0.921165 0.0294496 6
0.907802 0.0114512 7
0.90889 0.0116844 7
0.915627 0.0265683 6
0.907026 0.00553027 8
0.876406 5.84818e-06 16
0.857149 2.01342e-09 25
0.916013 0.0267478 6
0.943156 0.273647 3
0.89225 0.00901318 7
0.9602 0.561001 2
0.935632 0.254359 3
0.873113 0.000288036 11
0.884646 0.00171372 9
0.896151 0.00949981 7
0.910094 0.0498232 5
0.898547 0.0208482 6
0.939537 0.26366 3
0.929655 0.242532 3
0.922572 0.115434 4
0.87326 0.000288799 11
0.866585 5.03081e-05 13
0.917115 0.109495 4
0.933932 0.250725 3
0.917117 0.0542823 5
0.952376 0.532239 2
0.888694 0.00183569 9
0.867876 1.02056e-05 15
0.917202 0.0543436 5
0.892607 0.00421664 8
0.896422 0.00953623 7
0.89439 0.00434103 8
0.933755 0.250358 3
0.961234 0.565517 2
0.968637 0.604085 2
0.894123 0.00432188 8
0.925052 0.118555 4
0.927222 0.121542 4
0.908994 0.0238947 6
0.942418 0.506194 2
0.87404 0.000653819 10
0.920635 0.22882 3
0.994914 1 1
0.936067 0.255327 3
0.969724 1 1
0.956345 0.545718 2
0.967207 1 1
0.834714 3.64637e-10 26
0.90082 0.0453987 5
0.895723 0.0201973 6
0.957769 0.551089 2
0.898822 0.0209151 6
0.934799 0.252548 3
0.931935 0.246739 3
0.981999 1 1
0.894166 0.0198627 6
0.908622 0.102213 4
0.948749 0.521611 2
0.982087 1 1
0.960617 0.562798 2
0.947405 0.518029 2
0.959794 0.559276 2
0.855631 1.7672e-05 14
0.929834 0.242849 3
0.928154 0.239945 3
0.991428 1 1
0.944729 0.51141 2
0.957018 0.548218 2
0.931601 0.2461 3
0.901682 0.00238884 9
0.987188 1 1
0.921359 0.0295638 6
0.871009 4.51833e-07 19
0.895869 0.000999115 10
0.896118 0.00100511 10
0.907488 0.00558725 8
0.898489 0.00106564 10
0.958547 0.337371 3
0.947983 0.289448 3
0.943115 0.153724 4
0.880034 1.43374e-05 15
0.884318 3.54558e-05 14
0.924579 0.0605772 5
0.929704 0.0661951 5
0.912979 0.0254135 6
0.895831 0.0021024 9
0.97243 0.628925 2
0.938802 0.2618 3
0.902707 0.0104883 7
0.94586 0.282114 3
0.958169 0.552656 2
0.946882 0.285564 3
0.859557 1.35292e-07 20
0.903407 0.0106092 7
0.894793 0.00205871 9
0.909991 0.0242526 6
0.867013 1.97502e-06 17
0.928207 0.122982 4
0.956284 0.545492 2
0.879069 6.37579e-06 16
0.929834 0.0663539 5
0.943703 0.155385 4
0.873109 4.88359e-07 19
0.870243 1.97749e-07 20
0.892186 0.000204145 12
0.907539 0.00559359 8
0.894395 0.000457724 11
0.911149 0.0060835 8
0.906321 0.00544576 8
0.898232 0.00105874 10
0.863768 1.36462e-08 23
0.846926 8.50378e-12 0
0.903614 0.00250109 9
0.92939 0.0658131 5
0.925397 0.235534 3
0.859924 1.92825e-05 14
0.912219 0.105053 4
0.981751 1 1
0.919557 0.112009 4
0.95359 0.536143 2
0.942793 0.50701 2
0.951282 0.528878 2
0.821306 2.74953e-12 0
0.88493 0.00376218 8
0.879684 0.00158574 9
0.94206 0.505424 2
0.88367 0.00369807 8
0.918384 0.110774 4
0.919184 0.111611 4
0.901247 0.00490852 8
0.944413 0.277467 3
0.960517 0.562362 2
0.891828 0.00091071 10
0.892224 0.000918693 10
0.913007 0.0254254 6
0.928394 0.123262 4
0.915347 0.0264403 6
0.915101 0.0263286 6
0.927231 0.121554 4
0.918509 0.0553172 5
0.885147 0.000365807 11
0.867753 2.01895e-06 17
0.926436 0.120431 4
0.951768 0.30423 3
0.920388 0.0568081 5
0.950541 0.299178 3
0.889354 0.000863682 10
0.870439 4.8848e-06 16
0.920729 0.057091 5
0.895062 0.00206983 9
0.898419 0.00465551 8
0.896801 0.00214502 9
0.930101 0.125917 4
0.963124 0.574281 2
0.971165 0.6202 2
0.897424 0.00217333 9
0.928966 0.124132 4
0.92967 0.12523 4
0.910259 0.0243512 6
0.913967 0.0258299 6
0.973361 0.635649 2
0.901762 0.00495784 8
0.870259 9.78309e-07 18
0.911508 0.0122922 7
0.895883 0.000999443 10
0.902614 0.00504193 8
0.897955 0.00219803 9
0.949904 0.296659 3
0.964716 0.582207 2
0.96682 0.593503 2
0.890579 0.000415167 11
0.910824 0.0121266 7
0.930116 0.125941 4
0.919146 0.028318 6
0.952128 0.305762 3
0.918911 0.0281924 6
0.88866 0.000185126 12
0.895981 0.0010018 10
0.957783 0.33314 3
0.916814 0.027129 6
0.913223 0.0127298 7
0.917711 0.0275722 6
0.888447 0.000184078 12
0.955063 0.319151 3
0.962005 0.569009 2
0.932767 0.130446 4
0.973934 0.639915 2
0.944879 0.278933 3
0.913955 0.012927 7
0.914339 0.106887 4
0.98735 1 1
0.912665 0.0513218 5
0.874967 0.000297916 11
0.910313 0.0499456 5
0.900837 0.0214226 6
0.909318 0.0493974 5
0.903058 0.0220247 6
0.952934 0.53401 2
0.965333 0.585417 2
0.963489 0.57605 2
0.891227 0.00889568 7
0.904122 0.0468219 5
0.933825 0.250503 3
0.928065 0.239795 3
0.870206 4.00924e-08 22
0.901678 0.00115845 10
0.946976 0.165473 4
0.878206 1.30007e-06 18
0.860603 4.57135e-10 27
0.8917 9.52226e-05 13
0.906901 0.00271706 9
0.893518 0.00021222 12
0.879852 3.00945e-06 17
0.88608 1.7476e-05 15
0.877434 1.26252e-06 18
0.859438 1.90704e-10 28
0.832572 4.40538e-12 0
0.892651 9.8173e-05 13
0.923222 0.0307132 6
0.981601 1 1
0.897385 0.0205733 6
0.900852 0.0454117 5
0.934076 0.251022 3
0.991203 1 1
0.948135 0.519951 2
0.937149 0.257808 3
0.947798 0.519059 2
0.860288 1.94295e-05 14
0.934978 0.252932 3
0.935193 0.253397 3
0.977046 1 1
0.959623 0.55856 2
0.955093 0.541237 2
0.925301 0.235387 3
0.967796 0.599088 2
0.911531 0.0248336 6
0.9442 0.276805 3
0.959944 0.559909 2
0.957028 0.548258 2
0.988236 1 1
0.984286 1 1
0.990354 1 1
0.870521 1.09273e-05 15
0.938636 0.261387 3
0.932337 0.129683 4
0.961048 0.564689 2
0.918451 0.055273 5
0.973975 0.640227 2
0.965991 0.588936 2
0.974917 1 1
0.925996 0.119823 4
0.940127 0.265192 3
0.942355 0.271312 3
0.964322 0.580197 2
0.969639 0.610271 2
0.970585 1 1
0.971568 1 1
0.884612 0.00171276 9
0.956488 0.546244 2
0.950356 0.526138 2
0.956483 0.546225 2
0.92966 0.24254 3
0.992649 1 1
0.966564 0.592077 2
0.946382 0.16353 4
0.961514 0.355187 3
0.927031 0.0333909 6
0.903671 0.0012242 10
0.941476 0.149313 4
0.930239 0.0360504 6
0.936282 0.0755529 5
0.932356 0.0696372 5
0.920629 0.0150688 7
0.993806 1 1
0.983849 0.732825 2
0.922564 0.0158275 7
0.927498 0.0337531 6
0.965798 0.385296 3
0.949845 0.175618 4
0.950979 0.527969 2
0.956489 0.546248 2
0.937805 0.496975 2
0.913223 0.105905 4
0.944121 0.509996 2
0.940219 0.501614 2
0.947502 0.518281 2
0.942477 0.506321 2
0.913974 0.106562 4
0.982366 1 1
0.97273 1 1
0.92817 0.239972 3
0.923635 0.232925 3
0.974536 1 1
0.961625 0.567273 2
0.940183 0.501542 2
0.961682 0.567532 2
0.914792 0.107295 4
0.893575 0.0197398 6
0.937377 0.496194 2
0.919526 0.111975 4
0.924326 0.23393 3
0.921489 0.229947 3
0.92526 0.235325 3
0.991185 1 1
0.992979 1 1
0.916124 0.108535 4
0.93107 0.245101 3
0.955222 0.541688 2
0.937003 0.495518 2
0.943883 0.275834 3
0.878988 0.000321679 11
0.927309 0.121665 4
0.996186 1 1
0.936567 0.256459 3
0.974987 1 1
0.962733 0.57241 2
0.972593 0.630085 2
0.839469 1.40761e-11 30
0.904723 0.0225083 6
0.899186 0.00992755 7
0.956339 0.545694 2
0.898533 0.00983152 7
0.938932 0.262124 3
0.938203 0.260324 3
0.926937 0.121135 4
0.881288 7.05779e-05 13
0.944601 0.278055 3
0.97135 0.621444 2
0.917812 0.0547922 5
0.964252 0.579843 2
0.96473 0.582276 2
0.963517 0.576186 2
0.842652 6.92904e-12 0
0.899643 0.0047614 8
0.892481 0.000923962 10
0.932641 0.130222 4
0.879845 6.80104e-05 13
0.931741 0.128644 4
0.945267 0.280176 3
0.974694 1 1
0.924486 0.234165 3
0.90951 0.102884 4
0.917903 0.225407 3
0.976039 1 1
0.940427 0.502033 2
0.936908 0.495348 2
0.941451 0.504136 2
0.887655 0.00851445 7
0.963898 1 1
0.965342 1 1
0.951303 0.528939 2
0.961014 0.564542 2
0.968446 1 1
0.935659 0.493162 2
0.897132 0.0205148 6
0.970055 1 1
0.89264 0.00905895 7
0.855684 3.33304e-06 16
0.894551 0.019944 6
0.880977 0.0016171 9
0.888728 0.00862459 7
0.883097 0.00366971 8
0.966571 0.592115 2
0.947278 0.517699 2
0.948826 0.52182 2
0.874191 0.000655397 10
0.8951 0.0200615 6
0.914037 0.106618 4
0.906876 0.0481302 5
0.927393 0.238685 3
0.960532 0.562429 2
0.901344 0.0215561 6
0.879356 0.00157799 9
0.926183 0.236748 3
0.90471 0.0470912 5
0.909162 0.0493133 5
0.906592 0.0479897 5
0.932654 0.24814 3
0.974935 1 1
0.981296 1 1
0.903781 0.0466677 5
0.927762 0.239291 3
0.939863 0.264503 3
0.922185 0.114974 4
0.929195 0.241724 3
0.91017 0.103395 4
0.979156 1 1
0.944212 0.510206 2
0.918626 0.111025 4
0.959149 0.556598 2
0.974316 1 1
0.960796 0.563581 2
0.871697 0.000280887 11
0.920823 0.113401 4
0.912152 0.104996 4
0.923127 0.232201 3
0.88312 0.00367083 8
0.946263 0.515123 2
0.974455 1 1
0.908928 0.102442 4
0.958097 0.55237 2
0.888247 0.00857472 7
0.861957 0.000104715 12
0.908183 0.101887 4
0.88697 0.00844596 7
0.892113 0.0194448 6
0.888874 0.00863977 7
0.944672 0.511277 2
0.956173 0.545088 2
0.961635 0.56732 2
0.885857 0.00833764 7
0.914169 0.106734 4
0.921401 0.22983 3
0.906695 0.100816 4
0.886787 0.00177601 9
0.951097 0.528321 2
0.936623 0.256589 3
0.871119 5.53811e-05 13
0.878851 0.000320814 11
0.893179 0.00425566 8
0.90763 0.0234272 6
0.89554 0.00941923 7
0.933101 0.24903 3
0.921813 0.114536 4
0.914498 0.0524804 5
0.868702 2.33918e-05 14
0.859538 7.01973e-07 18
0.911702 0.050744 5
0.931258 0.245454 3
0.976219 1 1
0.893811 0.00920013 7
0.918045 0.110427 4
0.961992 0.568949 2
0.970781 1 1
0.973321 1 1
0.958348 0.553364 2
0.972032 1 1
0.854273 1.3978e-06 17
0.92689 0.23787 3
0.923569 0.23283 3
0.988335 1 1
0.931748 0.24638 3
0.958747 0.554959 2
0.939237 0.49968 2
0.926349 0.0328756 6
0.928829 0.0651456 5
0.988039 1 1
0.926306 0.032844 6
0.916028 0.0135227 7
0.946674 0.164478 4
0.96309 0.365617 3
0.948931 0.292936 3
0.890777 9.24946e-05 13
0.932646 0.0700387 5
0.923338 0.0307878 6
0.914347 0.0130356 7
0.884351 1.64765e-05 15
0.949215 0.294006 3
0.982668 0.719601 2
43 0 2 4 5 6 7 8 9 10 11 12 13 14 15 16 17 18 19 20 21 22 24 25 26 27 28 29 30 32 33 35 36 37 38 39 40 41 43 44 45 46 47 49 
38 0 2 4 5 6 7 8 9 10 11 12 13 14 15 17 18 19 20 22 23 24 25 26 27 28 33 34 35 36 37 38 40 41 42 45 47 48 49 
11 5 6 7 8 10 17 18 25 27 33 41 
17 5 6 7 8 10 11 17 18 19 25 26 27 28 33 41 45 49 
47 0 2 3 4 5 6 7 8 9 10 11 12 13 14 15 16 17 18 19 20 21 22 23 24 25 26 27 28 29 30 32 33 35 36 37 38 39 40 41 42 43 44 45 46 47 48 49 
26 0 2 4 5 6 7 8 10 11 14 15 17 18 19 20 22 25 26 27 28 33 40 41 45 47 49 
20 4 5 6 7 8 10 11 17 18 19 22 25 26 27 28 33 40 41 45 49 
19 4 5 6 7 8 10 11 17 18 19 22 25 26 27 33 40 41 45 49 
42 0 1 2 3 4 5 8 9 10 11 12 13 14 15 16 17 18 19 20 22 23 24 25 26 28 30 31 32 33 34 35 36 37 38 39 40 42 44 45 47 48 49 
37 0 2 4 5 6 7 8 9 10 11 12 13 14 15 17 18 19 20 22 23 24 25 26 27 28 33 34 35 36 37 38 40 41 45 47 48 49 
40 0 2 4 5 6 7 8 9 10 11 12 13 14 15 17 18 19 20 22 23 24 25 26 27 28 30 32 33 35 36 37 38 39 40 41 43 45 47 48 49 
35 0 2 4 5 6 7 8 9 10 11 12 14 15 17 18 19 20 22 24 25 26 27 28 32 33 35 36 37 38 40 41 45 47 48 49 
48 0 1 2 3 4 5 6 7 8 9 10 11 12 13 14 15 16 17 18 19 20 21 22 23 24 25 27 28 29 30 31 32 34 35 36 37 38 39 40 41 42 43 44 45 46 47 48 49 
30 0 2 4 5 6 7 8 9 10 11 14 15 17 18 19 20 22 25 26 27 28 33 35 36 40 41 45 47 48 49 
19 4 5 6 7 8 10 11 17 18 19 22 25 26 27 33 40 41 45 49 
