80 15 6e+06
2.33614 150679
2.83277 149993
2.81094 164736
7.38344 101661
2.98765 126815
3.14149 172196
1.65138 179199
1.07668 197977
1.92076 120682
2.39921 188638
1.40621 190001
2.09151 175999
2.23388 175359
1.56672 119942
1.20261 141397
1.80771 122342
2.85378 161763
1.91085 136794
5.17304 149450
3.04213 129630
1.48963 173672
1.35255 116931
1.16229 145072
5.84317 189393
1.5751 158073
2.12384 148000
2.86159 145095
3.21185 118114
2.0121 108530
2.88038 107352
1.62641 147796
2.25049 168268
1.70499 164915
1.06566 100131
2.4633 166903
3.83761 130643
2.0706 176309
1.92795 117385
3.46422 104954
2.17266 147894
1.36955 190938
2.74446 109973
2.35191 171020
2.53586 134239
2.44695 176079
2.37704 187379
2.30519 164245
1.41943 117332
3.80214 169980
1.14317 139104
1.88338 175348
2.97621 179246
1.12382 192128
1.4211 189836
1.27192 141531
5.38871 116282
1.19753 190414
1.17499 164486
3.66348 137628
5.34439 146149
1.73059 157869
1.66194 187130
1.41424 165846
1.16331 184767
1.15493 143665
2.37623 146569
2.05561 167286
2.05684 163604
3.09965 183468
1.67048 161959
1.04539 111617
1.01275 158864
1.07913 187749
1.02873 184742
1.11549 141419
2.33107 113903
5.62895 161311
1.10501 198430
2.27761 169754
1.67858 174705
0.924722 0.234516 3
0.868822 0.000267336 11
0.934205 0.251292 3
0.884853 0.0037582 8
0.895973 0.0202526 6
0.898376 0.0208073 6
0.934633 0.252194 3
0.941252 0.50372 2
0.861978 4.58995e-05 13
0.893654 0.0197559 6
0.89278 0.0195778 6
0.882999 0.0036649 8
0.983306 1 1
0.960327 0.561543 2
0.875925 0.00150142 9
0.955477 0.542589 2
0.835102 1.55753e-10 27
0.872482 0.000284808 11
0.986282 1 1
0.985685 1 1
0.982356 1 1
0.932661 0.248154 3
0.930003 0.243152 3
0.926465 0.237193 3
0.965287 0.585177 2
0.906759 0.0480722 5
0.85828 8.12687e-06 15
0.901478 0.0456707 5
0.921044 0.113651 4
0.904938 0.0471973 5
0.906113 0.0229352 6
0.957897 0.551587 2
0.95412 0.537904 2
0.877944 6.48621e-05 13
0.868227 4.58915e-06 16
0.868214 4.58741e-06 16
0.927503 0.121947 4
0.925377 0.118987 4
0.90216 0.0103961 7
0.899664 0.00476327 8
0.953724 0.536583 2
0.982787 1 1
0.907272 0.0233086 6
0.914684 0.0526029 5
0.939254 0.262938 3
0.895505 0.000471592 11
0.875634 1.18083e-06 18
0.86768 3.60022e-08 22
0.905502 0.00262103 9
0.881755 6.98587e-06 16
0.879499 2.97106e-06 17
0.89714 0.000493424 11
0.890807 9.25801e-05 13
0.964036 0.372229 3
0.920635 0.0291429 6
0.935535 0.0743449 5
0.896165 0.000480196 11
0.8535 1.18772e-11 0
0.872269 2.14036e-07 20
0.954732 0.317555 3
0.945815 0.514019 2
0.868321 0.000599083 10
0.888095 0.0186954 6
0.958693 0.554741 2
0.934854 0.491801 2
0.932625 0.488212 2
0.938738 0.498722 2
0.932443 0.487929 2
0.977457 1 1
0.976314 1 1
0.946658 0.516114 2
0.892629 0.0195473 6
0.892929 0.0196079 6
0.914339 0.106886 4
0.952371 0.532225 2
0.950999 0.528029 2
0.856023 5.26749e-08 21
0.916013 0.0535003 5
0.914498 0.0524804 5
0.929233 0.124544 4
0.93194 0.128989 4
0.949429 0.294823 3
0.955402 0.542322 2
0.880756 0.000333283 11
0.918772 0.0555194 5
0.899892 0.0100341 7
0.874561 5.98426e-05 13
0.970932 0.618644 2
0.972532 0.629647 2
0.885711 0.000802509 10
0.994135 1 1
0.865791 2.18848e-05 14
0.908453 0.0489364 5
0.960808 0.563631 2
0.960149 0.560781 2
0.960471 0.562164 2
0.971048 1 1
0.968322 0.602192 2
0.929438 0.24215 3
0.971008 1 1
0.93345 0.249736 3
0.889087 0.00399339 8
0.934051 0.25097 3
0.956127 0.54492 2
0.924874 0.118322 4
0.974068 1 1
0.870972 0.00062332 10
0.925564 0.235788 3
0.93183 0.246538 3
0.939773 0.500727 2
0.941631 0.504514 2
0.974518 1 1
0.979691 1 1
0.904074 0.0468001 5
0.940926 0.503047 2
0.923402 0.232591 3
0.891899 0.0194027 6
0.964069 1 1
0.985119 1 1
0.909549 0.102914 4
0.918259 0.110646 4
0.8983 0.020789 6
0.965794 0.587869 2
0.877285 0.000689388 10
0.882083 0.00362076 8
0.883825 0.00370579 8
0.936704 0.256775 3
0.94185 0.504975 2
0.867879 0.00011652 12
0.891426 0.00891822 7
0.908157 0.0487818 5
0.910444 0.103611 4
0.96676 1 1
0.952782 0.533524 2
0.889875 0.00874631 7
0.981783 1 1
0.874935 0.000297744 11
0.92603 0.23651 3
0.937988 0.259802 3
0.942488 0.506344 2
0.943881 0.509444 2
0.982687 1 1
0.985939 1 1
0.913089 0.10579 4
0.949298 0.523126 2
0.931642 0.246178 3
0.896813 0.0204416 6
0.956765 0.547269 2
0.979593 1 1
0.918274 0.110661 4
0.927557 0.238953 3
0.904366 0.0469332 5
0.908402 0.102049 4
0.920059 0.228075 3
0.900932 0.0454445 5
0.899537 0.0448837 5
0.935807 0.493416 2
0.929504 0.242265 3
0.962404 1 1
0.942168 0.505653 2
0.979725 1 1
0.928877 0.241173 3
0.892177 0.0194574 6
0.91046 0.103623 4
0.994965 1 1
0.928148 0.122894 4
0.863098 4.00079e-06 16
0.927731 0.122279 4
0.889146 0.00399687 8
0.901657 0.0216394 6
0.904194 0.0223515 6
0.935484 0.254032 3
0.94217 0.270782 3
0.863133 4.00439e-06 16
0.896562 0.0095551 7
0.891242 0.00412673 8
0.878108 0.000316184 11
0.982624 1 1
0.962038 0.569162 2
0.874916 0.00013388 12
0.963233 0.574807 2
0.840959 6.4041e-12 0
0.87949 6.7402e-05 13
0.984861 1 1
0.985539 1 1
0.983143 1 1
0.940139 0.265223 3
0.937542 0.139923 4
0.927928 0.122568 4
0.969607 0.610065 2
0.912177 0.025088 6
0.86419 3.57005e-07 19
0.908454 0.0115897 7
0.928386 0.12325 4
0.909182 0.0117489 7
0.905519 0.100002 4
0.872806 0.00143819 9
0.937375 0.496189 2
0.865663 0.000253742 11
0.875372 0.00148979 9
0.877647 0.00342288 8
0.918559 0.2262 3
0.924711 0.2345 3
0.84778 1.19381e-06 17
0.875946 0.00150187 9
0.883167 0.00808983 7
0.883243 0.00809655 7
0.963614 1 1
0.941432 0.504097 2
0.865678 0.000253804 11
0.963837 0.577765 2
0.83705 7.08543e-11 28
0.88444 0.00170796 9
0.956694 0.547005 2
0.9792 1 1
0.982403 1 1
0.941528 0.268976 3
0.942026 0.270374 3
0.904788 0.0225278 6
0.947992 0.519571 2
0.900733 0.0213955 6
0.859008 3.6101e-06 16
0.924641 0.118017 4
0.94091 0.26728 3
0.893457 0.0091569 7
0.93146 0.128164 4
0.865321 3.70619e-07 19
0.929873 0.125552 4
0.892044 0.000915041 10
0.904101 0.0107324 7
0.90659 0.0112036 7
0.939117 0.26259 3
0.945829 0.28201 3
0.866455 8.64434e-07 18
0.899818 0.00477704 8
0.894631 0.00205205 9
0.880745 6.95914e-05 13
0.986211 1 1
0.965754 0.587658 2
0.878286 2.97908e-05 14
0.933891 0.250639 3
0.912244 0.0510672 5
0.975894 1 1
0.893758 0.00919363 7
0.894068 0.00923194 7
0.895261 0.00938301 7
0.956209 0.545219 2
0.959512 0.558096 2
0.890787 0.00409771 8
0.910847 0.050248 5
0.93343 0.249693 3
0.929341 0.241978 3
0.960099 0.560569 2
0.960889 0.563986 2
0.914629 0.107148 4
0.94966 0.524143 2
0.859942 8.43724e-06 15
0.883676 0.00168699 9
0.969902 1 1
0.94496 0.511956 2
0.942507 0.506385 2
0.938181 0.26027 3
0.932377 0.247595 3
0.96792 1 1
0.983115 1 1
0.937505 0.258645 3
0.884116 0.00372049 8
0.893927 0.0092145 7
0.915525 0.107971 4
0.941493 0.504224 2
0.938874 0.142926 4
0.924537 0.0605361 5
0.957601 0.332152 3
0.90657 0.00547532 8
0.898964 0.00224661 9
0.899156 0.00225613 9
0.961313 0.565872 2
0.958831 0.33898 3
0.918488 0.0279702 6
0.9279 0.064074 5
0.966912 0.594019 2
0.94844 0.291111 3
0.933075 0.131003 4
0.945478 0.280862 3
0.947353 0.287205 3
0.939825 0.145178 4
0.87998 3.02354e-06 17
0.894388 0.000217788 12
0.94463 0.158095 4
0.922304 0.0301348 6
0.920361 0.014969 7
0.938472 0.142002 4
0.931847 0.0689448 5
0.982459 0.71733 2
0.964788 0.377684 3
0.958636 0.337875 3
0.904387 0.00254893 9
0.892017 9.61899e-05 13
0.912755 0.00632955 8
0.966912 0.594019 2
0.952125 0.531456 2
0.893043 0.00424627 8
0.913951 0.0521266 5
0.940734 0.266807 3
0.923721 0.116843 4
0.92255 0.115407 4
0.957072 0.548421 2
0.950299 0.525974 2
0.961219 0.565448 2
0.964405 0.580617 2
0.973069 1 1
0.918177 0.110562 4
0.910139 0.0498482 5
0.930531 0.244106 3
0.969561 0.609781 2
0.915182 0.107653 4
0.903978 0.0222884 6
0.971479 1 1
0.874557 0.000295678 11
0.878271 0.00070096 10
0.879895 0.000720886 10
0.934686 0.252308 3
0.939361 0.263211 3
0.867808 5.15974e-05 13
0.889508 0.00401866 8
0.909769 0.0496435 5
0.915374 0.10783 4
0.960618 0.562804 2
0.948452 0.520802 2
0.891377 0.00891271 7
0.941864 0.505004 2
0.861405 4.5395e-05 13
0.881007 0.00357041 8
0.961609 0.567204 2
0.936308 0.25587 3
0.933798 0.250448 3
0.932607 0.248047 3
0.926532 0.237299 3
0.976685 1 1
0.974403 1 1
0.939039 0.499298 2
0.885475 0.00830134 7
0.887659 0.00851486 7
0.909058 0.10254 4
0.945771 0.513911 2
0.938802 0.2618 3
0.918102 0.110485 4
0.9712 0.620436 2
0.900738 0.0101654 7
0.897983 0.00975236 7
0.89879 0.00986903 7
0.962561 0.571598 2
0.963676 0.57697 2
0.902817 0.0219571 6
0.919639 0.112097 4
0.947275 0.517691 2
0.938157 0.260212 3
0.950269 0.525887 2
0.957719 0.550896 2
0.92817 0.122928 4
0.936023 0.136699 4
0.872518 1.05669e-06 18
0.937216 0.139214 4
0.895389 0.000987775 10
0.905712 0.0053748 8
0.908018 0.00565391 8
0.945909 0.282276 3
0.952641 0.307981 3
0.872429 1.05344e-06 18
0.904658 0.00525643 8
0.9022 0.00241794 9
0.888415 0.000183919 12
0.994813 1 1
0.972153 0.626976 2
0.885522 7.9147e-05 13
0.966351 1 1
0.891544 0.0193334 6
0.922708 0.231614 3
0.943553 0.508702 2
0.93161 0.246118 3
0.931045 0.245054 3
0.973399 1 1
0.966491 1 1
0.946954 0.516867 2
0.966353 1 1
0.965546 1 1
0.916335 0.108737 4
0.925359 0.235476 3
0.946433 0.515549 2
0.955373 0.542221 2
0.981038 1 1
0.87016 0.000615701 10
0.92221 0.230925 3
0.938386 0.498057 2
0.945232 0.512605 2
0.946889 0.516701 2
0.976985 1 1
0.98047 1 1
0.909802 0.103109 4
0.947584 0.518495 2
0.926405 0.237097 3
0.891759 0.0193754 6
0.957295 0.549266 2
0.979008 1 1
0.913439 0.106092 4
0.904912 0.0108808 7
0.883215 0.000350795 11
0.877931 0.000142785 12
0.911695 0.0248976 6
0.888509 0.000848683 10
0.886404 0.000813477 10
0.90758 0.0234107 6
0.901197 0.0102385 7
0.970275 0.614329 2
0.928671 0.123681 4
0.946721 0.285012 3
0.904809 0.0108616 7
0.863629 1.79143e-06 17
0.882447 0.00034514 11
0.966032 0.589157 2
0.95108 0.528272 2
0.88499 0.0017234 9
0.905082 0.0226166 6
0.947239 0.5176 2
0.927851 0.122456 4
0.926328 0.12028 4
0.951419 0.529291 2
0.944692 0.278342 3
0.969123 0.607053 2
0.970376 0.614985 2
0.964812 0.5827 2
0.909859 0.0496933 5
0.904332 0.0223922 6
0.925272 0.118847 4
0.966064 0.58933 2
0.961276 0.565706 2
0.871553 0.000125052 12
0.930413 0.243891 3
0.919777 0.112246 4
0.929204 0.241739 3
0.931323 0.245575 3
0.966373 0.591021 2
0.97292 1 1
0.893303 0.00913827 7
0.928672 0.240821 3
0.916668 0.109058 4
0.89103 0.0088735 7
0.97654 1 1
0.99112 1 1
0.901578 0.0216182 6
0.893258 0.00913276 7
0.96852 1 1
0.939944 0.501067 2
0.868246 0.000117326 12
0.856864 3.42772e-06 16
0.856636 3.40915e-06 16
0.913518 0.106161 4
0.91093 0.103997 4
0.898338 0.020798 6
0.890067 0.00876717 7
0.946986 0.516949 2
0.994719 1 1
0.892061 0.00899111 7
0.899603 0.0211077 6
0.936756 0.256894 3
0.978115 0.674407 2
0.849519 9.67254e-12 0
0.89661 0.000486154 11
0.958479 0.33699 3
0.972304 0.628038 2
0.97429 0.642625 2
0.955476 0.321172 3
0.955629 0.32193 3
0.913146 0.0127095 7
0.956655 0.327141 3
0.91352 0.0128091 7
0.871819 4.6545e-07 19
0.933394 0.0710997 5
0.952096 0.305622 3
0.905184 0.00260003 9
0.924213 0.0602215 5
0.865354 8.3513e-07 18
0.930454 0.126489 4
0.884846 0.000363389 11
0.896732 0.00214195 9
0.899212 0.00472357 8
0.932985 0.130839 4
0.939632 0.263905 3
0.860544 6.15572e-08 21
0.892941 0.00198519 9
0.890287 0.000880846 10
0.879617 6.76185e-05 13
0.981366 1 1
0.959073 0.556283 2
0.87364 1.18889e-05 15
0.975353 0.650946 2
0.878659 2.88251e-06 17
0.931741 0.0688018 5
0.931758 0.0688244 5
0.936239 0.0754823 5
0.937702 0.140274 4
0.983306 0.726664 2
0.988946 1 1
0.909477 0.00584634 8
0.943854 0.155821 4
0.931799 0.0688796 5
0.900071 0.00110991 10
0.962374 0.36079 3
0.98561 0.753823 2
0.917323 0.0139244 7
0.928514 0.240552 3
0.897263 0.00965108 7
0.902601 0.021897 6
0.924898 0.118353 4
0.904559 0.0224595 6
0.90297 0.0219999 6
0.93427 0.251428 3
0.927787 0.239333 3
0.970059 1 1
0.946366 0.51538 2
0.973089 1 1
0.921546 0.114225 4
0.889548 0.00402103 8
0.908549 0.0489868 5
0.988083 1 1
0.956408 0.325865 3
0.832338 4.36115e-12 0
0.882363 3.34391e-05 14
0.94591 0.28228 3
0.969853 0.611622 2
0.973269 0.634972 2
0.93621 0.137086 4
0.937805 0.140501 4
0.894549 0.000459605 11
0.937341 0.139485 4
0.892902 0.000440176 11
0.853627 6.27737e-11 29
0.926806 0.0628665 5
0.94031 0.146361 4
0.884694 7.73369e-05 13
0.958784 0.338713 3
0.838137 5.63066e-12 0
0.875612 2.59235e-06 17
0.987492 1 1
0.984892 0.745062 2
0.98187 0.711031 2
0.93601 0.136674 4
0.933259 0.0709052 5
0.928365 0.0646047 5
0.96831 0.602124 2
0.909882 0.00590211 8
0.861384 2.42137e-09 25
0.904075 0.00252937 9
0.923916 0.0311666 6
0.907745 0.00561934 8
0.890801 0.0191908 6
0.971913 1 1
0.955796 0.543724 2
0.860738 4.48195e-05 13
0.852703 7.20158e-06 15
0.852925 7.23533e-06 15
0.912817 0.105557 4
0.911845 0.104742 4
0.883117 0.00808533 7
0.881732 0.00360414 8
0.93355 0.249938 3
0.981076 1 1
0.90129 0.0455926 5
0.90448 0.0469854 5
0.91975 0.227681 3
0.910918 0.0121492 7
0.883605 7.50599e-05 13
0.949272 0.294221 3
0.870321 2.18325e-06 17
0.878093 2.9635e-05 14
0.880166 3.13876e-05 14
0.926199 0.0622212 5
0.932063 0.129202 4
0.855796 1.9022e-09 25
0.882202 7.22899e-05 13
0.893237 0.000939775 10
0.894495 0.000967279 10
0.967231 0.595828 2
0.947003 0.285983 3
0.8754 1.24922e-05 15
0.895653 0.000473493 11
0.946444 0.163729 4
0.97874 0.680101 2
0.860116 1.0105e-09 26
0.856718 1.66727e-10 28
0.857524 1.73411e-10 28
0.918334 0.0142553 7
0.919593 0.0285599 6
0.871247 2.05596e-07 20
0.879313 6.42784e-06 16
0.920872 0.0292791 6
0.952085 0.305575 3
0.92078 0.0292259 6
0.918107 0.0141797 7
0.903929 0.00252034 9
0.912431 0.10523 4
0.927863 0.239459 3
0.99732 1 1
0.874225 0.000655752 10
0.873164 0.0002883 11
0.874236 0.000655861 10
0.934979 0.252935 3
0.937388 0.258369 3
0.877938 0.00154537 9
0.892266 0.00901498 7
0.925166 0.235183 3
0.939656 0.500497 2
0.941942 0.50517 2
0.938386 0.260771 3
0.906747 0.0480665 5
0.973295 1 1
0.888282 0.00394604 8
0.923894 0.117061 4
0.945428 0.513076 2
0.936078 0.255353 3
0.935794 0.254718 3
0.979824 1 1
0.972937 1 1
0.941245 0.268194 3
0.966729 0.592994 2
0.959099 0.55639 2
0.912671 0.0513258 5
0.93133 0.245588 3
0.952973 0.534137 2
0.948075 0.519792 2
0.974706 1 1
0.882932 0.00166709 9
0.934868 0.252695 3
0.931323 0.245575 3
0.933912 0.250682 3
0.935161 0.253329 3
0.988055 1 1
0.994186 1 1
0.912393 0.0511566 5
0.945042 0.512151 2
0.936549 0.256418 3
0.904646 0.0224853 6
0.960405 0.561879 2
0.983311 1 1
0.921698 0.114402 4
0.877918 5.89715e-07 19
0.98718 0.773918 2
0.934627 0.07293 5
0.852042 1.10046e-11 0
0.841514 6.57065e-12 0
0.841408 6.53855e-12 0
0.898589 0.000248472 12
0.896661 0.000233557 12
0.881723 1.49351e-06 18
0.873402 4.6228e-08 22
0.929032 0.0350013 6
0.984872 0.744829 2
0.882367 3.30565e-06 17
0.88728 1.82262e-05 15
0.919547 0.014674 7
0.905553 0.00129255 10
0.953459 0.311626 3
0.972612 0.630215 2
0.872627 9.83884e-08 21
0.866368 3.05216e-09 25
0.866806 3.1174e-09 25
0.928355 0.0344395 6
0.928031 0.0341769 6
0.888895 4.10222e-05 14
0.893188 9.99055e-05 13
0.939983 0.14556 4
0.968632 0.604051 2
0.918685 0.0143743 7
0.921699 0.0154795 7
0.92329 0.0307565 6
0.942945 0.153252 4
0.910174 0.00594294 8
0.927478 0.0636015 5
0.923873 0.0311378 6
0.909343 0.00582812 8
0.908581 0.00572672 8
0.956076 0.324173 3
0.950052 0.297236 3
0.948052 0.169122 4
0.947184 0.166162 4
0.989912 1 1
0.935794 0.0747593 5
0.913104 0.00638552 8
0.931085 0.067937 5
0.974827 0.646783 2
0.986443 1 1
0.874615 2.70332e-05 14
0.913772 0.0257462 6
0.957428 0.549775 2
0.950888 0.300582 3
0.950711 0.299866 3
0.975875 0.655176 2
0.970886 0.618334 2
0.937563 0.258783 3
0.974578 0.644845 2
0.944621 0.278118 3
0.898475 0.00466022 8
0.931716 0.128601 4
0.954226 0.538262 2
0.935893 0.254937 3
0.996186 1 1
0.866034 4.32231e-06 16
0.909604 0.024112 6
0.958943 0.555754 2
0.959442 0.557803 2
0.959944 0.559909 2
0.972123 0.626764 2
0.969791 0.611228 2
0.927538 0.121997 4
0.968807 0.605116 2
0.932792 0.248413 3
0.889207 0.00185249 9
0.936095 0.255391 3
0.958153 0.552591 2
0.923754 0.116885 4
0.949172 0.293844 3
0.911973 0.0124075 7
0.938977 0.143165 4
0.922358 0.0301681 6
0.911494 0.0122889 7
0.911211 0.0122197 7
0.966846 0.593648 2
0.961527 0.566832 2
0.936569 0.137834 4
0.944932 0.279102 3
0.979203 0.684425 2
0.937199 0.139176 4
0.925952 0.0619632 5
0.943254 0.154114 4
0.961109 0.56496 2
0.923018 0.0590965 5
0.898924 0.00469862 8
0.900544 0.00484287 8
0.919847 0.0563678 5
0.8993 0.0047312 8
0.897683 0.00459433 8
0.929326 0.12469 4
0.922936 0.0590216 5
0.968026 0.600435 2
0.94091 0.26728 3
0.971256 0.620813 2
0.92277 0.0588698 5
0.885274 0.000366835 11
0.903866 0.0106903 7
0.989844 1 1
0.954841 0.540363 2
0.83624 5.1727e-12 0
0.872386 1.14867e-05 15
0.990032 1 1
0.981783 1 1
0.978497 0.67787 2
0.932533 0.13003 4
0.929542 0.125027 4
0.929848 0.125512 4
0.967727 0.598685 2
0.908618 0.0116252 7
0.859532 5.94004e-08 21
0.899852 0.00478008 8
0.919743 0.0562841 5
0.907397 0.011367 7
0.909358 0.0494191 5
0.942614 0.27206 3
0.93131 0.24555 3
0.889067 0.00399215 8
0.874972 0.000297947 11
0.874352 0.000294572 11
0.926896 0.23788 3
0.922689 0.115575 4
0.923388 0.116429 4
0.911501 0.0506264 5
0.971123 1 1
0.967947 0.599973 2
0.89514 0.00936739 7
0.907514 0.0484512 5
0.962924 0.57332 2
0.941797 0.269727 3
0.866201 4.34181e-06 16
0.929382 0.124777 4
0.902105 0.0103871 7
0.913999 0.0521575 5
0.916453 0.0538079 5
0.948018 0.289574 3
0.954751 0.54005 2
0.875235 6.07883e-05 13
0.909713 0.0241515 6
0.901351 0.0102634 7
0.883139 0.000350228 11
0.987985 1 1
0.975037 0.648433 2
0.885461 0.000798638 10
0.948849 0.521884 2
0.914616 0.107136 4
0.947528 0.51835 2
0.917742 0.225215 3
0.909258 0.102692 4
0.909295 0.10272 4
0.969822 1 1
0.965769 1 1
0.927785 0.23933 3
0.939418 0.500032 2
0.971584 1 1
0.939141 0.499495 2
0.93325 0.249329 3
0.949136 0.522676 2
0.952672 0.533176 2
0.938234 0.260399 3
0.907439 0.0484133 5
0.919657 0.112117 4
0.924209 0.117461 4
0.90758 0.0484848 5
0.906534 0.0479614 5
0.948819 0.521801 2
0.942573 0.506529 2
0.955203 0.541622 2
0.947397 0.518007 2
0.989234 1 1
0.932836 0.248501 3
0.90511 0.0472775 5
0.923425 0.116475 4
0.98313 1 1
0.911017 0.0246358 6
0.907481 0.0233778 6
0.974132 0.641418 2
0.87075 1.09937e-05 15
0.873879 2.65304e-05 14
0.875442 6.10839e-05 13
0.931008 0.127404 4
0.935378 0.2538 3
0.865782 1.9051e-06 17
0.886131 0.000809128 10
0.908873 0.0238525 6
0.917767 0.0547588 5
0.955173 0.541517 2
0.943517 0.274725 3
0.890492 0.001896 9
0.987323 1 1
0.877231 0.000310873 11
0.924381 0.117682 4
0.943784 0.509223 2
0.944691 0.511321 2
0.94559 0.513468 2
0.986794 1 1
0.985788 1 1
0.921637 0.114331 4
0.957289 0.549246 2
0.938452 0.260934 3
0.899948 0.0211943 6
0.948837 0.521853 2
0.971754 1 1
0.925934 0.119739 4
0.976168 0.657587 2
0.876226 2.64724e-06 17
0.929483 0.0659255 5
0.932696 0.0701082 5
0.938065 0.14108 4
0.93962 0.144683 4
0.981129 0.703333 2
0.986362 1 1
0.908618 0.00573148 8
0.943932 0.156045 4
0.929663 0.0661453 5
0.897577 0.00104156 10
0.962267 0.360083 3
0.985244 0.749322 2
0.915491 0.0133628 7
0.913003 0.0254236 6
0.883919 0.000356125 11
0.882855 0.000159826 12
0.919239 0.0558831 5
0.896151 0.00211626 9
0.894079 0.00202969 9
0.915197 0.026372 6
0.908735 0.023804 6
0.977382 0.667908 2
0.936866 0.257148 3
0.952161 0.305901 3
0.906449 0.0111757 7
0.870611 4.90908e-06 16
0.889823 0.000872232 10
0.970739 0.617362 2
0.954889 0.31831 3
0.866127 3.0171e-09 25
0.926434 0.0329391 6
0.914995 0.00670623 8
0.926582 0.0330502 6
0.928961 0.034942 6
0.958112 0.334946 3
0.964587 0.376207 3
0.886159 1.75242e-05 15
0.922254 0.0157011 7
0.908873 0.00286413 9
0.884835 7.80093e-06 16
0.979004 0.682554 2
0.983532 0.72921 2
0.893855 0.000102125 13
0.972898 1 1
0.845579 1.13397e-06 17
0.893796 0.0197854 6
0.955288 0.541921 2
0.97255 1 1
0.975096 1 1
0.95122 0.52869 2
0.951949 0.530909 2
0.908174 0.10188 4
0.951564 0.529729 2
0.9084 0.102048 4
0.867582 0.000592636 10
0.933123 0.48899 2
0.950499 0.526554 2
0.89995 0.0450475 5
0.915195 0.0529425 5
0.898856 0.00987876 7
0.895589 0.00942559 7
0.913541 0.051866 5
0.892492 0.00420886 8
0.890795 0.00409821 8
0.921577 0.114262 4
0.915279 0.0529988 5
0.96548 0.586194 2
0.933828 0.250508 3
0.965471 0.586147 2
0.921817 0.11454 4
0.878219 0.000316863 11
0.89642 0.00953587 7
0.985388 1 1
0.971087 0.619675 2
0.858257 2.49218e-08 22
0.892527 0.000924897 10
0.979887 0.690959 2
0.964209 0.579624 2
0.962533 0.571465 2
0.952942 0.309308 3
0.948436 0.291096 3
0.945492 0.280905 3
0.990636 1 1
0.93243 0.129846 4
0.882204 0.000157369 12
0.912423 0.0251867 6
0.934172 0.133042 4
0.929711 0.125294 4
0.986491 1 1
0.862914 2.97071e-08 22
0.902917 0.00507248 8
0.967911 0.59976 2
0.963762 0.577392 2
0.963476 0.575989 2
0.965153 0.584473 2
0.961691 0.567575 2
0.934497 0.133664 4
0.977762 0.671251 2
0.93311 0.131066 4
0.886484 0.000174865 12
0.926863 0.0629278 5
0.94879 0.292406 3
0.92636 0.0623907 5
0.947167 0.286553 3
0.902673 0.00504783 8
0.92147 0.0577203 5
0.931141 0.127626 4
0.915525 0.0265213 6
0.914588 0.0260999 6
0.957051 0.548342 2
0.950568 0.299289 3
0.954512 0.539233 2
0.954644 0.539682 2
0.983163 1 1
0.92808 0.122793 4
0.911827 0.0249494 6
0.931004 0.127396 4
0.974422 0.643639 2
0.935327 0.135292 4
0.913497 0.0128031 7
0.924298 0.0603032 5
0.918776 0.0281214 6
0.903074 0.00246868 9
0.902173 0.00241639 9
0.948132 0.289984 3
0.942233 0.151312 4
0.949267 0.294204 3
0.941925 0.150491 4
0.995885 1 1
0.939088 0.143424 4
0.906211 0.00543275 8
0.923596 0.0596332 5
0.981831 0.710624 2
0.938391 0.260782 3
0.923992 0.117186 4
0.947985 0.519554 2
0.910085 0.0498182 5
0.899991 0.0212053 6
0.899857 0.0211715 6
0.958606 0.554393 2
0.954678 0.539801 2
0.927305 0.238542 3
0.932343 0.247529 3
0.977487 1 1
0.949281 0.52308 2
0.924665 0.118049 4
0.938939 0.262142 3
0.957719 0.550896 2
0.888518 0.00395978 8
0.972734 1 1
0.936701 0.256767 3
0.863872 9.2477e-06 15
0.852371 1.07899e-07 20
0.85213 1.07115e-07 20
0.908676 0.0490541 5
0.906135 0.0229424 6
0.894823 0.00932674 7
0.885608 0.00174112 9
0.942546 0.27186 3
0.994186 1 1
0.887905 0.00392432 8
0.89504 0.00935454 7
0.933199 0.249226 3
0.944967 0.279213 3
0.917555 0.0546018 5
0.959694 0.558856 2
0.909603 0.0241116 6
0.904124 0.0107365 7
0.904567 0.010817 7
0.968539 0.603495 2
0.967105 0.59511 2
0.915334 0.0264343 6
0.929912 0.125613 4
0.959905 0.559743 2
0.940316 0.265691 3
0.942293 0.271133 3
0.954854 0.540408 2
0.940695 0.266702 3
0.914658 0.0525856 5
0.925558 0.119229 4
0.918558 0.110954 4
0.900332 0.0101019 7
0.883608 0.000770956 10
0.882598 0.000756671 10
0.928485 0.123399 4
0.923168 0.116158 4
0.940314 0.265684 3
0.92271 0.115601 4
0.979645 1 1
0.949826 0.524615 2
0.890594 0.00408557 8
0.905831 0.0228468 6
0.980618 1 1
0.91923 0.111659 4
0.907521 0.0484548 5
0.90545 0.0474382 5
0.912394 0.105199 4
0.892965 0.00909761 7
0.891534 0.00893051 7
0.928176 0.239982 3
0.922051 0.114815 4
0.958575 0.554267 2
0.934 0.250865 3
0.975545 1 1
0.931285 0.245503 3
0.885768 0.00380629 8
0.903356 0.0464783 5
0.995012 1 1
0.993858 1 1
0.868654 9.27721e-07 18
0.915783 0.0266407 6
0.950057 0.29726 3
0.953645 0.312473 3
0.954724 0.317519 3
0.977067 0.665181 2
0.976663 0.661733 2
0.920408 0.0568248 5
0.959877 0.559628 2
0.931321 0.127929 4
0.891285 0.00042249 11
0.94517 0.279865 3
0.967312 0.59629 2
0.920333 0.0567634 5
0.93002 0.125787 4
0.912061 0.0250418 6
0.917928 0.0548787 5
0.917062 0.0542428 5
0.89989 0.00478345 8
0.898788 0.00468689 8
0.941309 0.26837 3
0.935296 0.135228 4
0.953355 0.535373 2
0.939883 0.264554 3
0.989955 1 1
0.937223 0.257979 3
0.899112 0.00471485 8
0.916594 0.0539076 5
0.989586 1 1
0.916964 0.0541722 5
0.94007 0.265042 3
0.981154 1 1
0.881962 0.000341658 11
0.877105 0.000140245 12
0.877704 0.00014208 12
0.940227 0.265454 3
0.940464 0.266083 3
0.893184 0.00425597 8
0.902004 0.0103702 7
0.943203 0.273786 3
0.95733 0.5494 2
0.93148 0.128198 4
0.934863 0.252686 3
0.924958 0.118431 4
0.968241 0.601709 2
0.882173 3.32538e-05 14
0.937628 0.140112 4
0.924948 0.0609415 5
0.929551 0.0660085 5
0.931089 0.067942 5
0.980705 0.69904 2
0.987642 1 1
0.904961 0.00528993 8
0.937579 0.140003 4
0.930878 0.0676691 5
0.902934 0.00246042 9
0.968351 0.602368 2
0.991354 1 1
0.915375 0.0264528 6
0.938088 0.497501 2
0.872696 0.00143606 9
0.887623 0.00851119 7
0.948881 0.521972 2
0.925119 0.235111 3
0.922923 0.231913 3
0.933961 0.490331 2
0.927468 0.238807 3
0.986666 1 1
0.966537 1 1
0.950623 0.526918 2
0.896864 0.0438719 5
0.887833 0.00853242 7
0.908823 0.102363 4
0.959566 0.558321 2
0.909079 0.0239248 6
0.880478 0.000151172 12
0.945758 0.281778 3
0.868672 2.07552e-06 17
0.877016 2.87866e-05 14
0.87915 6.68289e-05 13
0.923721 0.059751 5
0.929677 0.125241 4
0.853191 3.93172e-09 24
0.880094 6.84419e-05 13
0.890078 0.000876939 10
0.891148 0.000897288 10
0.966176 0.589941 2
0.945192 0.279935 3
0.872337 1.14714e-05 15
0.921098 0.113712 4
0.935324 0.253683 3
0.982186 1 1
0.885342 0.00173345 9
0.881029 0.000735489 10
0.881689 0.00163492 9
0.944489 0.510849 2
0.944967 0.511972 2
0.894604 0.00929902 7
0.905139 0.0472912 5
0.943847 0.509366 2
0.953102 0.53455 2
0.936008 0.255196 3
0.939651 0.263952 3
0.925221 0.118779 4
0.908907 0.0116882 7
0.927654 0.063798 5
0.915528 0.0265229 6
0.895315 0.00208045 9
0.878311 2.98116e-05 14
0.877265 2.8979e-05 14
0.922744 0.0588459 5
0.917525 0.027479 6
0.93724 0.139266 4
0.917441 0.0274372 6
0.973488 0.636583 2
0.95093 0.300752 3
0.885667 0.000171266 12
0.90046 0.0048351 8
0.976698 0.662027 2
0.963344 0.367365 3
0.836249 5.1748e-12 0
0.881735 6.98083e-06 16
0.962676 0.362808 3
0.985764 0.755725 2
0.988854 1 1
0.940079 0.145795 4
0.939864 0.145272 4
0.908934 0.00577319 8
0.951981 0.305132 3
0.901837 0.00116344 10
0.858518 1.82127e-10 28
0.919728 0.0147387 7
0.936886 0.138505 4
0.895582 0.000472585 11
41 0 2 5 7 8 9 11 13 14 15 16 18 21 23 24 26 29 31 32 33 35 37 38 39 40 42 43 44 52 53 55 56 57 59 60 68 71 73 74 76 77 
18 0 8 11 13 15 16 21 24 32 37 38 39 40 44 52 55 73 76 
8 8 13 21 38 39 40 55 76 
79 0 1 2 3 4 5 6 7 8 9 10 11 12 13 14 15 16 17 18 19 20 21 22 23 24 25 26 27 28 29 30 31 32 33 34 35 36 37 38 39 40 41 42 44 45 46 47 48 49 50 51 52 53 54 55 56 57 58 59 60 61 62 63 64 65 66 67 68 69 70 71 72 73 74 75 76 77 78 79 
67 0 2 5 6 7 8 9 10 11 13 14 15 16 18 20 21 23 24 25 26 28 29 30 31 32 33 34 35 37 38 39 40 41 42 44 45 46 47 48 49 51 52 53 54 55 56 57 59 60 61 62 63 64 65 66 67 68 69 70 71 72 73 74 76 77 78 79 
54 0 2 5 6 7 8 9 11 13 14 15 16 18 21 23 24 25 26 29 30 31 32 33 35 37 38 39 40 41 42 44 45 46 47 48 51 52 53 55 56 57 59 60 63 65 66 67 68 71 73 74 76 77 79 
34 0 2 5 7 8 9 11 13 15 16 18 21 23 24 26 29 32 33 37 38 39 40 42 43 44 52 55 57 59 68 73 74 76 77 
34 0 2 5 7 8 11 13 15 16 18 21 23 24 29 30 32 33 37 38 39 40 42 43 44 52 55 59 66 67 68 73 74 76 77 
77 0 1 2 4 5 6 7 8 9 10 11 12 13 14 15 16 17 18 19 20 21 23 24 25 26 27 28 29 30 31 32 33 34 35 36 37 38 39 40 41 42 43 44 45 46 47 48 49 51 52 53 54 55 56 57 58 59 60 61 62 63 64 65 66 67 68 69 70 71 72 73 74 75 76 77 78 79 
68 0 2 5 6 7 8 9 10 11 13 14 15 16 18 20 21 23 24 25 26 28 29 30 31 32 33 34 35 37 38 39 40 41 42 43 44 45 46 47 48 49 51 52 53 54 55 56 57 59 60 61 62 63 64 65 66 67 68 69 70 71 72 73 74 76 77 78 79 
41 0 2 5 7 8 9 11 13 15 16 18 21 23 24 26 29 30 32 33 37 38 39 40 42 43 44 48 51 52 53 55 56 57 59 66 67 68 73 74 76 77 
23 0 5 8 11 13 15 16 21 23 24 32 37 38 39 40 43 44 52 55 59 73 76 77 
22 0 2 8 11 13 15 16 21 24 30 32 37 38 39 40 43 44 55 67 73 76 77 
23 0 5 8 11 13 15 16 21 23 24 29 32 37 38 39 40 44 52 55 59 73 76 77 
72 0 1 2 4 5 6 7 8 9 10 11 12 13 14 15 16 17 18 19 20 21 22 23 24 25 26 28 29 30 31 32 33 35 36 37 38 39 40 41 42 43 44 45 46 47 48 50 51 52 53 54 55 56 57 59 60 62 63 64 65 66 67 68 69 71 72 73 74 75 76 77 79 
