60 15 8e+06
1.19793 166258
1.90177 194146
1.06135 101550
1.76722 167098
2.17729 158825
2.40725 188285
2.30456 123971
1.55566 153000
2.02496 131884
1.62625 170925
2.77632 170044
2.97857 158346
1.16854 194965
2.07677 184812
1.74651 115631
1.05148 164163
1.36514 115534
1.05222 101723
2.95627 135542
1.11895 168381
1.03632 156029
2.53664 141766
1.98377 184436
2.65834 183787
1.93091 134092
1.99483 181037
2.83228 144920
1.70605 119146
2.02257 138105
1.40811 101479
1.63743 143589
1.58682 160243
1.00045 179843
1.73348 194594
1.00278 141371
1.61525 108784
1.49807 179107
2.72381 185742
1.51507 165135
1.44783 100347
1.77287 174609
1.84908 150490
1.37088 144859
1.88895 197186
1.4749 116459
2.73406 196017
2.61094 140863
1.06533 176079
2.35546 186651
1.89642 125055
1.20074 132089
1.91225 162867
1.34294 175942
2.5722 109793
1.63635 110475
2.87827 170835
2.8685 115835
2.37796 148709
1.89494 108691
2.15519 179409
0.920876 0.113461 4
0.879822 0.000719976 10
0.884247 0.0017026 9
0.963986 0.578506 2
0.891851 0.00896683 7
0.896616 0.00956235 7
0.993338 1 1
0.904018 0.0223001 6
0.916947 0.109331 4
0.972377 1 1
0.940646 0.266569 3
0.908664 0.0490475 5
0.934599 0.252123 3
0.905047 0.047248 5
0.961254 0.565604 2
0.959347 0.341954 3
0.951238 0.302017 3
0.914545 0.0130908 7
0.92835 0.0645874 5
0.897501 0.00103961 10
0.894902 0.000463971 11
0.894036 0.000453391 11
0.960739 0.350311 3
0.956841 0.328109 3
0.903912 0.00251934 9
0.948466 0.291206 3
0.900283 0.00231349 9
0.945598 0.281252 3
0.967115 0.595166 2
0.932338 0.069613 5
0.929852 0.242882 3
0.888915 0.00864409 7
0.912469 0.105262 4
0.966683 1 1
0.918782 0.226473 3
0.922932 0.231926 3
0.969639 1 1
0.930424 0.243912 3
0.943839 0.509348 2
0.986492 1 1
0.949276 0.523065 2
0.935161 0.492316 2
0.962395 1 1
0.91572 0.108153 4
0.979703 1 1
0.91139 0.00611925 8
0.91001 0.00295564 9
0.935851 0.0748512 5
0.890616 4.34812e-05 14
0.910718 0.00301527 9
0.904953 0.00127005 10
0.864527 1.24729e-09 26
0.956992 0.328903 3
0.943455 0.154679 4
0.880147 1.40205e-06 18
0.905287 0.00128248 10
0.904544 0.00125508 10
0.925281 0.0321014 6
0.918359 0.0142637 7
0.90044 0.000543274 11
0.920617 0.0150641 7
0.8929 0.000208408 12
0.965763 0.587705 2
0.926705 0.0331426 6
0.957027 0.329089 3
0.955146 0.319554 3
0.913121 0.00638825 8
0.973229 0.634678 2
0.977915 0.672609 2
0.933564 0.0713467 5
0.928781 0.0650888 5
0.960631 0.349646 3
0.972111 0.626678 2
0.915591 0.0133923 7
0.942993 0.153385 4
0.929316 0.124674 4
0.888114 0.000841861 10
0.908979 0.0238894 6
0.967836 0.599319 2
0.915523 0.0531641 5
0.919785 0.0563177 5
0.973289 0.63512 2
0.927245 0.121574 4
0.94062 0.2665 3
0.987795 1 1
0.94905 0.293383 3
0.93202 0.129127 4
0.959099 0.55639 2
0.914838 0.0527045 5
0.978885 1 1
0.896036 0.00100311 10
0.867996 4.05934e-07 19
0.974698 0.645771 2
0.908539 0.011608 7
0.984029 1 1
0.982348 0.716123 2
0.905044 0.00529912 8
0.947508 0.287749 3
0.950683 0.29975 3
0.92738 0.0634925 5
0.9061 0.00541975 8
0.983273 1 1
0.949689 0.295822 3
0.890255 0.000411879 11
0.925567 0.0615658 5
0.951898 0.530752 2
0.977841 1 1
0.885356 0.00173383 9
0.910686 0.050156 5
0.867823 2.29196e-05 14
0.865178 9.54404e-06 15
0.874012 0.000131403 12
0.929139 0.241627 3
0.925184 0.11873 4
0.879775 0.00071938 10
0.933179 0.249185 3
0.870406 5.45269e-05 13
0.916044 0.108459 4
0.968477 0.60312 2
0.909364 0.0494222 5
0.96107 0.564788 2
0.949739 0.296016 3
0.915981 0.0267326 6
0.931269 0.127842 4
0.899478 0.00474685 8
0.897042 0.00215589 9
0.897039 0.00215573 9
0.96258 0.57169 2
0.959478 0.557955 2
0.907012 0.0112885 7
0.951132 0.30158 3
0.902668 0.00504734 8
0.948686 0.292019 3
0.967491 0.597319 2
0.935499 0.135634 4
0.962016 0.569061 2
0.942164 0.505645 2
0.922234 0.11503 4
0.938418 0.260849 3
0.907202 0.0482934 5
0.905164 0.0473029 5
0.905292 0.0473634 5
0.969436 1 1
0.968732 1 1
0.916208 0.108616 4
0.956493 0.546263 2
0.911363 0.0505457 5
0.958746 0.554956 2
0.963795 0.577558 2
0.944284 0.510372 2
0.909726 0.0241561 6
0.891115 0.000896651 10
0.975378 0.651147 2
0.905988 0.0110852 7
0.951377 0.30259 3
0.945733 0.281694 3
0.889024 0.000857765 10
0.97265 0.63049 2
0.964509 0.581146 2
0.90857 0.0116147 7
0.912729 0.0253109 6
0.945156 0.279818 3
0.949781 0.296179 3
0.909201 0.0239679 6
0.920568 0.0569571 5
0.979081 0.683281 2
0.936994 0.138735 4
0.887532 0.000386067 11
0.972616 0.63025 2
0.881952 0.000156436 12
0.88305 0.000160576 12
0.933338 0.131482 4
0.927183 0.121485 4
0.935754 0.13615 4
0.931478 0.128196 4
0.988882 1 1
0.892941 0.0019852 9
0.943572 0.27489 3
0.962215 0.569983 2
0.960869 0.563902 2
0.979863 1 1
0.941502 0.504243 2
0.909169 0.102624 4
0.96115 0.565143 2
0.899854 0.0450092 5
0.899669 0.0449358 5
0.92408 0.23357 3
0.95234 0.532127 2
0.959281 0.557137 2
0.930653 0.24433 3
0.981454 1 1
0.90828 0.101958 4
0.961369 0.566118 2
0.969699 1 1
0.962123 0.569555 2
0.92348 0.232703 3
0.882258 0.00801014 7
0.886209 0.00837153 7
0.966744 1 1
0.893349 0.0196932 6
0.897982 0.0442855 5
0.991492 1 1
0.906611 0.100757 4
0.919556 0.227437 3
0.973483 1 1
0.943356 0.508259 2
0.910037 0.103292 4
0.937199 0.495871 2
0.907638 0.10149 4
0.964151 1 1
0.927195 0.0632897 5
0.886562 0.000175218 12
0.878561 1.37063e-05 15
0.96913 0.607098 2
0.884109 7.60991e-05 13
0.888365 0.000183672 12
0.980932 0.70133 2
0.90234 0.00501454 8
0.914906 0.0262414 6
0.962098 0.569438 2
0.946277 0.283503 3
0.900242 0.00231132 9
0.931712 0.128595 4
0.911057 0.0121826 7
0.960618 0.562804 2
0.934187 0.251255 3
0.931447 0.128142 4
0.927805 0.122387 4
0.909156 0.023952 6
0.90608 0.0229249 6
0.901795 0.0103357 7
0.87918 0.000146792 12
0.966215 0.590156 2
0.954973 0.54082 2
0.892561 0.00421354 8
0.926209 0.120116 4
0.904368 0.0224028 6
0.938022 0.259885 3
0.941746 0.269585 3
0.916848 0.0540891 5
0.919422 0.0284668 6
0.895826 0.000998089 10
0.969605 0.610057 2
0.919649 0.0285907 6
0.953241 0.310645 3
0.949566 0.295348 3
0.903124 0.0050937 8
0.979702 0.689178 2
0.977266 0.6669 2
0.922777 0.0588763 5
0.924764 0.0607595 5
0.952465 0.307216 3
0.964544 0.581323 2
0.916641 0.0270456 6
0.934879 0.134405 4
0.936815 0.138353 4
0.910109 0.0242959 6
0.951542 0.30328 3
0.935367 0.135371 4
0.939045 0.262409 3
0.937097 0.138958 4
0.913851 0.0257799 6
0.9873 1 1
0.995988 1 1
0.931364 0.128002 4
0.942322 0.271216 3
0.943126 0.27356 3
0.978584 0.678664 2
0.9329 0.130686 4
0.949456 0.294924 3
0.879298 0.00349362 8
0.87235 0.0014294 9
0.951051 0.528186 2
0.868339 0.000599241 10
0.925495 0.235683 3
0.917941 0.225453 3
0.850372 6.85993e-06 15
0.936537 0.494689 2
0.925052 0.235011 3
0.869177 0.000606714 10
0.877856 0.00343165 8
0.912343 0.105156 4
0.909124 0.10259 4
0.883179 0.00809086 7
0.881377 0.0079347 7
0.885066 0.000365153 11
0.859114 1.33341e-07 20
0.978819 1 1
0.89611 0.0044693 8
0.992999 1 1
0.985266 1 1
0.893344 0.00200071 9
0.939254 0.262938 3
0.940179 0.26533 3
0.915495 0.0531449 5
0.894225 0.00432919 8
0.976796 0.662859 2
0.937223 0.257979 3
0.880222 0.00015029 12
0.912892 0.025378 6
0.950008 0.297065 3
0.970634 0.616671 2
0.891006 0.000894532 10
0.910263 0.0119947 7
0.872762 5.22851e-06 16
0.869856 2.15202e-06 17
0.874142 1.20562e-05 15
0.934434 0.133542 4
0.929527 0.125004 4
0.881081 7.01987e-05 13
0.932441 0.129866 4
0.8747 1.22466e-05 15
0.919168 0.0558275 5
0.96576 0.587687 2
0.91029 0.012001 7
0.8971 0.00102938 10
0.859643 2.24162e-09 25
0.923969 0.0599866 5
0.928792 0.0651018 5
0.941095 0.148332 4
0.947917 0.28921 3
0.94539 0.280576 3
0.919595 0.0285609 6
0.930717 0.0674621 5
0.966787 0.59332 2
0.914311 0.0130255 7
0.959869 0.345028 3
0.944935 0.279112 3
0.885307 7.86706e-05 13
0.943347 0.154375 4
0.901381 0.00492121 8
0.892555 0.00092548 10
0.956614 0.326926 3
0.888859 0.000398259 11
0.93003 0.125803 4
0.92344 0.0594874 5
0.867993 9.08008e-07 18
0.959073 0.556283 2
0.946451 0.284091 3
0.886038 0.000172887 12
0.899594 0.00227806 9
0.921032 0.0573465 5
0.929139 0.124399 4
0.905047 0.00529945 8
0.901376 0.00492079 8
0.875068 0.00331851 8
0.853816 1.70519e-05 14
0.981304 1 1
0.88083 0.0078888 7
0.974367 1 1
0.96622 1 1
0.875112 0.00332023 8
0.933502 0.489593 2
0.930415 0.243895 3
0.896694 0.0438101 5
0.881673 0.00795983 7
0.956026 0.544556 2
0.923168 0.232259 3
0.872462 0.00143155 9
0.897017 0.0439277 5
0.899484 0.0448632 5
0.877767 0.0034279 8
0.991003 1 1
0.901908 0.0458515 5
0.967318 1 1
0.96098 1 1
0.890379 0.0191111 6
0.959895 0.559701 2
0.956158 0.545032 2
0.911358 0.104343 4
0.905145 0.0997491 4
0.95829 0.553132 2
0.946178 0.514913 2
0.897146 0.043975 5
0.917767 0.225245 3
0.911373 0.0505515 5
0.872676 0.000127884 12
0.922858 0.115779 4
0.944102 0.509951 2
0.935023 0.25303 3
0.940571 0.266369 3
0.956425 0.546009 2
0.927719 0.23922 3
0.940093 0.265102 3
0.979978 1 1
0.929225 0.241777 3
0.953189 0.534834 2
0.956556 0.546493 2
0.898889 0.0209314 6
0.958893 0.55555 2
0.991623 1 1
0.947629 0.288178 3
0.896638 0.00451041 8
0.962147 0.569668 2
0.887924 0.00181106 9
0.888033 0.00181453 9
0.922909 0.115841 4
0.939499 0.263564 3
0.946059 0.282774 3
0.925579 0.119257 4
0.986029 1 1
0.896943 0.00453457 8
0.949405 0.523425 2
0.975697 1 1
0.957051 0.548342 2
0.872322 4.40198e-08 22
0.868315 7.46312e-09 24
0.940127 0.0824886 5
0.859459 1.64688e-11 0
0.915239 0.00674984 8
0.907686 0.00137845 10
0.840786 6.35319e-12 0
0.927282 0.0335849 6
0.915427 0.0067838 8
0.859198 1.62256e-11 0
0.869766 7.99713e-09 24
0.901818 0.00056669 11
0.899254 0.000253983 12
0.87722 2.62688e-07 20
0.871974 4.33391e-08 22
0.933443 0.489498 2
0.947886 0.51929 2
0.902594 0.0461451 5
0.899031 0.0446862 5
0.881377 0.00793476 7
0.877343 0.0034102 8
0.865549 0.000253278 11
0.941381 0.50399 2
0.932496 0.488011 2
0.875724 0.0033444 8
0.919389 0.227227 3
0.88033 0.00353955 8
0.91814 0.225691 3
0.946587 0.515936 2
0.902693 0.0461878 5
0.976441 0.659861 2
0.966301 0.590624 2
0.898113 0.00220554 9
0.936337 0.137348 4
0.883908 7.56833e-05 13
0.882326 3.34037e-05 14
0.898845 0.00224077 9
0.944103 0.276507 3
0.944387 0.277388 3
0.904529 0.00524238 8
0.959237 0.556957 2
0.889144 0.000187553 12
0.938932 0.143059 4
0.988228 1 1
0.935124 0.134887 4
0.996945 1 1
0.958057 0.552216 2
0.890192 0.00406051 8
0.952365 0.532206 2
0.87998 0.000721969 10
0.879685 0.000326163 11
0.913349 0.0517451 5
0.934295 0.251481 3
0.938989 0.262267 3
0.91519 0.0529393 5
0.975691 1 1
0.888104 0.00181676 9
0.940054 0.265 3
0.985301 1 1
0.946254 0.515103 2
0.924492 0.0315543 6
0.889149 8.79829e-05 13
0.943953 0.156107 4
0.944386 0.157372 4
0.947616 0.167621 4
0.950133 0.297558 3
0.93784 0.140579 4
0.954283 0.315427 3
0.966358 0.590938 2
0.959471 0.342676 3
0.938613 0.142324 4
0.96137 0.35427 3
0.979807 0.690186 2
0.914809 0.0131655 7
0.962155 0.359342 3
0.93838 0.260756 3
0.904173 0.0107454 7
0.942269 0.271065 3
0.949903 0.296655 3
0.938532 0.261129 3
0.939182 0.262755 3
0.932653 0.130243 4
0.967184 0.595561 2
0.980872 1 1
0.950888 0.300582 3
0.950119 0.297504 3
0.948603 0.291714 3
0.995804 1 1
0.929825 0.125476 4
0.966424 0.591302 2
0.889496 0.0189473 6
0.855714 7.68044e-06 15
0.943479 0.508535 2
0.91374 0.106355 4
0.964657 1 1
0.972155 1 1
0.92283 0.231784 3
0.926217 0.236803 3
0.93439 0.25168 3
0.945134 0.51237 2
0.904026 0.0467785 5
0.983213 1 1
0.942932 0.507316 2
0.880148 0.00353135 8
0.930156 0.243427 3
0.917589 0.0275109 6
0.928937 0.0652727 5
0.909708 0.0118671 7
0.887412 0.000179119 12
0.886264 8.08317e-05 13
0.881275 3.23974e-05 14
0.856533 8.59454e-10 26
0.940986 0.148055 4
0.929494 0.0659393 5
0.868882 4.18707e-07 19
0.905977 0.00540545 8
0.882458 3.35335e-05 14
0.912968 0.0126626 7
0.929073 0.0654343 5
0.893417 0.00044609 11
0.873122 1.0049e-07 21
0.859393 3.71179e-11 30
0.967878 0.599565 2
0.869955 1.78827e-08 23
0.946139 0.162751 4
0.938131 0.0787322 5
0.857739 1.49472e-11 0
0.933452 0.0711842 5
0.925263 0.0320888 6
0.878108 5.94296e-07 19
0.875486 2.44037e-07 20
0.930072 0.0359016 6
0.912627 0.00630926 8
0.874003 1.04385e-07 21
0.884749 7.77638e-06 16
0.930967 0.244911 3
0.890024 0.00405008 8
0.881284 0.00162474 9
0.973286 1 1
0.886198 0.0038294 8
0.890271 0.00406539 8
0.979452 1 1
0.905924 0.0476647 5
0.918475 0.110868 4
0.963112 0.574224 2
0.950249 0.525828 2
0.902125 0.0217662 6
0.935175 0.253358 3
0.914777 0.107282 4
0.964407 0.580628 2
0.866502 5.02223e-05 13
0.837955 4.09855e-10 26
0.951939 0.53088 2
0.884141 0.00372175 8
0.978508 1 1
0.982473 1 1
0.89013 0.00877408 7
0.914676 0.10719 4
0.917867 0.110246 4
0.911739 0.0507658 5
0.878043 0.000698255 10
0.972777 1 1
0.919475 0.111921 4
0.859918 8.43258e-06 15
0.900617 0.0213654 6
0.933374 0.0710712 5
0.92749 0.0337473 6
0.933196 0.0708155 5
0.910884 0.00604459 8
0.911447 0.0061277 8
0.907125 0.00273304 9
0.881959 7.03582e-06 16
0.97141 0.621856 2
0.9595 0.34285 3
0.896059 0.000229203 12
0.926925 0.0333095 6
0.909619 0.00586577 8
0.941983 0.150644 4
0.939608 0.144654 4
0.919496 0.014656 7
0.983467 1 1
0.941684 0.504625 2
0.886958 0.00844474 7
0.967968 1 1
0.880422 0.00354371 8
0.881245 0.00358142 8
0.928732 0.240925 3
0.927706 0.239199 3
0.935536 0.492951 2
0.92737 0.238648 3
0.987046 1 1
0.890863 0.0192026 6
0.942027 0.505353 2
0.966763 1 1
0.957212 0.548952 2
0.896219 0.00100753 10
0.90223 0.00241966 9
0.920204 0.0288982 6
0.872426 1.05331e-06 18
0.894657 0.000460922 11
0.888431 0.000183997 12
0.845873 8.07854e-12 0
0.936098 0.136853 4
0.922885 0.0304977 6
0.860934 5.36861e-09 24
0.888056 0.000182177 12
0.886835 8.21693e-05 13
0.905127 0.00530839 8
0.905297 0.0053275 8
0.881311 1.49228e-05 15
0.970394 0.615102 2
0.940281 0.14629 4
0.918452 0.0279513 6
0.951109 0.301483 3
0.906724 0.00549377 8
0.90572 0.00537571 8
0.916769 0.0271075 6
0.963735 0.577261 2
0.968482 0.603153 2
0.926358 0.0623884 5
0.969003 0.606316 2
0.913328 0.0127578 7
0.96498 0.58357 2
0.966264 0.59042 2
0.95603 0.323939 3
0.905533 0.0474773 5
0.90251 0.0461088 5
0.941031 0.503263 2
0.887132 0.008462 7
0.915201 0.107671 4
0.909038 0.102525 4
0.862727 4.65718e-05 13
0.955442 0.542464 2
0.94188 0.505039 2
0.879184 0.00348864 8
0.900634 0.0453228 5
0.907701 0.101535 4
0.923775 0.233127 3
0.911668 0.104596 4
0.897835 0.0206785 6
0.957217 0.548971 2
0.977222 0.666517 2
0.888712 0.000852241 10
0.916069 0.0267737 6
0.871713 5.06876e-06 16
0.869247 2.11214e-06 17
0.879237 6.69753e-05 13
0.933181 0.131195 4
0.929858 0.125528 4
0.885057 0.000365077 11
0.938656 0.261436 3
0.874761 1.22678e-05 15
0.921199 0.0574881 5
0.973634 0.637668 2
0.914836 0.0262098 6
0.928959 0.241315 3
0.895168 0.00937099 7
0.947856 0.519212 2
0.943647 0.275117 3
0.947158 0.51739 2
0.948337 0.520493 2
0.932021 0.246904 3
0.962999 0.573681 2
0.975114 1 1
0.952437 0.532432 2
0.941313 0.268382 3
0.958211 0.552823 2
0.985888 1 1
0.920429 0.112961 4
0.961017 0.564552 2
0.988065 1 1
0.954565 0.316759 3
0.881332 6.88409e-06 16
0.954077 0.314467 3
0.87257 2.16622e-07 20
0.872763 2.18297e-07 20
0.915471 0.013357 7
0.924218 0.0313684 6
0.929887 0.0664197 5
0.914327 0.00658956 8
0.974748 0.646163 2
0.881688 6.96953e-06 16
0.933156 0.0707584 5
0.976756 0.66252 2
0.944347 0.157255 4
0.921347 0.229758 3
0.880479 0.00354626 8
0.907321 0.101261 4
0.960367 0.561715 2
0.916176 0.223394 3
0.921078 0.229401 3
0.976 1 1
0.921768 0.230323 3
0.935006 0.492054 2
0.99633 1 1
0.940974 0.503146 2
0.933452 0.489512 2
0.953334 0.535305 2
0.906974 0.101014 4
0.970478 1 1
0.980892 0.700927 2
0.938182 0.0788246 5
0.889175 1.95143e-05 15
0.972021 0.626051 2
0.883258 3.42091e-06 17
0.884247 3.5559e-06 17
0.932481 0.0698097 5
0.929176 0.0351237 6
0.937606 0.0778026 5
0.931361 0.037081 6
0.990494 1 1
0.894042 0.00010276 13
0.945027 0.15929 4
0.963883 0.371142 3
0.961256 0.353547 3
0.904753 0.00526684 8
0.873755 5.3869e-06 16
0.963015 0.573757 2
0.920702 0.0570692 5
0.971995 0.625874 2
0.974025 0.640608 2
0.918044 0.0277409 6
0.949876 0.296551 3
0.956535 0.546415 2
0.940646 0.266568 3
0.916512 0.0269839 6
0.983392 1 1
0.96007 0.560445 2
0.89743 0.00217358 9
0.938023 0.140988 4
0.881704 0.000744449 10
0.847524 3.18576e-09 24
0.935669 0.25444 3
0.907876 0.0235097 6
0.959009 0.556023 2
0.967082 0.594979 2
0.920886 0.113472 4
0.916641 0.0539411 5
0.924849 0.118289 4
0.942122 0.270647 3
0.89677 0.00958331 7
0.975378 1 1
0.933988 0.25084 3
0.871957 5.64147e-05 13
0.923635 0.116737 4
0.960285 0.561364 2
0.919807 0.0563352 5
0.917226 0.0543617 5
0.973416 0.636054 2
0.913179 0.0254964 6
0.91439 0.0524098 5
0.942729 0.272391 3
0.952093 0.531355 2
0.964142 0.579287 2
0.952333 0.532104 2
0.976217 0.657991 2
0.924517 0.117857 4
0.976632 0.661467 2
0.947502 0.287729 3
0.983317 1 1
0.972466 0.629176 2
0.962938 0.364581 3
0.902442 0.00118287 10
0.934741 0.0731045 5
0.887553 3.9253e-05 14
0.885729 1.72655e-05 15
0.897906 0.000504284 11
0.948646 0.171215 4
0.948072 0.169192 4
0.904733 0.00257088 9
0.9571 0.329474 3
0.892222 9.68232e-05 13
0.941237 0.148695 4
0.98271 0.720056 2
0.934968 0.0734541 5
0.933988 0.132693 4
0.894363 0.00204112 9
0.923864 0.0598873 5
0.963303 0.575146 2
0.927893 0.122517 4
0.931204 0.127732 4
0.956605 0.546677 2
0.942867 0.272795 3
0.956421 0.545997 2
0.975205 0.649765 2
0.951757 0.304183 3
0.943084 0.273433 3
0.975172 0.649505 2
0.921257 0.0575376 5
0.980837 1 1
0.888666 0.000851436 10
0.866788 8.73603e-07 18
0.996165 1 1
0.893258 0.00199738 9
0.97481 0.646646 2
0.967096 0.595061 2
0.884883 0.000363683 11
0.947895 0.289131 3
0.944849 0.278839 3
0.90635 0.0111562 7
0.89504 0.00206892 9
0.960752 0.563389 2
0.936688 0.138086 4
0.886009 0.000372895 11
0.909418 0.0240453 6
0.925877 0.0325293 6
0.927437 0.0337058 6
0.925086 0.0319648 6
0.900016 0.0011083 10
0.902034 0.00116973 10
0.897237 0.000494778 11
0.870439 8.97871e-08 21
0.958589 0.337609 3
0.946529 0.164007 4
0.884006 1.62881e-05 15
0.917134 0.0138641 7
0.898846 0.000518159 11
0.929252 0.0656472 5
0.934571 0.0728441 5
0.907677 0.00277325 9
0.976141 1 1
0.935558 0.254195 3
0.88394 0.000775785 10
0.972131 0.626822 2
0.878787 0.000320408 11
0.880033 0.000328446 11
0.933726 0.250299 3
0.923175 0.116166 4
0.931832 0.246541 3
0.930456 0.243971 3
0.984894 1 1
0.890041 0.00405117 8
0.94007 0.265042 3
0.959709 0.558919 2
0.958816 0.555241 2
0.921684 0.0579048 5
0.881566 0.000338867 11
0.916188 0.053622 5
0.957126 0.548627 2
0.924969 0.118446 4
0.929727 0.12532 4
0.966512 0.591787 2
0.928867 0.123979 4
0.942044 0.270423 3
0.989586 1 1
0.940541 0.26629 3
0.94219 0.270839 3
0.960198 0.560989 2
0.908168 0.0236089 6
0.970863 0.618181 2
0.962528 0.571443 2
0.95248 0.307281 3
0.913343 0.0255649 6
0.931077 0.127519 4
0.896945 0.0021515 9
0.894564 0.000968811 10
0.896332 0.00212421 9
0.959817 0.559375 2
0.95696 0.328736 3
0.905782 0.00538278 8
0.951486 0.303045 3
0.90027 0.00231278 9
0.946707 0.284964 3
0.969863 0.611687 2
0.934612 0.133885 4
0.967892 0.599649 2
0.924842 0.0608361 5
0.904829 0.0108653 7
0.982297 1 1
0.900914 0.00487714 8
0.902335 0.00501407 8
0.944414 0.27747 3
0.941224 0.268138 3
0.952134 0.305786 3
0.948427 0.291064 3
0.98783 1 1
0.912625 0.0252689 6
0.963326 0.575256 2
0.952515 0.307431 3
0.98051 1 1
0.937939 0.259684 3
0.896173 0.0202971 6
0.889116 0.00866523 7
0.981691 1 1
0.892932 0.00909361 7
0.896658 0.0204063 6
0.976165 1 1
0.914914 0.107407 4
0.927546 0.238935 3
0.966811 1 1
0.957943 0.55177 2
0.908464 0.048942 5
0.944232 0.51025 2
0.921762 0.114477 4
0.973934 1 1
46 1 3 4 6 7 8 9 10 12 15 16 17 18 19 20 21 22 23 24 25 26 27 28 29 30 31 32 33 34 35 37 38 40 41 42 43 44 48 49 50 51 52 53 54 56 57 
24 1 3 7 8 10 15 16 18 19 20 22 23 24 27 28 34 35 38 40 42 43 53 54 57 
30 1 3 7 8 9 10 12 15 16 17 18 20 22 24 26 27 28 29 30 34 35 38 40 41 42 43 45 51 54 57 
49 1 2 3 4 5 6 7 8 9 10 12 15 16 17 18 19 20 21 22 23 24 25 26 28 29 30 31 32 33 34 35 37 38 40 41 42 43 44 46 48 49 50 51 52 53 54 56 57 58 
43 1 3 4 6 7 8 9 10 11 12 15 16 17 18 19 20 22 23 24 26 27 28 29 30 32 34 35 38 39 40 41 42 43 44 45 47 50 51 53 54 55 57 58 
36 1 3 4 6 7 8 9 10 12 15 16 17 18 19 20 22 23 24 26 27 28 29 30 32 34 35 38 40 41 42 43 45 51 53 54 57 
55 0 1 2 3 4 5 6 7 8 9 10 11 12 13 14 15 16 17 18 19 20 22 23 24 25 26 28 29 30 31 32 33 34 36 37 38 39 41 42 43 44 45 46 47 48 50 51 52 53 54 55 56 57 58 59 
23 1 3 7 8 9 15 18 20 22 27 28 29 30 34 38 40 41 42 43 45 51 54 57 
27 1 3 7 8 9 10 15 16 17 18 20 22 23 24 27 28 29 34 35 38 40 42 43 51 53 54 57 
52 1 2 3 4 5 6 7 8 9 10 12 15 16 17 18 19 20 21 22 23 24 25 26 28 29 30 31 32 33 34 35 37 38 39 40 41 42 43 44 45 46 47 48 49 50 51 52 53 54 56 57 58 
39 1 3 4 6 7 8 9 10 12 15 16 17 18 19 20 22 23 24 26 27 28 29 30 32 34 35 38 39 40 41 42 43 44 45 48 51 53 54 57 
31 1 3 4 6 7 8 9 10 15 16 17 18 19 20 22 23 24 27 28 34 35 37 38 40 42 43 48 51 53 54 57 
35 1 3 4 6 7 8 9 10 15 16 17 18 19 20 22 23 24 27 28 29 32 34 35 37 38 40 41 42 43 44 48 51 53 54 57 
36 1 3 4 6 7 8 9 10 15 16 17 18 19 20 22 23 24 27 28 29 32 33 34 35 37 38 40 41 42 43 44 48 51 53 54 57 
47 1 3 4 6 7 8 9 10 12 15 16 17 18 19 20 21 22 23 24 25 26 27 28 29 30 31 32 33 34 35 37 38 40 41 42 43 44 48 49 50 51 52 53 54 56 57 58 
