50 15 8e+06
1.80235 121384
1.48624 178364
1.22357 158387
1.9643 135822
2.55467 175028
1.7285 194598
1.83951 135382
2.54262 186496
1.66229 135665
1.06858 175863
2.15084 117141
1.03519 154452
1.93344 112291
1.96799 129248
2.09061 137394
2.89534 129724
2.87732 117882
1.91738 155929
1.99831 125416
2.39393 172754
1.53246 130776
2.2502 147500
1.4305 103134
2.7964 133045
1.27961 135152
2.4919 119415
2.47152 124299
1.15918 143736
1.30116 165316
2.07438 184636
1.22077 147407
2.52924 163431
1.28399 110347
1.72073 194098
1.18435 145074
1.96768 132100
1.12734 171642
1.31399 142103
2.44196 170149
2.77345 171873
1.59106 127740
1.65678 112064
1.52304 192315
1.79445 167008
1.04746 172248
1.35431 141077
1.59454 132031
1.90261 187299
2.93265 119300
1.13937 136065
0.870119 2.16961e-06 17
0.879592 6.75757e-05 13
0.929417 0.124831 4
0.925496 0.0614933 5
0.953248 0.310675 3
0.973627 0.637619 2
0.865555 8.4037e-07 18
0.892203 0.000918269 10
0.956605 0.546677 2
0.946609 0.284628 3
0.886 0.000372818 11
0.965366 0.585593 2
0.980315 1 1
0.898602 0.00467103 8
0.917363 0.0544614 5
0.927305 0.121661 4
0.944228 0.276894 3
0.913906 0.0520976 5
0.895159 0.00439735 8
0.928354 0.123202 4
0.889919 0.00187632 9
0.928475 0.123384 4
0.945853 0.28209 3
0.909699 0.0241463 6
0.948003 0.28952 3
0.915449 0.0531141 5
0.916853 0.0540923 5
0.902867 0.0105157 7
0.908823 0.0238349 6
0.956578 0.546576 2
0.910199 0.00297132 9
0.917964 0.00727451 8
0.972577 0.629965 2
0.96088 0.351185 3
0.939904 0.0820504 5
0.931307 0.0370299 6
0.904748 0.0012625 10
0.8943 0.00010365 13
0.988406 0.790572 2
0.958226 0.335579 3
0.928658 0.0346888 6
0.988223 0.788026 2
0.971054 0.619458 2
0.941391 0.149094 4
0.954204 0.315061 3
0.969259 0.607896 2
0.967973 0.600126 2
0.90003 0.00479604 8
0.885272 0.000366815 11
0.868047 2.03677e-06 17
0.837735 5.52974e-12 0
0.977241 0.666686 2
0.879588 6.75684e-05 13
0.880301 0.000150563 12
0.892685 0.00197545 9
0.937606 0.258886 3
0.879925 6.81472e-05 13
0.863789 3.52353e-07 19
0.918938 0.0556482 5
0.928738 0.123783 4
0.950825 0.527513 2
0.951322 0.528997 2
0.883853 0.00169179 9
0.868892 0.000118768 12
0.85878 3.59003e-06 16
0.826867 3.45768e-12 0
0.958656 0.554593 2
0.877537 0.000692315 10
0.865543 4.9251e-05 13
0.881955 0.00164171 9
0.919772 0.112241 4
0.866074 4.97853e-05 13
0.850286 2.35149e-07 19
0.901502 0.021598 6
0.914919 0.107412 4
0.96603 0.589148 2
0.969378 0.608635 2
0.900559 0.000545227 11
0.884987 1.68338e-05 15
0.873204 2.222e-07 20
0.841752 6.64372e-12 0
0.973645 0.637749 2
0.886844 1.79477e-05 15
0.882118 7.07503e-06 16
0.897478 0.000498167 11
0.935028 0.073547 5
0.882557 7.18513e-06 16
0.866441 6.84093e-09 24
0.917159 0.013872 7
0.932194 0.0694155 5
0.949958 0.296869 3
0.962677 0.572149 2
0.900683 0.0101568 7
0.883215 0.000350795 11
0.889455 0.000865508 10
0.854632 9.53711e-09 23
0.955332 0.542074 2
0.910032 0.0242675 6
0.886987 0.000822934 10
0.911878 0.0249693 6
0.924212 0.117465 4
0.89006 0.000876598 10
0.874426 2.69027e-05 14
0.909665 0.0241341 6
0.939752 0.264214 3
0.945517 0.280987 3
0.941414 0.26866 3
0.966694 0.592799 2
0.96098 0.564388 2
0.889747 0.000406828 11
0.876433 1.28697e-05 15
0.937836 0.140572 4
0.863494 6.85018e-08 21
0.938842 0.142852 4
0.914363 0.0260015 6
0.976985 0.66448 2
0.930093 0.125904 4
0.915977 0.0267309 6
0.997218 1 1
0.945815 0.281967 3
0.881167 0.000153595 12
0.8972 0.00455513 8
0.876965 2.87471e-05 14
0.85988 6.01303e-08 21
0.927731 0.122279 4
0.888274 0.000844606 10
0.882901 0.000160004 12
0.98906 1 1
0.881397 0.000154418 12
0.928635 0.123627 4
0.870214 4.85339e-06 16
0.891908 0.00194654 9
0.883312 0.000161593 12
0.865939 8.50515e-07 18
0.91338 0.0255804 6
0.959827 0.34478 3
0.958915 0.339457 3
0.891269 9.39329e-05 13
0.876545 1.22117e-06 18
0.862217 1.11526e-09 26
0.831201 4.15309e-12 0
0.967727 0.598685 2
0.877281 1.25526e-06 18
0.87208 2.12445e-07 20
0.886175 3.75585e-05 14
0.928486 0.0647443 5
0.872057 2.12251e-07 20
0.856093 3.11075e-11 30
0.909903 0.005905 8
0.920846 0.0292641 6
0.898676 0.0208796 6
0.914589 0.107112 4
0.881771 0.00360599 8
0.863822 4.75845e-05 13
0.915403 0.107857 4
0.875437 0.00066868 10
0.901473 0.0456689 5
0.964356 0.580369 2
0.880924 0.00356657 8
0.924751 0.23456 3
0.883308 0.00368011 8
0.889687 0.00872612 7
0.878342 0.00155451 9
0.876007 0.00150316 9
0.922188 0.230894 3
0.932337 0.0696112 5
0.949333 0.173709 4
0.919204 0.0145533 7
0.900324 0.000541382 11
0.928304 0.0343975 6
0.890831 9.26509e-05 13
0.933127 0.0707169 5
0.940678 0.147277 4
0.913919 0.0065201 8
0.949871 0.175713 4
0.921228 0.015296 7
0.920519 0.0150276 7
0.905974 0.00265267 9
0.914628 0.00664169 8
0.962398 0.360947 3
0.951 0.528033 2
0.968351 0.602368 2
0.925794 0.119548 4
0.907051 0.0232362 6
0.915419 0.0530939 5
0.881266 0.000336776 11
0.9518 0.530451 2
0.922293 0.115101 4
0.914624 0.0525631 5
0.940193 0.265366 3
0.937122 0.257743 3
0.918503 0.0553131 5
0.902504 0.0104538 7
0.927611 0.122104 4
0.968685 0.604375 2
0.93622 0.137106 4
0.944231 0.276902 3
0.976136 0.657319 2
0.956112 0.324353 3
0.92845 0.0647029 5
0.909116 0.0117342 7
0.930754 0.0675089 5
0.898468 0.00222247 9
0.963038 0.573868 2
0.954616 0.317005 3
0.951854 0.304594 3
0.961704 0.567633 2
0.94419 0.276775 3
0.95926 0.341447 3
0.977568 0.669539 2
0.919758 0.112225 4
0.921872 0.114604 4
0.990933 1 1
0.988406 1 1
0.910702 0.103815 4
0.904728 0.0470996 5
0.912889 0.105618 4
0.871426 0.000279559 11
0.970622 1 1
0.931249 0.245436 3
0.946243 0.515074 2
0.958913 0.555634 2
0.947124 0.517303 2
0.964462 0.580907 2
0.946041 0.514574 2
0.95394 0.313832 3
0.97135 0.621444 2
0.925866 0.0618734 5
0.907255 0.0113379 7
0.912823 0.0253495 6
0.879123 3.04852e-05 14
0.954851 0.318125 3
0.919454 0.0560533 5
0.913768 0.0257445 6
0.937807 0.140507 4
0.939163 0.143601 4
0.917217 0.027326 6
0.901086 0.00489331 8
0.928982 0.124156 4
0.968049 0.600572 2
0.920219 0.05667 5
0.936974 0.257399 3
0.906541 0.0230712 6
0.887992 0.000839771 10
0.927578 0.122056 4
0.88816 0.000842645 10
0.921823 0.114547 4
0.952676 0.533186 2
0.903626 0.0106476 7
0.944416 0.277477 3
0.907534 0.0233952 6
0.911415 0.0247884 6
0.898195 0.00463672 8
0.900884 0.0101886 7
0.9485 0.291332 3
0.959412 0.342335 3
0.964693 0.376988 3
0.963006 0.36504 3
0.945679 0.1613 4
0.909205 0.00289025 9
0.887039 1.80713e-05 15
0.953257 0.310716 3
0.890684 4.35828e-05 14
0.941087 0.148311 4
0.936341 0.075651 5
0.972927 0.632478 2
0.938152 0.0787712 5
0.921205 0.015287 7
0.970458 0.615523 2
0.975265 0.650248 2
0.946163 0.514875 2
0.951991 0.531039 2
0.885273 0.00378011 8
0.869129 0.000119305 12
0.868289 0.000117422 12
0.83459 2.70959e-11 29
0.953539 0.535974 2
0.891037 0.00887438 7
0.869222 0.000119518 12
0.890496 0.00881415 7
0.916168 0.108578 4
0.871102 0.000277982 11
0.855491 1.44146e-06 17
0.899193 0.021006 6
0.920388 0.112916 4
0.882848 7.35432e-05 13
0.896355 0.00212519 9
0.919534 0.0285277 6
0.906622 0.0112101 7
0.995592 1 1
0.954665 0.317234 3
0.880287 3.14956e-05 14
0.935234 0.135106 4
0.937052 0.138859 4
0.974935 0.647632 2
0.888836 0.000398046 11
0.95038 0.298537 3
0.947982 0.289444 3
0.894731 0.000972593 10
0.933289 0.131393 4
0.853679 1.44274e-10 28
0.865484 7.38126e-08 21
0.902105 0.00241254 9
0.895012 0.000979025 10
0.964691 0.582074 2
0.986584 1 1
0.850384 2.33038e-11 30
0.90689 0.00551381 8
0.926454 0.0624898 5
0.941113 0.148377 4
0.864115 7.00992e-08 21
0.937981 0.140894 4
0.947304 0.287032 3
0.873596 2.42386e-06 17
0.902665 0.00504705 8
0.909223 0.00289171 9
0.92567 0.0323794 6
0.910324 0.0029818 9
0.892326 4.61618e-05 14
0.945617 0.161104 4
0.904851 0.00126629 10
0.909522 0.00291573 9
0.962613 0.362386 3
0.912558 0.00318082 9
0.958793 0.338762 3
0.90197 0.000569387 11
0.922187 0.0156743 7
0.910683 0.00301231 9
0.898822 0.000250384 12
0.948142 0.169435 4
0.941189 0.268041 3
0.958198 0.552768 2
0.915546 0.107991 4
0.89684 0.00959284 7
0.915656 0.108093 4
0.879269 0.000713084 10
0.943122 0.273547 3
0.931125 0.245204 3
0.906705 0.0480457 5
0.93798 0.259783 3
0.925377 0.118987 4
0.911872 0.0508447 5
0.896667 0.00956927 7
0.915903 0.108326 4
0.958816 0.555239 2
0.940875 0.267186 3
0.957275 0.549191 2
0.909124 0.0117361 7
0.890651 0.000887719 10
0.908928 0.0116927 7
0.872376 1.14836e-05 15
0.943822 0.275648 3
0.928801 0.123879 4
0.899526 0.00475105 8
0.930504 0.12657 4
0.922143 0.0583073 5
0.904465 0.0107983 7
0.889335 0.000863329 10
0.911344 0.024761 6
0.951768 0.30423 3
0.943182 0.153912 4
0.939841 0.145217 4
0.96979 0.611224 2
0.964176 0.579457 2
0.891826 0.000202054 12
0.879097 2.92821e-06 17
0.935558 0.0743807 5
0.864351 6.22562e-09 24
0.941889 0.150394 4
0.916212 0.0135781 7
0.974218 0.642071 2
0.932917 0.0704187 5
0.918925 0.0144565 7
0.994953 1 1
0.94654 0.164041 4
0.891584 9.48721e-05 13
0.902932 0.00119905 10
0.94082 0.147635 4
0.929652 0.0661316 5
0.970905 0.618461 2
0.956676 0.327251 3
0.887671 3.94034e-05 14
0.914545 0.013091 7
0.961706 0.356418 3
0.975248 0.650105 2
0.903324 0.00248357 9
0.975423 0.651505 2
0.971843 0.624819 2
0.912531 0.00629411 8
0.942116 0.150997 4
0.876419 0.00151196 9
0.891947 0.0194122 6
0.863629 0.000107834 12
0.84637 4.93987e-07 18
0.909009 0.102503 4
0.870313 0.00061713 10
0.879206 0.00348958 8
0.970228 1 1
0.86582 0.00025439 11
0.911508 0.104465 4
0.861934 0.000104672 12
0.875623 0.00149504 9
0.866377 0.000256704 11
0.855657 1.76813e-05 14
0.901739 0.0457802 5
0.913425 0.10608 4
0.91535 0.107808 4
0.984419 1 1
0.993255 1 1
0.909258 0.0493652 5
0.906239 0.0478171 5
0.906555 0.0479715 5
0.867672 0.000116069 12
0.971802 1 1
0.928236 0.240083 3
0.940268 0.501713 2
0.958907 0.555609 2
0.949183 0.522806 2
0.958989 0.555941 2
0.940022 0.50122 2
0.855699 2.27311e-08 22
0.871129 1.11049e-05 15
0.850693 1.5481e-09 25
0.834391 4.76801e-12 0
0.907627 0.0234264 6
0.871987 1.13634e-05 15
0.857922 5.61756e-08 21
0.967745 0.598791 2
0.856613 2.34834e-08 22
0.902911 0.0105232 7
0.843801 1.70819e-11 30
0.86744 2.00016e-06 17
0.860737 1.4069e-07 20
0.839435 5.97185e-12 0
0.885431 0.000368115 11
0.937109 0.257713 3
0.951475 0.52946 2
0.94723 0.286774 3
0.927864 0.122474 4
0.938014 0.259864 3
0.906852 0.0231714 6
0.934496 0.251904 3
0.92346 0.116519 4
0.941561 0.269068 3
0.965878 0.588324 2
0.938211 0.260342 3
0.946753 0.285121 3
0.930461 0.126501 4
0.937133 0.25777 3
0.988243 1 1
0.92659 0.0626346 5
0.932937 0.0704479 5
0.985978 1 1
0.966944 0.5942 2
0.927707 0.0638566 5
0.914216 0.0129992 7
0.920648 0.0291503 6
0.89101 0.00019744 12
0.974452 0.643865 2
0.951057 0.301271 3
0.946451 0.163752 4
0.9697 0.610653 2
0.953012 0.309622 3
0.958623 0.337801 3
0.96492 0.583258 2
0.927258 0.238464 3
0.943994 0.509704 2
0.907142 0.0482632 5
0.888501 0.0039588 8
0.920533 0.113077 4
0.88203 0.00164362 9
0.92935 0.241996 3
0.944404 0.510649 2
0.901789 0.0216749 6
0.939304 0.263064 3
0.912389 0.0511546 5
0.908591 0.049009 5
0.894592 0.0092975 7
0.904242 0.0223657 6
0.950014 0.525151 2
0.944232 0.51025 2
0.960136 0.560724 2
0.907773 0.101588 4
0.889498 0.0189475 6
0.904083 0.046804 5
0.868055 0.000263918 11
0.947712 0.518832 2
0.92387 0.233263 3
0.896928 0.0438952 5
0.926049 0.23654 3
0.923686 0.232999 3
0.901313 0.0456022 5
0.885976 0.00834912 7
0.911855 0.104749 4
0.949707 0.524277 2
0.950044 0.297206 3
0.950781 0.300147 3
0.883323 0.000161635 12
0.868311 9.17408e-07 18
0.858757 2.53826e-08 22
0.826731 3.43809e-12 0
0.957867 0.551471 2
0.877898 2.94783e-05 14
0.865136 3.68339e-07 19
0.881847 7.16158e-05 13
0.919021 0.0557125 5
0.865744 3.75899e-07 19
0.849973 1.21808e-10 28
0.900803 0.00486678 8
0.914607 0.0261083 6
0.931872 0.246618 3
0.943518 0.274729 3
0.884056 0.00077748 10
0.866591 9.88182e-06 15
0.882266 0.000752089 10
0.845847 1.28662e-09 25
0.937784 0.25931 3
0.912984 0.0515179 5
0.872381 5.69498e-05 13
0.901829 0.0216857 6
0.90581 0.0228404 6
0.876562 0.000138616 12
0.861718 1.69883e-06 17
0.891593 0.00414942 8
0.923985 0.117176 4
0.898184 0.044362 5
0.906071 0.100381 4
0.962212 1 1
0.955443 0.542469 2
0.943225 0.507966 2
0.941719 0.504699 2
0.892841 0.0195901 6
0.89166 0.019356 6
0.989232 1 1
0.955454 0.542506 2
0.916817 0.224129 3
0.994764 1 1
0.983969 1 1
0.930351 0.243779 3
0.942748 0.506911 2
0.870467 9.85152e-07 18
0.885568 0.000170839 12
0.892456 0.000435161 11
0.878123 1.35272e-05 15
0.96814 0.601108 2
0.931509 0.128248 4
0.869609 9.57337e-07 18
0.961413 0.566318 2
0.906267 0.00543933 8
0.951446 0.302877 3
0.869824 9.64196e-07 18
0.918958 0.0282175 6
0.915846 0.02667 6
0.872015 2.30295e-06 17
0.916175 0.0268237 6
0.956694 0.327343 3
0.961765 0.356797 3
0.893778 0.000213861 12
0.877841 1.28213e-06 18
0.871702 9.46181e-08 21
0.839043 5.8661e-12 0
0.96415 0.373044 3
0.889714 8.95063e-05 13
0.876575 1.22256e-06 18
0.895051 0.000222204 12
0.926256 0.0328073 6
0.877775 1.27893e-06 18
0.861873 4.86657e-10 27
0.908886 0.00286512 9
0.927471 0.0337318 6
0.878188 2.97119e-05 14
0.886946 0.000176961 12
0.940066 0.145763 4
0.936491 0.137672 4
0.949165 0.293817 3
0.962278 0.570273 2
0.873286 5.31111e-06 16
0.89012 0.000410523 11
0.967781 0.599001 2
0.948897 0.292807 3
0.895458 0.0020865 9
0.97529 0.650447 2
0.991943 1 1
0.908764 0.0116568 7
0.924406 0.0604079 5
0.879831 0.00158923 9
0.895755 0.0202045 6
0.888287 0.00394637 8
0.87204 0.000282592 11
0.949498 0.523686 2
0.909778 0.0496487 5
0.880204 0.0015982 9
0.985244 1 1
0.896726 0.0204219 6
0.945092 0.512271 2
0.873955 0.000292448 11
0.908341 0.0488775 5
0.901538 0.0216076 6
0.872728 0.000286058 11
0.920037 0.112529 4
0.965495 1 1
0.98259 1 1
0.923042 0.232081 3
0.905315 0.047374 5
0.900893 0.0454286 5
0.868734 0.00026694 11
0.96752 1 1
0.907773 0.0485837 5
0.907538 0.0484634 5
0.92624 0.236838 3
0.945236 0.512615 2
0.909384 0.102787 4
0.892971 0.0196162 6
0.931863 0.2466 3
0.960893 0.564005 2
0.950938 0.527849 2
0.953761 0.536706 2
0.886093 0.00382369 8
0.870602 0.000122742 12
0.86377 2.09282e-05 14
0.831205 4.15381e-12 0
0.958674 0.554666 2
0.883535 0.00168318 9
0.868581 5.24412e-05 13
0.886728 0.00385832 8
0.920086 0.112583 4
0.869608 0.000120404 12
0.853832 5.99198e-07 18
0.902282 0.021809 6
0.918819 0.111226 4
0.938081 0.0786432 5
0.953784 0.313109 3
0.938945 0.080222 5
0.919683 0.0147228 7
0.935284 0.0739478 5
0.901712 0.000564828 11
0.936495 0.0759057 5
0.928617 0.0346549 6
0.932953 0.0704703 5
0.961766 0.356809 3
0.934794 0.0731849 5
0.938545 0.079484 5
0.922744 0.0159021 7
0.931424 0.068381 5
0.982195 0.714485 2
0.985762 0.755708 2
0.990972 1 1
0.921886 0.0155535 7
0.906377 0.00132465 10
0.884898 7.81926e-06 16
0.856074 1.36364e-11 0
0.989212 1 1
0.887866 1.861e-05 15
0.901654 0.000563826 11
0.910918 0.00303254 9
0.956994 0.328914 3
0.900844 0.000549968 11
0.884311 7.65249e-06 16
0.939319 0.0809259 5
0.949758 0.175291 4
0.878576 2.87402e-06 17
0.892085 0.000203556 12
0.915564 0.0133842 7
0.903106 0.00247058 9
0.999279 1 1
0.956994 0.328914 3
0.876073 1.20005e-06 18
0.934979 0.0734714 5
0.933794 0.071682 5
0.970178 0.613703 2
0.884518 1.65695e-05 15
0.947114 0.16593 4
0.946037 0.162427 4
0.890534 9.17956e-05 13
0.928738 0.065039 5
0.936993 0.257442 3
0.951296 0.52892 2
0.947566 0.518448 2
0.928198 0.122969 4
0.938152 0.2602 3
0.907099 0.023252 6
0.934339 0.251574 3
0.923263 0.116275 4
0.941937 0.270123 3
0.966059 0.589303 2
0.938287 0.260529 3
0.94712 0.517292 2
0.93081 0.24462 3
0.937324 0.258218 3
0.988364 1 1
0.897555 0.00458385 8
0.91247 0.0512033 5
0.87169 2.51238e-05 14
0.853793 2.12649e-08 22
0.899309 0.00994592 7
0.860047 3.1283e-07 19
0.901464 0.0102816 7
0.949262 0.294183 3
0.868482 1.03642e-05 15
0.909912 0.0242236 6
0.878621 0.000144976 12
0.876385 6.24638e-05 13
0.864446 1.83335e-06 17
0.869282 1.05796e-05 15
0.912724 0.0513583 5
0.856756 8.67979e-10 26
0.872254 1.04707e-06 18
0.8529 6.05968e-11 29
0.836637 5.26484e-12 0
0.910647 0.0120846 7
0.874959 2.53591e-06 17
0.858843 2.16486e-09 25
0.970518 0.615912 2
0.859142 2.19312e-09 25
0.905579 0.00535956 8
0.845324 7.86716e-12 0
0.870063 4.36646e-07 19
0.86348 3.03721e-08 22
0.84123 6.48464e-12 0
0.887361 0.000178879 12
0.874918 6.03414e-05 13
0.888981 0.00184504 9
0.907653 0.0234351 6
0.894698 0.00436341 8
0.990145 1 1
0.9512 0.528631 2
0.8729 5.76156e-05 13
0.942325 0.271224 3
0.924767 0.118182 4
0.964635 0.581791 2
0.878925 0.000145957 12
0.937939 0.259684 3
0.936594 0.256522 3
0.88385 0.000774475 10
0.924121 0.11735 4
0.895567 0.00942273 7
0.911904 0.0508636 5
0.891191 0.00412346 8
0.873585 0.000130258 12
0.934725 0.25239 3
0.893982 0.00922122 7
0.896971 0.00961088 7
0.979023 1 1
0.894085 0.00923402 7
0.940979 0.267469 3
0.885144 0.00172777 9
0.904099 0.0223237 6
0.894023 0.00922628 7
0.880767 0.000732061 10
0.928966 0.241327 3
38 1 3 4 5 6 8 9 10 11 12 15 16 18 19 20 21 22 23 26 28 29 31 32 33 34 36 37 39 40 41 42 43 44 45 46 47 48 49 
42 0 1 2 4 5 6 8 9 10 11 12 13 15 16 18 19 20 21 22 23 25 26 28 29 31 32 33 34 35 36 37 38 39 40 41 42 44 45 46 47 48 49 
46 0 1 2 3 4 5 6 8 9 10 11 12 13 15 16 17 18 19 20 21 22 23 25 26 28 29 30 31 32 33 34 35 36 37 38 39 40 41 42 43 44 45 46 47 48 49 
48 0 1 2 3 4 5 6 7 8 9 10 11 12 13 14 15 16 17 18 19 20 21 22 23 24 25 26 27 29 30 31 32 33 34 35 36 37 38 39 40 41 42 43 44 45 46 48 49 
37 1 3 4 5 6 8 9 10 11 12 15 16 17 18 19 21 22 23 26 28 29 31 32 33 34 36 37 39 40 41 42 43 45 46 47 48 49 
40 1 2 6 7 8 10 11 12 13 14 15 16 17 18 19 20 21 22 23 24 25 26 27 28 29 30 31 32 34 35 36 39 40 42 44 45 46 47 48 49 
37 1 3 4 5 6 8 9 10 11 12 15 16 18 19 21 22 23 26 28 29 31 32 33 34 36 37 39 40 41 42 43 44 45 46 47 48 49 
9 8 10 18 26 28 33 34 46 47 
46 0 1 2 3 4 5 6 8 9 10 11 12 13 15 16 17 18 19 20 21 22 23 25 26 28 29 30 31 32 33 34 35 36 37 38 39 40 41 42 43 44 45 46 47 48 49 
35 1 3 4 5 6 8 9 10 11 12 15 16 18 21 22 23 26 28 29 31 32 33 34 36 37 39 40 41 42 43 45 46 47 48 49 
47 0 1 2 3 4 5 6 8 9 10 11 12 13 14 15 16 17 18 19 20 21 22 23 25 26 27 28 29 30 31 32 33 34 35 36 37 38 39 40 41 42 43 44 45 46 48 49 
41 0 1 3 4 5 6 8 9 10 11 12 15 16 18 19 20 21 22 23 25 26 28 29 31 32 33 34 36 37 38 39 40 41 42 43 44 45 46 47 48 49 
48 0 1 2 3 4 5 6 7 8 9 10 11 12 13 15 16 17 18 19 20 21 22 23 24 25 26 28 29 30 31 32 33 34 35 36 37 38 39 40 41 42 43 44 45 46 47 48 49 
43 0 1 2 3 4 5 6 8 9 10 11 12 13 15 16 17 18 19 20 21 22 23 25 26 29 30 31 32 33 34 35 36 37 39 40 41 42 43 44 45 46 48 49 
34 1 3 4 5 6 8 9 10 11 12 15 16 18 21 22 23 26 28 29 31 32 33 34 36 37 39 40 41 42 43 45 46 47 49 
