50 15 8e+06
2.74445 170569
1.05632 181130
1.64545 123440
1.90141 163235
1.49444 178706
1.63588 160083
1.23052 176594
2.7285 160951
2.78653 153645
1.50344 183710
2.39998 125481
2.80271 176349
1.36253 163115
2.79866 171065
1.37386 158773
1.29936 141153
1.55424 144203
1.08913 165942
2.15961 160172
2.23974 118470
1.2021 119290
1.09375 164333
2.00247 112702
2.04807 163793
1.98866 167490
2.005 142877
1.67723 132915
2.09726 174586
2.21307 126902
1.96452 173016
1.42273 151294
1.23254 189955
1.69509 151784
2.77915 159077
1.0597 144454
1.46026 183980
2.28531 124751
1.98432 121033
1.19175 101985
1.04767 136738
1.74452 127127
1.55629 157773
2.11647 162859
1.32147 106132
1.03704 170072
2.43627 198106
1.41142 161893
2.86409 118523
1.71292 115271
2.3804 152413
0.946509 0.515739 2
0.888337 0.00394925 8
0.959562 0.558305 2
0.863015 9.06105e-06 15
0.893702 0.00918678 7
0.949781 0.524486 2
0.926075 0.119931 4
0.866636 2.23057e-05 14
0.907547 0.0484681 5
0.914575 0.0525308 5
0.894413 0.00927493 7
0.96223 0.57005 2
0.955342 0.542109 2
0.861829 8.81212e-06 15
0.922887 0.115815 4
0.96758 0.597834 2
0.90801 0.00279801 9
0.981631 0.708524 2
0.87993 3.01803e-06 17
0.915233 0.0132875 7
0.961436 0.354687 3
0.941805 0.150173 4
0.887516 3.92049e-05 14
0.928903 0.0652322 5
0.921995 0.0299456 6
0.915936 0.0134948 7
0.959806 0.344655 3
0.955203 0.319832 3
0.881227 6.85896e-06 16
0.94501 0.159237 4
0.934144 0.132987 4
0.978783 0.680506 2
0.932888 0.0703781 5
0.949701 0.295867 3
0.952943 0.309313 3
0.947172 0.286571 3
0.970706 0.617143 2
0.934021 0.132755 4
0.976321 0.658857 2
0.87806 6.16763e-06 16
0.95013 0.297545 3
0.921535 0.0296686 6
0.925187 0.0611804 5
0.949597 0.295467 3
0.96487 0.583001 2
0.901413 0.00237394 9
0.977985 0.673236 2
0.897244 0.00103302 10
0.973267 0.634956 2
0.944735 0.278479 3
0.908369 0.00569912 8
0.932414 0.0697165 5
0.946229 0.283342 3
0.951949 0.304994 3
0.852468 2.58351e-11 30
0.941085 0.148308 4
0.883994 3.51078e-05 14
0.888028 0.000182039 12
0.988747 1 1
0.934119 0.132942 4
0.92271 0.0303872 6
0.978389 0.676887 2
0.915761 0.0134426 7
0.945597 0.161043 4
0.973757 0.63859 2
0.915242 0.0132902 7
0.93536 0.0740677 5
0.968747 0.604752 2
0.972566 0.629891 2
0.876858 1.23553e-06 18
0.970026 0.612729 2
0.890663 9.21668e-05 13
0.893248 0.000210541 12
0.969575 0.609868 2
0.955233 0.319976 3
0.979549 0.687708 2
0.902331 0.00242543 9
0.9771 0.665464 2
0.869467 4.27465e-07 19
0.92329 0.0593472 5
0.933385 0.131569 4
0.921493 0.0296431 6
0.896725 0.00101997 10
0.927541 0.0636713 5
0.952889 0.309077 3
0.925315 0.0613101 5
0.927284 0.0633867 5
0.923088 0.0591612 5
0.878468 1.36683e-05 15
0.945321 0.280351 3
0.985669 1 1
0.9336 0.250041 3
0.975087 1 1
0.898719 0.0208899 6
0.953531 0.535948 2
0.945047 0.512162 2
0.943837 0.509345 2
0.924919 0.23481 3
0.960005 0.560169 2
0.928918 0.241244 3
0.954913 0.540613 2
0.927704 0.239195 3
0.926375 0.23705 3
0.909288 0.0493813 5
0.978229 1 1
0.964681 0.582025 2
0.936482 0.256267 3
0.951925 0.530837 2
0.899898 0.0100349 7
0.969963 0.612326 2
0.924696 0.11809 4
0.92958 0.125088 4
0.943617 0.275027 3
0.962211 0.569964 2
0.926644 0.120722 4
0.972802 0.63158 2
0.905678 0.0227992 6
0.904922 0.0225681 6
0.917506 0.0545659 5
0.972526 0.629607 2
0.923077 0.116047 4
0.969692 0.610605 2
0.914958 0.0527839 5
0.937816 0.259388 3
0.978838 1 1
0.910493 0.0244379 6
0.929175 0.124455 4
0.977009 1 1
0.96944 0.60902 2
0.880332 0.000150667 12
0.975397 0.651298 2
0.886345 0.000812536 10
0.888517 0.00084883 10
0.964305 0.580108 2
0.954058 0.537697 2
0.955828 0.54384 2
0.894795 0.00932326 7
0.944622 0.511159 2
0.859924 8.43374e-06 15
0.92759 0.239008 3
0.903341 0.0464716 5
0.898344 0.0207996 6
0.906929 0.0481568 5
0.920133 0.112634 4
0.969117 1 1
0.930825 0.244647 3
0.893232 0.00912961 7
0.889887 0.00874764 7
0.876469 0.000680099 10
0.934358 0.251613 3
0.907306 0.0483458 5
0.983283 1 1
0.902728 0.0219323 6
0.967624 0.598086 2
0.95137 0.529141 2
0.911925 0.0508759 5
0.935508 0.254086 3
0.951191 0.528605 2
0.958291 0.553137 2
0.858462 3.56233e-06 16
0.947689 0.518772 2
0.887297 0.00388989 8
0.891065 0.00887744 7
0.986362 1 1
0.940253 0.265525 3
0.984245 1 1
0.933567 0.131906 4
0.972717 0.630968 2
0.898344 0.00221655 9
0.955238 0.320003 3
0.942374 0.271366 3
0.941807 0.269755 3
0.926744 0.0627996 5
0.960206 0.561025 2
0.929847 0.12551 4
0.956792 0.547373 2
0.924969 0.0609625 5
0.923652 0.0596857 5
0.90978 0.0118834 7
0.978041 0.67374 2
0.959709 0.558921 2
0.924218 0.233771 3
0.970776 1 1
0.898764 0.020901 6
0.922489 0.115334 4
0.983461 1 1
0.963808 0.57762 2
0.895369 0.0201198 6
0.941184 0.50358 2
0.904323 0.0469135 5
0.922244 0.115043 4
0.968661 1 1
0.967756 1 1
0.896456 0.0203608 6
0.953722 0.536578 2
0.960598 0.562715 2
0.955073 0.541168 2
0.959827 0.559416 2
0.922986 0.232003 3
0.954081 0.537775 2
0.9614 0.566259 2
0.971022 1 1
0.927112 0.238229 3
0.975263 1 1
0.90154 0.0216081 6
0.953091 0.534514 2
0.936955 0.257354 3
0.938458 0.260948 3
0.92699 0.23803 3
0.983784 1 1
0.91663 0.109021 4
0.902232 0.0459893 5
0.903468 0.0465281 5
0.870192 0.00027364 11
0.941237 0.503689 2
0.874227 0.000655766 10
0.880936 0.00161608 9
0.941036 0.503273 2
0.919216 0.111645 4
0.914525 0.107054 4
0.944434 0.510719 2
0.856654 3.41058e-06 16
0.85564 3.32963e-06 16
0.896761 0.0204297 6
0.921377 0.114031 4
0.947661 0.518697 2
0.96207 1 1
0.948452 0.520802 2
0.933691 0.489896 2
0.948846 0.521875 2
0.962698 1 1
0.981309 1 1
0.924847 0.234703 3
0.973132 1 1
0.889122 0.0188791 6
0.947012 0.517017 2
0.936679 0.49494 2
0.939644 0.500474 2
0.933153 0.489038 2
0.972598 1 1
0.903472 0.000597117 11
0.918903 0.014449 7
0.891515 4.48589e-05 14
0.891756 4.52402e-05 14
0.950594 0.178491 4
0.872381 4.4138e-08 22
0.885335 7.94674e-06 16
0.968253 0.405257 3
0.926849 0.0332518 6
0.885261 7.92509e-06 16
0.951948 0.183941 4
0.851408 1.06498e-11 0
0.851915 1.09325e-11 0
0.922112 0.0156438 7
0.920949 0.0151892 7
0.970394 0.615102 2
0.897247 0.00216519 9
0.978041 0.67374 2
0.866682 3.88015e-07 19
0.912381 0.0125108 7
0.941006 0.148106 4
0.924175 0.0601842 5
0.885231 0.000169402 12
0.920753 0.0571117 5
0.941626 0.26925 3
0.913901 0.0258014 6
0.940238 0.146184 4
0.935091 0.134823 4
0.871959 2.29886e-06 17
0.938284 0.141575 4
0.94835 0.290781 3
0.900485 0.00483742 8
0.962171 0.569777 2
0.876735 1.29834e-05 15
0.901121 0.00489662 8
0.96622 0.590183 2
0.941346 0.268474 3
0.874105 5.44455e-06 16
0.917693 0.0275634 6
0.905456 0.0109831 7
0.901334 0.00491673 8
0.977293 0.667136 2
0.970996 0.619066 2
0.873432 5.33445e-06 16
0.931515 0.128259 4
0.942253 0.505838 2
0.948307 0.520413 2
0.947329 0.517833 2
0.927152 0.238293 3
0.932088 0.487385 2
0.977072 1 1
0.994891 1 1
0.908418 0.102061 4
0.955786 0.543688 2
0.883625 0.00813069 7
0.930444 0.243948 3
0.950936 0.527842 2
0.954954 0.540752 2
0.920358 0.22846 3
0.958216 0.55284 2
0.947828 0.168348 4
0.902088 0.00117143 10
0.934739 0.0731007 5
0.866962 1.56412e-08 23
0.938995 0.143206 4
0.897327 0.000496037 11
0.896948 0.000490772 11
0.922077 0.0299955 6
0.926096 0.0326892 6
0.951486 0.303045 3
0.942568 0.152217 4
0.88369 1.61181e-05 15
0.881288 6.87344e-06 16
0.886934 3.84775e-05 14
0.93694 0.076653 5
0.972886 0.632186 2
0.897908 0.00461287 8
0.966717 0.592927 2
0.864268 1.82409e-06 17
0.922694 0.115582 4
0.923192 0.116187 4
0.91291 0.0514726 5
0.897428 0.00457351 8
0.92355 0.11663 4
0.963108 0.574202 2
0.925131 0.11866 4
0.916584 0.0539009 5
0.912454 0.0511936 5
0.875437 6.10771e-05 13
0.940769 0.266901 3
0.897776 0.00460198 8
0.903107 0.0105569 7
0.885255 0.000366674 11
0.875445 2.76185e-05 14
0.937212 0.139204 4
0.862079 1.47207e-07 20
0.872881 1.16428e-05 15
0.950603 0.29943 3
0.913496 0.0256292 6
0.888864 0.000854921 10
0.939261 0.262956 3
0.842488 6.87608e-12 0
0.84241 6.85085e-12 0
0.905106 0.010917 7
0.910262 0.0243521 6
0.953235 0.310616 3
0.964089 0.579022 2
0.951203 0.301872 3
0.930933 0.0677395 5
0.959076 0.340382 3
0.955213 0.319879 3
0.970334 0.614717 2
0.9335 0.131781 4
0.98271 0.720056 2
0.895742 0.000996089 10
0.957458 0.331381 3
0.930042 0.0666118 5
0.932159 0.129369 4
0.935752 0.136146 4
0.982943 0.722613 2
0.929341 0.124712 4
0.987985 1 1
0.926736 0.12085 4
0.954876 0.540484 2
0.956891 0.547743 2
0.938357 0.260699 3
0.961719 0.5677 2
0.940985 0.267486 3
0.977242 1 1
0.875087 6.05785e-05 13
0.953683 0.53645 2
0.912942 0.0253986 6
0.916529 0.0538618 5
0.95837 0.55345 2
0.961849 0.568295 2
0.923602 0.232877 3
0.974987 1 1
0.923825 0.233199 3
0.95784 0.551367 2
0.941363 0.503951 2
0.945241 0.512627 2
0.970983 1 1
0.92543 0.235584 3
0.963575 1 1
0.867316 0.000260698 11
0.938379 0.498044 2
0.920422 0.228543 3
0.925007 0.234942 3
0.94935 0.523273 2
0.95249 0.532599 2
0.942289 0.271123 3
0.874313 0.000132218 12
0.935212 0.253439 3
0.840551 1.91737e-10 27
0.904515 0.0224464 6
0.893129 0.00911721 7
0.88374 0.00168874 9
0.883857 0.0016919 9
0.89941 0.0210595 6
0.994286 1 1
0.907569 0.0484791 5
0.888187 0.00394057 8
0.883713 0.00168798 9
0.855094 2.69563e-07 19
0.914757 0.0526506 5
0.983776 1 1
0.928871 0.123986 4
0.987553 1 1
0.897094 0.00454663 8
0.939477 0.263505 3
0.960405 0.561879 2
0.952517 0.532683 2
0.911028 0.0246396 6
0.95237 0.532221 2
0.923137 0.116119 4
0.940144 0.265238 3
0.944953 0.279171 3
0.94322 0.273838 3
0.90233 0.0104245 7
0.969722 0.610792 2
0.944587 0.278014 3
0.965995 0.588954 2
0.944819 0.278744 3
0.937491 0.258612 3
0.950204 0.297838 3
0.959225 0.55691 2
0.97979 1 1
0.927145 0.12143 4
0.974827 0.646783 2
0.886557 0.000377532 11
0.948131 0.289983 3
0.933239 0.131302 4
0.936413 0.137508 4
0.936972 0.257393 3
0.971454 0.622152 2
0.950437 0.298762 3
0.912729 0.0126005 7
0.936809 0.138341 4
0.877308 2.74814e-06 17
0.950628 0.299531 3
0.902382 0.00242836 9
0.904388 0.00254898 9
0.933287 0.0709467 5
0.93638 0.137438 4
0.941193 0.148584 4
0.954268 0.315358 3
0.886672 8.17834e-05 13
0.884873 3.60644e-05 14
0.897986 0.00105223 10
0.94575 0.161521 4
0.975185 0.649604 2
0.914109 0.0129695 7
0.989389 1 1
0.884707 3.58806e-05 14
0.922869 0.0304877 6
0.961491 0.566668 2
0.944974 0.159128 4
0.894915 0.000464132 11
0.935981 0.136614 4
0.9246 0.0605977 5
0.923631 0.0309787 6
0.954844 0.318093 3
0.951165 0.301716 3
0.887415 8.35658e-05 13
0.952602 0.307811 3
0.965716 1 1
0.897559 0.0206139 6
0.977018 1 1
0.868472 0.000265762 11
0.909041 0.102527 4
0.94762 0.51859 2
0.928468 0.240475 3
0.881647 0.00360014 8
0.919791 0.227734 3
0.932355 0.247553 3
0.910224 0.103437 4
0.949343 0.523253 2
0.943857 0.509389 2
0.871574 0.000629089 10
0.936776 0.495114 2
0.957875 0.551503 2
0.928599 0.240698 3
0.967708 1 1
0.903543 0.0465613 5
0.924936 0.234837 3
0.986617 1 1
0.969002 1 1
0.898106 0.0207427 6
0.944605 0.511118 2
0.901155 0.0455366 5
0.924478 0.234154 3
0.966897 1 1
0.967156 1 1
0.900688 0.045345 5
0.956023 0.544545 2
0.955083 0.319246 3
0.899122 0.00225445 9
0.942822 0.272664 3
0.864005 6.98123e-08 21
0.933374 0.131549 4
0.902847 0.00506544 8
0.899651 0.00228096 9
0.91352 0.0128091 7
0.924213 0.0602215 5
0.962076 0.569336 2
0.936729 0.138173 4
0.891171 0.000421293 11
0.888222 0.000182977 12
0.881678 3.27771e-05 14
0.937452 0.139726 4
0.943092 0.273457 3
0.94951 0.295131 3
0.947844 0.288948 3
0.927706 0.0638555 5
0.933592 0.131953 4
0.976087 0.656919 2
0.994412 1 1
0.909852 0.0118999 7
0.957321 0.549367 2
0.884358 0.000165766 12
0.931944 0.128995 4
0.949845 0.29643 3
0.953728 0.312854 3
0.92144 0.0576942 5
0.95967 0.558757 2
0.965093 0.584158 2
0.924715 0.234506 3
0.951289 0.528897 2
0.88859 0.00861017 7
0.959262 0.557061 2
0.918348 0.110737 4
0.920322 0.112842 4
0.935701 0.254511 3
0.950195 0.525672 2
0.937547 0.258744 3
0.962484 0.571235 2
0.901609 0.0216266 6
0.900089 0.0212302 6
0.906533 0.047961 5
0.961889 0.568478 2
0.904548 0.0108136 7
0.975847 0.654941 2
0.898875 0.00469437 8
0.960634 0.562873 2
0.953437 0.311526 3
0.904776 0.0108555 7
0.927538 0.121997 4
0.958593 0.554342 2
0.955131 0.541371 2
0.858295 2.49567e-08 22
0.949862 0.296493 3
0.880259 6.87296e-05 13
0.883719 0.000163196 12
0.990558 1 1
0.937178 0.139131 4
0.904111 0.0223271 6
0.954204 0.538188 2
0.895378 0.00939818 7
0.932764 0.248358 3
0.961349 0.566029 2
0.890573 0.00408421 8
0.909852 0.0496894 5
0.984116 1 1
0.947905 0.519339 2
0.866885 5.06187e-05 13
0.959031 0.556113 2
0.866815 5.05463e-05 13
0.869111 5.30324e-05 13
0.965289 0.585186 2
0.933205 0.249238 3
0.94482 0.511624 2
0.899919 0.0211871 6
0.931813 0.246505 3
0.864934 4.86502e-05 13
0.937138 0.257781 3
0.894438 0.0199199 6
0.894152 0.0198597 6
0.921168 0.22952 3
0.923645 0.23294 3
0.951228 0.528714 2
0.940732 0.502651 2
0.880895 0.00161506 9
0.878475 0.00155755 9
0.885288 0.00378087 8
0.934155 0.251187 3
0.944588 0.278017 3
0.94674 0.285078 3
0.949946 0.296822 3
0.924747 0.118156 4
0.932213 0.129465 4
0.979114 1 1
0.992032 1 1
0.908018 0.0235579 6
0.95563 0.543133 2
0.885886 0.000371869 11
0.9307 0.126893 4
0.952703 0.533273 2
0.956428 0.546022 2
0.918665 0.0554368 5
0.959235 0.556949 2
0.90918 0.00580613 8
0.958994 0.339913 3
0.91145 0.0061282 8
0.960117 0.346513 3
0.922931 0.0305269 6
0.941195 0.148587 4
0.965372 0.585625 2
0.909074 0.0057919 8
0.944612 0.158042 4
0.85286 1.14841e-11 0
0.919946 0.0148172 7
0.919221 0.0145593 7
0.924949 0.031869 6
0.939804 0.145126 4
0.934991 0.0734899 5
0.974748 1 1
0.898663 0.0098504 7
0.977712 1 1
0.866872 9.95124e-06 15
0.916932 0.0541489 5
0.9362 0.255625 3
0.921726 0.114434 4
0.890099 0.00405471 8
0.923127 0.116108 4
0.948876 0.52196 2
0.918733 0.111136 4
0.932893 0.248613 3
0.928165 0.12292 4
0.874098 0.000131633 12
0.940893 0.267234 3
0.969874 0.611755 2
0.949721 0.295947 3
0.96479 0.582583 2
0.91492 0.0262473 6
0.960887 0.56398 2
0.952021 0.305304 3
0.957824 0.551304 2
0.93211 0.129284 4
0.975351 0.650934 2
0.912304 0.0251389 6
0.960863 0.563872 2
0.929991 0.12574 4
0.930342 0.126307 4
0.923643 0.0596781 5
0.993255 1 1
0.922974 0.0590564 5
0.918665 0.028063 6
0.910095 0.0119556 7
0.886432 0.000174631 12
0.957713 0.332759 3
0.884912 7.78071e-05 13
0.894036 0.000957065 10
0.958082 0.334777 3
0.934344 0.133369 4
0.90857 0.0116147 7
0.960682 0.563079 2
0.865518 1.65972e-07 20
0.865151 1.63815e-07 20
0.913486 0.0256251 6
0.933986 0.132689 4
0.928928 0.0349136 6
0.903884 0.00123159 10
0.915579 0.00681156 8
0.87015 1.80432e-08 23
0.943531 0.154895 4
0.883507 3.45427e-06 17
0.887966 1.86771e-05 15
0.936077 0.0752175 5
0.923933 0.0164101 7
0.928365 0.0344474 6
0.947096 0.16587 4
0.867042 3.15344e-09 25
0.865577 1.31399e-09 26
0.894528 0.000104445 13
0.929155 0.0351059 6
0.905738 0.022818 6
0.974325 1 1
0.904976 0.0225843 6
0.978349 1 1
0.933548 0.249933 3
0.926231 0.120146 4
0.951572 0.529753 2
0.925267 0.118841 4
0.950826 0.527516 2
0.851706 1.05762e-07 20
0.930112 0.243348 3
0.902581 0.0218913 6
0.90756 0.0484746 5
0.96133 0.565944 2
0.936217 0.255665 3
0.986123 1 1
0.91012 0.0498378 5
0.989046 1 1
0.87794 0.000315153 11
0.927152 0.121441 4
0.94478 0.27862 3
0.932425 0.247689 3
0.899583 0.00998703 7
0.934718 0.252376 3
0.941381 0.26857 3
0.928717 0.240898 3
0.93728 0.258113 3
0.933468 0.24977 3
0.88507 0.00172567 9
0.952676 0.533186 2
0.926243 0.120163 4
0.97529 1 1
0.918801 0.111208 4
0.941202 0.268077 3
0.978591 1 1
0.916139 0.10855 4
0.935272 0.25357 3
0.97065 1 1
0.974893 1 1
0.881029 0.000735489 10
0.974841 1 1
0.891725 0.00415804 8
0.894045 0.00922909 7
0.964896 0.583132 2
0.958356 0.553394 2
0.947819 0.519113 2
0.943092 0.507669 2
0.93592 0.493611 2
0.906987 0.101023 4
0.983441 1 1
0.914553 0.107079 4
0.924156 0.233681 3
0.960574 1 1
0.964371 1 1
0.913355 0.106019 4
0.987212 1 1
0.893649 0.0197549 6
0.893713 0.0197682 6
0.928936 0.241276 3
0.965544 1 1
0.943152 0.507803 2
0.931002 0.244974 3
0.930244 0.243585 3
0.895826 0.0202201 6
0.971697 1 1
0.904597 0.0470392 5
0.912483 0.105273 4
0.956626 0.546753 2
0.951457 0.529405 2
0.918699 0.1111 4
0.975439 1 1
0.885074 0.00376968 8
0.884617 0.00374604 8
0.91924 0.11167 4
0.954214 0.538222 2
15 0 1 5 9 17 18 20 21 26 30 31 33 38 41 46 
44 0 1 2 4 5 6 7 8 9 11 12 13 14 15 16 17 18 19 20 21 22 23 24 26 27 28 29 30 31 32 33 34 35 37 38 39 41 42 43 44 46 47 48 49 
13 0 1 5 9 17 18 21 26 30 31 33 41 46 
50 0 1 2 3 4 5 6 7 8 9 10 11 12 13 14 15 16 17 18 19 20 21 22 23 24 25 26 27 28 29 30 31 32 33 34 35 36 37 38 39 40 41 42 43 44 45 46 47 48 49 
35 0 1 5 6 7 9 11 12 13 14 17 18 19 20 21 22 23 26 27 29 30 31 32 33 34 35 38 39 41 42 43 44 46 48 49 
38 0 1 4 5 6 7 8 9 11 12 13 14 15 16 17 18 20 21 22 23 26 27 29 30 31 32 33 35 37 38 41 42 43 44 46 47 48 49 
33 0 1 5 6 7 9 11 12 13 14 17 18 19 20 21 26 27 29 30 31 32 33 34 35 38 39 41 42 43 44 46 48 49 
45 0 1 2 4 5 6 7 8 9 11 12 13 14 15 16 17 18 19 20 21 22 23 24 25 26 27 28 29 30 31 32 33 34 35 38 39 40 41 42 43 44 46 47 48 49 
37 0 1 5 6 7 9 11 12 13 14 15 17 18 19 20 21 22 23 26 27 28 29 30 31 32 33 34 35 38 39 41 42 43 44 46 48 49 
1 0 
31 0 1 5 6 7 9 11 12 13 14 17 18 20 21 22 26 27 29 30 31 32 33 35 38 41 42 43 44 46 48 49 
25 0 1 5 6 7 9 11 14 17 18 20 21 26 27 29 30 31 33 35 38 41 43 44 46 49 
45 0 1 2 3 4 5 6 7 8 9 10 11 12 13 14 15 17 18 19 20 21 23 24 26 27 28 29 30 31 32 33 34 35 36 37 38 39 41 42 43 44 46 47 48 49 
50 0 1 2 3 4 5 6 7 8 9 10 11 12 13 14 15 16 17 18 19 20 21 22 23 24 25 26 27 28 29 30 31 32 33 34 35 36 37 38 39 40 41 42 43 44 45 46 47 48 49 
30 0 1 5 6 7 9 11 12 14 17 18 20 21 22 26 27 29 30 31 32 33 35 38 41 42 43 44 46 48 49 
