70 15 8e+06
1.04973 127555
2.13159 185349
2.53148 139611
2.00362 112700
2.35426 177012
2.26505 166033
1.77266 186777
2.15939 173480
1.79077 195410
2.15014 134511
1.97869 139364
2.72984 180225
1.79801 161624
1.05378 140915
2.54196 138260
2.19201 144145
1.69205 114108
1.87788 102301
1.17535 166367
1.99134 178507
1.64551 171973
1.04497 160243
2.61868 181666
2.15226 161342
1.05209 150473
1.51403 179922
1.56899 133956
1.73683 182722
1.90921 156348
1.26892 138175
1.83621 179443
1.65554 156253
1.10566 118528
1.16633 183035
1.62863 130385
2.52032 102249
2.86009 171472
1.7153 156610
2.96003 184295
1.61803 199970
2.43915 150408
1.90837 181845
1.02644 146814
1.95185 151674
1.76813 183588
1.89761 102993
1.13413 154086
1.04848 180653
1.02385 188677
2.28128 162458
1.25151 152893
1.73974 198799
1.26189 193498
2.32757 135119
1.51573 141575
1.42725 141820
1.81731 145290
1.21092 107855
2.00949 162274
1.27075 142118
1.00917 115894
1.02327 108337
1.13864 187488
1.44112 154659
1.84248 100846
1.50466 158512
1.71275 199588
1.9687 160258
1.34527 114478
2.36247 109905
0.956614 0.546709 2
0.93638 0.256033 3
0.930799 0.2446 3
0.963566 0.576431 2
0.90538 0.0227074 6
0.895742 0.00944571 7
0.913187 0.0516442 5
0.948868 0.521936 2
0.923452 0.116509 4
0.89136 0.00413431 8
0.959416 0.557696 2
0.918388 0.110778 4
0.934601 0.252126 3
0.955113 0.541306 2
0.948618 0.521253 2
0.917674 0.110052 4
0.926242 0.120161 4
0.978543 1 1
0.923652 0.116757 4
0.963077 0.574052 2
0.956966 0.548022 2
0.897496 0.00968356 7
0.900863 0.0214295 6
0.98768 1 1
0.969386 0.608681 2
0.955126 0.541354 2
0.875693 0.000301961 11
0.896813 0.00958924 7
0.936154 0.255522 3
0.955983 0.544398 2
0.928531 0.240582 3
0.926692 0.237553 3
0.965007 1 1
0.936375 0.494405 2
0.937017 0.495544 2
0.928714 0.240893 3
0.896367 0.0203406 6
0.912697 0.105455 4
0.964235 1 1
0.937438 0.496304 2
0.984444 1 1
0.883722 0.00370067 8
0.904331 0.0469169 5
0.943807 0.509276 2
0.959434 0.557771 2
0.935484 0.135604 4
0.960689 0.563111 2
0.9414 0.268622 3
0.933356 0.131516 4
0.954744 0.540026 2
0.951355 0.302501 3
0.953399 0.311358 3
0.925113 0.0611066 5
0.935943 0.136535 4
0.920297 0.0567339 5
0.912467 0.0252046 6
0.916301 0.0537017 5
0.932893 0.130673 4
0.945084 0.279589 3
0.945389 0.280572 3
0.9128 0.0514044 5
0.899977 0.010047 7
0.921778 0.114495 4
0.92073 0.113297 4
0.894196 0.00432713 8
0.885892 0.000805354 10
0.872987 5.77298e-05 13
0.902221 0.0104063 7
0.919638 0.112096 4
0.895397 0.00441514 8
0.958528 0.55408 2
0.872758 5.74323e-05 13
0.889585 0.00186506 9
0.91957 0.112023 4
0.925696 0.119415 4
0.967506 0.597404 2
0.948286 0.290545 3
0.939334 0.263141 3
0.975205 0.649765 2
0.915015 0.0528223 5
0.90526 0.0226706 6
0.92384 0.116994 4
0.956917 0.547839 2
0.931196 0.127718 4
0.898348 0.00980467 7
0.962098 0.569438 2
0.92545 0.119084 4
0.943634 0.275077 3
0.967332 0.596407 2
0.959193 0.556779 2
0.962255 0.570166 2
0.938143 0.260177 3
0.92069 0.0570588 5
0.96638 0.591062 2
0.897805 0.00460434 8
0.888266 0.000844468 10
0.920007 0.0564969 5
0.960326 0.561541 2
0.912545 0.0252361 6
0.880311 0.000150597 12
0.944152 0.276659 3
0.931442 0.128134 4
0.944937 0.279119 3
0.953363 0.535398 2
0.941169 0.267986 3
0.974699 0.645782 2
0.968192 0.601421 2
0.91872 0.0554793 5
0.966054 0.589278 2
0.909572 0.0241006 6
0.901656 0.0103129 7
0.972271 0.627804 2
0.982507 1 1
0.909448 0.024056 6
0.880612 0.000151637 12
0.916799 0.0540536 5
0.973763 0.638634 2
0.996553 1 1
0.959371 0.557512 2
0.940138 0.265221 3
0.97834 0.67644 2
0.993223 1 1
0.949412 0.294756 3
0.976576 0.661001 2
0.939129 0.143519 4
0.930315 0.0669527 5
0.961859 0.568342 2
0.963794 0.57755 2
0.939924 0.145416 4
0.910246 0.0119906 7
0.940056 0.145738 4
0.942026 0.150757 4
0.964476 0.580975 2
0.985244 1 1
0.970113 0.613287 2
0.975451 0.651732 2
0.954536 0.316624 3
0.938578 0.142243 4
0.982725 0.720216 2
0.91606 0.0267695 6
0.906343 0.00544831 8
0.931244 0.0681445 5
0.96482 0.582742 2
0.929887 0.0664197 5
0.896965 0.00102597 10
0.956466 0.326163 3
0.933035 0.130931 4
0.9516 0.303524 3
0.972215 0.627411 2
0.960201 0.561005 2
0.938045 0.259939 3
0.962343 0.570579 2
0.930527 0.244099 3
0.934151 0.251178 3
0.940646 0.26657 3
0.936945 0.257332 3
0.965465 0.586115 2
0.930726 0.244465 3
0.924139 0.117373 4
0.906622 0.0230973 6
0.905629 0.0227842 6
0.926692 0.120789 4
0.940918 0.267304 3
0.943293 0.274053 3
0.93871 0.261571 3
0.887773 1.85485e-05 15
0.89949 0.000528071 11
0.947873 0.168502 4
0.892974 9.92068e-05 13
0.951477 0.182007 4
0.952934 0.309273 3
0.873994 1.04344e-07 21
0.871568 4.25626e-08 22
0.95757 0.331987 3
0.986707 0.767719 2
0.923703 0.0163094 7
0.848892 9.37304e-12 0
0.869162 7.76888e-09 24
0.90588 0.00130512 10
0.924832 0.0317874 6
0.907111 0.0482478 5
0.896762 0.02043 6
0.924443 0.234101 3
0.915171 0.107643 4
0.897453 0.020589 6
0.889652 0.00872233 7
0.868853 0.000118681 12
0.895319 0.00939045 7
0.923686 0.1168 4
0.902084 0.0217548 6
0.958544 0.554146 2
0.865853 4.95618e-05 13
0.883478 0.00168163 9
0.915973 0.108392 4
0.924764 0.234579 3
0.98603 1 1
0.969061 1 1
0.945856 0.514118 2
0.994734 1 1
0.926382 0.237062 3
0.916739 0.224038 3
0.943575 0.508751 2
0.969506 1 1
0.936457 0.494549 2
0.903738 0.0466487 5
0.953526 0.53593 2
0.938665 0.498584 2
0.959884 0.559655 2
0.98617 1 1
0.969279 1 1
0.993299 1 1
0.980323 0.695228 2
0.939789 0.145091 4
0.987707 1 1
0.925898 0.0619063 5
0.916879 0.013784 7
0.959054 0.340258 3
0.977771 0.671328 2
0.930211 0.066822 5
0.899189 0.0010848 10
0.939515 0.144434 4
0.950878 0.300539 3
0.973586 0.637316 2
0.982964 0.722853 2
0.96267 0.572113 2
0.95399 0.314062 3
0.944868 0.158808 4
0.957621 0.332259 3
0.962481 0.361499 3
0.929918 0.0357648 6
0.920192 0.0149067 7
0.915492 0.00679555 8
0.939023 0.0803686 5
0.950795 0.179277 4
0.918065 0.0141659 7
0.984971 0.746013 2
0.908445 0.00283096 9
0.928694 0.0347181 6
0.965206 0.380791 3
0.970738 0.617358 2
0.969679 0.610521 2
0.957668 0.332516 3
0.910305 0.0059614 8
0.961467 0.354887 3
0.899756 0.00110081 10
0.891742 0.00020157 12
0.963538 0.576293 2
0.984713 0.742924 2
0.901048 0.00235407 9
0.871759 4.64416e-07 19
0.912006 0.0124159 7
0.98145 0.706638 2
0.99197 1 1
0.951825 0.304471 3
0.932206 0.0694307 5
0.969777 1 1
0.964941 0.583368 2
0.914818 0.107319 4
0.961176 0.565257 2
0.906685 0.0480359 5
0.899024 0.0209644 6
0.974218 1 1
0.978838 1 1
0.905629 0.047523 5
0.87732 0.0015316 9
0.912198 0.105034 4
0.977574 1 1
0.994902 1 1
0.954804 0.540235 2
0.935862 0.254869 3
0.964331 0.58024 2
0.954481 0.539126 2
0.906132 0.0229412 6
0.956055 0.544661 2
0.896698 0.00957345 7
0.888947 0.00184393 9
0.96473 0.582276 2
0.97899 1 1
0.896945 0.00960728 7
0.86821 2.31255e-05 14
0.90684 0.0231677 6
0.986914 1 1
0.98894 1 1
0.947053 0.286155 3
0.927667 0.122186 4
0.986843 0.769493 2
0.985636 0.754143 2
0.939134 0.143533 4
0.980948 0.701495 2
0.927826 0.0340129 6
0.91915 0.0145343 7
0.96535 0.585506 2
0.975279 0.650354 2
0.929625 0.0660986 5
0.899594 0.00052969 11
0.935084 0.0736337 5
0.952593 0.307775 3
0.975551 0.652543 2
0.980207 0.694084 2
0.961059 0.352306 3
0.910068 0.0498089 5
0.913941 0.106533 4
0.963425 0.575739 2
0.917058 0.10944 4
0.943814 0.509292 2
0.938119 0.26012 3
0.884474 0.00373868 8
0.893733 0.00919057 7
0.969659 1 1
0.957085 0.54847 2
0.959399 0.557628 2
0.866743 5.04713e-05 13
0.887524 0.00390268 8
0.927231 0.238421 3
0.945961 0.514375 2
0.963468 1 1
0.982544 1 1
0.932225 0.247298 3
0.957656 0.550653 2
0.93051 0.244069 3
0.92367 0.232976 3
0.983643 1 1
0.958153 0.552591 2
0.923635 0.232925 3
0.898334 0.0444188 5
0.918 0.110381 4
0.950711 0.527178 2
0.968291 1 1
0.962059 0.569261 2
0.94902 0.522354 2
0.952546 0.532777 2
0.932745 0.24832 3
0.929544 0.242335 3
0.959579 0.558373 2
0.903633 0.0221884 6
0.89404 0.00922847 7
0.909313 0.0493948 5
0.944839 0.278806 3
0.922544 0.115401 4
0.890787 0.00409771 8
0.960026 0.560258 2
0.914589 0.05254 5
0.930585 0.244207 3
0.951701 0.530147 2
0.946377 0.515408 2
0.960206 0.561023 2
0.936141 0.255493 3
0.903044 0.0220207 6
0.957832 0.551334 2
0.884986 0.00172329 9
0.875991 0.000136939 12
0.929896 0.242961 3
0.972059 0.626318 2
0.894205 0.00432774 8
0.862777 3.96794e-06 16
0.918769 0.111173 4
0.953954 0.53735 2
0.958716 0.554837 2
0.942788 0.272566 3
0.925269 0.118843 4
0.936399 0.494446 2
0.956813 0.547449 2
0.969822 1 1
0.93819 0.49769 2
0.981403 1 1
0.97318 1 1
0.933776 0.250402 3
0.921248 0.229626 3
0.965482 1 1
0.946851 0.516605 2
0.934944 0.491952 2
0.903116 0.0463724 5
0.923384 0.232566 3
0.953077 0.53447 2
0.964337 1 1
0.934927 0.252823 3
0.958731 0.554897 2
0.926445 0.237162 3
0.930741 0.244492 3
0.937267 0.258084 3
0.934014 0.250893 3
0.965113 0.58426 2
0.928412 0.24038 3
0.920198 0.112706 4
0.903422 0.0221279 6
0.901579 0.0216187 6
0.926132 0.23667 3
0.939232 0.262881 3
0.939431 0.263388 3
0.934507 0.251927 3
0.916614 0.0270328 6
0.936646 0.137997 4
0.961401 0.566265 2
0.918755 0.0281099 6
0.991129 1 1
0.99351 1 1
0.916383 0.0269221 6
0.901663 0.00238777 9
0.962731 0.5724 2
0.960288 0.34755 3
0.923586 0.0596245 5
0.884555 7.70404e-05 13
0.904027 0.00252642 9
0.933452 0.131694 4
0.947124 0.286402 3
0.905153 0.00259804 9
0.915652 0.0134104 7
0.966342 0.590851 2
0.910687 0.00601608 8
0.962128 0.359162 3
0.959467 0.342655 3
0.888427 8.60974e-05 13
0.888587 8.65089e-05 13
0.976291 0.658612 2
0.982688 0.719822 2
0.941387 0.149081 4
0.864693 1.4187e-08 23
0.885468 3.67355e-05 14
0.923559 0.0309312 6
0.943029 0.153484 4
0.953189 0.310413 3
0.935679 0.135998 4
0.936721 0.138156 4
0.960991 0.564439 2
0.910194 0.0119786 7
0.900573 0.00484549 8
0.910355 0.0120162 7
0.943144 0.27361 3
0.92989 0.125578 4
0.898026 0.00220139 9
0.967873 0.599538 2
0.912322 0.0251464 6
0.929704 0.125283 4
0.955499 0.321286 3
0.95259 0.307761 3
0.974382 1 1
0.954464 0.539069 2
0.940349 0.501875 2
0.982087 1 1
0.91745 0.109828 4
0.907702 0.101536 4
0.930397 0.243862 3
0.962999 0.573681 2
0.931715 0.246316 3
0.898727 0.044569 5
0.95862 0.554449 2
0.931257 0.24545 3
0.950085 0.525356 2
0.972796 1 1
0.961746 0.567826 2
0.941172 0.148529 4
0.95109 0.180449 4
0.99506 1 1
0.946478 0.163841 4
0.968383 0.602556 2
0.958359 0.336318 3
0.921159 0.0152693 7
0.923987 0.0312139 6
0.984929 0.745513 2
0.951024 0.180186 4
0.961527 0.355269 3
0.899062 0.000521454 11
0.920717 0.0151018 7
0.960367 0.348026 3
0.980339 0.695394 2
0.9115 0.0506253 5
0.9061 0.0477497 5
0.942306 0.50595 2
0.919588 0.112042 4
0.91611 0.108522 4
0.908741 0.0490885 5
0.876713 0.000682845 10
0.897327 0.0205598 6
0.943175 0.507855 2
0.923149 0.116134 4
0.96918 1 1
0.867982 0.000116744 12
0.887336 0.0038921 8
0.92416 0.233686 3
0.937274 0.2581 3
0.900177 0.001113 10
0.884748 1.6698e-05 15
0.902083 0.00117128 10
0.907527 0.00276221 9
0.874992 5.24834e-07 19
0.866766 1.55082e-08 23
0.859735 1.93577e-10 28
0.892123 9.65176e-05 13
0.899721 0.00109982 10
0.876185 1.20499e-06 18
0.938594 0.142279 4
0.863951 2.72234e-09 25
0.878646 2.88116e-06 17
0.904001 0.00252481 9
0.907592 0.00276698 9
0.995325 1 1
0.969694 1 1
0.936003 0.255183 3
0.993211 1 1
0.919056 0.111475 4
0.909768 0.103083 4
0.950288 0.525941 2
0.981179 1 1
0.926553 0.237333 3
0.894617 0.0199579 6
0.942401 0.506156 2
0.949792 0.524519 2
0.970598 1 1
0.978848 1 1
0.959345 0.557403 2
0.937528 0.258701 3
0.951249 0.528777 2
0.989757 1 1
0.941804 0.269747 3
0.977611 1 1
0.967305 0.59625 2
0.922976 0.115923 4
0.92073 0.0570923 5
0.983881 1 1
0.954949 0.540735 2
0.952114 0.531423 2
0.897798 0.00460379 8
0.919177 0.0558344 5
0.956482 0.54622 2
0.974576 0.644827 2
0.940899 0.147833 4
0.957597 0.332133 3
0.980963 0.70164 2
0.944084 0.156486 4
0.978541 0.678274 2
0.96831 0.602124 2
0.930526 0.0672185 5
0.924592 0.0316225 6
0.974807 0.646628 2
0.949342 0.294488 3
0.946185 0.283194 3
0.903344 0.00248481 9
0.924509 0.0315658 6
0.959193 0.341062 3
0.974098 0.641159 2
0.885504 0.00173811 9
0.895152 0.00936899 7
0.944999 0.512049 2
0.891246 0.00412697 8
0.943358 0.274248 3
0.943507 0.508596 2
0.86865 5.25173e-05 13
0.869281 5.32244e-05 13
0.95467 0.539772 2
0.976363 1 1
0.926266 0.120195 4
0.845448 6.90759e-09 23
0.865792 2.18855e-05 14
0.9034 0.0221218 6
0.922528 0.115381 4
0.927139 0.033474 6
0.930438 0.0671073 5
0.977293 0.667136 2
0.934189 0.0722675 5
0.950829 0.300342 3
0.942843 0.152969 4
0.900177 0.000538992 11
0.910456 0.00598297 8
0.97886 0.681218 2
0.951432 0.302818 3
0.972966 0.63276 2
0.883006 7.30076e-06 16
0.90416 0.00124132 10
0.944607 0.158027 4
0.963421 0.367899 3
0.967712 1 1
0.951723 0.530215 2
0.906804 0.100893 4
0.960327 0.561543 2
0.894604 0.0199551 6
0.886368 0.00838698 7
0.955454 0.542506 2
0.985408 1 1
0.897561 0.0441282 5
0.867691 0.000262322 11
0.911651 0.104582 4
0.979803 1 1
0.984174 1 1
0.948754 0.521623 2
0.929076 0.241518 3
0.906275 0.00544031 8
0.919957 0.0287607 6
0.966508 0.591765 2
0.910889 0.0121423 7
0.973382 0.635803 2
0.972574 0.62995 2
0.894466 0.000458586 11
0.889925 0.000191587 12
0.975351 0.650934 2
0.98809 1 1
0.934349 0.13338 4
0.867937 8.11811e-08 21
0.888476 8.6224e-05 13
0.924721 0.0607164 5
0.943394 0.154506 4
0.874897 1.23149e-05 15
0.882027 7.19565e-05 13
0.931822 0.128784 4
0.881181 7.03803e-05 13
0.926212 0.0622341 5
0.925828 0.0618346 5
0.854963 1.83771e-09 25
0.858963 1.12415e-08 23
0.940902 0.26726 3
0.957974 0.551888 2
0.921006 0.0573243 5
0.83412 4.71191e-12 0
0.854245 7.78021e-10 26
0.892133 0.00091684 10
0.910899 0.0121446 7
0.951908 0.304822 3
0.947958 0.289356 3
0.968152 0.601183 2
0.959906 0.559749 2
0.939926 0.264667 3
0.930157 0.126007 4
0.917342 0.0544457 5
0.935551 0.13574 4
0.961169 0.565229 2
0.927819 0.122408 4
0.985507 1 1
0.905972 0.0110821 7
0.927058 0.121307 4
0.966923 0.594083 2
0.978493 1 1
0.916701 0.0539836 5
0.923144 0.0592122 5
0.974638 0.64531 2
0.923169 0.0592359 5
0.955783 0.54368 2
0.949563 0.295335 3
0.893864 0.00202114 9
0.899982 0.00479173 8
0.981955 1 1
0.96418 0.579478 2
0.959327 0.557328 2
0.873882 1.19689e-05 15
0.894954 0.00206534 9
0.934757 0.134167 4
0.954345 0.538665 2
0.949053 0.522447 2
0.936905 0.257239 3
0.890119 0.00405597 8
0.941538 0.269004 3
0.880179 0.00072449 10
0.872564 0.000127596 12
0.950075 0.525328 2
0.96605 0.589254 2
0.881061 0.00161918 9
0.852434 2.49729e-07 19
0.893717 0.00918863 7
0.989614 1 1
0.970833 1 1
0.930922 0.244827 3
0.911657 0.0507178 5
0.900238 0.00231113 9
0.91457 0.0130978 7
0.959653 0.343751 3
0.904654 0.00525596 8
0.970205 0.61388 2
0.971946 0.625532 2
0.890016 0.000192063 12
0.884076 7.60318e-05 13
0.968332 0.602253 2
0.993401 1 1
0.927833 0.0639982 5
0.862753 2.95218e-08 22
0.883039 3.41154e-05 14
0.918512 0.0279828 6
0.936859 0.138448 4
0.954923 0.318471 3
0.976584 0.661063 2
0.931057 0.0679004 5
0.949649 0.174883 4
0.933084 0.0706555 5
0.92712 0.0334596 6
0.982004 0.712445 2
0.949329 0.173693 4
0.923041 0.0305972 6
0.899964 0.000535566 11
0.913206 0.00640206 8
0.944401 0.157414 4
0.960034 0.346017 3
0.955735 0.322457 3
0.945345 0.160261 4
0.950334 0.298352 3
0.973713 0.638256 2
0.960077 0.346272 3
0.950296 0.298203 3
0.963179 0.574546 2
0.955617 0.32187 3
0.951218 0.301933 3
0.936445 0.137574 4
0.952788 0.308629 3
0.929687 0.0661748 5
0.933196 0.0708155 5
0.919952 0.0287577 6
0.940137 0.145935 4
0.964104 0.579099 2
0.966935 0.594151 2
0.920411 0.0568277 5
0.901376 0.0102674 7
0.90719 0.0232817 6
0.927056 0.121304 4
0.880156 0.000329259 11
0.871145 2.47928e-05 14
0.87863 0.000145004 12
0.914745 0.052643 5
0.902443 0.0104436 7
0.874344 5.95437e-05 13
0.943572 0.27489 3
0.886984 0.000822886 10
0.90035 0.0101047 7
0.920212 0.056664 5
0.918694 0.0554593 5
0.94309 0.153656 4
0.965972 0.386639 3
0.92736 0.0336453 6
0.938295 0.079029 5
0.934405 0.0725919 5
0.929923 0.0357691 6
0.974359 0.643153 2
0.937408 0.0774562 5
0.920272 0.0149364 7
0.900629 0.000546387 11
0.90552 0.0012913 10
0.935114 0.0736806 5
0.948587 0.171004 4
0.945736 0.161477 4
0.938284 0.0790087 5
0.973995 0.640378 2
0.993081 1 1
0.952658 0.308058 3
0.972993 0.632956 2
0.943416 0.15457 4
0.934625 0.0729267 5
0.96055 0.349146 3
0.959308 0.341728 3
0.943261 0.154133 4
0.914024 0.00653784 8
0.940546 0.146948 4
0.938295 0.0790285 5
0.960464 0.348618 3
0.983988 0.734419 2
0.97221 0.627372 2
0.962135 0.56961 2
0.94715 0.51737 2
0.947025 0.517049 2
0.970598 1 1
0.921149 0.11377 4
0.911353 0.05054 5
0.920126 0.112627 4
0.949168 0.522764 2
0.939348 0.263176 3
0.906465 0.0479274 5
0.972106 1 1
0.917894 0.110274 4
0.937127 0.257756 3
0.967571 0.597783 2
0.964788 0.582575 2
0.942079 0.505464 2
0.928207 0.240033 3
0.940456 0.502089 2
0.950304 0.525988 2
0.912468 0.105261 4
0.90312 0.0984245 4
0.900952 0.0454528 5
0.930402 0.243872 3
0.935161 0.492315 2
0.904797 0.099516 4
0.977221 1 1
0.899787 0.0449826 5
0.917876 0.225374 3
0.948452 0.520802 2
0.951302 0.528938 2
0.95442 0.316071 3
0.955229 0.31996 3
0.904222 0.00520908 8
0.945996 0.282565 3
0.89975 0.00228597 9
0.893029 0.000441618 11
0.97862 0.678996 2
0.963613 0.57666 2
0.895382 0.000987593 10
0.869106 4.22031e-07 19
0.898375 0.00221804 9
0.980058 0.692629 2
0.979114 0.683585 2
0.941388 0.149084 4
0.923728 0.059758 5
0.906039 0.0229119 6
0.919805 0.112276 4
0.966187 0.589999 2
0.910627 0.0501229 5
0.973462 1 1
0.972813 1 1
0.894389 0.00927195 7
0.889703 0.00403047 8
0.974984 1 1
0.988305 1 1
0.933948 0.250757 3
0.86778 2.28967e-05 14
0.888302 0.00182307 9
0.924474 0.117801 4
0.943111 0.273514 3
0.9704 0.615144 2
0.98962 1 1
0.937233 0.258003 3
0.965026 0.583807 2
0.932688 0.248207 3
0.92513 0.118659 4
0.977375 1 1
0.962811 0.572784 2
0.928289 0.123105 4
0.901394 0.0215693 6
0.92493 0.118395 4
0.950266 0.525877 2
0.9704 0.615144 2
0.969596 0.609998 2
0.955466 0.542547 2
0.953913 0.537211 2
0.942282 0.271102 3
0.951966 0.305066 3
0.962446 0.571058 2
0.924488 0.0604879 5
0.9148 0.0261939 6
0.913801 0.0257587 6
0.940014 0.264896 3
0.945241 0.280094 3
0.912849 0.0253603 6
0.981955 1 1
0.909128 0.0239421 6
0.928749 0.1238 4
0.962816 0.572805 2
0.965798 0.587893 2
0.878907 1.3356e-06 18
0.885296 7.93545e-06 16
0.935261 0.0739114 5
0.885357 7.95345e-06 16
0.927553 0.0337963 6
0.926398 0.0329124 6
0.857791 1.49912e-11 0
0.862954 5.13722e-10 27
0.94411 0.156561 4
0.957687 0.332619 3
0.926171 0.0327443 6
0.837666 5.51271e-12 0
0.857864 1.50517e-11 0
0.896055 0.000229175 12
0.914794 0.00667072 8
0.959746 0.559076 2
0.975466 1 1
0.970205 1 1
0.962303 1 1
0.959653 0.558686 2
0.950032 0.525202 2
0.945007 0.512067 2
0.943254 0.50803 2
0.960901 0.564039 2
0.931275 0.245484 3
0.949474 0.523618 2
0.920828 0.229071 3
0.942699 0.506804 2
0.97765 1 1
0.984116 1 1
0.966082 0.589427 2
0.941118 0.267847 3
0.919089 0.0557661 5
0.9688 0.605076 2
0.897447 0.00457509 8
0.88798 0.000839559 10
0.924924 0.118388 4
0.966381 0.591065 2
0.910626 0.0244877 6
0.878386 0.000144222 12
0.939823 0.264398 3
0.937911 0.259615 3
0.950795 0.527424 2
0.954584 0.539478 2
0.940443 0.266028 3
0.985474 1 1
0.964231 0.579734 2
0.940769 0.502727 2
0.993142 1 1
0.920729 0.113295 4
0.911115 0.104146 4
0.941041 0.503284 2
0.971851 1 1
0.931544 0.245992 3
0.898818 0.0209141 6
0.95182 0.530514 2
0.940079 0.501335 2
0.960196 0.560982 2
0.980041 1 1
0.96383 0.577731 2
0.958043 0.334568 3
0.93815 0.141273 4
0.932698 0.130324 4
0.965185 0.584639 2
0.907304 0.00556434 8
0.897643 0.00104327 10
0.914578 0.0131002 7
0.949699 0.295863 3
0.925273 0.0612679 5
0.893058 0.000441944 11
0.960806 0.563625 2
0.918995 0.0282374 6
0.935609 0.135856 4
0.957051 0.329213 3
0.950658 0.299652 3
0.973085 0.633628 2
0.997793 1 1
0.944684 0.158257 4
0.969451 0.609087 2
0.938282 0.14157 4
0.930159 0.0667575 5
0.969371 0.608588 2
0.96175 0.356704 3
0.935547 0.135731 4
0.907649 0.00560731 8
0.932265 0.0695122 5
0.944669 0.158211 4
0.966125 0.589665 2
0.976685 0.661922 2
0.963375 0.575497 2
0.888876 0.000398424 11
0.903278 0.00510956 8
0.947757 0.288635 3
0.893261 0.00094027 10
0.959579 0.558373 2
0.963618 0.576683 2
0.879631 3.09197e-05 14
0.872925 2.3714e-06 17
0.956645 0.327087 3
0.991428 1 1
0.917952 0.0276941 6
0.852075 1.33962e-10 28
0.872034 2.30437e-06 17
0.906922 0.0112702 7
0.925097 0.0610909 5
0.905253 0.0473446 5
0.899054 0.0209717 6
0.934695 0.252326 3
0.913328 0.105996 4
0.909006 0.0492297 5
0.901893 0.0217032 6
0.869999 0.000121314 12
0.891602 0.00893826 7
0.935862 0.254869 3
0.917572 0.10995 4
0.962023 0.569096 2
0.86232 2.02827e-05 14
0.881252 0.00162394 9
0.917219 0.109599 4
0.929754 0.242707 3
0.968487 1 1
0.993188 1 1
0.951564 0.529729 2
0.966742 1 1
0.945829 0.514051 2
0.937538 0.496486 2
0.963431 1 1
0.955222 0.541688 2
0.942546 0.506471 2
0.914924 0.107416 4
0.935833 0.493461 2
0.937099 0.495692 2
0.95849 0.553929 2
0.977609 1 1
0.968661 1 1
0.88881 8.70894e-05 13
0.890591 9.19588e-05 13
0.938259 0.141517 4
0.896085 0.000479144 11
0.921391 0.0295831 6
0.917346 0.0139319 7
0.861684 1.08741e-09 26
0.873303 4.91955e-07 19
0.944783 0.158552 4
0.943004 0.153415 4
0.942332 0.151577 4
0.846043 8.14548e-12 0
0.866103 1.50679e-08 23
0.904677 0.00256731 9
0.922192 0.0300657 6
0.914624 0.0131131 7
0.900263 0.0011155 10
0.918438 0.0279441 6
0.922374 0.0301779 6
0.890787 0.000196216 12
0.882275 1.53896e-05 15
0.874059 1.11556e-06 18
0.905016 0.00258907 9
0.915622 0.0134016 7
0.890308 0.000193616 12
0.955813 0.322846 3
0.875746 2.60422e-06 17
0.891899 0.000202475 12
0.919901 0.0287295 6
0.924292 0.0314185 6
0.970251 1 1
0.968423 1 1
0.917546 0.109924 4
0.961733 0.567765 2
0.910185 0.103407 4
0.902614 0.0461538 5
0.977838 1 1
0.976632 1 1
0.90839 0.0489036 5
0.880398 0.00160288 9
0.913352 0.106016 4
0.973931 1 1
0.99187 1 1
0.956763 0.547261 2
0.938227 0.497759 2
0.926398 0.0329124 6
0.942434 0.151854 4
0.980131 0.693344 2
0.930093 0.0666746 5
0.989404 1 1
0.979619 0.688381 2
0.916749 0.0137432 7
0.910116 0.0059347 8
0.981275 0.704828 2
0.964443 0.375157 3
0.941546 0.149495 4
0.889015 4.1186e-05 14
0.909808 0.00589177 8
0.94482 0.158664 4
0.961883 0.357565 3
0.903269 0.0220844 6
0.903588 0.0221755 6
0.949357 0.523292 2
0.910798 0.0502198 5
0.927936 0.122579 4
0.922198 0.114989 4
0.87405 5.91421e-05 13
0.887709 0.00180434 9
0.954077 0.537761 2
0.942515 0.271773 3
0.958323 0.553266 2
0.859712 7.05496e-07 18
0.879938 0.000327818 11
0.918865 0.0555915 5
0.935877 0.254903 3
24 0 4 5 6 9 12 16 18 22 23 28 29 32 33 38 43 47 50 51 55 58 59 60 66 
41 0 2 4 5 6 7 8 9 12 13 14 15 16 17 18 19 22 23 28 29 31 32 33 37 38 41 43 47 49 50 51 52 55 58 59 60 63 65 66 67 69 
45 0 1 2 4 5 6 7 8 9 12 13 14 15 16 17 18 19 20 22 23 28 29 30 31 32 33 37 38 40 41 42 43 47 50 51 55 56 58 59 60 63 65 66 67 69 
29 0 2 4 5 6 9 12 13 15 22 23 28 29 31 32 33 38 41 43 47 50 51 55 58 59 60 63 66 69 
64 0 1 2 3 4 5 6 7 8 9 10 12 13 14 15 16 17 18 19 20 21 22 23 24 25 27 28 29 30 31 32 33 34 35 36 37 38 40 41 42 43 45 46 47 48 49 50 51 52 54 55 56 57 58 59 60 61 63 64 65 66 67 68 69 
66 0 1 2 4 5 6 7 8 9 11 12 13 14 15 16 17 18 19 20 21 22 23 24 26 27 28 29 30 31 32 33 34 35 36 37 38 39 40 41 42 43 44 45 46 47 49 50 51 52 53 54 55 56 57 58 59 60 61 62 63 64 65 66 67 68 69 
36 0 4 5 6 7 8 9 12 13 14 15 16 17 18 19 22 23 28 29 31 32 33 38 41 43 47 50 51 52 55 58 59 60 63 66 67 
18 0 4 5 6 9 12 22 23 28 29 32 38 43 47 51 58 60 66 
54 0 2 4 5 6 7 8 9 12 13 14 15 16 17 18 19 20 21 22 23 28 29 30 31 32 33 34 35 37 38 41 42 43 45 46 47 48 49 50 51 52 54 55 57 58 59 60 61 63 64 65 66 67 69 
53 0 1 2 4 5 6 7 8 9 11 12 13 14 15 16 17 18 19 20 22 23 27 28 29 30 31 32 33 34 36 37 38 39 40 41 42 43 47 49 50 51 53 55 56 57 58 59 60 63 65 66 67 69 
32 0 4 5 6 7 9 12 13 14 15 16 17 18 22 23 28 29 32 33 38 43 47 50 51 52 55 58 59 60 63 66 67 
45 0 1 2 4 5 6 7 8 9 12 13 14 15 16 18 19 20 22 23 27 28 29 30 31 32 33 34 36 37 38 41 42 43 47 49 50 51 55 57 58 59 60 63 66 69 
38 0 1 2 4 5 6 9 12 13 14 15 16 18 20 22 23 28 29 31 32 33 37 38 40 41 42 43 47 50 51 55 58 59 60 63 65 66 69 
34 0 2 4 5 6 9 12 13 15 20 22 23 28 29 31 32 33 37 38 41 42 43 47 50 51 55 56 58 59 60 63 65 66 69 
38 0 2 4 5 6 7 8 9 12 13 14 15 16 17 18 19 22 23 28 29 31 32 33 38 41 43 47 50 51 52 55 58 59 60 63 66 67 69 
