70 15 8e+06
1.81014 105585
1.21448 198509
2.16812 130107
1.09431 186842
1.68059 183272
2.14274 111140
1.70079 102270
1.17245 104055
2.25337 106172
2.18047 128482
1.23734 125159
2.18713 188049
1.26248 151563
1.40721 186544
2.96346 102906
2.60738 101025
1.99063 146432
1.87652 141900
2.95329 175659
1.40591 175343
2.62964 193306
1.75431 152012
2.64625 163143
2.69667 118123
2.81361 153044
1.86098 150962
2.17939 108569
1.58526 129094
1.132 163149
1.14202 161366
2.10013 138334
1.23118 118961
1.47415 147514
1.73105 132564
2.4364 126807
1.39245 181749
1.42119 173033
1.03342 151044
2.58156 144614
2.17101 142973
2.41767 141032
1.43998 162434
2.26069 112492
1.65898 107527
2.29509 136091
1.52963 141964
1.97595 111531
1.51447 192859
2.2914 129915
2.4353 117567
1.24546 127397
2.11695 176934
2.95451 113316
1.05405 192365
2.30703 158682
1.0914 197308
1.14227 180704
2.36593 135680
1.75779 157017
2.08764 106215
2.0684 101736
2.32147 128591
2.35015 143100
1.62916 195330
2.55823 103832
1.54746 102537
1.08073 128054
2.55546 131670
2.34132 119542
1.94477 197304
0.922008 0.0299532 6
0.919525 0.0146663 7
0.938613 0.142324 4
0.926055 0.0326586 6
0.948202 0.290239 3
0.947096 0.16587 4
0.910239 0.00595211 8
0.955286 0.32024 3
0.968661 0.604232 2
0.939694 0.144861 4
0.94 0.145602 4
0.980233 0.694345 2
0.923564 0.0309349 6
0.900054 0.00110941 10
0.950227 0.297926 3
0.943319 0.154295 4
0.888364 8.59359e-05 13
0.938461 0.141977 4
0.946476 0.163833 4
0.942561 0.152198 4
0.926329 0.0623579 5
0.947905 0.289165 3
0.924415 0.0315016 6
0.976746 0.662435 2
0.972732 0.631079 2
0.980642 0.698405 2
0.945209 0.159845 4
0.914857 0.0131794 7
0.861543 2.4387e-09 25
0.955936 0.323465 3
0.900732 0.00233716 9
0.870263 4.39791e-07 19
0.903531 0.00513585 8
0.904181 0.00520469 8
0.910577 0.0120681 7
0.901302 0.00236786 9
0.953432 0.311505 3
0.90562 0.00536419 8
0.952333 0.306641 3
0.9736 0.637413 2
0.965798 0.587893 2
0.930827 0.0676035 5
0.883079 3.41556e-05 14
0.851428 2.45316e-11 30
0.92011 0.0288457 6
0.873574 2.42209e-06 17
0.92049 0.0290598 6
0.89661 0.00101711 10
0.87712 1.31308e-05 15
0.905224 0.0053193 8
0.917317 0.0273755 6
0.858656 4.88239e-09 24
0.930809 0.127072 4
0.908623 0.0116262 7
0.884857 7.76875e-05 13
0.883388 7.46198e-05 13
0.932751 0.130419 4
0.894275 0.000962359 10
0.925288 0.0612824 5
0.899986 0.00229808 9
0.900788 0.00486541 8
0.870189 2.17435e-06 17
0.903537 0.00513639 8
0.904234 0.0107563 7
0.910569 0.0244665 6
0.90126 0.00490979 8
0.953621 0.312363 3
0.905555 0.0110018 7
0.95234 0.306673 3
0.973765 0.63865 2
0.965947 0.588694 2
0.93076 0.126991 4
0.883066 0.000160637 12
0.851326 2.98366e-10 27
0.920124 0.0565925 5
0.847981 8.95709e-12 0
0.864755 1.6153e-07 20
0.863152 6.76428e-08 21
0.851706 1.31724e-10 28
0.872098 2.30914e-06 17
0.875535 5.68999e-06 16
0.876346 1.2837e-05 15
0.886872 0.000176621 12
0.897087 0.0021579 9
0.894409 0.000965337 10
0.888779 0.000397503 11
0.902901 0.00507091 8
0.852314 1.35439e-10 28
0.864062 6.99629e-08 21
0.873535 5.3511e-06 16
0.92466 0.0316692 6
0.862115 1.10989e-09 26
0.913342 0.00642434 8
0.926716 0.0331512 6
0.915972 0.0135056 7
0.899255 0.000524423 11
0.971022 0.619242 2
0.896972 0.000491111 11
0.948603 0.171065 4
0.973909 0.639726 2
0.979215 0.684539 2
0.917572 0.0140047 7
0.890188 9.08189e-05 13
0.835998 5.1175e-12 0
0.929495 0.0659409 5
0.961074 0.352401 3
0.884173 1.63792e-05 15
0.94304 0.153515 4
0.962438 0.361218 3
0.942287 0.151455 4
0.922762 0.0304201 6
0.933139 0.0707342 5
0.916153 0.0135602 7
0.95426 0.315322 3
0.94741 0.166922 4
0.956093 0.324258 3
0.929663 0.0661453 5
0.920121 0.0288519 6
0.853898 1.21306e-11 0
0.955834 0.322954 3
0.897329 0.000496064 11
0.91704 0.0138347 7
0.916827 0.0137675 7
0.901217 0.00114412 10
0.926344 0.0328726 6
0.931805 0.0688877 5
0.891621 0.000200875 12
0.943911 0.155984 4
0.941261 0.148759 4
0.918965 0.0144702 7
0.917291 0.0139141 7
0.958893 0.339332 3
0.907042 0.00272716 9
0.907308 0.00274628 9
0.925176 0.0320279 6
0.931864 0.128857 4
0.924804 0.11823 4
0.949001 0.293198 3
0.935941 0.136532 4
0.958654 0.554588 2
0.955997 0.54445 2
0.909717 0.0241526 6
0.962398 0.570835 2
0.973891 0.639593 2
0.939345 0.26317 3
0.941171 0.267992 3
0.989145 1 1
0.933074 0.131001 4
0.902166 0.0103972 7
0.960571 0.562598 2
0.888334 0.000393357 11
0.897336 0.00216928 9
0.904072 0.0107272 7
0.892239 0.000919008 10
0.913396 0.0255872 6
0.915244 0.0263936 6
0.901618 0.00494397 8
0.92595 0.0619605 5
0.93849 0.261026 3
0.926543 0.0625848 5
0.92282 0.0589158 5
0.945406 0.280628 3
0.891339 0.000901009 10
0.887875 0.000389154 11
0.915206 0.0263762 6
0.941851 0.504978 2
0.965625 1 1
0.969072 1 1
0.943951 0.509606 2
0.970318 1 1
0.986738 1 1
0.868156 0.000264363 11
0.976382 1 1
0.931304 0.245539 3
0.89453 0.0199394 6
0.89938 0.0210521 6
0.953514 0.535891 2
0.981176 1 1
0.930153 0.243421 3
0.956021 0.544536 2
0.971786 0.624425 2
0.91924 0.0558838 5
0.966283 0.590525 2
0.969466 0.609184 2
0.956335 0.545682 2
0.945873 0.282155 3
0.873079 1.1706e-05 15
0.932273 0.12957 4
0.921387 0.0576487 5
0.892941 0.0019852 9
0.900318 0.00482217 8
0.923633 0.0596687 5
0.965657 0.587136 2
0.884964 0.000364332 11
0.953028 0.534314 2
0.900765 0.00113041 10
0.903184 0.00120751 10
0.915809 0.0134569 7
0.904723 0.00257023 9
0.925149 0.032009 6
0.92523 0.0320654 6
0.909804 0.00589124 8
0.934928 0.0733913 5
0.951812 0.304413 3
0.936659 0.0761791 5
0.933808 0.0717028 5
0.956902 0.32843 3
0.901589 0.00115564 10
0.889795 8.97276e-05 13
0.927787 0.0339813 6
0.95893 0.555701 2
0.902245 0.0217988 6
0.955772 0.543641 2
0.962544 0.571519 2
0.959299 0.557214 2
0.941523 0.504287 2
0.93086 0.244712 3
0.937616 0.258909 3
0.979496 1 1
0.955521 0.542742 2
0.962855 0.572989 2
0.954666 0.539758 2
0.931638 0.246171 3
0.873352 0.000289277 11
0.973322 1 1
0.909512 0.102885 4
0.990778 1 1
0.936431 0.25615 3
0.911807 0.10471 4
0.940244 0.501663 2
0.96039 0.561813 2
0.848498 5.21234e-07 18
0.965392 1 1
0.911458 0.104424 4
0.875765 0.00149804 9
0.878907 0.00156749 9
0.940746 0.502678 2
0.94926 0.52302 2
0.963067 0.574005 2
0.927289 0.238515 3
0.887996 0.00181336 9
0.878372 0.000317815 11
0.897776 0.00972305 7
0.891773 0.00416117 8
0.90633 0.0230039 6
0.902761 0.0219414 6
0.924198 0.117448 4
0.910751 0.0501932 5
0.941955 0.270174 3
0.945365 0.280493 3
0.939338 0.263151 3
0.934433 0.251771 3
0.880946 0.000734393 10
0.865111 9.52837e-06 15
0.912093 0.0509764 5
0.875378 0.00148993 9
0.922447 0.231251 3
0.898545 0.044499 5
0.878922 0.0034772 8
0.907152 0.10114 4
0.919366 0.227198 3
0.859394 4.36942e-05 13
0.932887 0.248602 3
0.910031 0.103287 4
0.885764 0.00832874 7
0.884421 0.00820304 7
0.934535 0.251987 3
0.896296 0.0203246 6
0.926698 0.237563 3
0.901792 0.0458026 5
0.968865 0.605467 2
0.938461 0.260956 3
0.996335 1 1
0.971245 0.620741 2
0.98799 1 1
0.975279 0.650354 2
0.886456 0.000814318 10
0.962215 0.569983 2
0.945723 0.281662 3
0.911067 0.0246546 6
0.917333 0.054439 5
0.954499 0.539186 2
0.978229 1 1
0.904203 0.0107507 7
0.977981 1 1
0.930529 0.244103 3
0.874792 0.00029696 11
0.923664 0.116773 4
0.933281 0.249392 3
0.92759 0.239008 3
0.91185 0.0508316 5
0.963187 0.574586 2
0.910618 0.0501177 5
0.963977 0.578462 2
0.983988 1 1
0.992812 1 1
0.932439 0.247717 3
0.900378 0.0213039 6
0.849178 4.22514e-08 21
0.940782 0.266934 3
0.964569 1 1
0.928745 0.240947 3
0.980665 1 1
0.96866 1 1
0.987599 1 1
0.969429 1 1
0.904664 0.0994277 4
0.962983 1 1
0.967324 1 1
0.931024 0.245016 3
0.936873 0.495286 2
0.969659 1 1
0.957745 0.550996 2
0.897651 0.0441618 5
0.994132 1 1
0.890675 0.00883394 7
0.838014 2.29463e-09 24
0.882537 0.00364249 8
0.892908 0.0196036 6
0.886543 0.00840397 7
0.872393 0.000637096 10
0.991435 1 1
0.872766 0.000640816 10
0.924381 0.234011 3
0.962391 0.570802 2
0.958033 0.552119 2
0.895654 0.0201821 6
0.860319 1.94419e-05 14
0.81575 2.19787e-12 0
0.898954 0.0209472 6
0.907572 0.0484809 5
0.853487 5.93679e-07 18
0.899722 0.0211375 6
0.909973 0.0497559 5
0.903707 0.0466345 5
0.888954 0.00864815 7
0.988637 1 1
0.888783 0.00397533 8
0.941475 0.504185 2
0.978857 1 1
0.976245 1 1
0.911508 0.0506301 5
0.877056 0.000686752 10
0.829909 3.9304e-12 0
0.916433 0.108831 4
0.936807 0.0764278 5
0.876751 2.57453e-07 20
0.928031 0.0341767 6
0.939386 0.0810537 5
0.931202 0.0369314 6
0.914473 0.00661479 8
0.958286 0.335909 3
0.912167 0.00623721 8
0.964028 0.372173 3
0.97637 0.659265 2
0.985229 0.749144 2
0.932679 0.0700847 5
0.904516 0.0012541 10
0.850063 9.94254e-12 0
0.944815 0.158648 4
0.845129 2.92539e-09 24
0.869599 5.35875e-05 13
0.862105 3.90029e-06 16
0.848838 1.79989e-08 22
0.87107 5.53221e-05 13
0.876519 0.000306689 11
0.86588 2.19285e-05 14
0.888519 0.00395988 8
0.892112 0.00418351 8
0.885432 0.00173603 9
0.880442 0.000727854 10
0.90187 0.021697 6
0.853204 2.55259e-07 19
0.87197 0.000126091 12
0.871094 5.53507e-05 13
0.87964 1.37429e-06 18
0.965215 0.380861 3
0.905734 0.0012995 10
0.8819 3.24747e-06 17
0.909887 0.00294545 9
0.929346 0.0352687 6
0.826044 3.3411e-12 0
0.936624 0.0761216 5
0.886312 8.24363e-06 16
0.852938 1.15312e-11 0
0.854989 1.28586e-11 0
0.916168 0.0069207 8
0.918862 0.0144348 7
0.993039 1 1
0.897824 0.000242373 12
0.930729 0.24447 3
0.867317 0.0002607 11
0.919363 0.227194 3
0.932847 0.248522 3
0.92186 0.230448 3
0.904825 0.0471446 5
0.964982 1 1
0.90217 0.045963 5
0.953337 0.535314 2
0.973347 1 1
0.980457 1 1
0.922302 0.231051 3
0.896062 0.0202723 6
0.840664 3.27651e-08 21
0.935517 0.492918 2
0.913899 0.0129117 7
0.874545 1.13515e-06 18
0.91392 0.0129176 7
0.917217 0.0138906 7
0.920133 0.0288586 6
0.908391 0.00570193 8
0.96063 0.349637 3
0.91076 0.00602666 8
0.962496 0.571294 2
0.988651 1 1
0.981751 0.709781 2
0.935547 0.135731 4
0.892158 0.000203984 12
0.852813 1.14558e-11 0
0.931112 0.0679722 5
0.971171 0.62024 2
0.909706 0.0241488 6
0.967541 0.59761 2
0.975098 1 1
0.96916 0.607278 2
0.949559 0.52386 2
0.919088 0.0557652 5
0.943106 0.2735 3
0.970405 0.615178 2
0.942635 0.272119 3
0.950013 0.525148 2
0.954834 0.540338 2
0.943019 0.273243 3
0.878976 0.000146125 12
0.983576 1 1
0.877147 2.73276e-06 17
0.901397 0.00114968 10
0.895937 0.000477195 11
0.880966 6.79779e-06 16
0.905235 0.00260337 9
0.91127 0.00610126 8
0.882237 1.53711e-05 15
0.92364 0.0309841 6
0.922644 0.0303462 6
0.906963 0.0027215 9
0.903746 0.00250912 9
0.937059 0.138876 4
0.887026 3.85909e-05 14
0.898061 0.00105421 10
0.904327 0.00254513 9
0.949531 0.523779 2
0.957106 0.548552 2
0.974452 1 1
0.95105 0.528181 2
0.971832 1 1
0.979798 1 1
0.868365 0.000599474 10
0.966687 1 1
0.929551 0.242348 3
0.893671 0.0197596 6
0.899197 0.0447507 5
0.947348 0.51788 2
0.992703 1 1
0.921388 0.229812 3
0.958129 0.552499 2
0.89584 0.0435041 5
0.866347 0.000256578 11
0.898638 0.0445347 5
0.899258 0.0447746 5
0.905707 0.10013 4
0.896758 0.0438332 5
0.952924 0.533978 2
0.901349 0.0456172 5
0.947164 0.517406 2
0.969762 1 1
0.961583 1 1
0.92644 0.237153 3
0.878394 0.0034545 8
0.848227 1.2065e-06 17
0.915096 0.107574 4
0.927937 0.0641163 5
0.9794 0.686286 2
0.953864 0.313479 3
0.929668 0.0661512 5
0.954644 0.317134 3
0.972499 0.629414 2
0.854704 6.61791e-11 29
0.96784 0.599347 2
0.917461 0.0139687 7
0.88105 1.48003e-05 15
0.885519 3.67929e-05 14
0.94216 0.151115 4
0.971781 0.624388 2
0.942803 0.152859 4
0.940583 0.14704 4
0.924407 0.117716 4
0.971605 1 1
0.951972 0.530981 2
0.927293 0.238521 3
0.958026 0.552093 2
0.977622 1 1
0.867726 5.15086e-05 13
0.986993 1 1
0.932097 0.247051 3
0.895602 0.00942738 7
0.898808 0.0209116 6
0.961883 0.568451 2
0.956856 0.547611 2
0.943698 0.509028 2
0.946041 0.514574 2
0.971142 0.620044 2
0.923855 0.117012 4
0.970047 0.612864 2
0.96946 0.609145 2
0.960098 0.560563 2
0.950487 0.526522 2
0.873162 0.000129144 12
0.93678 0.25695 3
0.923482 0.116546 4
0.893846 0.0092045 7
0.901059 0.0214807 6
0.927282 0.121627 4
0.970561 0.616193 2
0.889385 0.00401124 8
0.955604 0.543038 2
0.88107 0.000335428 11
0.929594 0.12511 4
0.90481 0.0225344 6
0.884581 0.000785242 10
0.913326 0.0517309 5
0.926204 0.120109 4
0.860706 7.26103e-07 18
0.939809 0.264361 3
0.913768 0.0520096 5
0.887613 0.00180135 9
0.886767 0.00177539 9
0.939797 0.26433 3
0.903173 0.0220573 6
0.932226 0.247302 3
0.907366 0.0233397 6
0.961038 0.564644 2
0.945784 0.513941 2
0.984201 1 1
0.962443 0.571046 2
0.978045 1 1
0.975699 1 1
0.875654 0.00030174 11
0.961556 0.566964 2
0.934961 0.252896 3
0.900128 0.0212402 6
0.906218 0.047807 5
0.947627 0.518608 2
0.99023 1 1
0.910575 0.0500934 5
0.966176 0.589941 2
0.882809 0.000347782 11
0.912431 0.02519 6
0.903241 0.0105803 7
0.886594 0.000816548 10
0.912514 0.0252235 6
0.920298 0.0567344 5
0.878777 0.000145479 12
0.933208 0.131245 4
0.925064 0.118571 4
0.904833 0.0108661 7
0.902573 0.0104655 7
0.943826 0.275658 3
0.895905 0.00445357 8
0.909076 0.0239238 6
0.910197 0.0243281 6
0.876672 1.29596e-05 15
0.921199 0.0574879 5
0.899506 0.00227366 9
0.880258 3.14701e-05 14
0.908244 0.0115446 7
0.919863 0.0563801 5
0.862325 6.56256e-08 21
0.933385 0.131569 4
0.912463 0.025203 6
0.888674 0.000396522 11
0.88721 0.000178176 12
0.936335 0.137346 4
0.896487 0.00213105 9
0.924122 0.0601337 5
0.903298 0.00511159 8
0.966345 1 1
0.893434 0.0197107 6
0.952079 0.531312 2
0.968676 1 1
0.952081 0.53132 2
0.932516 0.247868 3
0.929598 0.242431 3
0.926094 0.23661 3
0.962524 1 1
0.94822 0.520179 2
0.956711 0.54707 2
0.939492 0.500177 2
0.928438 0.240424 3
0.863076 0.000106786 12
0.965983 1 1
0.894517 0.0199368 6
0.94478 0.511529 2
0.919442 0.111885 4
0.897943 0.0207041 6
0.92771 0.239205 3
0.942013 0.505323 2
0.86433 4.80668e-05 13
0.955747 0.543549 2
0.922252 0.230982 3
0.892151 0.00900158 7
0.892454 0.00903705 7
0.951371 0.529145 2
0.919007 0.111423 4
0.941239 0.503694 2
0.920388 0.112916 4
0.966787 0.59332 2
0.91686 0.0137778 7
0.971591 0.623087 2
0.971004 0.619123 2
0.975657 0.653394 2
0.957004 0.328967 3
0.915451 0.0133511 7
0.951449 0.30289 3
0.974093 0.641119 2
0.940978 0.148033 4
0.947534 0.287842 3
0.963458 0.5759 2
0.94729 0.286983 3
0.88649 8.13555e-05 13
0.989836 1 1
0.926303 0.236937 3
0.903274 0.046442 5
0.935528 0.254129 3
0.930273 0.243637 3
0.943815 0.509294 2
0.935898 0.25495 3
0.930344 0.243766 3
0.940323 0.501823 2
0.982199 1 1
0.960529 0.562414 2
0.960672 0.56304 2
0.96641 1 1
0.915931 0.108352 4
0.881533 0.00359482 8
0.951296 0.528919 2
0.915459 0.00678963 8
0.923662 0.0162916 7
0.934317 0.07246 5
0.91944 0.0146362 7
0.94403 0.156328 4
0.946574 0.164151 4
0.90175 0.000565504 11
0.956915 0.328498 3
0.95887 0.339201 3
0.930719 0.0364845 6
0.930623 0.0363963 6
0.977455 0.668544 2
0.921951 0.0155795 7
0.906799 0.00134159 10
0.943836 0.155767 4
0.984005 1 1
0.906042 0.0229129 6
0.967748 0.598808 2
0.98703 1 1
0.964941 0.583365 2
0.944728 0.278457 3
0.912332 0.05112 5
0.935719 0.254551 3
0.956224 0.545275 2
0.932566 0.247967 3
0.940536 0.266274 3
0.942903 0.2729 3
0.944864 0.278887 3
0.873887 5.89225e-05 13
0.976478 1 1
0.888016 0.000390435 11
0.973625 0.637603 2
0.914378 0.0260077 6
0.890314 0.000881352 10
0.918566 0.0553609 5
0.938218 0.141426 4
0.832974 4.48257e-12 0
0.945333 0.28039 3
0.894058 0.00202886 9
0.860055 6.05005e-08 21
0.862339 1.48517e-07 20
0.924028 0.0600438 5
0.927264 0.121602 4
0.985229 1 1
0.906336 0.0111534 7
0.860838 4.0204e-11 30
0.87962 6.32789e-07 19
0.877218 2.62675e-07 20
0.864622 5.59376e-10 27
0.886335 8.25097e-06 16
0.890481 4.32796e-05 14
0.881128 1.458e-06 18
0.902146 0.000572517 11
0.909331 0.00290032 9
0.902091 0.000571539 11
0.897247 0.000237932 12
0.917717 0.00722388 8
0.866826 1.39945e-09 26
0.877774 2.69068e-07 20
0.887103 8.49631e-06 16
0.937287 0.139368 4
0.946391 0.28389 3
0.961753 0.567855 2
0.940989 0.267495 3
0.971319 0.62124 2
0.977744 0.671089 2
0.891202 0.000898336 10
0.985522 1 1
0.95724 0.549058 2
0.919842 0.0563636 5
0.923071 0.0591452 5
0.987084 1 1
0.952296 0.306484 3
0.91994 0.0564426 5
0.964659 0.581912 2
0.950704 0.527155 2
0.954579 0.539463 2
0.973774 1 1
0.951879 0.530694 2
0.9697 1 1
0.975526 1 1
0.866817 0.000258561 11
0.962327 0.570504 2
0.927054 0.238135 3
0.891659 0.0193557 6
0.897387 0.0205737 6
0.94359 0.508784 2
0.9969 1 1
0.918905 0.226625 3
0.956592 0.546626 2
0.903772 0.00122769 10
0.987771 0.781836 2
0.930572 0.0672769 5
0.906088 0.00266049 9
0.934588 0.0728694 5
0.954619 0.317016 3
0.844753 7.65442e-12 0
0.960593 0.34941 3
0.907284 0.00274455 9
0.87203 9.5932e-08 21
0.874901 2.3816e-07 20
0.936977 0.0767161 5
0.943275 0.154173 4
0.968959 0.606045 2
0.921881 0.0155515 7
0.966912 0.594019 2
0.940431 0.146661 4
0.989306 1 1
0.968456 0.602993 2
0.981113 0.703175 2
0.973313 0.635294 2
0.880386 6.6643e-06 16
0.959423 0.342394 3
0.938751 0.142641 4
0.904519 0.00255722 9
0.910849 0.00603956 8
0.948614 0.291754 3
0.984246 0.737417 2
0.905563 0.00262504 9
0.970932 0.618644 2
0.887326 0.00848133 7
0.857205 7.93531e-06 15
0.889217 0.00867596 7
0.890622 0.00882809 7
0.89609 0.0202787 6
0.887102 0.00845907 7
0.954172 0.538081 2
0.891721 0.00895197 7
0.93725 0.258044 3
0.963708 0.577127 2
0.955056 0.54111 2
0.916537 0.108931 4
0.869023 0.000268242 11
0.83982 5.74641e-09 23
0.905609 0.0475137 5
0.881827 0.000155978 12
0.964322 0.580197 2
0.908168 0.0115286 7
0.884305 0.000165552 12
0.913075 0.0254534 6
0.932361 0.129724 4
0.831737 4.24963e-12 0
0.941015 0.267566 3
0.891865 0.00091145 10
0.858836 2.54571e-08 22
0.860601 6.16816e-08 21
0.922037 0.0582141 5
0.919343 0.0559651 5
0.984215 1 1
0.9015 0.00493263 8
0.893252 0.000444172 11
0.871861 1.03298e-06 18
0.899123 0.00225448 9
0.896862 0.00102339 10
0.906909 0.00551609 8
0.900093 0.00230361 9
0.940744 0.147443 4
0.906109 0.00542087 8
0.94674 0.285078 3
0.960202 0.561007 2
0.953035 0.309721 3
0.931043 0.0678828 5
0.880132 1.43814e-05 15
0.855568 3.60404e-10 27
0.914873 0.0262264 6
0.891678 0.00415496 8
0.907919 0.0486585 5
0.909714 0.0496132 5
0.895579 0.00942432 7
0.919176 0.111602 4
0.923311 0.116334 4
0.894373 0.00926994 7
0.934957 0.252887 3
0.938531 0.261128 3
0.920676 0.113236 4
0.91805 0.110432 4
0.951722 0.530212 2
0.898859 0.00987913 7
0.899154 0.00992279 7
0.919202 0.11163 4
0.931438 0.128127 4
0.953273 0.535106 2
0.957259 0.549131 2
0.934944 0.134534 4
0.966049 0.589251 2
0.978083 0.674121 2
0.884037 0.000357038 11
0.990737 1 1
0.949342 0.294488 3
0.91258 0.0252504 6
0.91552 0.0265191 6
0.980391 1 1
0.952093 0.305609 3
0.92778 0.122351 4
0.957527 0.550154 2
0.953793 0.313154 3
0.951554 0.303329 3
0.982318 1 1
0.956538 0.326536 3
0.985888 1 1
0.991129 1 1
0.881838 7.15989e-05 13
0.977361 0.667729 2
0.945197 0.279951 3
0.908239 0.0115435 7
0.913452 0.0256107 6
0.963184 0.574568 2
0.978122 0.67447 2
0.917748 0.0275908 6
0.971398 0.62177 2
0.858873 1.8868e-05 14
0.865953 0.00011244 12
0.87194 0.000282093 11
0.862618 4.64725e-05 13
0.880811 0.00161301 9
0.881734 0.00360424 8
0.89374 0.0197739 6
0.892083 0.00899368 7
0.910113 0.103351 4
0.911189 0.104205 4
0.905046 0.0472476 5
0.911203 0.104217 4
0.858784 8.21914e-06 15
0.860832 1.96521e-05 14
0.883901 0.00370963 8
0.922893 0.231872 3
0.899189 0.0447475 5
0.931244 0.245427 3
0.926808 0.237738 3
0.939386 0.49997 2
0.931392 0.245706 3
0.933374 0.489389 2
0.935958 0.493676 2
0.978973 1 1
0.963381 1 1
0.962591 1 1
0.961976 1 1
0.911553 0.104502 4
0.878052 0.00343994 8
0.94718 0.517447 2
0.878076 1.35082e-05 15
0.960751 0.563381 2
0.904302 0.00521766 8
0.880537 3.17198e-05 14
0.909181 0.0117486 7
0.928383 0.0646258 5
0.828649 3.72613e-12 0
0.937046 0.138848 4
0.888363 0.000183667 12
0.855647 3.61696e-10 27
0.857305 8.89395e-10 26
0.918429 0.0279393 6
0.915606 0.0265588 6
0.985505 1 1
0.897675 0.0010441 10
0.885063 0.00826253 7
0.900296 0.0451859 5
0.902229 0.0459878 5
0.888947 0.0188475 6
0.911604 0.104543 4
0.915233 0.1077 4
0.894127 0.0198543 6
0.926718 0.237594 3
0.933286 0.489248 2
0.919164 0.226945 3
0.915753 0.222916 3
0.943873 0.509426 2
0.891026 0.0192336 6
0.892906 0.0196032 6
0.91222 0.105053 4
0.891714 0.000201407 12
0.978428 0.677238 2
0.91808 0.0277598 6
0.893941 0.000452256 11
0.921963 0.0299256 6
0.941723 0.149957 4
0.834535 4.79815e-12 0
0.948087 0.289824 3
0.896026 0.00047836 11
0.861605 2.44546e-09 25
0.864127 1.3853e-08 23
0.925818 0.0618237 5
0.931616 0.0686359 5
0.982221 0.714766 2
0.909469 0.00584519 8
0.888385 0.00395203 8
0.84799 9.48098e-08 20
0.885906 0.00381365 8
0.891284 0.00890212 7
0.891622 0.00894061 7
0.880166 0.00159727 9
0.971754 1 1
0.882932 0.00166709 9
0.932548 0.247931 3
0.968071 1 1
0.959817 0.559375 2
0.90728 0.0483329 5
0.864532 4.82606e-05 13
0.828406 3.68824e-12 0
0.902653 0.0461703 5
0.936301 0.494274 2
0.884184 0.0037239 8
0.932181 0.247214 3
0.939441 0.500077 2
0.936757 0.495079 2
0.921418 0.229853 3
0.953699 0.536502 2
0.920468 0.228602 3
0.974427 1 1
0.979994 1 1
0.987605 1 1
0.94253 0.506437 2
0.908887 0.102411 4
0.858404 1.86874e-05 14
0.949698 0.524252 2
0.921172 0.0294538 6
0.908142 0.00280793 9
0.933691 0.0715315 5
0.925197 0.0320426 6
0.942685 0.152536 4
0.937963 0.140853 4
0.921889 0.0298813 6
0.944414 0.157453 4
0.974395 0.64343 2
0.951475 0.303 3
0.950954 0.300852 3
0.970458 0.615523 2
0.916104 0.0135454 7
0.888264 4.01737e-05 14
0.947833 0.168366 4
0.900533 0.0023266 9
0.943711 0.275311 3
0.925015 0.0610089 5
0.904068 0.0051926 8
0.933666 0.132089 4
0.946671 0.284841 3
0.871426 2.26028e-06 17
0.960595 0.562704 2
0.929965 0.125698 4
0.899529 0.0022748 9
0.899915 0.00229444 9
0.959016 0.556051 2
0.922651 0.0587617 5
0.935781 0.136205 4
0.927054 0.0631357 5
0.939296 0.0808826 5
0.902415 0.00057738 11
0.944216 0.156871 4
0.943182 0.153912 4
0.951142 0.180657 4
0.938787 0.0799278 5
0.935003 0.0735076 5
0.939823 0.0818934 5
0.995064 1 1
0.964799 0.377768 3
0.968383 0.406374 3
0.963631 0.369365 3
0.922235 0.0156935 7
0.877365 2.64337e-07 20
0.961608 0.355791 3
0.958258 0.335756 3
0.890689 0.000195675 12
0.947025 0.286059 3
0.960872 0.351134 3
0.948476 0.291245 3
0.929708 0.0661998 5
0.937147 0.139065 4
0.924717 0.0317081 6
0.967365 0.596597 2
0.956674 0.327242 3
0.965236 0.584908 2
0.9408 0.147583 4
0.92312 0.0306474 6
0.861387 2.42172e-09 25
0.96266 0.572065 2
0.860352 2.6934e-08 22
0.870299 2.18178e-06 17
0.874326 5.48135e-06 16
0.86412 1.57957e-07 20
0.883294 7.44313e-05 13
0.885011 0.000168473 12
0.891058 0.000420105 11
0.895713 0.000995394 10
0.911091 0.0121907 7
0.909722 0.0118702 7
0.903946 0.00517955 8
0.914092 0.0258836 6
0.861812 2.84688e-08 22
0.865829 1.67836e-07 20
0.885802 0.000171851 12
0.893154 0.00199337 9
0.9771 0.665464 2
0.919754 0.0562929 5
0.895548 0.00209032 9
0.924232 0.0602396 5
0.943953 0.276049 3
0.838422 5.70355e-12 0
0.951475 0.303 3
0.89994 0.00478791 8
0.865671 8.43414e-07 18
0.868003 2.03407e-06 17
0.930089 0.125898 4
0.931763 0.128682 4
0.978788 1 1
0.912066 0.0250441 6
68 0 1 2 3 4 6 8 9 10 11 12 13 14 15 16 17 18 19 20 21 22 23 24 25 26 27 28 29 30 31 32 33 34 35 36 37 38 39 40 41 42 43 44 45 46 47 48 49 50 51 52 53 54 55 56 57 58 59 60 61 62 63 64 65 66 67 68 69 
59 0 1 2 3 4 5 6 7 8 9 10 13 14 15 16 17 19 20 21 22 23 24 25 26 27 28 29 31 33 35 37 38 39 40 41 42 43 45 46 47 49 51 52 53 54 55 57 58 59 60 61 62 63 64 65 66 67 68 69 
62 0 1 2 3 4 5 6 7 8 9 10 11 13 14 15 16 17 19 20 21 22 23 24 25 26 27 28 29 31 32 33 35 37 38 39 40 41 42 43 45 46 47 49 51 52 53 54 55 56 57 58 59 60 61 62 63 64 65 66 67 68 69 
67 0 1 2 3 4 5 8 9 10 11 13 14 15 16 17 18 19 20 21 22 23 24 25 26 27 28 29 30 31 32 33 34 35 36 37 38 39 40 41 42 43 44 45 46 47 48 49 50 51 52 53 54 55 56 57 58 59 60 61 62 63 64 65 66 67 68 69 
57 0 1 2 3 4 5 6 8 9 10 13 14 15 16 17 19 20 21 22 23 24 25 26 27 28 29 31 33 35 37 38 40 41 42 43 45 46 47 49 51 52 53 54 55 57 58 59 60 61 62 63 64 65 66 67 68 69 
46 0 2 3 4 5 8 9 10 13 15 16 17 21 22 24 25 27 29 31 33 35 37 38 40 42 43 45 46 47 49 51 52 53 54 55 57 58 59 60 61 62 64 65 66 68 69 
60 0 1 2 3 4 5 8 9 10 11 12 13 14 15 16 17 18 19 20 21 22 23 24 27 28 29 30 31 32 33 34 35 36 37 38 39 40 41 42 43 44 46 47 48 50 51 53 54 55 56 57 58 60 62 63 64 65 66 67 68 
36 0 3 5 8 9 10 13 15 16 17 24 25 29 31 33 35 37 38 40 43 45 46 49 51 52 53 54 55 57 59 60 61 64 65 68 69 
46 0 2 3 4 5 8 9 10 11 13 15 16 17 24 25 27 29 31 32 33 35 37 38 40 42 43 45 46 47 49 51 52 53 54 55 56 57 58 59 60 61 64 65 66 68 69 
55 0 2 3 4 5 8 9 10 11 13 14 15 16 17 18 20 24 27 28 29 30 31 32 33 35 36 37 38 40 41 42 43 45 46 47 48 49 50 51 52 53 54 55 56 57 58 59 60 61 62 64 65 66 68 69 
58 0 1 2 3 4 5 8 9 10 11 13 14 15 16 17 18 20 24 27 28 29 30 31 32 33 34 35 36 37 38 40 41 42 43 45 46 47 48 49 50 51 52 53 54 55 56 57 58 59 60 61 62 63 64 65 66 68 69 
39 0 2 3 4 5 8 9 10 13 16 17 21 22 24 25 27 29 31 35 37 38 40 42 43 45 46 51 52 53 54 57 58 59 60 62 64 65 68 69 
51 0 2 3 4 5 8 9 10 11 13 15 16 17 20 24 25 27 29 30 31 32 33 35 37 38 40 42 43 45 46 47 48 49 51 52 53 54 55 56 57 58 59 60 61 62 63 64 65 66 68 69 
6 3 5 17 24 38 59 
58 0 1 2 3 4 5 6 8 9 10 11 13 14 15 16 17 19 20 21 22 23 24 25 26 27 29 31 32 33 35 37 38 40 41 42 43 45 46 47 49 51 52 53 54 55 56 57 58 59 60 61 62 63 64 65 66 68 69 
