70 15 6e+06
1.39758 192824
1.58012 174240
1.9884 198651
4.54695 120575
1.84418 149096
2.14049 107931
1.76907 179018
5.34914 158175
2.12282 158908
5.70987 162130
4.16974 109696
1.02122 168660
2.57904 126072
1.9379 171548
2.38069 179141
2.50548 160548
1.67099 165563
3.87285 115846
3.07653 143674
1.57065 184094
3.73467 193139
2.98696 150928
1.859 123844
6.41713 145479
1.00276 105824
1.76923 168673
1.82557 105003
2.68464 184329
1.4118 188239
2.19315 152351
1.98909 144122
1.31985 181347
2.25787 112347
2.05678 136395
1.10721 143237
4.16418 167678
2.30777 125837
1.29216 172976
3.17862 153974
6.09628 173393
2.05313 149725
2.31333 161319
5.35441 170587
1.1177 142302
2.98959 198175
1.59671 120645
11.3797 150477
1.6427 126697
1.00469 191444
7.46618 184766
3.55892 183230
3.24555 111205
1.59934 106429
5.26737 114556
2.07675 183319
1.10206 127111
2.30025 128195
3.26506 169910
2.24046 183467
1.3001 170137
2.38855 165858
1.51343 181917
1.35025 158672
4.54422 196888
4.4909 194376
4.13482 129601
4.60445 151213
2.81187 118379
3.09648 158868
2.13945 108943
0.918443 0.0552669 5
0.946613 0.284643 3
0.986096 1 1
0.91315 0.0254844 6
0.994512 1 1
0.927093 0.121357 4
0.880139 0.000150006 12
0.923041 0.0591179 5
0.905503 0.0109919 7
0.924936 0.118403 4
0.957608 0.550466 2
0.981445 1 1
0.992727 1 1
0.926074 0.11993 4
0.967448 0.59707 2
0.887463 0.00849514 7
0.943963 0.509633 2
0.919183 0.226969 3
0.979698 1 1
0.90808 0.101812 4
0.932014 0.246891 3
0.86857 0.000266202 11
0.952527 0.532716 2
0.986975 1 1
0.985495 1 1
0.950839 0.527555 2
0.923702 0.233021 3
0.907345 0.101278 4
0.983867 1 1
0.942579 0.506543 2
0.985048 1 1
0.94235 0.506046 2
0.940602 0.502385 2
0.902352 0.0460405 5
0.927645 0.239098 3
0.870955 0.00027727 11
0.942373 0.506095 2
0.92838 0.240325 3
0.878826 0.00156562 9
0.901936 0.0458635 5
0.912296 0.105116 4
0.917588 0.109965 4
0.925793 0.236142 3
0.90357 0.0465733 5
0.927454 0.238785 3
0.890146 0.000878203 10
0.919083 0.0557611 5
0.881801 0.000155883 12
0.945917 0.282303 3
0.86614 1.92504e-06 17
0.868433 4.61542e-06 16
0.892965 0.00198612 9
0.943034 0.273287 3
0.923792 0.116934 4
0.928111 0.122839 4
0.896815 0.00452436 8
0.875 2.73019e-05 14
0.864782 1.85099e-06 17
0.928294 0.123112 4
0.897773 0.00460171 8
0.973407 1 1
0.932734 0.248299 3
0.912299 0.0510999 5
0.905082 0.0226167 6
0.896638 0.00956541 7
0.85327 2.5574e-07 19
0.975827 1 1
0.932608 0.248049 3
0.876828 0.000308495 11
0.897984 0.00975255 7
0.895154 0.00936924 7
0.891643 0.00415266 8
0.894769 0.00931999 7
0.899514 0.0210855 6
0.908107 0.0487557 5
0.926219 0.0327799 6
0.970575 0.616282 2
0.983766 0.731872 2
0.937268 0.0772142 5
0.96855 0.603557 2
0.931068 0.0368066 6
0.891429 4.47254e-05 14
0.947318 0.166614 4
0.925895 0.0325424 6
0.947833 0.168366 4
0.974099 0.641164 2
0.974827 0.646783 2
0.967101 0.395626 3
0.949183 0.173158 4
0.990042 1 1
0.941066 0.503335 2
0.974022 1 1
0.982749 1 1
0.932595 0.248024 3
0.964019 0.578672 2
0.916207 0.108614 4
0.904714 0.0470932 5
0.949352 0.523276 2
0.91619 0.108598 4
0.939483 0.500158 2
0.959238 0.556961 2
0.962323 0.570486 2
0.962118 0.56953 2
0.941031 0.503263 2
0.975326 1 1
0.937799 0.140488 4
0.920068 0.028822 6
0.88985 0.000191193 12
0.908705 0.00574292 8
0.873221 1.08295e-06 18
0.843216 7.11516e-12 0
0.960312 0.347694 3
0.931665 0.0687007 5
0.879238 6.41181e-06 16
0.896421 0.000483612 11
0.882776 1.56418e-05 15
0.872566 4.78525e-07 19
0.87143 4.58831e-07 19
0.897661 0.00104374 10
0.892615 0.000206687 12
0.950398 0.52626 2
0.962118 0.56953 2
0.977485 1 1
0.919344 0.111781 4
0.962398 0.570832 2
0.90395 0.0222802 6
0.910855 0.0502524 5
0.939007 0.262313 3
0.901773 0.0216707 6
0.92491 0.118369 4
0.944811 0.278718 3
0.953574 0.536089 2
0.960398 0.561848 2
0.926469 0.120476 4
0.96055 0.562507 2
0.954751 0.317649 3
0.982755 0.72055 2
0.956567 0.326688 3
0.941529 0.149451 4
0.938373 0.0791695 5
0.900378 0.000542256 11
0.924731 0.0317179 6
0.966896 0.393956 3
0.917088 0.00709786 8
0.941103 0.148351 4
0.944601 0.158008 4
0.938353 0.0791326 5
0.936504 0.0759213 5
0.942808 0.152874 4
0.958074 0.334738 3
0.878333 1.30645e-06 18
0.935987 0.0750704 5
0.925064 0.031949 6
0.954732 0.317555 3
0.918737 0.014392 7
0.958804 0.338827 3
0.853864 1.21087e-11 0
0.934502 0.0727401 5
0.975127 0.649149 2
0.97122 0.620566 2
0.96245 0.361295 3
0.937128 0.0769738 5
0.918526 0.0143201 7
0.970005 0.612595 2
0.948251 0.169818 4
0.933361 0.131526 4
0.991595 1 1
0.952077 0.305542 3
0.962764 0.572557 2
0.934913 0.134473 4
0.914676 0.026139 6
0.90839 0.0236849 6
0.981883 1 1
0.93858 0.261248 3
0.963044 0.573895 2
0.957821 0.55129 2
0.941839 0.269846 3
0.933361 0.131525 4
0.964784 0.582556 2
0.966165 0.589879 2
0.909303 0.0493896 5
0.940569 0.266364 3
0.902222 0.0217927 6
0.960327 0.561543 2
0.885903 0.0017497 9
0.881596 0.000742998 10
0.906684 0.0231174 6
0.965007 0.583708 2
0.931946 0.246759 3
0.942878 0.272829 3
0.914581 0.0525347 5
0.893887 0.00920954 7
0.884452 0.00170831 9
0.943499 0.27467 3
0.917317 0.109695 4
0.963431 1 1
0.942329 0.506002 2
0.915491 0.107939 4
0.919179 0.226965 3
0.898708 0.0445616 5
0.861756 0.000104349 12
0.963283 1 1
0.946559 0.515864 2
0.889956 0.019032 6
0.910571 0.103711 4
0.903597 0.0465857 5
0.896446 0.0437204 5
0.896846 0.0438654 5
0.912058 0.104918 4
0.915384 0.107839 4
0.953914 0.537217 2
0.949068 0.293449 3
0.967677 0.598397 2
0.906525 0.0111907 7
0.957686 0.550767 2
0.893435 0.00200427 9
0.912646 0.0252773 6
0.927255 0.121589 4
0.88878 0.000853445 10
0.911599 0.0248601 6
0.932178 0.129403 4
0.944523 0.277811 3
0.955858 0.543948 2
0.913141 0.0254809 6
0.947467 0.287604 3
0.884358 0.000781923 10
0.935602 0.254292 3
0.946401 0.283923 3
0.929727 0.12532 4
0.94739 0.287333 3
0.975251 1 1
0.852713 2.04898e-08 22
0.921916 0.114657 4
0.938897 0.262038 3
0.947355 0.287211 3
0.975706 1 1
0.966949 0.594229 2
0.947844 0.288948 3
0.947365 0.287248 3
0.961956 0.568785 2
0.896025 0.00446278 8
0.954536 0.539315 2
0.942541 0.271847 3
0.961711 0.567664 2
0.933794 0.132328 4
0.952297 0.531991 2
0.869664 1.06849e-05 15
0.949023 0.293279 3
0.965544 0.586536 2
0.980008 1 1
0.978904 1 1
0.951041 0.528155 2
0.933268 0.131355 4
0.979978 1 1
0.966746 0.59309 2
0.904033 0.00518879 8
0.963295 0.575106 2
0.946953 0.285808 3
0.966373 0.591021 2
0.936041 0.136737 4
0.944358 0.277296 3
0.877846 6.12476e-06 16
0.957437 0.331268 3
0.96211 0.569495 2
0.982943 0.722613 2
0.979104 0.68349 2
0.951668 0.303809 3
0.935266 0.13517 4
0.983736 0.731529 2
0.971346 0.621421 2
0.957618 0.550507 2
0.956672 0.546925 2
0.968943 0.605947 2
0.913646 0.0519319 5
0.955664 0.543254 2
0.89558 0.0044289 8
0.916858 0.0540959 5
0.935154 0.253313 3
0.894719 0.00436495 8
0.917939 0.0548865 5
0.936159 0.255534 3
0.945197 0.279951 3
0.953724 0.536583 2
0.919524 0.111973 4
0.951805 0.530467 2
0.886356 0.00176308 9
0.931831 0.246538 3
0.952612 0.532984 2
0.91806 0.0549772 5
0.958598 0.55436 2
0.965972 0.58883 2
0.852296 4.66195e-08 21
0.914589 0.0525404 5
0.924017 0.117216 4
0.934845 0.252646 3
0.9687 0.604464 2
0.976295 1 1
0.959512 0.558096 2
0.935138 0.253279 3
0.96049 0.562249 2
0.904992 0.00258752 9
0.945075 0.159436 4
0.907523 0.00276192 9
0.97339 0.635862 2
0.89187 0.000202305 12
0.893149 0.000209928 12
0.897601 0.000499904 11
0.969048 0.606589 2
0.945349 0.160273 4
0.955231 0.31997 3
0.924212 0.0313643 6
0.901644 0.00115738 10
0.89054 9.18127e-05 13
0.955666 0.322113 3
0.925004 0.0319072 6
0.902055 0.0011704 10
0.944601 0.158008 4
0.907749 0.00561982 8
0.976946 0.664142 2
0.892458 0.000205754 12
0.896439 0.000483848 11
0.893567 0.000212528 12
0.967748 0.598808 2
0.949869 0.296521 3
0.958547 0.337371 3
0.926242 0.0327965 6
0.902942 0.0024609 9
0.891185 0.000198415 12
0.958841 0.339035 3
0.926101 0.0326928 6
0.924245 0.233811 3
0.956891 0.547743 2
0.99464 1 1
0.922362 0.231134 3
0.983813 1 1
0.927778 0.239318 3
0.886736 0.0184601 6
0.933076 0.488917 2
0.912805 0.105547 4
0.93343 0.489477 2
0.964023 1 1
0.980726 1 1
0.982112 1 1
0.934672 0.491497 2
0.976429 1 1
0.87359 0.00013027 12
0.907408 0.0233535 6
0.871634 5.60123e-05 13
0.941433 0.268713 3
0.856997 2.85126e-07 19
0.868077 2.30545e-05 14
0.875082 0.000134345 12
0.93054 0.244123 3
0.926736 0.12085 4
0.924739 0.118146 4
0.891065 0.00411535 8
0.867627 2.28165e-05 14
0.855798 2.7518e-07 19
0.924487 0.117818 4
0.889554 0.0040214 8
0.904464 0.0469779 5
0.94935 0.523273 2
0.970983 1 1
0.927848 0.239434 3
0.971174 1 1
0.950775 0.527366 2
0.869734 0.000271504 11
0.929575 0.242391 3
0.926434 0.237143 3
0.942897 0.507238 2
0.979565 1 1
0.991096 1 1
0.971202 1 1
0.943666 0.508957 2
0.978623 1 1
0.930138 0.125976 4
0.97887 1 1
0.93914 0.262648 3
0.969466 0.60918 2
0.922154 0.0583172 5
0.907209 0.0232879 6
0.910936 0.0246049 6
0.99545 1 1
0.940554 0.266323 3
0.963069 0.574015 2
0.947663 0.2883 3
0.929479 0.124928 4
0.920625 0.0570046 5
0.964638 0.581802 2
0.953751 0.536674 2
0.920234 0.112745 4
0.967562 1 1
0.929131 0.241613 3
0.978599 1 1
0.912882 0.105612 4
0.906033 0.047717 5
0.904809 0.0471372 5
0.990436 1 1
0.947281 0.517709 2
0.966737 0.593038 2
0.94288 0.507201 2
0.921874 0.114607 4
0.91147 0.0506081 5
0.967964 1 1
0.946011 0.5145 2
0.937021 0.138795 4
0.965512 0.586366 2
0.926941 0.0630127 5
0.95691 0.328473 3
0.909436 0.00584073 8
0.889685 0.00019033 12
0.925311 0.0613055 5
0.983643 0.730465 2
0.926156 0.0621756 5
0.94613 0.283011 3
0.929827 0.0663454 5
0.914113 0.0129706 7
0.90777 0.00562246 8
0.947515 0.287774 3
0.937418 0.139652 4
0.875012 5.59834e-06 16
0.931864 0.128857 4
0.912513 0.0125446 7
0.964103 0.579093 2
0.903785 0.00516247 8
0.940349 0.146459 4
0.855034 8.04936e-10 26
0.937711 0.140295 4
0.994798 1 1
0.973452 0.636315 2
0.94754 0.287863 3
0.920949 0.0572762 5
0.903332 0.00511512 8
0.971696 0.623805 2
0.936091 0.136839 4
0.99231 1 1
0.944046 0.156374 4
0.936386 0.137452 4
0.905864 0.00264528 9
0.922203 0.0300724 6
0.869066 8.4917e-08 21
0.949819 0.296326 3
0.932805 0.0702618 5
0.880963 6.79711e-06 16
0.90395 0.00252166 9
0.911081 0.00607338 8
0.913768 0.012876 7
0.920319 0.0289628 6
0.905587 0.00262667 9
0.925897 0.0325434 6
0.943956 0.276058 3
0.971779 1 1
0.934165 0.251209 3
0.953344 0.535335 2
0.916404 0.108804 4
0.891911 0.00417022 8
0.928025 0.239729 3
0.982436 1 1
0.923628 0.116727 4
0.945245 0.512636 2
0.933606 0.250053 3
0.919927 0.112409 4
0.914679 0.0525993 5
0.946775 0.516411 2
0.942752 0.272458 3
0.942222 0.50577 2
0.950805 0.527455 2
0.915352 0.10781 4
0.940471 0.502122 2
0.897886 0.0206905 6
0.873368 0.000646897 10
0.939823 0.500826 2
0.96535 1 1
0.909956 0.103229 4
0.9287 0.240869 3
0.913533 0.106174 4
0.900225 0.0451576 5
0.896135 0.0202888 6
0.93002 0.243182 3
0.922331 0.231091 3
0.893789 0.0042982 8
0.943328 0.274158 3
0.909982 0.0242491 6
0.986443 1 1
0.896134 0.00447111 8
0.908944 0.0238772 6
0.881382 0.000337584 11
0.961964 0.568824 2
0.965748 0.587622 2
0.969902 0.611937 2
0.934215 0.251313 3
0.908861 0.0238481 6
0.895064 0.0043903 8
0.969605 0.610057 2
0.930864 0.127164 4
0.915816 0.108243 4
0.934101 0.251075 3
0.896351 0.020337 6
0.943905 0.5095 2
0.879503 0.000715977 10
0.867853 5.1645e-05 13
0.919903 0.112384 4
0.956376 0.545831 2
0.914995 0.107481 4
0.927617 0.239052 3
0.903109 0.0220392 6
0.885094 0.00377074 8
0.877921 0.000696812 10
0.928443 0.240432 3
0.908134 0.0487701 5
0.945098 0.512284 2
0.966064 0.58933 2
0.929361 0.242013 3
0.949636 0.524076 2
0.911645 0.104577 4
0.886567 0.00384948 8
0.932318 0.24748 3
0.977882 1 1
0.91951 0.111958 4
0.9404 0.501978 2
0.927936 0.23958 3
0.914612 0.107133 4
0.909901 0.0497162 5
0.941877 0.505034 2
0.937136 0.257775 3
0.963297 0.575116 2
0.974028 0.64063 2
0.952899 0.309117 3
0.934171 0.13304 4
0.935186 0.13501 4
0.893058 0.000441944 11
0.931978 0.0691214 5
0.960689 0.563111 2
0.909178 0.00580582 8
0.932911 0.130707 4
0.93692 0.138577 4
0.932944 0.130765 4
0.933266 0.131351 4
0.934601 0.133864 4
0.950897 0.300618 3
0.974156 0.641599 2
0.963184 0.574568 2
0.947749 0.288605 3
0.924212 0.0602204 5
0.931079 0.127522 4
0.884293 0.000359024 11
0.939919 0.264648 3
0.951206 0.301885 3
0.899045 0.00470906 8
0.922482 0.0586101 5
0.92759 0.122073 4
0.926297 0.120238 4
0.929138 0.124397 4
0.924152 0.0601625 5
0.942026 0.270372 3
0.936251 0.255741 3
0.966537 1 1
0.990985 1 1
0.927136 0.238266 3
0.972188 1 1
0.919032 0.11145 4
0.8988 0.0209096 6
0.94199 0.505274 2
0.913117 0.105813 4
0.935579 0.254243 3
0.959919 0.559802 2
0.96846 1 1
0.970251 1 1
0.937029 0.495566 2
0.975504 1 1
0.947363 0.166766 4
0.907427 0.00275494 9
0.885255 7.92325e-06 16
0.886618 1.78063e-05 15
0.870037 1.79504e-08 23
0.829771 3.90743e-12 0
0.987694 0.780795 2
0.912031 0.00621629 8
0.857994 1.51613e-11 0
0.877063 5.69627e-07 19
0.870259 1.81341e-08 23
0.865409 1.30301e-09 26
0.868224 7.43131e-09 24
0.878453 6.02787e-07 19
0.882208 3.28568e-06 17
0.91938 0.0146152 7
0.940271 0.146264 4
0.902206 0.00117525 10
0.948872 0.292713 3
0.885278 3.6519e-05 14
0.873112 4.88418e-07 19
0.920492 0.0290609 6
0.962713 0.363056 3
0.919218 0.0145581 7
0.932946 0.0704601 5
0.908997 0.00578164 8
0.890979 9.30811e-05 13
0.883694 1.61199e-05 15
0.933843 0.0717542 5
0.914169 0.0129861 7
0.875013 6.04747e-05 13
0.928388 0.123253 4
0.934161 0.251201 3
0.930529 0.126611 4
0.934377 0.251652 3
0.984747 1 1
0.845219 2.30876e-10 27
0.918124 0.0550256 5
0.945479 0.280864 3
0.948368 0.290847 3
0.967268 0.596037 2
0.953705 0.536523 2
0.93482 0.252594 3
0.94794 0.289292 3
0.951873 0.530677 2
0.915452 0.107903 4
0.928165 0.239964 3
0.8911 0.00888139 7
0.93588 0.254909 3
0.874225 0.000293887 11
0.860677 8.58031e-06 15
0.923519 0.116591 4
0.949372 0.523334 2
0.907259 0.0483221 5
0.91981 0.112282 4
0.896189 0.0203008 6
0.879027 0.000710103 10
0.872612 0.000285467 11
0.920653 0.113211 4
0.901762 0.0216677 6
0.896382 0.0010115 10
0.925166 0.06116 5
0.887527 0.000179655 12
0.949819 0.296326 3
0.871621 2.27424e-06 17
0.871582 2.27149e-06 17
0.898233 0.00221121 9
0.949262 0.294183 3
0.925597 0.0615969 5
0.931936 0.128982 4
0.9015 0.00493258 8
0.8801 3.13295e-05 14
0.870226 9.7723e-07 18
0.932253 0.129535 4
0.903091 0.00509028 8
0.898025 0.000505994 11
0.956534 0.326516 3
0.933361 0.0710517 5
0.978587 0.678697 2
0.921831 0.0298462 6
0.937419 0.139654 4
0.875872 1.19117e-06 18
0.959704 0.344051 3
0.974597 0.644986 2
0.997373 1 1
0.964371 0.580444 2
0.937122 0.13901 4
0.921025 0.0293679 6
0.996445 1 1
0.957069 0.329307 3
0.88444 0.00820475 7
0.93977 0.500721 2
0.940524 0.502228 2
0.942276 0.505887 2
0.937386 0.496209 2
0.971953 1 1
0.855438 1.76045e-05 14
0.93028 0.24365 3
0.9539 0.537168 2
0.960375 0.56175 2
0.977297 1 1
0.956786 0.547347 2
0.937454 0.496333 2
0.960077 0.560473 2
0.961179 0.56527 2
0.878168 2.83255e-06 17
0.934447 0.0726561 5
0.912108 0.0124415 7
0.97011 0.61327 2
0.902268 0.00242183 9
0.934237 0.0723399 5
0.859487 9.81625e-10 26
0.942517 0.152078 4
0.997313 1 1
0.97622 0.658018 2
0.94568 0.161301 4
0.918755 0.0281099 6
0.901689 0.00115878 10
0.974482 0.644097 2
0.935618 0.135874 4
0.938343 0.141708 4
0.921251 0.0295003 6
0.947419 0.166954 4
0.880205 6.62345e-06 16
0.94729 0.16652 4
0.877688 2.785e-06 17
0.899065 0.000521493 11
0.899892 0.00110473 10
0.864661 6.31211e-09 24
0.886281 3.76854e-05 14
0.910452 0.00598238 8
0.929146 0.0655207 5
0.946212 0.162985 4
0.887718 3.94632e-05 14
0.924176 0.0313401 6
0.910337 0.0243799 6
0.952071 0.531289 2
0.914169 0.0522669 5
0.976825 1 1
0.898303 0.00979816 7
0.897081 0.00454552 8
0.900745 0.0101666 7
0.976141 1 1
0.946465 0.284137 3
0.95941 0.557673 2
0.929954 0.125681 4
0.907806 0.0234862 6
0.896943 0.00453456 8
0.96007 0.560443 2
0.931429 0.128112 4
0.937939 0.1408 4
0.977405 0.66811 2
0.937873 0.140652 4
0.960985 0.564414 2
0.920308 0.0567426 5
0.899649 0.004762 8
0.919791 0.0563226 5
0.990438 1 1
0.931638 0.128469 4
0.953801 0.313189 3
0.941078 0.267739 3
0.925519 0.0615167 5
0.918659 0.0554326 5
0.955362 0.320609 3
0.949136 0.293707 3
0.86676 2.23688e-05 14
0.901344 0.021556 6
0.866199 9.78612e-06 15
0.93678 0.256949 3
0.851926 4.6071e-08 21
0.865786 9.68712e-06 15
0.868316 2.31826e-05 14
0.924073 0.117289 4
0.924958 0.118432 4
0.920774 0.113346 4
0.886768 0.00177541 9
0.863011 3.99185e-06 16
0.850779 4.44232e-08 21
0.920388 0.112916 4
0.884537 0.00171067 9
0.925969 0.0619802 5
0.922812 0.0304519 6
0.956325 0.325439 3
0.883486 3.45738e-05 14
0.961746 0.567826 2
0.890948 0.000418961 11
0.886083 8.04155e-05 13
0.899915 0.00229444 9
0.871321 1.01407e-06 18
0.891902 0.000429082 11
0.920053 0.0288141 6
0.942284 0.151448 4
0.961092 0.564885 2
0.893219 0.000443794 11
0.932259 0.129546 4
0.880562 3.08893e-06 17
0.938445 0.079301 5
0.925699 0.0324005 6
0.958424 0.336684 3
0.91859 0.0143418 7
0.955414 0.320864 3
0.856569 1.4011e-11 0
0.937791 0.0781282 5
0.977799 0.671583 2
0.974834 0.646837 2
0.962759 0.363364 3
0.936677 0.0762093 5
0.918292 0.0142415 7
0.973564 0.637148 2
0.949207 0.173247 4
0.870343 5.44534e-05 13
0.927517 0.121966 4
0.917133 0.109514 4
0.949101 0.52258 2
0.911676 0.0507289 5
0.95926 0.557054 2
0.846546 7.16784e-09 23
0.927103 0.121371 4
0.974724 1 1
0.964032 0.578737 2
0.954348 0.538673 2
0.930242 0.243582 3
0.911576 0.0506702 5
0.962642 0.571979 2
0.939858 0.26449 3
0.886245 1.75764e-05 15
0.940189 0.146064 4
0.944815 0.158648 4
0.938338 0.0791058 5
0.942824 0.152919 4
0.972593 0.630085 2
0.856053 1.36213e-11 0
0.92862 0.0346574 6
0.947983 0.168885 4
0.956256 0.325089 3
0.979725 0.689399 2
0.962435 0.361198 3
0.942986 0.153367 4
0.956161 0.324606 3
0.963982 0.371847 3
0.929613 0.242457 3
0.929704 0.242618 3
0.894982 0.00934709 7
0.926458 0.237182 3
0.877911 0.000696691 10
0.855795 1.45268e-06 17
0.94129 0.5038 2
0.946451 0.515593 2
0.896761 0.0204297 6
0.912423 0.105223 4
0.894026 0.00922665 7
0.880149 0.00159688 9
0.876188 0.000676944 10
0.913526 0.106168 4
0.901963 0.0217219 6
0.920957 0.0151924 7
0.974328 0.642917 2
0.971827 0.624707 2
0.947958 0.168796 4
0.95832 0.336099 3
0.936341 0.075651 5
0.888982 4.11406e-05 14
0.954306 0.315535 3
0.93726 0.0772002 5
0.959459 0.342606 3
0.982186 0.714391 2
0.969489 0.609325 2
0.957141 0.329693 3
0.960792 0.350641 3
0.994914 1 1
0.870771 2.45696e-05 14
0.924636 0.118011 4
0.928898 0.124027 4
0.929747 0.125351 4
0.928979 0.124151 4
0.986867 1 1
0.841682 3.64053e-11 29
0.915654 0.0532538 5
0.94712 0.286388 3
0.947392 0.287343 3
0.96264 0.571972 2
0.94819 0.290197 3
0.929429 0.12485 4
0.946792 0.285254 3
0.947063 0.286189 3
0.876679 5.89903e-06 16
0.915242 0.0263926 6
0.8801 3.13294e-05 14
0.952337 0.306659 3
0.865824 1.67803e-07 20
0.879386 1.40546e-05 15
0.874399 2.48899e-06 17
0.937742 0.140364 4
0.938914 0.143018 4
0.936044 0.136744 4
0.901514 0.00237951 9
0.87731 1.32046e-05 15
0.864686 7.16174e-08 21
0.935675 0.13599 4
0.899082 0.00225244 9
0.941494 0.504225 2
0.954619 0.539598 2
0.918401 0.226008 3
0.944489 0.510849 2
0.900882 0.0454241 5
0.877322 0.00153163 9
0.936468 0.494568 2
0.969762 1 1
0.913878 0.106477 4
0.932902 0.248631 3
0.917528 0.109906 4
0.903719 0.0466398 5
0.899146 0.0447309 5
0.934237 0.251359 3
0.92611 0.236634 3
0.919965 0.112451 4
0.961542 0.566898 2
0.922638 0.115514 4
0.974179 1 1
0.906166 0.0229519 6
0.898756 0.00986399 7
0.907998 0.0486995 5
0.986469 1 1
0.942546 0.271861 3
0.959827 0.559416 2
0.93498 0.252938 3
0.914481 0.0524692 5
0.904712 0.0225051 6
0.960893 0.564005 2
0.938458 0.260948 3
0.926611 0.237424 3
0.919205 0.111633 4
0.951272 0.528846 2
0.87951 0.00158162 9
0.955982 0.544396 2
0.885592 0.00379693 8
0.887072 0.00845611 7
0.896674 0.0204101 6
0.866727 0.00011405 12
0.887441 0.00849286 7
0.914879 0.107375 4
0.93667 0.256695 3
0.955317 0.542022 2
0.888777 0.0086297 7
0.927306 0.238542 3
0.975198 1 1
0.962155 0.569703 2
0.946586 0.515933 2
0.923537 0.232784 3
0.929986 0.243122 3
0.883184 0.00367398 8
0.941118 0.503443 2
0.950661 0.527029 2
0.898217 0.0207692 6
0.9216 0.230096 3
0.926437 0.237148 3
0.925124 0.235119 3
0.928047 0.239766 3
0.923267 0.232399 3
0.940833 0.502857 2
0.882822 0.00805933 7
0.923933 0.233356 3
0.888834 0.018827 6
0.96201 1 1
0.874538 0.00147261 9
0.887447 0.00849353 7
0.878023 0.00343868 8
0.94613 0.514794 2
0.946749 0.516345 2
0.945417 0.513051 2
0.910647 0.103771 4
0.886222 0.00837276 7
0.873402 0.00144985 9
0.945087 0.512258 2
0.908177 0.101883 4
0.88496 7.83701e-06 16
0.936869 0.0765341 5
0.90671 0.00270359 9
0.980877 0.700773 2
0.894166 0.000103185 13
0.914799 0.0066717 8
0.871249 4.19656e-08 22
0.952556 0.30761 3
0.97551 0.652207 2
0.971027 0.619277 2
0.934668 0.0729926 5
0.908349 0.0028236 9
0.893265 0.000100157 13
0.970086 0.61311 2
0.928812 0.0348171 6
0.883424 1.59768e-05 15
0.919835 0.0286927 6
0.883697 1.61215e-05 15
0.954057 0.314371 3
0.868868 8.4244e-08 21
0.878245 2.84027e-06 17
0.881965 1.52372e-05 15
0.943101 0.153685 4
0.936404 0.137488 4
0.936775 0.13827 4
0.903073 0.00246862 9
0.879535 6.47564e-06 16
0.867649 3.59564e-08 22
0.936626 0.137955 4
0.901837 0.00116344 10
0.87278 2.36029e-06 17
0.913219 0.0127289 7
0.878928 1.38594e-05 15
0.952147 0.305843 3
0.865091 7.27184e-08 21
0.881688 3.27864e-05 14
0.869448 4.27173e-07 19
0.935005 0.134652 4
0.941953 0.150563 4
0.936798 0.138318 4
0.901851 0.00239823 9
0.877195 1.31598e-05 15
0.864016 6.98412e-08 21
0.936272 0.137213 4
0.898531 0.0022255 9
0.920014 0.0148419 7
0.979355 0.685857 2
0.947086 0.165837 4
0.973503 0.636696 2
0.931813 0.0688991 5
0.924178 0.0313412 6
0.896331 0.000231154 12
0.978214 0.675293 2
0.952055 0.305449 3
0.976989 0.664509 2
0.964328 0.374325 3
0.942573 0.15223 4
0.930533 0.0363144 6
0.978758 0.680269 2
0.967018 0.394945 3
0.861142 1.67232e-06 17
0.913851 0.0520623 5
0.92031 0.11283 4
0.919686 0.112147 4
0.922329 0.115143 4
0.994296 1 1
0.831907 4.28078e-12 0
0.904905 0.0225631 6
0.939367 0.263225 3
0.936922 0.257278 3
0.951915 0.530804 2
0.94089 0.267226 3
0.923005 0.115958 4
0.936222 0.255675 3
0.93683 0.257064 3
0.951033 0.528131 2
0.944718 0.278424 3
0.966269 0.590451 2
0.902496 0.0104525 7
0.958417 0.553637 2
0.892206 0.00418973 8
0.909772 0.0241727 6
0.922764 0.115666 4
0.885432 0.00079819 10
0.907999 0.0235513 6
0.929786 0.125414 4
0.943857 0.275754 3
0.95669 0.546991 2
0.909515 0.0240799 6
0.944783 0.278629 3
0.945241 0.280094 3
0.952788 0.533544 2
0.917858 0.110237 4
0.939931 0.26468 3
0.90035 0.0101047 7
0.874339 0.000132288 12
0.941245 0.268194 3
0.965807 0.587944 2
0.909519 0.0495069 5
0.928847 0.12395 4
0.914966 0.0527894 5
0.902295 0.0218126 6
0.898583 0.00983873 7
0.930215 0.243533 3
0.924202 0.117452 4
56 1 3 4 5 6 7 9 10 11 12 13 15 16 17 20 21 23 25 26 27 28 30 31 32 33 34 35 36 38 39 40 41 42 43 44 45 47 48 49 51 52 53 54 55 56 57 58 59 61 62 63 64 65 66 67 69 
40 1 3 4 7 9 11 12 13 20 21 23 25 26 27 28 30 31 32 33 34 35 38 39 41 42 43 45 47 48 49 54 57 58 59 62 63 64 65 66 69 
60 1 3 4 5 6 7 9 10 11 12 13 15 16 17 19 20 21 22 23 24 25 26 27 28 30 31 32 33 34 35 36 37 38 39 40 41 42 43 44 45 47 48 49 51 52 53 54 55 56 57 58 59 61 62 63 64 65 66 67 69 
30 3 4 7 12 13 20 21 23 26 27 30 31 32 33 34 38 39 41 42 47 49 54 57 58 59 62 63 64 65 69 
62 0 1 3 4 5 6 7 8 9 10 11 12 13 15 16 17 19 20 21 22 23 24 25 26 27 28 30 31 32 33 34 35 36 37 38 39 40 41 42 43 44 45 47 48 49 51 52 53 54 55 56 57 58 59 61 62 63 64 65 66 67 69 
60 1 2 3 4 5 6 8 9 10 11 12 13 14 15 16 17 18 20 21 23 25 26 27 28 29 30 31 32 33 34 35 36 37 39 40 41 42 43 44 45 47 48 49 51 52 53 54 55 56 57 58 59 61 62 63 64 65 66 67 69 
32 1 3 7 12 13 20 21 23 26 27 28 30 31 32 33 34 38 39 41 42 45 47 49 54 57 58 59 62 63 64 65 69 
30 1 3 7 12 20 21 23 26 27 28 31 32 33 34 38 39 41 42 45 47 49 54 57 58 59 62 63 64 65 69 
26 3 7 12 20 21 23 26 27 31 32 33 39 41 42 45 47 49 54 57 58 59 62 63 64 65 69 
35 1 3 4 7 12 13 20 21 23 25 26 27 28 30 31 32 33 34 38 39 41 42 45 47 48 49 54 57 58 59 62 63 64 65 69 
51 1 2 3 4 7 9 10 11 12 13 16 17 20 21 23 25 26 27 28 29 30 31 32 33 34 35 36 38 39 41 42 43 44 45 47 48 49 51 52 54 55 57 58 59 61 62 63 64 65 66 69 
62 1 2 3 4 5 6 7 8 9 10 11 12 13 15 16 17 19 20 21 23 24 25 26 27 28 29 30 31 32 33 34 35 36 37 38 39 40 41 42 43 44 45 47 48 49 51 52 53 54 55 56 57 58 59 61 62 63 64 65 66 67 69 
68 0 1 2 3 4 5 6 7 8 9 10 11 12 13 14 15 16 17 18 20 21 22 23 24 25 26 27 28 29 30 31 32 33 34 35 36 37 38 39 40 41 42 43 44 45 46 47 48 49 50 51 52 53 54 55 56 57 58 59 60 61 62 63 64 65 66 68 69 
35 1 3 4 7 12 13 20 21 23 25 26 27 28 30 31 32 33 34 38 39 41 42 45 47 48 49 54 57 58 59 62 63 64 65 69 
51 1 2 3 4 6 7 9 10 11 12 13 16 17 20 21 23 25 26 27 28 29 30 31 32 33 34 35 36 38 39 41 42 43 45 47 48 49 51 52 54 55 57 58 59 61 62 63 64 65 66 69 
