60 15 8e+06
1.80871 132123
1.23012 113238
2.18187 150251
1.01314 184608
1.63086 185933
1.5016 190232
1.44322 127987
2.07711 106677
1.1315 151522
1.49635 108401
2.86047 193481
1.13314 176915
1.34532 168870
1.54755 161822
1.366 164090
1.15233 162503
1.24264 103908
2.94548 196086
2.32569 162395
2.00104 171212
2.98354 141318
1.94213 150051
1.38719 144900
1.27465 154279
1.38729 123189
1.39741 146585
1.28993 171497
2.69199 147571
1.39498 195360
2.54546 119070
1.39754 105210
1.1602 129321
1.03847 174799
2.48815 110028
1.08163 182044
1.96348 167094
1.05861 147194
1.69107 194083
2.05958 190987
2.03893 117779
1.62431 110002
1.12248 139080
2.15594 199753
1.06102 130774
1.7077 113066
2.1394 106974
1.52289 143064
1.57742 192996
2.63121 105630
1.2583 197240
2.43148 100164
1.38532 132305
2.08476 168922
1.1887 134294
2.52545 175055
2.3233 129077
1.93288 158465
1.8905 179653
2.58204 196603
1.82526 101576
0.916702 0.0539842 5
0.910892 0.0502738 5
0.930277 0.126201 4
0.957225 0.549 2
0.972924 0.632462 2
0.959885 0.559661 2
0.952589 0.532911 2
0.969571 0.60984 2
0.984795 1 1
0.940217 0.265429 3
0.974892 1 1
0.959629 0.558585 2
0.964271 0.579937 2
0.945983 0.282523 3
0.954844 0.540373 2
0.967684 0.598438 2
0.872322 4.74195e-07 19
0.978871 0.68132 2
0.910501 0.00598929 8
0.950172 0.29771 3
0.92742 0.0635368 5
0.913523 0.0128098 7
0.92097 0.0293361 6
0.960304 0.347645 3
0.95543 0.320945 3
0.922857 0.0304803 6
0.923101 0.0306356 6
0.954911 0.318414 3
0.89605 0.000478676 11
0.919613 0.0285705 6
0.94674 0.164696 4
0.889397 4.17158e-05 14
0.958207 0.335469 3
0.911779 0.00310879 9
0.950195 0.176947 4
0.893923 0.000102357 13
0.884094 7.59232e-06 16
0.917219 0.0071239 8
0.933127 0.0707169 5
0.986279 0.762218 2
0.911406 0.00307538 9
0.891858 4.54032e-05 14
0.914001 0.00653399 8
0.891901 4.54724e-05 14
0.931499 0.0372114 6
0.891683 0.000201231 12
0.95249 0.307324 3
0.90631 0.00267573 9
0.983467 0.728474 2
0.963031 0.573831 2
0.922512 0.0302638 6
0.922564 0.0302963 6
0.978722 0.679933 2
0.943324 0.15431 4
0.934522 0.0727698 5
0.965333 0.585417 2
0.924963 0.0318787 6
0.920812 0.0292445 6
0.96164 0.355993 3
0.991576 1 1
0.890089 0.00405412 8
0.954226 0.538262 2
0.904692 0.0224992 6
0.983694 1 1
0.961271 0.56568 2
0.921406 0.114064 4
0.921743 0.114454 4
0.977859 1 1
0.941677 0.269391 3
0.933073 0.248973 3
0.964468 0.580937 2
0.923954 0.117137 4
0.919314 0.111749 4
0.962207 0.569946 2
0.990438 1 1
0.889533 0.00402015 8
0.909154 0.0493088 5
0.901737 0.0216609 6
0.954879 0.540494 2
0.943369 0.274282 3
0.972779 1 1
0.977966 1 1
0.96375 0.577333 2
0.95657 0.546544 2
0.909878 0.0497034 5
0.977092 1 1
0.977814 1 1
0.952676 0.533186 2
0.958569 0.554245 2
0.938888 0.262014 3
0.884352 0.000781844 10
0.948833 0.521841 2
0.898616 0.00984363 7
0.997722 1 1
0.954758 0.540076 2
0.932901 0.248629 3
0.935825 0.254786 3
0.987952 1 1
0.943888 0.27585 3
0.921938 0.114681 4
0.977485 1 1
0.936457 0.256209 3
0.925037 0.118536 4
0.979112 1 1
0.973686 0.63806 2
0.94572 0.281652 3
0.877317 1.32073e-05 15
0.953054 0.309809 3
0.896714 0.0010197 10
0.934051 0.132811 4
0.879914 3.11658e-05 14
0.869744 9.61641e-07 18
0.901741 0.0023921 9
0.918391 0.0279199 6
0.969646 0.610315 2
0.895918 0.00100027 10
0.877603 1.33194e-05 15
0.901048 0.00235407 9
0.877004 1.30859e-05 15
0.916722 0.0270849 6
0.856378 6.422e-07 18
0.950713 0.527183 2
0.869141 5.30667e-05 13
0.920207 0.112716 4
0.90988 0.0497046 5
0.859671 1.60726e-06 17
0.859866 1.6157e-06 17
0.912126 0.0509963 5
0.884364 0.00170586 9
0.904938 0.022573 6
0.899654 0.0211205 6
0.861848 3.87493e-06 16
0.861396 3.83081e-06 16
0.906378 0.0230192 6
0.934125 0.251125 3
0.913398 0.0127765 7
0.927404 0.0635194 5
0.9282 0.0644155 5
0.968573 0.6037 2
0.986055 1 1
0.938796 0.142745 4
0.934199 0.133092 4
0.977485 0.668807 2
0.968066 0.600674 2
0.950348 0.298407 3
0.971368 0.62157 2
0.939513 0.144428 4
0.943556 0.274842 3
0.94975 0.296059 3
0.975991 0.656123 2
0.927714 0.239211 3
0.891997 0.00898372 7
0.939447 0.500088 2
0.93739 0.258373 3
0.960864 0.563878 2
0.965373 0.585627 2
0.952276 0.531928 2
0.949524 0.523761 2
0.989803 1 1
0.937408 0.258415 3
0.956564 0.546525 2
0.961908 0.568567 2
0.983507 1 1
0.928103 0.239859 3
0.936322 0.255903 3
0.874134 0.000654795 10
0.953501 0.535849 2
0.888205 0.0085704 7
0.987485 1 1
0.94365 0.508919 2
0.928035 0.239745 3
0.933294 0.249418 3
0.977379 1 1
0.934106 0.251085 3
0.911478 0.10444 4
0.970478 1 1
0.932296 0.247437 3
0.917006 0.109388 4
0.987675 1 1
0.964709 0.582168 2
0.886372 0.000375956 11
0.887095 0.000382202 11
0.896517 0.00213235 9
0.931442 0.128134 4
0.926733 0.120847 4
0.986636 1 1
0.995885 1 1
0.940539 0.266283 3
0.947664 0.288303 3
0.896725 0.00214162 9
0.953584 0.312194 3
0.991623 1 1
0.956901 0.54778 2
0.936692 0.138095 4
0.91696 0.0272002 6
0.901187 0.00236162 9
0.94042 0.146634 4
0.91532 0.0133128 7
0.949824 0.296348 3
0.958984 0.339855 3
0.899767 0.00110114 10
0.896327 0.000482349 11
0.94805 0.289691 3
0.931118 0.067979 5
0.951701 0.303945 3
0.936235 0.137137 4
0.900695 0.00112831 10
0.90659 0.00547762 8
0.928898 0.0652266 5
0.973232 0.634699 2
0.983669 0.730764 2
0.850446 1.0138e-11 0
0.977724 0.670912 2
0.886762 8.19955e-05 13
0.926077 0.0620928 5
0.908461 0.005711 8
0.893993 0.000452867 11
0.89692 0.00102484 10
0.935995 0.136643 4
0.93946 0.144301 4
0.899018 0.00224931 9
0.903531 0.00513585 8
0.93667 0.138046 4
0.872736 1.06474e-06 18
0.896516 0.0010148 10
0.915403 0.107858 4
0.8773 0.000689566 10
0.921846 0.114574 4
0.885195 0.00377599 8
0.914769 0.107275 4
0.856806 1.49085e-06 17
0.848458 4.13209e-08 21
0.88728 0.00388897 8
0.89421 0.00924959 7
0.945389 0.512983 2
0.879108 0.0007111 10
0.85533 1.43559e-06 17
0.874854 0.000297297 11
0.8652 2.15982e-05 14
0.907013 0.0481986 5
0.885926 1.73836e-05 15
0.908233 0.00281485 9
0.896269 0.00023071 12
0.901103 0.000554325 11
0.915383 0.00677581 8
0.855477 1.32018e-11 0
0.850731 1.02861e-11 0
0.898781 0.000517181 11
0.889358 4.16616e-05 14
0.930741 0.0674926 5
0.887729 1.85192e-05 15
0.855655 1.33294e-11 0
0.866636 6.90239e-09 24
0.881978 3.25704e-06 17
0.922788 0.0159201 7
0.904206 0.0107513 7
0.914338 0.0523766 5
0.915817 0.0533654 5
0.917142 0.0543006 5
0.936787 0.256965 3
0.875183 6.07152e-05 13
0.869589 1.0664e-05 15
0.916584 0.0539006 5
0.910523 0.024449 6
0.95234 0.532127 2
0.90609 0.0229281 6
0.875068 6.0552e-05 13
0.887411 0.000829961 10
0.896813 0.00452419 8
0.93997 0.264782 3
0.869362 0.000608387 10
0.971027 1 1
0.883209 0.00809351 7
0.948538 0.521035 2
0.931767 0.486897 2
0.885181 0.00827363 7
0.886093 0.00836037 7
0.939687 0.500559 2
0.907514 0.1014 4
0.917736 0.225208 3
0.926925 0.237926 3
0.88773 0.0186315 6
0.884636 0.0082228 7
0.934033 0.490448 2
0.960345 1 1
0.943218 0.154012 4
0.881738 3.22772e-06 17
0.954027 0.314235 3
0.92482 0.0317795 6
0.956772 0.327749 3
0.951805 0.183348 4
0.937519 0.0776501 5
0.936515 0.0759399 5
0.980245 0.694461 2
0.943617 0.15514 4
0.941614 0.149672 4
0.94738 0.166821 4
0.979033 0.682831 2
0.913525 0.00645442 8
0.927959 0.0341185 6
0.911836 0.0508231 5
0.898645 0.0208721 6
0.923672 0.116783 4
0.945652 0.51362 2
0.955608 0.543055 2
0.977516 1 1
0.967401 0.596801 2
0.957602 0.550444 2
0.978579 1 1
0.926101 0.119967 4
0.967967 0.600088 2
0.976154 1 1
0.975636 1 1
0.940468 0.266094 3
0.93858 0.261248 3
0.892985 0.000208926 12
0.932229 0.0694623 5
0.906885 0.00271596 9
0.980918 0.701185 2
0.959953 0.345533 3
0.949329 0.294437 3
0.950962 0.300883 3
0.991085 1 1
0.957447 0.331325 3
0.924711 0.0317041 6
0.99481 1 1
0.952634 0.307953 3
0.94073 0.147406 4
0.972864 0.632022 2
0.965026 0.583807 2
0.870807 1.85986e-08 23
0.950892 0.179662 4
0.883865 3.50288e-06 17
0.930435 0.0362263 6
0.924654 0.0316651 6
0.87153 4.24908e-08 22
0.870667 1.84788e-08 23
0.923631 0.0162783 7
0.898332 0.0002464 12
0.92021 0.0149133 7
0.91101 0.00304048 9
0.873355 1.01501e-07 21
0.87483 1.08235e-07 21
0.914123 0.00655473 8
0.947318 0.166614 4
0.929313 0.241931 3
0.886292 0.00383449 8
0.940107 0.26514 3
0.931532 0.24597 3
0.955388 0.542275 2
0.965898 0.588429 2
0.95156 0.529718 2
0.943604 0.508817 2
0.984083 1 1
0.934353 0.251601 3
0.951093 0.528311 2
0.961556 0.566964 2
0.989287 1 1
0.922944 0.115884 4
0.930341 0.243761 3
0.968607 0.603905 2
0.874209 5.0921e-07 19
0.979042 0.682908 2
0.902426 0.00118236 10
0.944077 0.156466 4
0.898472 0.000512563 11
0.886651 3.813e-05 14
0.90998 0.00591572 8
0.936423 0.0757858 5
0.974642 0.645339 2
0.906975 0.00272236 9
0.895326 0.000224079 12
0.922462 0.0302323 6
0.884135 1.63584e-05 15
0.91894 0.0144618 7
0.897424 0.00217333 9
0.947025 0.286059 3
0.912149 0.0250768 6
0.979547 1 1
0.969091 0.606855 2
0.92438 0.0603834 5
0.923225 0.0592874 5
0.978519 0.678068 2
0.947952 0.289337 3
0.940385 0.265875 3
0.965645 0.587074 2
0.926386 0.120361 4
0.924664 0.0606608 5
0.957422 0.549753 2
0.994965 1 1
0.935995 0.255165 3
0.90917 0.0493178 5
0.951348 0.529075 2
0.944172 0.510112 2
0.988138 1 1
0.928965 0.241326 3
0.920103 0.112602 4
0.952471 0.532539 2
0.968712 0.604542 2
0.973412 1 1
0.948552 0.521074 2
0.927596 0.239018 3
0.944579 0.511059 2
0.925416 0.119039 4
0.958298 0.553166 2
0.985107 0.747655 2
0.861141 2.39512e-09 25
0.990436 1 1
0.896473 0.000484306 11
0.937185 0.139146 4
0.911527 0.00613973 8
0.897619 0.00104264 10
0.906275 0.00267329 9
0.943491 0.154782 4
0.952433 0.307074 3
0.907227 0.00555485 8
0.90709 0.00553805 8
0.93916 0.143592 4
0.881269 1.49029e-05 15
0.907644 0.00560663 8
0.919915 0.0287372 6
0.909664 0.00587189 8
0.932121 0.0693159 5
0.921827 0.0298435 6
0.949285 0.294272 3
0.886989 8.25366e-05 13
0.880048 1.43439e-05 15
0.923631 0.0309787 6
0.924196 0.0313538 6
0.96947 0.609208 2
0.914452 0.0130648 7
0.886314 8.09468e-05 13
0.901447 0.0023758 9
0.901006 0.00235183 9
0.944528 0.157791 4
0.946554 0.284442 3
0.867727 4.52607e-06 16
0.950818 0.527493 2
0.886855 0.000820784 10
0.924395 0.117699 4
0.872654 2.57276e-05 14
0.862047 7.55324e-07 18
0.892055 0.00195194 9
0.910523 0.024449 6
0.959732 0.559015 2
0.886647 0.000817403 10
0.870074 1.07999e-05 15
0.894749 0.00436717 8
0.867443 4.49093e-06 16
0.906516 0.0230632 6
0.954269 0.315364 3
0.882976 7.37961e-05 13
0.964992 0.583629 2
0.9072 0.0113267 7
0.947074 0.286228 3
0.894138 0.000959314 10
0.883562 7.49738e-05 13
0.913378 0.0255797 6
0.933145 0.13113 4
0.982855 1 1
0.908506 0.011601 7
0.891675 0.000426635 11
0.915734 0.0266177 6
0.887802 0.00018096 12
0.925934 0.061944 5
0.918495 0.226122 3
0.887315 0.00848025 7
0.926789 0.237708 3
0.896168 0.0202959 6
0.925426 0.235578 3
0.8661 0.000255548 11
0.858075 1.85622e-05 14
0.898186 0.0443627 5
0.903683 0.0466238 5
0.954721 0.539947 2
0.88975 0.018994 6
0.864819 0.000110153 12
0.883344 0.00368188 8
0.875926 0.00150144 9
0.918257 0.225833 3
0.862009 8.84906e-06 15
0.955296 0.54195 2
0.87505 0.000298375 11
0.927542 0.238929 3
0.917193 0.109573 4
0.866778 5.0508e-05 13
0.866865 5.05983e-05 13
0.919588 0.112042 4
0.891601 0.00893817 7
0.910918 0.0502885 5
0.907005 0.0481947 5
0.868944 0.000118885 12
0.868481 5.23306e-05 13
0.913061 0.0515656 5
0.941874 0.505026 2
0.893697 0.000949643 10
0.928996 0.065342 5
0.907442 0.00558142 8
0.977427 0.668304 2
0.95922 0.556889 2
0.952752 0.308471 3
0.954325 0.315627 3
0.987707 1 1
0.959144 0.556577 2
0.923905 0.059926 5
0.998389 1 1
0.956091 0.324249 3
0.943447 0.274514 3
0.971261 0.620844 2
0.961968 0.568842 2
0.917537 0.224971 3
0.928184 0.239995 3
0.932509 0.488031 2
0.956378 0.545839 2
0.982809 1 1
0.919778 0.227717 3
0.914336 0.106884 4
0.96044 1 1
0.954093 0.537816 2
0.964161 1 1
0.951408 0.529257 2
0.919965 0.227955 3
0.928964 0.241324 3
0.935147 0.492292 2
0.976691 1 1
0.882054 3.31378e-05 14
0.954884 0.318284 3
0.895785 0.000997099 10
0.945563 0.281138 3
0.940543 0.146939 4
0.887019 0.000177296 12
0.885828 7.98354e-05 13
0.939557 0.144533 4
0.914104 0.0129681 7
0.931809 0.0688937 5
0.926787 0.062846 5
0.888787 0.000185757 12
0.890271 0.000193422 12
0.927487 0.0636111 5
0.964103 0.579093 2
0.972544 0.629731 2
0.87517 6.0696e-05 13
0.987115 1 1
0.906738 0.0231345 6
0.949048 0.293373 3
0.90792 0.0235246 6
0.895561 0.00442748 8
0.915239 0.0529721 5
0.945412 0.280646 3
0.972734 0.631089 2
0.913478 0.0518263 5
0.904502 0.0108051 7
0.932767 0.130446 4
0.889272 0.00185462 9
0.921387 0.0576485 5
0.957023 0.548236 2
0.88214 0.00799996 7
0.96811 1 1
0.9075 0.10139 4
0.947988 0.51956 2
0.896231 0.0436433 5
0.885419 0.00829597 7
0.914024 0.106606 4
0.935202 0.492384 2
0.983001 1 1
0.909546 0.102912 4
0.893649 0.0197549 6
0.918248 0.225822 3
0.888305 0.0187326 6
0.92574 0.236059 3
0.88612 0.0083629 7
0.893498 0.0197238 6
0.8969 0.0438848 5
0.937919 0.497187 2
0.930666 0.244355 3
0.983637 1 1
0.995623 1 1
0.94674 0.516324 2
0.949636 0.524076 2
0.899468 0.0448569 5
0.959885 0.559661 2
0.990119 1 1
0.955256 0.541809 2
0.943495 0.508569 2
0.922655 0.231539 3
0.931528 0.12828 4
0.906257 0.0111377 7
0.945962 0.282452 3
0.948197 0.290221 3
0.983507 1 1
0.946452 0.284095 3
0.936876 0.138485 4
0.959177 0.556713 2
0.986566 1 1
0.956652 0.546851 2
0.959829 0.559424 2
0.944859 0.27887 3
0.960864 0.563878 2
0.932869 0.13063 4
0.954405 0.538869 2
0.89014 0.00877516 7
0.945863 0.514134 2
0.903796 0.0466748 5
0.943321 0.50818 2
0.94572 0.513785 2
0.888756 0.00862748 7
0.88634 0.0083842 7
0.939168 0.499547 2
0.9184 0.110791 4
0.940553 0.502286 2
0.92677 0.237678 3
0.890047 0.00876504 7
0.894238 0.0198778 6
0.923843 0.233225 3
0.96458 0.581506 2
0.866243 4.9957e-05 13
0.9595 0.558048 2
0.880253 0.00159939 9
0.979111 1 1
0.935496 0.25406 3
0.920399 0.112928 4
0.926698 0.237563 3
0.968125 1 1
0.925166 0.235183 3
0.904501 0.0469947 5
0.961455 0.566505 2
0.924914 0.234803 3
0.908412 0.048915 5
0.985165 1 1
0.959061 0.556236 2
0.948526 0.291428 3
0.875294 2.56467e-06 17
0.955417 0.320881 3
0.895553 0.000472215 11
0.933495 0.0712467 5
0.880419 1.45102e-05 15
0.869999 1.95905e-07 20
0.900868 0.00113351 10
0.918809 0.0281383 6
0.96918 0.607404 2
0.895372 0.000469891 11
0.877976 6.15072e-06 16
0.90203 0.00240833 9
0.87599 2.62594e-06 17
0.915231 0.0132871 7
0.967524 0.597509 2
0.879331 1.40308e-05 15
0.981948 0.711861 2
0.91012 0.0119615 7
0.952507 0.307399 3
0.90804 0.00565672 8
0.896124 0.00100524 10
0.918295 0.0278699 6
0.946408 0.283945 3
0.977883 0.672328 2
0.915913 0.0267011 6
0.904889 0.00528193 8
0.931976 0.129051 4
0.892201 0.000432341 11
0.925473 0.0614706 5
0.864419 4.14082e-06 16
0.984556 1 1
0.878495 0.000144572 12
0.957824 0.551304 2
0.930789 0.127039 4
0.892072 0.00418084 8
0.894786 0.00436988 8
0.946964 0.285848 3
0.909552 0.0240932 6
0.910746 0.0245331 6
0.934808 0.252567 3
0.895289 0.004407 8
0.887947 0.00181181 9
0.946982 0.285909 3
0.961653 0.5674 2
0.879914 6.81281e-05 13
0.891201 0.000898321 10
0.888501 0.000848547 10
0.883491 0.000162294 12
0.89996 0.0047897 8
0.840727 6.33595e-12 0
0.835371 4.97777e-12 0
0.881599 0.000155149 12
0.875126 2.73916e-05 14
0.919649 0.0562089 5
0.87101 4.96605e-06 16
0.840584 6.29432e-12 0
0.853351 3.9559e-09 24
0.864619 8.16343e-07 18
0.904943 0.0108865 7
0.882604 0.00804019 7
0.936701 0.494979 2
0.89523 0.0200896 6
0.92595 0.236385 3
0.930035 0.243208 3
0.872373 0.00142984 9
0.869692 0.000611398 10
0.921483 0.22994 3
0.902851 0.0462565 5
0.932245 0.247339 3
0.909304 0.102727 4
0.873484 0.00145147 9
0.879069 0.00348362 8
0.907456 0.101358 4
0.946403 0.515473 2
0.921235 0.0575183 5
0.918131 0.0277857 6
0.935958 0.136565 4
0.960049 0.560355 2
0.989569 1 1
0.94342 0.274434 3
0.936683 0.138074 4
0.9704 0.615144 2
0.97716 0.665982 2
0.953893 0.313613 3
0.968081 0.600762 2
0.943213 0.273815 3
0.951769 0.304234 3
0.943045 0.27332 3
0.966545 0.591973 2
0.972961 0.632724 2
0.868636 4.64163e-06 16
0.983162 1 1
0.905998 0.0110871 7
0.946054 0.282759 3
0.922689 0.0587966 5
0.908734 0.0238037 6
0.91628 0.0536869 5
0.955056 0.54111 2
0.954645 0.539688 2
0.917918 0.0548712 5
0.918295 0.0551543 5
0.950353 0.298429 3
0.891345 0.0019261 9
0.915731 0.0533061 5
0.990327 1 1
0.852184 7.12338e-06 15
0.981272 1 1
0.883115 0.00808518 7
0.924279 0.233861 3
0.891917 0.0194063 6
0.87854 0.00346071 8
0.89181 0.0193852 6
0.925045 0.235 3
0.94904 0.522411 2
0.891118 0.0192512 6
0.887738 0.0186329 6
0.918734 0.226414 3
0.866645 0.000257832 11
0.897026 0.0439308 5
0.939811 0.500803 2
0.902677 0.046181 5
0.954849 0.540391 2
0.941286 0.503792 2
0.983217 1 1
0.937039 0.257549 3
0.926836 0.237784 3
0.9512 0.528631 2
0.978031 1 1
0.966802 1 1
0.950111 0.525429 2
0.93503 0.253045 3
0.954808 0.540248 2
0.924454 0.234118 3
0.95157 0.529748 2
0.933322 0.249476 3
0.90603 0.0229092 6
0.947952 0.519466 2
0.947048 0.517107 2
0.984832 1 1
0.943753 0.275436 3
0.934116 0.251107 3
0.957696 0.550808 2
0.984175 1 1
0.959478 0.557955 2
0.95765 0.55063 2
0.942102 0.270588 3
0.958915 0.555641 2
0.931141 0.245234 3
0.954553 0.539371 2
0.889175 0.00185141 9
0.883919 0.000775474 10
0.896817 0.00452452 8
0.881003 0.000334969 11
0.901933 0.0103585 7
0.842684 8.90146e-11 28
0.836309 5.18875e-12 0
0.880368 0.00033067 11
0.878248 0.000143785 12
0.925597 0.119282 4
0.870469 2.43914e-05 14
0.84209 3.70504e-11 29
0.857207 1.2537e-07 20
0.861627 7.45983e-07 18
0.902866 0.0105154 7
0.964162 0.57939 2
0.88248 0.000755032 10
0.979811 1 1
0.91755 0.109928 4
0.959942 0.5599 2
0.921525 0.114201 4
0.909114 0.0492875 5
0.926931 0.121126 4
0.959702 0.558888 2
0.971672 0.623642 2
0.926221 0.120132 4
0.918153 0.110538 4
0.94603 0.514546 2
0.900845 0.0214249 6
0.930065 0.243263 3
0.939039 0.262393 3
0.906934 0.0231981 6
0.954383 0.538792 2
0.938884 0.262005 3
0.981555 1 1
0.921977 0.114727 4
0.912942 0.0514924 5
0.946303 0.283593 3
0.961849 0.568295 2
0.981007 1 1
0.941587 0.269139 3
0.920473 0.11301 4
0.938717 0.261589 3
0.919548 0.0561283 5
0.955163 0.54148 2
0.907533 0.0113953 7
0.885271 0.000169568 12
0.91529 0.026414 6
0.889617 0.00040555 11
0.915819 0.0266572 6
0.856414 1.95195e-09 25
0.848962 2.17504e-11 30
0.890621 0.000415595 11
0.893302 0.000941161 10
0.943126 0.27356 3
0.881592 7.11399e-05 13
0.85537 8.16753e-10 26
0.872749 2.35794e-06 17
0.86961 9.57384e-07 18
0.911794 0.0123631 7
0.875736 6.15092e-05 13
0.918346 0.0551931 5
0.88683 0.000820376 10
0.904844 0.0108681 7
0.912661 0.0252835 6
0.854269 9.41033e-09 23
0.850846 1.55743e-09 25
0.900876 0.0101873 7
0.886072 0.000808185 10
0.922399 0.0585354 5
0.889158 0.00086015 10
0.855003 2.2181e-08 22
0.862933 7.75561e-07 18
0.886723 0.00081863 10
0.925288 0.118868 4
0.919946 0.0564474 5
0.894997 0.00206713 9
0.931679 0.128538 4
0.941356 0.268502 3
0.958558 0.554202 2
0.972211 0.627382 2
0.959944 0.559909 2
0.953529 0.535941 2
0.985333 1 1
0.931783 0.128717 4
0.962174 0.569791 2
0.969385 0.608677 2
0.98163 1 1
0.933943 0.132609 4
0.937419 0.258441 3
0.948126 0.289964 3
0.895091 0.000980844 10
0.96204 0.569171 2
0.921561 0.0296839 6
0.96204 0.569174 2
0.905706 0.00537411 8
0.895817 0.000997871 10
0.927927 0.0641043 5
0.945425 0.28069 3
0.998022 1 1
0.922782 0.0588807 5
0.903669 0.00515021 8
0.925432 0.0614281 5
0.901936 0.00240304 9
0.94005 0.145724 4
0.887509 0.00179809 9
0.925618 0.11931 4
0.900818 0.0214178 6
0.972017 0.626027 2
0.950359 0.526147 2
0.956308 0.545581 2
0.960739 0.563331 2
0.979346 1 1
0.953954 0.53735 2
0.915385 0.0530704 5
0.990746 1 1
0.960651 0.562946 2
0.942084 0.270538 3
0.973834 1 1
0.95351 0.535879 2
9 7 15 29 31 42 45 49 52 55 
45 1 2 3 4 7 8 9 13 15 16 17 18 19 22 24 25 26 27 28 29 30 31 32 34 35 36 37 39 40 42 43 44 45 46 47 48 49 50 51 52 53 54 55 56 58 
26 2 7 8 15 16 17 22 24 28 29 30 31 32 35 36 37 40 42 43 45 46 49 52 55 56 58 
51 0 1 2 3 4 7 8 9 10 13 14 15 16 17 18 19 20 22 23 24 25 26 27 28 29 30 31 32 34 35 36 37 39 40 42 43 44 45 46 47 48 49 50 51 52 53 54 55 56 57 58 
36 1 2 7 8 13 14 15 16 17 19 22 24 26 27 28 29 30 31 34 35 36 37 40 42 43 45 46 48 49 50 52 53 54 55 56 58 
55 0 1 2 3 4 6 7 8 9 10 11 13 14 15 17 18 19 20 21 22 23 24 25 26 27 28 29 30 31 32 33 34 35 36 37 39 40 41 42 43 44 46 47 48 49 50 51 52 53 54 55 56 57 58 59 
57 0 1 2 3 4 5 6 7 8 9 10 11 12 13 14 15 17 18 19 20 21 22 23 24 25 26 27 28 29 30 31 32 33 34 35 36 37 38 39 40 41 42 43 44 46 47 48 49 50 51 53 54 55 56 57 58 59 
51 0 1 2 3 4 7 8 9 10 13 14 15 16 17 18 19 20 22 23 24 25 26 27 28 29 30 31 32 34 35 36 37 39 40 42 43 44 45 46 47 48 49 50 51 52 53 54 55 56 57 58 
41 1 2 7 8 13 14 15 16 17 18 19 22 24 26 27 28 29 30 31 32 34 35 36 37 39 40 42 43 45 46 47 48 49 50 51 52 53 54 55 56 58 
22 2 7 8 15 16 17 22 24 28 29 30 31 32 37 42 45 46 49 52 55 56 58 
51 0 1 2 3 4 6 7 8 9 11 13 14 15 16 17 18 21 22 24 25 26 27 28 29 30 31 32 33 34 35 36 37 39 40 41 42 43 44 45 46 47 48 49 50 51 52 53 54 55 56 58 
56 0 1 2 3 4 5 6 7 8 9 10 11 13 14 15 17 18 19 20 21 22 23 24 25 26 27 28 29 30 31 32 33 34 35 36 37 39 40 41 42 43 44 46 47 48 49 50 51 52 53 54 55 56 57 58 59 
58 0 1 2 3 4 5 6 7 8 9 10 11 13 14 15 16 17 18 19 20 21 22 23 24 25 26 27 28 29 30 31 32 33 34 35 36 37 39 40 41 42 43 44 45 46 47 48 49 50 51 52 53 54 55 56 57 58 59 
53 0 1 2 3 4 6 7 8 9 10 11 13 14 15 16 17 18 19 21 22 24 25 26 27 28 29 30 31 32 33 34 35 36 37 39 40 41 42 43 44 45 46 47 48 49 50 51 52 53 54 55 56 58 
41 1 2 7 8 13 14 15 16 17 18 19 22 24 26 27 28 29 30 31 32 34 35 36 37 39 40 42 43 45 46 47 48 49 50 51 52 53 54 55 56 58 
