40 15 8e+06
1.47189 197191
2.66639 189117
1.83403 119497
1.00899 176307
1.58652 110882
1.9183 158898
2.01823 140654
2.29703 179058
1.83641 189594
2.99459 156914
1.43345 159377
1.10413 146848
2.52802 129330
1.12725 190174
1.83706 127177
1.95871 171663
2.5633 171330
1.43919 188345
1.84848 175993
1.29673 146769
1.09703 101330
2.18495 166938
1.63405 129734
2.3108 191764
1.84393 131254
1.61494 166626
1.18983 195292
2.54244 153029
1.51689 178324
1.43915 129288
1.85312 172018
1.37964 151863
1.47008 173310
2.58519 166442
2.77443 108318
2.46961 181322
2.33975 191852
1.2038 176224
1.28299 181844
1.79804 151579
0.90411 0.00123957 10
0.9969 1 1
0.968719 0.604582 2
0.910468 0.00299395 9
0.948379 0.170267 4
0.955879 0.323177 3
0.961786 0.356937 3
0.947653 0.167748 4
0.965804 0.385343 3
0.971448 0.622111 2
0.960088 0.34634 3
0.901528 0.000561623 11
0.948624 0.171139 4
0.904473 0.00125252 10
0.960382 0.348119 3
0.855852 6.32973e-07 18
0.946969 0.516906 2
0.94715 0.51737 2
0.866215 2.20944e-05 14
0.902912 0.0219836 6
0.954614 0.539579 2
0.95441 0.538885 2
0.923762 0.116895 4
0.913079 0.0515765 5
0.919394 0.111834 4
0.906772 0.0480789 5
0.853001 2.5378e-07 19
0.901285 0.0215404 6
0.854639 2.66022e-07 19
0.912885 0.0514572 5
0.85639 1.01844e-08 23
0.947404 0.287383 3
0.966444 0.591411 2
0.861541 1.44544e-07 20
0.897732 0.00218761 9
0.933056 0.130969 4
0.977348 0.667618 2
0.949267 0.294204 3
0.914704 0.0261515 6
0.928808 0.12389 4
0.912451 0.0251981 6
0.854283 1.78718e-09 25
0.897661 0.0021843 9
0.864489 3.60529e-07 19
0.908955 0.0116988 7
0.976309 0.658755 2
0.900708 0.000547701 11
0.886565 8.32318e-06 16
0.949651 0.174887 4
0.93431 0.0724488 5
0.877164 2.62063e-07 20
0.876679 2.56669e-07 20
0.887039 1.80713e-05 15
0.934071 0.072092 5
0.923562 0.0162484 7
0.93991 0.0820634 5
0.980042 0.692467 2
0.938806 0.079963 5
0.972319 0.62814 2
0.929447 0.0353552 6
0.942193 0.270848 3
0.918131 0.0550308 5
0.912892 0.025378 6
0.923969 0.0599866 5
0.93031 0.126254 4
0.885446 0.000368232 11
0.902616 0.0104729 7
0.919346 0.055968 5
0.944921 0.279068 3
0.947226 0.286757 3
0.956655 0.546861 2
0.943771 0.275492 3
0.935553 0.135743 4
0.979287 1 1
0.932206 0.129453 4
0.913792 0.0257549 6
0.984345 1 1
0.964371 0.580442 2
0.917764 0.0547564 5
0.954162 0.538045 2
0.946079 0.282841 3
0.955257 0.541811 2
0.948875 0.292724 3
0.975933 0.655648 2
0.983199 1 1
0.972172 0.627106 2
0.91146 0.0248059 6
0.955583 0.542965 2
0.916127 0.0535799 5
0.966136 0.58972 2
0.97477 0.646335 2
0.920507 0.0290698 6
0.897468 0.00103875 10
0.984469 0.740039 2
0.968424 0.602805 2
0.907071 0.0055358 8
0.88863 8.66211e-05 13
0.889128 8.79266e-05 13
0.953019 0.309652 3
0.932318 0.0695849 5
0.949952 0.296846 3
0.970133 0.613414 2
0.970741 0.617379 2
0.937459 0.13974 4
0.958384 0.336459 3
0.943711 0.509057 2
0.887424 0.00849115 7
0.880768 0.00355942 8
0.918004 0.225529 3
0.909293 0.102718 4
0.858393 1.86832e-05 14
0.87085 0.000622172 10
0.887908 0.00854006 7
0.916723 0.109112 4
0.91461 0.107131 4
0.92636 0.237027 3
0.947664 0.518705 2
0.914228 0.106787 4
0.983988 1 1
0.907565 0.101437 4
0.907629 0.0234272 6
0.963353 0.575389 2
0.933206 0.24924 3
0.923851 0.117007 4
0.960326 0.561541 2
0.974919 1 1
0.929201 0.124495 4
0.911435 0.0505878 5
0.955499 0.542666 2
0.942645 0.27215 3
0.9432 0.273777 3
0.903798 0.0222361 6
0.956571 0.546549 2
0.891076 0.00411606 8
0.966406 0.591202 2
0.877028 6.34345e-05 13
0.970815 0.617864 2
0.980555 1 1
0.882827 0.00015972 12
0.919897 0.0564076 5
0.949123 0.293657 3
0.98458 1 1
0.954781 0.540155 2
0.936908 0.257245 3
0.949145 0.293741 3
0.933572 0.131915 4
0.874718 2.71047e-05 14
0.91984 0.056362 5
0.882223 0.00015744 12
0.931414 0.128086 4
0.884776 0.000788181 10
0.922352 0.115171 4
0.940942 0.267368 3
0.874592 0.000132981 12
0.897775 0.00972284 7
0.884541 0.000784654 10
0.933948 0.250757 3
0.964403 0.580604 2
0.921898 0.114635 4
0.943308 0.2741 3
0.931809 0.246497 3
0.88518 0.000794314 10
0.90154 0.0102941 7
0.917699 0.0547083 5
0.906433 0.0230368 6
0.892585 0.00421515 8
0.972823 1 1
0.947318 0.517804 2
0.905792 0.0228349 6
0.943547 0.274814 3
0.985397 1 1
0.945689 0.51371 2
0.922837 0.115754 4
0.947866 0.519237 2
0.943753 0.275436 3
0.937759 0.259251 3
0.889188 0.00399942 8
0.941048 0.267657 3
0.883092 0.00167132 9
0.952652 0.533111 2
0.949225 0.173311 4
0.895974 0.0002286 12
0.888541 4.05423e-05 14
0.92442 0.0315049 6
0.917814 0.0140831 7
0.866802 6.95545e-09 24
0.878511 1.31537e-06 18
0.894718 0.000219967 12
0.925705 0.0324048 6
0.92318 0.0306858 6
0.93538 0.0740982 5
0.952746 0.308445 3
0.922838 0.030468 6
0.993374 1 1
0.916346 0.013619 7
0.993142 1 1
0.907713 0.0114327 7
0.887663 0.000387241 11
0.976356 0.659149 2
0.951573 0.303408 3
0.891126 0.000896868 10
0.878373 2.98619e-05 14
0.882628 7.31119e-05 13
0.941443 0.268742 3
0.924015 0.0600313 5
0.941985 0.270258 3
0.988431 1 1
0.954757 0.317677 3
0.948018 0.289574 3
0.943072 0.2734 3
0.943513 0.508611 2
0.906436 0.0479134 5
0.901032 0.0454858 5
0.921818 0.23039 3
0.92232 0.231075 3
0.874945 0.000663375 10
0.890905 0.0088595 7
0.908239 0.0488246 5
0.934215 0.251313 3
0.934933 0.252837 3
0.945217 0.512569 2
0.946065 0.514634 2
0.927516 0.238887 3
0.99024 1 1
0.922792 0.23173 3
0.925097 0.118615 4
0.934057 0.250984 3
0.934326 0.251545 3
0.912892 0.0514615 5
0.930586 0.126706 4
0.897408 0.00967125 7
0.923988 0.117181 4
0.942771 0.272515 3
0.952196 0.531678 2
0.9644 0.58059 2
0.964958 0.583455 2
0.925519 0.119176 4
0.935361 0.253763 3
0.954982 0.540851 2
0.936471 0.256241 3
0.8571 5.46233e-08 21
0.949854 0.296464 3
0.960021 0.560236 2
0.864571 8.15154e-07 18
0.901342 0.010262 7
0.943779 0.275516 3
0.969301 0.608154 2
0.938722 0.261601 3
0.915584 0.0532056 5
0.926319 0.120267 4
0.911423 0.0247916 6
0.854648 2.19066e-08 22
0.900598 0.0101434 7
0.861009 3.22358e-07 19
0.912198 0.0250965 6
0.864462 4.1455e-06 16
0.954428 0.538947 2
0.977145 1 1
0.868473 2.32673e-05 14
0.904467 0.022432 6
0.933698 0.250241 3
0.988289 1 1
0.959278 0.557128 2
0.92295 0.115892 4
0.93847 0.260978 3
0.921542 0.114221 4
0.86249 1.73535e-06 17
0.904797 0.0225304 6
0.873991 5.90619e-05 13
0.915914 0.0534322 5
0.887404 0.00848914 7
0.924003 0.233456 3
0.941689 0.504634 2
0.877172 0.00152833 9
0.900225 0.0451576 5
0.886009 0.00835229 7
0.934333 0.25156 3
0.964401 1 1
0.924359 0.233978 3
0.945641 0.513593 2
0.934414 0.251731 3
0.887798 0.00852892 7
0.904038 0.0467836 5
0.92018 0.228231 3
0.908811 0.102354 4
0.925749 0.119487 4
0.967011 0.59458 2
0.953925 0.537253 2
0.925151 0.118687 4
0.956428 0.54602 2
0.931041 0.245048 3
0.943588 0.274937 3
0.946616 0.516009 2
0.982459 1 1
0.992845 1 1
0.987467 1 1
0.923969 0.117156 4
0.959747 0.559078 2
0.932452 0.247743 3
0.966354 0.590916 2
0.863668 0.000107909 12
0.95649 0.546252 2
0.95718 0.548832 2
0.873026 0.000643432 10
0.910179 0.103403 4
0.957051 0.548342 2
0.963794 1 1
0.932949 0.248725 3
0.921944 0.230561 3
0.929284 0.241879 3
0.916106 0.108518 4
0.860919 4.49747e-05 13
0.908896 0.102418 4
0.863731 0.000108031 12
0.920648 0.228836 3
0.861669 4.81743e-10 27
0.949524 0.174416 4
0.941565 0.149544 4
0.874053 2.29993e-07 20
0.910484 0.00598696 8
0.967261 0.596001 2
0.946642 0.164374 4
0.916799 0.0137588 7
0.917432 0.0139594 7
0.920019 0.0148438 7
0.909553 0.00291821 9
0.858526 8.03018e-11 29
0.908245 0.00281575 9
0.856421 1.38981e-11 0
0.919666 0.0147165 7
0.957974 0.334185 3
0.919455 0.0284848 6
0.908821 0.00575825 8
0.939471 0.144327 4
0.941383 0.149072 4
0.89033 9.12176e-05 13
0.89857 0.00106781 10
0.911067 0.00607131 8
0.950805 0.300244 3
0.945955 0.162167 4
0.960238 0.347243 3
0.959212 0.341169 3
0.946658 0.164424 4
0.979391 0.686205 2
0.940924 0.147898 4
0.924118 0.0313009 6
0.976204 0.65789 2
0.952462 0.307201 3
0.929193 0.0655766 5
0.965898 0.588429 2
0.945146 0.159651 4
0.943567 0.154997 4
0.938378 0.141786 4
0.9872 0.774181 2
0.979863 0.690735 2
0.979019 0.682692 2
0.921502 0.0296485 6
0.96752 0.597485 2
0.92174 0.029791 6
0.977818 0.671745 2
0.86262 4.64747e-05 13
0.941328 0.503879 2
0.972266 1 1
0.862184 4.60827e-05 13
0.895479 0.0201439 6
0.912498 0.105286 4
0.97623 1 1
0.976842 1 1
0.917401 0.109779 4
0.937743 0.496861 2
0.919856 0.112332 4
0.86137 4.5365e-05 13
0.896969 0.0204773 6
0.880174 0.00353249 8
0.906747 0.0480663 5
0.907894 0.0486455 5
0.967196 0.59563 2
0.97011 0.61327 2
0.906054 0.0229168 6
0.937705 0.259122 3
0.927199 0.121509 4
0.959141 0.556564 2
0.96656 0.592052 2
0.962861 0.573018 2
0.986404 1 1
0.967904 0.599722 2
0.906546 0.0230729 6
0.940473 0.266107 3
0.921942 0.114687 4
0.948453 0.520807 2
0.868101 2.04011e-06 17
0.95555 0.542845 2
0.982804 1 1
0.870833 4.94057e-06 16
0.906279 0.0111421 7
0.93028 0.126206 4
0.99322 1 1
0.967083 0.594985 2
0.92614 0.120021 4
0.943313 0.274115 3
0.925828 0.119594 4
0.866308 8.60448e-07 18
0.907009 0.0112878 7
0.879596 6.75824e-05 13
0.917805 0.0547869 5
0.939659 0.144777 4
0.942597 0.152295 4
0.913928 0.0129196 7
0.958824 0.338939 3
0.987889 1 1
0.939447 0.144271 4
0.906866 0.00551083 8
0.898525 0.0010666 10
0.962944 0.573417 2
0.940204 0.1461 4
0.951836 0.304515 3
0.9353 0.135237 4
0.982508 0.71786 2
0.912454 0.0125295 7
0.978973 0.68227 2
0.927897 0.122523 4
0.968886 0.605598 2
0.951594 0.303496 3
0.929132 0.124387 4
0.961947 0.568742 2
0.935003 0.13465 4
0.941669 0.269369 3
0.942042 0.270417 3
0.98799 1 1
0.987591 1 1
0.988188 1 1
0.925794 0.119548 4
0.965007 0.583708 2
0.930633 0.126783 4
0.972241 0.62759 2
0.875775 0.000672376 10
0.959225 0.55691 2
0.942043 0.505387 2
0.889457 0.0087015 7
0.926034 0.236516 3
0.984672 1 1
0.943955 0.509614 2
0.91665 0.109041 4
0.930367 0.243809 3
0.929041 0.241456 3
0.921066 0.113676 4
0.872408 0.000284434 11
0.923383 0.116423 4
0.867147 5.08936e-05 13
0.934666 0.252265 3
0.926394 0.0624261 5
0.957703 0.332708 3
0.927585 0.06372 5
0.942495 0.152019 4
0.980116 0.693191 2
0.955173 0.319686 3
0.921266 0.0295092 6
0.909627 0.0118487 7
0.967884 0.5996 2
0.948413 0.291013 3
0.955049 0.319081 3
0.922431 0.058564 5
0.975859 0.655039 2
0.906596 0.00547839 8
0.983339 0.727031 2
0.957605 0.332173 3
0.939298 0.143917 4
0.91484 0.00667893 8
0.967538 0.59759 2
0.986543 0.765598 2
0.924237 0.0313809 6
0.906152 0.00266485 9
0.904341 0.00124778 10
0.971176 0.620271 2
0.948483 0.170636 4
0.964923 0.378685 3
0.953719 0.312811 3
0.990364 1 1
0.933512 0.0712711 5
0.977964 0.673047 2
0.966491 1 1
0.903699 0.046631 5
0.891902 0.00897278 7
0.941676 0.504609 2
0.932207 0.247264 3
0.877427 0.000691032 10
0.881858 0.00163921 9
0.8942 0.0198698 6
0.93609 0.255378 3
0.928622 0.240737 3
0.943753 0.509152 2
0.969639 1 1
0.937087 0.257662 3
0.983019 1 1
0.929082 0.241527 3
0.969682 0.610541 2
0.921619 0.0297183 6
0.897448 0.00103823 10
0.986259 1 1
0.971261 0.620848 2
0.910407 0.00597586 8
0.888887 8.72913e-05 13
0.887916 8.4803e-05 13
0.952876 0.309019 3
0.931248 0.0681493 5
0.948371 0.290858 3
0.964937 0.583345 2
0.972631 0.630355 2
0.932036 0.0691996 5
0.960257 0.347358 3
0.889318 4.16055e-05 14
0.916104 0.0135454 7
0.931534 0.0685269 5
0.876937 1.23916e-06 18
0.897035 0.000491972 11
0.878224 1.301e-06 18
0.923873 0.0311378 6
0.953302 0.310919 3
0.920413 0.0149883 7
0.940062 0.145754 4
0.9314 0.0683492 5
0.890144 9.06964e-05 13
0.901169 0.00114266 10
0.925676 0.0323834 6
0.904735 0.00257102 9
0.919589 0.112043 4
0.926984 0.121201 4
0.930155 0.243424 3
0.905851 0.0228532 6
0.922099 0.114871 4
0.890027 0.00405031 8
0.920158 0.112662 4
0.941787 0.269698 3
0.943462 0.274558 3
0.956744 0.547192 2
0.956085 0.544767 2
0.920423 0.112954 4
0.92687 0.12104 4
0.954321 0.538584 2
0.927851 0.122456 4
0.876338 0.000137953 12
0.955692 0.543354 2
0.986927 1 1
0.876372 0.000138054 12
0.910181 0.0243221 6
0.923127 0.116107 4
0.984717 1 1
0.982855 1 1
0.93251 0.247856 3
0.952845 0.533726 2
0.934668 0.252269 3
0.874931 6.03596e-05 13
0.911744 0.0507691 5
0.891849 0.00416616 8
0.921602 0.114291 4
0.909636 0.0118507 7
0.983394 1 1
0.970052 0.612893 2
0.91246 0.0252019 6
0.948132 0.289986 3
0.943144 0.27361 3
0.960395 0.561836 2
0.955056 0.319119 3
0.970755 0.617466 2
0.984175 1 1
0.969226 0.607692 2
0.90752 0.0113925 7
0.949744 0.296034 3
0.914938 0.0262554 6
0.95996 0.559977 2
0.949184 0.293888 3
0.949298 0.294322 3
0.924764 0.0607595 5
0.957138 0.548673 2
0.98843 1 1
0.931227 0.12777 4
0.916007 0.0267448 6
0.913582 0.0256658 6
0.98145 1 1
0.958011 0.552035 2
0.973269 0.634972 2
0.945742 0.281725 3
0.993743 1 1
0.932231 0.129496 4
0.986768 1 1
0.897859 0.00104889 10
0.98985 1 1
0.96238 0.360827 3
0.907219 0.00555394 8
0.945836 0.16179 4
0.968273 0.601898 2
0.958565 0.337473 3
0.93851 0.142088 4
0.957734 0.332872 3
0.958955 0.33969 3
0.94976 0.296097 3
0.894915 0.000464132 11
0.944833 0.158704 4
0.894187 0.000455195 11
0.957051 0.329213 3
12 3 4 7 10 12 14 15 18 22 32 34 35 
26 0 2 3 4 5 7 9 10 12 14 15 16 17 18 19 22 23 24 25 26 28 32 34 35 36 37 
13 4 7 10 12 14 15 18 24 25 26 34 35 36 
40 0 1 2 3 4 5 6 7 8 9 10 11 12 13 14 15 16 17 18 19 20 21 22 23 24 25 26 27 28 29 30 31 32 33 34 35 36 37 38 39 
34 0 1 2 4 5 7 8 9 10 11 12 14 15 16 17 18 19 20 21 22 23 24 25 26 28 29 30 32 34 35 36 37 38 39 
37 0 1 2 3 4 5 6 7 9 10 11 12 13 14 15 16 17 18 19 20 21 22 23 24 25 26 28 29 30 31 32 34 35 36 37 38 39 
16 3 4 7 10 12 14 15 18 22 24 25 26 32 34 35 36 
12 3 4 7 10 12 14 15 18 22 32 34 35 
19 3 4 6 7 10 12 13 14 15 18 19 22 24 25 28 32 34 35 36 
15 3 4 7 10 12 14 15 18 22 24 25 32 34 35 36 
19 2 3 4 7 10 12 14 15 17 18 19 22 24 25 26 32 34 35 36 
26 0 2 3 4 5 7 9 10 12 14 15 16 17 18 19 22 23 24 25 26 28 32 34 35 36 37 
30 0 2 3 4 5 6 7 9 10 12 13 14 15 16 17 18 19 22 23 24 25 26 28 31 32 34 35 36 37 38 
7 7 10 12 14 18 34 35 
32 0 1 2 3 4 5 7 9 10 11 12 14 15 16 17 18 19 20 21 22 23 24 25 26 28 29 32 34 35 36 37 39 
