30 15 6e+06
1.64934 180874
2.48061 101515
5.26624 176009
1.99447 152178
2.18385 112610
2.66326 136524
1.31897 118748
3.21346 135530
2.50921 118250
5.09867 138620
2.58295 188762
2.02649 136252
5.71161 136846
4.02287 139075
2.71089 166352
2.54621 122542
5.43642 124196
2.03974 183941
1.29545 164741
1.35294 119991
1.86187 117780
2.97699 186424
1.72176 132550
1.39485 109184
1.77769 119493
1.93904 181344
1.77038 186622
1.94409 196074
1.76961 189983
3.62982 137189
0.889978 0.00875746 7
0.987713 1 1
0.925077 0.235049 3
0.938759 0.261694 3
0.912477 0.105269 4
0.890706 0.00883737 7
0.851979 5.70386e-07 18
0.94113 0.503468 2
0.896327 0.0203316 6
0.955573 0.542929 2
0.869751 0.000120735 12
0.939805 0.264352 3
0.903718 0.0466395 5
0.866026 4.97367e-05 13
0.907605 0.0484974 5
0.901362 0.000558754 11
0.991551 1 1
0.922933 0.015981 7
0.944824 0.158676 4
0.916735 0.00702906 8
0.896413 0.000231749 12
0.857669 1.48895e-11 0
0.943106 0.1537 4
0.907791 0.00278166 9
0.948782 0.171704 4
0.880851 1.44188e-06 18
0.949428 0.174059 4
0.912579 0.00630162 8
0.871874 4.31456e-08 22
0.918604 0.0143467 7
0.932474 0.0697994 5
0.945495 0.160726 4
0.886202 8.20936e-06 16
0.92357 0.0162517 7
0.895791 0.000227309 12
0.88369 7.48204e-06 16
0.849269 9.55197e-12 0
0.911449 0.00307921 9
0.942689 0.152546 4
0.904559 0.00125565 10
0.911369 0.00307208 9
0.941643 0.149747 4
0.912393 0.00627237 8
0.86272 2.25766e-10 28
0.934848 0.0732678 5
0.991428 1 1
0.894653 0.0199656 6
0.859746 1.92116e-05 14
0.905402 0.047415 5
0.888978 0.00865077 7
0.891544 0.0193335 6
0.869844 0.000272013 11
0.886422 0.00839222 7
0.988522 1 1
0.862671 4.65208e-05 13
0.977372 1 1
0.925558 0.23578 3
0.927331 0.238583 3
0.880202 0.00353378 8
0.958824 0.555273 2
0.933205 0.131239 4
0.931731 0.128629 4
0.925458 0.119095 4
0.972092 0.626548 2
0.960238 0.561163 2
0.955489 0.54263 2
0.918372 0.0552131 5
0.951904 0.530772 2
0.930307 0.126249 4
0.91679 0.0540473 5
0.918958 0.0556637 5
0.978207 1 1
0.981938 1 1
0.933152 0.131142 4
0.965181 0.584616 2
0.907731 0.00561755 8
0.954579 0.316829 3
0.953728 0.312854 3
0.993232 1 1
0.966082 0.589427 2
0.943847 0.155798 4
0.902789 0.00245195 9
0.9835 0.728848 2
0.908216 0.00567932 8
0.949203 0.293959 3
0.890925 0.000196974 12
0.97359 0.637343 2
0.949792 0.296222 3
0.917632 0.0140238 7
0.936655 0.138016 4
0.935912 0.493598 2
0.960133 0.560714 2
0.912467 0.10526 4
0.954405 0.538869 2
0.925969 0.236414 3
0.912741 0.105492 4
0.875949 0.00150192 9
0.939983 0.501143 2
0.941443 0.504119 2
0.924244 0.23381 3
0.91484 0.10734 4
0.973132 1 1
0.939289 0.499782 2
0.890126 0.0190637 6
0.953292 0.535168 2
0.922911 0.115844 4
0.959967 0.560005 2
0.897603 0.00969865 7
0.931688 0.246266 3
0.902934 0.0219898 6
0.888141 0.00181794 9
0.851913 4.6051e-08 21
0.921909 0.114647 4
0.93185 0.246575 3
0.918184 0.110569 4
0.901653 0.0216384 6
0.946969 0.516906 2
0.913601 0.0519036 5
0.86575 9.67855e-06 15
0.931157 0.245265 3
0.904552 0.0470185 5
0.935856 0.254854 3
0.954209 0.538206 2
0.983715 1 1
0.985023 1 1
0.96215 0.56968 2
0.920378 0.228485 3
0.976709 1 1
0.902757 0.0462156 5
0.937012 0.495535 2
0.890379 0.00880132 7
0.963951 0.578331 2
0.958051 0.552189 2
0.935372 0.253788 3
0.935332 0.253699 3
0.872988 1.07416e-06 18
0.92553 0.0615284 5
0.983723 0.731378 2
0.95567 0.322131 3
0.967854 0.59943 2
0.943951 0.156101 4
0.909189 0.00580737 8
0.971958 0.625613 2
0.871924 1.0352e-06 18
0.948659 0.291918 3
0.859001 2.1798e-09 25
0.933735 0.132219 4
0.925472 0.0614689 5
0.921647 0.0297352 6
0.902496 0.00243488 9
0.905647 0.0475316 5
0.975739 1 1
0.908377 0.0488967 5
0.933974 0.250811 3
0.90533 0.0473813 5
0.886945 0.00387026 8
0.849164 4.22337e-08 21
0.929435 0.242144 3
0.913558 0.0518768 5
0.934071 0.251013 3
0.884754 0.00171674 9
0.943179 0.507864 2
0.906973 0.0481786 5
0.863206 9.102e-06 15
0.918321 0.110709 4
0.910858 0.00604084 8
0.910817 0.0060348 8
0.929606 0.0660754 5
0.958511 0.337168 3
0.974627 0.645221 2
0.986022 0.758958 2
0.945876 0.161917 4
0.946975 0.165468 4
0.905578 0.00262607 9
0.908475 0.00571285 8
0.901538 0.00115405 10
0.950362 0.298464 3
0.973821 0.639068 2
0.961514 0.355187 3
0.94112 0.148396 4
0.899898 0.000534503 11
0.883337 7.38756e-06 16
0.90709 0.00273053 9
0.929497 0.035398 6
0.949626 0.174795 4
0.976245 0.658227 2
0.972816 0.631681 2
0.91956 0.0146787 7
0.892113 9.64862e-05 13
0.882451 7.15841e-06 16
0.896366 0.000231407 12
0.923564 0.0309347 6
0.956226 0.324934 3
0.986443 0.764311 2
0.925597 0.0323269 6
0.921626 0.0578548 5
0.943464 0.274565 3
0.8809 0.000334265 11
0.914914 0.0527552 5
0.886892 0.000821382 10
0.873645 2.63744e-05 14
0.839009 5.85712e-12 0
0.904695 0.0108407 7
0.932276 0.129576 4
0.902374 0.010432 7
0.901117 0.0102257 7
0.931403 0.128068 4
0.90105 0.010215 7
0.852417 8.79679e-09 23
0.922717 0.115608 4
0.955289 0.541922 2
0.92785 0.122454 4
0.877247 0.000310972 11
0.919983 0.11247 4
0.895112 0.00936375 7
0.887971 0.00181257 9
0.856905 2.84342e-07 19
0.904084 0.0223191 6
0.966503 0.591737 2
0.889614 0.00186602 9
0.934199 0.251279 3
0.941063 0.267697 3
0.921009 0.113611 4
0.869647 2.39178e-05 14
0.949689 0.524226 2
0.981555 1 1
0.905529 0.0474753 5
0.879485 0.000715759 10
0.925962 0.119777 4
0.912258 0.0510751 5
0.916122 0.108534 4
0.892907 0.00909064 7
0.906121 0.0477599 5
0.973001 1 1
0.877956 0.00069723 10
0.967354 0.596534 2
0.944541 0.510969 2
0.952801 0.533584 2
0.904068 0.0223145 6
0.983168 1 1
0.974919 0.647505 2
0.888252 4.01589e-05 14
0.867027 7.02799e-09 24
0.91191 0.00619774 8
0.902626 0.0011889 10
0.911136 0.00608147 8
0.894748 0.000220168 12
0.892396 9.73677e-05 13
0.962502 0.361644 3
0.862708 5.07402e-10 27
0.978133 0.674566 2
0.928364 0.0344468 6
0.945167 0.159717 4
0.903953 0.001234 10
0.966845 0.593644 2
0.908359 0.00282437 9
0.977632 0.670101 2
0.910729 0.00602218 8
0.937662 0.0779007 5
0.908826 0.00286045 9
0.890579 9.1925e-05 13
0.852692 1.13835e-11 0
0.93252 0.0698641 5
0.915996 0.0135128 7
0.935248 0.0738907 5
0.887429 3.90949e-05 14
0.947153 0.166061 4
0.910784 0.00603008 8
0.866788 6.95067e-09 24
0.921823 0.0155285 7
0.929825 0.125475 4
0.903451 0.0106169 7
0.908393 0.023686 6
0.946178 0.283172 3
0.951249 0.528777 2
0.96539 0.58572 2
0.940675 0.266649 3
0.92955 0.12504 4
0.922494 0.115341 4
0.892567 0.00421392 8
0.92318 0.116172 4
0.948719 0.292144 3
0.986927 1 1
0.953856 0.537023 2
0.957512 0.550099 2
0.977785 1 1
0.918989 0.111405 4
0.883377 0.000767653 10
0.930069 0.243271 3
0.910581 0.0500964 5
0.909017 0.0492355 5
0.881021 0.000735377 10
0.91093 0.0502953 5
0.980506 1 1
0.887085 0.00178506 9
0.955737 0.543512 2
0.951313 0.528971 2
0.945161 0.279834 3
0.893265 0.00426161 8
0.977974 1 1
0.874912 6.03326e-05 13
0.935126 0.253252 3
0.989586 1 1
0.959176 0.556705 2
0.962759 0.572533 2
0.937125 0.257751 3
0.900616 0.0101463 7
0.978812 1 1
0.874787 6.01571e-05 13
0.959516 0.558114 2
0.859777 3.10222e-07 19
0.937655 0.259003 3
0.92378 0.116917 4
0.913561 0.0518782 5
0.90382 0.0106821 7
0.874778 1.07989e-07 21
0.961974 0.358159 3
0.962364 0.36072 3
0.950156 0.176799 4
0.934479 0.0727049 5
0.90907 0.00287959 9
0.870767 1.85647e-08 23
0.965754 0.384954 3
0.877885 5.8892e-07 19
0.991872 1 1
0.856659 1.40804e-11 0
0.936885 0.0765608 5
0.908592 0.00284225 9
0.88431 3.56476e-06 17
0.899513 0.000256177 12
0.982464 1 1
0.883352 0.000161751 12
0.85123 2.9713e-10 27
0.896436 0.00212878 9
0.882185 0.000157301 12
0.887078 0.000382046 11
0.868788 2.08286e-06 17
0.877393 2.9079e-05 14
0.975628 0.653163 2
0.852548 7.23963e-10 26
0.987863 1 1
0.915722 0.026612 6
0.922012 0.0581915 5
0.878115 2.96523e-05 14
0.951115 0.301511 3
0.966444 1 1
0.925009 0.234946 3
0.896123 0.020286 6
0.943736 0.509114 2
0.925475 0.235653 3
0.923832 0.233208 3
0.893961 0.0198197 6
0.923813 0.233182 3
0.965235 0.584902 2
0.89672 0.0204204 6
0.947577 0.518477 2
0.964167 0.579414 2
0.960148 0.560778 2
0.906864 0.0481247 5
0.990169 1 1
0.983834 1 1
0.887915 0.000181498 12
0.861582 1.24745e-08 23
0.906945 0.00552039 8
0.895097 0.000980989 10
0.901726 0.00239125 9
0.884052 7.5981e-05 13
0.887489 0.00017948 12
0.971319 0.62124 2
0.859854 5.13039e-09 24
0.987591 1 1
0.924983 0.0609767 5
0.936549 0.137792 4
0.893436 0.000944011 10
0.962978 0.573581 2
0.886607 8.16299e-05 13
0.881465 3.25752e-05 14
0.914308 0.0130245 7
0.927854 0.0640225 5
0.953271 0.310777 3
0.977995 0.67333 2
0.977316 0.667336 2
0.92195 0.0299182 6
0.879623 1.41568e-05 15
0.886007 8.02414e-05 13
0.8819 3.29889e-05 14
0.91772 0.027577 6
0.945288 0.280244 3
0.991373 1 1
0.91351 0.0128064 7
0.952752 0.53343 2
0.868706 0.000266813 11
0.854587 3.24847e-06 16
0.89668 0.0204114 6
0.892871 0.0195962 6
0.906456 0.0479229 5
0.899343 0.0210428 6
0.877988 0.00154649 9
0.940496 0.502171 2
0.846476 2.11988e-07 19
0.966828 1 1
0.91019 0.103411 4
0.934634 0.252197 3
0.905632 0.0475243 5
0.946339 0.515314 2
0.881254 0.000738446 10
0.882469 0.00075488 10
0.91961 0.112065 4
0.928501 0.240531 3
0.955921 0.544177 2
0.976969 1 1
0.972565 1 1
0.924764 0.118177 4
0.874791 0.000296952 11
0.889703 0.00403047 8
0.87566 0.000301777 11
0.916368 0.108768 4
0.940845 0.267106 3
0.98333 1 1
0.908845 0.0491436 5
0.917946 0.225458 3
0.898521 0.0444901 5
0.911817 0.104718 4
0.943823 0.509313 2
0.955997 0.54445 2
0.975764 1 1
0.952127 0.531462 2
0.92988 0.242932 3
0.910671 0.103791 4
0.892158 0.0194536 6
0.912094 0.104948 4
0.94174 0.504744 2
0.976966 1 1
0.966045 1 1
0.945428 0.513076 2
0.902422 0.00243062 9
0.967824 0.59925 2
0.953891 0.313605 3
0.978931 0.681875 2
0.953124 0.310119 3
0.929985 0.0665412 5
0.88954 8.90336e-05 13
0.980506 0.697047 2
0.904575 0.00256078 9
0.960296 0.347599 3
0.884311 3.54484e-05 14
0.967553 0.597678 2
0.937125 0.139018 4
0.904113 0.00253176 9
0.928959 0.065299 5
5 3 16 22 24 26 
26 1 2 3 4 5 6 7 8 10 11 12 13 14 15 16 17 18 19 22 23 24 25 26 27 28 29 
30 0 1 2 3 4 5 6 7 8 9 10 11 12 13 14 15 16 17 18 19 20 21 22 23 24 25 26 27 28 29 
17 3 4 8 11 12 14 15 16 18 19 22 23 24 25 26 27 28 
16 3 4 11 12 14 15 16 18 19 22 23 24 25 26 27 28 
15 3 4 11 12 14 15 16 18 19 22 23 24 25 26 28 
1 26 
24 2 3 4 5 6 7 8 11 12 13 14 15 16 17 18 19 22 23 24 25 26 27 28 29 
11 3 12 15 16 18 22 24 25 26 27 28 
30 0 1 2 3 4 5 6 7 8 9 10 11 12 13 14 15 16 17 18 19 20 21 22 23 24 25 26 27 28 29 
1 26 
18 2 3 4 6 11 12 13 14 15 16 18 19 22 23 24 25 26 28 
11 3 12 15 16 18 19 22 24 25 26 28 
2 16 26 
11 3 12 15 16 18 22 24 25 26 27 28 
