40 15 8e+06
1.29495 159265
2.27257 128628
1.51419 134604
2.24607 159014
2.0533 189782
2.65454 139901
1.79023 124360
1.33635 110327
2.49495 109231
2.17959 196829
1.35962 188857
1.86643 173590
1.61632 192977
1.73343 122308
1.25692 113654
1.07406 137888
1.01943 199484
1.1725 172218
2.21828 105904
2.49894 101292
1.03541 109744
1.3349 104301
1.83357 176704
1.99909 182095
1.06419 172001
2.11413 176094
1.02177 191559
1.3416 114354
2.60571 198456
1.03147 169254
2.10751 195081
1.21182 168637
1.38917 105294
1.42237 112982
1.19247 133705
1.58654 100837
2.77927 172470
1.42203 181614
2.16981 106411
2.06853 178253
0.971699 0.623828 2
0.897435 0.00217385 9
0.942758 0.272478 3
0.980202 0.694036 2
0.902932 0.00507406 8
0.888732 0.000397066 11
0.974503 0.64426 2
0.962965 0.573515 2
0.885969 0.000172582 12
0.972717 0.630968 2
0.975657 0.653394 2
0.932075 0.129223 4
0.922984 0.0590648 5
0.922696 0.0588024 5
0.982973 1 1
0.92955 0.12504 4
0.900716 0.00485871 8
0.893825 0.00201957 9
0.923633 0.0596684 5
0.970653 0.616799 2
0.865311 8.33997e-07 18
0.921159 0.0574543 5
0.919295 0.0559278 5
0.927428 0.121837 4
0.910366 0.0243909 6
0.925345 0.0613407 5
0.919179 0.0558363 5
0.888152 0.000391677 11
0.889344 0.000863496 10
0.891335 0.000900927 10
0.899665 0.0449344 5
0.922571 0.231422 3
0.891764 0.0193762 6
0.897735 0.0441931 5
0.975361 1 1
0.881751 0.00360503 8
0.890106 0.01906 6
0.907349 0.101281 4
0.962887 1 1
0.895892 0.0202347 6
0.903761 0.046659 5
0.923273 0.232408 3
0.894301 0.019891 6
0.89586 0.0202276 6
0.871083 0.000624384 10
0.899388 0.00109039 10
0.913238 0.0127339 7
0.885677 7.94954e-05 13
0.89648 0.00101392 10
0.974461 0.643934 2
0.873018 1.07529e-06 18
0.89008 0.000192404 12
0.903239 0.00247849 9
0.952496 0.307349 3
0.892151 0.000431791 11
0.901596 0.00238406 9
0.916488 0.0136624 7
0.886906 8.23376e-05 13
0.888416 0.000183926 12
0.868421 1.84556e-07 20
0.963927 0.578213 2
0.891784 0.00895914 7
0.906397 0.0478939 5
0.954721 0.539947 2
0.940592 0.266425 3
0.864708 2.13636e-05 14
0.957728 0.550932 2
0.93638 0.256033 3
0.904076 0.0468011 5
0.932019 0.2469 3
0.951227 0.528712 2
0.921066 0.113676 4
0.894177 0.00924544 7
0.894891 0.00933547 7
0.920859 0.113441 4
0.949098 0.293562 3
0.9424 0.151761 4
0.974045 0.640759 2
0.957125 0.329605 3
0.92827 0.0644956 5
0.927437 0.0635564 5
0.941777 0.1501 4
0.98844 1 1
0.925147 0.0611409 5
0.977985 0.673236 2
0.968188 0.601396 2
0.978454 0.677476 2
0.961554 0.355441 3
0.962078 0.358839 3
0.948568 0.291584 3
0.864935 0.000110384 12
0.932338 0.24752 3
0.881488 0.00359272 8
0.866065 0.000112671 12
0.929117 0.241588 3
0.895244 0.0200927 6
0.855559 7.65477e-06 15
0.884731 0.00375191 8
0.963721 0.577194 2
0.873395 0.000647176 10
0.874342 0.000656974 10
0.910647 0.103771 4
0.892337 0.0194891 6
0.893964 0.0198204 6
0.84702 2.15105e-07 19
0.912822 0.105561 4
0.921825 0.230399 3
0.898616 0.0445264 5
0.910254 0.103461 4
0.98966 1 1
0.882111 0.00799745 7
0.90324 0.046427 5
0.917303 0.224696 3
0.956931 0.547893 2
0.906105 0.100404 4
0.915668 0.108105 4
0.929329 0.241959 3
0.89865 0.0445393 5
0.900128 0.0451188 5
0.88203 0.00799046 7
0.910959 0.00605561 8
0.880546 3.0871e-06 17
0.871554 9.40364e-08 21
0.903894 0.00123196 10
0.951668 0.303809 3
0.844739 7.64936e-12 0
0.903886 0.00123166 10
0.896813 0.000488918 11
0.911088 0.00607441 8
0.888591 4.06095e-05 14
0.9042 0.00124274 10
0.896477 0.00023221 12
0.866137 6.74657e-09 24
0.867324 1.58919e-08 23
0.871703 9.46241e-08 21
0.936592 0.076068 5
0.892183 9.67027e-05 13
0.892045 9.6276e-05 13
0.929186 0.0351321 6
0.957592 0.332104 3
0.859071 3.64727e-11 30
0.929233 0.0351717 6
0.919506 0.0146597 7
0.91529 0.00675895 8
0.912044 0.00621824 8
0.928903 0.0348927 6
0.914245 0.00657556 8
0.884119 7.5993e-06 16
0.885165 7.89678e-06 16
0.896009 0.000228848 12
0.942553 0.152177 4
0.906118 0.00542183 8
0.904753 0.00526692 8
0.936787 0.138295 4
0.968842 0.605329 2
0.87259 2.34589e-06 17
0.933781 0.132304 4
0.931539 0.128299 4
0.927563 0.0636963 5
0.922931 0.0590165 5
0.938492 0.142047 4
0.928429 0.0646786 5
0.89759 0.0010419 10
0.898695 0.00223345 9
0.904053 0.00519093 8
0.920655 0.0291541 6
0.873965 2.45349e-06 17
0.872775 2.35995e-06 17
0.912296 0.0124891 7
0.941703 0.149905 4
0.840667 6.3183e-12 0
0.914867 0.0262239 6
0.900043 0.00230104 9
0.89988 0.00229262 9
0.893357 0.000942327 10
0.910627 0.01208 7
0.894392 0.000964964 10
0.864848 7.20555e-08 21
0.865876 1.68115e-07 20
0.87971 1.41949e-05 15
0.941275 0.148795 4
0.883645 7.51424e-05 13
0.889243 0.000401924 11
0.932543 0.130047 4
0.944964 0.279204 3
0.852733 1.38076e-10 28
0.93538 0.135396 4
0.917907 0.0276714 6
0.903772 0.00516112 8
0.912035 0.0124232 7
0.930201 0.0668095 5
0.908294 0.0115553 7
0.879439 3.07538e-05 14
0.880343 3.15459e-05 14
0.899311 0.00226382 9
0.926341 0.0623707 5
0.892679 0.000207073 12
0.886919 8.23686e-05 13
0.919616 0.0285725 6
0.962563 0.571607 2
0.857674 3.97324e-10 27
0.918622 0.0280404 6
0.91293 0.0126526 7
0.919777 0.0286606 6
0.904594 0.00256202 9
0.920337 0.0289732 6
0.911368 0.00611597 8
0.880707 1.46414e-05 15
0.881861 1.51864e-05 15
0.887014 8.2595e-05 13
0.941516 0.268945 3
0.897686 0.00971025 7
0.898298 0.00979742 7
0.934555 0.252029 3
0.961092 0.564885 2
0.864838 4.18671e-06 16
0.933619 0.25008 3
0.925845 0.119618 4
0.919335 0.055959 5
0.91814 0.0550373 5
0.934806 0.252563 3
0.920539 0.0569337 5
0.890287 0.00188892 9
0.891331 0.0019256 9
0.901314 0.0102573 7
0.912849 0.0126316 7
0.916255 0.0268613 6
0.894925 0.000977015 10
0.909628 0.0118488 7
0.98728 1 1
0.876978 1.30761e-05 15
0.903455 0.00512786 8
0.914748 0.0261709 6
0.951005 0.301061 3
0.903851 0.00516943 8
0.914409 0.0260216 6
0.925015 0.0610089 5
0.894187 0.000960401 10
0.895631 0.000993457 10
0.880557 3.17378e-05 14
0.911372 0.0122588 7
0.921226 0.0575108 5
0.897388 0.00217168 9
0.908789 0.0116624 7
0.988065 1 1
0.8814 7.0784e-05 13
0.901813 0.0049628 8
0.915889 0.0266898 6
0.956945 0.547943 2
0.904689 0.00525986 8
0.914195 0.0259283 6
0.928154 0.0643628 5
0.897602 0.00218155 9
0.899086 0.00225268 9
0.880618 6.93654e-05 13
0.858006 4.25786e-05 13
0.913104 0.105802 4
0.866167 0.00025583 11
0.857763 1.84451e-05 14
0.92762 0.239057 3
0.875452 0.00149146 9
0.848701 1.22012e-06 17
0.87298 0.00144157 9
0.95004 0.525228 2
0.861632 0.000104125 12
0.865049 0.000251246 11
0.896132 0.043608 5
0.875083 0.00148379 9
0.876696 0.00151794 9
0.83602 5.09758e-09 23
0.920851 0.229102 3
0.971417 1 1
0.944848 0.511691 2
0.924911 0.234799 3
0.949285 0.523089 2
0.933588 0.48973 2
0.911507 0.104464 4
0.949329 0.523213 2
0.964596 1 1
0.937502 0.49642 2
0.935051 0.492131 2
0.977848 1 1
0.950537 0.526667 2
0.952216 0.531738 2
0.909121 0.102587 4
0.898423 0.00465585 8
0.997197 1 1
0.939139 0.262646 3
0.903749 0.0106694 7
0.926998 0.121221 4
0.952949 0.534059 2
0.889859 0.0018743 9
0.931201 0.127727 4
0.958304 0.553187 2
0.921233 0.0575171 5
0.914161 0.0522616 5
0.961976 0.568876 2
0.953928 0.537263 2
0.955617 0.543085 2
0.894326 0.00433646 8
0.938569 0.0795279 5
0.907632 0.00276994 9
0.903579 0.00122099 10
0.933188 0.0708043 5
0.972961 0.632724 2
0.873171 2.21905e-07 20
0.929666 0.0661484 5
0.929564 0.0660242 5
0.930816 0.0675888 5
0.920519 0.0150276 7
0.935412 0.0741496 5
0.928406 0.034481 6
0.897265 0.000495174 11
0.898423 0.000511842 11
0.900871 0.000550416 11
0.945358 0.280471 3
0.906572 0.0112 7
0.90668 0.0112217 7
0.939557 0.144534 4
0.967252 0.595948 2
0.873586 5.35945e-06 16
0.936539 0.137772 4
0.933828 0.132391 4
0.926775 0.0628331 5
0.925376 0.0613712 5
0.941162 0.267968 3
0.929788 0.125417 4
0.8991 0.00225334 9
0.900177 0.00480933 8
0.906683 0.0112222 7
0.956544 0.546449 2
0.893701 0.000949736 10
0.903716 0.00515517 8
0.94812 0.289942 3
0.947481 0.287654 3
0.864585 1.6056e-07 20
0.949615 0.295537 3
0.933158 0.131154 4
0.909062 0.0117223 7
0.927521 0.0636494 5
0.946041 0.282715 3
0.921127 0.0574268 5
0.892853 0.000931664 10
0.893683 0.00094935 10
0.91423 0.0259432 6
0.954428 0.538947 2
0.893335 0.00914208 7
0.902336 0.0218238 6
0.946082 0.514675 2
0.948463 0.520834 2
0.863786 9.22877e-06 15
0.947495 0.518263 2
0.931618 0.246134 3
0.909512 0.0495027 5
0.92579 0.119543 4
0.944169 0.510105 2
0.920264 0.112779 4
0.891755 0.00895583 7
0.892608 0.00905516 7
0.912253 0.0510726 5
0.96049 0.348781 3
0.912199 0.00624213 8
0.92022 0.014917 7
0.955523 0.321403 3
0.958769 0.33863 3
0.882465 7.16195e-06 16
0.950865 0.300489 3
0.948979 0.172416 4
0.924802 0.0317669 6
0.941088 0.148315 4
0.957507 0.331644 3
0.940146 0.145958 4
0.910589 0.00600194 8
0.911522 0.0061389 8
0.922371 0.0301758 6
0.895922 0.000477 11
0.949651 0.295674 3
0.907128 0.00273325 9
0.896938 0.000490643 11
0.958488 0.337038 3
0.907527 0.00559203 8
0.886207 3.75974e-05 14
0.914799 0.0131629 7
0.993695 1 1
0.902931 0.00246025 9
0.90528 0.00260634 9
0.938989 0.143193 4
0.914452 0.0130648 7
0.916131 0.0135537 7
0.875921 1.19334e-06 18
0.923263 0.0593227 5
0.944277 0.277044 3
0.992364 1 1
0.932681 0.130292 4
0.903688 0.00515224 8
0.949513 0.295143 3
0.918227 0.0278352 6
0.961198 0.565357 2
0.912114 0.0124431 7
0.960017 0.560218 2
0.942222 0.151282 4
0.96425 0.57983 2
0.984992 1 1
0.983939 1 1
0.940114 0.145881 4
0.986833 1 1
0.910379 0.00597197 8
0.939806 0.145132 4
0.98847 1 1
0.930478 0.0671579 5
0.891078 0.000197821 12
0.976871 0.663499 2
0.970597 0.616431 2
0.907919 0.0056414 8
0.968808 0.60512 2
0.989046 1 1
0.945264 0.160013 4
0.924137 0.0313141 6
0.924511 0.0315669 6
0.954633 0.317083 3
0.972819 0.631702 2
0.922729 0.0303991 6
0.945027 0.15929 4
0.975139 0.649241 2
0.941576 0.149573 4
0.900131 0.00111166 10
0.962676 0.572141 2
0.975907 0.655438 2
0.921262 0.0295066 6
0.968322 0.602192 2
0.982621 0.719087 2
0.957167 0.329828 3
0.932062 0.0692355 5
0.932701 0.0701161 5
0.94628 0.163203 4
0.929101 0.24156 3
0.941556 0.504356 2
0.923809 0.233176 3
0.928962 0.241321 3
0.980323 1 1
0.903455 0.0465222 5
0.919003 0.11142 4
0.941481 0.504198 2
0.963079 0.574064 2
0.929544 0.242335 3
0.936395 0.256067 3
0.955217 0.54167 2
0.923282 0.116298 4
0.924747 0.234554 3
0.903357 0.0464786 5
0.981618 1 1
0.894636 0.019962 6
0.917767 0.225245 3
0.971591 1 1
0.931421 0.24576 3
0.871748 0.00141797 9
0.975319 1 1
0.948114 0.519897 2
0.900148 0.0451268 5
0.946092 0.514699 2
0.965947 1 1
0.927054 0.238134 3
0.903265 0.0464383 5
0.903761 0.046659 5
0.937661 0.496712 2
0.88548 7.98975e-06 16
0.942002 0.150695 4
0.896661 0.000233556 12
0.886204 1.75514e-05 15
0.951106 0.180512 4
0.900915 0.000551158 11
0.875862 2.47923e-07 20
0.903581 0.00122106 10
0.983608 0.730072 2
0.891861 4.54085e-05 14
0.894311 0.000103689 13
0.92787 0.0340476 6
0.904886 0.00126759 10
0.906556 0.00133176 10
0.865176 1.28794e-09 26
0.910766 0.0121129 7
0.983824 0.732534 2
0.956003 0.323803 3
0.917095 0.027266 6
0.926225 0.0622483 5
0.956666 0.3272 3
0.902639 0.00244316 9
0.946156 0.283098 3
0.948087 0.289824 3
0.936814 0.138352 4
0.927786 0.0639458 5
0.976234 0.658132 2
0.969479 0.609263 2
0.971261 0.620848 2
0.909949 0.00591144 8
0.890619 0.000195296 12
0.97557 0.652696 2
0.946576 0.284515 3
0.897782 0.00104687 10
0.904248 0.00254018 9
0.979451 0.68677 2
0.883396 3.44805e-05 14
0.927254 0.0633535 5
0.93235 0.0696288 5
0.920308 0.0289568 6
0.908192 0.00567617 8
0.953299 0.310903 3
0.966842 0.593628 2
0.967933 0.599889 2
0.896603 0.00101696 10
0.868696 1.86466e-07 20
0.923329 0.0307819 6
0.877094 5.97777e-06 16
0.868653 1.86161e-07 20
0.938083 0.141122 4
0.884286 3.54204e-05 14
0.859263 2.20475e-09 25
0.884297 3.5433e-05 14
0.962131 0.569592 2
0.872802 1.0672e-06 18
0.87614 2.63947e-06 17
0.907594 0.00560044 8
0.885617 7.93593e-05 13
0.887251 8.31658e-05 13
0.84685 8.47214e-12 0
0.965123 0.584317 2
0.918882 0.0281769 6
0.930118 0.0667062 5
0.962349 0.570607 2
0.955417 0.320883 3
0.890775 0.000417174 11
0.954783 0.317802 3
0.959165 0.55666 2
0.926855 0.0629194 5
0.950792 0.30019 3
0.96622 0.59018 2
0.949002 0.293201 3
0.919946 0.0287542 6
0.920834 0.0292569 6
0.930308 0.0669433 5
0.95548 0.321193 3
0.911737 0.0123488 7
0.916698 0.0270732 6
0.950392 0.298586 3
0.962822 0.572834 2
0.88072 3.18854e-05 14
0.946039 0.282707 3
0.944787 0.278643 3
0.926831 0.0628938 5
0.936507 0.137705 4
0.952485 0.307303 3
0.938087 0.14113 4
0.90792 0.00564147 8
0.908916 0.0116901 7
0.917451 0.0274421 6
0.946846 0.516591 2
0.94831 0.52042 2
0.955595 0.543005 2
0.951313 0.52897 2
0.948178 0.520065 2
0.921438 0.114101 4
0.937419 0.258442 3
0.973724 1 1
0.942192 0.270844 3
0.961059 0.564741 2
0.961656 0.567414 2
0.981698 1 1
0.950046 0.525245 2
0.951186 0.52859 2
0.932451 0.24774 3
0.931297 0.0682141 5
0.918292 0.0142415 7
0.907048 0.00272759 9
0.927704 0.0339155 6
0.987368 0.776417 2
0.881599 3.21085e-06 17
0.921749 0.0154992 7
0.930146 0.0359671 6
0.944487 0.157669 4
0.91974 0.0147431 7
0.931967 0.0691071 5
0.935025 0.0735431 5
0.903288 0.00121104 10
0.904595 0.00125695 10
0.897295 0.000238297 12
0.875153 1.24048e-05 15
0.951985 0.30515 3
0.898569 0.00222738 9
0.877483 2.9149e-05 14
0.931808 0.128761 4
0.914292 0.0259702 6
0.86582 3.76864e-07 19
0.898934 0.00224514 9
0.974227 0.642145 2
0.887718 0.000387735 11
0.88653 0.000175073 12
0.926868 0.0629331 5
0.910705 0.0120985 7
0.912349 0.0251573 6
0.86085 2.74439e-08 22
39 1 2 3 4 5 6 7 8 9 10 11 12 13 14 15 16 17 18 19 20 21 22 23 24 25 26 27 28 29 30 31 32 33 34 35 36 37 38 39 
5 6 17 33 34 39 
37 1 2 3 4 5 6 7 8 9 10 11 12 13 14 15 16 17 18 19 20 21 22 23 24 25 26 28 29 31 32 33 34 35 36 37 38 39 
39 1 2 3 4 5 6 7 8 9 10 11 12 13 14 15 16 17 18 19 20 21 22 23 24 25 26 27 28 29 30 31 32 33 34 35 36 37 38 39 
15 2 3 6 7 15 16 17 18 19 25 31 32 33 34 39 
28 1 2 3 6 7 9 10 12 13 14 15 16 17 18 19 20 21 23 24 25 29 31 32 33 34 36 38 39 
40 0 1 2 3 4 5 6 7 8 9 10 11 12 13 14 15 16 17 18 19 20 21 22 23 24 25 26 27 28 29 30 31 32 33 34 35 36 37 38 39 
21 1 2 3 5 6 7 15 16 17 18 19 25 26 29 31 32 33 34 37 38 39 
7 6 17 19 31 33 34 39 
29 1 2 3 5 6 7 8 10 13 15 16 17 18 19 20 21 25 26 28 29 31 32 33 34 35 36 37 38 39 
39 1 2 3 4 5 6 7 8 9 10 11 12 13 14 15 16 17 18 19 20 21 22 23 24 25 26 27 28 29 30 31 32 33 34 35 36 37 38 39 
16 2 3 6 7 15 16 17 18 19 25 29 31 32 33 34 39 
21 1 2 3 6 7 8 13 15 16 17 18 19 20 25 29 31 32 33 34 38 39 
19 1 2 3 6 7 8 15 16 17 18 19 25 29 31 32 33 34 38 39 
39 0 1 2 3 4 5 6 7 8 9 10 11 12 13 14 15 16 17 18 19 20 21 22 23 24 25 26 27 28 29 30 31 32 33 35 36 37 38 39 
