40 15 6e+06
2.23605 199164
5.61713 169294
1.41424 102693
2.27892 166840
1.49604 195155
3.33682 143387
1.37817 162013
5.76778 168062
5.17436 137251
1.47784 185641
1.79007 198402
3.3958 193368
2.05762 182327
4.83341 145693
4.41025 199065
2.1074 173025
4.73049 156963
2.3814 186734
1.47663 189978
2.97263 123038
10.7832 141075
4.83871 114920
4.88787 128632
2.12141 132066
2.53941 178321
2.46666 110788
5.75752 150974
4.89051 157752
3.51644 142879
5.87474 149607
1.04765 119918
11.0623 165952
2.29809 173694
1.67611 195599
2.23842 195789
3.19895 118257
1.12647 113648
1.80124 130679
5.42186 182603
5.28471 115686
0.904593 0.00524929 8
0.861538 1.2452e-08 23
0.946862 0.285497 3
0.948422 0.291043 3
0.931562 0.128338 4
0.953345 0.311113 3
0.940519 0.14688 4
0.932976 0.130823 4
0.973066 0.633488 2
0.890017 0.000409503 11
0.897185 0.00103152 10
0.958026 0.334472 3
0.923594 0.0596317 5
0.953203 0.310475 3
0.909177 0.0117478 7
0.894766 0.00931954 7
0.892338 0.00902348 7
0.822388 2.87367e-12 0
0.868715 0.000118371 12
0.909692 0.0496014 5
0.879546 0.00158246 9
0.835217 6.59273e-11 28
0.84723 3.97952e-08 21
0.86921 0.000119491 12
0.944501 0.510877 2
0.872423 0.000284514 11
0.867993 0.000116769 12
0.870906 0.000123472 12
0.86565 4.93578e-05 13
0.918034 0.110416 4
0.93422 0.251322 3
0.891139 0.00888578 7
0.920851 0.113433 4
0.960216 0.561065 2
0.975004 1 1
0.977814 1 1
0.927607 0.239035 3
0.931834 0.246545 3
0.975801 1 1
0.931378 0.245679 3
0.917666 0.110044 4
0.959397 0.557619 2
0.940376 0.501928 2
0.960958 0.564292 2
0.948495 0.52092 2
0.96603 0.589148 2
0.972297 0.627984 2
0.873301 5.31352e-06 16
0.919759 0.056297 5
0.923531 0.0595723 5
0.920003 0.056494 5
0.892132 0.000916824 10
0.908804 0.0116657 7
0.88963 0.000405675 11
0.953678 0.312627 3
0.950488 0.298966 3
0.875604 1.25654e-05 15
0.936202 0.137069 4
0.914882 0.0262304 6
0.959238 0.556963 2
0.944985 0.279272 3
0.902819 0.00506257 8
0.913194 0.0127223 7
0.959364 0.557481 2
0.984997 1 1
0.976226 0.658071 2
0.923138 0.0592071 5
0.930692 0.0674303 5
0.961343 0.566003 2
0.945095 0.279624 3
0.925506 0.061504 5
0.947207 0.286691 3
0.94512 0.279705 3
0.958221 0.335549 3
0.962591 0.57174 2
0.955323 0.32042 3
0.912504 0.0252197 6
0.913446 0.0256081 6
0.963234 0.574809 2
0.97899 0.682425 2
0.977145 0.66585 2
0.92574 0.0617432 5
0.935484 0.135604 4
0.952697 0.308227 3
0.94988 0.296564 3
0.935113 0.134866 4
0.937262 0.139312 4
0.953235 0.310616 3
0.960827 0.563716 2
0.97118 0.620298 2
0.914362 0.0523917 5
0.871555 1.12321e-05 15
0.924148 0.117383 4
0.948439 0.291106 3
0.956519 0.546358 2
0.962394 0.570814 2
0.924733 0.118137 4
0.923751 0.116882 4
0.997313 1 1
0.911694 0.0248973 6
0.900511 0.0101297 7
0.97771 1 1
0.925024 0.118519 4
0.951288 0.528896 2
0.927056 0.121304 4
0.886907 0.000380557 11
0.856066 1.00605e-08 23
0.859538 5.94117e-08 21
0.89454 0.00204832 9
0.943182 0.273724 3
0.911136 0.0246809 6
0.863579 3.49946e-07 19
0.86773 2.01753e-06 17
0.926936 0.121133 4
0.920598 0.0569824 5
0.865022 8.26569e-07 18
0.938869 0.261967 3
0.880367 6.89199e-05 13
0.894636 0.00205226 9
0.913868 0.0257871 6
0.885796 0.000803851 10
0.849781 3.45886e-09 24
0.876166 0.000137451 12
0.904175 0.022346 6
0.943588 0.274939 3
0.920527 0.0569232 5
0.876965 0.000139822 12
0.878095 0.000143303 12
0.945885 0.282196 3
0.908107 0.0235881 6
0.866404 4.36568e-06 16
0.963108 0.574202 2
0.885747 0.000803076 10
0.905488 0.0227406 6
0.909078 0.0239243 6
0.929575 0.125079 4
0.893993 0.00202628 9
0.890223 0.000879644 10
0.934005 0.132724 4
0.988103 1 1
0.950497 0.299002 3
0.898838 0.00469118 8
0.906179 0.0111226 7
0.949053 0.293394 3
0.953057 0.309822 3
0.906991 0.0112843 7
0.945347 0.280436 3
0.922351 0.0584921 5
0.932902 0.130689 4
0.956224 0.545275 2
0.948766 0.521656 2
0.903779 0.0466668 5
0.930517 0.244082 3
0.977873 1 1
0.965882 1 1
0.995516 1 1
0.941406 0.504042 2
0.948508 0.520954 2
0.9627 0.572256 2
0.93219 0.247232 3
0.93468 0.252295 3
0.942788 0.507 2
0.958747 0.554961 2
0.977161 1 1
0.955032 0.541023 2
0.936946 0.0766632 5
0.928173 0.034291 6
0.857419 3.33656e-11 30
0.906355 0.00267879 9
0.939064 0.143368 4
0.915164 0.00673635 8
0.872318 9.71063e-08 21
0.88585 1.73377e-05 15
0.896456 0.000232063 12
0.985217 0.748999 2
0.91339 0.00643224 8
0.88925 4.15106e-05 14
0.911346 0.00611258 8
0.902616 0.00118858 10
0.959429 0.342429 3
0.954587 0.539489 2
0.98906 1 1
0.872407 0.00063724 10
0.910998 0.104051 4
0.89877 0.0445855 5
0.905401 0.099922 4
0.892768 0.0195753 6
0.910152 0.103381 4
0.87215 0.000634701 10
0.921863 0.230451 3
0.958958 0.555818 2
0.855773 1.77221e-05 14
0.933631 0.250103 3
0.906121 0.100416 4
0.932655 0.248141 3
0.932005 0.0691576 5
0.887656 1.84709e-05 15
0.937979 0.0784604 5
0.970666 0.616885 2
0.957791 0.333184 3
0.982965 0.722865 2
0.943293 0.154222 4
0.944713 0.158344 4
0.977563 0.669493 2
0.91793 0.0141212 7
0.920472 0.0150101 7
0.955311 0.320363 3
0.946271 0.163171 4
0.973505 0.636712 2
0.938555 0.0795019 5
0.934814 0.134279 4
0.892554 0.000206326 12
0.963906 0.578109 2
0.981217 0.704232 2
0.931461 0.0684295 5
0.968552 0.603572 2
0.975656 0.653387 2
0.975037 0.648433 2
0.947641 0.288223 3
0.902016 0.0024075 9
0.934363 0.0725283 5
0.925947 0.0619575 5
0.961341 0.354081 3
0.985425 0.751541 2
0.926904 0.0629722 5
0.909132 0.0492972 5
0.868333 5.21677e-05 13
0.907327 0.0483568 5
0.935625 0.254344 3
0.961703 0.567628 2
0.951714 0.530187 2
0.908779 0.0491085 5
0.909411 0.0494482 5
0.979415 1 1
0.916815 0.109202 4
0.892222 0.00900987 7
0.983532 1 1
0.914577 0.0525321 5
0.937517 0.258674 3
0.927195 0.238363 3
0.964103 0.372711 3
0.974987 0.648037 2
0.886199 1.75486e-05 15
0.923625 0.0309744 6
0.905166 0.00127796 10
0.916321 0.0136115 7
0.906945 0.00272018 9
0.924575 0.0316109 6
0.882034 7.05414e-06 16
0.921629 0.0154518 7
0.974137 0.641458 2
0.864537 2.7979e-09 25
0.947443 0.167035 4
0.918771 0.0144036 7
0.937312 0.0772916 5
0.949412 0.294756 3
0.928267 0.0644921 5
0.874202 5.46053e-06 16
0.92396 0.0599781 5
0.95678 0.327794 3
0.933612 0.13199 4
0.888725 0.000185451 12
0.90174 0.00239202 9
0.913966 0.0258292 6
0.994574 1 1
0.924241 0.060248 5
0.905236 0.00532061 8
0.926615 0.0626616 5
0.920346 0.0289781 6
0.977064 0.665152 2
0.916942 0.109326 4
0.873896 0.000292135 11
0.926236 0.236832 3
0.951502 0.529543 2
0.957468 0.54993 2
0.965399 0.585764 2
0.927364 0.238637 3
0.926647 0.237482 3
0.996271 1 1
0.91292 0.105644 4
0.903312 0.0464591 5
0.974564 1 1
0.927979 0.239653 3
0.954348 0.538674 2
0.928996 0.241378 3
0.949799 0.296248 3
0.905026 0.00529712 8
0.944402 0.277434 3
0.995257 1 1
0.948871 0.292708 3
0.986204 1 1
0.957933 0.551728 2
0.965674 0.587228 2
0.953202 0.310468 3
0.920628 0.0570076 5
0.942688 0.272272 3
0.931579 0.128368 4
0.96998 0.612436 2
0.994217 1 1
0.945784 0.281863 3
0.892464 0.00043525 11
0.873779 2.43848e-06 17
0.838657 5.76443e-12 0
0.881751 3.28462e-05 14
0.931923 0.128959 4
0.896294 0.00100937 10
0.847693 8.83057e-12 0
0.856374 8.53447e-10 26
0.897056 0.00102826 10
0.941202 0.148605 4
0.868629 4.15007e-07 19
0.901367 0.00237142 9
0.875866 5.74939e-06 16
0.88001 3.12499e-05 14
0.921079 0.0293991 6
0.876881 2.86828e-05 14
0.840932 6.39619e-12 0
0.871765 5.07647e-06 16
0.896777 0.00214396 9
0.933909 0.132544 4
0.912704 0.0253008 6
0.871236 4.99875e-06 16
0.871388 5.02089e-06 16
0.940432 0.265998 3
0.898733 0.00223532 9
0.858032 1.08426e-08 23
0.960026 0.560258 2
0.877748 2.93588e-05 14
0.898383 0.00221841 9
0.89962 0.00475936 8
0.96641 0.591224 2
0.974433 0.643725 2
0.873716 5.3805e-06 16
0.919771 0.0563067 5
0.922106 0.0582749 5
0.919531 0.0285258 6
0.89271 0.000928687 10
0.909499 0.0118197 7
0.888792 0.000397628 11
0.951474 0.302997 3
0.95197 0.305084 3
0.874525 5.51482e-06 16
0.936808 0.138339 4
0.914867 0.0262239 6
0.957808 0.55124 2
0.920472 0.113009 4
0.877263 0.000311065 11
0.926842 0.121 4
0.954553 0.539371 2
0.960143 0.560756 2
0.96894 0.605928 2
0.929013 0.241408 3
0.929052 0.241476 3
0.992489 1 1
0.915814 0.0533632 5
0.906644 0.0231044 6
0.971394 0.621747 2
0.931238 0.245415 3
0.957191 0.548872 2
0.932387 0.247615 3
0.898217 0.0443744 5
0.881799 0.00360731 8
0.839364 3.15643e-08 21
0.883898 0.00815534 7
0.932696 0.248222 3
0.89773 0.0441911 5
0.849491 2.89322e-06 16
0.859096 4.34509e-05 13
0.895091 0.0200596 6
0.94873 0.521559 2
0.874258 0.00146693 9
0.897424 0.0440775 5
0.879831 0.00351718 8
0.881786 0.00360668 8
0.926502 0.237252 3
0.912314 0.0124938 7
0.877557 2.77217e-06 17
0.882539 1.55218e-05 15
0.921305 0.029532 6
0.971486 0.622371 2
0.938316 0.141647 4
0.888433 8.61128e-05 13
0.893642 0.000448715 11
0.948347 0.29077 3
0.938721 0.142572 4
0.890525 0.000194789 12
0.952468 0.307227 3
0.907043 0.00553233 8
0.921106 0.029415 6
0.938454 0.141961 4
0.913575 0.0256627 6
0.882236 7.23557e-05 13
0.874012 5.42913e-06 16
0.91558 0.0265466 6
0.968482 0.603153 2
0.931969 0.129039 4
0.881471 7.09141e-05 13
0.888237 0.000392459 11
0.936658 0.138022 4
0.947432 0.287482 3
0.890501 0.000414369 11
0.939483 0.144356 4
0.90429 0.00521642 8
0.914684 0.0261427 6
0.941809 0.26976 3
0.89319 0.00912458 7
0.865712 2.18459e-05 14
0.854871 6.16243e-07 18
0.893982 0.00922122 7
0.945428 0.513078 2
0.910168 0.0498647 5
0.861122 3.8045e-06 16
0.867217 2.26026e-05 14
0.919319 0.111754 4
0.932757 0.248344 3
0.870157 5.42346e-05 13
0.92737 0.238648 3
0.882809 0.00166385 9
0.893304 0.0091383 7
0.921596 0.114284 4
0.916824 0.0271339 6
0.87349 2.41549e-06 17
0.957004 0.328967 3
0.962822 0.572834 2
0.934778 0.134208 4
0.963971 0.578433 2
0.954763 0.317707 3
0.948341 0.290749 3
0.967833 0.599305 2
0.896261 0.00100856 10
0.911166 0.0122089 7
0.947805 0.288809 3
0.938045 0.141036 4
0.967916 0.599791 2
0.917781 0.0276077 6
0.919171 0.111597 4
0.919226 0.111655 4
0.839353 1.40053e-11 30
0.887266 0.00179061 9
0.921205 0.113834 4
0.89598 0.00947714 7
0.85409 1.137e-07 20
0.867603 1.01354e-05 15
0.879134 0.00032261 11
0.964845 0.582867 2
0.897245 0.00964869 7
0.873703 5.86747e-05 13
0.892937 0.00423904 8
0.88359 0.000770697 10
0.93928 0.263003 3
0.968889 0.605613 2
0.938914 0.143018 4
0.921995 0.0299452 6
0.956103 0.324307 3
0.919487 0.0285019 6
0.943531 0.154895 4
0.943545 0.154934 4
0.961911 0.357749 3
0.908333 0.00569442 8
0.916451 0.0136513 7
0.986676 1 1
0.88834 8.5876e-05 13
0.981781 0.710095 2
0.951682 0.303867 3
0.940924 0.147898 4
0.899243 0.000524235 11
0.877937 5.90163e-07 19
0.847064 8.56128e-12 0
0.890278 4.29806e-05 14
0.941188 0.148571 4
0.905131 0.00127666 10
0.855992 1.35756e-11 0
0.864483 5.55397e-10 27
0.90601 0.00131017 10
0.946517 0.163966 4
0.875284 2.41985e-07 20
0.909816 0.00293964 9
0.883629 3.47072e-06 17
0.88862 1.9123e-05 15
0.928288 0.0343847 6
0.949019 0.293264 3
0.906922 0.00271855 9
0.952194 0.306042 3
0.988209 1 1
0.934215 0.0723069 5
0.97021 0.613914 2
0.9703 0.614495 2
0.98153 0.707467 2
0.939724 0.144933 4
0.910998 0.00606122 8
0.94952 0.295171 3
0.918076 0.0141695 7
0.976989 0.664509 2
0.986993 1 1
0.936993 0.138733 4
0.890787 0.0191881 6
0.853949 7.39439e-06 15
0.88175 0.00360501 8
0.910123 0.103359 4
0.948577 0.521141 2
0.926537 0.237306 3
0.882754 0.00805336 7
0.883913 0.00815665 7
0.951966 0.530961 2
0.91115 0.104175 4
0.871622 0.000629555 10
0.968333 1 1
0.891382 0.0193021 6
0.911478 0.10444 4
0.913541 0.106181 4
0.897874 0.000503815 11
0.856201 7.13059e-11 29
0.914018 0.0129444 7
0.931305 0.0682237 5
0.944504 0.15772 4
0.944593 0.157984 4
0.911237 0.00609638 8
0.908288 0.00568864 8
0.981412 0.706248 2
0.899958 0.00110664 10
0.883856 1.6207e-05 15
0.992931 1 1
0.907992 0.00565065 8
0.934426 0.0726248 5
0.912315 0.00626016 8
0.902116 0.0217637 6
0.878661 0.00070565 10
0.852346 5.75942e-07 18
0.895238 0.00938007 7
0.946797 0.516467 2
0.910435 0.0500143 5
0.860943 8.63291e-06 15
0.86908 0.000119194 12
0.912203 0.105039 4
0.947469 0.518196 2
0.8782 0.000700113 10
0.916086 0.108499 4
0.887653 0.00391002 8
0.89373 0.00919021 7
0.931323 0.245575 3
0.958207 0.335469 3
0.993884 1 1
0.870986 4.51448e-07 19
0.912373 0.0125089 7
0.905174 0.00259937 9
0.908545 0.00572201 8
0.890999 0.00019738 12
0.908336 0.00569481 8
0.87601 2.6277e-06 17
0.931114 0.0679746 5
0.956208 0.324845 3
0.860387 2.31626e-09 25
0.933504 0.0712585 5
0.907434 0.00558052 8
0.939915 0.145395 4
0.955334 0.542081 2
0.938134 0.260156 3
0.873788 0.000130801 12
0.923667 0.116776 4
0.949375 0.523342 2
0.931203 0.24535 3
0.889497 0.00401797 8
0.90357 0.0221704 6
0.908234 0.0488219 5
0.988103 1 1
0.93068 0.244379 3
0.898035 0.00975979 7
0.929687 0.242589 3
0.91963 0.112087 4
0.977799 1 1
0.90899 0.0238935 6
0.866893 9.95646e-06 15
0.969259 0.607896 2
0.955605 0.543041 2
0.921206 0.113835 4
0.952187 0.531649 2
0.960955 0.564279 2
0.949632 0.524065 2
0.954566 0.539418 2
0.884392 0.00078244 10
0.906832 0.0231649 6
0.936512 0.256334 3
0.933166 0.24916 3
0.960788 0.563543 2
0.906614 0.0230946 6
0.89345 0.000446474 11
0.860969 2.37684e-09 25
0.867598 8.01017e-08 21
0.902747 0.00244948 9
0.950985 0.300975 3
0.919509 0.028514 6
0.871685 4.63158e-07 19
0.875723 2.60217e-06 17
0.935447 0.135531 4
0.924364 0.0314666 6
0.871814 4.65348e-07 19
0.94649 0.284225 3
0.887965 8.49269e-05 13
0.90293 0.00246016 9
0.919935 0.0287484 6
19 1 3 7 9 11 12 16 17 20 22 24 26 27 29 31 35 36 37 39 
2 1 29 
37 0 2 3 4 5 6 7 8 9 10 11 12 13 14 15 16 17 18 19 21 22 23 24 25 26 27 28 29 30 32 33 34 35 36 37 38 39 
34 1 2 3 4 5 6 7 8 9 10 11 12 13 15 16 17 18 19 20 21 22 23 24 25 26 27 29 31 33 34 35 36 37 39 
18 1 3 9 11 12 16 17 20 22 24 26 27 29 30 31 35 36 37 
24 1 3 4 5 7 9 10 11 12 16 17 20 22 24 25 26 27 29 30 31 35 36 37 39 
38 0 1 2 3 4 5 6 7 8 9 10 11 12 13 14 15 16 17 18 19 21 22 23 24 25 26 27 28 29 30 32 33 34 35 36 37 38 39 
39 0 1 2 3 4 5 6 7 8 9 10 11 12 13 14 15 16 17 18 19 20 21 22 23 24 25 26 27 28 29 30 31 32 33 34 35 36 37 39 
32 1 2 3 4 5 6 7 8 9 10 11 12 15 16 17 18 20 21 22 23 24 25 26 27 29 31 33 34 35 36 37 39 
9 1 3 11 20 22 24 29 31 36 
25 1 3 4 5 7 8 9 11 12 16 17 20 21 22 24 25 26 27 29 31 33 35 36 37 39 
36 1 2 3 4 5 6 7 8 9 10 11 12 13 14 15 16 17 18 19 20 21 22 23 24 25 26 27 29 30 31 32 33 35 36 37 39 
29 1 2 3 4 5 7 8 9 10 11 12 15 16 17 20 21 22 24 25 26 27 29 30 31 33 35 36 37 39 
35 1 2 3 4 5 6 7 8 9 10 11 12 13 15 16 17 18 19 20 21 22 23 24 25 26 27 29 30 31 33 34 35 36 37 39 
17 1 3 7 11 12 17 20 22 24 26 27 29 31 35 36 37 39 
