80 15 6e+06
5.77517 130578
3.94957 137939
1.6695 184356
1.34256 115940
1.42549 108982
2.03524 184809
2.43543 169917
2.1801 187632
1.12831 160270
1.2221 170108
1.36014 113546
1.16699 113389
3.5502 157784
2.10764 140881
1.99049 131644
2.24474 109392
1.19144 189444
4.40434 154481
2.16336 190359
1.00164 186496
1.71065 188268
5.10034 154853
1.35449 139108
2.57627 105705
3.76404 141729
2.49078 172648
1.01759 149541
1.19359 158690
4.54 158995
2.9146 165384
5.1193 167383
4.07921 106016
2.21124 150665
3.18933 115996
1.09475 189892
3.14965 195952
2.76173 138057
1.89178 195987
2.58375 120989
3.64319 177421
3.72441 187129
1.96192 145097
1.26732 106826
3.20722 134404
2.23432 144299
2.81232 185470
2.99281 130785
1.03993 150985
2.42128 165472
2.19931 166260
2.07966 146429
2.98805 197771
2.17442 158697
2.86105 173740
4.90177 139740
1.74743 181236
1.09642 147519
4.52583 120268
3.31059 172388
2.61539 115566
1.58598 187472
2.92228 168892
5.99201 109846
1.8704 193646
4.04829 129707
1.06349 161053
1.82476 176088
1.55597 106133
1.32616 198402
2.41756 169138
2.03728 148082
2.21194 103063
2.47809 162941
2.94183 152957
1.70837 154428
2.90022 109591
1.72369 171080
2.52014 182303
2.01883 157583
2.63656 113458
0.946471 0.163819 4
0.940901 0.147839 4
0.955417 0.320883 3
0.965425 0.382445 3
0.938246 0.141488 4
0.90092 0.00113508 10
0.913382 0.00643092 8
0.943876 0.155882 4
0.961008 0.351985 3
0.874525 2.34488e-07 20
0.875289 5.30954e-07 19
0.978644 0.679221 2
0.881176 3.1603e-06 17
0.873449 2.2441e-07 20
0.942187 0.151187 4
0.890608 0.00408641 8
0.880836 0.000732963 10
0.953478 0.535775 2
0.964989 0.583615 2
0.96544 0.585984 2
0.860893 1.66104e-06 17
0.887321 0.0017923 9
0.884526 0.00171037 9
0.915294 0.0530092 5
0.879861 0.000327311 11
0.864115 9.30183e-06 15
0.953139 0.534672 2
0.845837 2.99945e-09 24
0.848743 7.72732e-09 23
0.8871 0.0017855 9
0.945267 0.512688 2
0.947096 0.517231 2
0.94745 0.518147 2
0.958689 0.554727 2
0.930945 0.244868 3
0.897321 0.0205585 6
0.90743 0.0484084 5
0.944735 0.511424 2
0.955564 0.542897 2
0.86734 0.000115354 12
0.868888 0.000267632 11
0.971475 1 1
0.877277 0.00153064 9
0.868282 0.000264921 11
0.940926 0.503047 2
0.893337 0.000445153 11
0.848994 9.4209e-12 0
0.921087 0.029404 6
0.901451 0.00237606 9
0.919979 0.0287728 6
0.912742 0.0126038 7
0.94776 0.288647 3
0.880403 3.15993e-05 14
0.913219 0.0127289 7
0.985254 1 1
0.965649 0.587095 2
0.897657 0.00104362 10
0.912275 0.0124838 7
0.933565 0.131902 4
0.893529 0.000447392 11
0.921848 0.230432 3
0.905459 0.0474423 5
0.98173 1 1
0.995885 1 1
0.973707 1 1
0.890225 0.00878439 7
0.91457 0.107094 4
0.914778 0.107282 4
0.947666 0.518711 2
0.893531 0.0197306 6
0.884771 0.00375396 8
0.983301 1 1
0.873646 0.000649744 10
0.873713 0.000650429 10
0.918312 0.1107 4
0.932916 0.248659 3
0.886217 0.00175894 9
0.945431 0.513083 2
0.926396 0.120375 4
0.933737 0.250322 3
0.942302 0.271158 3
0.980228 1 1
0.919426 0.111868 4
0.952559 0.532816 2
0.943461 0.274557 3
0.950511 0.526589 2
0.926904 0.121087 4
0.932443 0.247724 3
0.93989 0.264572 3
0.932955 0.248738 3
0.96238 0.570748 2
0.946216 0.2833 3
0.952224 0.306174 3
0.955348 0.320543 3
0.932378 0.0696669 5
0.915417 0.0133411 7
0.924717 0.0317081 6
0.9585 0.337107 3
0.974189 0.641849 2
0.879734 6.51896e-06 16
0.884367 3.55088e-05 14
0.967929 0.599865 2
0.895024 0.000465488 11
0.885465 3.67318e-05 14
0.958052 0.334617 3
0.893729 0.00429396 8
0.871511 5.58604e-05 13
0.963718 0.577176 2
0.958569 0.554244 2
0.98544 1 1
0.87464 0.000133114 12
0.906141 0.022944 6
0.884704 0.00171534 9
0.921386 0.114041 4
0.908437 0.0489278 5
0.888999 0.00398815 8
0.946122 0.514773 2
0.862091 3.89887e-06 16
0.86936 2.37561e-05 14
0.890943 0.00410757 8
0.992426 1 1
0.950099 0.297422 3
0.931149 0.127639 4
0.928221 0.123003 4
0.91063 0.0244891 6
0.937994 0.259816 3
0.934437 0.133549 4
0.985437 1 1
0.97221 0.627372 2
0.878638 0.000145028 12
0.891662 0.00193756 9
0.939391 0.263286 3
0.916305 0.053704 5
0.90085 0.0101832 7
0.987894 1 1
0.886543 0.00384813 8
0.847166 9.25889e-08 20
0.931225 0.245392 3
0.912734 0.105486 4
0.936557 0.256436 3
0.894982 0.020036 6
0.931648 0.24619 3
0.874132 0.000654779 10
0.910665 0.103786 4
0.96936 1 1
0.939374 0.499947 2
0.906052 0.0477263 5
0.891048 0.00887558 7
0.909285 0.0493799 5
0.885813 0.00380871 8
0.961878 0.568426 2
0.915749 0.10818 4
0.953782 0.536775 2
0.940552 0.266317 3
0.934599 0.252122 3
0.945736 0.513824 2
0.964742 0.582339 2
0.948401 0.520667 2
0.983623 1 1
0.913328 0.0517321 5
0.922468 0.115309 4
0.946219 0.515014 2
0.927538 0.238922 3
0.92263 0.115503 4
0.960808 0.563631 2
0.931631 0.246158 3
0.883269 0.00167604 9
0.894098 0.00923568 7
0.880046 0.000722801 10
0.878642 0.000705422 10
0.986293 1 1
0.956689 0.546989 2
0.922242 0.11504 4
0.924924 0.118388 4
0.904044 0.0223076 6
0.935512 0.254095 3
0.885561 0.00173976 9
0.990394 1 1
0.964558 0.581397 2
0.935188 0.253387 3
0.88965 0.00019015 12
0.877583 6.07281e-06 16
0.95486 0.318173 3
0.963572 0.576459 2
0.969308 0.6082 2
0.861912 5.59705e-09 24
0.88944 0.000189063 12
0.882993 3.40682e-05 14
0.915071 0.0132408 7
0.884404 3.55489e-05 14
0.867608 8.01355e-08 21
0.951059 0.301281 3
0.847363 8.68802e-12 0
0.851223 1.05488e-11 0
0.886263 8.08286e-05 13
0.959944 0.345476 3
0.907862 0.00563411 8
0.922489 0.0302495 6
0.909596 0.00586253 8
0.904816 0.00257617 9
0.977966 0.673071 2
0.97116 0.620164 2
0.947641 0.288223 3
0.957117 0.329566 3
0.907984 0.00564959 8
0.929863 0.0663907 5
0.916034 0.0135244 7
0.957357 0.330844 3
0.943905 0.155968 4
0.962576 0.571671 2
0.867671 0.000262233 11
0.824993 3.19864e-12 0
0.900083 0.0451008 5
0.881512 0.00359383 8
0.903441 0.0465162 5
0.888928 0.00864547 7
0.921249 0.229627 3
0.855112 3.28859e-06 16
0.887543 0.00850309 7
0.98535 1 1
0.950632 0.526945 2
0.876143 0.00150605 9
0.891543 0.00893157 7
0.916141 0.108552 4
0.867851 0.000263022 11
0.956265 0.545425 2
0.963614 0.576663 2
0.934861 0.252681 3
0.942564 0.506509 2
0.916698 0.109088 4
0.904313 0.046909 5
0.908027 0.0487146 5
0.959278 0.557128 2
0.956051 0.544644 2
0.861758 2.00407e-05 14
0.867512 0.000115722 12
0.955511 0.542709 2
0.883531 0.00369115 8
0.871131 0.000278122 11
0.952009 0.531096 2
0.972775 1 1
0.968211 0.601534 2
0.926825 0.120976 4
0.929614 0.24246 3
0.90713 0.023262 6
0.918853 0.111262 4
0.916148 0.0535943 5
0.978919 1 1
0.9599 0.559725 2
0.86394 9.26265e-06 15
0.874285 0.000132142 12
0.942173 0.27079 3
0.89759 0.0096968 7
0.882147 0.000750454 10
0.968949 0.605985 2
0.879862 3.11201e-05 14
0.833668 4.6199e-12 0
0.896633 0.00213752 9
0.877435 1.32531e-05 15
0.89433 0.000963564 10
0.91043 0.0120337 7
0.937803 0.140498 4
0.867236 3.95428e-07 19
0.895149 0.000982188 10
0.976925 0.663963 2
0.978312 0.67618 2
0.874742 5.5518e-06 16
0.916572 0.0270125 6
0.943611 0.275007 3
0.880863 6.98047e-05 13
0.958591 0.554333 2
0.909944 0.103219 4
0.947593 0.518519 2
0.933062 0.488895 2
0.929642 0.242508 3
0.952579 0.532881 2
0.973295 1 1
0.944745 0.511448 2
0.975251 1 1
0.918198 0.225761 3
0.929897 0.242962 3
0.938031 0.497394 2
0.93524 0.492448 2
0.931045 0.245055 3
0.958442 0.553739 2
0.876415 2.53797e-07 20
0.832463 4.38469e-12 0
0.904547 0.0012552 10
0.885472 7.98745e-06 16
0.90569 0.0012978 10
0.899436 0.000527216 11
0.931551 0.0685495 5
0.863713 5.33883e-10 27
0.895378 0.000107499 13
0.994629 1 1
0.96166 0.35612 3
0.881014 1.45129e-06 18
0.90218 0.00057312 11
0.926808 0.0332208 6
0.876781 2.57785e-07 20
0.953151 0.31024 3
0.936375 0.137428 4
0.962581 0.571695 2
0.966635 0.592469 2
0.943084 0.273434 3
0.910686 0.0245102 6
0.924764 0.0607595 5
0.94778 0.288718 3
0.972309 0.628072 2
0.884672 0.000361999 11
0.886226 0.000374716 11
0.979084 1 1
0.891116 0.000896666 10
0.88416 0.000357988 11
0.949055 0.293399 3
0.876668 0.000138932 12
0.838076 5.61523e-12 0
0.922871 0.115795 4
0.905229 0.0226612 6
0.93032 0.12627 4
0.885847 0.000804651 10
0.921918 0.114659 4
0.864415 4.14035e-06 16
0.900684 0.010157 7
0.967976 0.60014 2
0.933874 0.250604 3
0.897876 0.00973721 7
0.882907 0.00076099 10
0.902389 0.0104346 7
0.875935 0.000136777 12
0.946563 0.515874 2
0.907391 0.048389 5
0.970873 0.618247 2
0.954174 0.538086 2
0.952483 0.532575 2
0.929641 0.242508 3
0.956655 0.546861 2
0.934363 0.251622 3
0.974975 1 1
0.919786 0.112256 4
0.920948 0.113542 4
0.956425 0.546009 2
0.913629 0.0519212 5
0.913699 0.0519658 5
0.944652 0.511229 2
0.976699 1 1
0.943812 0.509288 2
0.905827 0.0476178 5
0.901636 0.0216339 6
0.885918 0.00175013 9
0.946339 0.515314 2
0.926779 0.237692 3
0.98063 1 1
0.947472 0.518204 2
0.867049 5.07908e-05 13
0.88648 0.00384472 8
0.912394 0.0511575 5
0.925803 0.119561 4
0.903678 0.0222014 6
0.979886 1 1
0.905407 0.00128701 10
0.856286 1.37956e-11 0
0.900862 0.000550271 11
0.882569 3.33132e-06 17
0.89174 4.52144e-05 14
0.945302 0.160129 4
0.962767 0.363422 3
0.893131 9.97186e-05 13
0.913873 0.00651245 8
0.946659 0.164428 4
0.98285 0.721595 2
0.883458 3.44768e-06 17
0.953189 0.310413 3
0.979345 0.685768 2
0.907351 0.0027494 9
0.95495 0.540739 2
0.937388 0.496213 2
0.96154 0.566891 2
0.964936 1 1
0.941822 0.504916 2
0.912146 0.104991 4
0.925705 0.236005 3
0.94952 0.523749 2
0.973704 1 1
0.884753 0.00375301 8
0.88683 0.00843218 7
0.977273 1 1
0.892465 0.0195147 6
0.885203 0.00827563 7
0.950843 0.527567 2
0.922593 0.231453 3
0.873501 0.000648258 10
0.92387 0.233263 3
0.905257 0.0473466 5
0.913452 0.106103 4
0.94985 0.524683 2
0.983561 1 1
0.909437 0.102828 4
0.935576 0.254236 3
0.94898 0.522244 2
0.969664 1 1
0.90615 0.0477738 5
0.947058 0.517133 2
0.960863 0.563872 2
0.923793 0.233153 3
0.934688 0.134033 4
0.918411 0.0279299 6
0.977848 0.672017 2
0.987303 1 1
0.961624 0.355892 3
0.898985 0.00107916 10
0.919826 0.028688 6
0.928145 0.0643517 5
0.959128 0.340682 3
0.890533 0.000194829 12
0.886033 8.03002e-05 13
0.994629 1 1
0.881136 1.48401e-05 15
0.878482 6.25337e-06 16
0.930941 0.0677496 5
0.892823 0.000207942 12
0.854857 2.91707e-11 30
0.941546 0.149495 4
0.923088 0.0306273 6
0.947255 0.286861 3
0.89664 0.000486561 11
0.933589 0.0713827 5
0.880595 6.71189e-06 16
0.918177 0.014203 7
0.959794 0.344583 3
0.934051 0.0720615 5
0.916051 0.0135295 7
0.890652 0.000195476 12
0.90648 0.00268751 9
0.891778 0.000201778 12
0.930835 0.0676135 5
0.915147 0.00673328 8
0.978937 0.681935 2
0.991435 1 1
0.964584 0.376184 3
0.895972 0.000228586 12
0.917697 0.014045 7
0.924278 0.0314088 6
0.955526 0.321419 3
0.890617 9.20341e-05 13
0.88493 1.68011e-05 15
0.993302 1 1
0.878427 1.31112e-06 18
0.876449 5.55801e-07 19
0.927123 0.0334619 6
0.9485 0.520933 2
0.963065 0.573998 2
0.932494 0.247824 3
0.942505 0.271743 3
0.915465 0.0531246 5
0.896939 0.0096064 7
0.901342 0.0102619 7
0.952093 0.531355 2
0.94935 0.523273 2
0.856857 2.83936e-07 19
0.86144 1.68592e-06 17
0.955156 0.541458 2
0.876338 0.000137953 12
0.864304 4.1283e-06 16
0.9443 0.277115 3
0.942238 0.151326 4
0.899228 0.00108589 10
0.962111 0.359054 3
0.943772 0.155584 4
0.946842 0.165028 4
0.935398 0.0741265 5
0.966776 0.593259 2
0.92919 0.0655739 5
0.96742 0.596909 2
0.929712 0.0662051 5
0.932307 0.0695702 5
0.944999 0.159205 4
0.921249 0.0294991 6
0.923798 0.0310885 6
0.941145 0.14846 4
0.931983 0.24683 3
0.908021 0.0487115 5
0.992346 1 1
0.982732 1 1
0.972059 1 1
0.903557 0.0221667 6
0.928729 0.240919 3
0.923248 0.116257 4
0.959859 0.559549 2
0.903743 0.0222201 6
0.897424 0.00967356 7
0.979901 1 1
0.887059 0.00178427 9
0.887185 0.00178812 9
0.928763 0.240978 3
0.915384 0.0133316 7
0.885459 3.67243e-05 14
0.981487 0.707019 2
0.963266 0.366827 3
0.983297 0.726559 2
0.899461 0.00109244 10
0.9316 0.0686134 5
0.904831 0.00257717 9
0.944007 0.156261 4
0.923227 0.0307163 6
0.909845 0.00589697 8
0.955242 0.320021 3
0.886471 3.79123e-05 14
0.892709 0.000207255 12
0.912989 0.00636698 8
0.939728 0.264153 3
0.88871 0.000852204 10
0.921312 0.0575845 5
0.905075 0.0109111 7
0.906772 0.0112401 7
0.971198 0.620423 2
0.988406 1 1
0.926964 0.121173 4
0.945442 0.280742 3
0.927201 0.121512 4
0.951419 0.302767 3
0.908839 0.0238406 6
0.961947 0.568742 2
0.961092 0.564885 2
0.941733 0.269549 3
0.882639 7.31337e-05 13
0.845701 8.01154e-12 0
0.933385 0.131569 4
0.916086 0.0267819 6
0.941964 0.270198 3
0.887079 0.000177573 12
0.923629 0.0596641 5
0.870601 2.20242e-06 17
0.907921 0.0114762 7
0.959003 0.556001 2
0.928569 0.0648412 5
0.908173 0.0115296 7
0.882054 7.20075e-05 13
0.899223 0.00225947 9
0.88157 7.1099e-05 13
0.969659 1 1
0.931825 0.246528 3
0.956331 0.545665 2
0.949664 0.524155 2
0.935296 0.492543 2
0.93359 0.489734 2
0.945991 0.514449 2
0.958841 0.555339 2
0.9966 1 1
0.897309 0.0440348 5
0.904385 0.0992431 4
0.958718 0.554842 2
0.913636 0.106264 4
0.905589 0.10005 4
0.966557 1 1
0.900026 0.0100546 7
0.877758 6.45687e-05 13
0.970546 0.616095 2
0.965075 0.584064 2
0.99231 1 1
0.879532 0.000147956 12
0.910369 0.0243918 6
0.891058 0.00191585 9
0.927783 0.122355 4
0.908326 0.0236629 6
0.890885 0.00190973 9
0.952752 0.53343 2
0.866346 1.93668e-06 17
0.87257 2.56744e-05 14
0.897168 0.00455253 8
0.926914 0.0333013 6
0.919576 0.0146846 7
0.966333 0.590801 2
0.985119 0.747798 2
0.955382 0.32071 3
0.887805 3.95756e-05 14
0.90697 0.00272196 9
0.922447 0.0302234 6
0.948036 0.169068 4
0.878939 2.91152e-06 17
0.873539 4.96369e-07 19
0.990619 1 1
0.869663 8.69888e-08 21
0.866226 1.51484e-08 23
0.92292 0.0305203 6
0.961115 0.564988 2
0.954154 0.314825 3
0.944652 0.278217 3
0.950088 0.297381 3
0.925542 0.0615401 5
0.911108 0.0121949 7
0.917649 0.0275409 6
0.960353 0.561655 2
0.96661 0.592333 2
0.871861 1.03298e-06 18
0.87711 5.98095e-06 16
0.96308 0.574067 2
0.890442 0.000413767 11
0.879475 1.40926e-05 15
0.9567 0.327377 3
0.96244 0.571032 2
0.917317 0.0273755 6
0.9029 0.00507077 8
0.893758 0.000950974 10
0.884114 7.61102e-05 13
0.97324 0.634756 2
0.944058 0.27637 3
0.95659 0.326804 3
0.942851 0.27275 3
0.882947 7.37391e-05 13
0.907298 0.0113467 7
0.902417 0.00502217 8
0.952999 0.309561 3
0.928825 0.0651409 5
0.966828 0.593551 2
0.934379 0.133437 4
0.914045 0.0258632 6
0.984554 1 1
0.986358 1 1
0.966455 0.591474 2
0.901879 0.00496918 8
0.924624 0.0606209 5
0.926707 0.0627596 5
0.960741 0.563341 2
0.896812 0.00214549 9
0.8917 0.000908152 10
0.98767 1 1
0.884568 0.000166627 12
0.883079 0.000160688 12
0.930864 0.127164 4
0.934212 0.490739 2
0.90661 0.100757 4
0.992606 1 1
0.97618 1 1
0.970791 1 1
0.908551 0.10216 4
0.934776 0.49167 2
0.924594 0.234326 3
0.962965 1 1
0.909082 0.102558 4
0.903422 0.0465075 5
0.974337 1 1
0.892383 0.0194983 6
0.893037 0.0196297 6
0.931244 0.245427 3
0.937386 0.0774179 5
0.902119 0.00117242 10
0.98037 0.695697 2
0.961183 0.353084 3
0.963137 0.365936 3
0.919717 0.0147348 7
0.948768 0.171654 4
0.92593 0.0325676 6
0.966444 0.591414 2
0.920967 0.0151961 7
0.917369 0.0139391 7
0.960514 0.348924 3
0.904593 0.00256192 9
0.906684 0.00270178 9
0.935167 0.0737643 5
0.894105 0.0198499 6
0.845813 4.87174e-07 18
0.896232 0.0436436 5
0.877472 0.00341557 8
0.88936 0.0189223 6
0.932075 0.247008 3
0.952335 0.532112 2
0.881752 0.0036051 8
0.904593 0.0470372 5
0.955447 0.54248 2
0.992801 1 1
0.877179 0.00340341 8
0.940782 0.502752 2
0.969058 1 1
0.895808 0.0434928 5
0.880128 0.000723847 10
0.838568 3.19119e-11 29
0.917733 0.110111 4
0.898962 0.00989432 7
0.921458 0.114124 4
0.89536 0.00939587 7
0.930628 0.244285 3
0.867513 2.27567e-05 14
0.902102 0.0217597 6
0.984245 1 1
0.948846 0.521875 2
0.893163 0.00425452 8
0.894479 0.00928323 7
0.9159 0.0534224 5
0.879892 0.000720858 10
0.896661 0.020407 6
0.848436 5.20407e-07 18
0.900835 0.045405 5
0.881922 0.00361314 8
0.894115 0.0198519 6
0.932573 0.24798 3
0.95558 0.542953 2
0.884128 0.00372109 8
0.908192 0.101894 4
0.959076 0.556296 2
0.997004 1 1
0.881435 0.00359024 8
0.939611 0.500408 2
0.9666 1 1
0.898208 0.0207671 6
0.902281 0.00500869 8
0.884815 0.000167653 12
0.97092 0.618561 2
0.974062 0.640888 2
0.985344 1 1
0.876581 1.29253e-05 15
0.904977 0.00529163 8
0.894495 0.000967279 10
0.929068 0.124289 4
0.897268 0.00216618 9
0.882054 7.20075e-05 13
0.96087 0.563904 2
0.862065 6.50096e-08 21
0.866045 3.79721e-07 19
0.899064 0.00225158 9
0.919552 0.0285374 6
0.869971 4.35212e-07 19
0.915682 0.0134193 7
0.897435 0.00103791 10
0.905087 0.0053039 8
0.953124 0.310119 3
0.979391 0.686205 2
0.906732 0.00549473 8
0.929781 0.0662889 5
0.945949 0.282408 3
0.973269 0.634972 2
0.898754 0.00107281 10
0.953648 0.312486 3
0.969733 0.61086 2
0.921175 0.0294554 6
0.937892 0.140696 4
0.929232 0.0656239 5
0.964609 0.581657 2
0.977505 0.668987 2
0.949142 0.293729 3
0.896454 0.000484053 11
0.913078 0.0126916 7
0.933674 0.071506 5
0.957449 0.331336 3
0.879543 6.47746e-06 16
0.877206 2.73841e-06 17
0.990562 1 1
0.877572 2.77366e-06 17
0.87234 4.74513e-07 19
0.933794 0.071682 5
0.982199 1 1
0.929851 0.24288 3
0.935921 0.255 3
0.927224 0.238409 3
0.915877 0.108302 4
0.954337 0.538636 2
0.954684 0.539822 2
0.967977 1 1
0.978155 1 1
0.89616 0.0202944 6
0.911013 0.104064 4
0.935958 0.255082 3
0.932835 0.248498 3
0.919739 0.112205 4
0.982419 1 1
0.941393 0.504013 2
0.892455 0.0195126 6
0.940189 0.501554 2
0.922639 0.231517 3
0.926073 0.236576 3
0.953492 0.535821 2
0.989315 1 1
0.927763 0.239292 3
0.956915 0.547831 2
0.934708 0.252354 3
0.948181 0.520076 2
0.925054 0.235014 3
0.941839 0.504952 2
0.945022 0.512104 2
0.941959 0.505208 2
0.977622 0.670017 2
0.942731 0.272399 3
0.947226 0.286757 3
0.944035 0.276299 3
0.926376 0.0624068 5
0.932028 0.129142 4
0.938253 0.141504 4
0.969087 0.606832 2
0.985946 1 1
0.887221 0.000383308 11
0.895994 0.00210947 9
0.954876 0.318248 3
0.911115 0.024673 6
0.900062 0.00479889 8
0.973634 0.637668 2
0.944283 0.277065 3
0.900509 0.0101294 7
0.960312 0.56148 2
0.94243 0.271527 3
0.944589 0.278018 3
0.937764 0.259262 3
0.968487 0.603178 2
0.931111 0.127575 4
0.968807 0.605116 2
0.928676 0.123689 4
0.932596 0.130142 4
0.94419 0.276775 3
0.92332 0.116345 4
0.925204 0.118757 4
0.943293 0.274054 3
0.906132 0.0477652 5
0.865741 4.94486e-05 13
0.947757 0.518949 2
0.927829 0.239402 3
0.947592 0.518517 2
0.910898 0.050277 5
0.948383 0.520617 2
0.893499 0.00916199 7
0.930837 0.244669 3
0.959496 0.558029 2
0.942637 0.506668 2
0.922774 0.115677 4
0.903979 0.0467569 5
0.918119 0.110502 4
0.905292 0.0473634 5
0.926732 0.120845 4
0.876556 0.000138597 12
0.917139 0.054298 5
0.899555 0.00998285 7
0.904982 0.0225863 6
0.961005 0.564499 2
0.984852 1 1
0.913975 0.0521422 5
0.935131 0.253263 3
0.938417 0.260847 3
0.965123 0.584317 2
0.901815 0.0103389 7
0.959113 0.556447 2
0.969282 0.608034 2
0.928545 0.12349 4
0.995441 1 1
0.949969 0.296911 3
0.926149 0.120034 4
0.922869 0.115793 4
0.905734 0.0228166 6
0.940635 0.26654 3
0.9338 0.25045 3
0.989389 1 1
0.967689 0.598465 2
0.876715 6.29591e-05 13
0.891176 0.00192007 9
0.933946 0.250752 3
0.918876 0.0556001 5
0.902045 0.010377 7
0.991992 1 1
0.961644 0.356018 3
0.940936 0.147927 4
0.957142 0.329696 3
0.958536 0.33731 3
0.936858 0.0765142 5
0.91742 0.0139556 7
0.928816 0.0651305 5
0.955997 0.323776 3
0.978197 0.675141 2
0.884716 1.66804e-05 15
0.888764 8.69689e-05 13
0.97053 0.615993 2
0.897321 0.000495962 11
0.888845 8.71805e-05 13
0.95749 0.331554 3
0.884939 1.68064e-05 15
0.859601 1.92273e-10 28
0.952847 0.308888 3
0.944263 0.15701 4
0.973 0.633007 2
0.871314 9.30959e-08 21
0.904768 0.00126325 10
0.875147 5.28014e-07 19
0.912613 0.00630708 8
0.916848 0.0137743 7
0.893434 0.000211697 12
0.932446 0.069761 5
0.86062 2.02477e-10 28
0.870704 9.0773e-08 21
0.88251 7.17331e-06 16
0.992481 1 1
0.938622 0.142345 4
0.929823 0.0663413 5
0.923549 0.0595891 5
0.909512 0.0118227 7
0.950344 0.298392 3
0.945046 0.279468 3
0.978307 0.67614 2
0.972777 0.631397 2
0.886579 0.000175291 12
0.901969 0.00497799 8
0.933471 0.131728 4
0.928399 0.0646439 5
0.912654 0.012581 7
0.992931 1 1
0.92891 0.241231 3
0.87859 0.00156018 9
0.917956 0.110337 4
0.900562 0.0452935 5
0.905389 0.0474089 5
0.962893 0.573171 2
0.986362 1 1
0.916148 0.108558 4
0.936928 0.495384 2
0.936568 0.494744 2
0.962804 0.57275 2
0.903063 0.0463493 5
0.959932 0.55986 2
0.968198 1 1
0.930752 0.244513 3
0.881687 7.13153e-05 13
0.839378 5.95622e-12 0
0.916795 0.0271201 6
0.897795 0.00219055 9
0.919482 0.0560755 5
0.898488 0.00222344 9
0.933446 0.131681 4
0.868995 2.096e-06 17
0.903041 0.0050852 8
0.988431 1 1
0.953189 0.310413 3
0.892445 0.000923217 10
0.898107 0.00220522 9
0.919952 0.0564526 5
0.881585 7.11258e-05 13
0.962414 0.361057 3
0.911146 0.00608303 8
0.937886 0.140683 4
0.924359 0.0314636 6
0.919839 0.0286949 6
0.962255 0.360001 3
0.974403 0.643488 2
0.948577 0.291614 3
0.97044 0.615401 2
0.91384 0.0128957 7
0.929798 0.0663102 5
0.93023 0.0668465 5
0.943583 0.155044 4
0.935944 0.136537 4
0.963327 0.575264 2
0.898532 0.0208446 6
0.888925 0.00398372 8
0.959665 0.558735 2
0.973491 1 1
0.967731 0.598712 2
0.867232 5.09833e-05 13
0.892645 0.00905954 7
0.892624 0.00905704 7
0.922959 0.115902 4
0.881069 0.00161938 9
0.867301 5.10559e-05 13
0.961908 0.568567 2
0.851566 2.43689e-07 19
0.85335 5.91513e-07 18
0.89494 0.00934173 7
0.913574 0.0256621 6
0.881374 0.000154333 12
0.975382 0.651178 2
0.956482 0.54622 2
0.977609 0.669903 2
0.901341 0.00491749 8
0.934894 0.134435 4
0.902496 0.0104525 7
0.941933 0.27011 3
0.929848 0.125512 4
0.915493 0.026507 6
0.949011 0.293235 3
0.88932 0.00086307 10
0.896982 0.0045376 8
0.911454 0.0248036 6
0.926849 0.12101 4
0.877901 0.000142691 12
0.894568 0.00435394 8
0.879643 0.000148329 12
0.879976 0.000328071 11
0.980207 1 1
0.959635 0.55861 2
0.916782 0.0540414 5
0.922877 0.115802 4
0.910353 0.0243859 6
0.942827 0.272678 3
0.884436 0.000783084 10
0.991156 1 1
0.972524 0.629592 2
0.930159 0.12601 4
0.907861 0.0486285 5
0.858711 3.58397e-06 16
0.904787 0.0471268 5
0.886375 0.00383899 8
0.895654 0.0201823 6
0.945877 0.51417 2
0.966193 0.590033 2
0.895403 0.0094014 7
0.917209 0.109588 4
0.94879 0.521722 2
0.983322 1 1
0.88716 0.00388224 8
0.951993 0.531048 2
0.976226 1 1
0.909675 0.049592 5
0.992801 1 1
0.948294 0.520378 2
0.932356 0.247554 3
0.928965 0.124131 4
0.911804 0.0508045 5
0.93918 0.26275 3
0.936232 0.255698 3
0.983784 1 1
0.973834 1 1
0.880377 0.000330731 11
0.893372 0.00426902 8
0.93997 0.264782 3
0.917485 0.0545508 5
0.902339 0.0218247 6
0.988263 1 1
0.966829 1 1
0.952102 0.531384 2
0.94581 0.514005 2
0.948768 0.521663 2
0.925945 0.236377 3
0.917172 0.109552 4
0.923413 0.232607 3
0.964503 1 1
0.972415 1 1
0.876083 0.00150477 9
0.882349 0.00363345 8
0.961385 0.566193 2
0.896393 0.0437014 5
0.885273 0.00828223 7
0.962398 1 1
0.878282 6.54046e-05 13
0.836788 5.30044e-12 0
0.915973 0.0267292 6
0.897298 0.00456296 8
0.919965 0.0564633 5
0.893807 0.0020189 9
0.928877 0.123994 4
0.865689 8.43889e-07 18
0.900186 0.00481012 8
0.984283 1 1
0.948076 0.289783 3
0.891418 0.000902568 10
0.893189 0.00199474 9
0.914895 0.0262362 6
0.878059 6.50453e-05 13
0.962098 0.569438 2
0.915199 0.107669 4
0.952127 0.531462 2
0.938787 0.261764 3
0.933111 0.249049 3
0.947494 0.518259 2
0.966196 0.590048 2
0.948482 0.520885 2
0.982348 1 1
0.913722 0.10634 4
0.923556 0.116638 4
0.944445 0.510746 2
0.929289 0.241888 3
0.924214 0.233765 3
0.961232 0.565506 2
0.973417 1 1
0.96891 1 1
0.911505 0.104463 4
0.912431 0.10523 4
0.891699 0.00894944 7
0.924043 0.233516 3
0.913079 0.10578 4
0.987423 1 1
0.948905 0.522039 2
0.857178 3.45352e-06 16
0.871534 0.000280086 11
0.924573 0.234294 3
0.903111 0.0463702 5
0.883982 0.00371372 8
0.97193 1 1
0.92957 0.125072 4
0.881431 0.000154541 12
0.89229 0.00196063 9
0.878167 6.5219e-05 13
0.876982 6.33642e-05 13
0.984122 1 1
0.955222 0.541688 2
0.920289 0.0567272 5
0.922844 0.0589376 5
0.903675 0.0106564 7
0.935598 0.135835 4
0.883611 0.000353777 11
0.992617 1 1
0.965526 0.586439 2
0.933139 0.131119 4
0.886495 0.00384552 8
0.846491 1.66815e-08 22
0.929365 0.242021 3
0.910689 0.0501578 5
0.934018 0.250902 3
0.89634 0.0095251 7
0.932901 0.248629 3
0.874003 0.000292703 11
0.910178 0.0498703 5
0.972556 1 1
0.942199 0.270865 3
0.904303 0.0223835 6
0.892908 0.00909079 7
0.911664 0.0507217 5
0.885876 0.00174891 9
0.935547 0.25417 3
0.9024 0.0218415 6
0.984852 1 1
0.965389 0.585714 2
0.966842 0.593628 2
0.915857 0.108282 4
0.944447 0.510751 2
0.924564 0.234281 3
0.964779 0.582531 2
0.918397 0.110788 4
0.913622 0.106252 4
0.96399 0.578527 2
0.900575 0.0213547 6
0.90257 0.0218882 6
0.933113 0.249054 3
0.889365 0.00401002 8
0.842958 4.93776e-10 26
0.906394 0.0230243 6
0.88699 0.00178215 9
0.903175 0.0220576 6
0.917764 0.110143 4
0.947577 0.518477 2
0.876555 0.000306895 11
0.905343 0.022696 6
0.979033 1 1
0.982436 1 1
0.884546 0.00171092 9
0.921762 0.114477 4
0.947004 0.516995 2
0.890246 0.00406385 8
0.972365 1 1
0.930133 0.243385 3
0.905875 0.0228605 6
0.898932 0.00988994 7
0.88636 0.00176319 9
0.96054 0.562466 2
0.9371 0.257692 3
0.969241 0.607784 2
0.947461 0.518175 2
0.876166 0.00030465 11
0.897918 0.00974306 7
0.90863 0.0490295 5
0.939875 0.264534 3
0.91697 0.0541764 5
0.976796 1 1
0.894036 0.000102742 13
0.852586 1.13205e-11 0
0.932608 0.0699862 5
0.913204 0.0064018 8
0.93444 0.0726461 5
0.905173 0.00127824 10
0.94206 0.15085 4
0.881325 3.17787e-06 17
0.917084 0.00709706 8
0.974316 0.642826 2
0.949281 0.173519 4
0.907857 0.00278661 9
0.90153 0.00056166 11
0.919773 0.014755 7
0.893579 0.000101197 13
0.928861 0.241147 3
0.91127 0.0504917 5
0.983057 1 1
0.992779 1 1
0.969006 0.606335 2
0.896055 0.00948708 7
0.919179 0.111606 4
0.921712 0.114418 4
0.95461 0.539567 2
0.894089 0.00923447 7
0.887448 0.00389839 8
0.988663 1 1
0.878953 0.000709196 10
0.877929 0.000696912 10
0.925283 0.118861 4
0.903499 0.0465417 5
0.858944 8.24886e-06 15
0.930418 0.243901 3
0.910502 0.0500519 5
0.927382 0.238667 3
0.920095 0.112593 4
0.956792 0.547373 2
0.890438 0.00880773 7
0.923946 0.233375 3
0.973839 1 1
0.963559 0.576395 2
0.907307 0.0483465 5
0.917317 0.109695 4
0.935717 0.254546 3
0.90357 0.0465736 5
72 0 1 2 3 4 5 6 7 8 9 10 12 13 14 15 16 17 18 19 20 21 22 24 25 26 27 28 29 30 31 32 33 34 35 36 37 38 39 41 42 43 44 45 46 47 48 49 50 51 52 53 54 55 57 58 59 60 61 62 63 64 66 67 68 69 70 73 74 75 77 78 79 
63 0 1 2 4 5 6 7 8 9 10 12 13 15 16 18 20 22 25 26 27 28 29 30 31 32 33 34 36 37 38 39 41 42 43 44 45 46 47 48 49 50 51 52 53 54 55 56 57 58 59 60 62 63 64 66 67 68 70 73 74 75 78 79 
22 1 4 7 9 12 14 19 21 28 33 35 37 45 47 54 58 61 63 64 69 73 77 
26 1 3 4 7 9 12 14 17 19 21 28 33 35 37 45 47 54 58 61 63 64 69 73 75 77 79 
15 1 7 9 12 14 21 28 35 37 45 47 58 63 69 73 
76 0 1 2 3 4 5 6 7 8 9 10 12 13 14 15 16 17 18 19 20 21 22 23 24 25 26 27 28 29 30 31 32 33 34 35 36 37 38 39 41 42 43 44 45 46 47 48 49 50 51 52 53 54 55 56 57 58 59 60 61 62 63 64 66 67 68 69 70 71 73 74 75 76 77 78 79 
62 0 1 2 3 4 5 6 7 8 9 10 12 14 15 16 18 19 20 21 22 25 27 28 29 30 31 32 33 35 36 37 38 39 41 42 43 45 47 49 50 51 52 53 54 56 57 58 59 61 62 63 64 67 68 69 70 71 73 74 77 78 79 
72 0 1 2 3 4 5 6 7 8 9 10 12 14 15 16 17 18 19 20 21 22 24 25 26 27 28 29 30 31 32 33 34 35 36 37 38 39 41 42 43 44 45 46 47 48 49 50 51 52 53 54 55 56 57 58 59 60 61 62 63 64 66 67 68 69 70 73 74 75 77 78 79 
45 0 1 2 4 6 7 9 12 14 15 20 21 22 25 27 28 29 30 31 32 33 35 36 37 38 39 41 42 43 45 47 49 53 54 57 58 61 63 64 68 69 73 74 77 78 
33 0 1 2 4 7 9 12 14 21 27 28 29 32 33 35 37 38 41 42 43 45 47 49 54 58 61 63 64 69 73 74 77 78 
46 0 1 2 3 4 5 6 7 9 12 14 17 19 20 21 22 25 27 28 29 31 32 33 35 37 38 41 42 43 45 47 49 53 54 57 58 61 63 64 69 73 74 75 77 78 79 
35 1 3 4 7 9 12 14 17 19 21 27 28 29 32 33 35 37 38 41 42 43 45 47 54 58 61 63 64 69 73 74 75 77 78 79 
78 0 1 2 3 4 5 6 7 8 9 10 11 13 14 15 16 17 18 19 20 21 22 23 24 25 26 27 28 29 30 31 32 33 34 35 36 37 38 39 40 41 42 43 45 46 47 48 49 50 51 52 53 54 55 56 57 58 59 60 61 62 63 64 65 66 67 68 69 70 71 72 73 74 75 76 77 78 79 
72 0 1 2 3 4 5 6 7 8 9 10 13 14 15 16 17 18 19 20 21 22 24 25 26 27 28 29 30 31 32 33 34 35 36 37 38 39 41 42 43 44 45 46 47 48 49 50 51 52 53 54 55 56 57 58 59 60 61 62 63 64 66 67 68 69 70 73 74 75 77 78 79 
73 0 1 2 3 4 5 6 7 8 9 10 12 13 14 15 16 17 18 19 20 21 22 24 25 26 27 28 29 30 31 32 33 34 35 36 37 38 39 41 42 43 44 45 46 47 48 49 50 51 52 53 54 55 56 57 58 59 60 61 62 63 64 66 67 68 69 70 73 74 75 77 78 79 
