50 15 8e+06
2.0102 134468
1.24032 171016
1.85226 128262
1.4837 161904
2.84112 160140
2.2175 105643
1.68359 141980
1.21835 180741
2.88702 164241
1.33301 145899
1.39907 162000
1.55726 179406
2.8892 120475
2.71196 153328
1.40135 140273
1.35357 182543
1.71447 183577
2.89463 170715
1.09282 131755
2.06185 100527
1.55385 193524
1.98891 121453
2.53518 140877
1.90592 103103
1.64381 170856
1.10183 128517
1.59631 148408
2.91958 118075
1.55482 103764
1.67376 135150
2.92162 194688
1.37428 126091
1.80873 120232
1.46057 159810
1.24096 168639
2.85703 154839
1.05426 128571
1.17346 180297
1.83506 122378
1.85105 182223
2.41527 104264
2.51543 102608
1.0421 166569
2.40614 198405
2.70368 137992
2.3389 138427
1.47228 151544
2.15216 103388
2.88765 114158
2.56402 125397
0.933028 0.248882 3
0.907354 0.0233356 6
0.895576 0.0044286 8
0.91464 0.0525735 5
0.90363 0.0221876 6
0.974218 0.642071 2
0.943261 0.273959 3
0.974479 1 1
0.958589 0.554325 2
0.898026 0.00975845 7
0.907668 0.02344 6
0.931438 0.245792 3
0.894438 0.0043445 8
0.937148 0.257805 3
0.894568 0.00435393 8
0.863778 2.09318e-05 14
0.923299 0.116319 4
0.862853 2.05164e-05 14
0.841764 2.6033e-09 24
0.895869 0.0202296 6
0.897215 0.0205338 6
0.916497 0.108893 4
0.894036 0.00922798 7
0.952523 0.532702 2
0.856034 3.3607e-06 16
0.856819 3.42402e-06 16
0.871075 0.00027785 11
0.845143 1.59803e-08 22
0.921329 0.113976 4
0.849831 2.32207e-07 19
0.969187 0.60745 2
0.910176 0.0119743 7
0.926617 0.0626631 5
0.942928 0.272976 3
0.919968 0.0564656 5
0.951099 0.301446 3
0.953724 0.312834 3
0.96154 0.566891 2
0.923486 0.0595304 5
0.932895 0.130678 4
0.945145 0.279783 3
0.97081 0.617829 2
0.931622 0.128441 4
0.944147 0.276643 3
0.93054 0.126629 4
0.970618 1 1
0.915348 0.107806 4
0.940823 0.502836 2
0.941193 0.503599 2
0.929809 0.242805 3
0.936549 0.49471 2
0.958035 0.552126 2
0.946829 0.516549 2
0.914108 0.10668 4
0.947335 0.517847 2
0.958913 0.555634 2
0.982459 1 1
0.94494 0.511908 2
0.948408 0.520685 2
0.944637 0.511193 2
0.890298 9.11291e-05 13
0.953786 0.31312 3
0.950397 0.298602 3
0.864329 6.2194e-09 24
0.978436 0.677312 2
0.864733 6.33256e-09 24
0.937363 0.139532 4
0.871525 2.07845e-07 20
0.877233 2.74102e-06 17
0.933312 0.0709816 5
0.919597 0.0285622 6
0.909603 0.00586353 8
0.915664 0.0134139 7
0.942152 0.151095 4
0.925762 0.0324458 6
0.892531 0.000435991 11
0.932996 0.13086 4
0.884679 7.73059e-05 13
0.870003 9.69965e-07 18
0.912267 0.0124818 7
0.924719 0.0607148 5
0.941784 0.150118 4
0.922737 0.0588396 5
0.975269 0.650279 2
0.87987 3.11273e-05 14
0.882621 3.36949e-05 14
0.8991 0.00225334 9
0.870163 9.75169e-07 18
0.944166 0.276703 3
0.874034 2.45904e-06 17
0.890965 0.000197194 12
0.994825 1 1
0.926941 0.0630121 5
0.863778 6.06982e-09 24
0.970717 0.61722 2
0.884259 3.53914e-05 14
0.955838 0.322973 3
0.888718 8.68499e-05 13
0.909589 0.00586158 8
0.913794 0.0128831 7
0.906463 0.00268631 9
0.907668 0.00560973 8
0.897768 0.00104652 10
0.965197 0.584701 2
0.90603 0.00265652 9
0.992649 1 1
0.884595 0.00374491 8
0.926718 0.237594 3
0.972677 1 1
0.902499 0.046104 5
0.927348 0.238611 3
0.925005 0.234939 3
0.938275 0.497849 2
0.889411 0.00869659 7
0.940419 0.502016 2
0.958186 0.552723 2
0.976632 1 1
0.949165 0.522757 2
0.915806 0.108234 4
0.94261 0.50661 2
0.969721 1 1
0.880895 0.00356524 8
0.937093 0.495679 2
0.959371 0.557512 2
0.903828 0.0466892 5
0.905439 0.0474327 5
0.9171 0.10948 4
0.916181 0.10859 4
0.872268 0.000635867 10
0.953678 0.536434 2
0.97097 1 1
0.969762 1 1
0.967825 1 1
0.908794 0.102341 4
0.958585 0.554311 2
0.965566 0.58665 2
0.863674 4.06093e-06 16
0.894451 0.00434548 8
0.979231 1 1
0.876013 0.000137003 12
0.940874 0.267183 3
0.904964 0.0225809 6
0.949521 0.52375 2
0.889942 0.00404509 8
0.907028 0.0232286 6
0.924082 0.1173 4
0.945086 0.279595 3
0.915759 0.0533255 5
0.895825 0.0094566 7
0.909062 0.0492598 5
0.917628 0.110006 4
0.960808 0.563631 2
0.925775 0.236113 3
0.890557 0.00882092 7
0.952407 0.532338 2
0.920501 0.113041 4
0.983968 1 1
0.924722 0.234517 3
0.940374 0.501924 2
0.919291 0.111725 4
0.919315 0.11175 4
0.930609 0.24425 3
0.907219 0.0483021 5
0.988263 1 1
0.912601 0.105373 4
0.950356 0.526138 2
0.912041 0.0509451 5
0.974116 1 1
0.926531 0.237297 3
0.939115 0.262586 3
0.899043 0.0209689 6
0.94167 0.269372 3
0.909147 0.0493054 5
0.882185 0.00164761 9
0.986861 1 1
0.989169 1 1
0.969468 1 1
0.978981 1 1
0.93536 0.253762 3
0.983466 1 1
0.914198 0.0129941 7
0.971971 0.625708 2
0.941407 0.149133 4
0.886317 8.09549e-05 13
0.974278 0.642533 2
0.903667 0.0025043 9
0.979813 0.690251 2
0.909346 0.00582854 8
0.919371 0.0284392 6
0.931289 0.0682031 5
0.926866 0.062931 5
0.93092 0.0677224 5
0.916476 0.0269667 6
0.987581 1 1
0.923728 0.059758 5
0.94808 0.289799 3
0.918 0.0549326 5
0.915234 0.0263888 6
0.924664 0.118047 4
0.919809 0.0563366 5
0.960443 0.562043 2
0.959282 0.557143 2
0.967318 0.596327 2
0.944462 0.27762 3
0.917892 0.0548515 5
0.927254 0.121587 4
0.950493 0.298989 3
0.913667 0.0257018 6
0.951206 0.301885 3
0.914215 0.025937 6
0.921953 0.230573 3
0.894968 0.020033 6
0.880609 0.00160804 9
0.907542 0.0484655 5
0.889116 0.00866522 7
0.979489 1 1
0.928056 0.239781 3
0.972386 1 1
0.960676 0.563054 2
0.883446 0.0036869 8
0.893623 0.0197496 6
0.917748 0.110126 4
0.88072 0.00161075 9
0.922669 0.231559 3
0.880332 0.00160128 9
0.913467 0.0127949 7
0.962075 0.569334 2
0.921594 0.0578272 5
0.886699 0.000175836 12
0.950065 0.297287 3
0.919193 0.0283432 6
0.978981 0.682339 2
0.92281 0.0589064 5
0.942795 0.272585 3
0.914793 0.0261909 6
0.914653 0.0261289 6
0.926044 0.0620583 5
0.902647 0.00504521 8
0.984215 1 1
0.90808 0.0115097 7
0.928912 0.124048 4
0.95021 0.297862 3
0.965293 0.585206 2
0.900969 0.00488231 8
0.974367 0.643211 2
0.901946 0.00497573 8
0.971794 0.624481 2
0.909806 0.0118893 7
0.904056 0.00519124 8
0.955872 0.323143 3
0.950026 0.297136 3
0.948308 0.290629 3
0.94029 0.265622 3
0.969975 0.612399 2
0.948066 0.289747 3
0.896091 0.000229431 12
0.97034 0.61475 2
0.945972 0.162218 4
0.869105 1.72048e-08 23
0.989852 1 1
0.876997 5.68108e-07 19
0.951411 0.181738 4
0.883149 7.33794e-06 16
0.892969 9.9191e-05 13
0.930516 0.0362992 6
0.919777 0.0147563 7
0.914793 0.00667061 8
0.913215 0.00640353 8
0.95768 0.332583 3
0.92259 0.0158384 7
0.961745 0.356672 3
0.921687 0.0297595 6
0.95623 0.324954 3
0.932805 0.0702618 5
0.941088 0.148315 4
0.921868 0.0298684 6
0.960582 0.349343 3
0.931769 0.0688399 5
0.905357 0.00261141 9
0.961625 0.355895 3
0.969919 0.612046 2
0.981555 0.707731 2
0.955827 0.322916 3
0.951989 0.305167 3
0.957696 0.33267 3
0.923402 0.232591 3
0.876358 0.00151065 9
0.871179 0.000278354 11
0.915817 0.108245 4
0.873782 0.000651141 10
0.987868 1 1
0.911913 0.104798 4
0.976685 1 1
0.93976 0.500702 2
0.876543 0.00151463 9
0.888924 0.00864509 7
0.914034 0.106615 4
0.876754 0.00151921 9
0.905418 0.0474226 5
0.874669 0.000660435 10
0.969489 0.609325 2
0.91529 0.0264143 6
0.950133 0.297558 3
0.940172 0.26531 3
0.933583 0.131935 4
0.926436 0.120431 4
0.955573 0.542929 2
0.936756 0.256894 3
0.905353 0.0109634 7
0.957746 0.551001 2
0.969338 0.608386 2
0.988493 1 1
0.955135 0.541384 2
0.946516 0.284311 3
0.955126 0.541354 2
0.946829 0.285382 3
0.873568 2.63229e-05 14
0.939927 0.26467 3
0.940049 0.264987 3
0.900047 0.0100578 7
0.884222 0.000779922 10
0.904662 0.0108345 7
0.894735 0.00436611 8
0.854575 2.18508e-08 22
0.957211 0.548947 2
0.967529 0.597536 2
0.951392 0.529208 2
0.975665 0.653464 2
0.897499 0.00457929 8
0.96492 0.583258 2
0.94984 0.524654 2
0.884926 0.00376199 8
0.951935 0.530867 2
0.936858 0.257129 3
0.911908 0.104794 4
0.888518 0.00860273 7
0.915382 0.107838 4
0.899063 0.020974 6
0.862333 2.02883e-05 14
0.969563 1 1
0.979664 1 1
0.95908 0.556313 2
0.988045 1 1
0.90846 0.0489402 5
0.977026 1 1
0.938753 0.142646 4
0.946227 0.163031 4
0.953576 0.312158 3
0.910099 0.00593237 8
0.961086 0.352474 3
0.917332 0.0139272 7
0.983736 0.731529 2
0.925136 0.0319995 6
0.917073 0.0138448 7
0.949257 0.294166 3
0.949281 0.294258 3
0.95627 0.325159 3
0.937067 0.138893 4
0.976785 0.662767 2
0.942574 0.152234 4
0.887729 0.0085219 7
0.918638 0.111037 4
0.873334 0.000646553 10
0.86724 0.000260368 11
0.898703 0.0445597 5
0.9282 0.240021 3
0.929851 0.24288 3
0.924148 0.233668 3
0.985698 1 1
0.869702 0.000271354 11
0.873782 0.000651141 10
0.891969 0.0194164 6
0.861191 4.52093e-05 13
0.931077 0.245114 3
0.864311 0.000109153 12
0.921655 0.0297401 6
0.899892 0.00110473 10
0.883359 1.59427e-05 15
0.90575 0.00263757 9
0.893306 0.000210898 12
0.975042 0.648475 2
0.932324 0.0695936 5
0.969571 0.60984 2
0.965066 0.584019 2
0.885548 1.71591e-05 15
0.895118 0.000222658 12
0.9188 0.0144134 7
0.882096 7.06948e-06 16
0.92725 0.0335597 6
0.882135 7.07922e-06 16
0.892969 0.00198626 9
0.952558 0.532813 2
0.953683 0.53645 2
0.867023 4.43955e-06 16
0.979539 1 1
0.866333 4.35721e-06 16
0.938721 0.261599 3
0.873293 2.61415e-05 14
0.877628 0.000141844 12
0.936537 0.256391 3
0.922714 0.115605 4
0.912371 0.0251661 6
0.918829 0.0555637 5
0.943072 0.2734 3
0.928964 0.124129 4
0.936464 0.256225 3
0.943316 0.274122 3
0.966873 0.593799 2
0.908359 0.0488872 5
0.966478 0.591599 2
0.906476 0.0479331 5
0.971266 1 1
0.91484 0.052706 5
0.90438 0.0224064 6
0.960525 0.5624 2
0.956779 0.547324 2
0.956113 0.544869 2
0.946098 0.514715 2
0.966976 0.594382 2
0.953094 0.534526 2
0.950463 0.298866 3
0.897149 0.00216075 9
0.964151 0.579332 2
0.931859 0.128848 4
0.924572 0.0605702 5
0.892525 0.000924867 10
0.926788 0.0628468 5
0.902954 0.00507631 8
0.870538 2.19807e-06 17
0.981978 1 1
0.991245 1 1
0.964831 0.582797 2
0.993965 1 1
0.920206 0.0566591 5
0.987758 1 1
0.893115 0.00199186 9
0.907866 0.0235066 6
0.870375 1.08856e-05 15
0.874674 5.99997e-05 13
0.891382 0.00192741 9
0.940456 0.266061 3
0.925803 0.119561 4
0.934854 0.252667 3
0.995109 1 1
0.86858 1.03902e-05 15
0.874518 5.97839e-05 13
0.894768 0.00436856 8
0.861716 7.47944e-07 18
0.925086 0.1186 4
0.86381 1.80059e-06 17
0.94056 0.266339 3
0.933863 0.132458 4
0.975157 0.649388 2
0.913235 0.0255197 6
0.959942 0.5599 2
0.90314 0.0050953 8
0.961362 0.566088 2
0.912175 0.0250872 6
0.896338 0.00212445 9
0.971127 0.619941 2
0.966636 0.592478 2
0.961051 0.564702 2
0.956493 0.546263 2
0.956435 0.546047 2
0.963693 0.577055 2
0.952577 0.307701 3
0.925183 0.0611765 5
0.967794 0.599074 2
0.924875 0.0608692 5
0.948547 0.291504 3
0.911095 0.0121916 7
0.958946 0.555767 2
0.920735 0.057096 5
0.89828 0.00221346 9
0.9712 0.620436 2
0.974167 0.641684 2
0.973347 0.635543 2
0.961376 0.566153 2
0.951899 0.304785 3
0.965751 0.587643 2
0.884389 0.00373432 8
0.925383 0.235513 3
0.875247 0.00066662 10
0.862817 4.6654e-05 13
0.903261 0.0464365 5
0.920634 0.113189 4
0.931716 0.246318 3
0.917441 0.109818 4
0.976243 1 1
0.870476 0.00027498 11
0.873367 0.000646887 10
0.890136 0.00877471 7
0.86099 1.97178e-05 14
0.934232 0.251348 3
0.86473 4.84526e-05 13
0.915767 0.0266331 6
0.892357 0.000434067 11
0.875273 5.64388e-06 16
0.901945 0.00497565 8
0.885057 7.81226e-05 13
0.975019 0.648293 2
0.923661 0.0596947 5
0.966614 0.592355 2
0.963316 0.575209 2
0.877772 1.33862e-05 15
0.887691 0.00018043 12
0.911575 0.0123088 7
0.87485 5.57026e-06 16
0.918803 0.0281354 6
0.874574 5.52323e-06 16
0.909764 0.0496411 5
0.903416 0.0221262 6
0.877976 0.000315371 11
0.89276 0.004227 8
0.892697 0.00422272 8
0.9611 0.564919 2
0.930551 0.244143 3
0.955215 0.541664 2
0.979004 1 1
0.878475 0.00031845 11
0.886542 0.00176863 9
0.908901 0.0491732 5
0.873535 0.000130125 12
0.927206 0.121519 4
0.874456 0.000132608 12
0.895083 0.000466228 11
0.97901 0.682615 2
0.915112 0.0132526 7
0.868377 1.84249e-07 20
0.953084 0.309942 3
0.899976 0.00229757 9
0.962267 0.570222 2
0.902918 0.00245949 9
0.931563 0.0685645 5
0.90509 0.00530425 8
0.901682 0.00238884 9
0.909064 0.00579055 8
0.89103 0.000197553 12
0.971521 0.622609 2
0.8978 0.00104735 10
0.91683 0.0137686 7
0.946156 0.162804 4
0.974567 0.644757 2
0.890361 4.31024e-05 14
0.979019 0.682701 2
0.884756 7.77836e-06 16
0.953835 0.313345 3
0.892753 9.8498e-05 13
0.887643 1.84626e-05 15
0.958897 0.339355 3
0.946725 0.164646 4
0.936821 0.0764525 5
0.940966 0.148003 4
0.954264 0.315337 3
0.950745 0.3 3
0.878823 0.00347293 8
0.949615 0.524015 2
0.886174 0.00836816 7
0.854425 1.72564e-05 14
0.921469 0.22992 3
0.900934 0.0454457 5
0.938845 0.498927 2
0.900449 0.0452478 5
0.948439 0.520768 2
0.87802 0.00343858 8
0.87716 0.0034026 8
0.888969 0.0188514 6
0.865763 0.000254155 11
0.945267 0.512688 2
0.871329 0.00141012 9
0.908781 0.102331 4
0.852427 7.15986e-06 15
0.851011 6.95133e-06 15
0.909105 0.102576 4
0.850623 6.89563e-06 15
0.962804 1 1
0.887512 0.0185935 6
0.954627 0.539624 2
0.917949 0.225463 3
0.857861 4.2465e-05 13
0.871368 0.00141084 9
0.895955 0.0435447 5
0.860244 0.000101669 12
0.88092 0.00789634 7
0.856938 4.17507e-05 13
0.872953 4.85516e-07 19
0.922785 0.0304345 6
0.867303 3.54419e-08 22
0.851393 1.06415e-11 0
0.897805 0.00104748 10
0.908837 0.00576037 8
0.922583 0.0303079 6
0.90536 0.00261162 9
0.965 0.583671 2
0.861589 2.44377e-09 25
0.863548 6.00876e-09 24
0.879246 6.41347e-06 16
0.851491 1.06955e-11 0
0.926252 0.0622761 5
0.855643 6.93401e-11 29
0.917063 0.0542431 5
0.927358 0.121736 4
0.897944 0.00461581 8
0.89482 0.00205979 9
0.916456 0.0538103 5
0.948532 0.291448 3
0.954281 0.538448 2
0.948264 0.290467 3
0.973523 0.636841 2
0.896237 0.0044791 8
0.901895 0.0103522 7
0.921564 0.0578007 5
0.888753 0.000852967 10
0.951873 0.304674 3
0.891221 0.000898698 10
0.981369 1 1
0.897733 0.00971694 7
0.92248 0.115324 4
0.956834 0.547527 2
0.909737 0.0496257 5
0.949327 0.523209 2
0.940598 0.266441 3
0.960595 0.562704 2
0.91287 0.0514475 5
0.931692 0.246274 3
0.946613 0.284643 3
0.973347 0.635543 2
0.934165 0.251209 3
0.931068 0.245098 3
0.930963 0.244903 3
0.933074 0.248975 3
0.936122 0.25545 3
0.98069 1 1
0.906365 0.0478786 5
0.965021 1 1
0.895927 0.0202423 6
0.957697 0.55081 2
0.904741 0.0471058 5
0.891601 0.00893817 7
0.971496 1 1
0.962664 0.572086 2
0.953477 0.53577 2
0.954689 0.539839 2
0.954405 0.538869 2
0.96336 0.575424 2
0.976478 0.66017 2
0.875605 2.77344e-05 14
0.904983 0.0108939 7
0.975361 0.651009 2
0.88794 0.000838884 10
0.94639 0.283886 3
0.91745 0.0545249 5
0.956487 0.546239 2
0.898684 0.00467804 8
0.916781 0.0540412 5
0.933581 0.131931 4
0.956666 0.546902 2
0.923876 0.0598987 5
0.908174 0.0115297 7
0.918067 0.0549828 5
0.906164 0.0229514 6
0.893993 0.00431265 8
0.870357 2.43263e-05 14
0.891416 0.00413792 8
0.883638 0.000771399 10
0.963283 0.575046 2
0.921406 0.114064 4
0.955183 0.541553 2
0.972524 0.629592 2
0.871621 5.59965e-05 13
0.88046 0.000331287 11
0.903459 0.0221386 6
0.867601 1.01349e-05 15
0.917767 0.0547583 5
0.867974 1.02309e-05 15
0.954646 0.317148 3
0.923971 0.031203 6
0.928861 0.0651835 5
0.927851 0.0340322 6
0.930455 0.0671292 5
0.947879 0.168523 4
0.967884 0.5996 2
0.956264 0.325128 3
0.933568 0.0713527 5
0.931455 0.0684222 5
0.940161 0.145996 4
0.961905 0.35771 3
0.926353 0.0328791 6
0.958477 0.336977 3
0.927475 0.0337349 6
0.900197 0.00111357 10
0.94478 0.158544 4
0.964639 0.58181 2
0.874673 5.18391e-07 19
0.976382 0.659368 2
0.86894 8.44867e-08 21
0.939334 0.144002 4
0.876529 1.22046e-06 18
0.875698 1.18362e-06 18
0.94713 0.165982 4
0.932401 0.0696992 5
0.919886 0.0287211 6
0.92929 0.0656928 5
0.94194 0.15053 4
0.939633 0.144716 4
0.896527 0.00450166 8
0.986233 1 1
0.921821 0.114545 4
0.869435 1.06216e-05 15
0.961419 0.566344 2
0.896374 0.00448973 8
0.964043 0.578793 2
0.900095 0.0100652 7
0.924351 0.117644 4
0.910882 0.0245843 6
0.906283 0.0229889 6
0.911658 0.0507185 5
0.896134 0.00447111 8
0.9739 0.639665 2
0.903393 0.0106068 7
0.936921 0.138581 4
0.854779 6.64232e-11 29
0.870257 1.97857e-07 20
0.944405 0.157427 4
0.860389 2.31646e-09 25
0.957793 0.333198 3
0.89451 0.000459117 11
0.959812 0.344691 3
0.90139 0.0023727 9
0.880257 6.6352e-06 16
0.895895 0.000476648 11
0.919614 0.0285714 6
0.886098 8.04497e-05 13
0.886221 8.07314e-05 13
0.880904 1.4732e-05 15
0.95572 0.543453 2
0.890387 0.00880212 7
0.954803 0.540232 2
0.939797 0.500774 2
0.916641 0.109032 4
0.894902 0.0200189 6
0.922159 0.230855 3
0.905496 0.0474596 5
0.869154 0.000268835 11
0.972407 1 1
0.986318 1 1
0.966478 1 1
0.988178 1 1
0.914975 0.107463 4
0.978465 1 1
43 0 1 2 3 4 5 6 10 11 12 13 14 15 16 17 18 19 20 23 24 25 26 27 29 30 31 32 33 34 35 36 37 38 39 40 41 42 43 44 45 46 47 48 
0 
46 0 1 2 3 4 5 6 7 8 9 10 11 12 13 14 15 16 17 18 19 20 23 24 25 26 27 29 30 31 32 33 34 35 36 37 38 39 40 41 42 43 44 45 46 47 48 
49 0 1 2 3 4 5 6 7 8 9 10 11 12 13 14 15 16 17 18 19 20 21 22 23 24 25 26 27 28 29 30 31 32 33 34 35 36 37 38 40 41 42 43 44 45 46 47 48 49 
17 1 4 5 6 10 12 15 17 24 26 29 32 35 37 39 40 47 
37 0 1 2 3 4 5 6 10 12 13 14 15 16 17 18 20 23 24 25 26 27 29 30 31 32 33 34 35 36 37 39 40 42 44 45 46 47 
18 1 4 5 6 10 12 15 17 24 26 29 32 35 37 39 40 46 47 
39 0 1 2 3 4 5 6 10 11 12 13 14 15 16 17 18 19 20 23 24 25 26 27 29 30 31 32 33 34 35 36 37 39 40 42 44 45 46 47 
17 1 4 5 6 10 12 15 17 24 26 32 35 36 37 39 46 47 
32 0 1 4 5 6 10 12 13 15 16 17 23 24 25 26 27 29 30 31 32 33 34 35 36 37 39 40 42 44 45 46 47 
41 0 1 2 3 4 5 6 10 11 12 13 14 15 16 17 18 19 20 23 24 25 26 27 29 30 31 32 33 34 35 36 37 38 39 40 41 42 44 45 46 47 
41 0 1 2 3 4 5 6 10 11 12 13 14 15 16 17 18 19 20 23 24 25 26 27 29 30 31 32 33 34 35 36 37 38 39 40 41 42 44 45 46 47 
43 0 1 2 3 4 5 6 10 11 12 13 14 15 16 17 18 19 20 23 24 25 26 27 28 29 30 31 32 33 34 35 36 37 38 40 41 42 43 44 45 46 47 48 
16 1 4 5 6 10 12 15 17 24 26 29 32 35 37 39 47 
47 0 1 2 3 4 5 6 7 8 9 10 11 12 13 14 15 16 17 18 19 20 23 24 25 26 27 28 29 30 31 32 33 34 35 36 37 38 39 40 41 42 43 44 45 46 47 48 
