60 15 8e+06
1.20832 121099
2.85952 152690
1.92969 139511
1.72112 142837
1.29077 195339
2.51093 158183
1.55751 109083
1.61875 163936
2.11951 112774
1.55118 170559
1.47457 178931
1.56704 156533
1.08701 191366
2.15108 139663
2.3665 106410
1.53376 159182
1.11966 137394
1.84628 136046
2.23292 125715
2.93576 175060
1.00742 108736
1.90015 127759
1.35893 141229
1.61914 121740
1.57436 173632
2.45934 193068
1.94226 197309
2.06689 164178
1.10417 114394
1.34617 180324
1.88081 171651
2.09257 176511
2.50396 198360
1.66562 167479
2.5864 129007
2.03179 118266
1.43784 179033
1.45053 189300
1.73016 134694
2.42908 113309
2.42125 175205
1.71125 126349
1.1082 110976
1.24838 178048
1.95522 191104
1.66095 155867
1.57822 181648
1.13008 161754
1.20257 108768
1.16703 115965
2.0567 199807
1.35508 132825
1.1157 159652
1.77859 191004
1.68472 114695
2.0576 159186
1.74747 141572
1.7617 195396
2.94153 111757
1.58168 159016
0.944263 0.15701 4
0.939057 0.143351 4
0.978501 0.677903 2
0.918857 0.028164 6
0.932567 0.0699293 5
0.937021 0.138794 4
0.881395 1.49625e-05 15
0.868173 8.19404e-08 21
0.927994 0.0641808 5
0.96507 0.584036 2
0.946868 0.285517 3
0.927439 0.0635578 5
0.928246 0.0644678 5
0.879247 6.41368e-06 16
0.937005 0.13876 4
0.915403 0.0264658 6
0.894455 0.00204487 9
0.913363 0.0255733 6
0.867559 2.00726e-06 17
0.937505 0.139841 4
0.924921 0.0609151 5
0.874039 1.20215e-05 15
0.87624 2.81998e-05 14
0.877426 2.91045e-05 14
0.93373 0.132208 4
0.980195 1 1
0.886182 0.000374351 11
0.872703 1.15862e-05 15
0.913913 0.0258066 6
0.88888 0.000855212 10
0.962769 0.572583 2
0.944554 0.510999 2
0.956859 0.547622 2
0.916571 0.108964 4
0.961883 0.568451 2
0.963069 0.574015 2
0.903917 0.0222706 6
0.893883 0.00920899 7
0.926992 0.121213 4
0.985784 1 1
0.965254 0.585002 2
0.93497 0.252916 3
0.921588 0.114274 4
0.9068 0.0480929 5
0.939012 0.262326 3
0.996513 1 1
0.972393 1 1
0.949395 0.523399 2
0.941075 0.503355 2
0.96246 1 1
0.979133 1 1
0.929588 0.242414 3
0.911557 0.104505 4
0.951596 0.529828 2
0.978707 1 1
0.93545 0.492806 2
0.965938 1 1
0.941251 0.503718 2
0.905669 0.0475423 5
0.964559 1 1
0.935277 0.135191 4
0.937287 0.139368 4
0.891867 0.00091149 10
0.929406 0.124814 4
0.917941 0.0276889 6
0.931278 0.127857 4
0.964535 0.581279 2
0.932015 0.129119 4
0.931573 0.128357 4
0.912629 0.0252702 6
0.877751 2.93611e-05 14
0.94805 0.289691 3
0.917867 0.027651 6
0.889066 0.000400224 11
0.933973 0.132664 4
0.904694 0.0224996 6
0.879835 0.000720136 10
0.868727 5.26027e-05 13
0.852449 2.49835e-07 19
0.937887 0.259559 3
0.922524 0.115377 4
0.911303 0.0505109 5
0.932352 0.247547 3
0.861235 8.69139e-06 15
0.904234 0.0223632 6
0.920895 0.113483 4
0.87842 0.00070275 10
0.850618 1.02386e-07 20
0.991605 1 1
0.872408 0.000127198 12
0.924245 0.0313866 6
0.899299 0.000525093 11
0.884082 7.58895e-06 16
0.871691 4.27971e-08 22
0.956262 0.325117 3
0.942325 0.151558 4
0.93027 0.0668964 5
0.946558 0.164101 4
0.880487 3.08037e-06 17
0.920949 0.0151892 7
0.928372 0.0344532 6
0.898417 0.000511745 11
0.869259 1.73248e-08 23
0.981487 0.707019 2
0.891696 9.52104e-05 13
0.9241 0.0601121 5
0.898224 0.00105852 10
0.892379 0.00043431 11
0.869463 4.27399e-07 19
0.959408 0.342308 3
0.941802 0.150164 4
0.91257 0.0125594 7
0.924337 0.0603407 5
0.878953 1.38702e-05 15
0.92777 0.063928 5
0.947382 0.287304 3
0.894842 0.000975118 10
0.869281 4.24642e-07 19
0.968625 0.604011 2
0.890808 0.000417512 11
0.905405 0.0474164 5
0.880225 0.00353481 8
0.880672 0.00355506 8
0.851879 3.05247e-06 16
0.939513 0.500217 2
0.921953 0.230573 3
0.8915 0.0193249 6
0.90548 0.047452 5
0.861402 4.53921e-05 13
0.912775 0.105521 4
0.94392 0.509533 2
0.875909 0.00150109 9
0.852815 3.11825e-06 16
0.958371 0.553454 2
0.873165 0.000644836 10
0.947028 0.28607 3
0.962828 0.572863 2
0.915918 0.0534351 5
0.963272 0.574996 2
0.91728 0.0544006 5
0.934277 0.133241 4
0.936116 0.136891 4
0.905529 0.0109969 7
0.964159 0.579372 2
0.926289 0.120227 4
0.884329 0.000359304 11
0.974968 0.647892 2
0.950734 0.299958 3
0.874342 2.68451e-05 14
0.962832 0.572883 2
0.950713 0.527183 2
0.947142 0.517348 2
0.984313 1 1
0.92673 0.237614 3
0.935137 0.253276 3
0.941612 0.504474 2
0.886986 0.00387258 8
0.872325 0.000284019 11
0.936039 0.255264 3
0.969772 1 1
0.943377 0.508305 2
0.935382 0.253809 3
0.935888 0.254927 3
0.880176 0.00159751 9
0.945182 0.512486 2
0.915111 0.107587 4
0.900741 0.0453663 5
0.865891 0.000254685 11
0.881893 0.00361176 8
0.923617 0.232899 3
0.924923 0.234816 3
0.974551 1 1
0.987795 1 1
0.887292 0.00847795 7
0.898122 0.0443384 5
0.881861 0.00361021 8
0.906777 0.100874 4
0.873762 0.00145698 9
0.92921 0.24175 3
0.894495 0.0199321 6
0.921159 0.113781 4
0.904251 0.0223684 6
0.931613 0.246123 3
0.879322 0.000323814 11
0.933503 0.249843 3
0.925775 0.119522 4
0.870327 5.44343e-05 13
0.867401 2.26984e-05 14
0.888991 0.00398767 8
0.942903 0.2729 3
0.977046 1 1
0.894528 0.00928945 7
0.886281 0.00176086 9
0.89728 0.00965342 7
0.899751 0.0100126 7
0.984501 1 1
0.983144 1 1
0.942637 0.272124 3
0.953454 0.535696 2
0.949762 0.296104 3
0.967794 0.599074 2
0.935493 0.254053 3
0.912365 0.0251637 6
0.963215 0.574717 2
0.962934 0.573366 2
0.919538 0.0561198 5
0.981562 1 1
0.950349 0.298413 3
0.897206 0.00455554 8
0.975021 0.648311 2
0.937537 0.258722 3
0.921391 0.114047 4
0.887148 0.00388158 8
0.899754 0.0211454 6
0.944319 0.510452 2
0.947467 0.518189 2
0.98271 1 1
0.974132 1 1
0.906231 0.0478131 5
0.920135 0.112637 4
0.900638 0.021371 6
0.926398 0.237087 3
0.892602 0.00905447 7
0.933895 0.250648 3
0.914601 0.107122 4
0.965049 0.379619 3
0.992374 1 1
0.952295 0.185391 4
0.973971 0.640199 2
0.929594 0.0354825 6
0.94649 0.16388 4
0.916035 0.00689579 8
0.891138 4.42731e-05 14
0.985107 0.747655 2
0.953376 0.311252 3
0.9081 0.00280476 9
0.984435 0.73964 2
0.973891 0.639593 2
0.876006 2.49438e-07 20
0.998389 1 1
0.909499 0.00584938 8
0.884908 3.61026e-05 14
0.871025 4.52103e-07 19
0.857782 9.08581e-10 26
0.941643 0.149747 4
0.92733 0.0634379 5
0.919778 0.0286613 6
0.941161 0.148501 4
0.866406 7.64696e-08 21
0.907125 0.00554233 8
0.91943 0.0284711 6
0.884123 3.52455e-05 14
0.855352 1.56129e-10 28
0.997442 1 1
0.877427 6.04219e-06 16
0.935078 0.073625 5
0.920168 0.0148982 7
0.948875 0.172037 4
0.895583 0.000225854 12
0.940387 0.146552 4
0.93653 0.0759646 5
0.87911 1.34619e-06 18
0.872488 9.78095e-08 21
0.905325 0.00128394 10
0.958056 0.334637 3
0.973286 0.635099 2
0.909863 0.00294348 9
0.902927 0.00119887 10
0.895238 0.000223476 12
0.916 0.00688928 8
0.98047 1 1
0.991252 1 1
0.94978 0.524484 2
0.959538 0.558203 2
0.944405 0.510652 2
0.961857 0.568333 2
0.927105 0.238217 3
0.903918 0.0467295 5
0.970047 1 1
0.963925 0.578202 2
0.918696 0.111097 4
0.983921 1 1
0.958162 0.552626 2
0.890395 0.00880305 7
0.982892 1 1
0.926458 0.237181 3
0.901146 0.0215037 6
0.887385 0.00389486 8
0.87317 0.000288329 11
0.959512 0.558096 2
0.944687 0.511311 2
0.928271 0.240142 3
0.94284 0.507113 2
0.882142 0.00164649 9
0.924264 0.117532 4
0.932938 0.248704 3
0.899771 0.0211497 6
0.871152 0.000124069 12
0.978891 1 1
0.893533 0.00916617 7
0.960367 0.561715 2
0.941561 0.269068 3
0.954469 0.539084 2
0.913567 0.0256592 6
0.962345 0.570589 2
0.96198 0.568897 2
0.90284 0.0105111 7
0.893698 0.00201458 9
0.92396 0.117145 4
0.982809 1 1
0.968443 0.602917 2
0.932127 0.129313 4
0.918559 0.0553556 5
0.908284 0.0236483 6
0.935968 0.255105 3
0.950385 0.298554 3
0.965565 0.586647 2
0.977791 0.671513 2
0.957019 0.329047 3
0.920547 0.0290927 6
0.933728 0.132206 4
0.891287 0.000422503 11
0.869962 4.35079e-07 19
0.96464 0.581816 2
0.953982 0.314025 3
0.914028 0.0129471 7
0.954719 0.317494 3
0.968462 0.603033 2
0.864708 7.16748e-08 21
0.968737 0.604693 2
0.902836 0.0219624 6
0.889525 0.00186305 9
0.924395 0.117699 4
0.86764 1.01449e-05 15
0.91141 0.050573 5
0.90513 0.0226311 6
0.850191 8.12737e-09 23
0.846571 1.32188e-09 25
0.876628 0.00013881 12
0.925059 0.118565 4
0.953669 0.536404 2
0.879197 0.000323013 11
0.876171 0.000137464 12
0.876834 0.000139426 12
0.886172 0.00175762 9
0.957986 0.551935 2
0.950818 0.300299 3
0.90889 0.0238582 6
0.93172 0.128608 4
0.943406 0.274393 3
0.956852 0.547596 2
0.969619 0.610141 2
0.940985 0.267486 3
0.9377 0.259108 3
0.935348 0.253734 3
0.901914 0.0103554 7
0.958216 0.55284 2
0.923395 0.116438 4
0.908554 0.0237413 6
0.944839 0.278806 3
0.948404 0.520675 2
0.923187 0.116181 4
0.904038 0.0223058 6
0.894947 0.00438164 8
0.976788 1 1
0.96658 0.592165 2
0.944691 0.27834 3
0.948119 0.519908 2
0.903954 0.0222814 6
0.941759 0.269621 3
0.935778 0.254681 3
0.922362 0.115184 4
0.892297 0.00419583 8
0.956023 0.544545 2
0.915385 0.0530707 5
0.959416 0.557696 2
0.947661 0.518697 2
0.9086 0.0490138 5
0.926038 0.119881 4
0.949878 0.524763 2
0.961788 0.568017 2
0.971919 1 1
0.946513 0.515749 2
0.932752 0.248333 3
0.937822 0.259402 3
0.907104 0.0482445 5
0.953489 0.535811 2
0.918685 0.111086 4
0.916319 0.108721 4
0.941015 0.267567 3
0.914222 0.0523007 5
0.89781 0.00972778 7
0.926758 0.120881 4
0.873467 0.000129945 12
0.926793 0.12093 4
0.918789 0.111195 4
0.863919 9.25817e-06 15
0.861569 3.84762e-06 16
0.882987 0.00166855 9
0.935924 0.255008 3
0.970959 0.618824 2
0.888031 0.00393159 8
0.88072 0.000731447 10
0.89297 0.00909814 7
0.893508 0.00916307 7
0.91385 0.0128984 7
0.889652 0.00019016 12
0.873135 1.0797e-06 18
0.862857 5.83017e-09 24
0.944527 0.157788 4
0.931521 0.0685091 5
0.927797 0.0639577 5
0.949319 0.294403 3
0.871305 4.56735e-07 19
0.909597 0.00586269 8
0.917687 0.0275601 6
0.889491 0.000189328 12
0.859854 9.98338e-10 26
0.989561 1 1
0.882145 1.53252e-05 15
0.946879 0.516677 2
0.921729 0.114438 4
0.902652 0.0219111 6
0.893573 0.00428304 8
0.975477 1 1
0.965024 0.583798 2
0.944462 0.27762 3
0.948826 0.52182 2
0.902546 0.0218818 6
0.940334 0.265738 3
0.935132 0.253266 3
0.920969 0.113566 4
0.890883 0.00410381 8
0.957507 0.550079 2
0.913941 0.0521199 5
0.929171 0.124447 4
0.916959 0.0271998 6
0.879347 3.06754e-05 14
0.898798 0.0022385 9
0.931202 0.127729 4
0.936326 0.137327 4
0.993302 1 1
0.972627 0.630325 2
0.904048 0.00519038 8
0.910057 0.011947 7
0.887904 0.000389417 11
0.923726 0.059756 5
0.89023 0.000411628 11
0.922236 0.0583897 5
0.910906 0.0121462 7
0.965583 1 1
0.955142 0.541407 2
0.915143 0.107617 4
0.932852 0.248531 3
0.95084 0.527557 2
0.964941 0.583368 2
0.964662 0.581926 2
0.939246 0.499698 2
0.939896 0.50097 2
0.943068 0.507618 2
0.909499 0.102876 4
0.960825 0.563709 2
0.925783 0.236127 3
0.912164 0.105006 4
0.948423 0.520724 2
0.969785 0.611192 2
0.953056 0.309816 3
0.961525 0.566823 2
0.924847 0.0608413 5
0.960806 0.563625 2
0.966241 0.590294 2
0.907786 0.0114478 7
0.895381 0.00208323 9
0.935374 0.135384 4
0.993858 1 1
0.956683 0.546965 2
0.943195 0.273762 3
0.929664 0.12522 4
0.903644 0.00514768 8
0.94752 0.287792 3
0.937908 0.140732 4
0.924031 0.0600459 5
0.887489 0.000385681 11
0.903905 0.0051752 8
0.94043 0.265992 3
0.945736 0.281705 3
0.98986 1 1
0.969849 0.611598 2
0.909877 0.0119055 7
0.91906 0.0557431 5
0.896651 0.00213831 9
0.929986 0.125733 4
0.896056 0.00211215 9
0.926675 0.0627254 5
0.91757 0.0275015 6
0.921855 0.0155414 7
0.896908 0.000235389 12
0.882215 3.28661e-06 17
0.869326 7.8299e-09 24
0.95411 0.314618 3
0.93992 0.0820824 5
0.92809 0.034224 6
0.945203 0.159825 4
0.87812 5.94588e-07 19
0.918945 0.0144634 7
0.927648 0.0338712 6
0.895962 0.000228512 12
0.866965 3.14155e-09 25
0.984072 0.735395 2
0.889326 4.16165e-05 14
0.960304 0.561445 2
0.973395 0.635899 2
0.975839 0.654882 2
0.957471 0.549942 2
0.929697 0.125271 4
0.943385 0.274328 3
0.899915 0.0047857 8
0.878898 6.64096e-05 13
0.966898 0.593944 2
0.962488 0.571256 2
0.920023 0.0565098 5
0.961627 0.567282 2
0.966196 0.590048 2
0.873399 1.18099e-05 15
0.974552 0.64464 2
0.937903 0.0783255 5
0.926931 0.0333143 6
0.961028 0.352106 3
0.904256 0.00124474 10
0.935841 0.0748343 5
0.935585 0.0744241 5
0.878212 1.30041e-06 18
0.868724 1.69116e-08 23
0.913721 0.00648699 8
0.961034 0.352146 3
0.96109 0.352498 3
0.915936 0.0134948 7
0.912649 0.00631277 8
0.886706 1.78615e-05 15
0.923675 0.0310075 6
0.938663 0.142438 4
0.912923 0.0253907 6
0.898515 0.00222475 9
0.884423 0.000166032 12
0.971909 0.625272 2
0.957145 0.329714 3
0.933778 0.132298 4
0.942462 0.271619 3
0.893603 0.000947616 10
0.93601 0.136674 4
0.939676 0.144817 4
0.911215 0.0122208 7
0.882591 7.30411e-05 13
0.966192 0.590027 2
0.905217 0.00531855 8
0.92181 0.114532 4
0.907055 0.0232374 6
0.872233 5.67612e-05 13
0.887507 0.00179804 9
0.929802 0.125439 4
0.931605 0.246108 3
0.979664 1 1
0.986134 1 1
0.893179 0.00425566 8
0.904648 0.0224858 6
0.887435 0.0017958 9
0.912881 0.0514546 5
0.879591 0.000325553 11
0.931112 0.127578 4
0.900672 0.010155 7
0.928799 0.24104 3
0.908547 0.048986 5
0.880478 0.00160484 9
0.884515 0.00374078 8
0.946761 0.516376 2
0.943084 0.507652 2
0.962818 0.572817 2
0.979219 1 1
0.891816 0.00896285 7
0.915952 0.108372 4
0.90608 0.0477399 5
0.911574 0.104519 4
0.878837 0.00156589 9
0.953413 0.535561 2
0.901303 0.0455977 5
0.902183 0.0459684 5
0.888062 0.0085558 7
0.921683 0.230209 3
0.865665 0.000111853 12
0.912238 0.105068 4
0.905234 0.047336 5
0.850621 5.5049e-07 18
0.847759 2.1943e-07 19
0.874747 0.000661258 10
0.924223 0.233778 3
0.955357 0.542162 2
0.877896 0.00154443 9
0.873915 0.000652525 10
0.879229 0.00157501 9
0.884491 0.00373954 8
0.90891 0.00286699 9
0.883468 7.42226e-06 16
0.878227 1.30115e-06 18
0.855241 1.30339e-11 0
0.943612 0.155125 4
0.926454 0.032954 6
0.903127 0.0012056 10
0.919441 0.0146365 7
0.864522 2.79589e-09 25
0.912589 0.0063032 8
0.936166 0.075363 5
0.880417 3.07246e-06 17
0.854903 1.27989e-11 0
0.974042 0.640737 2
0.876147 5.49161e-07 19
0.929518 0.12499 4
0.907223 0.0232924 6
0.92128 0.113919 4
0.879269 0.000147084 12
0.952752 0.53343 2
0.939927 0.26467 3
0.888063 0.00181548 9
0.889039 0.00184695 9
0.889334 0.0018567 9
0.946676 0.284855 3
0.991941 1 1
0.899363 0.00995404 7
0.883582 0.000770584 10
0.922865 0.115788 4
0.901189 0.0102373 7
0.951989 0.531033 2
0.954672 0.539781 2
0.908676 0.102253 4
0.942714 0.506837 2
0.930081 0.243292 3
0.945376 0.51295 2
0.958893 0.55555 2
0.927695 0.239181 3
0.946669 0.516142 2
0.928967 0.241329 3
0.891438 0.0193129 6
0.96511 1 1
0.932317 0.487735 2
0.893001 0.0196225 6
0.950707 0.527166 2
0.953165 0.310304 3
0.933018 0.1309 4
0.902567 0.002439 9
0.907726 0.00561691 8
0.9624 0.570842 2
0.965473 0.586159 2
0.967796 0.599088 2
0.95915 0.340809 3
0.915559 0.0265372 6
0.937386 0.139581 4
0.917636 0.0275345 6
0.935707 0.136054 4
0.902382 0.00242833 9
0.9383 0.141611 4
0.925538 0.0615369 5
0.967188 1 1
0.983704 1 1
0.966211 1 1
0.962897 1 1
0.933776 0.250402 3
0.949034 0.522394 2
0.908839 0.102375 4
0.886682 0.00841759 7
0.973468 1 1
0.963244 1 1
0.918346 0.225941 3
0.971673 1 1
0.968365 1 1
0.8779 0.00343353 8
0.983757 1 1
0.94068 0.147282 4
0.924722 0.0317114 6
0.950249 0.298015 3
0.899242 0.00108629 10
0.946243 0.28339 3
0.942535 0.152128 4
0.884757 3.59356e-05 14
0.877912 6.1379e-06 16
0.909168 0.00580449 8
0.963598 0.576584 2
0.975657 0.653394 2
0.914611 0.0131095 7
0.906051 0.00541398 8
0.899526 0.00109426 10
0.920198 0.0288949 6
0.936111 0.255426 3
0.910197 0.049881 5
0.908484 0.023717 6
0.880884 0.000334152 11
0.970551 0.616125 2
0.952602 0.532954 2
0.911305 0.0505118 5
0.916796 0.0540518 5
0.890767 0.00409642 8
0.943399 0.274372 3
0.963953 0.578341 2
0.905337 0.0226942 6
0.88193 0.000747506 10
0.951607 0.52986 2
0.902944 0.0219928 6
0.90618 0.00131682 10
0.882356 3.30424e-06 17
0.865659 1.3194e-09 26
0.856001 1.35825e-11 0
0.936427 0.0757924 5
0.923633 0.0162792 7
0.923633 0.0162791 7
0.947944 0.168747 4
0.864271 5.49366e-10 27
0.9018 0.000566368 11
0.910987 0.00303849 9
0.882469 3.3185e-06 17
0.852791 1.14428e-11 0
0.99028 1 1
0.87492 1.08668e-07 21
0.956981 0.548081 2
0.969489 0.609325 2
0.921701 0.114405 4
0.960818 0.563678 2
0.927317 0.121678 4
0.944504 0.277752 3
0.941327 0.26842 3
0.911694 0.0507397 5
0.964807 0.582672 2
0.935419 0.25389 3
0.893642 0.00917945 7
0.981534 1 1
0.950265 0.525876 2
0.883049 0.000762983 10
0.967342 0.59646 2
0.941016 0.267569 3
0.916281 0.0536876 5
0.921021 0.113624 4
0.887083 0.001785 9
0.969641 0.610283 2
0.954479 0.539119 2
0.904475 0.0224344 6
0.905669 0.0227965 6
0.897221 0.00964534 7
0.953539 0.535974 2
0.979126 1 1
0.909758 0.0241675 6
0.889672 0.00186799 9
0.936121 0.255448 3
0.909475 0.0240658 6
0.942837 0.152954 4
0.934172 0.0722416 5
0.893415 0.000211576 12
0.916982 0.0138163 7
0.935844 0.0748398 5
0.945642 0.161181 4
0.986411 0.763904 2
0.954392 0.315942 3
0.922079 0.0299964 6
0.921478 0.0296344 6
0.892756 9.85081e-05 13
0.941876 0.150361 4
0.907969 0.00279497 9
0.912565 0.00629942 8
0.928456 0.0345218 6
0.980671 1 1
0.963441 0.575819 2
0.959942 0.5599 2
0.933846 0.132426 4
0.961753 0.567857 2
0.972388 0.62863 2
0.916052 0.0535276 5
0.901077 0.0102193 7
0.944552 0.277901 3
0.994132 1 1
0.947089 0.28628 3
0.954025 0.537587 2
0.937295 0.25815 3
0.903359 0.0106007 7
0.957205 0.548925 2
0.962064 0.569281 2
0.975112 0.649026 2
0.927082 0.0631659 5
0.962683 0.572172 2
0.931033 0.0678692 5
0.948529 0.291439 3
0.939342 0.144023 4
0.910732 0.0121049 7
0.96814 0.601108 2
0.940792 0.147564 4
0.898371 0.00106246 10
0.986927 1 1
0.953345 0.311113 3
0.884766 7.74923e-05 13
0.972309 0.628072 2
0.915314 0.0264251 6
0.894285 0.000962562 10
0.868931 4.19435e-07 19
0.870124 9.73913e-07 18
0.9375 0.139831 4
0.930673 0.0674061 5
0.949298 0.294321 3
0.976279 0.658511 2
0.877463 1.32644e-05 15
0.904715 0.00526272 8
0.901064 0.00235495 9
0.896835 0.00102272 10
0.864817 7.19711e-08 21
0.962965 0.573515 2
0.88705 0.000177437 12
0.949907 0.524846 2
0.935016 0.253014 3
0.898837 0.0209185 6
0.913043 0.0515548 5
0.949869 0.524736 2
0.957176 0.548817 2
0.98045 1 1
0.959833 0.559442 2
0.91973 0.112196 4
0.930588 0.244211 3
0.905704 0.0475589 5
0.940204 0.265395 3
0.90591 0.0476575 5
0.926256 0.120181 4
0.9282 0.240023 3
0.919456 0.227311 3
0.907533 0.101414 4
0.870126 0.00138802 9
0.890363 0.019108 6
0.92303 0.232065 3
0.927031 0.238097 3
0.984174 1 1
0.976429 1 1
0.895211 0.0432833 5
0.90078 0.0453824 5
0.880358 0.00784968 7
0.91452 0.107049 4
0.881513 0.0079463 7
0.920557 0.228718 3
0.901667 0.04575 5
0.906457 0.0230443 6
0.892597 0.00421595 8
0.926454 0.120455 4
0.870185 2.42261e-05 14
0.915499 0.0531479 5
0.909052 0.0492542 5
0.853949 1.13211e-07 20
0.850384 1.8942e-08 22
0.879302 0.000323686 11
0.928691 0.12371 4
0.95792 0.551679 2
0.882334 0.000753018 10
0.878483 0.000318505 11
0.880517 0.000331672 11
0.889061 0.00184767 9
0.918454 0.0552757 5
0.899536 0.00998005 7
0.870218 2.42453e-05 14
0.876938 0.00013974 12
0.935333 0.253702 3
0.931961 0.246789 3
0.961632 0.567307 2
0.989234 1 1
0.883688 0.000772111 10
0.905029 0.0226003 6
0.895649 0.0044341 8
0.903366 0.0221119 6
0.870592 2.44639e-05 14
0.949969 0.525024 2
0.892552 0.00421292 8
0.914717 0.0526246 5
0.891292 0.00192419 9
0.902538 0.0104596 7
0.863244 1.77217e-06 17
0.943231 0.273869 3
0.927634 0.122138 4
0.882302 0.000344096 11
0.888373 0.00182534 9
0.873142 5.79314e-05 13
0.929127 0.12438 4
0.971825 0.624693 2
0.884431 0.000783018 10
0.866734 9.91687e-06 15
0.931032 0.127443 4
0.884963 0.000790998 10
0.91714 0.0272881 6
0.899667 0.00228176 9
0.926325 0.0623538 5
0.874588 1.22079e-05 15
0.931335 0.127953 4
0.922609 0.0587245 5
0.867982 9.07681e-07 18
0.866175 3.81392e-07 19
0.884246 0.000165312 12
0.93843 0.141905 4
0.976213 0.657964 2
0.89014 0.00041073 11
0.881376 7.07389e-05 13
0.898097 0.00220476 9
0.895051 0.00206939 9
45 0 1 2 5 6 7 8 11 12 14 16 17 19 20 22 24 25 26 27 28 29 31 32 33 35 36 37 38 39 40 41 43 45 46 47 49 50 51 53 54 55 56 57 58 59 
54 0 1 2 3 5 6 7 8 10 11 12 13 14 16 17 18 19 20 21 22 23 24 25 26 27 28 29 30 31 32 33 34 35 36 37 38 39 40 41 43 44 45 46 47 49 50 51 53 54 55 56 57 58 59 
49 0 1 2 3 5 6 7 8 10 11 12 14 16 17 19 20 22 23 24 25 26 27 28 29 30 31 32 33 35 36 37 38 39 40 41 43 45 46 47 49 50 51 53 54 55 56 57 58 59 
54 1 2 3 4 5 6 7 8 9 11 12 13 14 15 16 17 18 19 20 22 23 24 25 26 27 28 29 30 31 32 33 35 36 37 38 39 41 42 43 44 45 46 48 49 50 51 52 53 54 55 56 57 58 59 
28 1 5 6 7 8 12 16 17 19 22 24 26 27 28 33 36 38 39 40 41 46 47 49 53 56 57 58 59 
37 1 2 5 6 7 8 11 12 14 16 17 19 20 22 24 26 27 28 33 35 36 37 38 39 40 41 43 45 46 47 49 53 55 56 57 58 59 
47 0 1 2 3 5 6 7 8 10 11 12 14 16 17 19 20 22 24 25 26 27 28 29 30 31 32 33 35 36 37 38 39 40 41 43 45 46 47 49 51 53 54 55 56 57 58 59 
37 0 1 2 5 6 7 8 10 12 16 17 19 20 22 24 26 27 28 31 33 35 36 38 39 40 41 43 45 46 47 49 51 53 56 57 58 59 
60 0 1 2 3 4 5 6 7 8 9 10 11 12 13 14 15 16 17 18 19 20 21 22 23 24 25 26 27 28 29 30 31 32 33 34 35 36 37 38 39 40 41 42 43 44 45 46 47 48 49 50 51 52 53 54 55 56 57 58 59 
37 1 2 5 6 7 8 11 12 14 16 17 19 20 22 24 26 27 28 31 33 35 36 37 38 39 40 41 43 45 46 47 49 53 56 57 58 59 
20 1 5 6 7 8 16 19 26 27 33 36 39 40 41 46 47 49 53 58 59 
55 0 1 2 3 4 5 6 7 8 10 11 12 13 14 16 17 18 19 20 22 23 24 25 26 27 28 29 30 31 32 33 35 36 37 38 39 40 41 42 43 45 46 47 48 49 50 51 52 53 54 55 56 57 58 59 
58 0 1 2 3 4 5 6 7 8 9 10 11 12 13 14 15 16 17 18 19 20 21 22 23 24 25 26 27 28 29 30 31 32 33 34 35 36 37 38 39 41 42 43 44 45 46 48 49 50 51 52 53 54 55 56 57 58 59 
13 1 5 7 8 12 22 26 39 40 41 56 58 59 
59 0 1 2 3 4 5 6 7 8 10 11 12 13 14 15 16 17 18 19 20 21 22 23 24 25 26 27 28 29 30 31 32 33 34 35 36 37 38 39 40 41 42 43 44 45 46 47 48 49 50 51 52 53 54 55 56 57 58 59 
