30 15 6e+06
1.96499 103672
3.245 183395
1.12346 172964
3.54787 187424
2.01619 146493
5.51619 131808
1.6572 176796
2.29377 170876
2.18593 149282
1.54672 185521
1.31333 127428
3.79403 158097
3.02094 194973
5.483 177341
3.54226 124637
2.33355 107757
2.22412 150203
1.61392 171094
4.56747 190006
3.11393 104648
2.38607 104189
2.79131 107878
4.24737 155601
1.61805 160784
1.05397 165027
4.77735 191699
2.50239 132726
3.15745 196328
2.34313 139889
4.11494 145213
0.989454 1 1
0.91739 0.109767 4
0.917751 0.110129 4
0.952456 0.53249 2
0.941369 0.503964 2
0.997335 1 1
0.921853 0.114583 4
0.887609 0.00850977 7
0.876927 0.000685285 10
0.969853 1 1
0.957208 0.548937 2
0.92137 0.114023 4
0.923597 0.23287 3
0.957336 0.549425 2
0.986636 1 1
0.872902 4.84571e-07 19
0.949205 0.293966 3
0.900269 0.00111568 10
0.896413 0.0004835 11
0.925735 0.0324264 6
0.880094 6.59873e-06 16
0.940454 0.146719 4
0.978566 0.678498 2
0.960904 0.351335 3
0.876985 2.71744e-06 17
0.901123 0.00114126 10
0.956723 0.327496 3
0.934246 0.0723534 5
0.914117 0.0129717 7
0.874114 5.07372e-07 19
0.937109 0.257713 3
0.93697 0.257388 3
0.906124 0.0477612 5
0.973057 1 1
0.994051 1 1
0.944001 0.509719 2
0.973166 1 1
0.918875 0.111285 4
0.902387 0.0218378 6
0.926382 0.237062 3
0.978674 1 1
0.960677 0.563061 2
0.975757 1 1
0.951721 0.530208 2
0.934465 0.251838 3
0.966875 0.593815 2
0.888945 0.00398492 8
0.907802 0.0485983 5
0.914572 0.0525292 5
0.901789 0.0216749 6
0.960405 0.561881 2
0.883275 0.00167619 9
0.857572 1.52073e-06 17
0.850382 4.38708e-08 21
0.965979 0.588869 2
0.917906 0.110286 4
0.885625 0.0017416 9
0.884723 0.00171587 9
0.928388 0.240339 3
0.970036 0.612795 2
0.863976 1.80909e-06 17
0.949605 0.295499 3
0.923941 0.117121 4
0.86914 1.05407e-05 15
0.895814 0.00444659 8
0.870496 1.09202e-05 15
0.902448 0.0104445 7
0.964723 0.582243 2
0.984832 1 1
0.877966 0.000142897 12
0.87546 6.11102e-05 13
0.927254 0.121587 4
0.896471 0.00449734 8
0.910448 0.0244212 6
0.867976 4.5573e-06 16
0.89216 0.000917395 10
0.926622 0.0626691 5
0.973465 0.636417 2
0.867281 8.87438e-07 18
0.881724 7.1385e-05 13
0.895736 0.00209835 9
0.875008 1.23537e-05 15
0.902703 0.00505082 8
0.910082 0.0119526 7
0.917854 0.0276445 6
0.874374 1.21347e-05 15
0.897098 0.00215843 9
0.87133 5.01246e-06 16
0.925154 0.0611481 5
0.899498 0.00474863 8
0.944114 0.276541 3
0.959392 0.557596 2
0.958081 0.552309 2
0.929786 0.125413 4
0.943087 0.273442 3
0.95069 0.299781 3
0.931181 0.127693 4
0.925024 0.0610175 5
0.917831 0.0548059 5
0.958558 0.554202 2
0.937417 0.258436 3
0.946914 0.285675 3
0.928896 0.124024 4
0.99187 1 1
0.949071 0.293461 3
0.896359 0.00952763 7
0.927851 0.239438 3
0.883249 0.00167552 9
0.93856 0.261199 3
0.96182 0.568161 2
0.903021 0.0220144 6
0.981371 1 1
0.92957 0.242381 3
0.910143 0.0498508 5
0.888266 0.00394513 8
0.940022 0.264917 3
0.960098 0.560563 2
0.980253 1 1
0.919544 0.111995 4
0.894085 0.00923402 7
0.862786 2.04866e-05 14
0.946476 0.515656 2
0.927139 0.238271 3
0.865152 2.1575e-05 14
0.891074 0.00887848 7
0.869109 0.00011926 12
0.896577 0.0203881 6
0.956954 0.547978 2
0.976334 1 1
0.878157 0.000699611 10
0.871621 0.000125222 12
0.921695 0.114398 4
0.89072 0.00883899 7
0.909088 0.0492734 5
0.867169 5.09171e-05 13
0.909823 0.0118932 7
0.922247 0.0300998 6
0.883129 3.4207e-05 14
0.956842 0.328116 3
0.972869 0.632063 2
0.916019 0.0267506 6
0.981031 0.702337 2
0.916254 0.0268612 6
0.897521 0.00104012 10
0.897782 0.00104687 10
0.956943 0.328646 3
0.953612 0.312324 3
0.986926 1 1
0.92453 0.0605296 5
0.906422 0.00545763 8
0.977846 0.671994 2
0.896904 0.00453145 8
0.911837 0.0249534 6
0.924737 0.0607325 5
0.91207 0.0250455 6
0.97139 0.62172 2
0.893297 0.00199891 9
0.86566 8.43111e-07 18
0.857649 2.43763e-08 22
0.972419 0.628846 2
0.928291 0.123108 4
0.895067 0.00207004 9
0.89482 0.00205979 9
0.937059 0.138876 4
0.980933 1 1
0.895288 0.000468827 11
0.93183 0.0689221 5
0.978379 0.676789 2
0.871558 4.60996e-07 19
0.886485 8.13449e-05 13
0.899126 0.00108305 10
0.879903 1.42797e-05 15
0.907388 0.00557475 8
0.91429 0.0130195 7
0.920612 0.0291293 6
0.878706 6.29961e-06 16
0.902166 0.00241604 9
0.876173 2.64245e-06 17
0.929754 0.0662557 5
0.902524 0.00243652 9
0.900562 0.00112433 10
0.983329 0.726913 2
0.95548 0.321193 3
0.899716 0.00109968 10
0.92397 0.0312022 6
0.907187 0.00555002 8
0.924113 0.0312976 6
0.960251 0.347321 3
0.960475 0.348688 3
0.915391 0.0133336 7
0.906824 0.00550576 8
0.950361 0.298459 3
0.918887 0.0281797 6
0.948918 0.292887 3
0.904983 0.00258696 9
0.880656 0.000730618 10
0.947963 0.519493 2
0.959014 0.556045 2
0.870343 0.000122126 12
0.891744 0.00895456 7
0.886091 0.00175523 9
0.890829 0.00410037 8
0.934893 0.252749 3
0.94655 0.515842 2
0.901189 0.021515 6
0.877442 0.000691206 10
0.916125 0.108536 4
0.885857 0.00174835 9
0.924567 0.117922 4
0.886531 0.00384751 8
0.929555 0.0660134 5
0.972429 0.62892 2
0.964089 0.372609 3
0.920557 0.0150419 7
0.938859 0.142891 4
0.936154 0.075344 5
0.931025 0.0678584 5
0.937262 0.0772037 5
0.931613 0.0686313 5
0.944728 0.158388 4
0.928155 0.0342771 6
0.951701 0.303945 3
0.927541 0.0337871 6
0.978753 0.680227 2
0.934386 0.0725636 5
0.857644 2.0562e-09 25
0.943767 0.27548 3
0.909789 0.0118855 7
0.868696 4.15985e-07 19
0.896554 0.00101574 10
0.864402 7.08572e-08 21
0.906229 0.00543484 8
0.971025 0.619264 2
0.987275 1 1
0.868934 4.19479e-07 19
0.874498 5.51032e-06 16
0.928954 0.0652927 5
0.90009 0.00230346 9
0.903271 0.00510877 8
0.860858 1.21161e-08 23
0.870728 2.21116e-06 17
0.950956 0.30086 3
0.903553 0.00513812 8
0.891425 0.000902705 10
0.920653 0.0570276 5
0.877882 2.94653e-05 14
0.934101 0.132907 4
0.984476 1 1
0.968866 0.605478 2
0.876446 1.28745e-05 15
0.896454 0.00212959 9
0.952752 0.308471 3
0.927841 0.0640068 5
0.913454 0.0256116 6
0.872403 5.17293e-06 16
0.915214 0.013282 7
0.992606 1 1
0.94729 0.16652 4
0.919937 0.028749 6
0.945042 0.159335 4
0.922422 0.0302075 6
0.94378 0.155607 4
0.958379 0.336431 3
0.949005 0.293212 3
0.925272 0.0320956 6
0.927089 0.0631731 5
0.969307 0.608189 2
0.938851 0.142872 4
0.963522 0.576212 2
0.918467 0.0143001 7
0.871658 4.62682e-07 19
0.934933 0.134512 4
0.952615 0.307871 3
0.859058 2.18515e-09 25
0.879676 1.41801e-05 15
0.87669 5.90123e-06 16
0.878584 6.27451e-06 16
0.923718 0.0310355 6
0.937152 0.139075 4
0.893354 0.000445353 11
0.866098 7.55669e-08 21
0.903543 0.00249677 9
0.873687 1.10091e-06 18
0.913607 0.0128325 7
0.877832 6.12205e-06 16
0.908071 0.00566076 8
0.918722 0.0280925 6
0.969812 0.611365 2
0.875142 1.15985e-06 18
0.884581 3.57412e-05 14
0.910345 0.00596706 8
0.874408 1.12955e-06 18
0.889881 0.000191355 12
0.893568 0.000447843 11
0.935594 0.135827 4
0.881979 1.52438e-05 15
0.893323 0.000444993 11
0.871713 4.63634e-07 19
0.931085 0.067937 5
0.915981 0.0135084 7
0.904238 0.0468745 5
0.981513 1 1
0.929747 0.242694 3
0.919172 0.111598 4
0.947972 0.519518 2
0.911628 0.104563 4
0.953521 0.535916 2
0.971256 1 1
0.955521 0.542745 2
0.910352 0.0499677 5
0.92549 0.235676 3
0.980826 1 1
0.947534 0.518365 2
0.948878 0.521965 2
0.906259 0.047827 5
0.959536 0.558197 2
0.945849 0.514101 2
0.934357 0.251611 3
0.953171 0.534775 2
0.960254 0.561232 2
0.967372 0.596637 2
0.943218 0.273831 3
0.915675 0.108111 4
0.904337 0.0223937 6
0.959514 0.558104 2
0.960864 0.563878 2
0.949002 0.522306 2
0.942942 0.273016 3
0.98282 1 1
0.961132 0.565063 2
0.953026 0.309682 3
0.907987 0.01149 7
0.937712 0.140297 4
0.905761 0.00538042 8
0.903031 0.00508419 8
0.95183 0.304491 3
0.886736 0.000176002 12
0.875141 5.62073e-06 16
0.87107 1.00542e-06 18
0.978473 0.677648 2
0.911297 0.0122407 7
0.896212 0.00100737 10
0.886458 0.000174751 12
0.943443 0.274503 3
0.96116 0.565186 2
0.888119 0.00181724 9
0.97591 1 1
0.942253 0.27102 3
0.891957 0.00194832 9
0.918154 0.0550483 5
0.894862 0.00437543 8
0.921901 0.114638 4
0.971832 0.62474 2
0.975583 1 1
0.901552 0.0102959 7
0.898689 0.00985416 7
0.948359 0.290812 3
0.916141 0.0535898 5
0.935868 0.254882 3
0.892074 0.00418098 8
0.903898 0.0222652 6
0.912678 0.0513297 5
0.87389 0.000292104 11
0.953363 0.535398 2
0.963572 0.576459 2
0.909667 0.0495878 5
0.971127 1 1
0.908243 0.0488267 5
0.889476 0.00401672 8
0.890253 0.00406425 8
0.951843 0.530584 2
0.943972 0.509653 2
0.97659 1 1
0.915335 0.107794 4
0.899947 0.0211942 6
0.901413 0.00115019 10
0.933548 0.0713223 5
0.983441 0.728181 2
0.876457 5.55977e-07 19
0.890527 9.17759e-05 13
0.905164 0.00259873 9
0.883101 7.32536e-06 16
0.907188 0.00273763 9
0.912736 0.0063266 8
0.927046 0.0334023 6
0.883612 7.46098e-06 16
0.904742 0.00126229 10
0.879577 2.97945e-06 17
0.934896 0.0733419 5
0.908746 0.00285419 9
0.886904 0.003868 8
0.942541 0.50646 2
0.893216 0.00912778 7
0.919855 0.11233 4
0.948448 0.520792 2
0.894052 0.00922998 7
0.967242 0.595891 2
0.953998 0.537496 2
0.934159 0.251195 3
0.8849 0.00172084 9
0.923351 0.116383 4
0.969081 0.606794 2
0.96158 0.567071 2
0.920628 0.113183 4
0.886409 0.00384081 8
0.852796 2.62642e-11 30
0.935631 0.135902 4
0.894367 0.000457373 11
0.870987 4.51468e-07 19
0.899538 0.00109461 10
0.859745 9.9336e-10 26
0.912705 0.0125942 7
0.970326 0.614662 2
0.970768 0.617557 2
0.860552 2.33319e-09 25
0.876011 2.62778e-06 17
0.931256 0.0681602 5
0.906618 0.00548105 8
0.89631 0.000482124 11
0.854983 6.70988e-11 29
0.908584 0.0237515 6
0.951837 0.304522 3
0.906101 0.0111072 7
0.940144 0.265238 3
0.970591 0.616389 2
0.915883 0.0534109 5
0.985086 1 1
0.947278 0.286939 3
0.928232 0.123019 4
0.905378 0.0109681 7
0.944607 0.278076 3
0.985097 1 1
0.978455 1 1
0.940439 0.266018 3
0.907906 0.0235199 6
0.903084 0.00246929 9
0.9168 0.0271224 6
0.876733 5.90933e-06 16
0.951056 0.301267 3
0.965163 0.584522 2
0.909114 0.0117338 7
0.975592 0.652868 2
0.913326 0.0127573 7
0.894409 0.000965337 10
0.890704 0.000416443 11
0.950392 0.298586 3
0.948509 0.291365 3
0.980391 0.695903 2
0.917339 0.0273866 6
0.899526 0.00227462 9
25 0 1 3 4 5 6 8 10 11 12 13 14 15 16 17 18 19 20 21 22 23 25 26 27 28 
16 3 4 5 6 8 10 11 12 13 14 15 18 19 22 23 25 
7 3 5 10 11 19 22 25 
30 0 1 2 3 4 5 6 7 8 9 10 11 12 13 14 15 16 17 18 19 20 21 22 23 24 25 26 27 28 29 
21 0 2 3 4 5 6 8 10 11 12 13 14 15 17 18 19 20 21 22 23 25 
22 1 3 4 5 6 8 10 11 12 13 14 15 16 17 18 19 20 21 22 23 25 27 
24 1 3 4 5 6 8 10 11 12 13 14 15 16 17 18 19 20 21 22 23 25 26 27 28 
17 3 4 5 6 8 11 12 13 14 15 17 18 19 22 23 25 27 
20 0 2 3 4 5 6 8 10 11 12 13 14 17 18 19 20 21 22 23 25 
8 3 5 11 13 18 19 22 25 
26 0 1 2 3 4 5 6 8 10 11 12 13 14 15 16 17 18 19 20 21 22 23 25 26 27 28 
22 1 3 4 5 6 8 10 11 12 13 14 15 16 17 18 19 20 21 22 23 25 27 
26 0 1 2 3 4 5 6 8 10 11 12 13 14 15 16 17 18 19 20 21 22 23 25 26 27 28 
12 0 3 5 6 10 11 13 14 18 19 22 25 
9 3 5 10 11 13 18 19 22 25 
