30 15 8e+06
1.82946 103055
1.75002 121235
1.47329 165015
2.13043 146694
2.72147 188211
1.94496 198318
2.84742 191863
1.59678 110370
2.11853 127094
1.36341 124168
1.82828 137642
1.93227 165645
2.31204 191714
1.08578 168679
2.74746 190684
1.2542 177988
2.27334 172195
1.51655 168488
2.61423 145783
2.88145 107162
2.51776 183072
1.78844 193080
1.75499 145600
2.56983 124688
1.97334 159397
1.28359 143166
1.65999 165939
1.19223 144062
1.16343 115076
2.2984 153296
0.949177 0.293861 3
0.91614 0.0268071 6
0.99021 1 1
0.921386 0.0576477 5
0.920266 0.0567081 5
0.914577 0.026095 6
0.9419 0.270016 3
0.9703 0.614495 2
0.921781 0.0579891 5
0.918219 0.0278309 6
0.919915 0.0564226 5
0.940054 0.265 3
0.959018 0.556058 2
0.938398 0.141832 4
0.932878 0.130646 4
0.932933 0.248693 3
0.934588 0.252098 3
0.981948 1 1
0.940191 0.501559 2
0.934655 0.252241 3
0.935279 0.253585 3
0.938981 0.499188 2
0.988289 1 1
0.939546 0.500283 2
0.938087 0.260041 3
0.91508 0.107559 4
0.95906 0.556231 2
0.943463 0.508497 2
0.923896 0.233302 3
0.915007 0.107492 4
0.953267 0.535086 2
0.934096 0.251063 3
0.939762 0.264239 3
0.936787 0.256965 3
0.951127 0.528411 2
0.899489 0.00997293 7
0.891711 0.00415713 8
0.954271 0.538415 2
0.941208 0.268094 3
0.898011 0.00975638 7
0.870181 2.42242e-05 14
0.912531 0.0512406 5
0.908573 0.0237479 6
0.952858 0.533767 2
0.934928 0.252824 3
0.89534 0.00208148 9
0.909549 0.0240923 6
0.952577 0.307701 3
0.914857 0.0262194 6
0.90094 0.00487958 8
0.944786 0.278639 3
0.96488 0.583051 2
0.944587 0.278014 3
0.911449 0.0248016 6
0.953603 0.312282 3
0.943756 0.275448 3
0.971898 0.625196 2
0.940816 0.267027 3
0.885212 0.000366325 11
0.88069 6.94938e-05 13
0.855899 1.91041e-09 25
0.917899 0.0276675 6
0.90672 0.00549326 8
0.920885 0.0572225 5
0.899678 0.00228233 9
0.974093 0.641125 2
0.909313 0.0117781 7
0.915539 0.0265278 6
0.915145 0.0263485 6
0.977113 0.66558 2
0.893986 0.000955959 10
0.95598 0.32369 3
0.885795 0.000171824 12
0.84809 9.0056e-12 0
0.83939 5.95955e-12 0
0.951418 0.529288 2
0.93696 0.257367 3
0.941533 0.26899 3
0.939771 0.264264 3
0.953574 0.536089 2
0.902575 0.0218899 6
0.893451 0.00427448 8
0.957082 0.548462 2
0.944109 0.276525 3
0.901049 0.0102148 7
0.871709 5.61048e-05 13
0.915449 0.0531141 5
0.909472 0.049481 5
0.950385 0.526222 2
0.932781 0.248392 3
0.913948 0.0258216 6
0.901819 0.00496341 8
0.968982 0.606188 2
0.907338 0.0113549 7
0.898327 0.00221571 9
0.924201 0.06021 5
0.978001 0.673386 2
0.94892 0.292892 3
0.905374 0.00533622 8
0.931577 0.128365 4
0.953056 0.309815 3
0.953318 0.310991 3
0.966301 0.590627 2
0.90293 0.00507379 8
0.900898 0.00234603 9
0.919997 0.0564885 5
0.865137 3.68359e-07 19
0.942342 0.271275 3
0.870316 4.86769e-06 16
0.867264 8.86971e-07 18
0.878227 6.53157e-05 13
0.953922 0.313747 3
0.916168 0.0268204 6
0.869895 2.15464e-06 17
0.884982 0.000364471 11
0.949668 0.295742 3
0.905992 0.0110861 7
0.980963 1 1
0.90891 0.0116888 7
0.916233 0.0268509 6
0.970251 1 1
0.868199 0.000117222 12
0.923335 0.232495 3
0.871983 0.000282308 11
0.880752 0.00161156 9
0.853294 1.36408e-06 17
0.89299 0.0196202 6
0.910732 0.103839 4
0.874704 0.000660806 10
0.855985 3.35684e-06 16
0.880269 0.00159976 9
0.876072 0.000675664 10
0.925705 0.236007 3
0.96727 1 1
0.986134 1 1
0.915537 0.0531738 5
0.940746 0.266837 3
0.966902 0.593964 2
0.946485 0.515679 2
0.934773 0.252492 3
0.952892 0.533877 2
0.938851 0.261922 3
0.977667 1 1
0.94403 0.276283 3
0.956066 0.544698 2
0.915047 0.0528437 5
0.976825 1 1
0.933384 0.249601 3
0.906974 0.0232112 6
0.897813 0.00972826 7
0.914525 0.0130852 7
0.977546 0.66935 2
0.933361 0.131525 4
0.980718 0.699172 2
0.984473 1 1
0.933583 0.131935 4
0.892674 0.000437593 11
0.959885 0.559661 2
0.984997 1 1
0.929002 0.0653492 5
0.869817 4.32825e-07 19
0.935658 0.135956 4
0.896241 0.00100809 10
0.911468 0.0122823 7
0.895712 0.000995374 10
0.984621 1 1
0.880343 6.8878e-05 13
0.92888 0.123999 4
0.883913 0.000163968 12
0.894036 0.002028 9
0.861356 6.33681e-08 21
0.892532 0.000924997 10
0.920276 0.0567162 5
0.887014 0.000381492 11
0.863285 1.53428e-07 20
0.877375 2.90646e-05 14
0.88277 0.000159503 12
0.923341 0.0593947 5
0.983236 1 1
0.994296 1 1
0.879766 0.000148743 12
0.896823 0.00452497 8
0.935738 0.136118 4
0.901814 0.0103389 7
0.886507 0.000377106 11
0.939511 0.263594 3
0.961888 0.568471 2
0.927351 0.121726 4
0.897923 0.00461408 8
0.94927 0.294215 3
0.947682 0.288369 3
0.960242 0.561177 2
0.93068 0.126859 4
0.869602 4.76954e-06 16
0.866034 1.91912e-06 17
0.868291 0.000264959 11
0.905025 0.0472378 5
0.923486 0.232712 3
0.909414 0.102811 4
0.891118 0.0192512 6
0.956253 0.54538 2
0.938969 0.499164 2
0.922944 0.231943 3
0.904605 0.0470429 5
0.966043 1 1
0.925089 0.235066 3
0.964825 1 1
0.910705 0.103818 4
0.859002 4.33748e-05 13
0.853191 7.27612e-06 15
0.893149 0.0196525 6
0.872861 0.00143926 9
0.939272 0.499749 2
0.878174 0.00344509 8
0.868653 0.000602023 10
0.901962 0.0458746 5
0.988229 1 1
0.917594 0.225039 3
0.87594 0.003353 8
0.910585 0.103722 4
0.985562 1 1
0.928372 0.240311 3
0.960862 1 1
0.881968 0.00798507 7
0.884086 0.00817233 7
0.942329 0.506002 2
0.944586 0.511074 2
0.937001 0.25746 3
0.946938 0.516827 2
0.962398 0.570832 2
0.906101 0.0477498 5
0.889633 0.00402622 8
0.956017 0.544521 2
0.951719 0.530204 2
0.903752 0.0222226 6
0.867559 5.13302e-05 13
0.916451 0.108849 4
0.903375 0.0221145 6
0.941677 0.504609 2
0.923996 0.11719 4
0.949836 0.175584 4
0.897959 0.000243432 12
0.975859 0.655045 2
0.903109 0.00120499 10
0.902478 0.00118406 10
0.899955 0.000535416 11
0.946579 0.164168 4
0.951115 0.180549 4
0.903502 0.00121835 10
0.904675 0.00125984 10
0.928096 0.034229 6
0.926866 0.0332652 6
0.974301 0.642705 2
0.937976 0.0784551 5
0.938157 0.0787802 5
0.95922 0.556889 2
0.891733 0.0009088 10
0.964831 0.582797 2
0.896619 0.00213691 9
0.89843 0.00465648 8
0.889342 0.000863464 10
0.935614 0.135867 4
0.943388 0.274339 3
0.897635 0.00459039 8
0.893584 0.00201009 9
0.919242 0.0558857 5
0.915371 0.0264513 6
0.967157 0.595406 2
0.947239 0.286806 3
0.949785 0.296194 3
0.903379 0.0464887 5
0.879439 0.00157993 9
0.949326 0.523204 2
0.884819 0.00375645 8
0.876373 0.00151098 9
0.904683 0.0470789 5
0.990652 1 1
0.926336 0.236988 3
0.88292 0.00366106 8
0.912825 0.105564 4
0.975011 1 1
0.93233 0.247503 3
0.971013 1 1
0.892076 0.0194374 6
0.893914 0.0198099 6
0.93051 0.244069 3
0.936446 0.256184 3
0.97955 1 1
0.942096 0.270571 3
0.935751 0.254621 3
0.937936 0.259675 3
0.938522 0.261105 3
0.988705 1 1
0.941239 0.268179 3
0.94066 0.266608 3
0.91455 0.0525146 5
0.96147 0.566575 2
0.941559 0.269063 3
0.921629 0.114322 4
0.912533 0.0512415 5
0.893962 0.000955426 10
0.910931 0.0121524 7
0.951138 0.301605 3
0.916201 0.0268359 6
0.901829 0.00496434 8
0.947293 0.286994 3
0.962255 0.570166 2
0.944462 0.27762 3
0.912657 0.0252819 6
0.95621 0.324856 3
0.941509 0.268923 3
0.973995 0.640378 2
0.938276 0.141557 4
0.883951 0.00016412 12
0.879118 3.04808e-05 14
0.888151 0.00856487 7
0.981178 1 1
0.921332 0.229738 3
0.983441 1 1
0.960257 0.561242 2
0.959605 0.558484 2
0.892575 0.0195366 6
0.945376 0.512951 2
0.977118 1 1
0.951866 0.530653 2
0.870704 0.000620791 10
0.947678 0.518741 2
0.886395 0.00838961 7
0.883568 0.00812557 7
0.869661 0.000611111 10
0.874155 5.92853e-05 13
0.842784 3.81772e-11 29
0.910392 0.0244003 6
0.847926 1.39132e-09 25
0.839484 5.98494e-12 0
0.871807 2.51958e-05 14
0.954044 0.537648 2
0.887438 0.000830412 10
0.845925 2.37629e-10 27
0.880438 0.000331137 11
0.976938 1 1
0.896541 0.00450275 8
0.941559 0.269063 3
0.863348 1.77738e-06 17
0.869196 1.05561e-05 15
0.945921 0.282315 3
0.872554 2.34317e-06 17
0.947329 0.287121 3
0.87743 1.32513e-05 15
0.878661 1.37479e-05 15
0.874341 5.48389e-06 16
0.934145 0.13299 4
0.923742 0.0597715 5
0.878204 1.356e-05 15
0.879475 3.07848e-05 14
0.923706 0.0597371 5
0.901131 0.00235856 9
0.96936 0.608522 2
0.935068 0.134778 4
0.943905 0.275902 3
0.91377 0.0128767 7
0.978254 0.675655 2
0.932273 0.12957 4
0.981179 0.70385 2
0.985545 1 1
0.933223 0.131272 4
0.891676 0.000426645 11
0.958767 0.338617 3
0.985729 1 1
0.928515 0.0647783 5
0.868847 4.18188e-07 19
0.934877 0.134401 4
0.895198 0.000983311 10
0.910822 0.0121263 7
0.894998 0.000978706 10
0.903536 0.0106318 7
0.978264 0.675752 2
0.936223 0.137112 4
0.984146 1 1
0.966027 0.589129 2
0.954843 0.540369 2
0.902847 0.0105123 7
0.961558 0.566971 2
0.980324 1 1
0.949885 0.296585 3
0.880113 0.000149918 12
0.953616 0.536227 2
0.899896 0.004784 8
0.898529 0.00466483 8
0.884732 0.000362476 11
0.9658 0.587902 2
0.924984 0.118466 4
0.95956 0.558297 2
0.929057 0.124272 4
0.936873 0.257164 3
0.90327 0.0105852 7
0.910931 0.024603 6
0.964784 0.582556 2
0.931872 0.12887 4
0.903895 0.0106954 7
0.889685 0.00186842 9
0.922041 0.0582171 5
0.930367 0.126347 4
0.959487 0.55799 2
0.945697 0.281577 3
0.937555 0.258765 3
0.895452 0.00940774 7
0.975444 1 1
0.900781 0.0214082 6
0.897613 0.00970007 7
0.904028 0.0223028 6
0.958913 0.555634 2
0.94838 0.520608 2
0.900459 0.0213247 6
0.909717 0.0496148 5
0.940027 0.264929 3
0.932087 0.247031 3
0.983888 1 1
0.925849 0.119623 4
0.926483 0.120496 4
0.870273 1.81458e-08 23
0.941739 0.15 4
0.917226 0.0138936 7
0.944687 0.158265 4
0.922748 0.0159036 7
0.994798 1 1
0.907053 0.00272791 9
0.931882 0.0689918 5
0.938742 0.079846 5
0.985324 0.750295 2
0.888051 1.87341e-05 15
0.964311 0.374206 3
0.889769 4.22428e-05 14
0.863332 5.23628e-10 27
0.852762 1.14255e-11 0
0.854504 1.40594e-06 17
0.913359 0.106023 4
0.906109 0.0477541 5
0.916486 0.108883 4
0.895545 0.0201583 6
0.969664 1 1
0.911472 0.0506093 5
0.913496 0.106141 4
0.910827 0.0502367 5
0.974145 1 1
0.896969 0.0204772 6
0.954923 0.540644 2
0.886755 0.00385978 8
0.846467 3.88842e-08 21
0.83825 4.14302e-10 26
21 0 1 3 4 6 7 8 9 11 12 13 14 16 17 18 19 20 22 23 27 29 
22 0 1 3 4 6 7 9 12 13 14 16 17 18 19 20 21 22 23 25 27 28 29 
15 3 4 6 7 12 13 14 16 17 18 20 22 23 27 29 
25 0 1 3 4 6 7 8 9 11 12 13 14 16 17 18 19 20 21 22 23 25 26 27 28 29 
27 0 1 3 4 5 6 7 8 9 10 11 12 13 14 16 17 18 19 20 21 23 24 25 26 27 28 29 
11 3 4 6 12 13 14 18 20 22 28 29 
4 12 13 14 22 
20 0 1 3 4 6 7 9 12 13 14 16 18 19 20 21 22 23 27 28 29 
30 0 1 2 3 4 5 6 7 8 9 10 11 12 13 14 15 16 17 18 19 20 21 22 23 24 25 26 27 28 29 
22 0 1 3 4 6 7 8 9 11 12 13 14 16 17 18 19 20 22 23 26 27 29 
1 22 
11 3 4 6 12 13 14 18 20 22 28 29 
11 3 4 6 7 12 13 14 18 20 22 29 
22 0 1 3 6 7 8 9 11 12 13 14 16 17 18 19 20 22 23 26 27 28 29 
20 0 1 3 6 7 8 9 11 12 13 14 16 17 18 19 20 22 23 27 29 
