40 15 8e+06
1.26076 194473
2.53517 127340
2.43605 182472
1.8868 100327
1.20443 198835
2.18834 198764
2.93666 105608
2.07577 192833
1.97763 111257
1.38499 172555
1.97895 138957
1.9643 135822
2.55467 175028
1.7285 194598
1.83951 135382
2.54262 186496
1.66229 135665
1.06858 175863
2.15084 117141
1.03519 154452
1.93344 112291
1.96799 129248
2.09061 137394
2.89534 129724
2.87732 117882
1.91738 155929
1.99831 125416
2.39393 172754
1.53246 130776
2.2502 147500
1.4305 103134
2.7964 133045
1.27961 135152
2.4919 119415
2.47152 124299
1.15918 143736
1.30116 165316
2.07438 184636
1.22077 147407
2.52924 163431
0.898645 0.0046747 8
0.879393 6.72387e-05 13
0.887528 0.000386025 11
0.903644 0.0106508 7
0.880811 6.9711e-05 13
0.863408 1.54084e-07 20
0.926952 0.121155 4
0.886931 0.000380763 11
0.889407 0.000864628 10
0.983115 1 1
0.883911 0.000163961 12
0.930673 0.126848 4
0.875797 2.78735e-05 14
0.894016 0.00202717 9
0.884542 0.000166523 12
0.844533 9.61758e-11 28
0.897984 0.00461915 8
0.942924 0.272963 3
0.951366 0.529131 2
0.886404 0.000813477 10
0.869691 1.06924e-05 15
0.874155 5.92851e-05 13
0.839518 5.99445e-12 0
0.949785 0.296196 3
0.899015 0.0047064 8
0.871744 2.5157e-05 14
0.895724 0.00443976 8
0.91416 0.0522612 5
0.874389 5.96059e-05 13
0.858943 1.32596e-07 20
0.879362 6.25966e-07 19
0.899201 0.000253538 12
0.921254 0.0153059 7
0.937164 0.0770362 5
0.894763 0.000105278 13
0.876383 2.5345e-07 20
0.910299 0.00297971 9
0.87147 1.91833e-08 23
0.924524 0.0315761 6
0.943771 0.15558 4
0.889029 1.941e-05 15
0.926937 0.033319 6
0.90316 0.000591182 11
0.895814 0.000109124 13
0.882197 3.28429e-06 17
0.873107 1.17153e-05 15
0.969351 0.608468 2
0.919912 0.0564199 5
0.916588 0.0539035 5
0.967101 0.595087 2
0.977467 0.668656 2
0.886039 0.000373141 11
0.881217 0.000153772 12
0.912435 0.0251919 6
0.850733 6.7132e-10 26
0.945086 0.279594 3
0.90705 0.0112961 7
0.950711 0.299866 3
0.932996 0.13086 4
0.923005 0.0590842 5
0.945896 0.514215 2
0.929787 0.242766 3
0.886199 0.00382943 8
0.894874 0.00933333 7
0.948174 0.520057 2
0.94313 0.507755 2
0.949536 0.523795 2
0.955289 0.541922 2
0.881207 0.00162282 9
0.892705 0.00906671 7
0.975716 1 1
0.954044 0.53765 2
0.903584 0.0465795 5
0.984224 1 1
0.995538 1 1
0.953624 0.312379 3
0.927522 0.0337724 6
0.890706 9.22888e-05 13
0.901411 0.00115012 10
0.94344 0.154639 4
0.933439 0.0711654 5
0.965845 0.385656 3
0.957449 0.331336 3
0.886499 1.77324e-05 15
0.909164 0.00288699 9
0.966106 0.589558 2
0.970353 0.614834 2
0.903922 0.00123294 10
0.979717 0.689316 2
0.977596 0.669782 2
0.908125 0.0235943 6
0.965093 0.584158 2
0.937816 0.259388 3
0.947958 0.289356 3
0.967188 0.595584 2
0.947376 0.287285 3
0.932557 0.130072 4
0.909394 0.0240368 6
0.933098 0.131044 4
0.906233 0.0111331 7
0.957363 0.549528 2
0.959983 0.560075 2
0.948912 0.292864 3
0.958716 0.554837 2
0.941145 0.267921 3
0.881304 7.06071e-05 13
0.977201 0.666333 2
0.923681 0.0597138 5
0.922171 0.0583323 5
0.977269 0.666929 2
0.983651 1 1
0.895164 0.000982532 10
0.888923 0.000398869 11
0.916307 0.0268864 6
0.859567 1.1511e-08 23
0.953648 0.312487 3
0.916611 0.0270313 6
0.953592 0.312231 3
0.94196 0.270185 3
0.930835 0.127116 4
0.901997 0.00498069 8
0.957369 0.549551 2
0.945617 0.281314 3
0.958406 0.553595 2
0.954694 0.539856 2
0.935098 0.134836 4
0.929249 0.12457 4
0.90133 0.00491643 8
0.942047 0.270431 3
0.91286 0.0253649 6
0.943848 0.275726 3
0.957282 0.549216 2
0.949276 0.294237 3
0.946393 0.283897 3
0.929271 0.124604 4
0.961152 0.352885 3
0.911434 0.00612567 8
0.870119 8.86182e-08 21
0.879592 2.98106e-06 17
0.929417 0.0658459 5
0.925496 0.0322543 6
0.953248 0.310675 3
0.973627 0.637619 2
0.865555 6.57078e-09 24
0.892203 0.000204247 12
0.956605 0.326884 3
0.946609 0.164266 4
0.886 3.73522e-05 14
0.965366 0.585593 2
0.980315 0.69515 2
0.896693 0.0204144 6
0.916223 0.10863 4
0.927305 0.238542 3
0.944228 0.510242 2
0.913906 0.106501 4
0.895159 0.0200742 6
0.928354 0.240282 3
0.889919 0.00875111 7
0.928475 0.240487 3
0.945853 0.51411 2
0.909699 0.103029 4
0.948003 0.519601 2
0.915449 0.1079 4
0.916853 0.109238 4
0.902867 0.0462635 5
0.925281 0.0321016 6
0.955047 0.319071 3
0.910199 0.00594643 8
0.917964 0.0141326 7
0.972577 0.629965 2
0.96088 0.351185 3
0.939904 0.145367 4
0.931307 0.0682264 5
0.904748 0.0012625 10
0.8943 0.000217215 12
0.988406 1 1
0.958226 0.335579 3
0.928658 0.0346888 6
0.988223 1 1
0.971054 0.619458 2
0.840016 6.1323e-12 0
0.915296 0.0530106 5
0.969259 0.607896 2
0.967973 0.600126 2
0.90003 0.0100552 7
0.885272 0.000795718 10
0.868047 1.02498e-05 15
0.837735 5.52974e-12 0
0.977241 1 1
0.879588 0.000148143 12
0.880301 0.000330225 11
0.892685 0.00197545 9
0.937606 0.258886 3
0.879925 0.000149277 12
0.863789 1.79954e-06 17
0.830273 3.9917e-12 0
0.898292 0.00221403 9
0.950825 0.300325 3
0.951322 0.302363 3
0.883853 7.55686e-05 13
0.868892 4.18851e-07 19
0.85878 2.159e-09 25
0.826867 3.45768e-12 0
0.958656 0.337986 3
0.877537 1.32934e-05 15
0.865543 7.39782e-08 21
0.881955 3.30425e-05 14
0.919772 0.0286583 6
0.866074 7.54981e-08 21
0.850286 2.31924e-11 30
0.844629 3.67992e-08 21
0.914793 0.107297 4
0.96603 0.589148 2
0.969378 1 1
0.900559 0.0213505 6
0.884987 0.00376515 8
0.873204 0.000288508 11
0.841752 6.1153e-09 23
0.973645 1 1
0.886844 0.00386467 8
0.882118 0.00164588 9
0.897478 0.0205949 6
0.935028 0.25304 3
0.882557 0.00364343 8
0.866441 0.000113451 12
0.859443 2.6035e-08 22
0.911088 0.01219 7
0.949958 0.296869 3
0.962677 0.572149 2
0.900683 0.00485569 8
0.883215 0.000161216 12
0.889455 0.000403976 11
0.854632 1.81289e-09 25
0.955332 0.320461 3
0.910032 0.0119411 7
0.886987 0.00038125 11
0.911878 0.0249693 6
0.924212 0.0602204 5
0.89006 0.000409923 11
0.874426 1.21525e-05 15
0.871179 2.48129e-05 14
0.984706 1 1
0.945517 0.280987 3
0.941414 0.26866 3
0.966694 0.592799 2
0.96098 0.564388 2
0.889747 0.00187051 9
0.876433 6.25351e-05 13
0.937836 0.259436 3
0.863494 1.78467e-06 17
0.938842 0.261901 3
0.914363 0.0523928 5
0.976985 1 1
0.930093 0.125904 4
0.915977 0.0534759 5
0.900672 0.000547095 11
0.874741 2.36591e-07 20
0.881167 3.15923e-06 17
0.8972 0.000237581 12
0.876965 5.67379e-07 19
0.85988 8.62014e-11 29
0.927731 0.0339373 6
0.888274 1.8885e-05 15
0.882901 3.37406e-06 17
0.98906 1 1
0.881397 3.18652e-06 17
0.928635 0.0346698 6
0.870214 1.80962e-08 23
0.891908 9.58563e-05 13
0.883312 3.42812e-06 17
0.833985 2.64411e-11 29
0.906266 0.0478299 5
0.959827 0.559416 2
0.958915 0.555639 2
0.891269 0.00890049 7
0.876545 0.000680945 10
0.862217 2.0238e-05 14
0.831201 4.15309e-12 0
0.967727 0.598685 2
0.877281 0.000689345 10
0.87208 0.000282791 11
0.886175 0.00382812 8
0.928486 0.240505 3
0.872057 0.000282676 11
0.856093 1.46377e-06 17
0.885763 0.000171682 12
0.883102 7.4046e-05 13
0.898676 0.00223257 9
0.914589 0.0261007 6
0.881771 7.14735e-05 13
0.863822 1.5632e-07 20
0.915403 0.0264656 6
0.875437 1.25054e-05 15
0.901473 0.00493008 8
0.964356 0.580369 2
0.880924 6.99133e-05 13
0.924751 0.0607467 5
0.883308 7.44602e-05 13
0.889687 0.00040624 11
0.878342 2.98364e-05 14
0.8968 0.00102182 10
0.921972 0.0581566 5
0.932337 0.129683 4
0.949333 0.294455 3
0.919204 0.028349 6
0.900324 0.00231564 9
0.928304 0.0645343 5
0.890831 0.000417754 11
0.933127 0.131097 4
0.940678 0.147277 4
0.913919 0.0129171 7
0.949871 0.296528 3
0.921228 0.0294867 6
0.920519 0.0290765 6
0.905974 0.00540502 8
0.885185 7.90265e-06 16
0.932749 0.0701824 5
0.951 0.18009 4
0.968351 0.406104 3
0.925794 0.0324686 6
0.907051 0.00135189 10
0.915419 0.00678241 8
0.881266 1.46608e-06 18
0.9518 0.183327 4
0.922293 0.0157171 7
0.914624 0.00664097 8
0.940193 0.0826192 5
0.937122 0.0769635 5
0.918503 0.0143125 7
0.902504 0.000578985 11
0.906343 0.047868 5
0.972309 1 1
0.93622 0.255671 3
0.944231 0.510248 2
0.976136 1 1
0.956112 0.544865 2
0.92845 0.240444 3
0.909116 0.0492885 5
0.930754 0.244515 3
0.898468 0.00982201 7
0.963038 0.573868 2
0.954616 0.539589 2
0.951854 0.530618 2
0.961704 0.567633 2
0.94419 0.510153 2
0.897165 0.00216147 9
0.97517 0.649487 2
0.919758 0.0562956 5
0.921872 0.0580688 5
0.990933 1 1
0.988406 1 1
0.910702 0.0245164 6
0.904728 0.0108467 7
0.912889 0.0253768 6
0.871426 5.02648e-06 16
0.970622 0.616594 2
0.931249 0.127808 4
0.946243 0.28339 3
0.958913 0.555634 2
0.947124 0.286402 3
0.8828 1.56537e-05 15
0.933598 0.0713958 5
0.95394 0.313832 3
0.97135 0.621444 2
0.925866 0.0325209 6
0.907255 0.00274243 9
0.912823 0.00634037 8
0.879123 2.93091e-06 17
0.954851 0.318125 3
0.919454 0.0284841 6
0.913768 0.0128761 7
0.937807 0.140507 4
0.939163 0.143601 4
0.917217 0.0138905 7
0.901086 0.00114012 10
0.895985 0.00047783 11
0.908335 0.00569471 8
0.920219 0.0289069 6
0.936974 0.138693 4
0.906541 0.00269172 9
0.887992 3.98182e-05 14
0.927578 0.0637131 5
0.88816 4.00375e-05 14
0.921823 0.029841 6
0.952676 0.308134 3
0.903626 0.0025018 9
0.944416 0.157459 4
0.907534 0.0027627 9
0.911415 0.00612285 8
0.898195 0.000508482 11
0.885195 0.00827494 7
0.975844 1 1
0.959412 0.557682 2
0.964693 1 1
0.963006 1 1
0.945679 0.513686 2
0.909205 0.102651 4
0.887039 0.00845278 7
0.953257 0.535054 2
0.890684 0.0191684 6
0.941087 0.503378 2
0.936341 0.494345 2
0.972927 1 1
0.938152 0.49762 2
0.921205 0.229568 3
0.839034 2.37391e-09 24
0.897959 0.0207077 6
0.946163 0.514875 2
0.951991 0.531039 2
0.885273 0.00378011 8
0.869129 0.000268723 11
0.868289 0.000117422 12
0.83459 1.52809e-10 27
0.953539 0.535974 2
0.891037 0.00887438 7
0.869222 0.000269147 11
0.890496 0.00881415 7
0.916168 0.108578 4
0.871102 0.000277982 11
0.855491 3.31792e-06 16
0.962887 0.573145 2
0.907448 0.0233667 6
0.882848 0.000348069 11
0.896355 0.00448824 8
0.919534 0.056117 5
0.906622 0.0112101 7
0.995592 1 1
0.954665 0.539754 2
0.880287 0.000150513 12
0.935234 0.135106 4
0.937052 0.257579 3
0.974935 0.647632 2
0.888836 0.00085443 10
0.95038 0.298537 3
0.947982 0.289444 3
0.995885 1 1
0.886386 0.000813185 10
0.853679 4.87499e-08 21
0.865484 4.25914e-06 16
0.902105 0.0103869 7
0.895012 0.00438648 8
0.964691 0.582074 2
0.986584 1 1
0.850384 8.18294e-09 23
0.90689 0.0231839 6
0.926454 0.120455 4
0.941113 0.267833 3
0.864115 4.10787e-06 16
0.937981 0.259785 3
0.947304 0.287032 3
0.913582 0.0128259 7
0.908248 0.00568338 8
0.909223 0.00581189 8
0.92567 0.0323794 6
0.910324 0.00596409 8
0.892326 0.000204969 12
0.945617 0.161104 4
0.904851 0.00257844 9
0.909522 0.00585252 8
0.962613 0.362386 3
0.912558 0.0125563 7
0.958793 0.338762 3
0.90197 0.00240495 9
0.922187 0.0300629 6
0.910683 0.00601552 8
0.884683 0.00171474 9
0.92133 0.113977 4
0.941189 0.268041 3
0.958198 0.552768 2
0.915546 0.107991 4
0.89684 0.00959284 7
0.915656 0.108093 4
0.879269 0.000713084 10
0.943122 0.273547 3
0.931125 0.245204 3
0.906705 0.0480457 5
0.93798 0.259783 3
0.925377 0.118987 4
0.911872 0.0508447 5
0.896667 0.00956927 7
0.878067 0.00344055 8
0.915879 0.108303 4
0.940875 0.502942 2
0.957275 0.549191 2
0.909124 0.10259 4
0.890651 0.0191622 6
0.908928 0.102442 4
0.872376 0.000636934 10
0.943822 0.50931 2
0.928801 0.241043 3
0.899526 0.0448794 5
0.930504 0.244057 3
0.922143 0.230832 3
0.904465 0.0469783 5
0.889335 0.0189178 6
0.87364 1.1889e-05 15
0.986983 1 1
0.943182 0.273725 3
0.939841 0.264446 3
0.96979 0.611224 2
0.964176 0.579457 2
0.891826 0.000910663 10
0.879097 3.04635e-05 14
0.935558 0.135754 4
0.864351 3.58901e-07 19
0.941889 0.269985 3
0.916212 0.0268412 6
0.974218 0.642071 2
0.932917 0.130716 4
0.918925 0.055638 5
0.955007 0.540936 2
0.925873 0.119655 4
0.891584 0.00414883 8
0.902932 0.0219893 6
0.94082 0.267039 3
0.929652 0.125201 4
0.970905 0.618461 2
0.956676 0.546939 2
0.887671 0.00180315 9
0.914545 0.0525115 5
0.961706 0.567642 2
0.975248 1 1
0.903324 0.0220999 6
0.975423 1 1
0.971843 0.624819 2
0.882576 0.00803777 7
0.863299 0.000107207 12
0.876419 0.0033723 8
0.891947 0.0194122 6
0.863629 0.000107834 12
0.84637 4.93987e-07 18
0.909009 0.102503 4
0.870313 0.00061713 10
0.879206 0.00348958 8
0.970228 1 1
0.86582 0.00025439 11
0.911508 0.104465 4
0.861934 0.000104672 12
0.875623 0.00149504 9
0.866377 0.000256704 11
0.897745 0.00218819 9
0.96866 0.604221 2
0.913425 0.0127837 7
0.91535 0.0264414 6
0.984419 1 1
0.993255 1 1
0.909258 0.0117658 7
0.906239 0.00543608 8
0.906555 0.00547345 8
0.867672 4.01409e-07 19
0.971802 0.624538 2
0.928236 0.0644569 5
0.940268 0.146259 4
0.958907 0.555609 2
0.949183 0.293884 3
0.885911 1.73743e-05 15
0.84803 8.97913e-12 0
0.855699 1.3361e-11 0
0.871129 9.23837e-08 21
0.850693 1.02663e-11 0
0.834391 4.76801e-12 0
0.907627 0.00276957 9
0.871987 9.57603e-08 21
0.857922 7.78336e-11 29
0.967745 0.598791 2
0.856613 3.19704e-11 30
0.902911 0.00119835 10
0.843801 7.31472e-12 0
0.86744 1.59727e-08 23
0.860737 4.60138e-10 27
0.909041 0.0117176 7
0.947109 0.286349 3
0.937109 0.138983 4
0.951475 0.303 3
0.94723 0.286774 3
0.927864 0.0640334 5
0.938014 0.140967 4
0.906852 0.0112561 7
0.934496 0.133661 4
0.92346 0.0595063 5
0.941561 0.269068 3
0.965878 0.588324 2
0.938211 0.141409 4
0.946753 0.285121 3
0.930461 0.126501 4
0.909385 0.0494338 5
0.972661 1 1
0.92659 0.23739 3
0.932937 0.248702 3
0.985978 1 1
0.966944 0.5942 2
0.927707 0.2392 3
0.914216 0.106777 4
0.920648 0.113205 4
0.89101 0.00887125 7
0.974452 1 1
0.951057 0.528203 2
0.946451 0.515593 2
0.9697 1 1
0.953012 0.534263 2
24 0 1 2 6 8 10 14 15 17 18 19 20 21 24 25 26 27 28 30 31 32 35 37 38 
30 0 1 2 5 6 8 10 12 13 14 15 17 18 19 20 21 22 24 25 26 27 28 29 30 31 32 34 35 38 39 
24 0 1 2 8 10 12 13 14 15 17 18 19 20 21 24 25 27 28 29 30 31 32 35 38 
31 0 1 2 4 5 6 8 9 10 11 13 14 15 17 18 19 20 21 22 24 25 27 28 29 30 31 32 34 35 37 38 
33 0 1 2 4 5 6 8 9 10 11 12 13 14 15 17 18 19 20 21 22 24 25 26 27 28 29 30 31 32 34 35 38 39 
38 0 1 2 4 5 6 7 8 9 10 11 12 13 14 15 16 17 18 19 20 21 22 23 24 25 26 27 28 29 30 31 32 33 34 35 36 38 39 
26 0 1 2 6 8 10 12 13 14 15 17 18 19 20 21 24 25 26 27 28 30 31 32 35 37 38 
35 0 2 3 4 5 6 7 8 10 11 14 15 16 17 19 20 21 22 23 24 25 26 27 28 29 30 31 32 33 34 35 36 37 38 39 
23 0 1 2 10 12 13 14 15 17 18 19 20 21 24 25 27 28 30 31 32 35 37 38 
8 0 1 2 17 19 27 35 37 
34 0 1 2 4 5 6 8 9 10 11 12 13 14 15 17 18 19 20 21 22 24 25 26 27 28 29 30 31 32 34 35 37 38 39 
23 0 1 2 8 10 12 13 14 15 17 18 19 20 21 24 25 27 30 31 32 35 37 38 
35 0 1 2 4 5 6 8 9 10 11 12 13 14 15 17 18 19 20 21 22 23 24 25 26 27 28 29 30 31 32 34 35 36 38 39 
30 0 1 2 4 5 6 8 9 10 12 13 14 15 17 18 19 20 21 24 25 27 28 29 30 31 32 34 35 37 38 
36 0 1 2 4 5 6 8 9 10 11 12 13 14 15 16 17 18 19 20 21 22 24 25 26 27 28 29 30 31 32 33 34 35 37 38 39 
