40 15 8e+06
2.53556 149222
1.16236 137582
1.85632 133135
2.97646 142173
1.47672 188868
2.70909 134996
2.8543 113790
2.09744 103186
1.51944 111818
2.807 162945
2.88579 139814
1.12572 181662
2.20485 165456
1.49765 132854
1.92713 182672
1.57664 136572
2.44684 118089
2.25517 151929
1.17992 184782
1.11607 193424
1.2898 150807
2.80861 113706
2.56735 104438
2.47336 115265
1.00987 166970
1.16872 155554
2.43877 117660
1.6835 100738
2.69671 134140
1.55847 116744
2.49783 172403
1.7624 136059
2.68498 109989
1.74042 128283
1.46511 162223
1.35928 190664
2.40042 198979
1.25725 195513
1.36926 195001
1.57461 128719
0.903099 0.00120464 10
0.92271 0.0158878 7
0.930638 0.0673612 5
0.934574 0.0728492 5
0.937862 0.0782523 5
0.982344 0.716088 2
0.908085 0.00280367 9
0.91161 0.00615214 8
0.947278 0.166477 4
0.972233 0.627532 2
0.947074 0.165796 4
0.911174 0.00608719 8
0.92038 0.0149758 7
0.893157 9.98032e-05 13
0.954167 0.314888 3
0.878143 0.00155001 9
0.868465 0.000117811 12
0.90219 0.0459714 5
0.885612 0.00379799 8
0.882534 0.00364235 8
0.948693 0.521457 2
0.854952 1.4219e-06 17
0.948768 0.521663 2
0.944338 0.510496 2
0.920773 0.113345 4
0.892985 0.00910002 7
0.857516 3.48168e-06 16
0.879799 0.00158848 9
0.859291 8.31357e-06 15
0.973576 1 1
0.940665 0.147245 4
0.882646 7.20791e-06 16
0.961271 0.353637 3
0.92378 0.0310762 6
0.897845 0.0005034 11
0.926954 0.0333323 6
0.868274 3.69115e-08 22
0.946327 0.163353 4
0.986211 0.761349 2
0.912608 0.00630616 8
0.918896 0.0144466 7
0.873849 5.02253e-07 19
0.930415 0.067078 5
0.91667 0.0137186 7
0.956466 0.326163 3
0.880417 0.00160335 9
0.935152 0.253308 3
0.906361 0.0478767 5
0.923866 0.233258 3
0.946463 0.515624 2
0.971533 1 1
0.922698 0.231599 3
0.885611 0.00379796 8
0.917598 0.109976 4
0.992032 1 1
0.942416 0.506188 2
0.923282 0.232421 3
0.903955 0.0467464 5
0.875564 0.000670068 10
0.927745 0.239264 3
0.913018 0.0254297 6
0.935862 0.13637 4
0.939941 0.264706 3
0.951386 0.302629 3
0.951966 0.305068 3
0.965577 0.586709 2
0.920573 0.0569617 5
0.902362 0.0104299 7
0.943737 0.275389 3
0.971004 0.619123 2
0.964307 0.580119 2
0.92465 0.0606471 5
0.934995 0.134632 4
0.906338 0.0111537 7
0.942028 0.27038 3
0.977883 1 1
0.895144 0.00936793 7
0.991306 1 1
0.94672 0.516271 2
0.908553 0.048989 5
0.907879 0.0486377 5
0.881978 0.000748149 10
0.908467 0.0489436 5
0.949124 0.522644 2
0.904809 0.0225341 6
0.932401 0.247642 3
0.888945 0.00398492 8
0.964305 0.580108 2
0.955805 0.543756 2
0.921596 0.114284 4
0.909334 0.0494062 5
0.902895 0.0219789 6
0.936584 0.256499 3
0.925193 0.118742 4
0.918327 0.110715 4
0.970134 0.613422 2
0.888241 0.00182112 9
0.933831 0.250515 3
0.967207 0.59569 2
0.949263 0.523029 2
0.932109 0.247075 3
0.89197 0.00417412 8
0.917602 0.109979 4
0.893806 0.00429936 8
0.97654 1 1
0.887722 0.01863 6
0.916219 0.223443 3
0.914857 0.107355 4
0.919777 0.227716 3
0.929807 0.242802 3
0.996881 1 1
0.902657 0.0461721 5
0.908081 0.101812 4
0.936434 0.494508 2
0.973478 1 1
0.934148 0.490635 2
0.904486 0.0993101 4
0.904631 0.0994062 4
0.877695 0.00342487 8
0.951203 0.52864 2
0.943394 0.274354 3
0.877785 6.4611e-05 13
0.960825 0.563709 2
0.920457 0.0568654 5
0.892779 0.00197903 9
0.920152 0.0566154 5
0.863583 7.90936e-07 18
0.946204 0.283258 3
0.979562 1 1
0.906096 0.0111063 7
0.914227 0.0259423 6
0.869313 4.73072e-06 16
0.92919 0.124478 4
0.917952 0.0548961 5
0.950761 0.300067 3
0.894759 0.00205731 9
0.936323 0.255904 3
0.921253 0.0575338 5
0.936029 0.136713 4
0.950419 0.298691 3
0.975758 0.654219 2
0.922152 0.0583152 5
0.895213 0.00207617 9
0.930922 0.127261 4
0.989646 1 1
0.952971 0.53413 2
0.924361 0.0603642 5
0.917402 0.05449 5
0.888861 0.00085487 10
0.9373 0.25816 3
0.922436 0.0585687 5
0.948502 0.291338 3
0.930189 0.126059 4
0.972239 0.627575 2
0.952357 0.306747 3
0.897229 0.00216439 9
0.940614 0.147117 4
0.852523 1.36747e-10 28
0.896761 0.00102086 10
0.914432 0.0260315 6
0.961989 0.568936 2
0.948868 0.292697 3
0.959423 0.557724 2
0.939507 0.144413 4
0.8814 3.25141e-05 14
0.961028 0.564602 2
0.906046 0.0477234 5
0.990429 1 1
0.954556 0.539382 2
0.920577 0.113126 4
0.924138 0.117371 4
0.892004 0.00898454 7
0.91399 0.106575 4
0.959469 0.557919 2
0.920842 0.113422 4
0.944363 0.510553 2
0.898581 0.0208565 6
0.963406 0.575648 2
0.944485 0.510839 2
0.934247 0.251379 3
0.86662 3.44547e-08 22
0.88626 3.76602e-05 14
0.892741 0.000207444 12
0.889791 8.9718e-05 13
0.898666 0.00107041 10
0.967916 0.599791 2
0.873842 1.10699e-06 18
0.915395 0.0133346 7
0.92573 0.0324228 6
0.942809 0.152877 4
0.902558 0.0024385 9
0.874909 1.1501e-06 18
0.877551 2.77164e-06 17
0.852996 1.15665e-11 0
0.951769 0.304234 3
0.867751 4.52903e-06 16
0.891288 0.00192406 9
0.894093 0.00431973 8
0.893218 0.00425833 8
0.90354 0.0106326 7
0.972215 0.627411 2
0.878934 0.000145987 12
0.911809 0.0249423 6
0.925152 0.118687 4
0.948171 0.290128 3
0.906653 0.0231071 6
0.879883 0.000149136 12
0.880103 0.000149884 12
0.854994 5.0901e-08 21
0.949819 0.296326 3
0.943394 0.274354 3
0.936448 0.137581 4
0.962563 0.571607 2
0.988386 1 1
0.949897 0.296632 3
0.924522 0.0605218 5
0.922707 0.0588126 5
0.886891 0.00017671 12
0.93292 0.130723 4
0.933576 0.131922 4
0.974576 0.644827 2
0.929908 0.125608 4
0.97589 0.6553 2
0.945032 0.279422 3
0.915831 0.0266626 6
0.891027 0.000197535 12
0.987121 1 1
0.906065 0.00265887 9
0.950337 0.298366 3
0.978361 0.676626 2
0.907352 0.00557038 8
0.979411 0.686393 2
0.843394 7.17538e-12 0
0.885628 3.69187e-05 14
0.932088 0.0692708 5
0.961635 0.355961 3
0.987713 1 1
0.927219 0.0633155 5
0.902857 0.00245589 9
0.878709 6.3004e-06 16
0.926011 0.23648 3
0.922572 0.115434 4
0.954188 0.538134 2
0.95139 0.529201 2
0.938706 0.26156 3
0.958601 0.554374 2
0.907366 0.0483764 5
0.915351 0.107809 4
0.959938 0.559886 2
0.954469 0.539084 2
0.95678 0.547328 2
0.912275 0.105099 4
0.941769 0.504804 2
0.91508 0.107559 4
0.951763 0.530339 2
0.904375 0.0224049 6
0.888827 0.00397793 8
0.930066 0.243265 3
0.912512 0.0512286 5
0.904004 0.0222959 6
0.960555 0.562528 2
0.874421 0.000132513 12
0.947409 0.51804 2
0.970086 0.61311 2
0.936159 0.255533 3
0.917985 0.110366 4
0.878059 0.000315878 11
0.907539 0.0484642 5
0.886108 0.00175574 9
0.99197 1 1
0.916159 0.0536024 5
0.890122 0.00188325 9
0.941604 0.269187 3
0.919435 0.056038 5
0.905618 0.0227808 6
0.952911 0.533938 2
0.875495 6.11603e-05 13
0.94904 0.522411 2
0.982842 1 1
0.932322 0.247488 3
0.922199 0.11499 4
0.879799 0.000326909 11
0.917044 0.0542294 5
0.896777 0.00452138 8
0.984008 1 1
0.845739 8.0263e-12 0
0.897017 0.000491728 11
0.87153 2.07883e-07 20
0.88214 1.53232e-05 15
0.905127 0.0025963 9
0.951546 0.303294 3
0.887715 8.43015e-05 13
0.87756 2.77252e-06 17
0.894425 0.000458089 11
0.946902 0.165226 4
0.899433 0.00109165 10
0.886341 3.77565e-05 14
0.864435 6.24891e-09 24
0.83779 5.54337e-12 0
0.915293 0.0133048 7
0.961578 0.355592 3
0.906086 0.00541809 8
0.952109 0.305677 3
0.95494 0.318557 3
0.914338 0.0130331 7
0.883453 3.45401e-05 14
0.896592 0.00048592 11
0.866405 3.41517e-08 22
0.907715 0.00561557 8
0.890819 0.000196389 12
0.934199 0.0722823 5
0.904458 0.00255339 9
0.977113 0.66558 2
0.986282 1 1
0.884116 3.52386e-05 14
0.917057 0.109439 4
0.874687 0.000296385 11
0.938561 0.261201 3
0.908079 0.0487411 5
0.889979 0.0087576 7
0.935457 0.253974 3
0.860272 8.50103e-06 15
0.96514 0.584405 2
0.984215 1 1
0.914508 0.107039 4
0.907879 0.0486377 5
0.864876 4.85943e-05 13
0.910123 0.0498396 5
0.894171 0.00924469 7
0.976479 1 1
0.912402 0.00627381 8
0.905162 0.00127782 10
0.939864 0.145272 4
0.928641 0.0346742 6
0.92073 0.0151065 7
0.968817 0.605176 2
0.890406 4.31697e-05 14
0.932303 0.0695644 5
0.968352 0.602372 2
0.949934 0.175952 4
0.935178 0.0737804 5
0.894317 0.000217324 12
0.921132 0.0152593 7
0.897141 0.000237136 12
0.973886 0.639554 2
0.880027 0.00159392 9
0.988527 1 1
0.899023 0.0209641 6
0.938715 0.498679 2
0.981759 1 1
0.920291 0.112808 4
0.977847 1 1
0.847468 2.17715e-07 19
0.887303 0.00847906 7
0.947685 0.518761 2
0.956665 0.546899 2
0.97764 1 1
0.914145 0.106713 4
0.887466 0.00849544 7
0.885602 0.00379746 8
0.919638 0.0285844 6
0.960838 0.563766 2
0.933948 0.132618 4
0.980316 0.69516 2
0.969091 0.606855 2
0.914016 0.0258506 6
0.948994 0.29317 3
0.862431 6.58799e-08 21
0.906974 0.0112808 7
0.932379 0.129756 4
0.980198 0.693997 2
0.956994 0.328914 3
0.956933 0.328592 3
0.930499 0.126563 4
0.894529 0.000968041 10
0.957897 0.551587 2
0.907691 0.0234477 6
0.987206 1 1
0.955183 0.541553 2
0.922431 0.115265 4
0.927166 0.121461 4
0.893494 0.00200658 9
0.914911 0.0527531 5
0.961059 0.564741 2
0.92373 0.116855 4
0.946077 0.282834 3
0.899969 0.0100458 7
0.962139 0.569629 2
0.941977 0.270234 3
0.936539 0.256397 3
0.888062 0.000182206 12
0.865745 1.6733e-07 20
0.910818 0.0121253 7
0.888722 0.000396968 11
0.880357 3.15581e-05 14
0.941481 0.149326 4
0.851851 1.32595e-10 28
0.963676 0.576968 2
0.955233 0.319978 3
0.914738 0.0261664 6
0.893504 0.000945483 10
0.855112 8.0768e-10 26
0.885839 0.000172014 12
0.867301 3.96304e-07 19
0.980575 0.697734 2
0.966804 0.593413 2
0.911627 0.0506999 5
0.987604 1 1
0.96418 0.579478 2
0.925024 0.118518 4
0.915843 0.0533833 5
0.898302 0.009798 7
0.90032 0.0212891 6
0.945007 0.512067 2
0.917035 0.109417 4
0.949285 0.523089 2
0.905409 0.0227165 6
0.978031 1 1
0.957085 0.54847 2
0.920936 0.113528 4
0.854299 1.72135e-05 14
0.915906 0.108328 4
0.87985 0.003518 8
0.89619 0.0436285 5
0.923218 0.232329 3
0.955257 0.541811 2
0.906808 0.100896 4
0.872637 0.00143492 9
0.89647 0.0437291 5
0.961991 1 1
0.914817 0.107319 4
0.905194 0.0997824 4
0.876508 0.0033759 8
0.848974 1.22807e-06 17
0.912881 0.105611 4
0.94104 0.503282 2
0.932716 0.248263 3
0.945762 0.513888 2
0.976691 1 1
0.940094 0.501364 2
0.897347 0.0205645 6
0.923114 0.232183 3
0.863067 4.68823e-05 13
0.907309 0.0483475 5
0.909973 0.103242 4
0.957422 0.549753 2
0.931207 0.245358 3
0.977599 1 1
0.958115 0.552442 2
0.888375 0.00858795 7
0.917448 0.109826 4
0.961542 0.566898 2
0.937526 0.258696 3
0.976636 1 1
0.976594 1 1
0.932181 0.247213 3
0.946382 0.515421 2
0.874789 0.000296941 11
0.919029 0.111446 4
0.950403 0.526274 2
0.997766 1 1
0.952852 0.533748 2
0.95138 0.529172 2
0.921906 0.114645 4
0.909787 0.0496537 5
0.897277 0.00216657 9
0.888781 0.00039753 11
0.923181 0.0592463 5
0.908715 0.0116462 7
0.903647 0.00514796 8
0.965367 0.585599 2
0.87459 5.52591e-06 16
0.943409 0.274402 3
0.961824 0.568182 2
0.938936 0.14307 4
0.91584 0.026667 6
0.877783 1.33907e-05 15
0.90211 0.00499181 8
0.879896 3.11503e-05 14
0.987662 1 1
0.893617 0.00201137 9
0.918535 0.0553372 5
0.920923 0.0572539 5
0.925219 0.0612129 5
0.932771 0.130453 4
0.992878 1 1
0.904526 0.0108095 7
0.910237 0.0243428 6
0.941223 0.268135 3
0.973768 0.638672 2
0.938914 0.262079 3
0.906835 0.0112526 7
0.910491 0.0244374 6
0.883492 0.000162297 12
0.953528 0.311941 3
0.90595 0.0476771 5
0.905127 0.0472855 5
0.93332 0.249471 3
0.924745 0.234551 3
0.920415 0.112945 4
0.975058 1 1
0.890552 0.00882039 7
0.930239 0.243577 3
0.962327 0.570504 2
0.953337 0.535314 2
0.932962 0.248751 3
0.894025 0.019833 6
0.915789 0.108218 4
0.891321 0.00890635 7
0.97371 1 1
0.887792 0.0186422 6
0.926904 0.237893 3
0.914594 0.107116 4
0.925597 0.23584 3
0.940129 0.501434 2
0.984929 1 1
0.913421 0.106076 4
0.898562 0.0445055 5
0.930159 0.243431 3
0.985345 1 1
0.941896 0.505074 2
0.915022 0.222104 3
0.908136 0.101853 4
0.880239 0.00353543 8
0.941308 0.503837 2
0.86401 0.000108569 12
0.889836 0.0087421 7
0.890266 0.00878893 7
0.890163 0.00877763 7
0.901702 0.0457645 5
0.969004 1 1
0.877779 0.00154181 9
0.908623 0.102213 4
0.921071 0.229391 3
0.946528 0.515787 2
0.903965 0.0467508 5
0.878479 0.00155765 9
0.876697 0.00151796 9
0.851523 1.30589e-06 17
0.945851 0.514105 2
0.854732 3.25947e-06 16
0.917315 0.109694 4
0.880233 0.00159889 9
0.897082 0.0205033 6
0.924512 0.234204 3
0.954982 0.540851 2
0.908267 0.0488391 5
0.871996 0.00063319 10
0.896306 0.020327 6
0.962792 0.572692 2
0.915819 0.108246 4
0.906616 0.0480018 5
0.877235 0.00152971 9
0.849646 5.36779e-07 18
0.912346 0.105158 4
0.908435 0.0115856 7
0.898812 0.00468898 8
0.935305 0.135246 4
0.921764 0.0579743 5
0.914182 0.0259227 6
0.967524 0.597509 2
0.884222 0.000165216 12
0.937902 0.259593 3
0.969113 0.606992 2
0.945398 0.280601 3
0.928129 0.122866 4
0.887945 0.000389787 11
0.915078 0.0263182 6
0.892004 0.000914234 10
0.980974 1 1
0.88438 0.000782254 10
0.857613 2.90435e-07 19
0.905826 0.0228453 6
0.881601 0.00033911 11
0.872144 5.66495e-05 13
0.932544 0.247923 3
0.843813 2.18132e-10 27
0.969939 0.612172 2
0.950443 0.526392 2
0.905975 0.0228919 6
0.885621 0.000801117 10
0.847122 1.3496e-09 25
0.879901 0.000327576 11
0.862678 1.74446e-06 17
0.972131 0.626822 2
0.853294 4.81446e-08 21
0.913405 0.0517801 5
0.878912 0.000321199 11
0.894433 0.00434417 8
0.920858 0.11344 4
0.95532 0.542034 2
0.904264 0.0223722 6
0.873469 0.00012995 12
0.896439 0.00953839 7
0.960284 0.561358 2
0.912883 0.0514556 5
0.90269 0.0219217 6
0.875022 0.000134176 12
0.847589 3.1932e-09 24
0.913486 0.0518313 5
39 0 1 2 3 4 5 6 7 8 9 10 11 12 13 14 15 16 17 18 20 21 22 23 24 25 26 27 28 29 30 31 32 33 34 35 36 37 38 39 
29 0 1 2 3 4 6 7 8 9 12 13 16 17 18 19 21 22 23 26 28 31 32 33 34 35 36 37 38 39 
37 0 1 2 3 4 6 7 8 9 10 11 12 13 14 15 16 17 18 19 21 22 23 24 25 26 27 28 30 31 32 33 34 35 36 37 38 39 
35 0 1 2 3 4 6 7 8 9 11 12 13 14 15 16 17 18 19 21 22 23 24 25 26 28 30 31 32 33 34 35 36 37 38 39 
30 0 1 2 3 4 6 7 8 9 12 13 16 17 18 19 21 22 23 25 26 28 31 32 33 34 35 36 37 38 39 
11 1 12 13 19 26 28 31 35 36 38 39 
36 0 1 2 3 4 5 6 7 8 9 11 12 13 14 16 17 18 19 21 22 23 24 25 26 27 28 30 31 32 33 34 35 36 37 38 39 
20 0 1 3 7 9 12 13 17 19 26 28 31 32 33 34 35 36 37 38 39 
29 0 1 3 4 6 7 9 12 13 15 16 17 18 19 21 22 23 26 28 30 31 32 33 34 35 36 37 38 39 
19 1 3 6 7 12 13 17 19 26 28 31 32 33 34 35 36 37 38 39 
28 0 1 3 4 6 7 9 12 13 15 16 17 18 19 22 23 26 28 30 31 32 33 34 35 36 37 38 39 
37 0 1 2 3 4 5 6 7 8 9 11 12 13 14 15 16 17 18 19 21 22 23 24 25 26 27 28 30 31 32 33 34 35 36 37 38 39 
35 0 1 2 3 4 5 6 7 8 9 11 12 13 14 16 17 18 19 21 22 23 25 26 27 28 30 31 32 33 34 35 36 37 38 39 
38 0 1 2 3 4 5 6 7 8 9 10 11 13 14 15 16 17 18 20 21 22 23 24 25 26 27 28 29 30 31 32 33 34 35 36 37 38 39 
11 1 12 13 19 26 28 31 35 36 38 39 
