60 15 8e+06
1.2299 146632
2.82613 182186
1.93387 174941
2.18365 168597
1.82516 147854
1.84554 172996
1.87487 154721
1.3054 137706
2.3873 112869
2.90219 187410
2.03857 176542
2.86798 103117
2.00507 162922
1.47097 152954
1.37281 119125
2.35827 172792
1.19495 182079
2.54856 173177
2.85592 179208
1.38606 161040
1.38308 138821
1.37007 118291
2.51251 175065
1.34595 163109
1.38116 173863
2.414 165278
2.23632 197951
2.44669 100311
1.08918 107660
1.86806 150188
2.81243 100611
1.7027 106267
1.8774 181766
1.93022 150871
1.47462 110756
1.30156 105619
2.71851 130735
1.25782 166578
1.48015 134802
1.55344 145400
2.3091 120906
2.63286 111341
1.9569 167642
1.26219 167231
1.61216 117101
1.05032 143265
1.73162 186054
1.28085 132136
1.2951 191102
1.48145 123409
1.35633 179211
2.67719 153864
2.65017 105010
1.39449 177942
2.27655 154137
1.15052 126091
1.11678 112563
1.32769 139089
1.36685 178837
2.3113 143804
0.855386 3.30979e-06 16
0.872401 0.000637183 10
0.887055 0.0084544 7
0.897794 0.0206688 6
0.877485 0.00153524 9
0.949101 0.52258 2
0.898535 0.0208455 6
0.953536 0.535963 2
0.893008 0.0196239 6
0.858478 8.16304e-06 15
0.929413 0.242105 3
0.905893 0.0476495 5
0.876455 0.000679931 10
0.863701 4.74705e-05 13
0.893256 0.0196743 6
0.910859 0.10394 4
0.933843 0.49014 2
0.952214 0.531733 2
0.964645 1 1
0.940381 0.501939 2
0.953515 0.535895 2
0.943836 0.509342 2
0.967068 1 1
0.929372 0.242033 3
0.918353 0.22595 3
0.929866 0.242907 3
0.966512 1 1
0.941126 0.50346 2
0.920042 0.228054 3
0.945709 0.513759 2
0.902373 0.0218341 6
0.903002 0.0220089 6
0.875135 0.000298843 11
0.885516 0.00379293 8
0.903222 0.022071 6
0.883872 0.00169232 9
0.942583 0.506551 2
0.899179 0.0210025 6
0.954315 0.538564 2
0.895422 0.00940384 7
0.972659 1 1
0.92183 0.114556 4
0.897325 0.0205593 6
0.907378 0.0483821 5
0.931026 0.245019 3
0.869102 5.30224e-05 13
0.891696 0.00415613 8
0.925566 0.119241 4
0.934109 0.251091 3
0.898207 0.00978441 7
0.998104 1 1
0.902658 0.0219128 6
0.981964 1 1
0.890703 0.00409243 8
0.876976 0.000309362 11
0.907165 0.0482749 5
0.922144 0.114925 4
0.899992 0.0212055 6
0.877846 0.000695929 10
0.902804 0.0219533 6
0.873139 5.7928e-05 13
0.875973 0.000136889 12
0.856059 1.20889e-07 20
0.866948 9.97008e-06 15
0.877066 0.000140124 12
0.879804 0.000326941 11
0.914858 0.0527176 5
0.893339 0.00426669 8
0.923904 0.117075 4
0.867355 1.00722e-05 15
0.961824 0.568179 2
0.898963 0.00989454 7
0.871919 2.52654e-05 14
0.878476 0.000144509 12
0.903766 0.0222267 6
0.858498 1.30689e-07 20
0.880039 0.000149666 12
0.911082 0.0246605 6
0.919784 0.0563166 5
0.886301 0.000811838 10
0.985839 1 1
0.894442 0.00434478 8
0.973906 0.63971 2
0.883894 0.000355934 11
0.865448 4.2551e-06 16
0.906058 0.022918 6
0.911445 0.0248 6
0.887575 0.000832697 10
0.867168 4.45718e-06 16
0.893305 0.00426436 8
0.913851 0.0128986 7
0.936238 0.137144 4
0.949897 0.296632 3
0.962398 0.360947 3
0.942579 0.152247 4
0.950028 0.297143 3
0.948352 0.290787 3
0.964444 0.580812 2
0.933995 0.0719782 5
0.920732 0.0291984 6
0.933929 0.0718811 5
0.970134 0.613422 2
0.94276 0.152742 4
0.92308 0.030622 6
0.949762 0.296104 3
0.868359 4.11104e-07 19
0.892359 0.000434083 11
0.935447 0.135531 4
0.94113 0.148422 4
0.899138 0.00225526 9
0.976375 0.659313 2
0.895732 0.000995838 10
0.964884 0.583074 2
0.882231 3.331e-05 14
0.878124 1.35276e-05 15
0.891833 0.000428335 11
0.918503 0.0279782 6
0.902296 0.00501018 8
0.876854 1.30285e-05 15
0.898078 0.00220385 9
0.903482 0.0465342 5
0.929138 0.241625 3
0.975926 1 1
0.982629 1 1
0.936202 0.255631 3
0.946902 0.516733 2
0.92193 0.114673 4
0.950795 0.527424 2
0.906149 0.0477733 5
0.915095 0.107572 4
0.899644 0.0211179 6
0.948532 0.521021 2
0.940569 0.50232 2
0.911851 0.104746 4
0.927866 0.239463 3
0.882788 0.000159572 12
0.885328 0.000367269 11
0.863523 3.49315e-07 19
0.874355 1.21282e-05 15
0.886264 0.00037504 11
0.883223 0.000161245 12
0.924618 0.0606153 5
0.897451 0.00217458 9
0.934091 0.132888 4
0.876826 2.86408e-05 14
0.969664 0.610426 2
0.907641 0.0114177 7
0.880937 6.99374e-05 13
0.888136 0.000391531 11
0.913355 0.0255699 6
0.887895 0.000838113 10
0.913175 0.0516365 5
0.964301 0.580087 2
0.966512 0.591787 2
0.92008 0.0565565 5
0.951175 0.528554 2
0.906345 0.0230088 6
0.949329 0.294439 3
0.891032 0.00191493 9
0.899714 0.0100069 7
0.888501 0.000848552 10
0.932265 0.129556 4
0.924722 0.118124 4
0.896006 0.00446131 8
0.911737 0.0249141 6
0.881767 0.000745303 10
0.895132 0.00936639 7
0.894286 0.00925911 7
0.906046 0.0229141 6
0.899067 0.00990994 7
0.93241 0.24766 3
0.928431 0.240412 3
0.945934 0.514309 2
0.926011 0.119844 4
0.882109 0.000749934 10
0.966874 0.593809 2
0.92783 0.122424 4
0.896214 0.00950832 7
0.889725 0.00403178 8
0.920604 0.113155 4
0.863333 1.53683e-07 20
0.878555 3.00114e-05 14
0.886443 0.000174681 12
0.897739 0.00218791 9
0.883117 7.40777e-05 13
0.939803 0.145123 4
0.908258 0.0115477 7
0.948578 0.291619 3
0.904472 0.0052361 8
0.865049 3.67277e-07 19
0.94427 0.277024 3
0.911906 0.0249806 6
0.881245 7.04989e-05 13
0.87145 2.26199e-06 17
0.901688 0.00495071 8
0.874785 5.55915e-06 16
0.881763 7.14578e-05 13
0.868871 9.3434e-07 18
0.880201 3.14193e-05 14
0.883967 7.58053e-05 13
0.89925 0.00226081 9
0.91998 0.0287729 6
0.912456 0.0125301 7
0.925023 0.0610165 5
0.871265 2.24878e-06 17
0.971982 0.625784 2
0.909074 0.011725 7
0.879586 3.08809e-05 14
0.881268 3.23901e-05 14
0.909564 0.0118344 7
0.887978 8.49584e-05 13
0.913281 0.0127452 7
0.966994 0.594483 2
0.9666 0.592276 2
0.920084 0.0288309 6
0.944434 0.157513 4
0.903575 0.00249872 9
0.942484 0.151987 4
0.888089 8.52384e-05 13
0.900369 0.00111863 10
0.88345 1.59906e-05 15
0.929697 0.0661861 5
0.925203 0.0320465 6
0.895829 0.000475787 11
0.909626 0.00586672 8
0.917528 0.109906 4
0.934446 0.251799 3
0.929446 0.242163 3
0.941423 0.268687 3
0.939022 0.262351 3
0.935734 0.254584 3
0.962364 0.570673 2
0.952321 0.532068 2
0.951799 0.530448 2
0.92013 0.112631 4
0.957231 0.549025 2
0.969353 0.608479 2
0.936327 0.255914 3
0.926417 0.120404 4
0.958099 0.552379 2
0.933374 0.249581 3
0.955565 0.542899 2
0.951964 0.530958 2
0.96317 0.574501 2
0.96158 0.567071 2
0.930261 0.243617 3
0.964696 0.582099 2
0.944306 0.510422 2
0.948389 0.520632 2
0.939864 0.500908 2
0.934051 0.25097 3
0.990737 1 1
0.960441 0.562035 2
0.942802 0.507029 2
0.968866 1 1
0.922206 0.0300746 6
0.948174 0.16955 4
0.993419 1 1
0.988188 1 1
0.954831 0.318029 3
0.922261 0.0301082 6
0.928097 0.0642972 5
0.928566 0.0648377 5
0.911942 0.00620256 8
0.935828 0.0748143 5
0.893673 0.000213196 12
0.953691 0.312686 3
0.961038 0.35217 3
0.929758 0.0662607 5
0.937119 0.139005 4
0.932361 0.247563 3
0.937336 0.258245 3
0.907219 0.0483019 5
0.917254 0.109632 4
0.938074 0.497474 2
0.901075 0.0455035 5
0.978901 1 1
0.917142 0.109522 4
0.984424 1 1
0.927882 0.239491 3
0.964818 0.582731 2
0.956406 0.54594 2
0.932097 0.247051 3
0.93913 0.499474 2
0.966912 1 1
0.90839 0.00570184 8
0.933169 0.131174 4
0.964467 0.580931 2
0.976234 0.658132 2
0.940183 0.14605 4
0.953299 0.310904 3
0.934437 0.133549 4
0.962261 0.570196 2
0.919064 0.0282741 6
0.918005 0.0277212 6
0.915843 0.0134671 7
0.960111 0.346479 3
0.942725 0.152645 4
0.917328 0.0273812 6
0.938574 0.142234 4
0.922587 0.058704 5
0.948351 0.290784 3
0.992856 1 1
0.985244 1 1
0.954825 0.540305 2
0.919694 0.0562443 5
0.926676 0.120766 4
0.925825 0.11959 4
0.910603 0.0244792 6
0.936505 0.137701 4
0.89147 0.000903594 10
0.951866 0.304641 3
0.961307 0.565843 2
0.929923 0.125631 4
0.93595 0.136549 4
0.952152 0.53154 2
0.970932 1 1
0.942293 0.505923 2
0.950711 0.527178 2
0.974688 1 1
0.911117 0.104148 4
0.978788 1 1
0.925288 0.235367 3
0.961916 0.568603 2
0.956269 0.545439 2
0.932488 0.247813 3
0.98844 1 1
0.969939 1 1
0.961701 0.567622 2
0.987967 1 1
0.935074 0.134788 4
0.960348 0.561633 2
0.96491 0.583208 2
0.975098 0.648915 2
0.96743 0.596969 2
0.92765 0.0637924 5
0.955402 0.320807 3
0.939503 0.144405 4
0.938707 0.142539 4
0.944553 0.277906 3
0.920694 0.0291763 6
0.982878 0.721896 2
0.968876 0.605538 2
0.944261 0.276995 3
0.962828 0.572863 2
0.901189 0.021515 6
0.926875 0.237846 3
0.978707 1 1
0.981113 1 1
0.933828 0.250508 3
0.942558 0.506498 2
0.916697 0.109087 4
0.94494 0.511908 2
0.90086 0.0214287 6
0.913465 0.106115 4
0.893114 0.00911539 7
0.943295 0.508122 2
0.938797 0.261788 3
0.90926 0.0493664 5
0.923201 0.116198 4
0.901394 0.0102704 7
0.925544 0.119211 4
0.978067 1 1
0.966264 0.59042 2
0.931312 0.127914 4
0.91444 0.0524425 5
0.902732 0.0104925 7
0.915861 0.0533954 5
0.88703 0.000823651 10
0.915891 0.0534161 5
0.870944 2.46723e-05 14
0.927762 0.122325 4
0.938157 0.260212 3
0.907769 0.0234739 6
0.911653 0.024881 6
0.951596 0.529828 2
0.975397 0.651298 2
0.952158 0.531558 2
0.959603 0.558476 2
0.981379 1 1
0.912635 0.0513039 5
0.967853 0.59942 2
0.925632 0.119329 4
0.951355 0.529097 2
0.959325 0.557322 2
0.923286 0.116303 4
0.986673 1 1
0.978826 1 1
0.961115 0.564988 2
0.97806 1 1
0.983564 1 1
0.988522 1 1
0.931289 0.127875 4
0.933879 0.132488 4
0.981142 1 1
0.88198 0.00015654 12
0.956376 0.545831 2
0.894519 0.00204747 9
0.94718 0.286598 3
0.990246 1 1
0.905199 0.0109344 7
0.955229 0.541714 2
0.975392 0.65126 2
0.991446 1 1
0.966847 0.593654 2
0.89395 0.000102446 13
0.905227 0.00128027 10
0.896728 0.000234056 12
0.908455 0.00283177 9
0.908459 0.00283206 9
0.923082 0.0160435 7
0.941549 0.149503 4
0.938221 0.078895 5
0.940964 0.084172 5
0.892925 4.71614e-05 14
0.982561 0.718429 2
0.936166 0.075363 5
0.904743 0.00126234 10
0.901619 0.000563209 11
0.932479 0.0698071 5
0.92537 0.118978 4
0.946048 0.282739 3
0.945462 0.280808 3
0.957433 0.549795 2
0.951697 0.30393 3
0.936692 0.256748 3
0.962593 0.571747 2
0.951862 0.304625 3
0.94781 0.288824 3
0.930694 0.126882 4
0.941377 0.268558 3
0.982242 1 1
0.950249 0.298016 3
0.93468 0.134018 4
0.963497 0.57609 2
0.92473 0.118133 4
0.950803 0.527448 2
0.990636 1 1
0.987739 1 1
0.9575 0.550052 2
0.921422 0.114083 4
0.930439 0.126464 4
0.928251 0.123048 4
0.914269 0.0523313 5
0.938305 0.260572 3
0.89524 0.00440335 8
0.955881 0.54403 2
0.96368 0.576988 2
0.93234 0.129688 4
0.939599 0.263818 3
0.847496 5.08156e-07 18
0.865368 0.00011125 12
0.884162 0.0037228 8
0.89433 0.019897 6
0.8707 0.000620753 10
0.951317 0.528983 2
0.889318 0.00868665 7
0.951545 0.529673 2
0.883042 0.00366703 8
0.851336 1.29996e-06 17
0.917913 0.110293 4
0.898509 0.0444853 5
0.870181 0.000273591 11
0.855849 7.70303e-06 15
0.884746 0.00823297 7
0.899216 0.00225911 9
0.902347 0.00501527 8
0.878586 3.00369e-05 14
0.889364 0.000403092 11
0.903269 0.0051086 8
0.891794 0.000910012 10
0.942393 0.27142 3
0.907013 0.0112886 7
0.951585 0.303461 3
0.893555 0.000946574 10
0.982091 1 1
0.924381 0.0603841 5
0.897779 0.00218977 9
0.904926 0.00528605 8
0.930908 0.127236 4
0.870279 8.91998e-08 21
0.894422 0.000218015 12
0.938143 0.141256 4
0.943664 0.155273 4
0.901228 0.00114446 10
0.974551 0.644634 2
0.897003 0.000491528 11
0.964262 0.579894 2
0.883305 1.59146e-05 15
0.880217 6.62627e-06 16
0.89184 0.000202136 12
0.92013 0.0288567 6
0.904501 0.00255607 9
0.878758 2.89276e-06 17
0.899606 0.00109654 10
0.862385 2.03107e-05 14
0.885267 0.00377979 8
0.922382 0.231162 3
0.9298 0.242789 3
0.891835 0.00896502 7
0.989465 1 1
0.894431 0.0199184 6
0.972388 1 1
0.882316 0.00363188 8
0.870748 0.00027628 11
0.898437 0.0208218 6
0.914518 0.107047 4
0.894031 0.0198344 6
0.87102 0.000277584 11
0.894991 0.020038 6
0.881639 3.27396e-05 14
0.905276 0.0053252 8
0.941683 0.149853 4
0.950288 0.29817 3
0.912026 0.0124209 7
0.981383 0.705945 2
0.912105 0.0124408 7
0.98008 0.692847 2
0.898711 0.00107163 10
0.890474 0.00019451 12
0.908288 0.00568864 8
0.934215 0.133124 4
0.914358 0.0130385 7
0.890423 0.000194236 12
0.913776 0.0128783 7
0.904979 0.0472162 5
0.926351 0.237013 3
0.941195 0.503602 2
0.953433 0.535627 2
0.932449 0.247736 3
0.957543 0.550216 2
0.942583 0.506552 2
0.973509 1 1
0.929788 0.242768 3
0.911068 0.0503745 5
0.937484 0.258595 3
0.960895 0.564016 2
0.932343 0.247529 3
0.914109 0.106681 4
0.94216 0.505638 2
0.917793 0.0140765 7
0.919106 0.0145191 7
0.888941 4.10843e-05 14
0.899093 0.000521917 11
0.919258 0.0145722 7
0.89046 4.32488e-05 14
0.959276 0.341538 3
0.906286 0.00267407 9
0.971064 0.619524 2
0.911244 0.00609745 8
0.972078 0.626447 2
0.936934 0.0766437 5
0.913175 0.00639709 8
0.923241 0.0307251 6
0.947539 0.16736 4
0.898388 0.02081 6
0.915261 0.107726 4
0.918466 0.110859 4
0.930547 0.244137 3
0.920072 0.112568 4
0.946536 0.515808 2
0.943389 0.508332 2
0.96302 0.573782 2
0.935619 0.254329 3
0.90103 0.045485 5
0.95863 0.554491 2
0.950065 0.525298 2
0.91803 0.110411 4
0.907065 0.0482248 5
0.938201 0.497711 2
0.908986 0.049219 5
0.933673 0.25019 3
0.986619 1 1
0.974096 1 1
0.939644 0.263936 3
0.916945 0.109329 4
0.911048 0.050363 5
0.919946 0.11243 4
0.895216 0.0200866 6
0.923386 0.232569 3
0.878144 0.000699447 10
0.936168 0.255554 3
0.946441 0.51557 2
0.915651 0.108089 4
0.920094 0.112592 4
0.926078 0.119935 4
0.949514 0.295149 3
0.977625 1 1
0.967939 0.599927 2
0.954426 0.53894 2
0.903682 0.0106576 7
0.919518 0.0561039 5
0.909529 0.0240849 6
0.904215 0.0107529 7
0.941318 0.268395 3
0.879954 0.000149376 12
0.941694 0.269439 3
0.961853 0.568315 2
0.931902 0.128923 4
0.929975 0.125714 4
0.88019 0.00353324 8
0.905105 0.0997223 4
0.96049 1 1
0.956728 0.547131 2
0.911645 0.104577 4
0.935426 0.492764 2
0.892567 0.019535 6
0.931437 0.4864 2
0.877142 0.00340189 8
0.893175 0.0196577 6
0.871656 0.00141622 9
0.918473 0.226096 3
0.917275 0.224662 3
0.887585 0.0186061 6
0.899083 0.0447064 5
0.870836 1.10187e-05 15
0.89433 0.00203981 9
0.933098 0.131044 4
0.940436 0.266009 3
0.901034 0.0102124 7
0.986225 1 1
0.901095 0.0102222 7
0.974638 0.64531 2
0.888131 0.000842151 10
0.879771 0.000148757 12
0.900274 0.00481812 8
0.922676 0.0587847 5
0.903557 0.0106356 7
0.879494 0.000147832 12
0.90253 0.0104583 7
0.861709 4.56617e-05 13
0.883598 0.00369445 8
0.915604 0.108044 4
0.924233 0.233793 3
0.889942 0.00875366 7
0.990746 1 1
0.896926 0.0204675 6
0.977009 1 1
0.885923 0.00834397 7
0.868961 0.000267961 11
0.906338 0.0478655 5
0.914729 0.107238 4
0.891382 0.0193021 6
0.870406 0.000617996 10
0.896189 0.0203008 6
0.925821 0.119584 4
0.94728 0.286949 3
0.948568 0.521118 2
0.960571 0.562598 2
0.953185 0.534819 2
0.937133 0.25777 3
0.961086 0.564859 2
0.951874 0.53068 2
0.945876 0.282168 3
0.931767 0.246417 3
0.938294 0.260545 3
0.983028 1 1
0.952142 0.531509 2
0.935163 0.253333 3
0.962946 0.573427 2
0.989409 1 1
0.982337 1 1
0.925377 0.118987 4
0.928145 0.239929 3
0.975139 1 1
0.877678 0.000313561 11
0.956021 0.544536 2
0.890491 0.00407908 8
0.948724 0.521542 2
0.988254 1 1
0.905036 0.0226026 6
0.951377 0.529162 2
0.969192 0.607481 2
0.997313 1 1
0.965446 0.586016 2
0.845151 1.25377e-09 25
0.865189 9.54668e-06 15
0.892263 0.00419354 8
0.901245 0.0215297 6
0.871086 5.53413e-05 13
0.965123 0.584317 2
0.883586 0.000770641 10
0.957604 0.550453 2
0.874974 0.000134044 12
0.850865 4.45439e-08 21
0.903708 0.02221 6
0.897306 0.00965713 7
0.871705 5.60998e-05 13
0.853661 1.12215e-07 20
0.88093 0.000734182 10
0.885322 0.00173286 9
0.88924 0.0040025 8
0.869228 5.31642e-05 13
0.880223 0.000725058 10
0.890524 0.00408113 8
0.890002 0.00404876 8
0.928676 0.240829 3
0.904346 0.0223964 6
0.93688 0.257181 3
0.880085 0.000723301 10
0.976515 1 1
0.91299 0.0515219 5
0.885388 0.00173477 9
0.891093 0.00411717 8
0.917501 0.109878 4
0.930878 0.244745 3
0.957208 0.548937 2
0.983911 1 1
0.984424 1 1
0.964009 0.578622 2
0.918998 0.111414 4
0.936018 0.255216 3
0.927015 0.121245 4
0.91984 0.112315 4
0.94431 0.510432 2
0.89882 0.0209146 6
0.960895 0.564016 2
0.970097 0.613184 2
0.938639 0.261395 3
0.945547 0.513365 2
0.986279 1 1
0.977882 1 1
0.921824 0.114549 4
0.925818 0.23618 3
0.971762 1 1
0.878902 0.00156739 9
0.962583 0.571705 2
0.892346 0.00902433 7
0.956728 0.547131 2
0.979562 1 1
0.911772 0.104682 4
0.953509 0.535875 2
0.964824 0.582761 2
0.99363 1 1
0.970666 1 1
0.853248 1.17205e-11 0
0.874174 1.05169e-07 21
0.903497 0.00121819 10
0.912342 0.00626438 8
0.880288 1.40988e-06 18
0.977503 0.668965 2
0.890349 4.30855e-05 14
0.967938 0.59992 2
0.880596 1.42724e-06 18
0.859675 3.76975e-11 30
0.905609 0.00129472 10
0.905974 0.00130877 10
0.881275 3.17202e-06 17
0.861864 2.15877e-10 28
0.888551 1.90752e-05 15
0.925546 0.235762 3
0.937063 0.257605 3
0.918128 0.110512 4
0.929216 0.241761 3
0.93982 0.26439 3
0.918062 0.110444 4
0.974651 1 1
0.93443 0.251764 3
0.968837 1 1
0.924717 0.234509 3
0.966974 0.594369 2
0.965616 0.586921 2
0.935226 0.25347 3
0.933676 0.250197 3
0.965716 0.587453 2
0.888691 0.00396991 8
0.9128 0.0514044 5
0.967212 0.595719 2
0.957592 0.550405 2
0.918704 0.111106 4
0.916921 0.109305 4
0.892594 0.00905347 7
0.915686 0.108122 4
0.876986 0.000309425 11
0.90287 0.021972 6
0.864447 2.12412e-05 14
0.918003 0.110384 4
0.92529 0.118871 4
0.89517 0.00937124 7
0.900821 0.0214184 6
0.839856 6.0875e-12 0
0.860403 1.1898e-08 23
0.890416 0.000413507 11
0.898692 0.00223335 9
0.866425 1.71484e-07 20
0.963394 0.57559 2
0.876907 5.94219e-06 16
0.95269 0.308196 3
0.867808 4.03306e-07 19
0.846132 8.18071e-12 0
0.89514 0.000981975 10
0.891758 0.000427528 11
0.867442 1.77971e-07 20
0.848334 9.11578e-12 0
0.874811 5.56366e-06 16
0.884426 3.55724e-05 14
0.899303 0.00108798 10
0.901531 0.00238048 9
0.913352 0.0127643 7
0.903649 0.00250323 9
0.940385 0.146548 4
0.930555 0.0672559 5
0.95441 0.316025 3
0.926213 0.0622356 5
0.88576 7.96816e-05 13
0.96226 0.57019 2
0.93294 0.0704521 5
0.901234 0.00236415 9
0.892672 0.000437574 11
0.923685 0.0310139 6
0.965863 0.385797 3
0.951908 0.304822 3
0.900365 0.000542046 11
0.906302 0.00132164 10
0.947318 0.166614 4
0.86982 1.77725e-08 23
0.96337 0.367544 3
0.884515 7.70982e-06 16
0.969868 0.611719 2
0.953026 0.309682 3
0.922299 0.0157196 7
0.941088 0.148315 4
0.940037 0.0823107 5
0.966763 0.392885 3
0.962664 0.362729 3
0.89197 9.6046e-05 13
0.901385 0.000559146 11
0.889696 4.21385e-05 14
0.901263 0.000557052 11
0.904112 0.00123961 10
0.914936 0.00669586 8
0.939189 0.0806792 5
0.929786 0.035649 6
0.941058 0.148237 4
0.889823 4.23207e-05 14
0.988348 0.789771 2
0.930633 0.0364059 6
0.899972 0.000535698 11
0.899214 0.000523778 11
0.929292 0.0352223 6
0.8679 2.29602e-05 14
0.88317 0.0007647 10
0.890281 0.00406597 8
0.9017 0.021651 6
0.887725 0.00180485 9
0.941308 0.268369 3
0.913024 0.051543 5
0.951286 0.528888 2
0.909029 0.0492418 5
0.869615 2.38999e-05 14
0.948128 0.519934 2
0.916657 0.0539526 5
0.885787 0.00174631 9
0.876063 0.00013715 12
0.90646 0.0230453 6
0.966792 0.593349 2
0.987084 1 1
0.946197 0.514959 2
0.946205 0.514979 2
0.985505 1 1
0.88774 0.00391492 8
0.945442 0.513109 2
0.898624 0.0208669 6
0.933083 0.248993 3
0.982499 1 1
0.896262 0.020317 6
0.954734 0.539992 2
0.987212 1 1
0.972276 1 1
0.957112 0.548574 2
0.898195 0.0443661 5
0.900563 0.0452942 5
0.875885 0.00150056 9
0.886571 0.00840679 7
0.901294 0.0455944 5
0.888662 0.00861764 7
0.940468 0.502115 2
0.903812 0.0466819 5
0.950425 0.526338 2
0.892133 0.0194487 6
0.978673 1 1
0.921788 0.23035 3
0.895706 0.0201935 6
0.903671 0.0466184 5
0.928958 0.241314 3
0.943079 0.507641 2
0.940422 0.502022 2
0.899985 0.0450614 5
0.908573 0.102176 4
0.938928 0.499085 2
0.884766 0.0037537 8
0.975261 1 1
0.900418 0.0452353 5
0.992497 1 1
0.934846 0.252649 3
0.94902 0.522354 2
0.947772 0.518988 2
0.931987 0.246838 3
0.947828 0.519136 2
0.965763 1 1
57 0 1 2 3 4 5 6 7 8 9 10 11 12 13 14 15 16 17 18 19 20 21 22 23 24 25 26 27 28 29 30 31 32 33 34 35 36 37 38 39 40 41 42 43 44 45 46 47 48 50 51 53 55 56 57 58 59 
56 0 1 2 3 4 5 6 7 8 9 10 11 12 13 14 15 16 17 18 19 20 21 22 23 24 25 27 28 29 30 31 32 33 34 35 36 37 38 39 40 41 42 43 45 46 47 49 50 51 52 53 54 55 56 58 59 
45 0 1 2 3 4 5 6 7 8 9 10 11 12 13 14 15 16 18 19 22 23 27 28 30 31 32 33 34 35 36 37 40 41 42 43 45 46 49 50 51 52 53 55 56 58 
41 0 1 2 3 4 5 6 7 8 9 10 11 12 13 14 15 19 23 27 28 30 31 32 33 34 35 37 40 41 42 43 45 46 49 50 51 52 53 55 56 58 
55 0 1 2 3 4 5 6 7 8 9 10 11 12 13 14 15 16 17 18 19 20 21 22 23 24 25 27 28 29 30 31 32 33 34 35 36 37 38 39 40 41 42 43 45 46 47 49 50 51 52 53 55 56 58 59 
14 0 4 5 11 12 13 30 33 42 45 49 52 53 56 
44 0 1 2 3 4 5 6 7 8 9 10 11 12 13 14 15 16 18 19 23 27 28 30 31 32 33 34 35 36 37 40 41 42 43 45 46 49 50 52 53 55 56 58 59 
23 0 2 3 4 5 9 11 12 13 27 30 31 33 37 42 45 46 49 52 53 55 56 58 
54 0 1 2 3 4 5 6 7 8 9 10 11 12 13 14 15 16 17 18 19 20 21 22 23 24 25 27 28 29 30 31 32 33 34 35 36 37 38 39 40 41 42 43 45 46 47 49 50 51 52 53 55 56 58 
59 0 1 2 3 4 5 6 7 8 9 10 11 12 13 14 15 16 17 18 19 20 21 22 23 24 25 26 27 28 29 30 31 32 33 34 35 36 37 38 39 40 41 42 43 44 45 46 47 48 49 50 51 53 54 55 56 57 58 59 
24 0 3 4 5 7 9 11 12 13 27 30 32 33 34 37 41 42 45 46 49 52 53 55 56 
48 0 1 3 4 5 6 7 8 9 10 11 12 13 14 15 16 17 19 20 22 23 24 27 28 29 30 31 32 33 34 35 37 38 40 41 42 43 45 46 47 49 50 51 52 53 55 56 58 
54 0 1 2 3 4 5 6 7 8 9 10 11 12 13 14 15 16 17 18 19 20 21 22 23 24 25 27 28 29 30 31 32 33 34 35 36 37 38 39 40 41 42 43 45 46 47 49 50 51 52 53 55 56 58 
58 0 1 2 3 4 5 6 7 8 9 10 11 12 13 14 15 16 17 18 19 20 21 22 23 24 25 26 27 28 29 30 31 32 33 34 35 36 37 38 39 40 41 42 43 44 45 46 47 48 49 50 51 53 55 56 57 58 59 
42 0 1 2 3 4 5 6 7 8 9 10 11 12 13 14 15 16 18 19 27 28 30 31 32 33 34 35 36 37 41 42 43 45 46 49 50 52 53 55 56 58 59 
