60 15 8e+06
2.84235 188161
1.55123 140240
1.66228 158210
2.37887 194527
2.34349 172770
1.64151 140771
1.31407 114833
1.98888 101400
1.23948 108885
1.5154 112243
1.0493 191751
2.72991 185610
1.02448 108533
1.91908 121285
1.81645 165111
1.67394 113193
2.1728 159727
2.04174 177778
2.0321 198270
2.15845 162830
2.37767 197051
1.94531 118399
2.22175 163955
1.89244 182145
1.32695 145043
1.34499 169735
1.40714 119194
1.43509 160111
1.01174 183439
2.77596 186332
1.55928 110688
2.63344 135892
1.43666 155727
1.32859 138980
1.21715 132412
1.5577 180795
1.11746 183966
1.59535 174198
2.0848 183857
2.12546 150806
1.50499 141417
1.24883 156379
2.8183 124660
1.23911 175890
1.19964 120169
1.19862 130985
1.36502 130996
1.26052 195563
1.4653 100233
1.25698 136268
1.95167 193299
1.06489 186707
1.67697 130828
1.3425 171387
1.52011 194129
1.6786 141761
1.44331 138842
1.38136 184577
1.53012 193645
2.76362 188618
0.9535 0.311815 3
0.988188 1 1
0.959032 0.556118 2
0.947746 0.288597 3
0.95399 0.31406 3
0.958676 0.554675 2
0.976103 0.657052 2
0.932207 0.129455 4
0.93497 0.134584 4
0.899357 0.00473619 8
0.938907 0.143001 4
0.948862 0.292677 3
0.914509 0.0260654 6
0.947678 0.288355 3
0.89925 0.00472687 8
0.926203 0.0622252 5
0.88695 0.000380928 11
0.883449 0.000162128 12
0.881182 7.03828e-05 13
0.901391 0.00492225 8
0.895055 0.00206955 9
0.871227 4.99737e-06 16
0.866893 8.76535e-07 18
0.887424 0.000385099 11
0.956495 0.546271 2
0.923877 0.0598996 5
0.930072 0.125871 4
0.908595 0.0116201 7
0.853369 1.72199e-09 25
0.897993 0.00219985 9
0.928928 0.065262 5
0.915918 0.0267031 6
0.933808 0.132355 4
0.871847 2.29067e-06 17
0.890217 0.000411499 11
0.94216 0.270754 3
0.909257 0.0117656 7
0.854795 7.96672e-10 26
0.954175 0.314924 3
0.955841 0.322988 3
0.96102 0.564567 2
0.924079 0.0600923 5
0.987946 1 1
0.905131 0.00530892 8
0.981716 0.709413 2
0.951874 0.53068 2
0.940318 0.265695 3
0.954721 0.539947 2
0.895043 0.00438877 8
0.913229 0.0516703 5
0.965368 0.585601 2
0.931642 0.246178 3
0.877586 0.000313006 11
0.967277 0.596091 2
0.953171 0.534775 2
0.985324 1 1
0.945896 0.282234 3
0.980225 1 1
0.922654 0.115533 4
0.96202 0.56908 2
0.949605 0.523989 2
0.93201 0.246884 3
0.907365 0.0483755 5
0.97108 1 1
0.983317 1 1
0.913835 0.106439 4
0.915832 0.108259 4
0.95762 0.550514 2
0.891221 0.00889498 7
0.898711 0.020888 6
0.917275 0.109654 4
0.954732 0.539985 2
0.886114 0.00382483 8
0.889197 0.00867378 7
0.869666 0.000120539 12
0.907749 0.048571 5
0.899849 0.0450071 5
0.921593 0.230087 3
0.853031 3.13366e-06 16
0.870364 0.000274452 11
0.927206 0.238381 3
0.896284 0.020322 6
0.836424 9.18635e-10 25
0.94564 0.513591 2
0.937199 0.495871 2
0.939612 0.50041 2
0.902691 0.0461867 5
0.971947 1 1
0.897579 0.0206185 6
0.988868 1 1
0.937266 0.495993 2
0.898187 0.044363 5
0.895556 0.043404 5
0.888159 0.0187068 6
0.909003 0.102499 4
0.907327 0.101265 4
0.882578 0.00803795 7
0.872952 0.00144104 9
0.899697 0.044947 5
0.967539 1 1
0.936683 0.494947 2
0.940453 0.502085 2
0.920485 0.228625 3
0.864975 0.000250943 11
0.908991 0.102489 4
0.977083 0.665319 2
0.943406 0.274391 3
0.924856 0.0608504 5
0.948713 0.29212 3
0.971225 0.620602 2
0.934091 0.132888 4
0.925126 0.0611192 5
0.931543 0.128305 4
0.913225 0.0127304 7
0.926966 0.0630397 5
0.94468 0.278306 3
0.984046 1 1
0.912712 0.0125959 7
0.899916 0.00229451 9
0.895899 0.000999832 10
0.964756 0.582409 2
0.976282 1 1
0.948386 0.290912 3
0.959241 0.556976 2
0.970319 0.614616 2
0.952093 0.531355 2
0.959497 0.558034 2
0.941451 0.268764 3
0.927521 0.121973 4
0.906187 0.0229588 6
0.941496 0.268888 3
0.961976 0.568876 2
0.912858 0.0514404 5
0.931661 0.128508 4
0.896546 0.00450321 8
0.935021 0.0735362 5
0.914697 0.0131338 7
0.89077 9.24733e-05 13
0.959653 0.343751 3
0.965195 0.584693 2
0.897529 0.000498881 11
0.898875 0.000518608 11
0.952948 0.309337 3
0.875698 1.18362e-06 18
0.8904 9.14148e-05 13
0.903443 0.00249075 9
0.941076 0.148282 4
0.872805 2.18669e-07 20
0.872716 2.1789e-07 20
0.856706 7.31498e-11 29
0.95007 0.297311 3
0.924221 0.0313703 6
0.932491 0.069823 5
0.890035 9.03921e-05 13
0.910263 0.00595553 8
0.94401 0.156271 4
0.912437 0.0125252 7
0.872721 4.8131e-07 19
0.943258 0.154125 4
0.977563 0.669493 2
0.97481 0.646646 2
0.946941 0.285769 3
0.967131 0.595258 2
0.900524 0.00112319 10
0.953086 0.309949 3
0.939484 0.0812397 5
0.979468 0.686931 2
0.978165 0.674853 2
0.921906 0.0155616 7
0.928511 0.0345674 6
0.969654 0.610362 2
0.993897 1 1
0.907578 0.00276599 9
0.952423 0.307031 3
0.89678 0.000234439 12
0.939513 0.081295 5
0.932977 0.0705038 5
0.924423 0.0315068 6
0.97328 0.635051 2
0.911623 0.00309479 9
0.950463 0.298866 3
0.92823 0.123017 4
0.938355 0.260695 3
0.890689 0.000888447 10
0.910441 0.0244185 6
0.949651 0.295674 3
0.917307 0.0544201 5
0.873279 1.17707e-05 15
0.950067 0.297298 3
0.970702 0.617121 2
0.979175 1 1
0.946423 0.283998 3
0.973322 0.635358 2
0.90638 0.0111621 7
0.957967 0.551862 2
0.979839 0.690502 2
0.952133 0.305781 3
0.931783 0.0688587 5
0.953893 0.313613 3
0.976399 0.659511 2
0.940258 0.146233 4
0.933765 0.0716392 5
0.935787 0.0747475 5
0.918121 0.0141844 7
0.923145 0.0306633 6
0.946507 0.163934 4
0.984097 0.735679 2
0.914362 0.00659556 8
0.907936 0.00279244 9
0.897387 0.000496881 11
0.920846 0.0571897 5
0.881088 7.02119e-05 13
0.873144 5.28847e-06 16
0.886107 0.00017319 12
0.904818 0.00527402 8
0.884389 0.000165894 12
0.864517 1.6018e-07 20
0.873622 5.36515e-06 16
0.873568 5.35643e-06 16
0.935915 0.136479 4
0.910581 0.0120691 7
0.926382 0.062414 5
0.891138 0.00042094 11
0.844434 7.5386e-12 0
0.879393 3.07144e-05 14
0.97773 1 1
0.947972 0.519518 2
0.947276 0.517695 2
0.916187 0.108595 4
0.936567 0.256459 3
0.959663 0.558725 2
0.932994 0.248816 3
0.898298 0.0207884 6
0.946485 0.515679 2
0.9558 0.543738 2
0.985458 1 1
0.97297 1 1
0.952899 0.533898 2
0.915162 0.107635 4
0.935444 0.253944 3
0.943923 0.275955 3
0.934115 0.132934 4
0.907734 0.005618 8
0.982882 0.721946 2
0.984469 1 1
0.912835 0.0126279 7
0.919347 0.028426 6
0.969087 0.606832 2
0.889611 0.000189944 12
0.890239 0.000193249 12
0.912257 0.0124792 7
0.947811 0.288828 3
0.881543 3.26491e-05 14
0.89262 0.000436996 11
0.865188 7.29864e-08 21
0.966457 1 1
0.989306 1 1
0.969828 1 1
0.937277 0.496012 2
0.950091 0.525372 2
0.974364 1 1
0.971368 1 1
0.920059 0.228075 3
0.949232 0.522943 2
0.916088 0.223294 3
0.95724 0.549058 2
0.959995 0.560125 2
0.931812 0.246503 3
0.94636 0.515367 2
0.915795 0.108224 4
0.941687 0.149863 4
0.908327 0.00569361 8
0.889886 8.99794e-05 13
0.934155 0.0722166 5
0.949619 0.29555 3
0.899144 0.00108357 10
0.890905 9.28633e-05 13
0.923423 0.0308428 6
0.880249 6.63331e-06 16
0.912394 0.00627259 8
0.91411 0.0129698 7
0.94919 0.293911 3
0.884835 1.67477e-05 15
0.866099 1.50659e-08 23
0.869312 8.57601e-08 21
0.945457 0.513148 2
0.90463 0.0470546 5
0.896945 0.0204719 6
0.903185 0.0464026 5
0.923752 0.233094 3
0.908464 0.0489422 5
0.887803 0.00391853 8
0.88858 0.00860912 7
0.896541 0.0203798 6
0.952526 0.532712 2
0.934666 0.252264 3
0.950614 0.526891 2
0.912051 0.104912 4
0.867465 0.000115622 12
0.898524 0.0208428 6
0.924592 0.0316224 6
0.885543 8.00853e-06 16
0.88246 3.31746e-06 17
0.879218 6.22229e-07 19
0.89942 0.000255389 12
0.894059 0.000102819 13
0.869942 8.06507e-09 24
0.864918 5.68022e-10 27
0.886848 8.41369e-06 16
0.956771 0.327747 3
0.923046 0.0160281 7
0.92833 0.0344189 6
0.908501 0.0028353 9
0.852343 1.11783e-11 0
0.898206 0.000245391 12
0.961783 0.567992 2
0.92684 0.0629036 5
0.908892 0.0116848 7
0.94235 0.271297 3
0.962448 0.571068 2
0.918391 0.0279199 6
0.908913 0.0116895 7
0.927737 0.0638907 5
0.898865 0.00224176 9
0.924165 0.0601754 5
0.932488 0.129949 4
0.969413 0.608852 2
0.901812 0.00496268 8
0.884041 7.5958e-05 13
0.885599 0.000170975 12
0.983168 1 1
0.940705 0.502595 2
0.930285 0.243659 3
0.928839 0.241109 3
0.950917 0.527785 2
0.941558 0.50436 2
0.923092 0.116065 4
0.911463 0.0506042 5
0.924577 0.2343 3
0.947833 0.519151 2
0.961363 0.566092 2
0.987548 1 1
0.930182 0.243474 3
0.901016 0.0214695 6
0.913478 0.106126 4
0.968999 0.60629 2
0.933268 0.249366 3
0.915691 0.108126 4
0.943586 0.274933 3
0.965023 0.583793 2
0.925301 0.118885 4
0.915174 0.0529282 5
0.927783 0.239326 3
0.905557 0.0227619 6
0.927703 0.239194 3
0.938978 0.262241 3
0.976663 1 1
0.9078 0.0485976 5
0.890368 0.00407144 8
0.891348 0.00413351 8
0.952697 0.533253 2
0.922603 0.115471 4
0.902204 0.0217875 6
0.948853 0.521896 2
0.965836 0.588096 2
0.910811 0.0502276 5
0.905127 0.0226301 6
0.936113 0.25543 3
0.890318 0.00406831 8
0.912509 0.051227 5
0.922075 0.114843 4
0.959891 0.559685 2
0.89132 0.00413174 8
0.879539 0.000716423 10
0.87514 0.000298873 11
0.940771 0.147511 4
0.904234 0.00521031 8
0.905174 0.00531369 8
0.886206 0.000173625 12
0.907313 0.00556551 8
0.917002 0.0272205 6
0.889653 0.000405909 11
0.870106 9.73315e-07 18
0.911886 0.0123858 7
0.983311 1 1
0.947697 0.288423 3
0.942116 0.150997 4
0.934879 0.134405 4
0.873943 2.45171e-06 17
0.923754 0.0597825 5
0.952067 0.305497 3
0.926111 0.0327004 6
0.904022 0.00123644 10
0.956987 0.328875 3
0.972799 0.63156 2
0.911899 0.00619599 8
0.908977 0.00287226 9
0.944213 0.156864 4
0.890498 4.33058e-05 14
0.9072 0.00273845 9
0.920308 0.0149494 7
0.958649 0.337947 3
0.889211 4.14563e-05 14
0.882904 7.27415e-06 16
0.872873 9.94264e-08 21
0.92718 0.0632728 5
0.944263 0.277003 3
0.973278 0.635036 2
0.886507 0.000174968 12
0.898901 0.00224355 9
0.969526 0.609557 2
0.948316 0.290655 3
0.87073 2.21127e-06 17
0.989721 1 1
0.912846 0.0253591 6
0.949782 0.296183 3
0.919881 0.056395 5
0.957191 0.548872 2
0.954876 0.318248 3
0.950088 0.297381 3
0.959575 0.55836 2
0.957475 0.549955 2
0.930308 0.243701 3
0.975411 1 1
0.988511 1 1
0.934907 0.491888 2
0.941819 0.504911 2
0.956353 0.545745 2
0.910885 0.103961 4
0.90089 0.0454274 5
0.930023 0.243187 3
0.960535 0.562441 2
0.899716 0.0449546 5
0.914387 0.106929 4
0.883212 0.0080938 7
0.958158 0.55261 2
0.935335 0.253707 3
0.943494 0.274656 3
0.898047 0.00462438 8
0.917835 0.0548092 5
0.955335 0.542087 2
0.923575 0.116661 4
0.880484 0.000151193 12
0.952138 0.531496 2
0.96658 0.592165 2
0.986676 1 1
0.953751 0.536674 2
0.969636 0.610247 2
0.911009 0.0246325 6
0.952816 0.533634 2
0.967881 0.599583 2
0.951155 0.528495 2
0.957549 0.550242 2
0.909744 0.04963 5
0.928571 0.24065 3
0.970034 1 1
0.938984 0.262256 3
0.891957 0.00897912 7
0.960026 0.560258 2
0.951499 0.529532 2
0.996582 1 1
0.961542 0.566898 2
0.963944 0.578297 2
0.924496 0.11783 4
0.94604 0.51457 2
0.937413 0.258428 3
0.929993 0.125743 4
0.903195 0.0105723 7
0.985357 1 1
0.978199 1 1
0.907742 0.0234648 6
0.916122 0.0535764 5
0.975282 0.650379 2
0.884508 0.00036071 11
0.883951 0.000356372 11
0.906109 0.0111089 7
0.941144 0.267918 3
0.875698 6.14531e-05 13
0.889644 0.000868937 10
0.859467 1.34892e-07 20
0.960029 0.560268 2
0.994949 1 1
0.972677 0.630686 2
0.935784 0.136212 4
0.946616 0.284653 3
0.974301 0.642705 2
0.977875 0.672258 2
0.919219 0.0558678 5
0.949736 0.296004 3
0.910911 0.0121475 7
0.952696 0.308224 3
0.953683 0.312649 3
0.929447 0.124879 4
0.952161 0.305901 3
0.914033 0.0258581 6
0.952528 0.532717 2
0.947114 0.517277 2
0.963386 0.575547 2
0.898409 0.0208151 6
0.915627 0.108067 4
0.973724 1 1
0.939574 0.263756 3
0.881035 0.00161853 9
0.974694 1 1
0.944883 0.511773 2
0.983306 1 1
0.945836 0.514069 2
0.976213 1 1
0.931094 0.245146 3
0.958857 0.555404 2
0.933922 0.250704 3
0.894613 0.00930015 7
0.882604 0.00165848 9
0.906266 0.0478299 5
0.92447 0.117796 4
0.893408 0.00915093 7
0.87735 0.00069014 10
0.89412 0.00923832 7
0.879058 0.000710477 10
0.930128 0.243376 3
0.916158 0.108568 4
0.940609 0.26647 3
0.891609 0.00893915 7
0.855171 6.21288e-07 18
0.877836 0.000695807 10
0.957703 0.550836 2
0.924904 0.11836 4
0.927744 0.239262 3
0.897975 0.0207116 6
0.918998 0.111414 4
0.939833 0.264424 3
0.910931 0.0502962 5
0.880783 0.000732269 10
0.933951 0.250763 3
0.979534 1 1
0.971376 1 1
0.956349 0.545731 2
0.95351 0.535879 2
0.895712 0.00944176 7
0.939 0.262295 3
0.951272 0.528846 2
0.932258 0.487645 2
0.943753 0.509152 2
0.892083 0.0194388 6
0.911382 0.104362 4
0.954879 0.540494 2
0.922015 0.230659 3
0.874619 0.00330105 8
0.955879 0.544023 2
0.964778 1 1
0.982687 1 1
0.946519 0.515763 2
0.977232 1 1
0.911737 0.104653 4
0.960496 1 1
0.951465 0.302958 3
0.982477 0.717522 2
0.953522 0.311911 3
0.952534 0.307515 3
0.956987 0.328875 3
0.953189 0.310413 3
0.971989 0.625827 2
0.937346 0.0773502 5
0.929552 0.0354459 6
0.896013 0.000228873 12
0.934568 0.0728403 5
0.947512 0.167268 4
0.909557 0.0029185 9
0.943909 0.155979 4
0.894246 0.000216864 12
0.926611 0.0330721 6
0.892893 0.000208365 12
0.897261 0.000495109 11
0.871495 9.38046e-08 21
0.892256 9.69284e-05 13
0.908656 0.00284724 9
0.879613 2.98337e-06 17
0.855508 1.32235e-11 0
0.907555 0.00276429 9
0.983806 0.732327 2
0.939232 0.143761 4
0.927157 0.0334876 6
0.934708 0.0730535 5
0.866342 6.81013e-09 24
0.927033 0.0333924 6
0.926923 0.0629931 5
0.886883 0.000176672 12
0.879186 3.05388e-05 14
0.890101 0.000410338 11
0.909338 0.0117837 7
0.890521 0.000414575 11
0.870274 2.18007e-06 17
0.877042 1.31006e-05 15
0.879615 3.09057e-05 14
0.941363 0.268519 3
0.916901 0.0271716 6
0.932337 0.129683 4
0.896987 0.0021534 9
0.850218 5.33427e-11 29
0.884905 0.000168028 12
0.933852 0.250558 3
0.933987 0.250838 3
0.957127 0.548632 2
0.882172 0.00164726 9
0.898286 0.0207855 6
0.962702 0.572264 2
0.930908 0.2448 3
0.865317 2.1654e-05 14
0.980617 1 1
0.936541 0.2564 3
0.96492 0.583258 2
0.927296 0.238526 3
0.984668 1 1
0.929912 0.242989 3
0.973614 1 1
0.931235 0.0681328 5
0.96724 0.595878 2
0.944453 0.157568 4
0.945322 0.160191 4
0.942061 0.150852 4
0.940053 0.145731 4
0.970188 0.613769 2
0.934954 0.0734317 5
0.919344 0.0146023 7
0.877782 1.27925e-06 18
0.916981 0.0138159 7
0.927413 0.0336866 6
0.895377 0.000224427 12
0.94796 0.168803 4
0.881421 3.18932e-06 17
0.946357 0.283775 3
0.94992 0.29672 3
0.921769 0.0579788 5
0.987465 1 1
0.982301 1 1
0.924856 0.118298 4
0.936994 0.257444 3
0.968886 0.605598 2
0.900988 0.0102051 7
0.888569 0.000849728 10
0.917589 0.0546269 5
0.9475 0.287723 3
0.8881 0.000841604 10
0.910091 0.0242893 6
0.87193 1.13458e-05 15
0.935966 0.493691 2
0.921814 0.230385 3
0.896293 0.0203239 6
0.972352 1 1
0.972717 1 1
0.901969 0.0458772 5
0.90689 0.100954 4
0.965396 1 1
0.879322 0.00349466 8
0.886367 0.0083869 7
0.904116 0.046819 5
0.940967 0.503131 2
0.873418 0.00145017 9
0.880502 0.0035473 8
0.8572 1.8236e-05 14
0.912628 0.0252701 6
0.913355 0.0255699 6
0.886037 0.000373128 11
0.972734 0.631094 2
0.952714 0.533309 2
0.88852 0.000848883 10
0.903151 0.0105647 7
0.990018 1 1
0.865595 1.8948e-06 17
0.859523 1.35142e-07 20
0.882959 0.000348888 11
0.915631 0.0532378 5
0.853884 9.2781e-09 23
0.878461 6.56931e-05 13
0.838195 5.64533e-12 0
0.936881 0.138495 4
0.896619 0.00101735 10
0.886828 8.21521e-05 13
0.902277 0.00242233 9
0.921632 0.029726 6
0.898009 0.00105284 10
0.879559 1.41291e-05 15
0.889048 0.000187066 12
0.885081 7.81748e-05 13
0.940117 0.145887 4
0.922696 0.0303789 6
0.942924 0.153194 4
0.89959 0.00227789 9
0.858345 9.31906e-10 26
0.886208 8.07013e-05 13
0.932282 0.0695352 5
0.920302 0.0289533 6
0.93833 0.141679 4
0.875426 2.57612e-06 17
0.893646 0.000448762 11
0.946753 0.285121 3
0.913693 0.0128556 7
0.858321 9.3087e-10 26
0.958417 0.336643 3
0.954801 0.317887 3
0.96482 0.582742 2
0.927166 0.0632575 5
0.992159 1 1
0.909322 0.0058253 8
0.98069 0.698888 2
0.928765 0.240981 3
0.924427 0.234078 3
0.897261 0.0440171 5
0.98449 1 1
0.969501 1 1
0.901064 0.045499 5
0.911819 0.10472 4
0.98343 1 1
0.877874 0.00343239 8
0.875457 0.00149156 9
0.897998 0.0442915 5
0.932245 0.247337 3
0.868024 0.00026378 11
0.885824 0.0083345 7
0.851971 3.05879e-06 16
0.904429 0.00255157 9
0.894833 0.000463106 11
0.915914 0.0134883 7
0.849257 9.54614e-12 0
0.866861 7.7829e-08 21
0.921852 0.0298586 6
0.890819 0.000196392 12
0.832681 4.4261e-12 0
0.939593 0.14462 4
0.937813 0.140519 4
0.935901 0.13645 4
0.89968 0.00109865 10
0.967157 0.595406 2
0.89171 0.000201388 12
0.982657 0.719478 2
0.914198 0.106761 4
0.896053 0.0202704 6
0.912264 0.105089 4
0.85665 1.80352e-05 14
0.875713 0.00149694 9
0.920826 0.229069 3
0.888552 0.00860622 7
0.839904 1.35883e-08 22
0.932328 0.2475 3
0.958636 0.554515 2
0.943182 0.50787 2
0.910686 0.103802 4
0.965194 1 1
0.884247 0.00818705 7
0.968884 1 1
0.979497 1 1
0.940083 0.501343 2
0.924835 0.234685 3
0.93929 0.499783 2
0.961611 0.567213 2
0.935068 0.253127 3
0.921889 0.230487 3
0.922288 0.231031 3
0.915861 0.108286 4
0.936009 0.255197 3
0.950112 0.525433 2
0.987303 1 1
0.918517 0.110911 4
0.897882 0.0206895 6
0.901821 0.0458146 5
0.952754 0.533435 2
0.914347 0.0523822 5
0.91258 0.0512702 5
0.898241 0.00978925 7
0.919634 0.112092 4
0.924575 0.117933 4
0.898868 0.00988052 7
0.881905 0.000747166 10
0.916264 0.0536757 5
0.975562 1 1
0.954366 0.538735 2
0.954634 0.539648 2
0.935164 0.253334 3
0.881384 0.00074018 10
0.921792 0.114512 4
0.983255 1 1
0.971815 1 1
0.952845 0.533726 2
0.945536 0.513339 2
0.963559 0.576395 2
0.960918 0.564116 2
0.953022 0.534295 2
0.927103 0.238214 3
0.937273 0.258098 3
0.924507 0.234196 3
0.959126 0.556501 2
0.97824 1 1
0.928152 0.239942 3
0.927754 0.239278 3
0.911107 0.10414 4
0.974325 0.642894 2
0.960782 0.350575 3
0.962652 0.362644 3
0.918647 0.0143612 7
0.936931 0.0766379 5
0.975167 0.649462 2
0.947238 0.166346 4
0.900741 0.00112967 10
0.958562 0.337456 3
0.943158 0.153845 4
0.986113 0.760111 2
0.967022 0.594639 2
0.955288 0.320248 3
0.930067 0.0666424 5
0.937675 0.0779232 5
0.919927 0.0148102 7
0.912857 0.00634584 8
0.88619 1.75429e-05 15
0.971997 0.625884 2
0.9594 0.342264 3
0.890321 9.1193e-05 13
0.900216 0.000539624 11
0.977764 0.671274 2
0.867488 1.60066e-08 23
0.869252 3.84775e-08 22
0.888941 4.10843e-05 14
0.924109 0.0312948 6
0.858985 8.22446e-11 29
0.874548 2.34712e-07 20
0.843047 7.05893e-12 0
0.918881 0.0556034 5
0.948037 0.519691 2
0.97322 0.634615 2
0.889917 0.00187625 9
0.898465 0.00982162 7
0.962008 0.569025 2
0.959599 0.558461 2
0.875682 0.000136047 12
0.967805 0.599139 2
0.893947 0.00430934 8
0.933687 0.250219 3
0.911668 0.0507241 5
0.934845 0.252646 3
0.976495 1 1
0.92782 0.122409 4
0.941669 0.269369 3
0.962342 0.570572 2
0.991272 1 1
0.903541 0.00513689 8
0.915733 0.0266171 6
0.986404 1 1
0.964079 0.578969 2
0.887472 0.000385527 11
0.981952 1 1
0.915677 0.0265916 6
0.957719 0.550898 2
0.934205 0.133104 4
0.951786 0.304307 3
0.961179 0.56527 2
0.939775 0.145056 4
0.973873 0.63946 2
0.961558 0.355466 3
0.9636 0.576594 2
0.918775 0.0281204 6
0.936897 0.138529 4
0.976114 0.657139 2
0.948133 0.289991 3
0.900884 0.00113399 10
0.959187 0.341025 3
0.942307 0.15151 4
0.985505 0.752518 2
0.966503 0.591737 2
0.955193 0.319781 3
0.930997 0.067822 5
0.937623 0.140101 4
0.944056 0.276364 3
0.949738 0.524364 2
0.921427 0.114089 4
0.987643 1 1
0.979256 1 1
0.924068 0.117282 4
0.937537 0.258722 3
0.970092 0.613151 2
0.900238 0.0212681 6
0.886252 0.00175999 9
0.915823 0.0533697 5
0.944963 0.279201 3
0.886651 0.00177188 9
0.910817 0.0502306 5
0.870578 5.47317e-05 13
0.952584 0.307732 3
0.93491 0.134466 4
0.946686 0.28489 3
0.893717 0.00201533 9
0.912817 0.0253472 6
0.957839 0.551361 2
0.924828 0.0608225 5
0.876222 2.8186e-05 14
0.958457 0.553799 2
0.96202 0.56908 2
0.984954 1 1
0.947508 0.287749 3
0.97766 0.670345 2
0.914549 0.026083 6
0.960288 0.561378 2
29 1 4 6 7 9 13 14 16 18 19 20 21 22 23 24 25 26 31 34 35 38 39 43 44 45 47 50 51 54 
54 0 1 2 3 4 5 6 7 8 9 10 12 13 14 15 16 17 18 19 20 21 22 23 24 25 26 28 29 30 31 32 33 34 35 36 37 38 39 42 43 44 45 46 47 48 49 50 51 52 53 54 57 58 59 
51 0 1 3 4 6 7 8 9 10 11 12 13 14 15 16 17 18 19 20 21 22 23 24 25 26 28 29 30 31 32 33 34 35 36 37 38 39 41 42 43 44 45 47 50 51 52 53 54 57 58 59 
30 1 4 6 7 9 10 13 14 16 18 19 20 21 22 23 24 25 26 31 34 35 38 39 43 44 45 47 50 51 54 
29 1 4 6 7 9 13 14 16 18 19 20 21 22 23 24 25 26 31 34 35 38 39 43 44 45 47 50 51 54 
50 0 1 3 4 6 7 8 9 10 12 13 14 15 16 17 18 19 20 21 22 23 24 25 26 28 29 30 31 32 33 34 35 36 37 38 39 41 42 43 44 45 47 50 51 52 53 54 57 58 59 
59 0 1 2 3 4 5 6 7 8 9 10 11 12 13 14 15 16 17 18 19 20 21 22 23 24 25 26 27 28 29 30 31 32 33 34 35 36 37 38 39 40 42 43 44 45 46 47 48 49 50 51 52 53 54 55 56 57 58 59 
18 1 4 9 14 18 19 20 21 24 26 31 34 39 43 44 45 47 54 
55 0 1 2 3 4 5 6 7 8 9 10 12 13 14 15 16 17 18 19 20 21 22 23 24 25 26 28 29 30 31 32 33 34 35 36 37 38 39 40 42 43 44 45 46 47 48 49 50 51 52 53 54 57 58 59 
31 1 4 6 7 9 13 14 16 18 19 20 21 22 23 24 25 26 28 31 34 38 39 42 43 44 45 47 50 51 54 58 
39 1 4 6 7 8 9 10 12 13 14 15 16 18 19 20 21 22 23 24 25 26 28 29 31 34 35 38 39 42 43 44 45 47 50 51 52 53 54 58 
31 1 4 6 7 9 13 14 16 18 19 20 21 22 23 24 25 26 28 31 34 38 39 42 43 44 45 47 50 51 54 58 
48 1 2 3 4 6 7 8 9 10 12 13 14 15 16 18 19 20 21 22 23 24 25 26 28 29 30 31 34 35 36 38 39 42 43 44 45 46 47 48 49 50 51 52 53 54 57 58 59 
58 0 1 2 3 4 5 6 7 8 9 10 11 12 13 15 16 17 18 19 21 22 23 24 25 26 27 28 29 30 31 32 33 34 35 36 37 38 39 40 41 42 43 44 45 46 47 48 49 50 51 52 53 54 55 56 57 58 59 
54 0 1 2 3 4 6 7 8 9 10 11 12 13 14 15 16 17 18 19 20 21 22 23 24 25 26 28 29 30 31 32 33 34 35 36 37 38 39 40 41 42 43 45 46 47 49 50 51 52 53 56 57 58 59 
