70 15 8e+06
2.51039 136829
1.33586 198470
2.86221 196586
1.5211 108623
1.71448 164161
1.17099 133333
2.35633 113643
2.57868 119705
2.29336 144722
2.04655 145462
2.91745 108268
1.73303 128354
2.06051 194105
2.39059 148874
1.61371 124084
2.16287 197680
1.47438 137746
1.42908 123643
1.47954 199123
2.3367 161726
1.1785 142042
2.38803 131877
2.16157 152332
2.95574 186031
1.44225 118776
1.92049 135476
1.83944 179606
2.06524 148739
1.82296 145390
1.04633 196726
1.84138 192733
1.46035 133432
1.09578 113351
1.30059 176730
1.50747 119528
1.43648 179107
2.4354 161424
1.65155 170995
1.33025 168148
2.42001 152549
1.9861 110865
2.56106 171592
1.09623 134604
1.64914 178135
1.0282 174599
2.87716 142363
2.01279 173773
2.82821 185834
2.79257 197268
1.24817 140154
1.7466 160961
1.81706 172555
1.769 108065
1.91986 122061
2.22447 138579
2.06054 177271
1.03957 119136
2.71833 179323
2.84667 100144
2.05069 100474
1.58994 137708
1.49039 101077
1.13109 149417
2.59796 157050
2.75476 188038
1.44664 150521
1.09191 151671
1.42123 155321
1.91509 194674
1.38501 116095
0.988901 1 1
0.932361 0.0696434 5
0.97854 0.678266 2
0.937791 0.140472 4
0.977918 0.67264 2
0.908627 0.00284499 9
0.92911 0.0654776 5
0.942928 0.153206 4
0.976426 0.659737 2
0.939644 0.144741 4
0.958448 0.336815 3
0.941451 0.149249 4
0.925332 0.0321381 6
0.902953 0.00119975 10
0.973645 0.637755 2
0.906123 0.0477605 5
0.851642 3.03608e-06 16
0.899083 0.0447065 5
0.950812 0.527476 2
0.880393 0.0035424 8
0.96734 1 1
0.965419 1 1
0.940422 0.502022 2
0.886236 0.00837412 7
0.900717 0.0453568 5
0.904837 0.0471504 5
0.904436 0.0469649 5
0.930574 0.244185 3
0.976659 1 1
0.875122 0.00148461 9
0.933374 0.0710716 5
0.989044 1 1
0.923462 0.0308684 6
0.890106 0.000192542 12
0.938176 0.14133 4
0.880809 1.46881e-05 15
0.889177 8.8059e-05 13
0.914241 0.0130059 7
0.928585 0.0648599 5
0.945059 0.159387 4
0.949969 0.296911 3
0.942868 0.153038 4
0.873 4.86359e-07 19
0.872701 4.8095e-07 19
0.94115 0.148472 4
0.902486 0.00118433 10
0.874995 2.39098e-07 20
0.888913 4.10465e-05 14
0.921622 0.0154493 7
0.87744 5.78349e-07 19
0.971099 0.619759 2
0.94199 0.150662 4
0.950782 0.30015 3
0.878818 1.33105e-06 18
0.932451 0.0697684 5
0.925453 0.0322237 6
0.935019 0.0735327 5
0.892191 9.6726e-05 13
0.963919 0.371395 3
0.87371 2.26795e-07 20
0.967324 0.59636 2
0.911268 0.0247318 6
0.953376 0.31125 3
0.963999 0.578572 2
0.939424 0.26337 3
0.946715 0.284989 3
0.965104 0.584214 2
0.980518 1 1
0.942238 0.270977 3
0.950938 0.300786 3
0.964573 0.581473 2
0.954734 0.539992 2
0.936883 0.138499 4
0.94071 0.26674 3
0.934648 0.133956 4
0.928658 0.123661 4
0.949686 0.524218 2
0.913178 0.0516386 5
0.902467 0.0104476 7
0.916871 0.0541054 5
0.911273 0.0504934 5
0.909565 0.0240981 6
0.939282 0.263008 3
0.911244 0.0504764 5
0.982436 1 1
0.968866 0.605478 2
0.978293 1 1
0.877426 0.000141222 12
0.901944 0.0103602 7
0.916625 0.0539297 5
0.924891 0.060885 5
0.865407 7.35959e-08 21
0.918517 0.0279851 6
0.971561 0.62288 2
0.899031 0.00108042 10
0.965053 0.583951 2
0.983433 0.728088 2
0.952999 0.309561 3
0.905327 0.00533097 8
0.911095 0.0121916 7
0.918372 0.0279097 6
0.914986 0.0132161 7
0.947913 0.289194 3
0.969429 0.60895 2
0.89355 0.000447635 11
0.96387 0.577931 2
0.954456 0.316242 3
0.949756 0.296081 3
0.922468 0.0585976 5
0.955652 0.322043 3
0.909457 0.0118104 7
0.921132 0.0574308 5
0.945146 0.279786 3
0.949552 0.295295 3
0.962581 0.571693 2
0.978151 0.674733 2
0.962893 0.573171 2
0.903226 0.00510411 8
0.90176 0.00495765 8
0.955053 0.319101 3
0.958158 0.552612 2
0.959579 0.558373 2
0.944425 0.510699 2
0.917377 0.109755 4
0.951695 0.530131 2
0.906533 0.047961 5
0.916787 0.109174 4
0.941761 0.504788 2
0.944939 0.511905 2
0.963971 0.578433 2
0.976862 1 1
0.963634 0.576762 2
0.897862 0.0206848 6
0.898596 0.0208602 6
0.951698 0.53014 2
0.954876 0.540484 2
0.88185 0.000340863 11
0.95799 0.551951 2
0.977077 1 1
0.935426 0.253905 3
0.92487 0.118316 4
0.955735 0.543506 2
0.94116 0.267962 3
0.944711 0.278401 3
0.908725 0.0238006 6
0.924088 0.117307 4
0.912181 0.0250898 6
0.979037 1 1
0.924615 0.117984 4
0.929356 0.124736 4
0.926711 0.237583 3
0.876594 0.00151573 9
0.916357 0.108758 4
0.960464 0.562133 2
0.89974 0.0449641 5
0.98517 1 1
0.982181 1 1
0.968227 1 1
0.904031 0.0467806 5
0.927769 0.239303 3
0.931541 0.245987 3
0.93161 0.246118 3
0.930852 0.244697 3
0.982919 1 1
0.894802 0.0199975 6
0.9644 0.58059 2
0.890349 0.00189106 9
0.96863 0.60404 2
0.970561 0.616193 2
0.945814 0.281961 3
0.921014 0.057331 5
0.95097 0.527942 2
0.94213 0.270667 3
0.95516 0.541472 2
0.913602 0.0519047 5
0.930066 0.125861 4
0.916865 0.0541012 5
0.969543 0.609667 2
0.919573 0.0561481 5
0.939677 0.26402 3
0.956071 0.544716 2
0.889407 0.000864628 10
0.949818 0.296325 3
0.98966 1 1
0.929764 0.125379 4
0.948046 0.289675 3
0.978435 0.677304 2
0.964681 0.582025 2
0.936251 0.13717 4
0.926782 0.120915 4
0.939562 0.263724 3
0.930603 0.126733 4
0.959682 0.558805 2
0.946253 0.283424 3
0.924052 0.0600667 5
0.936751 0.256884 3
0.870539 2.44326e-05 14
0.933338 0.249506 3
0.987908 1 1
0.912315 0.0511094 5
0.94881 0.521778 2
0.978454 1 1
0.950365 0.526165 2
0.919822 0.112295 4
0.909808 0.0496649 5
0.920706 0.11327 4
0.913667 0.0519458 5
0.966621 0.592393 2
0.951039 0.528148 2
0.906524 0.023066 6
0.939853 0.264475 3
0.897459 0.00967847 7
0.926245 0.120165 4
0.954552 0.539367 2
0.913094 0.0515861 5
0.97173 0.624038 2
0.970873 0.618247 2
0.989721 1 1
0.915352 0.0530483 5
0.950577 0.526782 2
0.953704 0.536519 2
0.954536 0.539315 2
0.923281 0.116296 4
0.963228 0.574784 2
0.90877 0.0238164 6
0.97541 0.651404 2
0.945253 0.280131 3
0.961172 0.56524 2
0.930771 0.0675312 5
0.964691 0.582074 2
0.911724 0.0123456 7
0.926969 0.0630424 5
0.947678 0.288352 3
0.959947 0.345496 3
0.955111 0.319386 3
0.973394 0.635889 2
0.956345 0.325544 3
0.913214 0.0127274 7
0.904731 0.00526445 8
0.962856 0.572997 2
0.959607 0.558494 2
0.886479 0.00839776 7
0.961257 1 1
0.978628 1 1
0.938741 0.498729 2
0.927478 0.238824 3
0.958117 0.552449 2
0.945753 0.513865 2
0.947604 0.518549 2
0.913828 0.106433 4
0.929329 0.241959 3
0.917287 0.224676 3
0.973678 1 1
0.92658 0.237375 3
0.932654 0.24814 3
0.898152 0.0207537 6
0.868302 0.00011745 12
0.885152 0.00377377 8
0.92076 0.11333 4
0.872843 0.000286645 11
0.972374 1 1
0.941482 0.504201 2
0.946254 0.515103 2
0.87469 0.0002964 11
0.925262 0.235328 3
0.919029 0.111446 4
0.927912 0.23954 3
0.892029 0.00898743 7
0.967137 0.595294 2
0.868945 0.000118889 12
0.936482 0.137652 4
0.944691 0.278339 3
0.920458 0.056866 5
0.912286 0.0251317 6
0.921998 0.0581797 5
0.920204 0.0566573 5
0.919507 0.0560955 5
0.949501 0.295098 3
0.917298 0.027366 6
0.992625 1 1
0.978236 0.675494 2
0.988699 1 1
0.886646 0.000378297 11
0.910896 0.0121438 7
0.921071 0.0573789 5
0.933817 0.490098 2
0.927031 0.238097 3
0.917416 0.224829 3
0.92071 0.228917 3
0.9143 0.106852 4
0.936587 0.494777 2
0.931509 0.245926 3
0.961743 1 1
0.91161 0.104548 4
0.987889 1 1
0.973347 1 1
0.989637 1 1
0.892563 0.0195341 6
0.926923 0.237923 3
0.91226 0.105086 4
0.984046 1 1
0.909295 0.011774 7
0.988847 1 1
0.954963 0.318667 3
0.96641 0.591224 2
0.914055 0.0258677 6
0.940385 0.265872 3
0.943026 0.273263 3
0.974567 0.644757 2
0.924806 0.0608005 5
0.943002 0.273191 3
0.92752 0.121972 4
0.94826 0.290451 3
0.910448 0.0244212 6
0.960172 0.560877 2
0.96406 0.578874 2
0.910254 0.0243491 6
0.950052 0.297236 3
0.96347 0.575961 2
0.936343 0.137361 4
0.949695 0.295846 3
0.966644 0.592523 2
0.983939 1 1
0.939 0.262295 3
0.952128 0.305762 3
0.964645 0.581838 2
0.956021 0.544536 2
0.935345 0.135326 4
0.943429 0.27446 3
0.931657 0.128501 4
0.924326 0.0603307 5
0.855363 4.27755e-09 24
0.925524 0.0615225 5
0.969994 0.612521 2
0.903742 0.0106682 7
0.929663 0.125219 4
0.956462 0.546149 2
0.928996 0.124177 4
0.912676 0.0252896 6
0.890104 0.00087742 10
0.902015 0.00498249 8
0.893834 0.00201996 9
0.978371 0.676724 2
0.93375 0.132246 4
0.897876 0.00219436 9
0.982885 1 1
0.910072 0.0242822 6
0.993255 1 1
0.950719 0.527199 2
0.970044 0.612844 2
0.909693 0.0241443 6
0.935888 0.254927 3
0.938891 0.262023 3
0.978891 1 1
0.92248 0.115324 4
0.940838 0.267087 3
0.925034 0.118532 4
0.945961 0.282447 3
0.906074 0.0229229 6
0.963749 0.57733 2
0.938129 0.141225 4
0.913631 0.0256863 6
0.922239 0.058393 5
0.935749 0.136141 4
0.914481 0.0260528 6
0.953935 0.313805 3
0.948746 0.292244 3
0.978414 0.677116 2
0.913977 0.0258339 6
0.971804 0.624552 2
0.968049 0.600575 2
0.975488 0.652035 2
0.905984 0.0110845 7
0.944257 0.276985 3
0.91132 0.0247517 6
0.89673 0.00451768 8
0.840193 6.1822e-12 0
0.891301 0.0019245 9
0.943737 0.275389 3
0.871911 1.134e-05 15
0.953339 0.53532 2
0.95413 0.537939 2
0.927317 0.121678 4
0.878417 0.000144321 12
0.887696 0.000834743 10
0.892413 0.00196524 9
0.891387 0.00192761 9
0.929466 0.124908 4
0.962903 0.573222 2
0.866528 1.94704e-06 17
0.957107 0.548554 2
0.930653 0.24433 3
0.94032 0.501816 2
0.937955 0.497254 2
0.935381 0.492687 2
0.93733 0.496108 2
0.943563 0.508723 2
0.972734 1 1
0.933697 0.489905 2
0.977293 1 1
0.989026 1 1
0.980908 1 1
0.911581 0.104525 4
0.928814 0.241066 3
0.932552 0.247939 3
0.964265 0.579907 2
0.896602 0.00213611 9
0.980272 0.694732 2
0.943604 0.274988 3
0.962682 0.57217 2
0.897353 0.00217005 9
0.925458 0.0614553 5
0.923064 0.0591391 5
0.973814 0.639019 2
0.904819 0.0052742 8
0.922853 0.0589451 5
0.907323 0.0113518 7
0.950161 0.297668 3
0.895025 0.000979322 10
0.957112 0.548574 2
0.91898 0.0282294 6
0.933696 0.132145 4
0.903048 0.00246718 9
0.900738 0.00233748 9
0.903956 0.0051806 8
0.918336 0.0278913 6
0.911099 0.0121926 7
0.940627 0.14715 4
0.899455 0.00227107 9
0.979413 0.686411 2
0.960296 0.561413 2
0.976226 0.658071 2
0.873702 2.43235e-06 17
0.90874 0.00574754 8
0.903092 0.00246978 9
0.902821 0.0219581 6
0.84538 2.9514e-09 24
0.897372 0.00966628 7
0.950145 0.525527 2
0.877859 0.000314659 11
0.956536 0.546422 2
0.960337 0.561586 2
0.932668 0.248167 3
0.884403 0.00170693 9
0.892436 0.0042051 8
0.897747 0.00971893 7
0.896178 0.00950343 7
0.934772 0.252491 3
0.965557 0.586603 2
0.872438 0.000127273 12
0.922685 0.231582 3
0.85507 7.57429e-06 15
0.92245 0.231255 3
0.971017 1 1
0.900871 0.0454196 5
0.935494 0.49288 2
0.960895 0.564016 2
0.932014 0.246891 3
0.909393 0.102794 4
0.89216 0.0194541 6
0.903186 0.0464033 5
0.895941 0.0202456 6
0.971788 1 1
0.940068 0.501313 2
0.895035 0.0200475 6
0.918046 0.225579 3
0.90547 0.0999692 4
0.902324 0.0460287 5
0.918208 0.225774 3
0.895923 0.0435334 5
0.949468 0.523602 2
0.933984 0.490368 2
0.95917 0.556682 2
0.894718 0.0431131 5
0.964439 1 1
0.952026 0.531148 2
0.966097 1 1
0.888337 0.0187383 6
0.939656 0.500497 2
0.893261 0.0196752 6
0.994455 1 1
0.927733 0.0638863 5
0.981309 0.705181 2
0.942995 0.153391 4
0.974827 0.646783 2
0.912332 0.00626289 8
0.933773 0.071652 5
0.946106 0.162646 4
0.975786 0.654446 2
0.939003 0.143226 4
0.957915 0.333864 3
0.941127 0.148415 4
0.930305 0.0669404 5
0.906929 0.00271907 9
0.969853 0.611622 2
0.949032 0.172606 4
0.95443 0.31612 3
0.933592 0.0713874 5
0.916464 0.00697675 8
0.937435 0.0775045 5
0.914419 0.0066055 8
0.919768 0.0147531 7
0.947952 0.168778 4
0.931891 0.0375883 6
0.979411 0.686393 2
0.984997 0.746327 2
0.978307 0.67614 2
0.893477 0.000100856 13
0.905747 0.00129999 10
0.936848 0.0764972 5
0.966218 0.590171 2
0.907919 0.0114759 7
0.95327 0.310773 3
0.967734 0.598726 2
0.938134 0.141237 4
0.94808 0.289799 3
0.968259 0.60182 2
0.979807 0.690186 2
0.941575 0.269107 3
0.947491 0.287689 3
0.960838 0.563766 2
0.951313 0.302327 3
0.940155 0.265266 3
0.94256 0.271902 3
0.933166 0.131168 4
0.908355 0.0236728 6
0.875644 6.13759e-05 13
0.895277 0.00440612 8
0.930374 0.126358 4
0.882662 0.000346706 11
0.980683 1 1
0.951097 0.528321 2
0.956954 0.547976 2
0.884652 0.000786312 10
0.932659 0.130253 4
0.928009 0.122688 4
0.935641 0.254379 3
0.900861 0.0101849 7
0.972841 0.631859 2
0.87865 0.000145069 12
0.975857 1 1
0.901207 0.0455581 5
0.975441 1 1
0.968138 1 1
0.953391 0.535492 2
0.924326 0.23393 3
0.952373 0.53223 2
0.95013 0.525485 2
0.961319 0.565896 2
0.924602 0.234338 3
0.941625 0.5045 2
0.927787 0.239333 3
0.958103 0.552393 2
0.921454 0.229901 3
0.947278 0.517699 2
0.944516 0.51091 2
0.915276 0.10774 4
0.928616 0.240727 3
0.941027 0.503256 2
0.920266 0.11278 4
0.953459 0.535711 2
0.952562 0.532827 2
0.983507 1 1
0.920078 0.112575 4
0.970938 1 1
0.971608 1 1
0.974993 1 1
0.9115 0.0506253 5
0.944195 0.510166 2
0.916901 0.109286 4
0.95413 0.537939 2
0.952546 0.532777 2
0.952003 0.531076 2
0.904722 0.0470967 5
0.973074 1 1
0.879729 0.00351263 8
0.896929 0.0204682 6
0.914277 0.106831 4
0.961976 0.568876 2
0.926948 0.237963 3
0.941571 0.504387 2
0.926869 0.237836 3
0.895331 0.0201116 6
0.873341 0.000646617 10
0.978041 1 1
0.921777 0.0155104 7
0.862574 5.03986e-10 27
0.915569 0.00680974 8
0.968728 0.604634 2
0.896055 0.000229175 12
0.964621 0.376458 3
0.980225 0.694267 2
0.950237 0.177108 4
0.902403 0.00118162 10
0.908522 0.00283684 9
0.915481 0.00679355 8
0.912394 0.00627259 8
0.946514 0.163957 4
0.969914 0.61201 2
0.890579 4.3426e-05 14
0.941185 0.148562 4
0.914311 0.0130255 7
0.925301 0.0612956 5
0.938452 0.141956 4
0.917219 0.0273269 6
0.954016 0.314184 3
0.950831 0.300348 3
0.981155 0.703596 2
0.916885 0.0271634 6
0.971393 0.621738 2
0.969752 0.610984 2
0.975291 0.650453 2
0.908763 0.00575062 8
0.944517 0.277793 3
0.913952 0.0129263 7
0.974265 1 1
0.904918 0.0471878 5
0.965482 1 1
0.972371 1 1
0.946791 0.516451 2
0.936845 0.2571 3
0.962759 0.572533 2
0.964683 0.582036 2
0.952338 0.532122 2
0.936039 0.255264 3
0.951855 0.530622 2
0.939535 0.50026 2
0.951106 0.52835 2
0.932937 0.248702 3
0.941148 0.503505 2
0.969526 0.609561 2
0.943297 0.154234 4
0.953299 0.310904 3
0.93301 0.0705503 5
0.953444 0.311561 3
0.920291 0.0289473 6
0.932483 0.0698127 5
0.956554 0.326616 3
0.949798 0.296245 3
0.96603 0.589148 2
0.985086 0.747401 2
0.96764 0.598178 2
0.911844 0.00618757 8
0.912684 0.00631831 8
0.951322 0.302363 3
0.903588 0.00122133 10
0.853849 1.20987e-11 0
0.894955 0.000221554 12
0.944177 0.156756 4
0.877454 5.78692e-07 19
0.975878 0.655196 2
0.962247 0.359951 3
0.942963 0.153302 4
0.882451 3.31625e-06 17
0.905409 0.00128712 10
0.907403 0.00275315 9
0.909001 0.00287413 9
0.920949 0.0151892 7
0.986182 0.760989 2
0.872428 9.75594e-08 21
0.896755 0.00451966 8
0.847496 1.092e-10 28
0.888418 0.000847109 10
0.937981 0.259785 3
0.870859 1.10254e-05 15
0.969679 0.610521 2
0.955183 0.54155 2
0.935847 0.136339 4
0.875944 2.7981e-05 14
0.899116 0.0047152 8
0.900638 0.00485149 8
0.902634 0.0104759 7
0.916388 0.0537624 5
0.97979 1 1
0.865841 8.47894e-07 18
0.904805 0.00527266 8
0.886096 8.0445e-05 13
0.890089 0.000192452 12
0.91549 0.0265054 6
0.881119 3.22522e-05 14
0.958705 0.338266 3
0.934353 0.133387 4
0.951191 0.301821 3
0.881184 3.23118e-05 14
0.943994 0.276174 3
0.933673 0.132103 4
0.94594 0.282378 3
0.885539 7.9187e-05 13
0.950027 0.297142 3
0.877948 1.34566e-05 15
0.988776 1 1
0.929466 0.242199 3
0.982581 1 1
0.937881 0.259543 3
0.981154 1 1
0.906411 0.0479009 5
0.92795 0.239603 3
0.940063 0.265025 3
0.980872 1 1
0.935301 0.253633 3
0.954044 0.53765 2
0.937141 0.257788 3
0.927276 0.238494 3
0.901065 0.0214824 6
0.97618 1 1
0.973979 0.640261 2
0.937539 0.139916 4
0.957145 0.548699 2
0.938907 0.262064 3
0.954458 0.316251 3
0.924043 0.0600582 5
0.937786 0.14046 4
0.960529 0.562414 2
0.952127 0.305757 3
0.963077 0.574052 2
0.982464 1 1
0.965278 0.585129 2
0.917558 0.0274956 6
0.916746 0.0270961 6
0.951593 0.303492 3
0.921366 0.0576307 5
0.926289 0.120227 4
0.905199 0.0109344 7
0.907742 0.0234648 6
0.903808 0.01068 7
0.928138 0.122879 4
0.919417 0.0560241 5
0.948696 0.292055 3
0.900307 0.010098 7
0.980864 1 1
0.962007 0.569018 2
0.979375 1 1
0.879733 0.000148631 12
0.918434 0.0552599 5
0.902333 0.0104251 7
0.97324 1 1
0.910321 0.103513 4
0.99024 1 1
0.937721 0.496822 2
0.977778 1 1
0.896344 0.0203355 6
0.922263 0.230997 3
0.925768 0.236103 3
0.989055 1 1
0.913722 0.10634 4
0.932126 0.247106 3
0.915836 0.108262 4
0.937913 0.497176 2
0.892768 0.0195753 6
0.971952 1 1
0.968196 0.601442 2
0.948552 0.521074 2
0.96267 0.572113 2
0.918263 0.11065 4
0.978587 1 1
0.893382 0.00914778 7
0.910955 0.0503097 5
0.92835 0.240275 3
0.969097 0.606893 2
0.93726 0.258066 3
0.953753 0.536679 2
0.937787 0.259318 3
0.906704 0.0480449 5
0.886997 0.00387317 8
0.979976 1 1
0.978041 0.67374 2
0.939121 0.1435 4
0.972886 0.632186 2
0.927393 0.0336712 6
0.984039 0.735012 2
0.899234 0.000524091 11
0.918767 0.0144021 7
0.933773 0.071652 5
0.977273 0.666959 2
0.936283 0.0755548 5
0.95423 0.315181 3
0.937461 0.0775494 5
0.91655 0.0136817 7
0.893335 0.000100386 13
0.982022 0.71264 2
0.962289 0.570327 2
0.930852 0.127144 4
0.945414 0.280654 3
0.940842 0.267097 3
0.940057 0.265007 3
0.935896 0.13644 4
0.944772 0.278594 3
0.972319 0.62814 2
0.938633 0.26138 3
0.972777 0.631397 2
0.988174 1 1
0.976124 0.657219 2
0.915275 0.0264076 6
0.92778 0.122351 4
0.937027 0.138808 4
0.936477 0.137641 4
0.884472 7.68645e-05 13
0.925763 0.061767 5
0.966886 0.593877 2
0.909217 0.0117567 7
0.976765 0.662598 2
0.987452 1 1
0.976465 0.660067 2
0.913432 0.0127856 7
0.934033 0.132778 4
0.93968 0.144828 4
0.937993 0.140921 4
0.935665 0.13597 4
0.97272 0.630993 2
0.904242 0.00521126 8
0.938745 0.0798509 5
0.890993 4.40512e-05 14
0.926513 0.0329985 6
0.961283 0.353714 3
0.911527 0.00308617 9
0.975742 0.65409 2
0.979497 0.687211 2
0.984131 0.736079 2
0.914811 0.00667372 8
0.942231 0.151306 4
0.946842 0.165028 4
0.946201 0.162949 4
0.929774 0.035639 6
0.968905 0.605714 2
0.906844 0.0013434 10
0.965597 0.586815 2
0.891891 0.0019459 9
0.973773 0.638711 2
0.962243 0.570113 2
0.951091 0.528304 2
0.913503 0.051842 5
0.94297 0.273099 3
0.936131 0.255471 3
0.96116 0.565186 2
0.910684 0.0245096 6
0.927826 0.122419 4
0.913734 0.0519881 5
0.965542 0.586524 2
0.911839 0.0249541 6
0.944979 0.279253 3
0.895787 0.00210053 9
0.861574 1.44706e-07 20
0.88367 0.000162999 12
0.923051 0.0591264 5
0.870089 4.83613e-06 16
0.975423 0.651505 2
0.943901 0.275889 3
0.943132 0.273576 3
0.872663 1.15738e-05 15
0.917777 0.0547659 5
0.913165 0.0254909 6
0.920648 0.0570241 5
0.89539 0.0020836 9
0.973347 0.635543 2
0.86592 8.50005e-07 18
0.935447 0.135531 4
0.986319 1 1
0.925001 0.118488 4
0.892672 0.00197497 9
0.938949 0.262167 3
0.883862 0.000355688 11
0.892034 0.00195117 9
0.917345 0.0544483 5
0.929598 0.125115 4
0.94831 0.290634 3
0.953244 0.535012 2
0.946145 0.283062 3
0.875082 2.73602e-05 14
0.875707 6.14669e-05 13
0.941623 0.26924 3
0.926765 0.0628224 5
0.873329 5.31806e-06 16
0.91755 0.0274917 6
0.964958 0.583455 2
0.899936 0.0022955 9
0.979534 0.687563 2
0.986062 1 1
0.964254 0.579851 2
0.904872 0.00528005 8
0.92281 0.0589064 5
0.927846 0.0640135 5
0.926687 0.0627389 5
0.936343 0.137362 4
0.980579 0.697774 2
0.894802 0.000974218 10
0.917446 0.013964 7
0.858734 1.841e-10 28
0.911399 0.00612057 8
0.964554 0.581375 2
0.891887 0.000202406 12
0.963824 0.370727 3
0.975809 0.654635 2
0.946482 0.163854 4
0.898275 0.000509658 11
0.905073 0.0025928 9
0.911573 0.00614662 8
0.908918 0.00577104 8
0.944071 0.156449 4
0.97029 0.614429 2
0.886425 3.78571e-05 14
0.948884 0.52198 2
0.936395 0.494439 2
0.932254 0.247355 3
0.92774 0.239254 3
0.930093 0.243313 3
0.931863 0.2466 3
0.934443 0.491118 2
0.964495 1 1
0.927079 0.238174 3
0.98807 1 1
0.990181 1 1
0.99123 1 1
0.901479 0.0456713 5
0.922848 0.231809 3
0.928047 0.239766 3
0.942309 0.505956 2
0.870521 0.000275198 11
0.945386 0.512976 2
0.976756 1 1
0.923117 0.232187 3
0.92528 0.235356 3
0.955869 0.543986 2
0.935286 0.253599 3
0.932503 0.247843 3
0.89993 0.0450397 5
0.914148 0.106716 4
0.903507 0.0465452 5
0.989836 1 1
0.926701 0.237567 3
0.917134 0.109514 4
0.916688 0.0270683 6
0.937833 0.140565 4
0.901009 0.00488603 8
0.895981 0.0021089 9
0.903312 0.00511306 8
0.912151 0.0250778 6
0.905631 0.0110164 7
0.935148 0.134935 4
0.898221 0.00221063 9
0.975821 0.654732 2
0.957702 0.550831 2
0.972116 0.626716 2
0.869556 2.13226e-06 17
0.902624 0.00504287 8
0.90284 0.00506472 8
0.90891 0.0491784 5
0.883951 0.00169447 9
0.89468 0.0093086 7
0.923466 0.116526 4
0.88424 0.00170242 9
0.968383 0.602556 2
0.942996 0.507458 2
0.956933 0.547899 2
0.885058 0.00172532 9
0.942013 0.270338 3
0.934291 0.251471 3
0.944532 0.510948 2
0.893407 0.00915078 7
0.959533 0.558181 2
0.880709 0.000731312 10
0.967436 0.398377 3
0.951786 0.183272 4
0.959964 0.345597 3
0.918149 0.0141936 7
0.974167 0.641684 2
0.895362 0.00010744 13
0.911878 0.00311778 9
0.93059 0.0363661 6
0.965197 0.380726 3
0.941448 0.14924 4
0.957611 0.332209 3
0.941851 0.150294 4
0.905167 0.00127799 10
0.88871 1.91854e-05 15
0.975279 0.650354 2
0.927066 0.121318 4
0.925417 0.119041 4
0.91078 0.0502097 5
0.91464 0.0525738 5
0.908245 0.0488278 5
0.933852 0.250559 3
0.92626 0.120187 4
0.955879 0.544023 2
0.905269 0.0226733 6
0.984293 1 1
0.967015 0.594603 2
0.98425 1 1
0.886374 0.0017636 9
0.924111 0.117337 4
0.906426 0.0230344 6
0.96223 0.359836 3
0.890077 4.26863e-05 14
0.960762 0.350453 3
0.982567 0.718502 2
0.938853 0.0800508 5
0.933361 0.0710517 5
0.963707 0.369902 3
0.952754 0.187348 4
0.946858 0.165082 4
0.919952 0.0148192 7
0.935078 0.073625 5
0.923498 0.0162205 7
0.968195 0.404764 3
0.931889 0.0375863 6
0.932832 0.0702995 5
0.954443 0.538997 2
0.964116 0.579157 2
0.947117 0.286379 3
0.906441 0.0111741 7
0.963663 0.576906 2
0.887359 0.000829096 10
0.901545 0.0102948 7
0.922389 0.0585262 5
0.953621 0.536243 2
0.940546 0.266303 3
0.953631 0.536276 2
0.940046 0.26498 3
0.89284 0.00198134 9
0.880235 0.000150335 12
0.966636 0.592478 2
0.968219 0.601581 2
0.899028 0.0209654 6
0.961225 0.565478 2
0.97886 1 1
0.941496 0.268889 3
0.939797 0.26433 3
0.967585 0.597861 2
0.964144 0.5793 2
0.947702 0.518805 2
0.931897 0.246665 3
0.946822 0.51653 2
0.935516 0.254103 3
0.956017 0.544521 2
0.936664 0.256683 3
0.935755 0.254632 3
0.976058 0.656679 2
0.901203 0.00490432 8
0.976806 0.662944 2
0.966747 0.593093 2
0.954488 0.316397 3
0.92263 0.0587427 5
0.950698 0.299813 3
0.94848 0.291258 3
0.96266 0.572065 2
0.923558 0.0595976 5
0.940724 0.266778 3
0.926695 0.120792 4
0.958068 0.552258 2
0.919794 0.0563246 5
0.948342 0.290753 3
53 1 3 4 5 6 9 10 11 12 13 14 16 17 18 19 20 21 22 24 25 26 28 29 30 31 34 35 36 37 39 40 41 42 43 44 45 47 48 52 53 54 55 56 58 59 60 61 62 63 65 66 68 69 
68 0 1 2 3 4 5 6 7 8 9 10 11 12 13 14 15 16 17 18 19 20 21 22 23 24 26 27 28 29 30 31 32 33 34 35 36 37 38 39 40 41 42 44 45 46 47 48 49 50 51 52 53 54 55 56 57 58 59 60 61 62 63 64 65 66 67 68 69 
61 0 1 3 4 5 6 7 8 9 10 11 12 13 14 15 16 17 18 19 20 21 22 23 24 25 26 28 29 30 31 32 33 34 35 36 37 39 40 41 42 43 44 45 46 47 48 52 53 54 55 56 58 59 60 61 62 63 65 66 68 69 
24 1 3 6 10 13 14 17 22 24 25 29 30 31 35 39 43 44 45 53 54 56 58 59 63 
69 0 1 2 3 4 5 6 7 8 9 10 11 12 13 14 15 16 17 18 19 20 21 22 23 24 25 26 27 28 29 30 31 32 33 34 35 36 37 39 40 41 42 43 44 45 46 47 48 49 50 51 52 53 54 55 56 57 58 59 60 61 62 63 64 65 66 67 68 69 
11 1 3 17 25 29 35 43 44 45 56 63 
22 1 3 6 10 14 17 24 25 29 31 35 39 43 44 45 48 53 54 56 58 59 63 
25 1 3 6 10 13 14 17 22 24 25 29 30 31 35 39 40 43 44 45 53 54 56 58 59 63 
52 1 3 4 6 9 10 11 12 13 14 16 17 19 20 21 22 23 24 25 26 27 29 30 31 32 34 35 36 37 39 40 41 43 44 45 46 47 49 52 53 54 55 56 58 59 60 61 63 65 66 68 69 
49 1 3 4 6 9 10 11 12 13 14 16 17 19 20 21 22 23 24 25 26 27 29 30 31 34 35 36 37 39 40 41 43 44 45 48 52 53 54 55 56 58 59 60 61 63 65 66 68 69 
42 1 3 4 5 6 10 12 13 14 17 18 19 21 22 24 25 26 28 29 30 31 34 35 37 39 40 43 44 45 48 52 53 54 56 58 59 60 61 62 63 65 68 
41 1 3 4 6 9 10 12 13 14 16 17 19 21 22 24 25 26 28 29 30 31 34 35 37 39 40 41 43 44 45 48 53 54 56 58 59 61 63 65 66 68 
31 1 3 6 10 12 13 14 17 19 22 24 25 29 30 31 35 37 39 40 43 44 45 48 53 54 56 58 59 61 63 65 
7 3 17 25 35 43 44 56 
66 0 1 3 4 5 6 7 8 9 10 11 12 13 14 15 16 17 18 19 20 21 22 23 24 25 26 27 28 29 30 31 32 33 34 35 36 37 39 40 41 42 43 44 45 46 47 48 49 50 51 52 53 54 55 56 58 59 60 61 62 63 64 65 66 68 69 
