70 15 8e+06
1.82076 176584
2.60485 107993
1.23703 174478
2.66658 129281
2.33627 120330
2.94548 196086
2.32569 162395
2.00104 171212
2.98354 141318
1.94213 150051
1.38719 144900
1.27465 154279
1.38729 123189
1.39741 146585
1.28993 171497
2.69199 147571
1.39498 195360
2.54546 119070
1.39754 105210
1.1602 129321
1.03847 174799
2.48815 110028
1.08163 182044
1.96348 167094
1.05861 147194
1.69107 194083
2.05958 190987
2.03893 117779
1.62431 110002
1.12248 139080
2.15594 199753
1.06102 130774
1.7077 113066
2.1394 106974
1.52289 143064
1.57742 192996
2.63121 105630
1.2583 197240
2.43148 100164
1.38532 132305
2.08476 168922
1.1887 134294
2.52545 175055
2.3233 129077
1.93288 158465
1.8905 179653
2.58204 196603
1.82526 101576
1.68881 187484
1.50889 177057
1.24863 132661
1.79017 111392
2.28166 118151
1.87074 148911
2.49798 184988
2.33108 161228
2.78715 144491
1.74448 152780
1.97373 149300
2.52392 156698
1.32315 155190
2.86064 141999
1.04592 133534
2.02305 178228
1.66338 141975
1.81399 195051
2.32614 170391
2.78152 125581
1.2091 174590
2.19396 163029
0.921846 0.114574 4
0.885195 0.000794534 10
0.914769 0.0526589 5
0.856806 2.8351e-07 19
0.848458 3.29518e-09 24
0.88728 0.00179104 9
0.89421 0.00432813 8
0.945389 0.280572 3
0.879108 0.000322444 11
0.85533 1.18156e-07 20
0.874854 0.000133708 12
0.8652 4.22713e-06 16
0.907013 0.0232237 6
0.866472 9.85264e-06 15
0.902549 0.0218826 6
0.896269 0.000481587 11
0.901103 0.00235703 9
0.915383 0.0133312 7
0.855477 1.57064e-10 28
0.850731 1.02861e-11 0
0.898781 0.00107355 10
0.889358 0.000188644 12
0.930741 0.0674926 5
0.887729 8.4337e-05 13
0.855655 1.58403e-10 28
0.866636 3.44775e-08 22
0.881978 1.52432e-05 15
0.922788 0.0304363 6
0.888792 8.70417e-05 13
0.876305 2.65437e-06 17
0.915817 0.00685526 8
0.917142 0.00710861 8
0.936787 0.0763944 5
0.875183 2.40973e-07 20
0.869589 1.75863e-08 23
0.916584 0.0069998 8
0.910523 0.00299859 9
0.95234 0.185582 4
0.90609 0.00131332 10
0.875068 1.09379e-07 21
0.887411 1.8311e-05 15
0.896813 0.000234679 12
0.93997 0.0821809 5
0.900798 0.000549206 11
0.895485 0.000107893 13
0.883209 1.58645e-05 15
0.948538 0.291471 3
0.931767 0.0688371 5
0.885181 3.64093e-05 14
0.886093 3.74622e-05 14
0.939687 0.144846 4
0.907514 0.00559042 8
0.917736 0.0140577 7
0.926925 0.0629947 5
0.88773 8.43399e-05 13
0.884636 3.58018e-05 14
0.934033 0.0720355 5
0.960345 0.347896 3
0.946954 0.285813 3
0.866078 3.36993e-08 22
0.954027 0.537594 2
0.92482 0.118251 4
0.956772 0.547295 2
0.951805 0.530467 2
0.937519 0.258679 3
0.936515 0.256342 3
0.980245 1 1
0.943617 0.275025 3
0.941614 0.269215 3
0.94738 0.517964 2
0.979033 1 1
0.913525 0.0518557 5
0.927959 0.239618 3
0.899357 0.00995305 7
0.952338 0.532122 2
0.923672 0.116783 4
0.945652 0.51362 2
0.955608 0.543055 2
0.977516 1 1
0.967401 0.596801 2
0.957602 0.550444 2
0.978579 1 1
0.926101 0.119967 4
0.967967 0.600088 2
0.976154 1 1
0.975636 1 1
0.940468 0.266094 3
0.93858 0.261248 3
0.923089 0.116061 4
0.920065 0.112559 4
0.906885 0.0231822 6
0.980918 1 1
0.959953 0.559949 2
0.949329 0.523212 2
0.950962 0.52792 2
0.991085 1 1
0.957447 0.549849 2
0.924711 0.118109 4
0.99481 1 1
0.952634 0.533055 2
0.94073 0.266794 3
0.972864 0.632022 2
0.965026 0.583807 2
0.95749 0.550013 2
0.897068 0.00962417 7
0.883865 7.55934e-05 13
0.930435 0.0671041 5
0.924654 0.0606513 5
0.87153 1.0213e-06 18
0.870667 9.91824e-07 18
0.923631 0.0596667 5
0.898332 0.00221597 9
0.92021 0.0289015 6
0.91101 0.0121711 7
0.873355 2.40484e-06 17
0.87483 5.56687e-06 16
0.914123 0.0258971 6
0.947318 0.287082 3
0.925665 0.0616663 5
0.865326 7.33699e-08 21
0.940107 0.26514 3
0.931532 0.24597 3
0.955388 0.542275 2
0.965898 0.588429 2
0.95156 0.529718 2
0.943604 0.274988 3
0.984083 1 1
0.934353 0.251601 3
0.951093 0.528311 2
0.961556 0.566964 2
0.989287 1 1
0.922944 0.115884 4
0.930341 0.243761 3
0.907153 0.0482688 5
0.938767 0.261713 3
0.979042 0.682908 2
0.902426 0.00243087 9
0.944077 0.276428 3
0.898472 0.00222268 9
0.886651 0.000175616 12
0.90998 0.0119292 7
0.936423 0.137528 4
0.974642 0.645339 2
0.906975 0.00552411 8
0.895326 0.000986303 10
0.922462 0.0585916 5
0.884135 7.61555e-05 13
0.91894 0.0282081 6
0.877559 6.06795e-06 16
0.957691 0.332643 3
0.912149 0.104993 4
0.979547 1 1
0.969091 1 1
0.92438 0.23401 3
0.923225 0.23234 3
0.978519 1 1
0.947952 0.519466 2
0.940385 0.501948 2
0.965645 1 1
0.926386 0.237068 3
0.924664 0.23443 3
0.957422 0.549753 2
0.994965 1 1
0.955422 0.542394 2
0.897453 0.020589 6
0.951348 0.529075 2
0.944172 0.510112 2
0.988138 1 1
0.928965 0.241326 3
0.920103 0.112602 4
0.952471 0.532539 2
0.968712 1 1
0.973412 1 1
0.948552 0.521074 2
0.927596 0.239018 3
0.944579 0.511059 2
0.925416 0.235563 3
0.958298 0.553166 2
0.91765 0.110027 4
0.935369 0.25378 3
0.990436 1 1
0.896473 0.0021304 9
0.937185 0.139146 4
0.911527 0.0248321 6
0.897619 0.00218233 9
0.906275 0.0111414 7
0.943491 0.274647 3
0.952433 0.307074 3
0.907227 0.0113321 7
0.90709 0.0113042 7
0.93916 0.262699 3
0.881269 7.05421e-05 13
0.907644 0.0114182 7
0.870885 4.94806e-06 16
0.986369 1 1
0.932121 0.0693159 5
0.921827 0.0298435 6
0.949285 0.294272 3
0.886989 8.25366e-05 13
0.880048 6.58841e-06 16
0.923631 0.0309787 6
0.924196 0.0313538 6
0.96947 0.609208 2
0.914452 0.0130648 7
0.886314 8.09468e-05 13
0.901447 0.0023758 9
0.901006 0.00235183 9
0.944528 0.157791 4
0.901846 0.00239796 9
0.91148 0.0122854 7
0.950818 0.300297 3
0.886855 8.22167e-05 13
0.924395 0.0603971 5
0.872654 1.06168e-06 18
0.862047 1.27123e-08 23
0.892055 0.000430747 11
0.910523 0.0120553 7
0.959732 0.344214 3
0.886647 8.17251e-05 13
0.870074 4.36822e-07 19
0.894749 0.00097302 10
0.867443 1.77981e-07 20
0.906516 0.00546882 8
0.864373 3.14623e-08 22
0.932439 0.129863 4
0.964992 0.583629 2
0.9072 0.0482924 5
0.947074 0.517174 2
0.894138 0.00924063 7
0.883562 0.00168392 9
0.913378 0.106039 4
0.933145 0.249118 3
0.982855 1 1
0.908506 0.0489645 5
0.891675 0.00894669 7
0.915734 0.108166 4
0.887802 0.00391849 8
0.925934 0.23636 3
0.883205 0.00167435 9
0.943645 0.508908 2
0.926789 0.0332062 6
0.896168 0.000229978 12
0.925426 0.0322045 6
0.8661 3.01307e-09 25
0.858075 3.45576e-11 30
0.898186 0.00050835 11
0.903683 0.00122459 10
0.954721 0.317501 3
0.88975 4.2216e-05 14
0.864819 1.26538e-09 26
0.883344 7.38948e-06 16
0.875926 5.44387e-07 19
0.918257 0.0142296 7
0.877118 5.70877e-07 19
0.906653 0.00269954 9
0.87505 6.05267e-05 13
0.927542 0.122003 4
0.917193 0.0543376 5
0.866778 4.41012e-06 16
0.866865 4.42055e-06 16
0.919588 0.0561598 5
0.891601 0.00193532 9
0.910918 0.0245979 6
0.907005 0.0232211 6
0.868944 1.04876e-05 15
0.868481 1.0364e-05 15
0.913061 0.0515656 5
0.941874 0.269943 3
0.926468 0.120475 4
0.856856 1.23976e-07 20
0.907442 0.101348 4
0.977427 1 1
0.95922 0.556889 2
0.952752 0.53343 2
0.954325 0.538597 2
0.987707 1 1
0.959144 0.556577 2
0.923905 0.233315 3
0.998389 1 1
0.956091 0.54479 2
0.943447 0.508462 2
0.971261 1 1
0.961968 1 1
0.954898 0.540558 2
0.898227 0.0443782 5
0.932509 0.0698485 5
0.956378 0.325713 3
0.982809 0.721146 2
0.919778 0.0147566 7
0.914336 0.00659114 8
0.96044 0.348475 3
0.954093 0.314543 3
0.964161 0.373123 3
0.951408 0.181725 4
0.919965 0.0148242 7
0.928964 0.0349441 6
0.935147 0.0737329 5
0.976691 0.661971 2
0.931784 0.0688597 5
0.915468 0.00679118 8
0.895785 0.0094513 7
0.945563 0.513403 2
0.940543 0.266293 3
0.887019 0.0038744 8
0.885828 0.00174751 9
0.939557 0.263711 3
0.914104 0.0522248 5
0.931809 0.246497 3
0.926787 0.237705 3
0.888787 0.00397557 8
0.890271 0.00406539 8
0.927487 0.238838 3
0.964103 0.579093 2
0.936618 0.256578 3
0.877653 0.00069367 10
0.987115 0.77305 2
0.906738 0.00270553 9
0.949048 0.293373 3
0.90792 0.00279126 9
0.895561 0.000225702 12
0.915239 0.0132892 7
0.945412 0.160469 4
0.972734 0.631089 2
0.913478 0.00644672 8
0.904502 0.00255616 9
0.932767 0.0702076 5
0.889272 8.83105e-05 13
0.921387 0.0295804 6
0.881235 6.86094e-06 16
0.965269 0.585083 2
0.96811 0.404033 3
0.9075 0.00137058 10
0.947988 0.168901 4
0.896231 0.000230434 12
0.885419 7.97161e-06 16
0.914024 0.00653795 8
0.935202 0.073818 5
0.983001 0.723258 2
0.909546 0.00291766 9
0.893649 0.00010143 13
0.918248 0.0142267 7
0.888305 1.89062e-05 15
0.92574 0.0324295 6
0.883218 3.41565e-06 17
0.946652 0.164407 4
0.8969 0.00960104 7
0.937919 0.259636 3
0.930666 0.244355 3
0.983637 1 1
0.995623 1 1
0.94674 0.516324 2
0.949636 0.524076 2
0.899468 0.0210741 6
0.959885 0.559661 2
0.990119 1 1
0.955256 0.541809 2
0.943495 0.508569 2
0.922655 0.115534 4
0.923806 0.11695 4
0.895421 0.00940367 7
0.945962 0.162188 4
0.948197 0.169628 4
0.983507 0.728928 2
0.946452 0.163757 4
0.936876 0.0765458 5
0.959177 0.340969 3
0.986566 0.765898 2
0.956652 0.327128 3
0.959829 0.344791 3
0.944859 0.15878 4
0.960864 0.351086 3
0.932869 0.0703513 5
0.954405 0.316004 3
0.921235 0.0294906 6
0.935084 0.0736337 5
0.903796 0.0106779 7
0.943321 0.274138 3
0.94572 0.281652 3
0.888756 0.000853018 10
0.88634 0.000375681 11
0.939168 0.26272 3
0.9184 0.0552342 5
0.940553 0.26632 3
0.92677 0.120898 4
0.890047 0.000876371 10
0.894238 0.00203611 9
0.923843 0.0598669 5
0.96458 0.581506 2
0.930787 0.127036 4
0.885147 0.000365803 11
0.880253 0.00072544 10
0.979111 1 1
0.935496 0.25406 3
0.920399 0.112928 4
0.926698 0.237563 3
0.968125 0.601023 2
0.925166 0.118707 4
0.904501 0.022442 6
0.961455 0.566505 2
0.924914 0.118374 4
0.908412 0.048915 5
0.985165 1 1
0.959061 0.556236 2
0.991661 1 1
0.868477 5.23254e-05 13
0.955417 0.320881 3
0.895553 0.000472215 11
0.933495 0.0712467 5
0.880419 6.67179e-06 16
0.869999 1.95905e-07 20
0.900868 0.00113351 10
0.918809 0.0281383 6
0.96918 0.607404 2
0.895372 0.000469891 11
0.877976 2.81339e-06 17
0.90203 0.00240833 9
0.87599 2.62594e-06 17
0.915231 0.0132871 7
0.872697 4.80865e-07 19
0.935531 0.1357 4
0.981948 0.711861 2
0.91012 0.00593532 8
0.952507 0.307399 3
0.90804 0.00565672 8
0.896124 0.000479655 11
0.918295 0.0278699 6
0.946408 0.283945 3
0.977883 0.672328 2
0.915913 0.0134881 7
0.904889 0.0025809 9
0.931976 0.0691185 5
0.892201 0.000204233 12
0.925473 0.0614706 5
0.884683 3.5854e-05 14
0.960327 0.347786 3
0.878495 0.000144572 12
0.957824 0.551304 2
0.930789 0.127039 4
0.892072 0.00195255 9
0.894786 0.00436988 8
0.946964 0.285848 3
0.909552 0.0240932 6
0.910746 0.0245331 6
0.934808 0.252567 3
0.895289 0.004407 8
0.887947 0.000838998 10
0.946982 0.285909 3
0.961653 0.5674 2
0.962128 0.569576 2
0.862709 7.70372e-07 18
0.888501 0.000394902 11
0.883491 7.48286e-05 13
0.89996 0.00229673 9
0.840727 6.33595e-12 0
0.835371 4.97777e-12 0
0.881599 7.11529e-05 13
0.875126 5.61816e-06 16
0.919649 0.0285907 6
0.87101 2.23083e-06 17
0.840584 6.29432e-12 0
0.853351 3.26131e-10 27
0.864619 1.60754e-07 20
0.904943 0.00528788 8
0.871279 2.24978e-06 17
0.868939 9.36426e-07 18
0.89523 0.0200896 6
0.92595 0.236385 3
0.930035 0.243208 3
0.872373 0.0006369 10
0.869692 0.000611398 10
0.921483 0.22994 3
0.902851 0.0462565 5
0.932245 0.247339 3
0.909304 0.102727 4
0.873484 0.00145147 9
0.879069 0.00348362 8
0.907456 0.101358 4
0.946403 0.515473 2
0.916078 0.108492 4
0.875895 0.00150079 9
0.935958 0.255082 3
0.960049 0.560355 2
0.989569 1 1
0.94342 0.508402 2
0.936683 0.256725 3
0.9704 1 1
0.97716 1 1
0.953893 0.537145 2
0.968081 0.600762 2
0.943213 0.507938 2
0.951769 0.530357 2
0.943045 0.507566 2
0.966545 0.591973 2
0.932649 0.248129 3
0.923633 0.116734 4
0.983162 1 1
0.905998 0.00540782 8
0.946054 0.282759 3
0.922689 0.0587966 5
0.908734 0.0116503 7
0.91628 0.0268735 6
0.955056 0.319119 3
0.954645 0.317142 3
0.917918 0.0276771 6
0.918295 0.02787 6
0.950353 0.298429 3
0.891345 0.000423121 11
0.915731 0.0266163 6
0.880157 3.13802e-05 14
0.97874 0.680101 2
0.981272 1 1
0.883115 0.00808518 7
0.924279 0.233861 3
0.891917 0.0194063 6
0.87854 0.00346071 8
0.89181 0.0193852 6
0.925045 0.235 3
0.94904 0.522411 2
0.891118 0.0192512 6
0.887738 0.0186329 6
0.918734 0.226414 3
0.866645 0.000257832 11
0.897026 0.0439308 5
0.858148 4.26906e-05 13
0.974165 1 1
0.954849 0.318119 3
0.941286 0.148823 4
0.983217 0.725659 2
0.937039 0.138832 4
0.926836 0.0628994 5
0.9512 0.30186 3
0.978031 0.673646 2
0.966802 0.593403 2
0.950111 0.297468 3
0.93503 0.134702 4
0.954808 0.31792 3
0.924454 0.0604551 5
0.95157 0.303395 3
0.91443 0.0130587 7
0.941552 0.149512 4
0.947952 0.289337 3
0.947048 0.286137 3
0.984832 1 1
0.943753 0.275436 3
0.934116 0.251107 3
0.957696 0.550808 2
0.984175 1 1
0.959478 0.557955 2
0.95765 0.55063 2
0.942102 0.270588 3
0.958915 0.555641 2
0.931141 0.127626 4
0.954553 0.539371 2
0.920045 0.0565279 5
0.936343 0.25595 3
0.896817 0.0438547 5
0.881003 0.00357022 8
0.901933 0.0458621 5
0.842684 1.91846e-07 19
0.836309 5.14369e-09 23
0.880368 0.00354125 8
0.878248 0.00344826 8
0.925597 0.23584 3
0.870469 0.000618582 10
0.84209 8.03021e-08 20
0.857207 1.82386e-05 14
0.861627 0.000104116 12
0.902866 0.0462629 5
0.866641 0.000257816 11
0.877398 0.00341247 8
0.979811 1 1
0.91755 0.224988 3
0.959942 0.5599 2
0.921525 0.229996 3
0.909114 0.102582 4
0.926931 0.237936 3
0.959702 0.558888 2
0.971672 1 1
0.926221 0.236808 3
0.918153 0.225708 3
0.94603 0.514546 2
0.900845 0.0454092 5
0.930065 0.243263 3
0.891447 0.0193147 6
0.963197 1 1
0.954383 0.538792 2
0.938884 0.262005 3
0.981555 1 1
0.921977 0.0581608 5
0.912942 0.0253986 6
0.946303 0.283593 3
0.961849 0.568295 2
0.981007 1 1
0.941587 0.269139 3
0.920473 0.056879 5
0.938717 0.261589 3
0.919548 0.0561283 5
0.955163 0.54148 2
0.912964 0.0254075 6
0.936641 0.137987 4
0.91529 0.107752 4
0.889617 0.00871855 7
0.915819 0.108247 4
0.856414 7.7985e-06 15
0.848962 5.27445e-07 18
0.890621 0.00882799 7
0.893302 0.0196837 6
0.943126 0.507746 2
0.881592 0.0035976 8
0.85537 3.30849e-06 16
0.872749 0.000640644 10
0.86961 0.00027093 11
0.911794 0.1047 4
0.872273 0.000635911 10
0.895525 0.0201539 6
0.88683 0.00386394 8
0.904844 0.0471533 5
0.912661 0.105424 4
0.854269 1.39768e-06 17
0.850846 2.38835e-07 19
0.900876 0.0214328 6
0.886072 0.00382256 8
0.922399 0.115227 4
0.889158 0.00399759 8
0.855003 1.42376e-06 17
0.862933 2.05517e-05 14
0.886723 0.00385802 8
0.925288 0.235367 3
0.895616 0.00942916 7
0.867141 5.08867e-05 13
0.931679 0.068719 5
0.941356 0.149003 4
0.958558 0.337435 3
0.972211 0.627382 2
0.959944 0.345476 3
0.953529 0.311944 3
0.985333 0.750409 2
0.931783 0.0688583 5
0.962174 0.569791 2
0.969385 0.608677 2
0.98163 0.708513 2
0.933943 0.0719025 5
0.937419 0.139654 4
0.9175 0.0139813 7
0.928328 0.0645624 5
0.96204 0.569171 2
0.921561 0.0296839 6
0.96204 0.569174 2
0.905706 0.00537411 8
0.895817 0.000997871 10
0.927927 0.0641043 5
0.945425 0.28069 3
0.998022 1 1
0.922782 0.0588807 5
0.903669 0.00515021 8
0.925432 0.0614281 5
0.901936 0.00240304 9
0.94005 0.145724 4
0.896945 0.00102547 10
0.941093 0.148327 4
0.900818 0.0101782 7
0.972017 0.626027 2
0.950359 0.526147 2
0.956308 0.545581 2
0.960739 0.563331 2
0.979346 1 1
0.953954 0.53735 2
0.915385 0.0530704 5
0.990746 1 1
0.960651 0.562946 2
0.942084 0.270538 3
0.973834 0.639162 2
0.95351 0.535879 2
0.954814 0.540269 2
0.892902 0.00423664 8
0.950773 0.300114 3
0.93916 0.262699 3
0.979403 1 1
0.917348 0.0544499 5
0.908936 0.0238744 6
0.945518 0.28099 3
0.956564 0.546525 2
0.982732 1 1
0.939569 0.263742 3
0.916127 0.05358 5
0.933106 0.131058 4
0.919142 0.055807 5
0.957289 0.549246 2
0.91388 0.0257923 6
0.932224 0.129484 4
0.884341 0.00819564 7
0.949156 0.522732 2
0.932897 0.248622 3
0.885958 0.00834734 7
0.88675 0.0084243 7
0.940454 0.502087 2
0.908538 0.10215 4
0.918903 0.226623 3
0.927658 0.23912 3
0.888467 0.0187613 6
0.885593 0.00831252 7
0.934333 0.490938 2
0.961382 1 1
0.946938 0.516827 2
0.867184 0.000260127 11
0.918427 0.0279383 6
0.967252 0.595948 2
0.972386 0.62861 2
0.91757 0.0275015 6
0.914709 0.0261537 6
0.967372 0.596637 2
0.946348 0.283742 3
0.949928 0.296752 3
0.955571 0.321644 3
0.918845 0.0281576 6
0.921825 0.0580278 5
0.945414 0.280654 3
0.99084 1 1
0.944819 0.278744 3
0.902108 0.00499162 8
0.89387 0.00202139 9
0.898741 0.00468287 8
0.912609 0.0252624 6
0.852906 8.95366e-09 23
0.848225 6.0635e-10 26
0.896278 0.00448231 8
0.886654 0.000817504 10
0.928061 0.122765 4
0.885203 0.000366258 11
0.853102 9.01747e-09 23
0.864001 8.01044e-07 18
0.879766 0.000148741 12
0.920272 0.0567135 5
0.886835 0.000820446 10
0.873963 2.65869e-05 14
0.93404 0.490459 2
0.952125 0.531456 2
0.979902 1 1
0.91608 0.223285 3
0.910294 0.103493 4
0.955844 0.543899 2
0.951303 0.528941 2
0.967478 1 1
0.946839 0.516574 2
0.916089 0.223295 3
0.926341 0.236997 3
0.930879 0.244747 3
0.973245 1 1
0.928136 0.239914 3
0.916291 0.223525 3
0.903831 0.0466905 5
0.931935 0.246739 3
0.931804 0.246488 3
0.994949 1 1
0.988493 1 1
0.941976 0.505243 2
0.954451 0.539025 2
0.90276 0.0462168 5
0.954783 0.540162 2
0.996978 1 1
0.964982 0.583581 2
0.934626 0.252179 3
0.919382 0.111821 4
0.915322 0.107782 4
0.903933 0.0467363 5
0.849608 4.28214e-08 21
0.926266 0.120194 4
0.898621 0.00984429 7
0.862843 9.02428e-06 15
0.867061 2.25226e-05 14
0.91499 0.0528057 5
0.877773 0.000314136 11
0.882454 0.000754677 10
0.903965 0.0222846 6
0.866433 2.22032e-05 14
0.857169 6.56465e-07 18
0.921301 0.113943 4
0.9282 0.240023 3
0.94019 0.265358 3
0.833599 4.606e-12 0
0.901119 0.0102261 7
0.936989 0.257433 3
0.940256 0.265532 3
0.882848 0.000348073 11
0.880301 0.000330225 11
0.932728 0.248286 3
0.912912 0.0514735 5
0.938188 0.260287 3
0.920418 0.056833 5
0.884059 0.000777522 10
0.888864 0.00184122 9
0.917871 0.0548362 5
0.957965 0.551853 2
0.925487 0.119134 4
0.882145 0.000342963 11
0.878933 0.000321331 11
0.942699 0.272305 3
0.926268 0.120198 4
0.879539 0.000325212 11
0.88055 0.000729246 10
0.93373 0.250308 3
0.901878 0.0216989 6
0.913768 0.0520096 5
0.92107 0.11368 4
0.882098 0.000749784 10
0.879063 0.000322157 11
0.928932 0.124079 4
0.954289 0.538474 2
0.942705 0.272324 3
0.861611 3.85173e-06 16
0.9449 0.279001 3
0.923049 0.116013 4
0.956842 0.547557 2
0.89543 0.00441761 8
0.887295 0.00179148 9
0.92685 0.121011 4
0.933985 0.250833 3
0.982943 1 1
0.91915 0.0558132 5
0.894226 0.00432929 8
0.911955 0.0508942 5
0.902395 0.0104354 7
0.944529 0.277831 3
0.900696 0.0101588 7
0.924053 0.117263 4
0.926367 0.0623973 5
0.970429 0.615333 2
0.983637 1 1
0.940496 0.146822 4
0.936304 0.137281 4
0.979884 0.690931 2
0.968136 0.601087 2
0.947829 0.288894 3
0.974009 0.640484 2
0.941407 0.26864 3
0.944109 0.276526 3
0.952041 0.30539 3
0.975691 0.653677 2
0.942743 0.272432 3
0.913591 0.0256695 6
0.920027 0.0565134 5
0.966792 0.593346 2
0.968226 0.60162 2
0.958915 0.555641 2
0.955568 0.542911 2
0.979268 1 1
0.973347 0.635543 2
0.933251 0.131324 4
0.986398 1 1
0.960458 0.562109 2
0.955802 0.543749 2
0.957099 0.548523 2
0.959369 0.557504 2
0.941761 0.269628 3
0.911393 0.0247799 6
0.948408 0.290994 3
0.943741 0.275401 3
0.978041 1 1
0.948904 0.292831 3
0.938214 0.260349 3
0.955042 0.541059 2
0.990429 1 1
0.95473 0.539981 2
0.957051 0.548342 2
0.946728 0.285036 3
0.96569 0.587313 2
0.929442 0.124871 4
0.948978 0.293111 3
0.917057 0.0542393 5
0.938957 0.262189 3
0.972319 0.62814 2
0.890009 0.000409418 11
0.930809 0.0675805 5
0.886495 0.000174915 12
0.874499 5.51043e-06 16
0.89718 0.0010314 10
0.923395 0.0594454 5
0.963038 0.573868 2
0.894021 0.000956734 10
0.883184 7.421e-05 13
0.911007 0.0121705 7
0.871728 1.02824e-06 18
0.907044 0.00553249 8
0.865736 1.67272e-07 20
0.954619 0.317016 3
0.952221 0.531755 2
0.924206 0.117457 4
0.961395 0.566239 2
0.901264 0.0215348 6
0.892444 0.00420563 8
0.929201 0.241735 3
0.940463 0.266081 3
0.991218 1 1
0.922533 0.115388 4
0.899751 0.0100126 7
0.918938 0.111351 4
0.903875 0.0222584 6
0.944491 0.277712 3
0.900634 0.0213699 6
0.93139 0.245702 3
0.906098 0.0477483 5
0.941908 0.270038 3
0.946725 0.516285 2
0.888764 0.00397422 8
0.885957 0.00381637 8
0.938322 0.260615 3
0.919207 0.111635 4
0.943103 0.507695 2
0.926102 0.236621 3
0.889897 0.00404229 8
0.894994 0.0093486 7
0.92213 0.114908 4
0.963748 0.577323 2
0.928487 0.240507 3
0.88726 0.00388784 8
0.913121 0.00638825 8
0.95259 0.186645 4
0.958667 0.338047 3
0.900726 0.000547999 11
0.897741 0.000241723 12
0.950219 0.177039 4
0.931085 0.0368223 6
0.949001 0.172496 4
0.938122 0.0787169 5
0.901847 0.000567207 11
0.906602 0.00133363 10
0.931774 0.0374746 6
0.975764 0.654264 2
0.935639 0.0745099 5
0.894968 0.000106011 13
0.886847 0.00843383 7
0.933063 0.248953 3
0.928005 0.239695 3
0.874462 0.00147107 9
0.873432 0.000647545 10
0.926515 0.237272 3
0.901565 0.045707 5
0.923255 0.232382 3
0.913875 0.106474 4
0.876235 0.00150802 9
0.877966 0.001546 9
0.916291 0.108695 4
0.950477 0.526492 2
0.927284 0.238506 3
0.868308 0.000265035 11
0.89539 0.000470122 11
0.895973 0.000477668 11
0.911549 0.00614295 8
0.851692 1.0807e-11 0
0.846635 8.38336e-12 0
0.893941 0.000452256 11
0.88594 3.72821e-05 14
0.928835 0.0651524 5
0.883098 1.58069e-05 15
0.85172 1.08227e-11 0
0.863533 6.00475e-09 24
0.876835 2.70333e-06 17
0.917686 0.0140416 7
0.883404 1.59664e-05 15
0.875479 1.17416e-06 18
0.957754 0.55103 2
0.93835 0.497991 2
0.982095 1 1
0.928994 0.241375 3
0.91907 0.226829 3
0.947167 0.517413 2
0.96962 1 1
0.97513 1 1
0.944404 0.510649 2
0.927076 0.238169 3
0.947097 0.517234 2
0.920262 0.228336 3
0.951695 0.530131 2
0.911822 0.104723 4
0.941884 0.505048 2
0.904105 0.00519649 8
0.988303 1 1
0.961045 0.564679 2
0.925079 0.0610723 5
0.925859 0.0618662 5
0.982113 0.713611 2
0.94352 0.274734 3
0.931085 0.067937 5
0.968714 0.604553 2
0.927818 0.0639814 5
0.921799 0.0298266 6
0.966353 0.590913 2
0.986893 1 1
0.964967 0.583502 2
0.890282 0.000412155 11
0.923971 0.031203 6
0.892163 9.66411e-05 13
0.921127 0.0152573 7
0.862157 4.93593e-10 27
0.854109 1.22674e-11 0
0.894066 0.000215698 12
0.899617 0.000530051 11
0.950618 0.178585 4
0.885623 1.72032e-05 15
0.86085 2.04868e-10 28
0.879529 1.36836e-06 18
0.872016 9.58739e-08 21
0.914202 0.00656814 8
0.873431 1.01833e-07 21
0.904099 0.00123919 10
0.895405 0.000224623 12
0.964989 0.379171 3
0.942748 0.152708 4
0.959149 0.340806 3
0.966378 0.591046 2
0.971008 0.619145 2
0.949234 0.173344 4
0.90815 0.00280856 9
0.982356 0.716218 2
0.964331 0.374348 3
0.940822 0.14764 4
0.9721 0.626606 2
0.945439 0.160553 4
0.951966 0.305066 3
0.888681 4.07307e-05 14
0.932287 0.247421 3
0.950653 0.527006 2
0.968226 1 1
0.96463 1 1
0.955334 0.542081 2
0.96297 1 1
0.988916 1 1
0.93816 0.497634 2
0.969788 1 1
0.963422 1 1
0.971362 1 1
0.940848 0.502887 2
0.947958 0.51948 2
0.925509 0.235705 3
0.925831 0.236201 3
0.85703 4.57062e-09 24
0.934443 0.133559 4
0.906808 0.0112472 7
0.870333 2.18411e-06 17
0.874246 5.46802e-06 16
0.92318 0.0592455 5
0.885826 0.000171958 12
0.889855 0.000407888 11
0.911904 0.0123903 7
0.873853 5.40293e-06 16
0.864976 1.62799e-07 20
0.928403 0.0646488 5
0.936701 0.138112 4
0.946941 0.285769 3
0.841033 6.42609e-12 0
32 0 1 2 7 9 13 14 15 16 17 20 21 22 25 27 28 30 31 34 37 40 41 43 48 52 54 58 59 60 62 63 66 
63 0 1 2 3 4 5 7 8 9 10 11 12 13 14 15 16 17 19 20 21 22 24 25 27 28 29 30 31 32 33 34 35 36 37 38 39 40 41 42 43 45 46 47 48 49 51 52 53 54 55 56 57 58 59 60 61 62 63 64 65 66 68 69 
43 0 1 2 4 7 9 11 12 13 14 15 16 19 20 21 22 25 27 28 30 31 33 34 35 37 38 39 40 41 43 45 48 49 52 54 58 59 60 61 62 63 64 66 
65 0 1 2 3 4 5 6 7 8 9 10 11 12 13 14 15 16 17 18 19 20 21 22 24 25 26 27 28 29 31 32 33 34 35 36 37 38 39 40 41 42 43 44 45 46 47 48 49 51 52 53 54 55 56 57 58 59 60 61 62 64 65 66 68 69 
66 0 2 3 4 5 6 7 8 9 10 11 12 13 14 15 16 17 18 19 20 21 22 23 24 25 26 27 28 29 31 32 33 34 35 36 37 38 39 40 41 42 43 44 45 46 47 48 49 50 51 52 53 54 55 56 57 58 59 60 61 62 64 65 67 68 69 
63 0 1 2 3 4 5 7 8 9 10 11 12 13 14 15 16 17 19 20 21 22 24 25 27 28 29 30 31 32 33 34 35 36 37 38 39 40 41 42 43 45 46 47 48 49 51 52 53 54 55 56 57 58 59 60 61 62 63 64 65 66 68 69 
52 0 1 2 3 4 7 9 11 12 13 14 15 16 17 19 20 21 22 24 25 27 28 30 31 32 33 34 35 36 37 38 39 40 41 43 45 46 47 48 49 52 53 54 57 58 59 60 61 62 63 64 66 
28 0 1 2 7 9 13 14 15 16 17 22 27 30 31 34 37 40 41 43 48 52 54 58 59 60 62 63 66 
61 0 1 2 3 6 7 9 10 11 12 13 14 15 16 17 18 19 20 21 22 24 25 26 27 28 29 30 31 32 33 34 35 36 37 38 39 40 41 43 45 46 47 48 49 51 52 53 54 55 56 57 58 59 60 61 62 63 64 65 66 69 
66 0 1 2 3 4 5 6 7 8 9 10 11 12 13 14 15 16 17 18 19 20 21 22 24 25 26 27 28 29 31 32 33 34 35 36 37 38 39 40 41 42 43 44 45 46 47 48 49 51 52 53 54 55 56 57 58 59 60 61 62 64 65 66 67 68 69 
68 0 1 2 3 4 5 6 7 8 9 10 11 12 13 14 15 16 17 18 19 20 21 22 24 25 26 27 28 29 30 31 32 33 34 35 36 37 38 39 40 41 42 43 44 45 46 47 48 49 51 52 53 54 55 56 57 58 59 60 61 62 63 64 65 66 67 68 69 
63 0 1 2 3 4 6 7 9 10 11 12 13 14 15 16 17 18 19 20 21 22 24 25 26 27 28 29 30 31 32 33 34 35 36 37 38 39 40 41 43 45 46 47 48 49 51 52 53 54 55 56 57 58 59 60 61 62 63 64 65 66 68 69 
52 0 1 2 3 4 7 9 11 12 13 14 15 16 17 19 20 21 22 24 25 27 28 30 31 32 33 34 35 36 37 38 39 40 41 43 45 46 47 48 49 52 53 54 57 58 59 60 61 62 63 64 66 
64 0 1 2 3 4 6 7 8 9 10 11 12 13 14 15 16 17 19 20 21 22 24 25 26 27 28 29 30 31 32 33 34 35 36 37 38 39 40 41 42 43 45 46 47 48 49 51 52 53 54 55 56 57 58 59 60 61 62 63 64 65 66 68 69 
36 0 1 2 7 9 12 13 14 15 16 17 20 21 22 25 27 28 30 31 34 37 40 41 43 45 48 52 53 54 58 59 60 61 62 63 66 
