40 15 6e+06
4.08306 133265
2.75419 163151
2.64481 150604
3.85947 179108
1.3495 190934
1.21402 160723
8.2564 142644
7.46799 160841
1.02892 157944
1.43057 180338
8.66852 122282
1.00531 162057
1.85765 101480
1.58701 113446
4.61344 140507
4.06165 162563
5.24001 122386
3.37813 177197
12.1157 151433
2.55383 124961
1.6962 100875
1.92848 145041
4.83847 172532
1.49383 146055
1.15379 187189
1.1703 158134
5.40782 137052
3.70771 138448
8.81413 142915
9.64442 190824
3.81128 104702
1.50046 119867
1.33013 116754
3.34066 153064
2.07724 139711
2.89001 151176
5.43928 175870
2.24615 175525
4.77969 172887
2.168 170303
0.89211 0.0194442 6
0.889756 0.018995 6
0.871063 0.000624186 10
0.938973 0.499172 2
0.95955 0.558253 2
0.897182 0.0439881 5
0.876654 0.00338183 8
0.954226 0.538262 2
0.842782 1.92335e-07 19
0.902173 0.0459639 5
0.898564 0.0445063 5
0.933593 0.489738 2
0.898521 0.0444901 5
0.876713 0.00338427 8
0.84912 1.23236e-06 17
0.902482 0.00243408 9
0.905039 0.00259057 9
0.885086 3.6302e-05 14
0.947397 0.287359 3
0.975279 0.650354 2
0.911 0.00606147 8
0.891504 0.000200211 12
0.965911 0.588504 2
0.856826 1.67605e-10 28
0.910603 0.00600395 8
0.9024 0.00242939 9
0.942203 0.151231 4
0.907104 0.00553987 8
0.891434 0.000199817 12
0.862927 5.84789e-09 24
0.890254 0.00406431 8
0.966536 0.591923 2
0.929652 0.242526 3
0.889465 0.00401604 8
0.909361 0.0494206 5
0.925411 0.119032 4
0.952644 0.533085 2
0.899716 0.0100073 7
0.925218 0.118775 4
0.880169 0.000724367 10
0.85325 1.10811e-07 20
0.889464 0.00401595 8
0.879742 0.000326532 11
0.947562 0.518439 2
0.920662 0.113221 4
0.896833 0.00959187 7
0.893261 0.00426128 8
0.875255 0.000134831 12
0.943889 0.275851 3
0.963864 0.5779 2
0.901656 0.010313 7
0.880461 0.000331294 11
0.959238 0.556963 2
0.846633 1.32498e-09 25
0.906879 0.0231802 6
0.902747 0.0104951 7
0.938485 0.261015 3
0.903218 0.0220699 6
0.880631 0.000332434 11
0.853165 4.79429e-08 21
0.911449 0.104416 4
0.959128 0.556509 2
0.966732 1 1
0.88801 0.0085505 7
0.891146 0.0192566 6
0.941576 0.504398 2
0.97551 1 1
0.889349 0.0189204 6
0.978849 1 1
0.895462 0.0201401 6
0.866033 0.000255273 11
0.890399 0.0191147 6
0.89672 0.0438194 5
0.974135 1 1
0.97205 1 1
0.943831 0.155752 4
0.961991 0.358266 3
0.994902 1 1
0.916294 0.013603 7
0.911984 0.00620899 8
0.97292 0.632431 2
0.978587 0.678697 2
0.914085 0.0129627 7
0.960695 0.350041 3
0.927286 0.0633895 5
0.896829 0.000489141 11
0.919417 0.028464 6
0.928635 0.0649183 5
0.983974 0.734264 2
0.970057 0.612926 2
0.876713 2.692e-06 17
0.88583 3.71534e-05 14
0.862271 2.52016e-09 25
0.920985 0.0293446 6
0.948905 0.292838 3
0.886389 3.78144e-05 14
0.870784 2.01926e-07 20
0.938356 0.141738 4
0.836152 5.15266e-12 0
0.884958 3.6159e-05 14
0.879292 6.4233e-06 16
0.915819 0.0134599 7
0.881497 6.92348e-06 16
0.870097 1.96646e-07 20
0.841099 6.44552e-12 0
0.89083 9.26474e-05 13
0.919297 0.0145859 7
0.889567 8.91058e-05 13
0.925658 0.0323709 6
0.963104 0.365715 3
0.910344 0.00596692 8
0.902018 0.00116919 10
0.945647 0.161199 4
0.865785 6.63952e-09 24
0.893692 0.000213317 12
0.878805 2.89757e-06 17
0.921644 0.0297333 6
0.89085 9.27058e-05 13
0.900432 0.00112049 10
0.869109 3.8242e-08 22
0.976429 0.659758 2
0.942251 0.271014 3
0.955916 0.544155 2
0.953273 0.535107 2
0.936504 0.256317 3
0.983241 1 1
0.945725 0.28167 3
0.945149 0.279797 3
0.92183 0.0580326 5
0.964926 0.583289 2
0.933559 0.13189 4
0.957366 0.549538 2
0.965153 0.584473 2
0.949597 0.295467 3
0.933018 0.130899 4
0.929661 0.242542 3
0.989242 1 1
0.967911 0.59976 2
0.918491 0.110884 4
0.925632 0.235893 3
0.966333 0.590801 2
0.986236 1 1
0.922627 0.1155 4
0.946649 0.516093 2
0.91727 0.109648 4
0.887899 0.00392401 8
0.920048 0.112541 4
0.917383 0.109761 4
0.984201 1 1
0.949527 0.523769 2
0.86103 9.16405e-11 29
0.926633 0.0330881 6
0.887826 1.85834e-05 15
0.875778 2.47055e-07 20
0.906465 0.00132812 10
0.892442 4.63524e-05 14
0.9089 0.00286617 9
0.8916 4.49927e-05 14
0.879446 1.36391e-06 18
0.855834 1.34596e-11 0
0.833578 4.60177e-12 0
0.873879 1.03824e-07 21
0.854384 1.24485e-11 0
0.904563 0.00125577 10
0.875954 2.48887e-07 20
0.919683 0.112145 4
0.980325 1 1
0.968889 1 1
0.903531 0.0465563 5
0.910071 0.0498107 5
0.954397 0.538839 2
0.991872 1 1
0.906971 0.0481776 5
0.959654 0.558688 2
0.905593 0.0475059 5
0.876061 0.000675533 10
0.905354 0.0473926 5
0.906187 0.0477916 5
0.986654 1 1
0.958813 0.555226 2
0.940085 0.265082 3
0.925643 0.119344 4
0.916089 0.0535531 5
0.981022 1 1
0.978773 1 1
0.944892 0.511794 2
0.917074 0.109455 4
0.993093 1 1
0.884514 0.00171003 9
0.947003 0.516992 2
0.931441 0.245797 3
0.977433 1 1
0.94365 0.275125 3
0.918447 0.11084 4
0.892814 0.00423062 8
0.939953 0.264737 3
0.975821 0.654732 2
0.979926 1 1
0.921691 0.0579111 5
0.922704 0.115593 4
0.975684 0.653619 2
0.985742 1 1
0.92259 0.115456 4
0.951877 0.53069 2
0.925828 0.119595 4
0.895621 0.00443194 8
0.924041 0.117248 4
0.926411 0.120395 4
0.988973 1 1
0.957931 0.551722 2
0.935652 0.135944 4
0.907005 0.00552773 8
0.901488 0.00115249 10
0.985888 0.757277 2
0.965123 0.584317 2
0.930277 0.0669042 5
0.899885 0.00110451 10
0.981952 0.711896 2
0.869656 8.69646e-08 21
0.948246 0.290401 3
0.942492 0.15201 4
0.980446 0.696454 2
0.94433 0.157205 4
0.901694 0.00115893 10
0.878818 6.32297e-06 16
0.906881 0.00271563 9
0.944728 0.158389 4
0.913178 0.00639764 8
0.931942 0.0690727 5
0.96511 0.380077 3
0.931993 0.0691414 5
0.926907 0.0332959 6
0.949517 0.17439 4
0.889689 4.21291e-05 14
0.905976 0.00265283 9
0.885668 1.72296e-05 15
0.929344 0.0657578 5
0.90371 0.00122553 10
0.925121 0.0319889 6
0.892756 9.85081e-05 13
0.88251 0.000755451 10
0.916738 0.0540099 5
0.884762 0.000787972 10
0.915638 0.0532425 5
0.952702 0.533269 2
0.903734 0.0222177 6
0.898723 0.00985916 7
0.935355 0.253751 3
0.862786 1.74967e-06 17
0.88459 0.000785378 10
0.869243 2.36906e-05 14
0.911765 0.0507817 5
0.881869 0.000746672 10
0.896694 0.009573 7
0.865196 4.22659e-06 16
0.957628 0.332298 3
0.958623 0.337801 3
0.979902 0.691109 2
0.93148 0.0371937 6
0.923992 0.0164361 7
0.988743 0.795309 2
0.968169 0.404538 3
0.927927 0.034093 6
0.94495 0.159057 4
0.942033 0.150778 4
0.911072 0.00304589 9
0.934806 0.0732033 5
0.943057 0.153562 4
0.972816 0.631681 2
0.955323 0.32042 3
0.855866 3.65346e-10 27
0.914342 0.0130339 7
0.876143 2.63974e-06 17
0.876826 5.92688e-06 16
0.910356 0.0120164 7
0.884762 7.74846e-05 13
0.895841 0.000998442 10
0.894253 0.000456 11
0.864465 3.15778e-08 22
0.852935 6.07011e-11 29
0.833078 4.50291e-12 0
0.874203 2.4728e-06 17
0.851066 1.04644e-11 0
0.891982 0.000429951 11
0.862268 1.28271e-08 23
0.965024 0.583798 2
0.94084 0.267092 3
0.97477 1 1
0.925483 0.119128 4
0.910831 0.0502386 5
0.97386 1 1
0.953872 0.537075 2
0.917622 0.11 4
0.944043 0.276322 3
0.946303 0.515225 2
0.916086 0.0535515 5
0.929765 0.242727 3
0.948561 0.521098 2
0.959073 0.556283 2
0.957326 0.549385 2
0.920206 0.0566591 5
0.997586 1 1
0.95597 0.544353 2
0.915051 0.0263062 6
0.927655 0.122168 4
0.956544 0.546449 2
0.976932 0.66402 2
0.921989 0.0581717 5
0.938757 0.261689 3
0.909351 0.0240214 6
0.880966 0.00015288 12
0.915889 0.0534149 5
0.909082 0.0239257 6
0.973238 0.634741 2
0.939603 0.26383 3
0.897532 0.0206075 6
0.92696 0.237983 3
0.897325 0.0205593 6
0.930439 0.243939 3
0.9679 1 1
0.918108 0.110491 4
0.909734 0.103056 4
0.950209 0.525712 2
0.873189 0.000645076 10
0.8996 0.021107 6
0.883243 0.00367689 8
0.926732 0.237617 3
0.896868 0.0204542 6
0.908205 0.0488065 5
0.876656 0.0006822 10
0.94663 0.2847 3
0.946463 0.284133 3
0.935516 0.254103 3
0.965381 0.585671 2
0.969142 0.607167 2
0.963599 0.576591 2
0.938093 0.260056 3
0.971685 0.623731 2
0.904076 0.022317 6
0.946139 0.283043 3
0.922423 0.115255 4
0.9652 0.584719 2
0.943911 0.275919 3
0.939338 0.263151 3
0.911813 0.0508098 5
0.903359 0.0464795 5
0.978787 1 1
0.938131 0.260147 3
0.90427 0.0468893 5
0.923586 0.232855 3
0.938681 0.498614 2
0.960403 0.561872 2
0.914447 0.106983 4
0.926591 0.237392 3
0.893992 0.0198263 6
0.867041 0.000114714 12
0.90425 0.0468802 5
0.89338 0.00914755 7
0.955875 0.544009 2
0.924789 0.234616 3
0.987303 1 1
0.920671 0.11323 4
0.936226 0.255685 3
0.961058 0.564736 2
0.931707 0.246302 3
0.960414 0.561918 2
0.923917 0.11709 4
0.945285 0.280237 3
0.903649 0.0221932 6
0.987889 1 1
0.955551 0.54285 2
0.966505 0.59175 2
0.987764 1 1
0.927887 0.122508 4
0.915746 0.0533163 5
0.982783 1 1
0.911374 0.0247726 6
0.927797 0.122375 4
0.959576 0.558361 2
0.926709 0.120812 4
0.950795 0.300202 3
0.914781 0.0261857 6
0.941569 0.26909 3
0.896012 0.00211023 9
0.997335 1 1
0.964784 0.582556 2
0.965102 0.584203 2
0.996978 1 1
0.9188 0.0555409 5
0.908346 0.0115664 7
0.915084 0.0528685 5
0.964307 0.580119 2
0.930319 0.12627 4
0.929323 0.124685 4
0.954068 0.537729 2
0.945463 0.280813 3
0.945815 0.281967 3
0.942865 0.27279 3
0.907916 0.0235234 6
0.910493 0.0244379 6
0.886351 0.00081263 10
0.928129 0.122866 4
0.908888 0.0238574 6
0.943674 0.275198 3
0.910473 0.0244305 6
0.900837 0.000549844 11
0.97775 0.671143 2
0.943183 0.153915 4
0.895343 0.000224193 12
0.911117 0.00304984 9
0.936449 0.0758303 5
0.966512 0.390882 3
0.903526 0.00121917 10
0.937988 0.0784771 5
0.889468 4.18162e-05 14
0.861518 2.12045e-10 28
0.895928 0.000228271 12
0.889343 4.1641e-05 14
0.961292 0.353772 3
0.934073 0.0720941 5
0.874944 2.53464e-06 17
0.899586 0.00227765 9
0.870506 9.86467e-07 18
0.913573 0.0128235 7
0.948759 0.292293 3
0.891607 0.000425903 11
0.882545 3.36198e-05 14
0.933127 0.131097 4
0.847099 8.57609e-12 0
0.879695 1.41881e-05 15
0.868475 4.12777e-07 19
0.909006 0.01171 7
0.876621 5.88823e-06 16
0.88098 3.21238e-05 14
0.850357 2.32723e-11 30
0.853612 1.1948e-11 0
0.914805 0.00667274 8
0.876419 2.53843e-07 20
0.872524 4.44224e-08 22
0.905226 0.0012802 10
0.883372 3.43609e-06 17
0.896683 0.00023372 12
0.889469 1.97264e-05 15
0.86643 1.37159e-09 26
0.849913 9.86696e-12 0
0.829351 3.83842e-12 0
0.870119 1.80175e-08 23
0.848188 9.04985e-12 0
0.892614 4.66391e-05 14
0.863555 2.35964e-10 28
0.917519 0.0139874 7
0.947757 0.168103 4
0.920125 0.0148824 7
0.94231 0.151517 4
0.97263 0.63035 2
0.941347 0.148978 4
0.93157 0.0685743 5
0.958964 0.339743 3
0.894287 0.000217131 12
0.916842 0.0137724 7
0.895972 0.000477659 11
0.939975 0.14554 4
0.914545 0.013091 7
0.930478 0.0671579 5
0.898561 0.00051389 11
0.979112 1 1
0.939569 0.500327 2
0.961765 0.567909 2
0.943267 0.50806 2
0.925473 0.235649 3
0.980975 1 1
0.946932 0.51681 2
0.934073 0.251015 3
0.928354 0.240281 3
0.962255 0.570166 2
0.930708 0.244431 3
0.947713 0.518835 2
0.963751 0.577341 2
0.951485 0.529492 2
0.940583 0.502348 2
0.926173 0.0621938 5
0.970113 0.613287 2
0.980111 0.693143 2
0.903866 0.00251647 9
0.905739 0.00537791 8
0.95825 0.335709 3
0.990442 1 1
0.904787 0.00257431 9
0.96894 0.605928 2
0.910585 0.0060014 8
0.880655 1.46175e-05 15
0.906311 0.00544454 8
0.911643 0.0123255 7
0.991266 1 1
0.970791 0.617704 2
0.940027 0.0822922 5
0.905255 0.00128131 10
0.902479 0.000578542 11
0.988734 0.795186 2
0.959068 0.340335 3
0.931201 0.068088 5
0.899372 0.000526229 11
0.976515 0.660481 2
0.870378 1.8234e-08 23
0.953843 0.313382 3
0.949282 0.17352 4
0.984403 0.739256 2
0.949854 0.17565 4
0.901491 0.000560988 11
0.880028 1.39545e-06 18
0.916124 0.0267997 6
0.984996 1 1
0.945187 0.279921 3
0.918033 0.0549573 5
0.935494 0.135625 4
0.951264 0.302125 3
0.964723 0.582243 2
0.927576 0.122053 4
0.926931 0.121126 4
0.907393 0.0113662 7
0.880311 6.88218e-05 13
0.918123 0.055025 5
0.906633 0.0112123 7
0.961419 0.566344 2
0.927873 0.122488 4
0.880879 0.0035645 8
0.909595 0.10295 4
0.879346 0.00349573 8
0.917036 0.224383 3
0.953722 0.536579 2
0.899697 0.0449471 5
0.892146 0.0194512 6
0.936908 0.495348 2
0.856343 1.79245e-05 14
0.884353 0.00819675 7
0.870942 0.000623041 10
0.912788 0.105532 4
0.881437 0.00359034 8
0.890414 0.0191175 6
0.859318 4.36318e-05 13
0.96852 0.603378 2
0.925356 0.0321551 6
0.930531 0.0672247 5
0.978717 0.679891 2
0.950279 0.177268 4
0.959312 0.341747 3
0.92377 0.0310699 6
0.964458 0.375269 3
0.897285 0.000238218 12
0.974988 0.64805 2
0.950628 0.178624 4
0.983551 0.729425 2
0.972023 0.62607 2
0.926787 0.0332045 6
0.907939 0.00279272 9
0.91352 0.00645365 8
0.940659 0.14723 4
0.966176 0.388232 3
0.881901 3.24756e-06 17
0.879115 1.34642e-06 18
0.936361 0.0756844 5
0.959861 0.344984 3
0.87994 1.39061e-06 18
0.996725 1 1
0.895997 0.000228761 12
0.867186 7.07958e-09 24
0.885056 7.86485e-06 16
0.897976 0.000243566 12
0.961432 0.354662 3
0.988305 0.789163 2
0.883701 7.48501e-06 16
0.957528 0.331758 3
0.918704 0.0143808 7
0.888152 4.00273e-05 14
0.911867 0.00619119 8
0.918085 0.0141725 7
0.9412 0.1486 4
0.900374 0.000542192 11
0.912316 0.00626038 8
0.875188 5.28865e-07 19
0.849489 9.65818e-12 0
0.887543 3.92399e-05 14
0.874404 2.33329e-07 20
0.93638 0.0757146 5
0.908279 0.00281833 9
0.970978 0.618947 2
0.945531 0.281032 3
0.970143 0.61348 2
0.937133 0.25777 3
0.922862 0.115784 4
0.984852 1 1
0.954524 0.539275 2
0.929827 0.125478 4
0.936266 0.255775 3
0.953937 0.537291 2
0.922664 0.0587742 5
0.941239 0.268179 3
0.955443 0.542469 2
0.959276 0.557117 2
0.948342 0.290753 3
33 0 1 2 3 6 7 8 9 10 11 12 13 14 15 16 17 18 20 21 22 23 24 25 26 27 28 30 31 33 34 35 36 38 
29 0 1 3 6 7 8 10 12 14 15 16 18 20 21 22 23 24 25 26 28 29 30 31 33 34 35 36 38 39 
38 0 1 2 3 5 6 7 8 9 10 11 12 13 14 15 16 17 18 19 20 21 22 23 24 25 26 27 28 29 30 31 32 33 34 35 36 38 39 
8 0 1 3 6 14 28 33 35 
8 0 1 3 6 12 14 28 33 
21 0 1 3 6 7 8 12 14 15 16 21 22 24 25 26 28 30 31 33 35 36 
35 0 1 2 3 6 7 8 9 10 12 13 14 15 16 17 18 19 20 21 22 23 24 25 26 27 28 29 30 31 33 34 35 36 38 39 
6 0 1 3 6 14 33 
37 0 1 2 3 4 5 7 8 9 10 11 12 13 14 15 16 17 18 19 20 21 22 23 24 25 26 27 29 30 31 32 33 34 35 36 38 39 
29 0 1 2 3 6 7 8 9 11 12 13 14 15 16 18 20 21 22 23 24 26 27 28 30 33 34 35 36 38 
20 0 1 2 3 6 7 12 14 15 16 21 22 23 26 28 30 33 34 35 36 
12 0 1 3 6 7 12 14 16 21 28 33 35 
27 0 1 2 3 6 7 8 9 12 14 15 16 20 21 22 23 24 25 26 27 28 30 33 34 35 36 38 
33 0 1 3 5 6 7 8 9 10 12 13 14 15 16 17 18 19 20 21 22 23 24 25 26 28 29 30 31 33 34 35 36 39 
39 0 1 2 3 4 5 7 8 9 10 11 12 13 14 15 16 17 18 19 20 21 22 23 24 25 26 27 28 29 30 31 32 33 34 35 36 37 38 39 
