60 15 8e+06
1.71168 130796
1.832 106097
2.57689 188232
1.49845 127664
2.04551 111337
2.15587 171885
1.02315 108164
1.63805 190418
2.13616 143100
2.06847 116957
2.20656 190731
1.11626 157048
2.3689 146303
2.65894 122192
1.22402 107686
1.85756 133486
1.11129 104470
1.50954 185519
1.05363 161961
2.95784 134436
1.64424 195236
1.4227 191340
1.71254 165030
2.48845 155745
1.85864 172369
2.35076 114421
1.95183 195354
2.72327 193793
2.61734 120946
1.63473 194586
1.99385 181927
1.60721 197030
2.09816 103002
2.88189 184069
1.82766 126403
2.76329 117954
2.63876 105606
1.30337 101483
1.79905 118045
1.03508 175366
2.17233 133673
2.10665 109208
1.94346 167428
1.3517 135970
2.07292 160684
1.57505 132913
2.62783 128377
1.65262 181651
1.67996 194640
1.41019 179328
1.58086 126033
1.35464 100419
2.18324 158016
1.95905 196145
1.2849 119372
1.63776 149846
2.18504 193698
2.75839 171769
1.47551 127813
2.98537 199207
0.908773 0.102326 4
0.85884 4.32433e-05 13
0.978638 1 1
0.914537 0.107065 4
0.964857 1 1
0.843042 1.93641e-07 19
0.896426 0.0437133 5
0.895369 0.0201198 6
0.909178 0.102631 4
0.898512 0.0444865 5
0.933266 0.249361 3
0.90918 0.102633 4
0.876729 0.00151867 9
0.880535 0.00354882 8
0.918171 0.225729 3
0.890089 0.000410216 11
0.833345 4.55533e-12 0
0.97514 0.649247 2
0.888876 0.000398424 11
0.934025 0.132763 4
0.817916 2.39712e-12 0
0.875855 1.26563e-05 15
0.882284 7.24462e-05 13
0.896317 0.00212352 9
0.883129 7.41001e-05 13
0.905507 0.00535138 8
0.880901 6.98724e-05 13
0.854313 7.80299e-10 26
0.864081 1.57745e-07 20
0.891948 0.000913112 10
0.948552 0.291524 3
0.96109 0.564876 2
0.873487 2.41522e-06 17
0.974146 0.641526 2
0.920094 0.0288368 6
0.943415 0.154566 4
0.961666 0.567463 2
0.925619 0.0616192 5
0.925138 0.0611314 5
0.935528 0.135693 4
0.954977 0.318733 3
0.968417 0.602761 2
0.971336 0.621353 2
0.93816 0.141294 4
0.970906 0.618469 2
0.939312 0.263084 3
0.948246 0.290401 3
0.887801 0.0018072 9
0.975565 1 1
0.936482 0.256267 3
0.93116 0.127658 4
0.946575 0.284512 3
0.914194 0.0522828 5
0.917494 0.0545573 5
0.923866 0.117026 4
0.968336 0.602278 2
0.99197 1 1
0.94862 0.521259 2
0.921238 0.113872 4
0.976656 1 1
0.897634 0.00459031 8
0.838744 5.78712e-12 0
0.971559 0.622866 2
0.895035 0.00438819 8
0.937787 0.259318 3
0.823193 2.96991e-12 0
0.883035 0.000349452 11
0.890198 0.00188585 9
0.904353 0.010778 7
0.890926 0.00191118 9
0.911061 0.0246525 6
0.885695 0.000802272 10
0.860949 3.21753e-07 19
0.871641 2.50937e-05 14
0.897953 0.00461657 8
0.921716 0.230253 3
0.867629 0.000115975 12
0.965015 0.58375 2
0.92517 0.235188 3
0.969058 1 1
0.851569 1.30736e-06 17
0.908745 0.0490906 5
0.908343 0.0488786 5
0.922312 0.231065 3
0.911534 0.104486 4
0.942758 0.506933 2
0.916741 0.109129 4
0.887983 0.0085477 7
0.893195 0.0196617 6
0.928515 0.240554 3
0.911955 0.0508942 5
0.934586 0.252096 3
0.887175 0.00388308 8
0.947655 0.518683 2
0.933831 0.250514 3
0.920911 0.113501 4
0.917547 0.109925 4
0.887285 0.00388924 8
0.892011 0.00898531 7
0.896482 0.00954425 7
0.951571 0.529752 2
0.975112 1 1
0.921075 0.113686 4
0.892901 0.00908998 7
0.950368 0.526173 2
0.947985 0.519554 2
0.880347 0.00160166 9
0.935939 0.255041 3
0.93984 0.264442 3
0.954808 0.540248 2
0.86416 2.11077e-05 14
0.932387 0.247615 3
0.937231 0.258 3
0.95182 0.530514 2
0.939723 0.264139 3
0.950249 0.525829 2
0.922341 0.115159 4
0.908183 0.048795 5
0.919947 0.112431 4
0.941638 0.504527 2
0.935643 0.493135 2
0.864146 0.000108832 12
0.936517 0.494653 2
0.922126 0.230809 3
0.940418 0.502013 2
0.848375 1.21072e-06 17
0.918872 0.226584 3
0.931628 0.246152 3
0.946356 0.515356 2
0.931403 0.245725 3
0.931657 0.246207 3
0.904287 0.0468971 5
0.893771 0.0197801 6
0.910871 0.10395 4
0.923597 0.23287 3
0.889124 0.000859543 10
0.862276 3.35562e-07 19
0.956761 0.547255 2
0.908065 0.0235736 6
0.961423 0.566362 2
0.84755 2.54118e-10 27
0.881708 0.000155545 12
0.870461 1.09102e-05 15
0.882424 0.000158194 12
0.875856 2.7917e-05 14
0.928674 0.123686 4
0.914986 0.052803 5
0.868526 4.62749e-06 16
0.861356 3.25904e-07 19
0.912557 0.025241 6
0.932169 0.129387 4
0.859352 1.34383e-07 20
0.933583 0.131935 4
0.916691 0.0539766 5
0.934215 0.133124 4
0.843746 3.98102e-11 29
0.915146 0.0529099 5
0.930478 0.126528 4
0.944928 0.27909 3
0.929338 0.124708 4
0.925533 0.119195 4
0.898405 0.00465432 8
0.889796 0.00187216 9
0.908773 0.0238174 6
0.91798 0.0549173 5
0.97359 0.637343 2
0.894655 0.00436026 8
0.881195 0.000336287 11
0.936953 0.257351 3
0.907975 0.0235431 6
0.880836 0.00033383 11
0.960788 0.563543 2
0.995073 1 1
0.989044 1 1
0.987991 1 1
0.927646 0.122154 4
0.910497 0.0244395 6
0.935672 0.254446 3
0.969478 0.609259 2
0.934341 0.251578 3
0.97243 1 1
0.91399 0.106576 4
0.910585 0.0500991 5
0.975011 1 1
0.950711 0.527178 2
0.897252 0.0205424 6
0.963147 0.57439 2
0.948683 0.52143 2
0.957716 0.550884 2
0.956564 0.546525 2
0.975112 1 1
0.951571 0.529752 2
0.941546 0.504334 2
0.942339 0.506022 2
0.975586 1 1
0.863598 2.085e-05 14
0.874845 0.000297247 11
0.894039 0.00922825 7
0.894232 0.00925232 7
0.919115 0.111537 4
0.864101 2.10805e-05 14
0.863874 2.09759e-05 14
0.841011 1.07878e-09 25
0.849171 9.81174e-08 20
0.848662 9.66739e-08 20
0.908432 0.0489254 5
0.915873 0.108298 4
0.862098 2.01865e-05 14
0.840637 1.06451e-09 25
0.898214 0.0207685 6
0.967184 0.595561 2
0.944462 0.27762 3
0.869455 2.12568e-06 17
0.965983 0.58889 2
0.911452 0.024803 6
0.929582 0.125091 4
0.985309 1 1
0.949139 0.293716 3
0.944849 0.278839 3
0.958767 0.555042 2
0.944972 0.27923 3
0.945236 0.280077 3
0.985506 1 1
0.965276 0.585117 2
0.961152 0.565149 2
0.983932 1 1
0.915687 0.108123 4
0.901749 0.0457846 5
0.972331 1 1
0.939713 0.500609 2
0.899351 0.044811 5
0.972709 1 1
0.9591 0.556396 2
0.96641 1 1
0.967586 1 1
0.965235 1 1
0.945804 0.513991 2
0.948094 0.519843 2
0.953376 0.535441 2
0.970891 1 1
0.921487 0.114158 4
0.908458 0.023708 6
0.921741 0.114451 4
0.951033 0.52813 2
0.969777 0.611144 2
0.892856 0.00423351 8
0.919522 0.111971 4
0.897776 0.00972305 7
0.906618 0.0230959 6
0.905699 0.0228058 6
0.969399 0.608763 2
0.963912 0.57814 2
0.911415 0.0505757 5
0.895485 0.00941205 7
0.955735 0.543506 2
0.910155 0.0119695 7
0.862842 1.51099e-07 20
0.975593 0.652881 2
0.91806 0.0277493 6
0.970318 0.614608 2
0.847029 1.98385e-11 30
0.898495 0.00222378 9
0.895503 0.00208839 9
0.909075 0.0117251 7
0.899163 0.00471926 8
0.937389 0.139589 4
0.913903 0.0258022 6
0.87954 6.74869e-05 13
0.881648 7.12429e-05 13
0.921863 0.0580609 5
0.96063 0.562854 2
0.880234 0.0035352 8
0.908359 0.102017 4
0.934247 0.490797 2
0.926929 0.237933 3
0.864986 0.00025099 11
0.942706 0.506821 2
0.962764 1 1
0.977706 1 1
0.961168 0.565221 2
0.934741 0.491613 2
0.91042 0.103591 4
0.915906 0.108328 4
0.939953 0.501083 2
0.933798 0.490068 2
0.910339 0.00596624 8
0.993027 1 1
0.841227 6.48391e-12 0
0.933634 0.071448 5
0.887377 3.9029e-05 14
0.982356 0.716218 2
0.925727 0.0324207 6
0.891188 9.3692e-05 13
0.888113 3.99753e-05 14
0.900275 0.000540579 11
0.91855 0.0143283 7
0.94215 0.151088 4
0.948563 0.170919 4
0.908843 0.00286175 9
0.931459 0.0684267 5
0.897339 0.000496211 11
0.884085 1.63306e-05 15
0.932616 0.0699966 5
0.923449 0.0308594 6
0.963408 0.367813 3
0.869692 8.70922e-08 21
0.893522 0.000212245 12
0.875531 1.1764e-06 18
0.885714 3.70184e-05 14
0.882472 1.5488e-05 15
0.942752 0.152721 4
0.936756 0.138229 4
0.884627 1.66305e-05 15
0.870779 2.01886e-07 20
0.928069 0.0642655 5
0.945788 0.513951 2
0.967513 1 1
0.862174 0.000105111 12
0.962553 1 1
0.907569 0.10144 4
0.951063 0.528221 2
0.962064 1 1
0.926034 0.236516 3
0.922877 0.231849 3
0.935567 0.493004 2
0.942215 0.505756 2
0.954859 0.540425 2
0.982026 1 1
0.942758 0.506933 2
0.958629 0.554486 2
0.889327 0.00086319 10
0.910735 0.0245287 6
0.888279 0.000844696 10
0.923447 0.0594941 5
0.928264 0.123068 4
0.899376 0.0047379 8
0.892861 0.00198216 9
0.865297 8.33631e-07 18
0.871453 5.03036e-06 16
0.873938 1.19876e-05 15
0.932756 0.130427 4
0.948967 0.29307 3
0.894858 0.00206136 9
0.868706 2.07767e-06 17
0.926842 0.120999 4
0.966184 1 1
0.887073 0.00845617 7
0.911779 0.104687 4
0.942754 0.506925 2
0.934465 0.251839 3
0.871461 0.000627998 10
0.948251 0.520262 2
0.961846 0.568281 2
0.977064 1 1
0.96281 1 1
0.943772 0.509197 2
0.91909 0.226854 3
0.921524 0.229994 3
0.941659 0.504572 2
0.942513 0.506399 2
0.911979 0.0250094 6
0.962358 0.570645 2
0.863686 7.93411e-07 18
0.944783 0.278629 3
0.910775 0.0245437 6
0.949801 0.296258 3
0.922946 0.115887 4
0.888759 0.000853073 10
0.889831 0.00187334 9
0.898311 0.00464642 8
0.937435 0.25848 3
0.965773 0.587759 2
0.935971 0.255112 3
0.900398 0.0101121 7
0.944935 0.279112 3
0.914088 0.0129637 7
0.873431 1.09101e-06 18
0.96376 0.577382 2
0.927199 0.063294 5
0.983457 0.728354 2
0.857593 3.95821e-10 27
0.904275 0.00254188 9
0.896619 0.000486285 11
0.909425 0.00583925 8
0.901479 0.00237761 9
0.947742 0.288582 3
0.926019 0.0620324 5
0.88728 8.3237e-05 13
0.88527 3.65092e-05 14
0.931376 0.0683174 5
0.944854 0.511706 2
0.94745 0.518147 2
0.88879 0.00863101 7
0.98111 1 1
0.937212 0.257954 3
0.930065 0.243263 3
0.952041 0.531196 2
0.919607 0.112063 4
0.922813 0.115725 4
0.929338 0.241974 3
0.970906 1 1
0.987624 1 1
0.952558 0.532813 2
0.926475 0.237209 3
0.981682 1 1
0.914662 0.0525885 5
0.94017 0.265304 3
0.884086 0.00169818 9
0.950465 0.526457 2
0.931298 0.245528 3
0.926236 0.120153 4
0.921182 0.113808 4
0.890013 0.00404943 8
0.894133 0.00924003 7
0.899344 0.0099511 7
0.951987 0.531028 2
0.978028 1 1
0.925935 0.11974 4
0.896609 0.0095614 7
0.95276 0.533453 2
0.938383 0.260764 3
0.883843 0.00370669 8
0.947318 0.517804 2
0.942988 0.507439 2
0.975105 1 1
0.867454 0.000115599 12
0.926062 0.23656 3
0.922252 0.230982 3
0.935682 0.254469 3
0.926668 0.237514 3
0.959724 0.558982 2
0.932103 0.247063 3
0.905319 0.0473758 5
0.908954 0.0492019 5
0.946204 0.514977 2
0.867759 4.53013e-06 16
0.877388 6.39898e-05 13
0.897741 0.00459903 8
0.898324 0.0046475 8
0.923728 0.116853 4
0.866243 4.34671e-06 16
0.867827 4.53853e-06 16
0.84512 9.8596e-11 28
0.853392 9.11295e-09 23
0.852767 8.90879e-09 23
0.912846 0.0253589 6
0.919678 0.0562321 5
0.865597 1.89493e-06 17
0.844522 9.61303e-11 28
0.902365 0.0104304 7
0.937359 0.49616 2
0.870985 0.000623449 10
0.94433 0.510477 2
0.930011 0.243166 3
0.953645 0.536323 2
0.854916 1.74237e-05 14
0.921759 0.23031 3
0.928342 0.240261 3
0.943038 0.507549 2
0.930003 0.243152 3
0.942144 0.505604 2
0.914354 0.1069 4
0.89784 0.0442323 5
0.910099 0.10334 4
0.932111 0.247078 3
0.901629 0.00494505 8
0.850635 6.68618e-10 26
0.986062 1 1
0.90598 0.0110838 7
0.955852 0.543925 2
0.834982 4.89327e-12 0
0.888848 0.000854646 10
0.889575 0.000867691 10
0.9035 0.0106255 7
0.892147 0.00195532 9
0.924372 0.060375 5
0.900505 0.00483927 8
0.868827 4.66653e-06 16
0.873888 2.65366e-05 14
0.909522 0.0240826 6
0.938087 0.0786532 5
0.972752 0.63122 2
0.864409 1.24008e-09 26
0.962713 0.363056 3
0.91114 0.0030519 9
0.954775 0.31776 3
0.952488 0.307317 3
0.916492 0.00698218 8
0.914954 0.00669904 8
0.926183 0.0327528 6
0.945046 0.159349 4
0.963489 0.368374 3
0.969061 0.606672 2
0.931256 0.0681602 5
0.959925 0.345361 3
0.945967 0.28247 3
0.896122 0.0010052 10
0.936455 0.137595 4
0.95573 0.322432 3
0.976663 0.661733 2
0.879512 1.41089e-05 15
0.935693 0.136026 4
0.926415 0.0624481 5
0.938561 0.142205 4
0.932289 0.129598 4
0.9731 0.633737 2
0.944854 0.278856 3
0.916433 0.0269461 6
0.916175 0.0268237 6
0.9592 0.556805 2
0.926872 0.121042 4
0.944363 0.277311 3
0.887653 0.000387152 11
0.963108 0.574202 2
0.936186 0.137036 4
0.928617 0.123599 4
0.933421 0.131636 4
0.901921 0.00497331 8
0.905876 0.0110635 7
0.91139 0.0247787 6
0.962165 0.569751 2
0.990705 1 1
0.936664 0.138035 4
0.908425 0.0115835 7
0.965197 0.584701 2
0.907753 0.101573 4
0.847197 5.04348e-07 18
0.9673 1 1
0.904313 0.046909 5
0.944338 0.510496 2
0.831484 1.36267e-10 27
0.892926 0.0196071 6
0.900011 0.0450719 5
0.914329 0.106877 4
0.900907 0.0454344 5
0.9198 0.227745 3
0.893686 0.0197626 6
0.870421 0.000618131 10
0.881444 0.00359064 8
0.907105 0.101107 4
0.867059 2.25216e-05 14
0.874225 0.000131977 12
0.900864 0.0214298 6
0.896994 0.00961399 7
0.924948 0.118418 4
0.86285 9.02568e-06 15
0.866573 2.22739e-05 14
0.844648 2.8764e-09 24
0.853232 2.55458e-07 19
0.852141 1.07152e-07 20
0.912177 0.0510268 5
0.917573 0.10995 4
0.86356 9.17907e-06 15
0.843405 1.17595e-09 25
0.901115 0.0214956 6
0.949021 0.293274 3
0.912539 0.0125514 7
0.922032 0.0582091 5
0.970888 0.618351 2
0.970086 0.61311 2
0.895682 0.000994669 10
0.943718 0.275333 3
0.925406 0.0614022 5
0.93489 0.134428 4
0.933156 0.13115 4
0.99168 1 1
0.963077 0.574052 2
0.928828 0.0651444 5
0.920654 0.0291538 6
0.975251 0.650136 2
0.98069 1 1
0.927998 0.122672 4
0.893177 0.00425551 8
0.981204 1 1
0.93463 0.252188 3
0.911494 0.0506222 5
0.980705 1 1
0.954226 0.538262 2
0.957621 0.550516 2
0.964089 0.579022 2
0.965972 0.58883 2
0.953506 0.535867 2
0.959833 0.55944 2
0.955991 0.544427 2
0.977887 1 1
0.980165 1 1
0.901413 0.0456435 5
0.90588 0.0476435 5
0.95691 0.547814 2
0.936757 0.256896 3
0.885556 0.00379501 8
0.96266 0.572065 2
0.965858 1 1
0.977967 1 1
0.970975 1 1
0.954162 0.538045 2
0.93162 0.246136 3
0.935922 0.255003 3
0.951401 0.529236 2
0.956047 0.54463 2
0.927152 0.238293 3
0.985056 1 1
0.854565 1.73038e-05 14
0.950662 0.527034 2
0.901117 0.0455209 5
0.966787 1 1
0.942325 0.505991 2
0.906855 0.100929 4
0.904404 0.0992559 4
0.916275 0.223506 3
0.933999 0.490393 2
0.955131 0.541371 2
0.96309 1 1
0.923345 0.232511 3
0.948105 0.519871 2
0.956891 0.547743 2
0.956174 0.545093 2
0.867742 4.52795e-06 16
0.968235 0.601677 2
0.912025 0.0250276 6
0.940258 0.265536 3
0.97352 0.636825 2
0.936974 0.257399 3
0.933831 0.132398 4
0.946673 0.284847 3
0.946752 0.285117 3
0.953363 0.535398 2
0.986962 1 1
0.952817 0.533637 2
0.963664 0.576908 2
0.978263 1 1
0.935409 0.492735 2
0.880453 0.00354508 8
0.973524 1 1
0.921695 0.230224 3
0.919673 0.227584 3
0.99197 1 1
0.95575 0.543561 2
0.954404 0.538863 2
0.965991 1 1
0.954162 0.538045 2
0.948344 0.520513 2
0.972656 1 1
0.965153 1 1
0.968952 1 1
0.908845 0.00576135 8
0.935292 0.13522 4
0.883891 3.49982e-05 14
0.944447 0.157553 4
0.930106 0.0666912 5
0.922212 0.0300778 6
0.914919 0.013197 7
0.884295 3.54304e-05 14
0.888746 8.69221e-05 13
0.893514 0.000447218 11
0.947661 0.288292 3
0.971898 0.625196 2
0.919522 0.0285208 6
0.890454 0.000194403 12
0.946976 0.28589 3
0.974104 1 1
0.915521 0.107967 4
0.866913 0.000258972 11
0.944552 0.510995 2
0.901075 0.0455035 5
0.90272 0.0461996 5
0.977191 1 1
0.976576 1 1
0.965353 1 1
0.982507 1 1
0.928498 0.240525 3
0.919296 0.227111 3
0.958853 0.555391 2
0.994213 1 1
0.94053 0.502241 2
0.905762 0.0228253 6
0.935568 0.254218 3
0.880833 0.00033381 11
0.941232 0.268159 3
0.926617 0.120683 4
0.923117 0.116095 4
0.91223 0.0510586 5
0.881335 0.000337259 11
0.885556 0.000800104 10
0.890565 0.00189855 9
0.943921 0.27595 3
0.968573 0.6037 2
0.917756 0.0547501 5
0.887951 0.00181193 9
0.943614 0.275015 3
0.917505 0.109882 4
0.900063 0.0450925 5
0.929598 0.242431 3
0.944467 0.510796 2
0.975687 1 1
0.88457 0.00821669 7
0.914003 0.106587 4
0.89467 0.0199691 6
0.904396 0.0469468 5
0.902092 0.0459296 5
0.964348 1 1
0.955098 0.541255 2
0.904293 0.0468997 5
0.890653 0.00883157 7
0.949207 0.522874 2
0.974776 0.646383 2
0.920716 0.029189 6
0.867042 7.83795e-08 21
0.948404 0.29098 3
0.90271 0.00244731 9
0.907727 0.00561708 8
0.981647 0.70869 2
0.971934 0.625447 2
0.962164 0.569744 2
0.979256 0.684927 2
0.931376 0.0683174 5
0.923551 0.0595913 5
0.964254 0.579851 2
0.991102 1 1
0.9442 0.156823 4
0.889761 0.000190724 12
0.899333 0.00226494 9
0.902329 0.0024253 9
0.922053 0.0299805 6
0.93913 0.143523 4
0.886858 0.000176559 12
0.890775 0.000417174 11
0.86616 1.69848e-07 20
0.873804 2.44045e-06 17
0.874308 2.48148e-06 17
0.93551 0.135657 4
0.944506 0.277759 3
0.88896 0.000186625 12
0.866749 1.73514e-07 20
0.92606 0.0620749 5
0.913853 0.0520639 5
0.876854 0.000308643 11
0.959039 0.556146 2
0.929399 0.242082 3
0.986679 1 1
0.861076 3.80011e-06 16
0.904978 0.0225849 6
0.895338 0.00939301 7
0.907737 0.048565 5
0.900657 0.0213759 6
0.950353 0.526131 2
0.930067 0.243266 3
0.889067 0.00399219 8
0.885123 0.00172717 9
0.933737 0.250322 3
0.926804 0.0628647 5
0.920156 0.0288716 6
0.911305 0.0122425 7
0.959689 0.34396 3
0.960464 0.562135 2
0.904323 0.00521993 8
0.927176 0.0632682 5
0.902155 0.0024154 9
0.909622 0.0118476 7
0.910705 0.0120985 7
0.973995 0.640378 2
0.976245 0.658227 2
0.921533 0.0296671 6
0.902373 0.00242781 9
0.964138 0.579268 2
0.8935 0.00427794 8
0.881976 0.000341759 11
0.930808 0.127071 4
0.919884 0.0563977 5
0.959325 0.557322 2
0.867847 1.01981e-05 15
0.889897 0.00187558 9
0.871717 2.51401e-05 14
0.881826 0.000340697 11
0.878661 0.000145104 12
0.938887 0.262014 3
0.933986 0.250835 3
0.881469 0.000338187 11
0.867149 1.00202e-05 15
0.924473 0.1178 4
0.925119 0.0611123 5
0.892307 0.00196129 9
0.942991 0.273161 3
0.944862 0.278879 3
0.994135 1 1
0.876234 2.81949e-05 14
0.918094 0.055003 5
0.904193 0.0107489 7
0.915506 0.026513 6
0.910622 0.0244862 6
0.966369 0.590997 2
0.946348 0.283742 3
0.903675 0.0106564 7
0.896529 0.0021329 9
0.949412 0.294756 3
0.891425 0.00891815 7
0.889373 0.0040105 8
0.917496 0.109873 4
0.920893 0.11348 4
0.950321 0.526037 2
0.875927 0.00030329 11
0.889918 0.00404358 8
0.868645 5.25118e-05 13
0.877675 0.000693921 10
0.876187 0.000304772 11
0.937764 0.259262 3
0.939101 0.26255 3
0.884431 0.0017077 9
0.866421 5.01395e-05 13
0.925306 0.118892 4
0.923447 0.0161988 7
0.926051 0.032656 6
0.903438 0.000596474 11
0.958169 0.335263 3
0.951874 0.183635 4
0.9106 0.00300518 9
0.925776 0.0324561 6
0.898559 0.000248231 12
0.905029 0.00127285 10
0.907421 0.00136728 10
0.968235 0.405108 3
0.980542 0.697405 2
0.923172 0.0160814 7
0.900745 0.000548318 11
0.962086 0.358888 3
0.955334 0.320471 3
0.95397 0.31397 3
0.860274 3.89636e-11 30
0.958623 0.337801 3
0.903182 0.000591588 11
0.940043 0.0823239 5
0.973436 0.636203 2
0.939305 0.0808986 5
0.933788 0.071674 5
0.948352 0.170172 4
0.937277 0.0772301 5
0.942818 0.152902 4
0.997586 1 1
0.958664 0.338032 3
0.953937 0.313815 3
0.918188 0.110573 4
0.941344 0.503912 2
0.885503 0.00830399 7
0.954128 0.537932 2
0.933182 0.249193 3
0.926842 0.237793 3
0.924654 0.234415 3
0.893442 0.0197124 6
0.89756 0.0206141 6
0.902806 0.0462368 5
0.955218 0.541674 2
0.981783 1 1
0.928923 0.241253 3
0.899948 0.0450467 5
0.956408 0.545948 2
0.984564 1 1
0.92937 0.0657899 5
0.884429 7.67738e-05 13
0.972572 0.629935 2
0.924401 0.0604035 5
0.91364 0.0128414 7
0.991633 1 1
0.960508 0.562323 2
0.960348 0.561633 2
0.970822 0.617912 2
0.955363 0.320615 3
0.945946 0.282398 3
0.966587 0.592206 2
0.966274 0.590476 2
0.968491 0.603207 2
0.910644 0.0120839 7
0.866879 1.74338e-07 20
0.971368 0.62157 2
0.921211 0.0574984 5
0.975831 0.65481 2
0.85109 5.55751e-11 29
0.89989 0.00229316 9
0.894621 0.000970116 10
0.907848 0.011461 7
0.898856 0.00224131 9
0.941219 0.148648 4
0.918772 0.0281191 6
0.881952 3.3039e-05 14
0.881965 3.30522e-05 14
0.925218 0.061212 5
0.891158 0.0192589 6
0.89058 0.0191489 6
0.9155 0.107947 4
0.921041 0.229352 3
0.948894 0.522007 2
0.87725 0.00340633 8
0.889973 0.0190353 6
0.868251 0.000598465 10
0.877108 0.00340047 8
0.875877 0.00150039 9
0.937523 0.49646 2
0.939843 0.500865 2
0.884948 0.00825182 7
0.866387 0.000256748 11
0.925414 0.23556 3
55 0 1 2 3 4 5 6 7 8 9 10 12 13 15 16 17 18 19 20 21 22 23 24 25 26 27 28 29 30 31 32 33 34 35 36 37 38 39 40 41 42 43 45 46 48 49 50 51 52 53 54 56 57 58 59 
15 6 13 19 22 24 27 29 36 43 45 48 51 53 56 59 
33 2 3 6 9 13 16 17 20 21 22 24 25 26 27 29 32 34 36 37 40 43 45 46 48 49 50 51 52 53 54 56 58 59 
34 2 3 6 9 13 16 17 19 20 21 22 24 25 26 27 29 32 34 36 37 40 43 45 46 48 49 50 51 52 53 54 56 58 59 
27 3 6 9 13 16 19 20 22 24 26 27 29 34 36 40 43 45 46 48 49 50 51 52 53 54 56 59 
15 6 13 20 22 24 27 29 36 43 45 48 51 53 56 59 
42 2 3 6 9 12 13 14 16 17 19 20 21 22 24 25 26 27 29 32 33 34 36 37 38 40 41 42 43 45 46 48 49 50 51 52 53 54 55 56 57 58 59 
60 0 1 2 3 4 5 6 7 8 9 10 11 12 13 14 15 16 17 18 19 20 21 22 23 24 25 26 27 28 29 30 31 32 33 34 35 36 37 38 39 40 41 42 43 44 45 46 47 48 49 50 51 52 53 54 55 56 57 58 59 
55 0 1 2 3 4 5 6 7 8 9 10 12 13 15 16 17 18 19 20 21 22 23 24 25 26 27 28 29 30 31 32 33 34 35 36 37 38 39 40 41 42 43 45 46 48 49 50 51 52 53 54 56 57 58 59 
57 0 1 2 3 4 5 6 7 8 9 10 12 13 14 15 16 17 18 19 20 21 22 23 24 25 26 27 28 29 30 31 32 33 34 35 36 37 38 39 40 41 42 43 45 46 48 49 50 51 52 53 54 55 56 57 58 59 
29 2 3 6 9 13 16 19 20 21 22 24 26 27 29 32 34 36 40 41 43 45 46 48 50 51 53 54 56 59 
22 6 9 13 16 19 20 22 24 27 29 34 36 43 45 46 48 50 51 53 54 56 59 
50 0 1 2 3 4 5 6 7 9 12 13 15 16 17 19 20 21 22 24 25 26 27 28 29 30 31 32 33 34 35 36 37 38 40 41 42 43 45 46 48 49 50 51 52 53 54 55 56 58 59 
44 2 3 6 9 12 13 14 15 16 19 20 21 22 24 25 26 27 29 32 33 34 36 37 38 40 41 42 43 44 45 46 47 48 49 50 51 52 53 54 55 56 57 58 59 
29 2 3 6 13 16 19 20 21 22 24 26 27 29 32 34 36 40 41 43 45 46 48 50 51 53 54 55 56 59 
