40 15 8e+06
1.12185 142651
1.69597 194114
2.18704 192319
1.75656 171698
1.00725 147577
1.54197 177430
1.89106 116277
2.16678 137954
2.46086 184404
1.38875 107279
2.03583 192808
2.97841 130387
1.80534 109436
1.22588 197570
1.13382 105607
1.38014 136864
1.7544 115410
1.02898 119570
2.42906 152917
2.8732 173893
1.40795 184716
1.47845 192459
2.13478 164151
2.74037 171089
1.49393 145351
2.9246 155562
2.44794 100357
1.39116 107950
2.20585 151095
1.82559 198907
1.66428 152061
1.44988 182115
1.92882 174315
1.31155 144551
2.45937 132882
2.66874 127199
2.59008 105813
1.33375 125957
1.73857 147839
2.49627 137740
0.91395 0.10654 4
0.957922 0.551684 2
0.910249 0.0499101 5
0.902409 0.0460651 5
0.897147 0.0205182 6
0.95265 0.533105 2
0.883838 0.00370645 8
0.932544 0.247923 3
0.930157 0.243429 3
0.964413 0.580658 2
0.884478 0.00373889 8
0.971243 1 1
0.953993 0.53748 2
0.904079 0.0468021 5
0.920184 0.11269 4
0.950088 0.297381 3
0.929071 0.0654316 5
0.971254 0.620799 2
0.977966 0.673071 2
0.967693 0.598489 2
0.967857 0.599444 2
0.919226 0.0283606 6
0.939694 0.144861 4
0.895583 0.000992317 10
0.890579 0.000415163 11
0.938831 0.142825 4
0.939642 0.144737 4
0.884809 0.000167628 12
0.971697 0.62381 2
0.97367 0.637934 2
0.935105 0.492221 2
0.987242 1 1
0.919304 0.227121 3
0.897517 0.0441119 5
0.887804 0.0186444 6
0.940648 0.50248 2
0.857819 4.24317e-05 13
0.900701 0.0453503 5
0.888861 0.0188319 6
0.948578 0.521145 2
0.866165 0.000580633 10
0.970797 1 1
0.952548 0.532782 2
0.910925 0.103993 4
0.903824 0.0988771 4
0.844638 7.61255e-12 0
0.875452 5.6754e-06 16
0.851298 5.61249e-11 29
0.861755 1.25622e-08 23
0.865033 7.25593e-08 21
0.89361 0.00094777 10
0.893172 0.000443248 11
0.925198 0.0611919 5
0.974966 0.647874 2
0.903915 0.00517626 8
0.874057 2.4609e-06 17
0.89065 0.000415887 11
0.889763 0.000406984 11
0.849025 9.43535e-12 0
0.888633 0.000184992 12
0.898352 0.000510791 11
0.941124 0.148406 4
0.896553 0.000485388 11
0.892542 9.78263e-05 13
0.889024 4.11986e-05 14
0.940769 0.147506 4
0.884105 1.63416e-05 15
0.933421 0.0711392 5
0.94289 0.1531 4
0.965333 0.381753 3
0.880634 3.09717e-06 17
0.954161 0.314855 3
0.951209 0.301896 3
0.891083 9.33833e-05 13
0.91338 0.00643052 8
0.930528 0.12661 4
0.950397 0.298602 3
0.935703 0.136047 4
0.934538 0.133742 4
0.930005 0.125762 4
0.983676 1 1
0.911255 0.0247267 6
0.956944 0.547938 2
0.929691 0.125262 4
0.93027 0.126189 4
0.915932 0.0267096 6
0.969034 0.606502 2
0.921418 0.0576754 5
0.931254 0.127815 4
0.953911 0.313695 3
0.94927 0.523049 2
0.977791 1 1
0.943267 0.50806 2
0.927146 0.238283 3
0.918145 0.110529 4
0.973634 1 1
0.88712 0.00846088 7
0.928713 0.240891 3
0.905785 0.0475978 5
0.935749 0.254619 3
0.896623 0.0203984 6
0.99005 1 1
0.932171 0.247195 3
0.935823 0.493443 2
0.935607 0.254303 3
0.873807 1.03502e-07 21
0.877175 5.72193e-07 19
0.891884 9.57805e-05 13
0.917665 0.0140346 7
0.927382 0.0336625 6
0.918388 0.0142736 7
0.974506 0.644284 2
0.963864 0.371009 3
0.934265 0.0723811 5
0.87101 4.15269e-08 22
0.949728 0.175176 4
0.894338 0.000103781 13
0.859071 3.64727e-11 30
0.894029 0.000102718 13
0.942798 0.152846 4
0.921449 0.114114 4
0.974828 1 1
0.910491 0.0500459 5
0.894438 0.00927815 7
0.886601 0.00385132 8
0.942612 0.506614 2
0.864476 2.12546e-05 14
0.910567 0.0500888 5
0.905468 0.0474464 5
0.967156 0.595399 2
0.868978 0.000118964 12
0.973332 1 1
0.96651 0.591778 2
0.902883 0.0219755 6
0.906148 0.047773 5
0.864884 0.000110281 12
0.898385 0.0208093 6
0.869757 0.000271608 11
0.876766 0.00151945 9
0.878206 0.00155142 9
0.913953 0.106543 4
0.896352 0.0203373 6
0.937794 0.496955 2
0.982596 1 1
0.925965 0.236408 3
0.882023 0.0036179 8
0.913649 0.106275 4
0.911359 0.104344 4
0.866642 0.000113871 12
0.903126 0.046377 5
0.879528 1.36832e-06 18
0.891877 4.54342e-05 14
0.8939 0.000102277 13
0.913501 0.00645045 8
0.919873 0.0147908 7
0.929233 0.0351717 6
0.950891 0.179655 4
0.978072 0.674017 2
0.957369 0.330907 3
0.891968 4.55802e-05 14
0.932977 0.0705042 5
0.909709 0.00293088 9
0.879235 6.22659e-07 19
0.894119 0.000103026 13
0.941914 0.150461 4
0.953673 0.312603 3
0.984131 0.736079 2
0.943618 0.155144 4
0.92367 0.0310043 6
0.913743 0.0128693 7
0.966264 0.59042 2
0.880046 1.43429e-05 15
0.920463 0.0290448 6
0.898066 0.00105434 10
0.934193 0.133082 4
0.890683 0.000195648 12
0.985735 1 1
0.932546 0.0698996 5
0.935521 0.13568 4
0.929313 0.0657212 5
0.837119 5.37922e-12 0
0.867824 3.62193e-08 22
0.843893 7.34681e-12 0
0.854804 2.90921e-11 30
0.858402 1.81081e-10 28
0.88571 3.70132e-05 14
0.888623 8.66032e-05 13
0.918045 0.0141594 7
0.966715 0.592917 2
0.897388 0.000496895 11
0.868492 3.7252e-08 22
0.88278 1.56435e-05 15
0.883437 1.59836e-05 15
0.841744 6.6413e-12 0
0.881564 6.93963e-06 16
0.946695 0.164547 4
0.920645 0.0150748 7
0.971073 0.619582 2
0.987423 0.777145 2
0.975372 0.651103 2
0.958503 0.337127 3
0.921093 0.0152441 7
0.935266 0.0739197 5
0.889703 4.21486e-05 14
0.881894 3.24678e-06 17
0.943553 0.154959 4
0.930575 0.0672812 5
0.876198 5.50273e-07 19
0.974638 0.64531 2
0.972538 0.629692 2
0.899729 0.0100093 7
0.888673 0.001835 9
0.921957 0.114705 4
0.953234 0.534977 2
0.965254 0.585002 2
0.933439 0.249712 3
0.970097 0.613184 2
0.955356 0.542161 2
0.908124 0.0235937 6
0.86713 1.00155e-05 15
0.983377 1 1
0.903783 0.0222317 6
0.857577 1.26863e-07 20
0.92614 0.120021 4
0.970404 0.615165 2
0.970041 0.612823 2
0.949943 0.524948 2
0.976438 1 1
0.955884 0.544041 2
0.943818 0.275635 3
0.972063 0.626342 2
0.897992 0.00975364 7
0.927011 0.121239 4
0.890246 0.00188751 9
0.903632 0.0221881 6
0.915275 0.0529965 5
0.956001 0.544464 2
0.900217 0.0100841 7
0.969192 0.607481 2
0.951919 0.530818 2
0.840341 6.22433e-12 0
0.868249 4.59187e-06 16
0.84855 6.14312e-10 26
0.861319 3.25517e-07 19
0.865655 1.89812e-06 17
0.889611 0.000868346 10
0.898526 0.00466454 8
0.925401 0.119019 4
0.97124 0.620705 2
0.893641 0.00201232 9
0.877343 6.39195e-05 13
0.883941 0.000356294 11
0.879585 0.000148133 12
0.846873 2.47081e-10 27
0.888424 0.000847213 10
0.991325 1 1
0.952866 0.533792 2
0.969177 0.607385 2
0.936368 0.256007 3
0.923045 0.116007 4
0.949775 0.296156 3
0.874456 2.69236e-05 14
0.903186 0.0105706 7
0.870746 1.09925e-05 15
0.899227 0.00472487 8
0.89287 0.0019825 9
0.948672 0.291966 3
0.899462 0.0047454 8
0.960085 0.560509 2
0.926966 0.121176 4
0.898507 0.0208387 6
0.916674 0.109064 4
0.909205 0.0493363 5
0.921337 0.113985 4
0.9235 0.232732 3
0.951218 0.528684 2
0.932741 0.248311 3
0.984105 1 1
0.959057 0.556221 2
0.915187 0.107657 4
0.924958 0.234868 3
0.935008 0.252997 3
0.902753 0.0462138 5
0.907514 0.0484512 5
0.949585 0.523931 2
0.910571 0.0120668 7
0.931266 0.127836 4
0.91888 0.0281759 6
0.925857 0.0618647 5
0.925334 0.0613296 5
0.964114 0.579149 2
0.92282 0.058915 5
0.973827 0.639112 2
0.949686 0.295812 3
0.925496 0.0614933 5
0.920253 0.0289261 6
0.949895 0.296624 3
0.913887 0.0257955 6
0.916031 0.026756 6
0.951769 0.304234 3
0.860423 7.20151e-07 18
0.892693 0.00422241 8
0.866065 4.32591e-06 16
0.874368 5.95769e-05 13
0.876433 0.000138234 12
0.909755 0.0241667 6
0.897657 0.00970615 7
0.936723 0.256817 3
0.985614 1 1
0.919758 0.0562956 5
0.881887 0.000341126 11
0.908116 0.023591 6
0.905255 0.0226692 6
0.863257 1.77283e-06 17
0.901067 0.0102177 7
0.961753 0.567857 2
0.981589 1 1
0.94771 0.518827 2
0.923667 0.232971 3
0.912652 0.105416 4
0.960198 0.560989 2
0.874942 0.00148088 9
0.912973 0.10569 4
0.888866 0.00863901 7
0.926865 0.237829 3
0.887513 0.0085001 7
0.975551 1 1
0.926815 0.23775 3
0.939058 0.499335 2
0.925506 0.235701 3
0.939408 0.26333 3
0.928966 0.241327 3
0.957633 0.550564 2
0.969848 0.61159 2
0.965219 0.584816 2
0.973942 1 1
0.928415 0.240385 3
0.953582 0.536116 2
0.908521 0.048972 5
0.896677 0.00957068 7
0.943681 0.27522 3
0.94261 0.272047 3
0.889415 0.00401302 8
0.957511 0.550092 2
0.983922 1 1
0.904324 0.0223898 6
0.932927 0.248682 3
0.909542 0.0495191 5
0.913409 0.0517825 5
0.912243 0.0510662 5
0.955955 0.544298 2
0.911735 0.0507639 5
0.962615 0.571855 2
0.95583 0.543846 2
0.936728 0.25683 3
0.907308 0.048347 5
0.950968 0.527939 2
0.924045 0.117252 4
0.90586 0.0228559 6
0.938211 0.260342 3
0.974507 0.644289 2
0.968371 0.602483 2
0.959855 0.344947 3
0.93267 0.0700727 5
0.920615 0.0150634 7
0.960254 0.347344 3
0.87794 5.90241e-07 19
0.912006 0.00621248 8
0.883101 3.40017e-06 17
0.914653 0.00664609 8
0.893148 9.97738e-05 13
0.965015 0.379365 3
0.914297 0.00658441 8
0.950881 0.179619 4
0.930132 0.0359543 6
0.942348 0.27129 3
0.948644 0.521324 2
0.950697 0.527135 2
0.948947 0.522154 2
0.942742 0.272431 3
0.996401 1 1
0.914045 0.0521867 5
0.952711 0.533299 2
0.917219 0.109599 4
0.917871 0.110251 4
0.923828 0.116978 4
0.964427 0.580725 2
0.910675 0.0501498 5
0.946584 0.515929 2
0.963881 0.577986 2
0.891721 0.000201451 12
0.899122 0.00108295 10
0.90758 0.00559866 8
0.928474 0.0647307 5
0.934867 0.134381 4
0.940137 0.145936 4
0.95733 0.330696 3
0.988251 1 1
0.945473 0.160657 4
0.891839 0.000202127 12
0.945482 0.160685 4
0.916823 0.0137664 7
0.880023 1.43325e-05 15
0.908233 0.00568146 8
0.957236 0.330198 3
0.916241 0.108647 4
0.92649 0.120506 4
0.928684 0.240843 3
0.940414 0.26595 3
0.940942 0.267368 3
0.968501 0.603262 2
0.934504 0.251922 3
0.980617 1 1
0.938836 0.261885 3
0.91185 0.0508316 5
0.935376 0.253797 3
0.944485 0.277694 3
0.901361 0.0215604 6
0.927166 0.121461 4
0.967904 0.599722 2
0.89033 0.000412634 11
0.903258 0.00510743 8
0.903933 0.00517816 8
0.921387 0.0295804 6
0.926256 0.0622812 5
0.941112 0.148377 4
0.946507 0.284281 3
0.989574 1 1
0.9564 0.325826 3
0.900671 0.00233389 9
0.934232 0.133155 4
0.921298 0.0295278 6
0.888266 0.00018319 12
0.903597 0.00514271 8
0.950406 0.298638 3
0.869035 1.715e-08 23
0.899562 0.000529199 11
0.875374 2.42895e-07 20
0.884103 7.59486e-06 16
0.886123 1.75022e-05 15
0.919269 0.0145762 7
0.905579 0.00129356 10
0.946853 0.165066 4
0.99068 1 1
0.921868 0.0155463 7
0.890902 9.28566e-05 13
0.91575 0.00684284 8
0.907378 0.00275134 9
0.872678 9.86011e-08 21
0.911074 0.00607246 8
0.907511 0.0484498 5
0.919242 0.111672 4
0.920308 0.112827 4
0.934245 0.251375 3
0.936441 0.256172 3
0.959421 0.557719 2
0.939045 0.49931 2
0.989389 1 1
0.945966 0.514389 2
0.909389 0.102791 4
0.935679 0.254462 3
0.937399 0.258393 3
0.898081 0.0207367 6
0.919205 0.111633 4
0.962955 0.573468 2
0.902451 0.0460831 5
0.904273 0.0468906 5
0.919936 0.112419 4
0.942332 0.506008 2
0.948677 0.521415 2
0.948214 0.520163 2
0.958547 0.554157 2
0.983441 1 1
0.933495 0.249827 3
0.890014 0.00876144 7
0.955332 0.542074 2
0.921399 0.114057 4
0.87923 0.00157503 9
0.921125 0.113743 4
0.971304 1 1
0.936817 0.138358 4
0.925028 0.061021 5
0.956264 0.325128 3
0.972276 0.627838 2
0.968866 0.605475 2
0.969935 0.612143 2
0.931628 0.0686513 5
0.953997 0.314092 3
0.907773 0.00562294 8
0.893304 0.000444773 11
0.947636 0.288204 3
0.93866 0.14243 4
0.885886 7.99675e-05 13
0.957004 0.328967 3
0.987575 1 1
0.900699 0.00112843 10
0.909587 0.00586142 8
0.915354 0.0133228 7
0.933242 0.0708815 5
0.937628 0.0778409 5
0.950699 0.299817 3
0.948602 0.171061 4
0.997141 1 1
0.945694 0.161346 4
0.900511 0.00112281 10
0.942079 0.1509 4
0.927478 0.0337376 6
0.888992 4.11538e-05 14
0.915231 0.0132871 7
0.96264 0.362566 3
0.878997 0.000321734 11
0.924911 0.11837 4
0.875712 0.000136133 12
0.871457 5.57942e-05 13
0.86838 2.32174e-05 14
0.918474 0.110868 4
0.868139 2.30875e-05 14
0.915743 0.0533148 5
0.938869 0.261967 3
0.969692 0.610605 2
0.861992 3.88907e-06 16
0.934358 0.251613 3
0.954758 0.540076 2
0.870157 5.42346e-05 13
0.892509 0.00421003 8
0.945316 0.512808 2
0.985027 1 1
0.936622 0.256586 3
0.919321 0.111756 4
0.910319 0.0499489 5
0.965794 0.587869 2
0.88057 0.000729509 10
0.923257 0.116268 4
0.904193 0.0223513 6
0.942002 0.270305 3
0.889242 0.00400261 8
0.993913 1 1
0.939426 0.263376 3
0.928904 0.24122 3
0.927893 0.239509 3
0.877572 0.00069272 10
0.91078 0.0502098 5
0.882205 0.00164811 9
0.888034 0.00393174 8
0.888667 0.0039685 8
0.92718 0.238338 3
0.901447 0.0215833 6
0.947004 0.516995 2
0.97809 1 1
0.933661 0.250165 3
0.889892 0.00404201 8
0.926681 0.237536 3
0.919052 0.111471 4
0.878833 0.000707734 10
0.914084 0.106659 4
0.917252 0.0139017 7
0.924428 0.0315102 6
0.930974 0.0677933 5
0.944425 0.157486 4
0.945404 0.160445 4
0.96809 0.600815 2
0.937631 0.140118 4
0.980363 0.695628 2
0.935412 0.0741496 5
0.907791 0.00562511 8
0.939741 0.144974 4
0.942064 0.150858 4
0.897574 0.000499519 11
0.92994 0.0664851 5
0.972498 0.629409 2
0.88799 0.000390195 11
0.903734 0.0106669 7
0.900495 0.00483831 8
0.916503 0.0269795 6
0.920856 0.0571979 5
0.939434 0.263397 3
0.941243 0.26819 3
0.984713 1 1
0.96245 0.571077 2
0.904249 0.010759 7
0.928276 0.123085 4
0.921814 0.0580181 5
0.891481 0.000903805 10
0.899747 0.00477066 8
0.94536 0.280479 3
0.845786 8.04447e-12 0
0.866883 3.90674e-07 19
0.857197 4.60127e-09 24
0.874264 5.471e-06 16
0.8804 6.89787e-05 13
0.895369 0.00208271 9
0.919923 0.056429 5
0.938186 0.141352 4
0.966935 0.594148 2
0.883151 7.41455e-05 13
0.896119 0.00211488 9
0.88369 0.00016308 12
0.869291 9.47329e-07 18
0.856678 4.50653e-09 24
0.901599 0.0049421 8
36 0 1 2 4 5 6 7 8 9 10 11 13 14 15 17 18 19 20 21 22 23 24 25 26 27 28 29 30 31 32 33 34 35 36 37 38 
36 0 1 3 4 5 6 7 8 9 10 11 12 13 14 15 16 18 19 20 22 23 25 26 27 28 29 30 31 32 33 34 35 36 37 38 39 
36 0 1 3 4 5 6 7 8 9 10 11 13 14 15 16 18 19 20 21 22 23 25 26 27 28 29 30 31 32 33 34 35 36 37 38 39 
39 0 1 2 3 4 5 6 7 8 9 10 11 12 13 14 15 16 18 19 20 21 22 23 24 25 26 27 28 29 30 31 32 33 34 35 36 37 38 39 
32 0 3 4 5 6 7 8 9 10 12 14 16 18 19 20 22 23 25 26 27 28 29 30 31 32 33 34 35 36 37 38 39 
29 0 3 4 5 7 9 10 12 14 16 18 19 20 22 23 25 26 27 28 29 30 31 32 33 34 36 37 38 39 
5 3 7 12 16 39 
13 3 7 9 10 12 16 20 26 28 29 36 38 39 
5 3 7 12 16 39 
24 3 4 7 9 10 12 14 16 18 19 20 23 26 27 28 29 30 31 33 34 36 37 38 39 
35 0 2 3 4 5 6 7 8 9 10 11 12 14 16 18 19 20 21 22 23 25 26 27 28 29 30 31 32 33 34 35 36 37 38 39 
28 0 3 4 5 7 8 9 10 12 14 16 18 19 20 23 25 26 27 28 29 30 31 33 34 36 37 38 39 
25 0 3 4 7 9 10 12 14 16 18 19 20 23 26 27 28 29 30 31 33 34 36 37 38 39 
38 0 1 2 4 5 6 7 8 9 10 11 13 14 15 16 17 18 19 20 21 22 23 24 25 26 27 28 29 30 31 32 33 34 35 36 37 38 39 
31 0 2 3 4 5 6 7 8 9 10 12 14 16 18 19 20 23 25 26 27 28 29 30 31 33 34 35 36 37 38 39 
