30 15 8e+06
2.87669 138425
2.7867 138540
2.67891 117966
2.50951 170865
1.31743 171065
2.28749 151693
2.25704 137529
1.26256 163273
1.38013 104392
1.99946 103128
1.31013 116750
2.92761 175827
1.94341 168992
2.6374 116993
1.26116 195513
1.24655 127392
2.05613 100209
2.29517 179373
2.63171 125295
1.25289 104606
2.89238 169555
1.54282 130674
1.65342 153020
1.97367 157014
2.24445 126924
1.00872 194482
1.31913 181283
2.11525 100568
1.2347 179588
1.65302 109709
0.938693 0.26153 3
0.936154 0.255524 3
0.91125 0.0247247 6
0.929588 0.1251 4
0.887112 0.000824997 10
0.908069 0.0235751 6
0.932811 0.130525 4
0.885507 0.000799341 10
0.898752 0.00468377 8
0.900683 0.0101567 7
0.956483 0.546223 2
0.90102 0.0102102 7
0.868478 4.62125e-06 16
0.869581 1.06617e-05 15
0.930118 0.125944 4
0.885778 0.000370967 11
0.94754 0.287863 3
0.859452 5.92328e-08 21
0.868503 2.06496e-06 17
0.924053 0.0600674 5
0.871767 1.1296e-05 15
0.892898 0.00198356 9
0.907992 0.0114912 7
0.85885 5.80037e-08 21
0.965805 0.587929 2
0.905724 0.0110342 7
0.860012 6.04093e-08 21
0.910751 0.0245348 6
0.902575 0.0104659 7
0.948603 0.291714 3
0.909726 0.00588044 8
0.9393 0.143923 4
0.88079 1.46796e-05 15
0.897004 0.00102696 10
0.887269 8.32086e-05 13
0.882635 1.55703e-05 15
0.908425 0.00570635 8
0.880034 1.43374e-05 15
0.871593 4.61585e-07 19
0.913578 0.0128246 7
0.931843 0.0689388 5
0.873597 1.09741e-06 18
0.869047 1.88943e-07 20
0.866764 7.75352e-08 21
0.933509 0.0712663 5
0.896026 0.00446282 8
0.95467 0.539772 2
0.87282 2.58342e-05 14
0.878336 0.000144062 12
0.954211 0.538212 2
0.888612 0.000850481 10
0.90588 0.0228622 6
0.936427 0.256142 3
0.875662 6.14019e-05 13
0.993965 1 1
0.912081 0.02505 6
0.876444 6.25514e-05 13
0.941663 0.269352 3
0.932814 0.130531 4
0.959429 0.557749 2
0.922337 0.0301551 6
0.939806 0.145132 4
0.893686 0.000449233 11
0.910836 0.0121297 7
0.887625 8.40809e-05 13
0.893563 0.000447784 11
0.919295 0.0283977 6
0.882727 3.38002e-05 14
0.883117 3.41949e-05 14
0.908634 0.00573355 8
0.943452 0.154673 4
0.885241 3.64761e-05 14
0.868995 1.88573e-07 20
0.868159 8.18949e-08 21
0.933615 0.0714203 5
0.986791 1 1
0.946986 0.516949 2
0.956805 0.547418 2
0.967252 0.595948 2
0.921593 0.11428 4
0.962496 0.571294 2
0.990248 1 1
0.927817 0.122405 4
0.950266 0.525877 2
0.913485 0.0518303 5
0.983888 1 1
0.952337 0.532117 2
0.904545 0.0224553 6
0.909915 0.0497242 5
0.944769 0.278586 3
0.962131 0.569592 2
0.939931 0.26468 3
0.934198 0.251278 3
0.952722 0.533333 2
0.897428 0.00967403 7
0.930487 0.244027 3
0.95463 0.539636 2
0.899108 0.0209849 6
0.921368 0.11402 4
0.902558 0.0218851 6
0.976083 1 1
0.923709 0.116828 4
0.879149 0.000711594 10
0.882131 0.00164622 9
0.934794 0.252537 3
0.941924 0.270086 3
0.91808 0.110463 4
0.920164 0.112668 4
0.939506 0.26358 3
0.874113 0.000131674 12
0.911336 0.0505296 5
0.931946 0.246759 3
0.875512 0.000300942 11
0.904709 0.0225043 6
0.881959 0.000747897 10
0.950595 0.526835 2
0.90709 0.0482371 5
0.856195 6.38968e-07 18
0.858976 1.57785e-06 17
0.912585 0.0512734 5
0.945705 0.281604 3
0.927351 0.063461 5
0.943988 0.276154 3
0.935807 0.136258 4
0.942935 0.153225 4
0.966772 0.593237 2
0.957633 0.332326 3
0.959449 0.557834 2
0.956954 0.328701 3
0.912165 0.0124559 7
0.936396 0.137471 4
0.956487 0.326272 3
0.93373 0.132208 4
0.944132 0.276597 3
0.929835 0.0663552 5
0.915015 0.0528223 5
0.955777 0.543658 2
0.88542 0.00173569 9
0.900041 0.0100569 7
0.903611 0.0221823 6
0.890343 0.00406982 8
0.916242 0.0536599 5
0.895188 0.00937351 7
0.878342 0.000317623 11
0.93133 0.245588 3
0.938191 0.260293 3
0.880193 0.000724664 10
0.885279 0.00173163 9
0.882401 0.000753941 10
0.950263 0.52587 2
0.89414 0.00924087 7
0.950573 0.526772 2
0.871973 0.000282255 11
0.876589 0.000681443 10
0.958293 0.553144 2
0.88849 0.00395817 8
0.90448 0.0469851 5
0.939868 0.264516 3
0.875695 0.000301974 11
0.989389 1 1
0.909115 0.0492879 5
0.876362 0.000678888 10
0.947216 0.51754 2
0.937712 0.259138 3
0.955797 0.543729 2
0.977692 1 1
0.917812 0.0547922 5
0.988163 1 1
0.982134 1 1
0.905193 0.0226502 6
0.982337 1 1
0.974049 1 1
0.916701 0.0539836 5
0.978031 1 1
0.888383 0.00182567 9
0.953864 0.537049 2
0.980587 1 1
0.891758 0.0041602 8
0.900003 0.010051 7
0.916587 0.0539029 5
0.966544 1 1
0.917342 0.224742 3
0.977915 1 1
0.965524 1 1
0.914084 0.106659 4
0.998104 1 1
0.9704 1 1
0.927719 0.23922 3
0.986915 1 1
0.891988 0.0194202 6
0.94606 0.514621 2
0.988134 1 1
0.90241 0.0460657 5
0.911732 0.104649 4
0.917317 0.224712 3
0.906377 0.0478845 5
0.949168 0.522765 2
0.877062 0.00152593 9
0.891616 0.0193473 6
0.898683 0.0208812 6
0.88205 0.00361919 8
0.907668 0.0485296 5
0.889275 0.00868213 7
0.870105 0.000273231 11
0.92908 0.241525 3
0.929332 0.241964 3
0.871927 0.000632524 10
0.88085 0.00356317 8
0.877277 0.00153064 9
0.944143 0.510046 2
0.89581 0.0021015 9
0.948552 0.291524 3
0.867054 8.81032e-07 18
0.879957 6.82024e-05 13
0.904076 0.0107279 7
0.874576 1.22039e-05 15
0.899168 0.00471973 8
0.892076 0.000915682 10
0.862144 1.47534e-07 20
0.939781 0.264289 3
0.91836 0.0552039 5
0.863765 1.56009e-07 20
0.887452 0.000385352 11
0.882167 0.000157232 12
0.945232 0.280064 3
0.950815 0.527484 2
0.94365 0.275125 3
0.939692 0.26406 3
0.936692 0.256748 3
0.953056 0.534402 2
0.96087 0.563904 2
0.964311 0.58014 2
0.965627 0.586977 2
0.948009 0.519616 2
0.926761 0.120886 4
0.947568 0.287962 3
0.948316 0.520436 2
0.939495 0.263551 3
0.947495 0.287705 3
0.946211 0.283282 3
0.993664 1 1
0.934387 0.133451 4
0.964243 0.579795 2
0.980064 1 1
0.907548 0.0234 6
0.961148 0.565134 2
0.980666 1 1
0.914501 0.0524824 5
0.952234 0.531794 2
0.900052 0.00479801 8
0.977419 1 1
0.954645 0.539686 2
0.891078 0.00191655 9
0.896885 0.00452995 8
0.931539 0.128299 4
0.903457 0.0465233 5
0.963508 0.576143 2
0.879347 0.00157778 9
0.885581 0.00379637 8
0.95435 0.53868 2
0.894545 0.0199426 6
0.912994 0.105708 4
0.937852 0.259474 3
0.881398 0.0016276 9
0.995623 1 1
0.920234 0.112745 4
0.882295 0.00363089 8
0.939288 0.499779 2
0.931814 0.246506 3
0.968098 1 1
0.955669 0.322129 3
0.931765 0.0688339 5
0.930246 0.0668658 5
0.949466 0.294963 3
0.888702 8.68088e-05 13
0.924167 0.0313341 6
0.946761 0.164763 4
0.890367 9.13229e-05 13
0.916117 0.0135494 7
0.89478 0.000462449 11
0.966717 0.592927 2
0.918495 0.0143096 7
0.870576 2.00304e-07 20
0.873535 4.96288e-07 19
0.926467 0.0329636 6
0.924139 0.0601503 5
0.986318 1 1
0.895905 0.000999961 10
0.906283 0.00544128 8
0.93638 0.137438 4
0.906729 0.00549439 8
0.930547 0.126641 4
0.926387 0.0624194 5
0.893452 0.000944368 10
0.962135 0.569613 2
0.945321 0.280351 3
0.894901 0.000976484 10
0.917513 0.027473 6
0.914158 0.025912 6
0.98305 1 1
0.984086 1 1
0.920019 0.11251 4
0.981929 1 1
0.992755 1 1
0.901098 0.0214911 6
0.971459 0.622189 2
0.974337 1 1
0.910944 0.0503037 5
0.966847 0.593654 2
0.888195 0.00181967 9
0.960088 0.560521 2
0.969393 0.608728 2
0.886484 0.00176688 9
0.89386 0.0043032 8
0.917988 0.110369 4
0.886301 0.000375356 11
0.94205 0.270441 3
0.8581 2.47792e-08 22
0.8702 4.85148e-06 16
0.903029 0.0105436 7
0.866678 1.95565e-06 17
0.890476 0.000884407 10
0.88957 0.0008676 10
0.854156 4.08056e-09 24
0.941494 0.268881 3
0.908362 0.01157 7
0.855666 9.91075e-09 23
0.887629 0.000386932 11
0.881235 0.000153836 12
0.939854 0.264478 3
0.976626 0.661418 2
0.913558 0.00645996 8
0.989271 1 1
0.989728 1 1
0.897478 0.000498167 11
0.973121 0.633888 2
0.968623 0.604 2
0.908331 0.00282229 9
0.971879 0.625064 2
0.882716 7.22589e-06 16
0.952626 0.307919 3
0.974395 0.64343 2
0.883693 7.4827e-06 16
0.891632 9.50163e-05 13
0.911789 0.00617928 8
0.947208 0.517518 2
0.973517 1 1
0.92397 0.233409 3
0.928864 0.241152 3
0.957602 0.550444 2
0.939806 0.500792 2
0.958674 0.554666 2
0.956945 0.547943 2
0.925909 0.236322 3
0.950216 0.525732 2
0.958464 0.553826 2
0.926976 0.238008 3
0.938004 0.497345 2
0.939999 0.501175 2
0.976103 1 1
0.937069 0.25762 3
0.993897 1 1
0.908535 0.0237348 6
0.918865 0.0555915 5
0.938858 0.261939 3
0.919202 0.0558543 5
0.943643 0.275105 3
0.932036 0.129155 4
0.90581 0.0228402 6
0.955007 0.540936 2
0.957996 0.551974 2
0.907324 0.0233259 6
0.919192 0.055846 5
0.917769 0.0547601 5
0.98734 1 1
0.892664 0.00422046 8
0.948764 0.521652 2
0.8643 4.12784e-06 16
0.876371 0.00013805 12
0.907992 0.0235491 6
0.872978 5.77179e-05 13
0.896947 0.00960749 7
0.894955 0.00438225 8
0.860368 1.6376e-06 17
0.945599 0.281254 3
0.914825 0.0526958 5
0.861889 1.70683e-06 17
0.891998 0.00417599 8
0.886011 0.00175286 9
0.946366 0.283803 3
0.975894 1 1
0.948705 0.52149 2
0.944748 0.511455 2
0.960768 0.563457 2
0.911607 0.104546 4
0.945236 0.512615 2
0.971393 1 1
0.914698 0.10721 4
0.934516 0.251946 3
0.911728 0.104645 4
0.992957 1 1
0.936759 0.495084 2
0.893488 0.0197219 6
0.897247 0.0205412 6
0.944593 0.51109 2
0.965139 0.584396 2
0.950133 0.297558 3
0.934783 0.134219 4
0.951685 0.303879 3
0.907469 0.00558488 8
0.934608 0.133877 4
0.960741 0.350326 3
0.908656 0.00573653 8
0.924068 0.0312677 6
0.912381 0.0125108 7
0.985122 0.747846 2
0.926305 0.0623324 5
0.888899 8.73218e-05 13
0.891631 0.000200933 12
0.94512 0.159574 4
0.953851 0.537007 2
0.947397 0.518007 2
0.940512 0.266212 3
0.93887 0.26197 3
0.952368 0.532215 2
0.960843 0.563785 2
0.967496 0.59735 2
0.963326 0.575259 2
0.947431 0.518096 2
0.928624 0.240741 3
0.951804 0.530463 2
0.947952 0.519466 2
0.937659 0.259011 3
0.944932 0.511889 2
0.949674 0.524183 2
0.94609 0.282878 3
0.95583 0.322931 3
0.915939 0.026713 6
0.932356 0.129716 4
0.905571 0.00535862 8
0.917401 0.027417 6
0.94399 0.276162 3
0.903074 0.00246868 9
0.906277 0.00544055 8
0.919097 0.0282918 6
0.968719 0.604582 2
0.908395 0.00570243 8
0.88651 8.14023e-05 13
0.887193 0.000178097 12
0.949707 0.295893 3
24 0 1 2 3 4 5 6 8 9 10 12 13 14 15 17 19 21 23 24 25 26 27 28 29 
11 1 2 3 9 10 13 14 17 19 21 25 
30 0 1 2 3 4 5 6 7 8 9 10 11 12 13 14 15 16 17 18 19 20 21 22 23 24 25 26 27 28 29 
29 0 1 2 3 4 5 6 7 8 9 10 11 12 13 14 15 16 17 18 19 20 21 23 24 25 26 27 28 29 
5 1 3 10 17 21 
26 0 1 2 3 4 5 6 7 8 9 10 13 14 15 16 17 18 19 21 23 24 25 26 27 28 29 
23 0 1 2 3 4 5 6 8 9 10 13 14 15 17 19 21 23 24 25 26 27 28 29 
15 1 2 3 4 9 10 13 14 17 19 21 23 24 25 29 
30 0 1 2 3 4 5 6 7 8 9 10 11 12 13 14 15 16 17 18 19 20 21 22 23 24 25 26 27 28 29 
3 1 3 10 
20 0 1 2 3 4 6 7 9 10 13 14 17 18 19 21 23 24 25 27 29 
27 0 1 2 3 4 5 6 8 9 10 11 12 13 14 15 16 17 18 19 21 23 24 25 26 27 28 29 
4 1 3 10 17 
16 0 1 2 3 4 9 10 13 14 17 19 21 23 24 25 29 
8 1 3 10 14 17 19 21 25 
