30 15 8e+06
1.47189 148129
1.09428 117817
2.97803 153240
1.21881 175554
1.6558 139268
1.15919 158014
1.95437 150051
1.94107 145788
1.45397 112186
1.31363 102283
1.96997 123905
2.15253 156436
1.0778 100125
1.74704 100804
2.27121 169742
1.80864 130878
1.82029 189648
1.43171 151670
1.48691 102878
2.13137 133511
1.04611 123590
2.02219 192457
1.28171 167070
1.93957 136097
2.0426 196157
2.19804 126830
1.18729 143675
2.35719 180344
2.35506 122846
1.53124 111385
0.886849 0.000820678 10
0.927498 0.121939 4
0.984996 1 1
0.920571 0.0569597 5
0.979994 1 1
0.908557 0.0237424 6
0.98449 1 1
0.928898 0.124027 4
0.943637 0.275085 3
0.919193 0.0558474 5
0.963885 0.578002 2
0.914478 0.0524677 5
0.931894 0.128908 4
0.983479 1 1
0.9255 0.119152 4
0.955629 0.543128 2
0.99061 1 1
0.905461 0.047443 5
0.981746 1 1
0.922597 0.231458 3
0.984724 1 1
0.927019 0.238077 3
0.927593 0.239013 3
0.954547 0.53935 2
0.991266 1 1
0.952404 0.532328 2
0.973748 1 1
0.986225 1 1
0.905273 0.0473541 5
0.954263 0.538387 2
0.895981 0.00445941 8
0.905729 0.0228153 6
0.912835 0.0514263 5
0.913344 0.051742 5
0.901834 0.0103421 7
0.899295 0.00994379 7
0.93104 0.127457 4
0.96867 0.604287 2
0.888481 0.000848199 10
0.905236 0.0109413 7
0.924759 0.118171 4
0.878971 0.000146107 12
0.904764 0.0108533 7
0.920478 0.0568831 5
0.939762 0.264239 3
0.953966 0.31395 3
0.968178 0.601335 2
0.913204 0.0127247 7
0.979832 0.690427 2
0.921142 0.0574392 5
0.964885 0.583076 2
0.939163 0.143601 4
0.962131 0.569592 2
0.934604 0.13387 4
0.970637 0.616692 2
0.958797 0.555162 2
0.938793 0.142738 4
0.964576 0.581484 2
0.916141 0.026808 6
0.99099 1 1
0.934724 0.252388 3
0.968586 0.603776 2
0.934314 0.251521 3
0.968661 0.604232 2
0.94284 0.507113 2
0.953753 0.53668 2
0.960368 0.561721 2
0.959562 0.558305 2
0.949756 0.524415 2
0.96385 0.57783 2
0.981345 1 1
0.941966 0.270202 3
0.969261 0.607903 2
0.936639 0.256625 3
0.973672 1 1
0.929813 0.125456 4
0.912708 0.0253024 6
0.876407 2.83245e-05 14
0.926761 0.120886 4
0.875448 1.25093e-05 15
0.918067 0.0549828 5
0.900218 0.00481308 8
0.953356 0.311163 3
0.880371 6.89274e-05 13
0.917964 0.0549056 5
0.909031 0.0117154 7
0.886086 0.00037354 11
0.90857 0.0116147 7
0.882034 0.000156739 12
0.948719 0.292142 3
0.932959 0.0704787 5
0.978566 0.678498 2
0.933627 0.0714381 5
0.968698 0.604453 2
0.949422 0.174037 4
0.958187 0.335362 3
0.955642 0.321993 3
0.9407 0.147332 4
0.968021 0.60041 2
0.969411 0.608841 2
0.981742 0.709681 2
0.958426 0.336694 3
0.982885 0.721983 2
0.933521 0.0712833 5
0.958459 0.336876 3
0.9333 0.24943 3
0.981226 1 1
0.929497 0.242252 3
0.96791 1 1
0.947618 0.518586 2
0.960223 0.561096 2
0.949699 0.524255 2
0.933496 0.249828 3
0.973538 1 1
0.971054 1 1
0.97503 1 1
0.965921 0.588555 2
0.987084 1 1
0.928622 0.240737 3
0.952876 0.533826 2
0.967038 0.594734 2
0.980948 1 1
0.902964 0.0105324 7
0.995729 1 1
0.915993 0.0534866 5
0.986619 1 1
0.927123 0.121399 4
0.940939 0.26736 3
0.940528 0.266254 3
0.989478 1 1
0.950974 0.527957 2
0.955169 0.541504 2
0.974852 0.646981 2
0.904327 0.0223905 6
0.969692 0.610605 2
0.928556 0.0648263 5
0.976334 0.658965 2
0.933008 0.0705484 5
0.963012 0.57374 2
0.952041 0.30539 3
0.955476 0.321172 3
0.952069 0.305507 3
0.931423 0.0683796 5
0.977568 0.669539 2
0.966165 0.589879 2
0.976429 0.659758 2
0.964413 0.580658 2
0.98233 0.715933 2
0.931705 0.0687539 5
0.949251 0.294143 3
0.963563 0.576415 2
0.922088 0.230758 3
0.857695 8.02175e-06 15
0.936728 0.25683 3
0.864798 0.000110111 12
0.937768 0.496908 2
0.882292 0.0036307 8
0.922736 0.231652 3
0.884035 0.00371637 8
0.931162 0.245273 3
0.900051 0.0450876 5
0.902477 0.0460942 5
0.916301 0.108705 4
0.861141 1.97805e-05 14
0.939504 0.5002 2
0.969659 1 1
0.958669 0.554646 2
0.894925 0.0200237 6
0.974452 1 1
0.903116 0.0463724 5
0.966802 1 1
0.920424 0.228545 3
0.95218 0.531626 2
0.920547 0.228704 3
0.965921 1 1
0.939919 0.501016 2
0.932467 0.247772 3
0.953305 0.535209 2
0.89795 0.0442735 5
0.978465 1 1
0.898681 0.0445513 5
0.939966 0.50111 2
0.971862 1 1
0.932948 0.488716 2
0.978031 1 1
0.920834 0.229079 3
0.988719 1 1
0.93638 0.494412 2
0.952789 0.533546 2
0.931611 0.24612 3
0.976858 1 1
0.925519 0.23572 3
0.944306 0.510421 2
0.971575 1 1
0.936488 0.494603 2
0.914048 0.0521888 5
0.931254 0.245445 3
0.929658 0.242537 3
0.937323 0.258216 3
0.923815 0.116963 4
0.922362 0.115184 4
0.952904 0.533913 2
0.987061 1 1
0.914255 0.106811 4
0.929652 0.242526 3
0.951337 0.529042 2
0.904262 0.0223714 6
0.930736 0.244482 3
0.936186 0.255595 3
0.962135 0.56961 2
0.965552 0.383411 3
0.975058 0.648604 2
0.904677 0.00125992 10
0.990866 1 1
0.915651 0.00682464 8
0.97832 0.676261 2
0.929699 0.0355733 6
0.948794 0.171747 4
0.936165 0.0753621 5
0.981445 0.706584 2
0.952111 0.305688 3
0.947406 0.166911 4
0.969659 0.610398 2
0.906727 0.00133868 10
0.977999 0.673362 2
0.910659 0.0245002 6
0.914584 0.0525368 5
0.905617 0.0227804 6
0.924349 0.117641 4
0.898753 0.00986359 7
0.910966 0.0246163 6
0.927186 0.12149 4
0.978108 1 1
0.891887 0.00194575 9
0.915647 0.053249 5
0.927026 0.121261 4
0.886861 0.00082087 10
0.912642 0.0513082 5
0.912518 0.0512323 5
0.951777 0.530382 2
0.927737 0.0638907 5
0.970873 0.618247 2
0.940645 0.147193 4
0.963415 0.575688 2
0.954392 0.315942 3
0.951395 0.302666 3
0.963716 0.577168 2
0.945208 0.279985 3
0.964596 0.581591 2
0.962528 0.571443 2
0.990119 1 1
0.950477 0.298925 3
0.974615 0.645133 2
0.941026 0.148156 4
0.959051 0.556193 2
0.920922 0.0293081 6
0.911987 0.0124113 7
0.886175 0.000173491 12
0.924705 0.0607015 5
0.882727 7.33054e-05 13
0.913851 0.0257798 6
0.909188 0.0117502 7
0.963621 0.576701 2
0.882955 7.37559e-05 13
0.915687 0.0265959 6
0.914594 0.0261026 6
0.884478 7.68761e-05 13
0.908634 0.0116285 7
0.892374 0.000434249 11
0.950124 0.297523 3
0.878381 0.00155542 9
0.885304 0.00828515 7
0.898445 0.0208238 6
0.89316 0.0196546 6
0.884708 0.00375068 8
0.879661 0.0035096 8
0.913142 0.105835 4
0.947262 0.517659 2
0.868901 0.00026769 11
0.885081 0.00826424 7
0.904484 0.0469871 5
0.859082 1.89492e-05 14
0.884293 0.00372946 8
0.906386 0.0478886 5
0.919334 0.11177 4
0.945442 0.16056 4
0.908327 0.00569369 8
0.85168 1.08004e-11 0
0.923242 0.0307255 6
0.856108 1.61882e-10 28
0.921866 0.0298669 6
0.876032 2.62973e-06 17
0.92185 0.0298575 6
0.871343 4.57378e-07 19
0.916647 0.0137116 7
0.891059 0.000197715 12
0.886937 8.24105e-05 13
0.902855 0.00245576 9
0.8559 7.0236e-11 29
0.932105 0.0692932 5
0.979182 1 1
0.932835 0.488538 2
0.855631 1.76719e-05 14
0.943352 0.508249 2
0.868108 0.000597211 10
0.953056 0.534402 2
0.879026 0.00348172 8
0.905951 0.100298 4
0.896261 0.0436541 5
0.942633 0.506659 2
0.901009 0.0454762 5
0.922584 0.231441 3
0.927022 0.238083 3
0.857311 4.20367e-05 13
0.930603 0.244239 3
0.919789 0.0147606 7
0.96406 0.372398 3
0.920351 0.0149654 7
0.948374 0.170252 4
0.943956 0.156116 4
0.947757 0.168103 4
0.933503 0.0712569 5
0.908948 0.00287 9
0.986926 0.770568 2
0.955309 0.320352 3
0.954096 0.314552 3
0.976755 0.662513 2
0.969509 0.609451 2
0.917036 0.0138333 7
0.928489 0.0345491 6
0.909546 0.102912 4
0.918327 0.110715 4
0.914449 0.106986 4
0.926781 0.237695 3
0.906971 0.048178 5
0.912706 0.105463 4
0.93588 0.254909 3
0.982891 1 1
0.89808 0.0207366 6
0.918384 0.110774 4
0.934109 0.251091 3
0.890829 0.00885113 7
0.916937 0.109321 4
0.921452 0.229898 3
0.953853 0.537011 2
0.867956 1.02263e-05 15
0.909457 0.0240593 6
0.987816 1 1
0.901242 0.0102459 7
0.975279 1 1
0.890334 0.00189053 9
0.962698 0.572244 2
0.908954 0.0238809 6
0.932666 0.248164 3
0.900769 0.0101704 7
0.943461 0.274557 3
0.900789 0.0101735 7
0.914303 0.0523535 5
0.979156 1 1
0.904708 0.0225038 6
0.904622 0.00256376 9
0.901117 0.00114107 10
0.888769 8.69819e-05 13
0.912292 0.00625657 8
0.881631 6.9557e-06 16
0.900286 0.00111618 10
0.909543 0.00585527 8
0.960752 0.350394 3
0.876149 1.20339e-06 18
0.903443 0.00249075 9
0.909996 0.00591801 8
0.873669 4.98829e-07 19
0.898559 0.000513862 11
0.895725 0.000474426 11
0.938928 0.143051 4
0.949982 0.525059 2
0.978151 1 1
0.919604 0.11206 4
0.984049 1 1
0.93017 0.243451 3
0.968313 1 1
0.944944 0.511918 2
0.955042 0.541059 2
0.946145 0.514831 2
0.977266 1 1
0.967665 0.598325 2
0.948465 0.520838 2
0.975618 1 1
0.921602 0.114291 4
0.980033 1 1
0.988031 1 1
0.942415 0.271484 3
0.86411 1.57901e-07 20
0.952828 0.308806 3
0.876976 1.30752e-05 15
0.962828 0.572863 2
0.887565 0.000179833 12
0.912431 0.0251901 6
0.905347 0.00533317 8
0.95231 0.306545 3
0.910009 0.0119359 7
0.931259 0.127824 4
0.936541 0.137775 4
0.865656 1.66794e-07 20
0.938284 0.141575 4
0.900054 0.0100589 7
0.937278 0.258109 3
0.968893 0.605643 2
0.933189 0.131211 4
0.965654 0.587121 2
0.919672 0.0562267 5
0.996462 1 1
0.946828 0.285378 3
0.942434 0.271539 3
0.930143 0.125985 4
0.974688 0.645694 2
0.918776 0.0555228 5
0.940599 0.266443 3
0.97258 0.62999 2
0.942101 0.270585 3
0.9636 0.576594 2
0.934258 0.251403 3
0.875544 0.000669843 10
0.949708 0.52428 2
0.881197 0.00162257 9
0.945851 0.514105 2
0.900671 0.0453379 5
0.943179 0.507864 2
0.896713 0.020419 6
0.942193 0.505708 2
0.917219 0.109598 4
0.910385 0.103564 4
0.928827 0.241088 3
0.879409 0.00157924 9
0.958983 0.555917 2
0.891832 0.00194375 9
0.894479 0.00434747 8
0.895472 0.00442073 8
0.903861 0.0106895 7
0.884954 0.000790866 10
0.890839 0.00190813 9
0.913587 0.0518947 5
0.957236 0.549045 2
0.873993 5.90647e-05 13
0.895358 0.00441216 8
0.909253 0.0239863 6
0.867451 1.00967e-05 15
0.892773 0.00422785 8
0.903008 0.0105399 7
0.930683 0.126864 4
28 0 1 2 3 4 5 6 7 8 9 10 11 12 13 14 15 16 17 18 19 21 22 23 24 25 27 28 29 
25 0 2 3 4 5 6 7 8 9 11 12 13 14 15 16 17 18 19 22 23 24 25 27 28 29 
3 2 18 29 
24 0 2 3 4 5 6 7 9 11 12 13 14 15 16 17 18 19 22 23 24 25 27 28 29 
13 0 2 5 12 13 15 17 18 22 23 24 27 29 
26 0 2 3 4 5 6 8 10 11 12 13 14 15 16 17 18 19 20 22 23 24 25 26 27 28 29 
9 0 2 13 15 18 22 23 24 29 
11 0 2 12 13 15 18 22 23 24 27 29 
24 0 2 3 4 5 6 7 9 11 12 13 14 15 16 17 18 19 22 23 24 25 27 28 29 
26 0 2 3 4 5 6 7 8 9 10 11 12 13 14 15 16 17 18 19 22 23 24 25 27 28 29 
19 0 2 3 4 5 10 11 12 13 15 17 18 19 22 23 24 27 28 29 
29 0 1 2 3 4 5 6 7 8 9 10 11 12 13 14 15 16 17 18 19 21 22 23 24 25 26 27 28 29 
23 0 2 3 4 5 6 7 9 11 12 13 14 15 16 17 18 22 23 24 25 27 28 29 
9 2 5 13 15 17 18 22 24 29 
15 0 2 4 5 12 13 15 16 17 18 22 23 24 27 29 
