70 15 8e+06
2.78801 173415
2.3108 191764
1.84393 131254
1.61494 166626
1.18983 195292
2.54244 153029
1.51689 178324
1.43915 129288
1.85312 172018
1.37964 151863
1.47008 173310
2.58519 166442
2.77443 108318
2.46961 181322
2.33975 191852
1.2038 176224
1.28299 181844
1.79804 151579
2.44351 172125
1.42947 189611
2.10922 163577
1.35557 140430
1.02091 194253
2.30983 188576
2.83915 101174
1.01973 142828
2.94647 128136
2.42317 180399
1.71828 158098
2.07971 129869
2.41272 165230
1.23088 139529
1.97192 150785
1.66716 105596
2.25956 166051
2.21392 172286
1.88179 189577
1.93893 103185
1.54673 136945
1.99399 117787
2.63512 186547
1.86923 161939
1.06452 173567
2.36158 159827
2.37266 186202
2.4878 104812
1.86826 166450
2.71102 198508
2.20706 153069
2.68118 125404
1.98432 152021
1.90489 146152
2.61598 114885
1.84438 171331
1.28201 187875
2.23937 132244
1.91896 127727
1.30946 164677
2.58735 199779
1.91091 121545
1.74458 158561
2.90014 137803
1.71289 160842
1.01484 177811
2.275 132456
1.9862 165654
1.49403 104133
1.677 157320
2.10688 150809
1.0848 197163
0.914565 0.00663066 8
0.874945 2.38602e-07 20
0.890905 4.39165e-05 14
0.908239 0.00281529 9
0.934215 0.0723069 5
0.934933 0.0734003 5
0.945217 0.159869 4
0.946065 0.162516 4
0.927516 0.0337676 6
0.99024 1 1
0.922792 0.0159219 7
0.926518 0.0330021 6
0.964394 0.374805 3
0.924874 0.0318169 6
0.942249 0.151353 4
0.914259 0.052325 5
0.897408 0.00967125 7
0.923988 0.117181 4
0.942771 0.272515 3
0.952196 0.531678 2
0.9644 0.58059 2
0.964958 0.583455 2
0.925519 0.119176 4
0.935361 0.253763 3
0.954982 0.540851 2
0.936471 0.256241 3
0.948569 0.52112 2
0.938379 0.260754 3
0.930308 0.243701 3
0.92696 0.121167 4
0.880856 6.97909e-05 13
0.943779 0.275516 3
0.969301 0.608154 2
0.938722 0.261601 3
0.915584 0.0265485 6
0.926319 0.0623467 5
0.911423 0.0247916 6
0.854648 4.1594e-09 24
0.900598 0.0048478 8
0.861009 6.25847e-08 21
0.912198 0.0250965 6
0.925451 0.0614478 5
0.856666 1.02913e-08 23
0.895778 0.00210013 9
0.862197 1.478e-07 20
0.882822 3.36384e-06 17
0.933698 0.0715414 5
0.988289 0.788953 2
0.959278 0.341554 3
0.92295 0.0159881 7
0.93847 0.0793463 5
0.921542 0.0154179 7
0.86249 2.23048e-10 28
0.904797 0.00126429 10
0.873991 1.0433e-07 21
0.915914 0.00687322 8
0.9323 0.0695604 5
0.866736 3.10698e-09 25
0.899335 0.000525652 11
0.869133 7.758e-09 24
0.881364 0.0001543 12
0.886009 0.000372896 11
0.934333 0.133348 4
0.964401 0.580595 2
0.924359 0.117653 4
0.945641 0.281394 3
0.934414 0.133504 4
0.887798 0.000836468 10
0.904038 0.010721 7
0.92018 0.0566381 5
0.908811 0.0238305 6
0.925801 0.119558 4
0.900758 0.00486263 8
0.898396 0.00465359 8
0.889356 0.000863718 10
0.934613 0.133888 4
0.931041 0.127459 4
0.943588 0.274937 3
0.946616 0.284653 3
0.982459 1 1
0.992845 1 1
0.987467 1 1
0.923969 0.117156 4
0.959747 0.559078 2
0.932452 0.129886 4
0.966354 0.590916 2
0.983627 1 1
0.928603 0.123578 4
0.953436 0.535637 2
0.930282 0.126209 4
0.890264 0.000193381 12
0.957051 0.329213 3
0.963794 0.57755 2
0.932949 0.0704646 5
0.921944 0.0299142 6
0.929284 0.0656858 5
0.916106 0.0135461 7
0.860919 2.37159e-09 25
0.908896 0.00576813 8
0.863731 6.05734e-09 24
0.920648 0.0291503 6
0.93191 0.0690288 5
0.861523 2.43648e-09 25
0.904424 0.00255123 9
0.869031 8.47958e-08 21
0.892601 0.0195418 6
0.967261 1 1
0.946642 0.516074 2
0.916799 0.109185 4
0.917432 0.10981 4
0.920019 0.228024 3
0.909553 0.102917 4
0.858526 1.87342e-05 14
0.908245 0.101933 4
0.856421 1.79527e-05 14
0.919666 0.227575 3
0.926945 0.237958 3
0.857021 1.81704e-05 14
0.904631 0.047055 5
0.867312 0.000260678 11
0.9336 0.25004 3
0.89033 0.00189038 9
0.89857 0.00983685 7
0.911067 0.0503739 5
0.950805 0.527454 2
0.945955 0.282429 3
0.960238 0.561161 2
0.959212 0.556855 2
0.946658 0.284794 3
0.979391 1 1
0.940924 0.26732 3
0.941887 0.269982 3
0.973315 0.63531 2
0.944215 0.276854 3
0.958408 0.553603 2
0.942534 0.271825 3
0.945146 0.279786 3
0.943567 0.274874 3
0.938378 0.26075 3
0.9872 1 1
0.979863 1 1
0.979019 1 1
0.921502 0.0577471 5
0.96752 0.597485 2
0.92174 0.0579536 5
0.977818 0.671745 2
0.997766 1 1
0.922472 0.0586009 5
0.96128 0.565721 2
0.929504 0.124968 4
0.873771 5.87658e-05 13
0.912498 0.0512201 5
0.97623 1 1
0.976842 1 1
0.917401 0.0544892 5
0.937743 0.259212 3
0.919856 0.112332 4
0.86137 1.68275e-06 17
0.896969 0.00961054 7
0.880174 0.000329376 11
0.906747 0.0231374 6
0.925086 0.1186 4
0.868595 2.33339e-05 14
0.891138 0.00412005 8
0.866534 9.86768e-06 15
0.915733 0.108165 4
0.927199 0.121509 4
0.959141 0.556564 2
0.96656 0.592052 2
0.962861 0.573018 2
0.986404 1 1
0.967904 0.599722 2
0.906546 0.0479673 5
0.940473 0.266107 3
0.921942 0.114687 4
0.948453 0.520807 2
0.967883 0.599597 2
0.913285 0.0517049 5
0.934245 0.251375 3
0.911961 0.0508975 5
0.884389 7.67441e-06 16
0.93028 0.0669084 5
0.99322 1 1
0.967083 0.594985 2
0.92614 0.0327215 6
0.943313 0.15428 4
0.925828 0.0324935 6
0.866308 6.79957e-09 24
0.907009 0.00272475 9
0.879596 1.37193e-06 18
0.917805 0.0140803 7
0.935115 0.0736819 5
0.871341 9.32019e-08 21
0.901361 0.00114857 10
0.8726 9.82749e-08 21
0.979587 0.688071 2
0.939447 0.144271 4
0.906866 0.0112589 7
0.898525 0.00222523 9
0.962944 0.573417 2
0.940204 0.1461 4
0.951836 0.304515 3
0.9353 0.135237 4
0.982508 1 1
0.912454 0.0251994 6
0.978973 0.68227 2
0.959179 0.55672 2
0.926141 0.0621604 5
0.985681 1 1
0.946142 0.283052 3
0.939633 0.500453 2
0.935003 0.252987 3
0.941669 0.504593 2
0.942042 0.505383 2
0.98799 1 1
0.987591 1 1
0.988188 1 1
0.925794 0.236143 3
0.965007 0.583708 2
0.930633 0.244294 3
0.972241 1 1
0.989306 1 1
0.928979 0.241349 3
0.958622 0.554456 2
0.932774 0.248378 3
0.908597 0.0237563 6
0.984672 1 1
0.943955 0.276054 3
0.91665 0.0539478 5
0.930367 0.126347 4
0.929041 0.124247 4
0.921066 0.113676 4
0.872408 5.6983e-05 13
0.923383 0.116423 4
0.867147 1.00199e-05 15
0.934666 0.252265 3
0.939417 0.263354 3
0.869729 2.39649e-05 14
0.920103 0.112602 4
0.881613 0.000743225 10
0.962333 0.570532 2
0.955173 0.541517 2
0.921266 0.0575453 5
0.909627 0.0241204 6
0.967884 0.5996 2
0.948413 0.291013 3
0.955049 0.541082 2
0.922431 0.058564 5
0.975859 0.655039 2
0.906596 0.0112049 7
0.983339 1 1
0.968737 0.604693 2
0.916153 0.0535978 5
0.974167 0.641684 2
0.932743 0.130403 4
0.976915 1 1
0.924237 0.117497 4
0.906152 0.0229477 6
0.904341 0.0223948 6
0.971176 0.620271 2
0.948483 0.520887 2
0.964923 0.583275 2
0.953719 0.536567 2
0.990364 1 1
0.933512 0.249861 3
0.977964 1 1
0.96248 0.571216 2
0.946936 0.285752 3
0.99152 1 1
0.964043 0.578793 2
0.930299 0.243684 3
0.877427 0.00153396 9
0.881858 0.00361007 8
0.8942 0.0198698 6
0.93609 0.493906 2
0.928622 0.240737 3
0.943753 0.509152 2
0.969639 1 1
0.937087 0.495669 2
0.983019 1 1
0.929082 0.241527 3
0.926644 0.237476 3
0.988847 1 1
0.936302 0.494276 2
0.96399 1 1
0.983028 1 1
0.910407 0.0499982 5
0.888887 0.00184197 9
0.887916 0.00181083 9
0.952876 0.533826 2
0.931248 0.245434 3
0.948371 0.520585 2
0.964937 0.583345 2
0.972631 0.630355 2
0.932036 0.246933 3
0.960257 0.561242 2
0.944142 0.276629 3
0.951966 0.530963 2
0.977529 1 1
0.976221 1 1
0.879383 0.00349733 8
0.878224 0.00344725 8
0.923873 0.233268 3
0.953302 0.5352 2
0.920413 0.228531 3
0.940062 0.501301 2
0.9314 0.24572 3
0.890144 0.0190671 6
0.901169 0.0455424 5
0.925676 0.235961 3
0.904735 0.0471031 5
0.920555 0.228716 3
0.904355 0.046928 5
0.89579 0.0202122 6
0.890698 0.0191711 6
0.906323 0.0026766 9
0.890027 4.26144e-05 14
0.920158 0.0148944 7
0.941787 0.150125 4
0.943462 0.154699 4
0.956744 0.327604 3
0.956085 0.324217 3
0.920423 0.0149919 7
0.92687 0.0332681 6
0.954321 0.315609 3
0.927851 0.0340328 6
0.940145 0.145957 4
0.934633 0.0729381 5
0.92195 0.0155791 7
0.920917 0.0151773 7
0.888128 8.53363e-05 13
0.923127 0.0306516 6
0.984717 0.74297 2
0.982855 0.721645 2
0.93251 0.0698496 5
0.952845 0.308881 3
0.934668 0.0729926 5
0.874931 1.15104e-06 18
0.911744 0.00617244 8
0.891849 0.000202187 12
0.921602 0.0297085 6
0.940314 0.14637 4
0.881571 6.94124e-06 16
0.90581 0.00264157 9
0.880444 6.67757e-06 16
0.925176 0.0320276 6
0.943144 0.153804 4
0.960395 0.348197 3
0.955056 0.319119 3
0.970755 0.617466 2
0.984175 0.736595 2
0.969226 0.607692 2
0.90752 0.0027617 9
0.949744 0.296034 3
0.914938 0.0132024 7
0.95996 0.345572 3
0.979531 0.687536 2
0.911013 0.00606351 8
0.943586 0.155053 4
0.914525 0.0130852 7
0.968642 1 1
0.931227 0.245395 3
0.916007 0.108424 4
0.913582 0.106217 4
0.98145 1 1
0.958011 0.552035 2
0.973269 1 1
0.945742 0.513839 2
0.993743 1 1
0.932231 0.24731 3
0.986768 1 1
0.972946 1 1
0.941768 0.504802 2
0.98786 1 1
0.955301 0.541968 2
0.924259 0.117525 4
0.968273 0.601898 2
0.958565 0.554229 2
0.93851 0.261076 3
0.957734 0.550953 2
0.958955 0.555805 2
0.94976 0.524427 2
0.894915 0.00933858 7
0.944833 0.511656 2
0.894187 0.00924666 7
0.957051 0.548342 2
0.967857 0.599444 2
0.894594 0.0092978 7
0.939956 0.264744 3
0.90348 0.0221447 6
0.988116 1 1
0.912269 0.0251251 6
0.887627 0.00038691 11
0.885351 0.000367454 11
0.950782 0.30015 3
0.928584 0.123549 4
0.945146 0.279786 3
0.960384 0.561788 2
0.971956 0.625599 2
0.926623 0.120692 4
0.959951 0.559939 2
0.942653 0.272171 3
0.946674 0.284852 3
0.977695 0.670659 2
0.971503 0.622486 2
0.891216 0.000198589 12
0.965377 0.585651 2
0.947723 0.288513 3
0.917699 0.0140457 7
0.916696 0.0137267 7
0.919831 0.0286908 6
0.909035 0.0057867 8
0.85758 3.95577e-10 27
0.907119 0.00554169 8
0.856009 7.0623e-11 29
0.918578 0.028017 6
0.926269 0.0622944 5
0.856291 1.63323e-10 28
0.903426 0.00248974 9
0.866295 3.39985e-08 22
0.919132 0.0557993 5
0.869766 4.79187e-06 16
0.878889 6.6395e-05 13
0.893798 0.00201852 9
0.928672 0.123683 4
0.924413 0.0604154 5
0.937701 0.259111 3
0.958831 0.555298 2
0.9272 0.12151 4
0.991795 1 1
0.920131 0.0565981 5
0.919804 0.0563331 5
0.978357 0.676594 2
0.925934 0.119739 4
0.952391 0.306896 3
0.942225 0.505776 2
0.904423 0.046959 5
0.910509 0.050056 5
0.920015 0.112505 4
0.96589 0.588387 2
0.959163 0.556654 2
0.97514 1 1
0.954463 0.539064 2
0.959382 0.557556 2
0.964294 0.580052 2
0.955073 0.541168 2
0.956806 0.547425 2
0.962836 0.5729 2
0.955867 0.54398 2
0.957599 0.550431 2
0.949215 0.294006 3
0.920653 0.0291531 6
0.922578 0.0586966 5
0.927145 0.0632341 5
0.983236 0.72588 2
0.9712 0.620436 2
0.990048 1 1
0.945082 0.279582 3
0.971754 0.624201 2
0.947314 0.287067 3
0.970768 0.617557 2
0.973739 0.638453 2
0.948607 0.291726 3
0.966532 0.591897 2
0.951407 0.302718 3
0.935369 0.0740805 5
0.948436 0.170469 4
0.951406 0.302712 3
0.944098 0.156526 4
0.979053 0.683012 2
0.980491 0.696898 2
0.973069 0.633514 2
0.913929 0.00652178 8
0.959791 0.344566 3
0.91624 0.0135867 7
0.970739 0.617362 2
0.989383 1 1
0.915483 0.0133605 7
0.953719 0.312811 3
0.921743 0.029793 6
0.918886 0.111296 4
0.90206 0.0459158 5
0.926352 0.237013 3
0.943175 0.507855 2
0.957574 0.550337 2
0.969051 1 1
0.970404 1 1
0.927889 0.239503 3
0.94044 0.502057 2
0.954055 0.537686 2
0.941744 0.504752 2
0.953806 0.536855 2
0.939694 0.500571 2
0.935269 0.253562 3
0.930017 0.243176 3
0.943837 0.155772 4
0.963572 0.576459 2
0.941116 0.148387 4
0.927382 0.0634952 5
0.97173 0.624038 2
0.961369 0.354258 3
0.960246 0.347292 3
0.911654 0.0123283 7
0.964078 0.578967 2
0.905118 0.00259576 9
0.976442 0.659868 2
0.979321 0.685537 2
0.909253 0.00581599 8
0.959525 0.342995 3
0.920926 0.0293106 6
0.979994 0.692003 2
0.939141 0.143548 4
0.902654 0.00118983 10
0.893287 0.00021078 12
0.956683 0.327287 3
0.934271 0.072391 5
0.945531 0.160836 4
0.932362 0.069646 5
0.976149 0.657426 2
0.907359 0.00275 9
0.972847 0.6319 2
0.953415 0.31143 3
0.922053 0.0299805 6
0.980008 0.692135 2
0.943264 0.154143 4
0.918633 0.111033 4
0.960997 0.564465 2
0.966813 0.593464 2
0.946652 0.516101 2
0.956062 0.544684 2
0.962183 0.569832 2
0.950094 0.525381 2
0.89251 0.00421007 8
0.940414 0.265951 3
0.895186 0.00937326 7
0.952406 0.532333 2
0.966414 0.591246 2
0.893588 0.00428403 8
0.935125 0.25325 3
0.900555 0.0101368 7
0.926173 0.120066 4
0.978502 1 1
0.950269 0.525887 2
0.92866 0.123665 4
0.953124 0.534622 2
0.950276 0.525906 2
0.943518 0.274729 3
0.892711 0.00422369 8
0.944231 0.276902 3
0.888337 0.00182418 9
0.956222 0.545267 2
0.962398 0.570832 2
0.890767 0.00190558 9
0.940144 0.265238 3
0.901806 0.0103375 7
0.898885 0.00469524 8
0.879496 6.74133e-05 13
0.910537 0.0244545 6
0.933865 0.132462 4
0.933199 0.131228 4
0.945404 0.280619 3
0.945788 0.281875 3
0.917953 0.0548974 5
0.918033 0.0549567 5
0.956891 0.547743 2
0.918074 0.0549881 5
0.929357 0.124737 4
0.933852 0.132437 4
0.9135 0.025631 6
0.917002 0.0272205 6
0.91374 0.0257325 6
0.989306 1 1
0.943092 0.273458 3
0.916934 0.0271874 6
0.934747 0.134147 4
0.932161 0.129373 4
0.925037 0.0610307 5
0.877089 1.31187e-05 15
0.928405 0.0646509 5
0.870985 2.22902e-06 17
0.939649 0.144754 4
0.9436 0.274975 3
0.874115 5.44619e-06 16
0.925199 0.0611926 5
0.886401 0.000174496 12
0.92333 0.0307828 6
0.901207 0.00114383 10
0.921508 0.0296525 6
0.93694 0.13862 4
0.959133 0.340714 3
0.966557 0.592039 2
0.972059 0.626318 2
0.934357 0.0725196 5
0.943935 0.156055 4
0.959614 0.34352 3
0.943953 0.156107 4
0.953925 0.313762 3
0.946253 0.163115 4
0.939094 0.143439 4
0.936277 0.137225 4
0.951995 0.305192 3
0.93304 0.130938 4
0.929791 0.12542 4
0.929452 0.124886 4
0.996319 1 1
0.974761 0.64627 2
0.988611 1 1
0.9366 0.1379 4
0.97746 0.668589 2
0.934734 0.134123 4
0.981601 1 1
0.98578 1 1
0.9375 0.139831 4
0.971099 0.619759 2
0.944419 0.277487 3
0.945316 0.280337 3
0.971328 0.621299 2
0.933256 0.131334 4
0.916829 0.054075 5
0.961753 0.567857 2
0.949192 0.293917 3
0.949531 0.295212 3
0.907414 0.0233555 6
0.960631 0.56286 2
0.896469 0.00449713 8
0.971459 0.622189 2
0.967647 0.598222 2
0.902921 0.0105249 7
0.95768 0.550747 2
0.917266 0.0543904 5
0.915737 0.0533102 5
0.92124 0.113874 4
0.952798 0.533577 2
0.964576 0.581484 2
0.962502 0.571323 2
0.986091 1 1
0.969991 0.612501 2
0.910236 0.0499027 5
0.940284 0.265607 3
0.928106 0.122831 4
0.947006 0.517 2
0.96555 0.586568 2
0.918088 0.110471 4
0.934124 0.251122 3
0.915018 0.0528244 5
0.907821 0.0234915 6
0.970272 0.614312 2
0.962822 0.572834 2
0.935257 0.253537 3
0.938924 0.262105 3
0.943096 0.273471 3
0.931784 0.128718 4
0.877285 0.00014079 12
0.926714 0.120819 4
0.877591 0.000141731 12
0.938682 0.261501 3
0.948947 0.292994 3
0.877061 0.000140111 12
0.922244 0.115043 4
0.885763 0.000803323 10
0.910968 0.104028 4
0.942028 0.505355 2
0.976204 1 1
0.965169 1 1
0.955032 0.541023 2
0.971406 1 1
0.954247 0.538332 2
0.893072 0.0196369 6
0.934806 0.252563 3
0.903261 0.0464365 5
0.945446 0.51312 2
0.964043 1 1
0.897311 0.020556 6
0.928845 0.241119 3
0.899775 0.0449781 5
0.950785 0.527396 2
0.942401 0.506156 2
0.935124 0.253247 3
0.930806 0.244612 3
0.993559 1 1
0.97429 1 1
0.980983 1 1
0.928856 0.241138 3
0.976187 1 1
0.925452 0.235618 3
0.98562 1 1
0.993211 1 1
0.928574 0.240655 3
0.96983 1 1
0.937291 0.258141 3
0.930878 0.244745 3
0.912656 0.10542 4
0.929227 0.24178 3
0.940411 0.502001 2
0.970886 1 1
0.977437 1 1
0.983974 1 1
0.933869 0.250594 3
0.953433 0.535627 2
0.950761 0.527325 2
0.954977 0.540834 2
0.96609 0.589473 2
0.942573 0.506529 2
0.948009 0.519616 2
0.937786 0.259315 3
0.929424 0.0658542 5
0.881037 6.81435e-06 16
0.888216 8.55579e-05 13
0.90134 0.00114793 10
0.940609 0.147104 4
0.93497 0.0734572 5
0.949326 0.294426 3
0.963751 0.577338 2
0.939038 0.143307 4
0.986843 1 1
0.932086 0.0692679 5
0.93148 0.0684545 5
0.981513 0.707292 2
0.937489 0.139807 4
0.959902 0.345227 3
0.925711 0.0617136 5
0.945782 0.281855 3
0.960769 0.563463 2
0.953515 0.31188 3
0.970427 0.615317 2
0.981742 1 1
0.967802 0.599126 2
0.906634 0.0112125 7
0.950065 0.297287 3
0.912986 0.0254168 6
0.960677 0.563061 2
0.979798 0.690102 2
0.909651 0.0118542 7
0.943979 0.276127 3
0.913857 0.0257826 6
0.896738 0.0438259 5
0.884264 0.00818858 7
0.919491 0.227355 3
0.944158 0.51008 2
0.934777 0.491672 2
0.950319 0.526032 2
0.947057 0.517132 2
0.911126 0.104155 4
0.917457 0.224877 3
0.947184 0.517456 2
0.919064 0.226822 3
0.932441 0.487926 2
0.925855 0.236238 3
0.912446 0.105242 4
0.91125 0.104255 4
0.937199 0.139176 4
0.910636 0.0060087 8
0.921736 0.0297887 6
0.931656 0.0686892 5
0.971672 0.623642 2
0.9707 0.617104 2
0.983877 0.733145 2
0.942681 0.152525 4
0.95823 0.335599 3
0.956365 0.325643 3
0.957429 0.331228 3
0.964405 0.580614 2
0.950917 0.300698 3
0.953376 0.311252 3
0.946571 0.284498 3
0.929031 0.124231 4
0.931707 0.128586 4
0.94944 0.523523 2
0.952668 0.533163 2
0.976832 1 1
0.998352 1 1
0.98111 1 1
0.91808 0.0549927 5
0.95411 0.53787 2
0.92849 0.123406 4
0.961619 0.567247 2
0.980511 1 1
0.923229 0.116232 4
0.947799 0.288787 3
0.924214 0.117468 4
0.948798 0.521746 2
0.96752 0.597485 2
0.93166 0.246212 3
0.916511 0.108906 4
0.964639 0.58181 2
0.950628 0.526934 2
0.952162 0.531571 2
0.911013 0.0503433 5
0.964439 0.58079 2
0.899533 0.0210903 6
0.97517 1 1
0.969787 0.611204 2
0.906378 0.0478847 5
0.961481 0.566626 2
0.920913 0.113503 4
0.868671 1.86291e-07 20
0.893192 0.000443481 11
0.953218 0.310539 3
0.980087 0.692914 2
0.913374 0.0127701 7
0.935958 0.136565 4
0.919622 0.0285759 6
0.865246 7.31477e-08 21
0.892128 0.000431543 11
0.891443 0.000424156 11
0.899908 0.0022941 9
0.918568 0.0280118 6
0.875499 2.58246e-06 17
0.886224 8.07392e-05 13
0.868637 1.86052e-07 20
0.919441 0.0560428 5
0.883631 0.00077129 10
0.900142 0.0100725 7
0.916817 0.0540667 5
0.943191 0.273751 3
0.94482 0.278747 3
0.954699 0.539873 2
0.945182 0.279904 3
0.934607 0.25214 3
0.982004 1 1
0.930852 0.127144 4
0.935807 0.254746 3
0.961688 0.567559 2
0.93138 0.128028 4
0.943311 0.274108 3
0.936487 0.137663 4
0.878599 3.0048e-05 14
0.878492 2.99593e-05 14
0.888884 0.000398499 11
0.935814 0.136272 4
0.925466 0.0614631 5
0.941797 0.269727 3
0.979257 0.684935 2
0.940137 0.145935 4
0.97335 0.635564 2
0.930928 0.12727 4
0.925995 0.0620073 5
0.997914 1 1
0.940253 0.146222 4
0.972614 0.63023 2
0.918933 0.111345 4
0.862212 2.02357e-05 14
0.866223 4.99364e-05 13
0.87951 0.00158162 9
0.919368 0.111806 4
0.911956 0.104833 4
0.926668 0.237514 3
0.965486 0.586229 2
0.922057 0.114821 4
0.975112 1 1
0.913363 0.106026 4
0.909988 0.0497643 5
0.98173 1 1
0.922059 0.114824 4
0.95608 0.544749 2
0.920844 0.0571878 5
0.864132 1.58023e-07 20
0.867853 9.03916e-07 18
0.8809 6.98711e-05 13
0.92137 0.0576338 5
0.913747 0.0257355 6
0.9286 0.123573 4
0.967119 0.595189 2
0.924118 0.0601294 5
0.975975 0.655991 2
0.915405 0.0264666 6
0.91195 0.0249981 6
0.983853 1 1
0.924104 0.0601161 5
0.957906 0.551623 2
0.892214 0.00900894 7
0.86946 5.34291e-05 13
0.900318 0.0212885 6
0.92438 0.11768 4
0.923596 0.116687 4
0.934529 0.251973 3
0.936063 0.255319 3
0.915781 0.10821 4
0.909893 0.0497116 5
0.958268 0.553046 2
0.909022 0.0492383 5
0.91921 0.111639 4
0.932939 0.248705 3
0.905761 0.0475862 5
0.913471 0.0518218 5
0.936439 0.0758132 5
0.929495 0.0659403 5
0.940724 0.147392 4
0.944298 0.157112 4
0.983863 0.732978 2
0.99024 1 1
0.990436 1 1
0.926758 0.0331826 6
0.961478 0.354952 3
0.934933 0.0734003 5
0.967308 0.596267 2
0.983144 0.724844 2
0.931418 0.0683727 5
0.955209 0.319862 3
0.933014 0.070556 5
0.920564 0.0569543 5
0.891182 0.00089795 10
0.910139 0.0243067 6
0.926826 0.120977 4
0.950195 0.297801 3
0.954613 0.539578 2
0.962536 0.571481 2
0.939597 0.263814 3
0.938452 0.260934 3
0.971243 0.620727 2
0.9364 0.137481 4
0.943744 0.275412 3
0.954081 0.537775 2
0.93443 0.133534 4
0.93954 0.263667 3
0.968644 0.604129 2
0.92418 0.0313431 6
0.911508 0.00613677 8
0.911244 0.00306101 9
0.977584 0.669675 2
0.955736 0.322464 3
0.972898 0.632268 2
0.952634 0.307953 3
0.988406 0.790572 2
0.938489 0.0793808 5
0.97932 0.685528 2
0.967878 0.599565 2
0.948939 0.17227 4
0.985244 0.749322 2
0.961919 0.357801 3
0.896302 0.00212287 9
0.95122 0.301941 3
0.980892 1 1
0.950254 0.298034 3
0.933606 0.131978 4
0.944711 0.278401 3
0.929654 0.125203 4
0.871504 5.03787e-06 16
0.917396 0.027415 6
0.878 2.95597e-05 14
0.929082 0.124311 4
0.943604 0.274986 3
0.873797 1.19408e-05 15
0.912227 0.0251082 6
0.879019 3.03974e-05 14
0.879485 1.40972e-05 15
0.874578 5.52378e-06 16
0.918153 0.0277972 6
0.946986 0.285924 3
0.919116 0.0283016 6
0.937564 0.139972 4
0.930567 0.0672707 5
0.892806 0.000439082 11
0.900651 0.00233284 9
0.930012 0.0665739 5
0.903453 0.00512768 8
0.918452 0.0279513 6
0.907697 0.0114292 7
0.895457 0.000989358 10
0.892768 0.00043865 11
0.921695 0.0297638 6
0.977426 0.668297 2
0.954047 0.314326 3
0.931045 0.0678845 5
0.950195 0.297801 3
0.949454 0.294917 3
0.941286 0.148823 4
0.889151 8.79893e-05 13
0.940126 0.145909 4
0.886145 3.75239e-05 14
0.952162 0.305908 3
0.959817 0.344722 3
0.887725 8.43274e-05 13
0.935886 0.136419 4
0.898072 0.00105448 10
0.907722 0.0114346 7
0.954571 0.539433 2
0.977838 0.671924 2
0.953145 0.310213 3
0.946543 0.284403 3
0.957019 0.548223 2
0.942393 0.27142 3
0.88359 0.000162685 12
0.929667 0.125225 4
0.889401 0.000864518 10
0.941381 0.26857 3
0.956655 0.546861 2
0.885803 0.000371175 11
0.924281 0.0602868 5
0.891172 0.000897749 10
0.922707 0.231611 3
0.931775 0.246432 3
0.95591 0.544134 2
0.959419 0.557711 2
0.970157 1 1
0.992845 1 1
0.973951 1 1
0.911491 0.104451 4
0.947643 0.518649 2
0.923714 0.233039 3
0.955845 0.543902 2
0.975413 1 1
0.917115 0.109495 4
0.941364 0.503953 2
0.917448 0.109826 4
0.892272 0.00195997 9
0.914578 0.0260958 6
0.968125 0.601023 2
0.992069 1 1
0.938157 0.260212 3
0.961047 0.564687 2
0.943425 0.274448 3
0.885057 0.000365077 11
0.916385 0.0537604 5
0.906132 0.0111132 7
0.924711 0.118109 4
0.943916 0.275934 3
0.893538 0.00200831 9
0.910313 0.0243711 6
0.88957 0.000867592 10
0.935118 0.134877 4
0.983997 0.734531 2
0.933581 0.0713704 5
0.913199 0.0127234 7
0.949819 0.296326 3
0.94017 0.146016 4
0.938168 0.141313 4
0.895772 0.000475037 11
0.948254 0.290431 3
0.884978 3.61812e-05 14
0.958718 0.338341 3
0.956725 0.327503 3
0.891078 0.000197821 12
0.945736 0.161477 4
0.905615 0.00262851 9
0.894232 0.000455743 11
0.915673 0.0134166 7
0.967805 0.599139 2
0.989854 1 1
0.940227 0.146156 4
0.963191 0.574605 2
0.945536 0.160852 4
0.886975 8.25027e-05 13
0.918398 0.0279237 6
0.907758 0.00562097 8
0.926685 0.0627369 5
0.945921 0.162058 4
0.895376 0.000469942 11
0.912313 0.0124935 7
0.891534 0.000200385 12
70 0 1 2 3 4 5 6 7 8 9 10 11 12 13 14 15 16 17 18 19 20 21 22 23 24 25 26 27 28 29 30 31 32 33 34 35 36 37 38 39 40 41 42 43 44 45 46 47 48 49 50 51 52 53 54 55 56 57 58 59 60 61 62 63 64 65 66 67 68 69 
66 0 1 2 3 4 5 6 7 8 9 10 11 12 14 15 16 17 18 20 21 22 23 24 25 27 28 29 30 31 32 33 35 36 37 38 39 40 41 42 43 44 45 46 47 48 49 50 51 52 53 54 55 56 57 58 59 60 61 62 63 64 65 66 67 68 69 
32 0 1 4 8 10 11 12 18 20 21 22 28 29 32 37 39 42 46 47 49 50 53 54 55 56 57 58 60 63 66 67 69 
21 0 1 4 8 18 20 21 28 32 37 39 47 49 53 54 55 56 57 58 60 63 
38 0 1 4 5 8 10 11 14 18 20 21 22 28 29 30 32 37 39 40 42 46 47 49 50 51 53 54 55 56 57 58 59 60 61 63 66 67 69 
31 0 1 4 8 10 11 18 20 21 22 28 29 32 37 39 42 46 47 49 50 53 54 55 56 57 58 60 63 66 67 69 
37 0 1 3 4 5 8 10 11 12 18 20 21 22 28 29 32 37 39 42 44 46 47 49 50 51 53 54 55 56 57 58 59 60 63 66 67 69 
48 0 1 2 3 4 5 8 9 10 11 12 14 18 20 21 22 23 28 29 30 31 32 35 37 39 40 42 44 46 47 48 49 50 51 53 54 55 56 57 58 59 60 62 63 65 66 67 69 
52 0 1 2 3 4 5 8 9 10 11 12 14 17 18 20 21 22 23 24 28 29 30 31 32 35 37 39 40 42 44 45 46 47 48 49 50 51 53 54 55 56 57 58 59 60 61 62 63 65 66 67 69 
9 0 4 20 21 37 49 53 58 63 
60 0 1 2 3 4 5 6 7 8 9 10 11 12 14 15 18 20 21 22 23 25 27 28 29 30 31 32 33 35 36 37 38 39 40 42 43 44 45 46 47 48 49 50 51 53 54 55 56 57 58 59 60 61 62 63 64 65 66 67 69 
48 0 1 2 3 4 5 8 9 10 11 12 14 18 20 21 22 23 28 29 30 31 32 35 37 39 40 42 44 46 47 48 49 50 51 53 54 55 56 57 58 59 60 62 63 65 66 67 69 
44 0 1 2 3 4 5 8 10 11 12 14 18 20 21 22 23 28 29 30 32 37 39 42 44 46 47 48 49 50 51 53 54 55 56 57 58 59 60 62 63 65 66 67 69 
66 0 1 2 3 4 5 6 7 8 9 10 11 12 14 15 16 17 18 20 21 22 23 24 25 27 28 29 30 31 32 33 35 36 37 38 39 40 41 42 43 44 45 46 47 48 49 50 51 52 53 54 55 56 57 58 59 60 61 62 63 64 65 66 67 68 69 
67 0 1 2 3 4 5 6 7 8 9 10 11 12 13 14 15 16 17 18 20 21 22 23 24 25 27 28 29 30 31 32 33 35 36 37 38 39 40 41 42 43 44 45 46 47 48 49 50 51 52 53 54 55 56 57 58 59 60 61 62 63 64 65 66 67 68 69 
