30 15 8e+06
2.09675 180045
1.11303 185601
2.24897 155686
2.48037 195803
1.50022 130671
1.8328 115248
1.1269 100791
1.7865 149956
1.68224 183713
1.53201 103890
1.43849 192682
2.28313 127974
2.21196 152854
2.14604 101428
2.94779 121262
2.20481 117485
1.88133 149495
1.14274 165092
1.96933 163022
1.81377 145475
2.36612 142501
1.99961 131170
1.95195 165718
1.24439 145515
2.59583 179179
2.69836 199447
2.25497 170600
2.82665 112946
2.50765 106287
2.94303 169822
0.92155 0.23003 3
0.898336 0.0444195 5
0.94752 0.518328 2
0.948857 0.521905 2
0.97746 1 1
0.942732 0.506877 2
0.899903 0.0450287 5
0.904496 0.0469927 5
0.883103 0.00367001 8
0.929422 0.242121 3
0.94514 0.512384 2
0.921028 0.229335 3
0.914961 0.10745 4
0.968982 1 1
0.903116 0.0463724 5
0.975451 1 1
0.930344 0.243766 3
0.947359 0.517909 2
0.928446 0.240437 3
0.905042 0.0472459 5
0.953779 0.536766 2
0.985696 1 1
0.986993 1 1
0.924819 0.234661 3
0.942145 0.505604 2
0.950803 0.527449 2
0.967403 1 1
0.960193 0.560968 2
0.892106 0.00899635 7
0.915429 0.107881 4
0.961125 0.565033 2
0.959157 0.556628 2
0.946911 0.516756 2
0.955222 0.541688 2
0.925246 0.235304 3
0.952504 0.532643 2
0.953996 0.53749 2
0.977882 1 1
0.948969 0.522215 2
0.973524 1 1
0.950111 0.52543 2
0.994296 1 1
0.939491 0.500174 2
0.898235 0.0207735 6
0.946219 0.515014 2
0.903903 0.0106968 7
0.97973 1 1
0.894083 0.00431901 8
0.929952 0.125678 4
0.899106 0.00991558 7
0.898348 0.00980467 7
0.901045 0.0102142 7
0.926132 0.12001 4
0.986375 1 1
0.946805 0.2853 3
0.896607 0.00450793 8
0.936075 0.255346 3
0.883613 0.00035379 11
0.858181 1.29354e-07 20
0.974221 0.642094 2
0.896786 0.000234478 12
0.903502 0.000597695 11
0.916584 0.0069998 8
0.948337 0.170119 4
0.973614 0.637521 2
0.913897 0.00651645 8
0.877067 2.60975e-07 20
0.888887 1.931e-05 15
0.888342 1.89317e-05 15
0.92752 0.0337705 6
0.915408 0.00678042 8
0.908971 0.00287175 9
0.885011 7.852e-06 16
0.931902 0.0375986 6
0.91531 0.00676264 8
0.861966 5.60986e-09 24
0.899301 0.00108792 10
0.874423 2.49096e-06 17
0.91965 0.028591 6
0.924447 0.0604478 5
0.873622 1.09839e-06 18
0.846139 8.18329e-12 0
0.863752 1.36372e-08 23
0.887823 8.45701e-05 13
0.90715 0.00554541 8
0.874273 1.12413e-06 18
0.883777 3.4878e-05 14
0.846626 8.3797e-12 0
0.880175 1.44003e-05 15
0.917401 0.0274174 6
0.93434 0.251576 3
0.937786 0.259315 3
0.947592 0.518517 2
0.99061 1 1
0.974209 1 1
0.947432 0.518099 2
0.915419 0.107872 4
0.929728 0.242662 3
0.921725 0.114433 4
0.968342 1 1
0.947879 0.519271 2
0.950888 0.5277 2
0.918367 0.110756 4
0.929744 0.242689 3
0.943226 0.507968 2
0.924767 0.0607626 5
0.908282 0.0115528 7
0.9485 0.291332 3
0.959546 0.558237 2
0.988134 1 1
0.944719 0.278427 3
0.903342 0.00511615 8
0.910514 0.0120534 7
0.892794 0.000438949 11
0.939198 0.143683 4
0.946728 0.285036 3
0.928484 0.064742 5
0.915476 0.0264993 6
0.957915 0.333864 3
0.913699 0.0128574 7
0.899176 0.00225714 9
0.973959 0.64011 2
0.893274 0.000940557 10
0.935106 0.134852 4
0.90639 0.00545389 8
0.89683 0.00102258 10
0.893368 0.000942558 10
0.91806 0.0277493 6
0.971346 0.621421 2
0.947918 0.289214 3
0.895445 0.000989065 10
0.931575 0.128361 4
0.878896 1.38462e-05 15
0.86248 2.92111e-08 22
0.983322 1 1
0.942884 0.50721 2
0.907411 0.0483989 5
0.969939 1 1
0.954501 0.539193 2
0.966446 1 1
0.964904 0.583177 2
0.920708 0.113272 4
0.923129 0.232204 3
0.892763 0.0195742 6
0.939734 0.50065 2
0.967448 1 1
0.937523 0.258689 3
0.936515 0.256342 3
0.963071 0.574027 2
0.908142 0.048774 5
0.923112 0.232179 3
0.883537 0.00369141 8
0.951253 0.528791 2
0.931069 0.245099 3
0.953495 0.535832 2
0.945016 0.51209 2
0.901946 0.0458675 5
0.900478 0.0213296 6
0.869115 0.000119274 12
0.914994 0.10748 4
0.947938 0.519428 2
0.912966 0.105684 4
0.922732 0.231647 3
0.989293 1 1
0.885419 0.00378776 8
0.893508 0.00200711 9
0.875282 1.24502e-05 15
0.919482 0.0560755 5
0.924406 0.0604079 5
0.957631 0.550557 2
0.914398 0.0260166 6
0.872493 5.18678e-06 16
0.876728 2.85663e-05 14
0.860255 6.09307e-08 21
0.904015 0.0107168 7
0.91689 0.0271659 6
0.893301 0.00199907 9
0.888744 0.000397172 11
0.962807 0.572764 2
0.882841 0.000159774 12
0.971672 0.623642 2
0.948087 0.289824 3
0.952815 0.533631 2
0.948664 0.291939 3
0.921802 0.058008 5
0.959009 0.556023 2
0.965296 0.585221 2
0.986543 1 1
0.939187 0.262768 3
0.963814 0.577651 2
0.956274 0.545456 2
0.989652 1 1
0.950087 0.297376 3
0.900436 0.010118 7
0.934937 0.252844 3
0.856601 7.8305e-06 15
0.90266 0.0461737 5
0.866162 0.000112871 12
0.913541 0.106181 4
0.912226 0.105058 4
0.866078 0.000112698 12
0.842406 1.46699e-08 22
0.861669 2.00028e-05 14
0.893033 0.0196289 6
0.904651 0.0470639 5
0.8664 0.000113365 12
0.881031 0.00161845 9
0.840142 5.80607e-09 23
0.866507 0.000113589 12
0.921536 0.23001 3
0.985614 1 1
0.915365 0.0530569 5
0.958207 0.552803 2
0.924595 0.117958 4
0.907134 0.0232634 6
0.963861 0.577882 2
0.988616 1 1
0.968791 0.605016 2
0.908077 0.0235778 6
0.933254 0.13133 4
0.961169 0.565229 2
0.956683 0.546965 2
0.979764 1 1
0.90299 0.0105367 7
0.902696 0.0104864 7
0.881662 0.00360085 8
0.925215 0.235257 3
0.890748 0.008842 7
0.940095 0.501366 2
0.934462 0.251831 3
0.890957 0.0088654 7
0.866991 0.000114609 12
0.886442 0.00839415 7
0.913338 0.106004 4
0.930864 0.24472 3
0.891162 0.00888836 7
0.906575 0.0479818 5
0.864571 0.000109664 12
0.885659 0.00831873 7
0.943839 0.509349 2
0.955665 0.543257 2
0.955417 0.542377 2
0.954383 0.538792 2
0.97589 1 1
0.945446 0.280757 3
0.958099 0.552379 2
0.940674 0.266646 3
0.959099 0.55639 2
0.940866 0.267163 3
0.986902 1 1
0.95671 0.547066 2
0.981426 1 1
0.935297 0.253624 3
0.913433 0.0517977 5
0.950423 0.526335 2
0.92872 0.240904 3
0.981913 1 1
0.924306 0.233901 3
0.963755 0.577361 2
0.930819 0.244635 3
0.92792 0.239554 3
0.919443 0.111887 4
0.943396 0.508349 2
0.965053 0.583951 2
0.980771 1 1
0.926534 0.237301 3
0.961481 0.566626 2
0.907967 0.0486836 5
0.889692 0.00872666 7
0.980963 1 1
0.903622 0.010647 7
0.88001 6.82943e-05 13
0.930308 0.126251 4
0.929701 0.125278 4
0.961581 0.567078 2
0.924956 0.0609495 5
0.882386 0.000158052 12
0.885429 0.000368094 11
0.864981 3.6645e-07 19
0.909954 0.024239 6
0.927558 0.122026 4
0.901252 0.004909 8
0.899598 0.00475743 8
0.973774 0.638716 2
0.88603 0.000373069 11
0.890829 0.000891133 10
0.922186 0.058346 5
0.903285 0.00511022 8
0.950386 0.29856 3
0.95174 0.304112 3
0.902705 0.00505101 8
0.874188 1.20715e-05 15
0.891549 0.000905142 10
0.908336 0.0115644 7
0.935988 0.136628 4
0.903278 0.00510956 8
0.912394 0.0251753 6
0.87495 1.23335e-05 15
0.902654 0.00504592 8
0.938558 0.142198 4
0.882049 0.000749119 10
0.923569 0.116654 4
0.891826 0.00416464 8
0.940792 0.266963 3
0.936695 0.256754 3
0.891866 0.00416725 8
0.867006 9.98442e-06 15
0.886078 0.00175484 9
0.911375 0.0505526 5
0.930582 0.126699 4
0.892149 0.00418595 8
0.906355 0.0230118 6
0.865208 4.22803e-06 16
0.887985 0.00181301 9
0.941915 0.270059 3
0.973856 1 1
0.933484 0.249803 3
0.946471 0.515645 2
0.930172 0.243455 3
0.905914 0.0228729 6
0.952933 0.534009 2
0.982305 1 1
0.990354 1 1
0.928017 0.239716 3
0.944556 0.511003 2
0.949955 0.524982 2
0.969841 0.611546 2
0.95744 0.54982 2
0.89146 0.0041408 8
0.918362 0.110751 4
0.917018 0.0272286 6
0.940769 0.147506 4
0.927774 0.0639324 5
0.978428 0.677238 2
0.965358 0.585546 2
0.927947 0.0641267 5
0.900071 0.00230245 9
0.917445 0.0274391 6
0.925015 0.0610089 5
0.962287 0.570315 2
0.928206 0.0644221 5
0.938955 0.143113 4
0.900079 0.00230286 9
0.915188 0.0263681 6
0.95241 0.306977 3
0.889738 0.00187019 9
0.965097 0.584178 2
0.881928 0.000747476 10
0.921658 0.114355 4
0.893147 0.00425342 8
0.88575 0.00174524 9
0.88602 0.00175313 9
0.910698 0.050163 5
0.970059 0.612942 2
0.935433 0.25392 3
0.884224 0.000779949 10
0.921705 0.11441 4
0.869684 2.39391e-05 14
0.85004 8.08463e-09 23
0.969103 0.606927 2
0.930379 0.24383 3
0.97984 1 1
0.926412 0.237109 3
0.965945 1 1
0.932804 0.248437 3
0.929972 0.243097 3
0.920615 0.113168 4
0.944306 0.510422 2
0.96302 0.573782 2
0.983079 1 1
0.928615 0.240725 3
0.96295 0.573447 2
0.909649 0.102991 4
0.891819 0.00896322 7
0.97901 1 1
0.938699 0.0797654 5
0.917484 0.013976 7
0.961327 0.353992 3
0.967786 0.599032 2
0.979293 0.685271 2
0.95823 0.335599 3
0.917069 0.0138437 7
0.92427 0.0314036 6
0.902148 0.00117337 10
0.949813 0.175497 4
0.959989 0.345746 3
0.9419 0.150423 4
0.928097 0.0342296 6
0.952917 0.309197 3
0.920333 0.0149585 7
0.94918 0.522798 2
0.917697 0.110075 4
0.973022 1 1
0.964043 0.578793 2
0.967524 0.597509 2
0.969714 0.610744 2
0.927037 0.238106 3
0.93201 0.246883 3
0.902946 0.0219932 6
0.950369 0.526175 2
0.971608 1 1
0.947703 0.518808 2
0.939347 0.263173 3
0.952245 0.531831 2
0.917858 0.110238 4
0.92418 0.117425 4
0.985244 1 1
0.919265 0.111697 4
0.959242 0.556978 2
0.926925 0.121118 4
0.922904 0.115835 4
0.915716 0.0532958 5
0.940033 0.264946 3
0.968642 0.604118 2
0.975401 1 1
0.9215 0.114172 4
0.957081 0.548455 2
0.903457 0.0221381 6
0.88518 0.00172881 9
0.985799 1 1
0.892937 0.00198503 9
0.873362 1.17979e-05 15
0.919122 0.0557913 5
0.922471 0.0586001 5
0.955487 0.542625 2
0.913924 0.0258112 6
0.871938 5.10234e-06 16
0.875691 2.77963e-05 14
0.858375 2.50293e-08 22
0.902232 0.00500385 8
0.916458 0.0269581 6
0.891989 0.000913932 10
0.888662 0.000851357 10
0.964248 0.579819 2
0.88069 6.94933e-05 13
0.911327 0.0247544 6
0.882151 0.000157175 12
0.93868 0.261496 3
0.931638 0.128469 4
0.960805 0.563619 2
0.933015 0.130894 4
0.889995 0.000875399 10
0.891602 0.000906191 10
0.867251 1.98898e-06 17
0.912916 0.0253879 6
0.935738 0.136118 4
0.906435 0.011173 7
0.908371 0.0115718 7
0.982804 1 1
0.886689 0.000378672 11
28 0 2 3 4 5 6 7 8 9 10 11 12 13 15 16 17 18 19 20 21 22 23 24 25 26 27 28 29 
24 0 3 4 5 6 7 8 9 10 11 13 15 17 18 19 20 22 23 24 25 26 27 28 29 
26 0 2 3 4 5 6 7 8 9 10 11 13 15 16 17 18 19 20 22 23 24 25 26 27 28 29 
16 0 4 5 6 7 10 11 13 15 18 19 20 22 25 28 29 
11 0 4 5 11 13 15 18 19 20 28 29 
26 0 2 3 4 5 6 7 8 9 10 11 13 15 16 17 18 19 20 22 23 24 25 26 27 28 29 
29 0 1 2 3 4 6 7 8 9 10 11 12 13 14 15 16 17 18 19 20 21 22 23 24 25 26 27 28 29 
27 0 2 3 4 5 6 7 8 9 10 11 12 13 15 16 17 18 19 20 22 23 24 25 26 27 28 29 
20 0 3 4 5 6 7 8 11 13 15 17 18 19 20 22 23 24 27 28 29 
24 0 3 4 5 6 7 8 9 10 11 13 15 17 18 19 20 22 23 24 25 26 27 28 29 
27 0 2 3 4 5 6 7 8 9 10 11 12 13 15 16 17 18 19 20 22 23 24 25 26 27 28 29 
25 0 3 4 5 6 7 8 9 10 11 13 15 16 17 18 19 20 22 23 24 25 26 27 28 29 
29 0 1 2 3 4 6 7 8 9 10 11 12 13 14 15 16 17 18 19 20 21 22 23 24 25 26 27 28 29 
13 0 4 5 7 11 13 15 18 19 20 22 28 29 
15 0 4 5 6 7 11 13 15 18 19 20 22 25 28 29 
