40 15 8e+06
1.0672 192279
1.3215 135556
1.65116 179810
2.65599 195790
1.51815 195907
2.24306 116562
1.30728 131584
2.67324 151415
1.82823 121101
1.28491 198172
2.42191 150981
1.60119 108625
1.92164 131491
2.27901 114847
2.91124 138758
1.09077 104247
1.52357 117933
1.76514 126698
1.4017 113471
2.2863 140851
1.2456 146869
2.53782 121075
1.32384 193485
1.28518 171844
2.87176 112322
1.95642 106721
1.08511 121153
1.93271 166499
1.17549 107338
1.59204 177653
1.38717 147246
2.91407 171477
1.11867 119409
1.68461 165551
2.37143 153946
2.04408 179245
2.67059 175429
1.11409 136886
2.11561 134343
1.30918 141475
0.893322 0.0042655 8
0.956939 0.547922 2
0.913062 0.0515663 5
0.934744 0.25243 3
0.937218 0.257968 3
0.979813 1 1
0.89017 0.0018849 9
0.919942 0.112426 4
0.880221 0.000329688 11
0.8689 2.35008e-05 14
0.963301 0.575136 2
0.914872 0.052727 5
0.901322 0.0102587 7
0.910734 0.0501834 5
0.984843 1 1
0.868353 2.32026e-05 14
0.922623 0.115496 4
0.901322 0.0102586 7
0.948157 0.52001 2
0.912375 0.0511459 5
0.945182 0.279904 3
0.86 1.62148e-06 17
0.887358 0.00179342 9
0.845724 1.28071e-09 25
0.834635 4.81914e-12 0
0.922446 0.115283 4
0.87896 0.000321503 11
0.887522 0.0017985 9
0.900146 0.0100731 7
0.943196 0.273766 3
0.899221 0.00225936 9
0.901234 0.00490724 8
0.942637 0.272126 3
0.99222 1 1
0.939622 0.144689 4
0.922563 0.0586823 5
0.884198 0.000165115 12
0.907084 0.011303 7
0.861464 6.36133e-08 21
0.850233 1.2323e-10 28
0.918311 0.0278784 6
0.892401 0.000922312 10
0.927894 0.064067 5
0.942278 0.271091 3
0.934357 0.133394 4
0.958348 0.553364 2
0.889745 0.018993 6
0.914626 0.107145 4
0.873219 0.00144625 9
0.935084 0.492185 2
0.888012 0.0186809 6
0.984157 1 1
0.96757 1 1
0.97724 1 1
0.966122 1 1
0.918855 0.226564 3
0.970962 1 1
0.920077 0.228098 3
0.911939 0.10482 4
0.903796 0.0466748 5
0.958813 0.338876 3
0.875219 2.55817e-06 17
0.983922 0.733661 2
0.925215 0.0612091 5
0.958168 0.335253 3
0.887513 8.38041e-05 13
0.934188 0.133071 4
0.939021 0.143268 4
0.900916 0.00234701 9
0.891235 0.000198698 12
0.905599 0.00536179 8
0.919269 0.0283842 6
0.998002 1 1
0.983583 0.729788 2
0.906374 0.00545199 8
0.971362 0.621529 2
0.890178 0.000878808 10
0.927287 0.121634 4
0.883408 0.00016197 12
0.945581 0.281196 3
0.89108 0.000895964 10
0.992387 1 1
0.974597 0.644992 2
0.963568 0.576441 2
0.952942 0.309309 3
0.921061 0.0573704 5
0.968433 0.602859 2
0.933125 0.131093 4
0.924629 0.0606265 5
0.908157 0.0115262 7
0.907211 0.101182 4
0.919559 0.227441 3
0.942809 0.507045 2
0.971416 1 1
0.951998 0.531061 2
0.940473 0.502124 2
0.895489 0.0201459 6
0.921361 0.229776 3
0.875499 0.00149246 9
0.863962 0.000108475 12
0.93797 0.49728 2
0.908273 0.101954 4
0.928584 0.240672 3
0.941308 0.503837 2
0.954077 0.537761 2
0.944414 0.27747 3
0.927813 0.122399 4
0.945605 0.281275 3
0.924141 0.0601522 5
0.981291 1 1
0.935769 0.136182 4
0.941448 0.268754 3
0.971866 0.624975 2
0.924365 0.0603681 5
0.912165 0.0250832 6
0.961327 0.56593 2
0.958787 0.555123 2
0.939735 0.26417 3
0.942293 0.271133 3
0.955447 0.542482 2
0.940436 0.50205 2
0.913466 0.106115 4
0.9666 1 1
0.947124 0.517303 2
0.985932 1 1
0.927854 0.239445 3
0.927488 0.23884 3
0.951317 0.528983 2
0.903522 0.0465519 5
0.891845 0.0193921 6
0.942867 0.507172 2
0.934302 0.490887 2
0.955494 0.542647 2
0.963625 1 1
0.947312 0.517788 2
0.947968 0.519508 2
0.917519 0.109897 4
0.959915 0.559786 2
0.934507 0.251927 3
0.99527 1 1
0.928785 0.241016 3
0.938398 0.2608 3
0.964311 0.58014 2
0.915803 0.108232 4
0.903897 0.0467198 5
0.949418 0.523461 2
0.94729 0.51773 2
0.952496 0.532617 2
0.956594 0.546634 2
0.948802 0.521757 2
0.91936 0.227191 3
0.953753 0.53668 2
0.913683 0.106305 4
0.903866 0.046706 5
0.948086 0.51982 2
0.951407 0.529255 2
0.926233 0.236827 3
0.955544 0.542827 2
0.924686 0.234462 3
0.9133 0.105971 4
0.984733 1 1
0.959638 0.558622 2
0.907919 0.101694 4
0.910513 0.103665 4
0.964154 1 1
0.965113 0.58426 2
0.901045 0.00235394 9
0.928694 0.0649872 5
0.889102 0.000187338 12
0.952103 0.305653 3
0.901655 0.0023873 9
0.980422 0.696217 2
0.98517 1 1
0.961921 0.568623 2
0.949819 0.296326 3
0.932206 0.0694318 5
0.978981 0.682339 2
0.932194 0.0694155 5
0.925762 0.0617665 5
0.918616 0.028037 6
0.881107 0.000153379 12
0.995583 1 1
0.884708 0.00036229 11
0.894388 0.00204214 9
0.915513 0.0265161 6
0.973845 0.639245 2
0.886904 0.000380528 11
0.915049 0.0263053 6
0.889246 0.000861739 10
0.879347 6.71603e-05 13
0.967869 0.599513 2
0.920153 0.0566157 5
0.876168 2.81463e-05 14
0.88192 0.00015632 12
0.963469 0.575953 2
0.925886 0.0325357 6
0.876479 2.54483e-07 20
0.882015 3.26169e-06 17
0.84381 7.31814e-12 0
0.903398 0.00121478 10
0.869502 1.75173e-08 23
0.95156 0.182344 4
0.936363 0.0756877 5
0.985955 0.758115 2
0.996843 1 1
0.899833 0.00053347 11
0.949412 0.173999 4
0.887561 1.84087e-05 15
0.879426 1.36284e-06 18
0.882053 3.26643e-06 17
0.937095 0.495683 2
0.893031 0.0196284 6
0.983926 1 1
0.954381 0.538787 2
0.96734 1 1
0.909062 0.102543 4
0.917871 0.110251 4
0.934793 0.252535 3
0.889469 0.0087027 7
0.878518 0.00155854 9
0.920541 0.228697 3
0.916104 0.108517 4
0.968639 1 1
0.982539 1 1
0.927121 0.238242 3
0.904444 0.0224252 6
0.886209 0.00175871 9
0.952848 0.533735 2
0.983213 1 1
0.938511 0.261078 3
0.906326 0.0478594 5
0.886225 0.00175917 9
0.90531 0.0226859 6
0.860218 3.71951e-06 16
0.849326 4.24471e-08 21
0.906439 0.0479146 5
0.888647 0.00396735 8
0.938696 0.261536 3
0.953528 0.535938 2
0.919903 0.112384 4
0.872094 0.000634158 10
0.966557 1 1
0.889373 0.00869246 7
0.915558 0.108002 4
0.913726 0.106343 4
0.984625 1 1
0.871522 0.000280026 11
0.900827 0.0454016 5
0.866241 0.000113036 12
0.85561 3.32723e-06 16
0.951248 0.528776 2
0.899448 0.0210689 6
0.877964 0.00154596 9
0.887126 0.00846147 7
0.966358 1 1
0.9175 0.00718 8
0.941199 0.148599 4
0.936799 0.0764143 5
0.943038 0.153509 4
0.963186 0.366278 3
0.957762 0.333026 3
0.911936 0.00312311 9
0.941496 0.149365 4
0.897019 0.000236212 12
0.885199 7.90669e-06 16
0.965849 0.38569 3
0.931969 0.0691092 5
0.925616 0.0323408 6
0.934139 0.0721933 5
0.977348 0.667618 2
0.878522 0.000703975 10
0.902116 0.0217637 6
0.919522 0.111971 4
0.975737 1 1
0.920276 0.112791 4
0.924722 0.118123 4
0.865503 2.17444e-05 14
0.889995 0.00404831 8
0.845699 6.96593e-09 23
0.834549 1.13946e-11 30
0.91152 0.0506375 5
0.877572 0.00069272 10
0.905131 0.0472874 5
0.91914 0.111564 4
0.930626 0.244281 3
0.882302 0.00363121 8
0.904386 0.0469423 5
0.923059 0.232105 3
0.978293 1 1
0.924332 0.233939 3
0.926968 0.237996 3
0.869318 0.000269588 11
0.893909 0.0198088 6
0.849395 1.24048e-06 17
0.838199 5.45796e-09 23
0.914825 0.107326 4
0.881354 0.00358644 8
0.908605 0.1022 4
0.922587 0.231444 3
0.933735 0.250317 3
0.973975 0.640227 2
0.887605 1.84376e-05 15
0.9283 0.0343945 6
0.883227 7.35849e-06 16
0.945032 0.159305 4
0.888897 4.10242e-05 14
0.994821 1 1
0.972426 0.628895 2
0.961691 0.356322 3
0.951588 0.303471 3
0.918591 0.0143423 7
0.965189 0.380664 3
0.934725 0.073079 5
0.925723 0.0324172 6
0.906132 0.00131494 10
0.913717 0.106335 4
0.941267 0.268255 3
0.895682 0.00943785 7
0.879477 0.00071566 10
0.928938 0.241279 3
0.930568 0.244174 3
0.928406 0.24037 3
0.949827 0.524616 2
0.939477 0.263506 3
0.929725 0.242657 3
0.959983 0.560073 2
0.965379 0.585659 2
0.892795 0.0090773 7
0.892514 0.00904405 7
0.938866 0.26196 3
0.8933 0.00913788 7
0.982287 1 1
0.894771 0.00932021 7
0.899246 0.021019 6
0.926825 0.237765 3
0.971299 1 1
0.899314 0.0210357 6
0.927868 0.239467 3
0.9007 0.021387 6
0.890363 0.00879955 7
0.980575 1 1
0.932754 0.248337 3
0.886835 0.00386417 8
0.891859 0.00896775 7
0.969772 1 1
0.882334 7.25428e-05 13
0.995073 1 1
0.887237 0.000383449 11
0.897865 0.00219382 9
0.917737 0.0275853 6
0.977695 0.670659 2
0.88739 0.000384798 11
0.915912 0.0267002 6
0.888606 0.000395883 11
0.878519 2.99815e-05 14
0.969501 0.6094 2
0.920135 0.0566013 5
0.87842 2.99002e-05 14
0.884474 0.000166243 12
0.966912 0.594022 2
0.923835 0.116988 4
0.944591 0.511086 2
0.910955 0.0503098 5
0.895168 0.00937099 7
0.945127 0.512355 2
0.939676 0.264017 3
0.934155 0.251187 3
0.961115 0.564988 2
0.936039 0.255264 3
0.924731 0.118135 4
0.972299 1 1
0.970047 0.612864 2
0.907016 0.0482003 5
0.907739 0.0485659 5
0.951899 0.530758 2
0.938608 0.261318 3
0.925332 0.118927 4
0.915451 0.0531152 5
0.889285 0.00185507 9
0.947278 0.286939 3
0.921769 0.114484 4
0.952652 0.533111 2
0.975062 1 1
0.954202 0.53818 2
0.942106 0.2706 3
0.954155 0.538023 2
0.990216 1 1
0.914502 0.0524831 5
0.91225 0.0510707 5
0.936027 0.255238 3
0.89994 0.00110611 10
0.951492 0.30307 3
0.920685 0.0291715 6
0.940065 0.14576 4
0.94461 0.158034 4
0.972816 0.631681 2
0.895736 0.000474578 11
0.925444 0.0322174 6
0.884034 3.51505e-05 14
0.872537 4.78004e-07 19
0.964079 0.578969 2
0.918886 0.0281795 6
0.908835 0.00576014 8
0.918328 0.027887 6
0.985121 0.74783 2
0.976363 0.659211 2
0.886135 0.000809184 10
0.969801 0.611292 2
0.916517 0.0538534 5
0.968487 0.603182 2
0.895505 0.00442322 8
0.953853 0.537011 2
0.959032 0.556118 2
0.920676 0.0570469 5
0.910471 0.0244298 6
0.918118 0.0550211 5
0.93913 0.262624 3
0.976286 0.658565 2
0.96736 0.596567 2
0.9148 0.0526791 5
0.859043 4.96076e-09 24
0.976239 0.658173 2
0.862004 2.86796e-08 22
0.875356 5.65842e-06 16
0.891803 0.000428005 11
0.955595 0.321761 3
0.86625 1.70399e-07 20
0.892756 0.000929653 10
0.872286 2.32308e-06 17
0.863531 6.85964e-08 21
0.942986 0.273146 3
0.899894 0.00229334 9
0.853501 3.28305e-10 27
0.859327 1.14027e-08 23
0.940108 0.145864 4
0.91652 0.108915 4
0.936385 0.256046 3
0.896212 0.0203059 6
0.877755 0.00154127 9
0.929073 0.241513 3
0.926231 0.236824 3
0.932228 0.247305 3
0.952147 0.531525 2
0.944393 0.510625 2
0.93463 0.252188 3
0.956225 0.54528 2
0.969036 1 1
0.893967 0.0198211 6
0.893044 0.00910711 7
0.935277 0.25358 3
0.966003 0.589002 2
0.881441 0.000154577 12
0.918198 0.0550814 5
0.873042 2.59776e-05 14
0.934224 0.13314 4
0.881201 0.000153717 12
0.992413 1 1
0.963126 0.574289 2
0.969335 0.608367 2
0.960808 0.563631 2
0.911297 0.024743 6
0.961144 0.565117 2
0.925377 0.118987 4
0.915752 0.0533203 5
0.89771 0.00459651 8
0.898107 0.0002446 12
0.967736 0.598736 2
0.891572 4.49488e-05 14
0.887985 1.86899e-05 15
0.924971 0.0318842 6
0.953536 0.311975 3
0.907925 0.00279165 9
0.934215 0.0723069 5
0.914085 0.00654819 8
0.904274 0.00124538 10
0.974421 0.643633 2
0.943599 0.15509 4
0.885567 8.01573e-06 16
0.888511 1.90475e-05 15
0.955794 0.322755 3
0.978307 1 1
0.89503 0.00438779 8
0.940483 0.266135 3
0.896181 0.0044748 8
0.958831 0.555298 2
0.898471 0.00465994 8
0.980864 1 1
0.981601 1 1
0.950617 0.5269 2
0.939543 0.263675 3
0.927201 0.121512 4
0.96613 0.58969 2
0.945293 0.280262 3
0.937685 0.259073 3
0.916601 0.0539129 5
0.95596 0.544315 2
0.918466 0.110859 4
0.944735 0.511424 2
0.913837 0.0520536 5
0.977127 1 1
0.923815 0.116963 4
0.95524 0.541752 2
0.985654 1 1
0.936335 0.255933 3
0.924064 0.117277 4
0.951964 0.530956 2
0.96863 0.60404 2
0.942411 0.271472 3
0.941413 0.268657 3
0.942695 0.506796 2
0.970967 1 1
0.870996 0.00012369 12
0.969351 1 1
0.911634 0.050704 5
0.953164 0.534752 2
0.881167 0.00162182 9
0.94488 0.511766 2
0.943092 0.507669 2
0.910239 0.0499043 5
0.901256 0.0215326 6
0.902235 0.0217961 6
0.924079 0.233567 3
0.98343 1 1
0.968598 1 1
0.900142 0.0212436 6
0.888677 0.0086192 7
0.950497 0.526549 2
0.874579 0.000659482 10
0.866678 0.000113948 12
0.907569 0.0484795 5
0.931969 0.246804 3
0.903145 0.0463851 5
0.92409 0.233584 3
0.917964 0.110345 4
0.910279 0.10348 4
0.951155 0.528495 2
0.938914 0.499058 2
0.870363 0.000274449 11
0.871508 0.000279959 11
0.93243 0.247699 3
0.984116 1 1
0.891128 0.000420839 11
0.94434 0.277242 3
0.897633 0.00104302 10
0.959163 0.340886 3
0.895505 0.000990482 10
0.979219 0.684574 2
0.976576 0.661001 2
0.946224 0.283327 3
0.935669 0.135979 4
0.923395 0.0594448 5
0.960208 0.561033 2
0.950176 0.297728 3
0.941674 0.149828 4
0.913918 0.012917 7
0.989426 1 1
0.872899 5.76151e-05 13
0.953273 0.535106 2
0.898371 0.00980805 7
0.95026 0.525862 2
0.880054 0.000328584 11
0.962873 0.573077 2
0.953184 0.534818 2
0.927254 0.121586 4
0.918733 0.0554893 5
0.904753 0.0225174 6
0.936172 0.255564 3
0.964854 0.582917 2
0.951701 0.530147 2
0.898865 0.00988 7
0.877871 0.00154387 9
0.952315 0.532049 2
0.9008 0.0453905 5
0.931976 0.246818 3
0.921672 0.230193 3
0.97551 1 1
0.874179 0.000655273 10
0.903392 0.0464944 5
0.864747 4.84685e-05 13
0.853705 3.18265e-06 16
0.948009 0.519616 2
0.89871 0.0208877 6
0.888396 0.00859012 7
0.898795 0.0209085 6
0.968097 1 1
0.888565 0.00396257 8
0.979159 1 1
0.899243 0.0210183 6
0.913654 0.0519374 5
0.928036 0.239747 3
0.992032 1 1
0.890263 0.00406486 8
0.919972 0.112458 4
0.886522 0.00176804 9
0.875729 0.000302163 11
0.97329 1 1
0.920176 0.112681 4
0.889251 0.00400315 8
0.896604 0.00956077 7
0.981896 1 1
33 0 1 3 5 6 7 8 9 10 11 12 13 16 17 18 19 20 21 22 23 24 25 26 28 29 30 31 32 33 35 36 38 39 
7 12 13 21 28 29 31 35 
38 0 1 2 3 5 6 7 8 9 10 11 12 13 14 15 16 17 18 19 20 21 22 23 24 25 26 27 28 29 30 31 32 33 35 36 37 38 39 
38 0 1 2 3 4 5 6 7 8 9 10 11 12 14 16 17 18 19 20 21 22 23 24 25 26 27 28 29 30 31 32 33 34 35 36 37 38 39 
27 0 1 3 6 7 9 10 11 12 13 16 17 18 19 21 22 23 24 25 26 28 29 31 33 35 38 39 
13 10 12 13 21 22 23 24 25 28 29 31 35 39 
33 0 1 2 3 5 6 7 8 9 10 11 12 13 16 17 18 19 20 21 22 23 24 25 26 28 29 30 31 32 33 35 38 39 
19 0 3 10 11 12 13 16 21 22 23 24 25 28 29 30 31 35 38 39 
6 13 21 28 29 31 35 
6 13 21 28 29 31 35 
12 10 12 13 21 22 23 24 25 28 29 31 35 
11 12 13 21 22 23 24 25 28 29 31 35 
38 0 1 2 3 4 5 6 7 8 9 10 11 12 13 14 15 16 17 18 19 20 21 22 23 24 25 26 27 28 29 30 31 32 33 35 36 38 39 
37 0 1 2 3 5 6 7 8 9 10 11 12 13 14 15 16 17 18 19 20 21 22 23 24 25 26 27 28 29 30 31 32 33 35 36 38 39 
14 10 12 13 16 21 22 23 24 25 28 29 31 35 39 
