40 15 1e+07
1.1362 132512
1.89997 129463
2.50524 105587
1.8385 142840
1.36239 116008
2.27116 145135
2.58978 150357
1.81217 122012
1.45619 144053
2.86007 109352
1.66194 191768
1.7794 109477
2.5926 161526
2.28726 121903
2.94152 106586
2.80811 129809
1.95262 154970
1.83439 180138
1.60565 107565
1.50025 158665
2.17654 175862
2.46448 191283
1.17042 118542
1.46341 116357
1.60848 175512
2.75573 187660
2.32989 133497
1.00965 104419
2.75029 178146
2.47621 170199
2.84146 179951
2.0173 113597
1.08307 184910
2.68751 121528
1.10505 172606
2.11935 131382
1.51334 164531
2.22788 162577
1.12657 136029
2.35037 190669
0.901144 0.00489879 8
0.919921 0.0564274 5
0.895613 0.00209307 9
0.890106 0.000877462 10
0.896851 0.00214726 9
0.892158 0.000917345 10
0.909408 0.0117994 7
0.867331 8.88851e-07 18
0.894283 0.00203792 9
0.893855 0.000953084 10
0.901348 0.0049181 8
0.881338 7.06692e-05 13
0.959513 0.558098 2
0.923801 0.0598267 5
0.889376 0.000403209 11
0.919352 0.0559727 5
0.874637 5.99483e-05 13
0.915377 0.0530653 5
0.889982 0.00187845 9
0.931801 0.128748 4
0.909512 0.0240789 6
0.955954 0.544293 2
0.888375 0.00182541 9
0.971454 0.622152 2
0.901225 0.0102431 7
0.985142 1 1
0.964814 0.582708 2
0.920809 0.0571588 5
0.929102 0.124341 4
0.926678 0.120769 4
0.995734 1 1
0.919491 0.111938 4
0.995174 1 1
0.96461 0.581662 2
0.983662 1 1
0.988799 1 1
0.961941 0.568717 2
0.962605 0.571807 2
0.894758 0.00931857 7
0.97789 1 1
0.925319 0.118909 4
0.917058 0.10944 4
0.934141 0.251157 3
0.972205 1 1
0.981205 1 1
0.983849 0.732825 2
0.938423 0.0792612 5
0.980655 0.698536 2
0.975092 0.648873 2
0.965572 0.383566 3
0.980202 0.694036 2
0.950671 0.17879 4
0.954742 0.317602 3
0.886081 8.172e-06 16
0.983946 0.733941 2
0.914661 0.00664741 8
0.903379 0.00121416 10
0.946247 0.163095 4
0.978848 0.681108 2
0.961538 0.355341 3
0.890383 0.00880174 7
0.85794 3.51745e-06 16
0.886029 0.00382029 8
0.863374 2.07488e-05 14
0.900728 0.0213943 6
0.880397 0.00160288 9
0.924274 0.117545 4
0.858734 3.58603e-06 16
0.974649 1 1
0.873538 0.000290248 11
0.953118 0.534602 2
0.93954 0.263667 3
0.906593 0.0479902 5
0.90357 0.0221703 6
0.895294 0.00938728 7
0.984403 1 1
0.918474 0.055291 5
0.990294 1 1
0.972796 0.631539 2
0.972446 0.629038 2
0.995445 1 1
0.948855 0.292649 3
0.975943 0.655734 2
0.882731 0.000159354 12
0.984809 1 1
0.913199 0.0255047 6
0.906612 0.0112081 7
0.924711 0.0607071 5
0.960986 0.564416 2
0.974004 0.640445 2
0.969558 0.609761 2
0.911863 0.0249634 6
0.964831 0.582797 2
0.938727 0.142585 4
0.977611 0.669918 2
0.958721 0.554857 2
0.987898 1 1
0.934031 0.132774 4
0.921463 0.0577143 5
0.950657 0.299647 3
0.951486 0.303045 3
0.938345 0.141712 4
0.945502 0.28094 3
0.975545 0.652492 2
0.969701 0.610661 2
0.933252 0.0708963 5
0.875222 2.41364e-07 20
0.93058 0.0363569 6
0.902204 0.000573561 11
0.949441 0.174108 4
0.924818 0.031778 6
0.96996 0.612306 2
0.906881 0.00134491 10
0.953784 0.313109 3
0.914437 0.00660846 8
0.986392 0.763664 2
0.978704 0.679773 2
0.915015 0.00670989 8
0.935407 0.074142 5
0.946254 0.16312 4
0.949595 0.523959 2
0.933096 0.488948 2
0.943687 0.509004 2
0.931612 0.246122 3
0.945652 0.51362 2
0.939428 0.500052 2
0.955032 0.541023 2
0.91287 0.105602 4
0.911503 0.104461 4
0.938715 0.498679 2
0.932595 0.488165 2
0.91408 0.106655 4
0.980181 1 1
0.973189 1 1
0.937816 0.496997 2
0.963481 0.36832 3
0.949518 0.174394 4
0.963349 0.367401 3
0.987643 0.780106 2
0.944896 0.158893 4
0.966873 0.393771 3
0.92846 0.0345253 6
0.953321 0.311003 3
0.865637 2.94723e-09 25
0.979619 0.688381 2
0.8933 0.000100271 13
0.882445 3.31546e-06 17
0.936408 0.0757622 5
0.958291 0.335936 3
0.942732 0.152666 4
0.941794 0.504858 2
0.906704 0.100823 4
0.936457 0.494549 2
0.915501 0.107949 4
0.947385 0.517977 2
0.930835 0.244666 3
0.968221 1 1
0.905659 0.100098 4
0.937966 0.497274 2
0.925477 0.235657 3
0.958824 0.555273 2
0.938554 0.498374 2
0.954178 0.538101 2
0.958738 0.554925 2
0.939927 0.501032 2
0.978412 0.677091 2
0.937003 0.138754 4
0.978994 0.682459 2
0.98728 1 1
0.959767 0.559164 2
0.982557 1 1
0.941108 0.148365 4
0.963609 0.57664 2
0.876113 1.27508e-05 15
0.994401 1 1
0.905068 0.00530188 8
0.895362 0.000987127 10
0.935775 0.136192 4
0.966287 0.59055 2
0.958036 0.552133 2
0.877117 2.88644e-05 14
0.881958 0.000156459 12
0.871683 5.06441e-06 16
0.860268 6.0959e-08 21
0.877986 2.95482e-05 14
0.86729 8.87687e-07 18
0.896217 0.00211916 9
0.842765 6.96578e-12 0
0.908049 0.0115033 7
0.86616 8.56443e-07 18
0.902617 0.00504218 8
0.883622 0.000162809 12
0.925717 0.0617198 5
0.898184 0.00220888 9
0.870784 4.93367e-06 16
0.873781 1.19354e-05 15
0.88674 0.000379106 11
0.868339 9.1823e-07 18
0.859561 2.61486e-08 22
0.872839 5.24053e-06 16
0.864335 3.58709e-07 19
0.889356 0.000403016 11
0.839905 6.10134e-12 0
0.895426 0.00208514 9
0.864387 3.59329e-07 19
0.892186 0.000917916 10
0.87298 5.26261e-06 16
0.926444 0.0624795 5
0.895401 0.00208406 9
0.865569 3.73704e-07 19
0.891358 4.46144e-05 14
0.958 0.334329 3
0.887518 1.83803e-05 15
0.899775 0.000532558 11
0.878262 5.98081e-07 19
0.887367 1.82823e-05 15
0.878163 5.95656e-07 19
0.868797 7.63513e-09 24
0.840942 6.39897e-12 0
0.89574 0.00022695 12
0.856209 1.37379e-11 0
0.838751 5.78917e-12 0
0.935669 0.0745576 5
0.907844 0.00278559 9
0.872443 9.76229e-08 21
0.965748 1 1
0.894973 0.0200342 6
0.970792 1 1
0.949623 0.524039 2
0.970036 1 1
0.971033 1 1
0.946879 0.516676 2
0.973909 1 1
0.885532 0.00379376 8
0.959818 0.559379 2
0.91642 0.108819 4
0.915365 0.107822 4
0.905912 0.0476588 5
0.942996 0.507458 2
0.977692 1 1
0.901828 0.0216856 6
0.972777 1 1
0.89834 0.0098035 7
0.912812 0.051412 5
0.887553 0.00179948 9
0.898689 0.00985416 7
0.885114 0.00172691 9
0.881092 0.000736306 10
0.842812 4.91036e-10 26
0.907858 0.0235039 6
0.860434 1.64053e-06 17
0.843656 5.07089e-10 26
0.939639 0.263923 3
0.916603 0.0539142 5
0.882109 0.000749934 10
0.950689 0.178861 4
0.882018 3.26204e-06 17
0.949916 0.175886 4
0.920069 0.014862 7
0.96936 0.608522 2
0.944772 0.158519 4
0.974493 0.644184 2
0.930809 0.0365671 6
0.927177 0.0335033 6
0.932728 0.0701536 5
0.958824 0.338941 3
0.958996 0.339921 3
0.912768 0.00633156 8
0.943297 0.154234 4
0.969485 0.609302 2
0.903078 0.0220302 6
0.878242 0.000317006 11
0.898087 0.00976716 7
0.878014 0.000315602 11
0.910339 0.0499602 5
0.892601 0.0042162 8
0.933251 0.249331 3
0.868907 2.35049e-05 14
0.955909 0.544133 2
0.887331 0.0017926 9
0.950541 0.526677 2
0.931473 0.245859 3
0.928365 0.123219 4
0.919741 0.112207 4
0.903804 0.0222378 6
0.88106 3.14663e-06 17
0.880358 1.41378e-06 18
0.875655 2.45773e-07 20
0.862528 5.02819e-10 27
0.883109 3.40124e-06 17
0.87102 4.15445e-08 22
0.902369 0.00118051 10
0.846492 8.3254e-12 0
0.917307 0.0139192 7
0.869111 1.72092e-08 23
0.910908 0.00303166 9
0.892003 9.61467e-05 13
0.926394 0.0329092 6
0.901628 0.000563358 11
0.875975 2.49104e-07 20
0.894246 0.000961711 10
0.864727 1.61367e-07 20
0.889646 0.000405838 11
0.867899 9.0525e-07 18
0.903523 0.00513497 8
0.884051 0.000164523 12
0.927028 0.063107 5
0.861598 6.39207e-08 21
0.967881 0.599586 2
0.877761 2.93693e-05 14
0.952254 0.306303 3
0.936304 0.13728 4
0.913947 0.0258213 6
0.908749 0.0116536 7
0.897665 0.00218449 9
0.865785 2.96801e-09 25
0.878067 5.93301e-07 19
0.860394 8.85797e-11 29
0.851178 1.05243e-11 0
0.865407 2.91515e-09 25
0.856329 1.38277e-11 0
0.88246 3.31746e-06 17
0.832104 4.31728e-12 0
0.893101 9.96213e-05 13
0.856129 1.36778e-11 0
0.887438 1.83286e-05 15
0.868709 1.69003e-08 23
0.917308 0.0139196 7
0.887079 1.80973e-05 15
0.858231 3.48492e-11 30
0.959299 0.341674 3
0.894568 0.000968912 10
0.956757 0.327674 3
0.927378 0.0634908 5
0.97607 0.656779 2
0.950842 0.300395 3
0.990642 1 1
0.931346 0.0682774 5
0.929385 0.0658079 5
0.940033 0.145682 4
0.961816 0.568146 2
0.953804 0.313204 3
0.927849 0.0640169 5
0.957179 0.32989 3
0.971832 0.62474 2
0.893244 0.00199685 9
0.843792 7.31173e-12 0
0.890404 0.000883037 10
0.863651 3.50768e-07 19
0.908312 0.0236579 6
0.884841 0.000363342 11
0.929276 0.124611 4
0.867886 2.02695e-06 17
0.983115 1 1
0.875211 2.74519e-05 14
0.966117 0.589619 2
0.970041 0.612823 2
0.887904 0.00083827 10
0.898536 0.00466541 8
0.905378 0.0109681 7
0.923482 0.116546 4
0.861427 7.41592e-07 18
0.921951 0.0581384 5
0.893051 0.00198943 9
0.941113 0.267833 3
0.916669 0.0539609 5
0.956159 0.545038 2
0.902785 0.0105017 7
0.949469 0.294976 3
0.905357 0.0227003 6
0.973809 0.63898 2
0.987928 1 1
0.89871 0.00468023 8
0.921503 0.0577483 5
0.940204 0.265394 3
0.969335 1 1
0.951596 0.529828 2
0.965175 1 1
0.966797 1 1
0.953444 0.535664 2
0.964358 1 1
0.944631 0.51118 2
0.940248 0.501672 2
0.884561 0.00821587 7
0.970297 1 1
0.910923 0.103991 4
0.897193 0.0439924 5
0.959275 0.557113 2
0.979638 1 1
0.948077 0.519798 2
0.893964 0.000452532 11
0.865044 1.44e-08 23
0.889334 8.84786e-05 13
0.867755 3.61155e-08 22
0.90308 0.00246903 9
0.883752 1.61511e-05 15
0.926542 0.062584 5
0.861215 2.40312e-09 25
0.966729 0.592994 2
0.877557 2.77217e-06 17
0.951343 0.302452 3
0.935265 0.0739171 5
0.914321 0.0130283 7
0.908658 0.00573671 8
0.897176 0.000493927 11
0.910464 0.0500306 5
0.853605 2.58204e-07 19
0.9083 0.0488561 5
0.880179 0.000724493 10
0.927076 0.121332 4
0.902843 0.0219644 6
0.94559 0.513468 2
0.887537 0.00390343 8
0.964756 0.582409 2
0.892223 0.00419086 8
0.977013 1 1
0.994095 1 1
0.894342 0.00926601 7
0.911923 0.0508749 5
0.925166 0.118707 4
0.944995 0.512038 2
0.928666 0.240812 3
0.939109 0.262572 3
0.926032 0.119873 4
0.942553 0.271882 3
0.934633 0.252194 3
0.9544 0.538851 2
0.908182 0.0487947 5
0.915584 0.108026 4
0.933371 0.249574 3
0.935221 0.253459 3
0.916028 0.108445 4
0.978432 1 1
0.968066 0.600674 2
0.934675 0.252283 3
0.870119 0.0002733 11
0.886598 0.00840938 7
0.864704 0.000109926 12
0.85703 7.90481e-06 15
0.868528 0.000266014 11
0.860872 4.49337e-05 13
0.884388 0.0037343 8
0.8366 2.18989e-09 24
0.889151 0.00866899 7
0.86139 4.53822e-05 13
0.886247 0.00837525 7
0.867093 0.000259739 11
0.923946 0.233375 3
0.891806 0.0193844 6
0.861272 4.52791e-05 13
0.877377 2.90663e-05 14
0.883793 0.000163488 12
0.87193 5.1012e-06 16
0.861049 6.26754e-08 21
0.877837 2.94291e-05 14
0.867613 8.96933e-07 18
0.895696 0.00209664 9
0.843064 7.06444e-12 0
0.905847 0.0110579 7
0.866733 8.72088e-07 18
0.901142 0.00489859 8
0.882035 0.000156746 12
0.926954 0.121158 4
0.898614 0.00467208 8
0.870604 4.90812e-06 16
0.950085 0.297369 3
0.963444 0.57583 2
0.945442 0.280742 3
0.949136 0.293705 3
0.93675 0.138216 4
0.944177 0.276734 3
0.934144 0.132987 4
0.920685 0.0291711 6
0.882297 3.33744e-05 14
0.950249 0.298015 3
0.905042 0.0052989 8
0.88887 0.000186174 12
0.974578 0.644845 2
0.967933 0.599889 2
0.930493 0.0671772 5
0.898913 0.0209371 6
0.902403 0.0460625 5
0.893321 0.00914039 7
0.882368 0.00165233 9
0.898547 0.0208482 6
0.888995 0.00865249 7
0.915471 0.107921 4
0.863836 4.75974e-05 13
0.913126 0.105821 4
0.888248 0.00857479 7
0.915403 0.107858 4
0.895217 0.0200867 6
0.94925 0.522992 2
0.920834 0.113413 4
0.891073 0.00887842 7
0.922177 0.23088 3
0.864 4.77531e-05 13
0.919905 0.112386 4
0.891494 0.008926 7
0.938865 0.498965 2
0.914338 0.106886 4
0.957702 0.550831 2
0.898166 0.0207571 6
0.959238 0.556963 2
0.903677 0.0466213 5
0.984263 1 1
0.991409 1 1
0.903974 0.0467547 5
0.923408 0.232601 3
0.936622 0.256586 3
0.894568 0.000218973 12
0.953973 0.313981 3
0.890279 9.10734e-05 13
0.899327 0.000525537 11
0.882706 7.2231e-06 16
0.889482 8.88756e-05 13
0.884783 1.67178e-05 15
0.869193 3.83796e-08 22
0.850621 1.02288e-11 0
0.896792 0.000488637 11
0.864686 6.31912e-09 24
0.846627 8.38016e-12 0
0.944279 0.157057 4
0.912886 0.0063504 8
0.876444 1.21661e-06 18
0.907007 0.0232219 6
0.891467 0.00193047 9
0.901617 0.0103066 7
0.884707 0.000787144 10
0.911118 0.0246742 6
0.896473 0.00449744 8
0.931978 0.129055 4
0.871659 2.51045e-05 14
0.939043 0.262403 3
0.892907 0.0019839 9
0.939736 0.264174 3
0.919431 0.056035 5
0.942198 0.270862 3
0.926449 0.120449 4
0.903954 0.0107061 7
0.928883 0.124005 4
0.99068 1 1
0.925537 0.119201 4
0.940083 0.265077 3
0.913448 0.0518075 5
0.926083 0.119942 4
0.908273 0.0236447 6
0.907703 0.0234518 6
0.858432 2.97712e-07 19
0.935556 0.25419 3
0.879742 0.000326532 11
0.863955 1.80802e-06 17
0.954821 0.540292 2
0.941948 0.270153 3
0.908251 0.023637 6
0.976806 1 1
0.917631 0.110008 4
0.982403 1 1
0.975764 1 1
0.965021 0.583784 2
0.988303 1 1
0.941289 0.503798 2
0.982668 1 1
0.875779 0.000672422 10
0.984516 1 1
0.906093 0.0477463 5
0.900147 0.021245 6
0.919395 0.111836 4
0.954403 0.538862 2
0.967506 0.597404 2
0.95097 0.300914 3
0.901854 0.00239842 9
0.946339 0.283715 3
0.921258 0.0295041 6
0.960795 0.563576 2
0.940332 0.146416 4
0.984501 1 1
0.916577 0.0270149 6
0.938469 0.141993 4
0.932649 0.130235 4
0.966668 0.592656 2
0.949199 0.293944 3
0.943689 0.275243 3
0.961478 0.566608 2
0.953895 0.313622 3
0.879726 0.00158673 9
0.869362 0.000119838 12
0.87453 0.000658959 10
0.858246 3.54366e-06 16
0.884406 0.00373523 8
0.869497 0.000120149 12
0.905619 0.0475184 5
0.845523 3.77946e-08 21
0.932355 0.247553 3
0.866026 4.97367e-05 13
0.920718 0.113284 4
0.903044 0.0463407 5
0.917376 0.109754 4
0.898589 0.0208584 6
0.877642 0.000693542 10
34 0 1 3 4 6 7 8 10 12 13 14 16 17 18 19 20 21 22 23 24 25 26 27 28 29 30 31 32 33 34 35 36 38 39 
34 0 1 2 3 4 6 7 8 10 12 13 14 16 17 18 19 20 21 22 24 25 26 27 28 29 30 31 32 33 34 35 36 38 39 
31 0 1 2 3 4 6 8 9 10 11 12 13 14 16 18 19 20 21 23 25 26 28 29 30 31 32 34 35 36 38 39 
39 0 1 2 3 4 5 6 7 8 9 10 11 12 13 14 15 16 17 18 19 20 22 23 24 25 26 27 28 29 30 31 32 33 34 35 36 37 38 39 
33 0 1 4 6 7 8 10 12 13 14 16 17 18 19 20 21 22 23 24 25 26 27 28 29 30 31 32 33 34 35 36 38 39 
36 0 1 2 3 4 6 7 8 9 10 11 12 13 14 16 17 18 19 20 22 23 24 25 26 27 28 29 30 31 32 33 34 35 36 38 39 
27 0 1 4 6 8 10 12 13 14 16 18 19 20 21 23 25 26 28 29 30 31 32 34 35 36 38 39 
35 0 1 2 3 4 5 6 7 8 9 10 11 14 15 16 17 18 20 22 23 24 25 26 27 28 29 31 32 33 34 35 36 37 38 39 
22 0 1 4 8 10 12 13 16 18 19 20 21 25 26 28 29 30 31 32 35 36 39 
36 0 1 2 3 4 6 7 8 9 10 11 12 13 14 16 17 18 19 20 22 23 24 25 26 27 28 29 30 31 32 33 34 35 36 38 39 
22 0 1 4 8 10 12 13 16 18 19 20 21 23 26 28 29 30 32 34 35 36 39 
33 0 1 2 3 4 6 7 8 9 10 11 12 13 16 18 19 20 21 22 23 25 26 27 28 29 30 31 32 33 35 36 38 39 
13 0 12 13 14 16 19 21 29 30 32 34 35 39 
24 0 1 4 8 10 12 13 14 16 18 19 20 21 25 26 28 29 30 31 32 34 35 36 39 
34 0 1 2 3 4 5 6 7 8 9 10 11 12 13 14 16 18 19 20 21 22 25 26 28 29 30 31 32 34 35 36 37 38 39 
