50 15 1e+07
1.97549 183353
2.6791 105785
1.12104 137396
2.4078 125207
1.22355 133638
2.29085 176962
1.49014 163217
1.57184 150558
1.82629 100959
2.83582 111170
1.25319 107863
1.82201 185246
1.54321 117290
2.19408 169088
1.59754 151987
2.30448 192050
2.29205 195170
2.52035 126200
1.8657 175919
1.10774 195290
2.88836 185672
2.50642 181600
2.26499 174885
1.01315 121148
1.00208 113140
1.4311 158458
1.75163 146550
2.72319 106697
2.19638 118888
2.34256 148477
2.57212 174985
2.92604 125015
2.9214 123171
2.40128 133605
1.16607 164424
1.50121 129334
1.82866 126209
1.54156 115038
2.64711 198076
1.54259 138452
2.58757 105955
1.76998 144790
1.14586 168987
2.6917 107517
2.35631 109035
2.86164 172986
2.3264 107426
1.34024 197931
1.43307 165739
1.31924 166397
0.901894 0.0103521 7
0.923115 0.116093 4
0.90393 0.0107016 7
0.946094 0.282892 3
0.893338 0.00200049 9
0.864921 1.8584e-06 17
0.94562 0.281325 3
0.895731 0.00444028 8
0.89014 0.00188387 9
0.895735 0.00444061 8
0.907734 0.0234622 6
0.866791 4.41165e-06 16
0.917648 0.0546705 5
0.908159 0.0236058 6
0.902636 0.0104762 7
0.941266 0.148772 4
0.913562 0.0128205 7
0.886286 0.000173983 12
0.97287 0.632068 2
0.937229 0.139241 4
0.90192 0.0024021 9
0.974698 0.645771 2
0.931758 0.128674 4
0.935117 0.134874 4
0.944067 0.276395 3
0.920562 0.0291012 6
0.903245 0.00510613 8
0.964715 0.582201 2
0.89049 0.000414255 11
0.950002 0.297041 3
0.898984 0.0209545 6
0.955649 0.543199 2
0.927882 0.239491 3
0.935034 0.253054 3
0.895942 0.0202457 6
0.901134 0.0455278 5
0.936021 0.255223 3
0.932779 0.248388 3
0.894494 0.0199319 6
0.92058 0.113129 4
0.949752 0.524406 2
0.903359 0.0464795 5
0.943369 0.508288 2
0.932309 0.247463 3
0.909292 0.0493834 5
0.977343 0.667573 2
0.872216 2.13586e-07 20
0.845247 7.83814e-12 0
0.951464 0.302954 3
0.984313 0.738201 2
0.899128 0.000522464 11
0.952824 0.308785 3
0.917903 0.0141124 7
0.983651 0.73056 2
0.953195 0.310439 3
0.888031 3.98686e-05 14
0.89918 0.000523259 11
0.951301 0.302276 3
0.849111 9.47609e-12 0
0.998281 1 1
0.847791 8.87326e-12 0
0.976363 0.659211 2
0.980034 0.692391 2
0.884045 3.51625e-05 14
0.844827 7.68161e-12 0
0.873125 1.07931e-06 18
0.884647 7.72379e-05 13
0.897995 0.00105247 10
0.843581 7.23905e-12 0
0.873967 2.45359e-06 17
0.938604 0.142302 4
0.87571 2.60105e-06 17
0.893614 0.000448387 11
0.984323 1 1
0.857606 9.01454e-10 26
0.875194 1.16204e-06 18
0.98271 0.720056 2
0.952102 0.305648 3
0.907929 0.00279195 9
0.873908 5.03377e-07 19
0.904116 0.00253192 9
0.908988 0.00578039 8
0.931976 0.0691189 5
0.873147 4.8906e-07 19
0.907722 0.00277655 9
0.968188 0.601396 2
0.906704 0.00270312 9
0.927488 0.0636122 5
0.956276 0.325189 3
0.88774 3.94913e-05 14
0.862834 6.68559e-08 21
0.97508 0.648775 2
0.952256 0.306309 3
0.890576 0.00041513 11
0.863671 1.55503e-07 20
0.915023 0.0262939 6
0.891851 0.000911162 10
0.937229 0.139242 4
0.86368 1.55547e-07 20
0.905108 0.00530632 8
0.983391 1 1
0.91777 0.0276021 6
0.92084 0.0571843 5
0.954831 0.318029 3
0.877879 2.94628e-05 14
0.875272 0.00148772 9
0.978541 1 1
0.952746 0.533411 2
0.911441 0.10441 4
0.872431 0.000637481 10
0.891937 0.0194101 6
0.912232 0.105063 4
0.920721 0.228932 3
0.87115 0.000625015 10
0.90064 0.0453253 5
0.953657 0.536364 2
0.894432 0.0199187 6
0.921769 0.230324 3
0.957336 0.549425 2
0.885627 0.00831572 7
0.8875 0.00849879 7
0.945338 0.512859 2
0.926842 0.237793 3
0.92956 0.242365 3
0.881173 0.00357809 8
0.872477 0.000637929 10
0.929662 0.242544 3
0.903131 0.0463789 5
0.878719 0.00156316 9
0.894648 0.0199645 6
0.92423 0.233789 3
0.874642 0.000660146 10
0.917236 0.109615 4
0.931177 0.245302 3
0.892342 0.00902387 7
0.884936 0.00172186 9
0.915989 0.108407 4
0.902395 0.02184 6
0.928147 0.239932 3
0.875606 0.000301475 11
0.847856 4.05636e-08 21
0.927372 0.238651 3
0.878043 0.000698252 10
0.872222 0.000126724 12
0.876336 0.000305627 11
0.894584 0.00929652 7
0.849794 9.99256e-08 20
0.897895 0.0206927 6
0.906264 0.0478292 5
0.88394 0.00169417 9
0.921199 0.229561 3
0.931835 0.246546 3
0.902838 0.0462506 5
0.946208 0.514988 2
0.921285 0.229675 3
0.922156 0.230851 3
0.947965 0.5195 2
0.954556 0.539382 2
0.920717 0.228927 3
0.95161 0.52987 2
0.945652 0.51362 2
0.923928 0.233348 3
0.975372 1 1
0.906866 0.100937 4
0.936089 0.493904 2
0.874856 5.57128e-06 16
0.933973 0.132665 4
0.922563 0.0586823 5
0.917543 0.027488 6
0.867287 3.96123e-07 19
0.854688 7.93011e-10 26
0.91724 0.0273374 6
0.884593 0.00016673 12
0.864477 1.5995e-07 20
0.87666 1.29548e-05 15
0.907825 0.0114561 7
0.856845 1.98768e-09 25
0.89878 0.00223761 9
0.926411 0.062444 5
0.87729 1.31967e-05 15
0.902974 0.0463102 5
0.901306 0.045599 5
0.883993 0.00816388 7
0.94543 0.513081 2
0.892064 0.0194351 6
0.848339 2.82057e-06 16
0.944165 0.510096 2
0.8783 0.00345046 8
0.888156 0.0187062 6
0.883669 0.00813466 7
0.886488 0.00839862 7
0.849999 2.92609e-06 16
0.903873 0.0989085 4
0.888019 0.0186821 6
0.898596 0.0445187 5
0.915768 0.0533318 5
0.939394 0.263293 3
0.91074 0.050187 5
0.947458 0.287574 3
0.913868 0.0520732 5
0.911808 0.0508069 5
0.948898 0.522019 2
0.944261 0.276996 3
0.912688 0.0513361 5
0.938907 0.262064 3
0.945679 0.281519 3
0.913743 0.0519936 5
0.962518 0.571398 2
0.914967 0.0527902 5
0.927887 0.122508 4
0.897647 0.00970482 7
0.954481 0.539126 2
0.924711 0.118108 4
0.925192 0.118741 4
0.897962 0.00974932 7
0.923726 0.11685 4
0.926676 0.120766 4
0.955484 0.542614 2
0.897643 0.00970428 7
0.934978 0.252932 3
0.968651 0.604169 2
0.926096 0.119961 4
0.9552 0.541612 2
0.928603 0.240705 3
0.912561 0.0512589 5
0.976609 1 1
0.876373 6.24458e-05 13
0.84936 1.46989e-09 25
0.95657 0.546544 2
0.979976 1 1
0.899384 0.0099572 7
0.957997 0.551979 2
0.919659 0.0562166 5
0.978478 1 1
0.953424 0.535597 2
0.891313 0.00192497 9
0.899581 0.00998675 7
0.954209 0.538206 2
0.853266 9.07142e-09 23
0.99341 1 1
0.964114 0.372791 3
0.872107 9.62453e-08 21
0.844897 7.70734e-12 0
0.940135 0.14593 4
0.975888 0.655281 2
0.909914 0.0059065 8
0.941712 0.149928 4
0.925657 0.0323702 6
0.978885 0.681448 2
0.963781 0.370421 3
0.891471 9.4533e-05 13
0.909718 0.0058793 8
0.955301 0.320314 3
0.84862 9.24655e-12 0
0.986897 0.770195 2
0.884281 0.00170354 9
0.923248 0.116257 4
0.898894 0.0209326 6
0.895549 0.00942042 7
0.890395 0.00880305 7
0.968423 1 1
0.897383 0.0205728 6
0.984405 1 1
0.892215 0.00900901 7
0.944691 0.511321 2
0.959773 0.559186 2
0.97122 1 1
0.947431 0.518096 2
0.901373 0.0215637 6
0.904656 0.0470665 5
0.933882 0.250621 3
0.919053 0.111472 4
0.892352 0.00419947 8
0.971539 0.622733 2
0.9287 0.123724 4
0.896805 0.00958807 7
0.972861 0.632007 2
0.927521 0.121973 4
0.926329 0.120282 4
0.935657 0.254413 3
0.922063 0.114829 4
0.89831 0.00979915 7
0.957384 0.549607 2
0.896634 0.00956485 7
0.940792 0.266963 3
0.944611 0.158039 4
0.905762 0.00130056 10
0.879942 1.39074e-06 18
0.986302 0.762509 2
0.937087 0.0769042 5
0.888146 4.00193e-05 14
0.987548 0.778827 2
0.917359 0.0139359 7
0.933927 0.0718778 5
0.931796 0.0688757 5
0.908477 0.00283339 9
0.889404 4.1726e-05 14
0.950509 0.178158 4
0.88419 7.61875e-06 16
0.947074 0.165796 4
0.913857 0.0257826 6
0.912881 0.0253732 6
0.892116 0.000916508 10
0.958579 0.554284 2
0.904335 0.00522125 8
0.865294 1.64651e-07 20
0.957805 0.551228 2
0.895801 0.00210111 9
0.900803 0.00486682 8
0.900796 0.00486615 8
0.90191 0.00497224 8
0.866968 3.91815e-07 19
0.921759 0.0579701 5
0.896357 0.0021253 9
0.912649 0.0252786 6
0.901682 0.0216463 6
0.953863 0.537045 2
0.924435 0.117752 4
0.933336 0.249504 3
0.900349 0.0212965 6
0.913302 0.0517158 5
0.934649 0.252228 3
0.945377 0.512954 2
0.899451 0.0210698 6
0.930799 0.244599 3
0.958348 0.553364 2
0.915546 0.0531802 5
0.953054 0.534398 2
0.928641 0.24077 3
0.914481 0.0524696 5
0.87911 0.000322457 11
0.918567 0.110963 4
0.906644 0.0231044 6
0.922142 0.114923 4
0.870108 2.41817e-05 14
0.846227 1.30498e-09 25
0.921452 0.114117 4
0.876263 0.000137733 12
0.866838 9.94263e-06 15
0.872768 5.74459e-05 13
0.895116 0.00439418 8
0.84823 7.59195e-09 23
0.894463 0.00434631 8
0.910409 0.0499994 5
0.878738 0.000320097 11
0.914898 0.013191 7
0.938268 0.141539 4
0.911222 0.0122224 7
0.952324 0.306605 3
0.910841 0.0060384 8
0.899334 0.00108886 10
0.953355 0.311158 3
0.93135 0.0682832 5
0.908974 0.00577856 8
0.928284 0.0645116 5
0.936957 0.138656 4
0.90125 0.00236502 9
0.951688 0.303893 3
0.915596 0.0133938 7
0.92373 0.0310433 6
0.895298 0.00938779 7
0.955098 0.541255 2
0.929765 0.242727 3
0.933973 0.250808 3
0.891092 0.00411713 8
0.891714 0.0041573 8
0.934672 0.252277 3
0.922986 0.115935 4
0.889285 0.00400523 8
0.911921 0.0508738 5
0.942339 0.271264 3
0.893932 0.00921505 7
0.93475 0.252444 3
0.934271 0.25143 3
0.903771 0.0222284 6
0.907223 0.101191 4
0.901947 0.0458678 5
0.883688 0.00813635 7
0.950005 0.525127 2
0.896344 0.0203355 6
0.85155 3.0298e-06 16
0.948741 0.521589 2
0.88153 0.00359466 8
0.892434 0.0195084 6
0.88765 0.00851396 7
0.888451 0.00859575 7
0.853179 7.27433e-06 15
0.907767 0.101583 4
0.887768 0.0085259 7
0.902953 0.0463012 5
0.856994 3.43838e-06 16
0.974839 1 1
0.96743 0.596969 2
0.894564 0.00929391 7
0.853363 5.91707e-07 18
0.874113 0.000293289 11
0.895086 0.00936041 7
0.900879 0.0214336 6
0.851872 5.68786e-07 18
0.879712 0.0015864 9
0.938258 0.260457 3
0.876643 0.000682053 10
0.900334 0.0212927 6
0.971802 1 1
0.865933 4.96423e-05 13
0.850529 5.49171e-07 18
0.988609 1 1
0.979634 1 1
0.883881 0.00370863 8
0.849042 2.27229e-07 19
0.887537 0.00850256 7
0.884753 0.00375301 8
0.910898 0.103971 4
0.848287 2.22597e-07 19
0.883302 0.0036798 8
0.954275 0.538426 2
0.890194 0.00878097 7
0.901598 0.045721 5
0.983441 1 1
0.862465 4.63343e-05 13
0.864274 0.000109081 12
0.974748 1 1
0.96044 0.562033 2
0.902156 0.045957 5
0.860516 4.46302e-05 13
0.87799 0.00343729 8
0.902695 0.0461886 5
0.905784 0.100183 4
0.858964 4.3344e-05 13
0.88603 0.00835432 7
0.940936 0.503068 2
0.880486 0.00354661 8
0.907104 0.101105 4
0.964967 1 1
0.873112 0.00144416 9
0.881971 0.00361545 8
0.975279 1 1
0.945063 0.512201 2
0.914757 0.107263 4
0.880592 0.00160763 9
0.906563 0.0479756 5
0.915856 0.108281 4
0.93577 0.254664 3
0.879774 0.00158788 9
0.91352 0.106163 4
0.967101 1 1
0.909088 0.0492734 5
0.933946 0.250752 3
0.94929 0.523105 2
0.894479 0.0199286 6
0.914747 0.0261704 6
0.898213 0.00463822 8
0.871371 5.01839e-06 16
0.913401 0.0255893 6
0.923685 0.0597176 5
0.960584 0.562654 2
0.915378 0.0264542 6
0.973289 0.63512 2
0.926417 0.120404 4
0.981768 1 1
0.92842 0.123301 4
0.960789 0.563549 2
0.968026 0.600435 2
0.874499 1.21773e-05 15
0.937206 0.139192 4
0.877512 0.00341725 8
0.979806 1 1
0.949231 0.522939 2
0.90981 0.103115 4
0.876388 0.0015113 9
0.906519 0.100692 4
0.910913 0.103983 4
0.934731 0.491596 2
0.875673 0.00149611 9
0.910595 0.10373 4
0.969762 1 1
0.909098 0.10257 4
0.930376 0.243824 3
0.953356 0.535376 2
0.890306 0.0190974 6
0.893278 0.00426249 8
0.892737 0.00422539 8
0.868117 2.3076e-05 14
0.891611 0.00415061 8
0.902959 0.0219968 6
0.983173 1 1
0.893542 0.00428086 8
0.970235 0.614075 2
0.906104 0.0229326 6
0.958622 0.554456 2
0.926982 0.121199 4
0.982321 1 1
0.945945 0.282397 3
0.870687 5.48616e-05 13
0.915378 0.053066 5
0.848981 9.41493e-12 0
0.974428 0.643685 2
0.976647 0.661593 2
0.885779 7.97255e-05 13
0.845724 8.02042e-12 0
0.871518 1.02089e-06 18
0.886333 0.00017419 12
0.896877 0.00102377 10
0.844377 7.51793e-12 0
0.873753 2.43636e-06 17
0.936647 0.137998 4
0.874086 2.46327e-06 17
0.893702 0.000949757 10
0.980751 0.699496 2
0.858378 2.12183e-09 25
0.959515 0.55811 2
0.895444 0.00441865 8
0.868894 2.34973e-05 14
0.983766 1 1
0.953066 0.534436 2
0.892957 0.00424042 8
0.98578 1 1
0.919862 0.112338 4
0.949974 0.525037 2
0.941569 0.26909 3
0.903193 0.0220628 6
0.893876 0.00430432 8
0.955957 0.544305 2
0.873037 5.77942e-05 13
0.963266 0.574964 2
0.965305 0.58527 2
0.8801 0.000723483 10
0.852703 2.5164e-07 19
0.949154 0.522725 2
0.97289 1 1
0.910356 0.04997 5
0.950848 0.527582 2
0.929483 0.242227 3
0.973886 1 1
0.965123 0.584317 2
0.897969 0.00975032 7
0.910469 0.0500335 5
0.962375 0.570727 2
0.856516 6.44662e-07 18
0.988687 1 1
0.92935 0.124726 4
0.902586 0.0218929 6
0.874681 0.000133229 12
0.930784 0.244572 3
0.936523 0.256358 3
0.943709 0.275303 3
0.932798 0.248426 3
0.965791 0.587854 2
0.938415 0.260843 3
0.989096 1 1
0.928 0.122674 4
0.944319 0.277175 3
0.984923 1 1
0.878183 0.000316642 11
0.951376 0.52916 2
0.91809 0.0277647 6
0.887694 8.42517e-05 13
0.868233 8.21383e-08 21
0.956926 0.328557 3
0.905715 0.00263521 9
0.847756 8.85814e-12 0
0.955151 0.31958 3
0.876761 2.69641e-06 17
0.901341 0.00114796 10
0.888302 8.57784e-05 13
0.877992 2.815e-06 17
0.849143 9.49131e-12 0
0.906367 0.00545119 8
0.872308 4.73945e-07 19
0.91009 0.00593109 8
0.85631 1.3814e-11 0
0.964413 0.374944 3
0.960183 0.346911 3
0.895296 0.000223873 12
0.851786 1.08596e-11 0
0.866246 3.03434e-09 25
0.895634 0.000226204 12
0.893598 0.000101258 13
0.850002 9.91174e-12 0
0.874747 2.36649e-07 20
0.928935 0.0349198 6
0.868719 1.69082e-08 23
0.895846 0.000227695 12
0.964043 0.372282 3
0.863842 1.2061e-09 26
0.869323 2.1171e-06 17
0.986893 1 1
0.956594 0.546634 2
0.900933 0.00487895 8
0.868559 9.24853e-07 18
0.905265 0.0109469 7
0.90203 0.00498394 8
0.931442 0.128134 4
0.867996 9.0808e-07 18
0.904545 0.00524411 8
0.972028 0.626103 2
0.907917 0.0114754 7
0.92323 0.0592919 5
0.960433 0.562002 2
0.882482 7.28291e-05 13
0.903915 0.02227 6
0.892717 0.00422408 8
0.87561 0.000135841 12
0.944457 0.277604 3
0.89221 0.00419003 8
0.842691 2.08577e-10 27
0.942945 0.273025 3
0.872237 5.6767e-05 13
0.888065 0.00181552 9
0.879698 0.000326249 11
0.878661 0.000319615 11
0.844259 5.18959e-10 26
0.899075 0.00991104 7
0.879584 0.000325507 11
0.897571 0.0096941 7
0.925845 0.236223 3
0.928287 0.240169 3
0.899588 0.0449039 5
0.952105 0.531394 2
0.925164 0.23518 3
0.91773 0.110108 4
0.953871 0.537071 2
0.949604 0.523986 2
0.924295 0.233884 3
0.950865 0.527632 2
0.940117 0.50141 2
0.919391 0.227229 3
0.974865 1 1
0.903682 0.0466235 5
0.939741 0.500664 2
0.913743 0.00649064 8
0.937484 0.0775888 5
0.911265 0.00306291 9
0.952951 0.30935 3
0.908955 0.00287055 9
0.894721 0.000105128 13
0.953786 0.31312 3
0.92658 0.0330486 6
0.906865 0.00271453 9
0.923994 0.0312184 6
0.933581 0.0713704 5
0.896636 0.000233372 12
0.947231 0.166321 4
0.915668 0.00682784 8
0.92138 0.0153547 7
0.977255 0.666804 2
0.867672 8.03365e-08 21
0.840786 6.35319e-12 0
0.946385 0.283868 3
0.988174 1 1
0.898062 0.00105423 10
0.94767 0.288325 3
0.915319 0.0133126 7
0.988889 1 1
0.951762 0.304203 3
0.884182 3.53088e-05 14
0.89797 0.0010518 10
0.947498 0.287715 3
0.844609 7.60193e-12 0
0.994523 1 1
0.885274 1.69988e-05 15
0.907499 0.00276017 9
0.894187 0.000216483 12
0.927891 0.0640639 5
0.875198 5.29055e-07 19
0.84205 6.73652e-12 0
0.926894 0.033286 6
0.872056 2.12237e-07 20
0.871582 2.08314e-07 20
0.872345 2.14688e-07 20
0.886877 3.84064e-05 14
0.843911 7.3533e-12 0
0.89343 0.000211673 12
0.897985 0.000505423 11
0.882646 7.20781e-06 16
0.928829 0.0651453 5
0.920989 0.0293472 6
0.895191 0.000467591 11
0.970098 0.613188 2
0.92259 0.0303122 6
0.89075 0.000196014 12
0.970905 0.618461 2
0.921712 0.0297743 6
0.919948 0.0287553 6
0.927912 0.0640874 5
0.920287 0.0289451 6
0.892346 0.000205086 12
0.949785 0.296196 3
0.89952 0.00109411 10
0.933935 0.0718908 5
0.868681 1.8636e-07 20
0.934507 0.133683 4
0.913302 0.012751 7
0.884713 7.73787e-05 13
0.873558 2.42086e-06 17
0.953531 0.311953 3
0.886407 8.11636e-05 13
0.96458 0.581506 2
0.874982 2.53787e-06 17
0.925347 0.0613426 5
0.971697 0.62381 2
0.956382 0.325731 3
0.931642 0.0686695 5
0.91523 0.0132865 7
0.887838 0.000181131 12
0.874454 0.0014709 9
0.974113 1 1
0.945673 0.51367 2
0.902932 0.0462919 5
0.874893 0.00147987 9
0.917612 0.109989 4
0.904232 0.0468719 5
0.943743 0.509132 2
0.874723 0.0014764 9
0.914588 0.10711 4
0.984319 1 1
0.920298 0.228382 3
0.931983 0.24683 3
0.949063 0.522474 2
0.889198 0.00867392 7
0.880895 1.44439e-06 18
0.965175 0.380562 3
0.943243 0.154084 4
0.919694 0.0147266 7
0.876681 2.56694e-07 20
0.884489 7.70249e-06 16
0.920253 0.0149294 7
0.914437 0.00660853 8
0.874929 1.08709e-07 21
0.899214 0.00025364 12
0.942015 0.150729 4
0.886854 8.41549e-06 16
0.921352 0.0153437 7
0.947799 0.16825 4
0.889216 1.9544e-05 15
0.888103 3.99627e-05 14
0.904249 0.00254021 9
0.880017 3.02767e-06 17
0.891728 9.53056e-05 13
0.896412 0.000483498 11
0.985812 0.756326 2
0.893639 0.00021298 12
0.979406 0.686348 2
0.899045 0.000521196 11
0.952829 0.30881 3
0.939662 0.144785 4
0.987637 1 1
0.946368 0.163486 4
0.882482 7.16623e-06 16
0.909734 0.00588153 8
25 0 1 2 7 8 9 11 12 18 19 20 22 23 24 25 26 27 28 34 37 40 42 44 45 48 
19 0 4 7 8 9 11 12 20 22 25 26 27 28 33 37 38 40 44 48 
3 11 22 38 
35 0 2 4 5 6 7 8 9 11 12 13 14 18 19 20 21 22 23 24 25 26 27 28 29 31 33 37 38 39 40 42 44 45 47 48 
34 0 1 2 5 7 8 9 10 11 12 13 15 18 19 20 21 22 23 24 25 26 27 28 29 31 34 37 39 40 41 42 44 45 48 
48 0 1 2 3 4 5 6 7 8 9 10 11 12 13 14 15 16 17 18 19 20 21 22 23 24 25 26 27 28 29 30 31 32 33 34 35 36 38 39 40 41 42 43 45 46 47 48 49 
29 0 2 4 5 7 8 9 11 12 19 20 22 23 24 25 26 27 28 29 31 33 37 38 39 40 42 44 45 48 
41 0 1 2 4 5 6 7 8 9 10 11 12 13 14 17 18 19 20 21 22 23 24 25 26 27 28 29 31 33 34 37 38 39 40 41 42 44 45 46 47 48 
29 0 1 2 3 7 8 9 11 12 13 15 18 19 20 21 22 23 24 25 26 28 34 37 40 41 42 44 45 48 
46 0 1 2 3 4 5 6 7 8 9 10 11 12 13 14 15 16 18 19 20 21 22 23 24 25 26 27 28 29 31 33 34 35 36 37 38 39 40 41 42 43 44 45 46 47 48 
46 0 1 2 3 4 5 6 7 8 9 10 11 12 13 14 15 16 18 19 20 21 22 23 24 25 26 27 28 29 30 31 33 34 35 36 37 38 39 40 41 42 43 44 45 47 48 
48 0 1 2 3 4 5 6 7 8 9 10 11 12 13 14 15 16 17 18 19 20 21 22 23 24 25 26 27 28 29 30 31 32 33 34 35 36 38 39 40 41 42 43 45 46 47 48 49 
43 0 1 2 3 4 5 6 7 8 9 10 11 12 13 14 15 18 19 20 21 22 23 24 25 26 27 28 29 31 33 34 35 37 38 39 40 41 42 43 44 45 47 48 
11 4 9 11 12 22 25 26 33 38 40 44 
41 0 1 2 3 4 5 6 7 8 9 10 11 12 13 14 15 18 19 20 21 22 23 24 25 26 27 28 29 31 33 34 37 38 39 40 41 42 44 45 47 48 
