30 15 1e+07
2.63953 171529
1.25039 100244
1.46375 193372
1.95727 117566
1.48377 105951
1.43494 158256
1.74536 163668
1.67035 186965
2.1237 115193
2.94617 166221
1.4445 165037
1.1026 116589
2.39812 166202
1.05855 189602
2.86693 120667
1.80567 199392
2.43978 179443
1.68014 197926
1.403 180271
1.60835 165380
1.62311 172155
1.78875 112991
1.89988 199857
2.30025 106885
1.00874 127530
2.88839 189644
2.7315 154353
2.99617 187772
1.35404 134263
1.93925 108929
0.947627 0.288172 3
0.947299 0.287014 3
0.872963 1.0732e-06 18
0.859524 9.83324e-10 26
0.965197 0.584701 2
0.924941 0.031863 6
0.860866 2.36591e-09 25
0.927201 0.0632964 5
0.91426 0.0130112 7
0.878123 6.18026e-06 16
0.87457 1.13614e-06 18
0.888131 8.53446e-05 13
0.856447 1.64552e-10 28
0.945007 0.159228 4
0.938831 0.142826 4
0.949691 0.52423 2
0.989891 1 1
0.906495 0.100676 4
0.90762 0.101477 4
0.968552 1 1
0.918722 0.226399 3
0.872277 0.00142801 9
0.920255 0.228326 3
0.974025 1 1
0.932709 0.488342 2
0.902991 0.0463177 5
0.94496 0.511956 2
0.878665 0.0034661 8
0.976996 1 1
0.94225 0.50583 2
0.951564 0.30337 3
0.917357 0.0273954 6
0.949651 0.295674 3
0.911806 0.024941 6
0.923325 0.0593801 5
0.970546 0.616095 2
0.952085 0.305575 3
0.968774 0.604916 2
0.911874 0.0249679 6
0.908125 0.0115193 7
0.95821 0.552817 2
0.907289 0.011345 7
0.94672 0.285007 3
0.896236 0.00211998 9
0.961417 0.566336 2
0.958464 0.336906 3
0.98879 1 1
0.89825 0.000509277 11
0.892898 0.000208396 12
0.986243 0.761765 2
0.926344 0.0328726 6
0.871691 2.09205e-07 20
0.928238 0.0644586 5
0.954357 0.315778 3
0.915244 0.0132908 7
0.896783 0.000488513 11
0.9265 0.0329883 6
0.874222 5.09477e-07 19
0.977119 0.665631 2
0.949068 0.293449 3
0.916944 0.109327 4
0.936169 0.255557 3
0.930126 0.243373 3
0.954296 0.538497 2
0.918989 0.111405 4
0.896908 0.0204634 6
0.878831 0.00156575 9
0.897342 0.0205633 6
0.968799 1 1
0.986509 1 1
0.920895 0.113483 4
0.998659 1 1
0.895528 0.0201545 6
0.926166 0.236722 3
0.915525 0.107971 4
0.945224 0.512585 2
0.911425 0.104397 4
0.882156 0.0080013 7
0.853825 1.7055e-05 14
0.930554 0.24415 3
0.954808 0.540248 2
0.893215 0.0196659 6
0.956202 0.545192 2
0.885539 0.00830742 7
0.861594 0.000104056 12
0.888613 0.0187874 6
0.866962 0.00058733 10
0.879217 0.00349006 8
0.89809 0.0443263 5
0.945656 0.51363 2
0.937915 0.259626 3
0.91224 0.0510646 5
0.971917 1 1
0.930596 0.244226 3
0.913206 0.0516555 5
0.948719 0.52153 2
0.955835 0.543866 2
0.947255 0.517641 2
0.915258 0.107723 4
0.921304 0.113947 4
0.980942 1 1
0.917509 0.109886 4
0.962957 0.573478 2
0.891313 0.00890549 7
0.946411 0.515492 2
0.895211 0.000467849 11
0.867514 3.57542e-08 22
0.945329 0.160211 4
0.905543 0.00262375 9
0.86969 8.70852e-08 21
0.915407 0.0133382 7
0.981205 0.704115 2
0.913328 0.00642207 8
0.871808 2.1017e-07 20
0.885793 3.711e-05 14
0.95513 0.319477 3
0.878785 2.89555e-06 17
0.981662 0.708845 2
0.847572 8.77794e-12 0
0.904273 0.00254173 9
0.923041 0.116002 4
0.955659 0.543233 2
0.865015 4.20641e-06 16
0.865798 9.68995e-06 15
0.952214 0.531733 2
0.892979 0.00424189 8
0.837948 5.58296e-12 0
0.894975 0.00438372 8
0.932181 0.247213 3
0.891722 0.00415783 8
0.862746 3.96478e-06 16
0.904577 0.0224647 6
0.840551 3.46902e-11 29
0.975111 1 1
0.913558 0.0518768 5
0.917243 0.109622 4
0.906389 0.0478903 5
0.989961 1 1
0.964306 1 1
0.900116 0.045114 5
0.917445 0.109822 4
0.931953 0.246773 3
0.916492 0.108888 4
0.922258 0.230991 3
0.945201 0.51253 2
0.977694 1 1
0.936259 0.4942 2
0.954243 0.53832 2
0.887784 0.00852747 7
0.922901 0.231882 3
0.912676 0.051329 5
0.87797 0.000315333 11
0.931984 0.246832 3
0.889704 0.00403053 8
0.884854 0.00171956 9
0.939967 0.264772 3
0.982608 1 1
0.937676 0.259053 3
0.874122 0.000131698 12
0.877525 0.000312636 11
0.94368 0.275216 3
0.873862 0.000130997 12
0.956023 0.544545 2
0.857805 1.53e-06 17
0.92227 0.115074 4
0.977467 1 1
0.951952 0.530918 2
0.940967 0.267436 3
0.919045 0.0557314 5
0.954982 0.54085 2
0.962688 0.572199 2
0.918686 0.0554533 5
0.963352 0.575384 2
0.943461 0.274556 3
0.927518 0.121968 4
0.942538 0.271839 3
0.931341 0.245609 3
0.920826 0.113405 4
0.929952 0.125678 4
0.981492 1 1
0.92905 0.124261 4
0.893253 0.00426076 8
0.87584 0.000136503 12
0.844223 5.18249e-10 26
0.911486 0.0506173 5
0.947231 0.517579 2
0.896069 0.00948897 7
0.947773 0.518991 2
0.869473 2.382e-05 14
0.848905 7.77093e-09 23
0.883633 0.000771323 10
0.853041 4.77512e-08 21
0.878386 0.000317897 11
0.879314 0.000323762 11
0.931641 0.246176 3
0.932976 0.248779 3
0.965923 0.588564 2
0.911917 0.0508712 5
0.923076 0.116046 4
0.945547 0.281085 3
0.905363 0.0227022 6
0.869528 2.38509e-05 14
0.906488 0.0230544 6
0.993516 1 1
0.952134 0.531484 2
0.905843 0.0228507 6
0.965956 0.588745 2
0.880376 0.000727016 10
0.959817 0.559375 2
0.927813 0.122399 4
0.955701 0.322289 3
0.915013 0.00670942 8
0.923691 0.0310176 6
0.888423 4.03857e-05 14
0.927012 0.0333766 6
0.988776 1 1
0.93747 0.0775651 5
0.986556 0.765767 2
0.90073 0.00112934 10
0.888763 4.0842e-05 14
0.932028 0.0691891 5
0.890308 9.1155e-05 13
0.924237 0.0313809 6
0.895353 0.000224264 12
0.964595 0.376266 3
0.943604 0.155104 4
0.9283 0.0343943 6
0.974176 0.641753 2
0.946863 0.1651 4
0.924594 0.0316233 6
0.941088 0.148313 4
0.933031 0.0705801 5
0.940468 0.146752 4
0.936729 0.0762979 5
0.943308 0.154266 4
0.972188 0.627217 2
0.940256 0.146228 4
0.945482 0.160684 4
0.907842 0.00278544 9
0.949298 0.17358 4
0.939377 0.26325 3
0.974203 0.641957 2
0.881765 0.000155752 12
0.880885 6.9844e-05 13
0.968596 0.603835 2
0.908163 0.0115274 7
0.853871 1.75739e-09 25
0.910102 0.0242932 6
0.947033 0.286087 3
0.905951 0.011078 7
0.879564 6.7528e-05 13
0.918486 0.0553 5
0.856922 1.03914e-08 23
0.988973 1 1
0.929943 0.125663 4
0.960815 0.563665 2
0.979068 1 1
0.924139 0.117372 4
0.920472 0.113009 4
0.966229 0.590229 2
0.932377 0.247595 3
0.889536 0.00186342 9
0.933612 0.250065 3
0.973939 0.639954 2
0.941413 0.268657 3
0.921035 0.113641 4
0.95107 0.528241 2
0.89635 0.00448785 8
0.958293 0.553144 2
0.955689 0.543342 2
0.939636 0.144722 4
0.913486 0.00644801 8
0.870028 3.97847e-08 22
0.845421 7.90414e-12 0
0.9336 0.0713989 5
0.939586 0.144602 4
0.876212 5.50591e-07 19
0.941365 0.149026 4
0.884476 1.65458e-05 15
0.856381 1.38672e-11 0
0.875357 5.32349e-07 19
0.863224 1.1705e-09 26
0.863975 2.72545e-09 25
0.903745 0.00122675 10
0.936959 0.0766867 5
0.940431 0.50204 2
0.969259 1 1
0.919041 0.11146 4
0.926761 0.237664 3
0.950072 0.525318 2
0.913357 0.106021 4
0.877422 0.00153384 9
0.91443 0.106968 4
0.995001 1 1
0.953809 0.536867 2
0.913408 0.106065 4
0.966485 1 1
0.887827 0.00853183 7
0.957989 0.551946 2
0.935751 0.254621 3
0.955311 0.320363 3
0.918548 0.0143275 7
0.893337 0.000211089 12
0.864468 1.40532e-08 23
0.936832 0.138389 4
0.966756 0.593144 2
0.902641 0.00244332 9
0.968253 0.601784 2
0.894205 0.000455413 11
0.871613 2.0856e-07 20
0.899775 0.00110138 10
0.876564 2.67812e-06 17
0.889617 8.92418e-05 13
0.903384 0.00248721 9
0.956875 0.328291 3
0.937346 0.25827 3
0.898772 0.00986633 7
0.927991 0.122662 4
0.888399 0.00182618 9
0.908699 0.0490662 5
0.968269 0.601877 2
0.955844 0.543899 2
0.965938 0.588649 2
0.88888 0.00184175 9
0.883412 0.000768151 10
0.938341 0.26066 3
0.882731 0.000758521 10
0.937644 0.258977 3
0.878756 0.000320213 11
0.946839 0.516574 2
0.954296 0.538497 2
0.947705 0.518812 2
0.955055 0.541106 2
0.942321 0.505983 2
0.941298 0.503816 2
0.940332 0.50184 2
0.915321 0.107781 4
0.94051 0.5022 2
0.955817 0.543802 2
0.950957 0.527905 2
0.951633 0.529939 2
0.952691 0.533234 2
0.925549 0.235766 3
0.927246 0.238446 3
0.956543 0.546447 2
0.937807 0.49698 2
0.898146 0.0207522 6
0.895654 0.0201822 6
0.861131 4.51574e-05 13
0.914082 0.106657 4
0.964764 1 1
0.918722 0.111124 4
0.964381 0.580496 2
0.878604 0.00156051 9
0.862728 4.65726e-05 13
0.904299 0.0469023 5
0.865325 0.000111164 12
0.900396 0.0452263 5
0.881259 0.00358207 8
0.943438 0.508442 2
0.930571 0.0363492 6
0.934115 0.0721577 5
0.95757 0.331987 3
0.964965 0.378994 3
0.92254 0.0158178 7
0.917245 0.00712896 8
0.905564 0.00129297 10
0.917224 0.00712479 8
0.956254 0.325076 3
0.973579 0.637262 2
0.948733 0.171529 4
0.969616 0.610125 2
0.922313 0.0157252 7
0.917445 0.00716891 8
0.932228 0.0694609 5
0.969968 0.612355 2
0.966997 0.594499 2
0.895595 0.00443001 8
0.882065 0.000342396 11
0.988263 1 1
0.940996 0.267515 3
0.878919 0.00014594 12
0.943194 0.273759 3
0.934621 0.252169 3
0.899974 0.0100466 7
0.896646 0.004511 8
0.909404 0.0240403 6
0.876865 6.31854e-05 13
0.955289 0.541922 2
0.960049 0.560355 2
0.970886 0.618334 2
0.947065 0.286199 3
0.893763 0.000450141 11
0.873616 2.42546e-06 17
0.967583 0.597851 2
0.953459 0.311626 3
0.886879 8.22729e-05 13
0.955787 0.322717 3
0.917557 0.027495 6
0.887381 0.000178973 12
0.897036 0.00102774 10
0.8951 0.000981053 10
0.880531 1.45611e-05 15
0.934183 0.133062 4
0.96425 0.57983 2
0.916479 0.108876 4
0.938217 0.497741 2
0.925538 0.23575 3
0.949326 0.523204 2
0.920311 0.112831 4
0.895229 0.0200895 6
0.875008 0.000664048 10
0.895761 0.0202058 6
0.971695 1 1
0.981675 1 1
0.91656 0.108954 4
0.995905 1 1
0.89118 0.00889045 7
0.929468 0.242202 3
0.91449 0.107023 4
0.917676 0.0546912 5
0.915302 0.0530144 5
0.971266 0.62088 2
0.978314 1 1
0.905578 0.0227684 6
0.910932 0.0246033 6
0.914476 0.0524665 5
0.910422 0.0244117 6
0.936413 0.256109 3
0.964185 0.579502 2
0.959827 0.559416 2
0.954275 0.538426 2
0.935426 0.253905 3
0.898345 0.00464931 8
0.921324 0.0575945 5
0.938682 0.0797343 5
0.96418 0.37326 3
0.923332 0.0161496 7
0.93233 0.0696009 5
0.945837 0.161793 4
0.913007 0.00636995 8
0.88003 1.39555e-06 18
0.913947 0.00652496 8
0.994018 1 1
0.959416 0.342356 3
0.917202 0.0138857 7
0.971805 0.624556 2
0.891401 4.46818e-05 14
0.952245 0.306264 3
0.934806 0.0732033 5
11 0 5 8 12 14 16 18 20 23 25 26 
12 0 3 5 8 12 14 16 18 20 23 25 26 
28 0 1 2 3 4 5 6 7 8 10 11 12 13 14 15 16 17 18 19 20 21 22 23 24 25 26 27 29 
29 0 1 2 3 4 5 6 7 8 9 10 11 12 13 14 15 16 17 19 20 21 22 23 24 25 26 27 28 29 
10 0 5 8 12 16 18 20 23 25 26 
12 0 1 3 5 8 12 16 18 20 23 25 26 
15 0 2 3 5 10 11 12 14 16 18 20 21 23 25 26 
11 0 3 5 8 12 16 18 20 23 25 26 
27 0 1 2 3 5 6 7 8 9 10 11 12 14 15 16 17 18 19 20 21 22 23 24 25 26 28 29 
26 0 1 2 3 4 5 6 8 10 11 12 13 14 15 16 17 19 20 21 22 23 24 25 26 27 29 
25 0 1 2 3 5 6 7 8 10 11 12 13 14 15 16 17 18 19 20 21 22 23 25 26 29 
29 0 1 2 3 4 5 6 7 8 9 10 11 12 13 14 15 16 17 18 19 20 21 22 23 24 25 26 28 29 
28 0 1 2 3 4 5 6 7 8 10 11 12 13 14 15 16 17 18 19 20 21 22 23 24 25 26 27 29 
16 0 2 3 5 8 10 11 12 14 16 18 20 21 23 25 26 
11 0 3 5 8 12 16 18 20 23 25 26 
