40 15 1e+07
1.19631 197321
2.28715 196842
2.82533 157397
2.05955 103301
2.2578 133746
1.5443 110837
1.11259 138286
1.42787 111841
2.7382 111336
1.98349 115978
1.09148 179276
1.53382 120121
1.17879 148732
1.5954 151431
2.94269 139144
1.9866 139140
1.38937 151425
1.02505 144468
1.26424 146080
1.37025 139861
1.96538 117028
1.49807 163823
1.38634 191743
1.43051 192126
2.20065 104789
2.05976 138952
1.72564 137296
2.87618 109815
1.52346 117026
2.11488 134386
1.40157 180062
2.49313 102494
2.87261 126461
2.643 128234
2.25498 156173
1.7478 135719
1.99495 116894
1.44197 127264
1.02386 140577
1.08912 183910
0.915261 0.0132956 7
0.974523 0.644418 2
0.885536 7.91792e-05 13
0.90516 0.00531212 8
0.952689 0.308194 3
0.951995 0.305192 3
0.96109 0.564876 2
0.95183 0.304491 3
0.886335 8.09957e-05 13
0.949744 0.296034 3
0.899357 0.0010895 10
0.997396 1 1
0.888933 0.000186489 12
0.917939 0.0276876 6
0.909097 0.00579496 8
0.975086 0.648824 2
0.934555 0.0728206 5
0.945302 0.160129 4
0.933892 0.0718262 5
0.958302 0.336001 3
0.893255 0.000210585 12
0.912051 0.00621931 8
0.891657 9.50914e-05 13
0.948832 0.171883 4
0.89739 0.000496923 11
0.934153 0.0722134 5
0.935261 0.0739114 5
0.951322 0.302363 3
0.970047 0.612864 2
0.971946 0.625532 2
0.916546 0.0136803 7
0.930609 0.0673243 5
0.874168 2.3108e-07 20
0.93142 0.0683754 5
0.919842 0.0147797 7
0.950911 0.300673 3
0.917993 0.014142 7
0.946586 0.164191 4
0.88482 1.67388e-05 15
0.963171 0.366176 3
0.922964 0.0305481 6
0.952199 0.306067 3
0.88832 4.02487e-05 14
0.924503 0.0315613 6
0.907823 0.00278404 9
0.878998 0.00348054 8
0.940226 0.501627 2
0.882143 0.00362363 8
0.846235 4.92327e-07 18
0.938826 0.49889 2
0.882868 0.00806338 7
0.944554 0.510999 2
0.885491 0.00830279 7
0.865637 0.000253638 11
0.874669 0.00147529 9
0.844142 1.99281e-07 19
0.918545 0.226183 3
0.865958 0.00025496 11
0.87424 0.00146657 9
0.879059 0.00348317 8
0.942763 0.506944 2
0.955675 0.543294 2
0.933691 0.250227 3
0.904775 0.0471214 5
0.987467 1 1
0.897845 0.0206809 6
0.934898 0.25276 3
0.897707 0.0206484 6
0.924509 0.2342 3
0.897406 0.020578 6
0.903798 0.0466755 5
0.945301 0.512771 2
0.925704 0.236004 3
0.937446 0.258505 3
0.94215 0.505615 2
0.963425 0.575739 2
0.898206 0.00105804 10
0.916052 0.0135297 7
0.984174 0.73658 2
0.911423 0.0122714 7
0.884404 3.55483e-05 14
0.87762 6.08008e-06 16
0.880995 1.47746e-05 15
0.939023 0.143271 4
0.894533 0.00045941 11
0.986369 1 1
0.909295 0.0058216 8
0.943121 0.153742 4
0.97438 0.643315 2
0.95542 0.320895 3
0.907971 0.00564799 8
0.930345 0.0669903 5
0.866842 7.77707e-08 21
0.922321 0.0301454 6
0.916125 0.0135519 7
0.959812 0.344691 3
0.920233 0.0289148 6
0.955213 0.319879 3
0.876524 5.87013e-06 16
0.972861 0.632007 2
0.913846 0.0128972 7
0.95237 0.306803 3
0.879943 1.42974e-05 15
0.915564 0.0133845 7
0.899451 0.00109215 10
0.903278 0.00248081 9
0.919355 0.0284303 6
0.860712 2.34977e-09 25
0.923557 0.0309299 6
0.906142 0.00542468 8
0.954096 0.314554 3
0.909583 0.00586079 8
0.949097 0.293558 3
0.872126 4.7076e-07 19
0.969192 0.607481 2
0.914633 0.0131157 7
0.941113 0.148377 4
0.875659 2.59649e-06 17
0.911689 0.0123369 7
0.894523 0.00045928 11
0.927446 0.121864 4
0.929451 0.124885 4
0.883442 0.000352495 11
0.942809 0.272625 3
0.923516 0.116588 4
0.93954 0.263667 3
0.914104 0.0522248 5
0.935508 0.254085 3
0.895434 0.00441792 8
0.951024 0.301138 3
0.934473 0.133617 4
0.94961 0.295516 3
0.899041 0.00470869 8
0.935921 0.255001 3
0.918464 0.0552827 5
0.952299 0.531999 2
0.892061 0.0194345 6
0.994852 1 1
0.905521 0.0474714 5
0.921059 0.229375 3
0.845926 2.08904e-07 19
0.872009 0.000633325 10
0.844613 8.61265e-08 20
0.974633 1 1
0.849632 1.24754e-06 17
0.910805 0.103897 4
0.887495 0.00849835 7
0.971605 1 1
0.941171 0.503553 2
0.961786 0.568008 2
0.904424 0.0107908 7
0.991218 1 1
0.886012 0.000372921 11
0.883977 0.000164224 12
0.960919 0.564122 2
0.9331 0.131048 4
0.984395 1 1
0.93497 0.134584 4
0.880177 6.85861e-05 13
0.92614 0.0621591 5
0.879563 6.75271e-05 13
0.972233 0.627532 2
0.882007 0.000156642 12
0.903963 0.0107076 7
0.900518 0.00484048 8
0.888728 0.0018368 9
0.960752 0.563389 2
0.861253 1.67735e-06 17
0.882289 0.000752404 10
0.930904 0.244794 3
0.966572 0.592118 2
0.966847 0.593654 2
0.969473 0.609227 2
0.860771 1.65553e-06 17
0.955579 0.542948 2
0.875863 0.00013657 12
0.969858 0.611658 2
0.863237 4.01521e-06 16
0.891569 0.00414783 8
0.882768 0.000759043 10
0.949801 0.524544 2
0.959133 0.556532 2
0.91845 0.110843 4
0.927222 0.238407 3
0.969395 0.60874 2
0.920108 0.112607 4
0.936313 0.255881 3
0.918772 0.111177 4
0.920594 0.113145 4
0.922874 0.115799 4
0.923805 0.116949 4
0.964064 0.578895 2
0.923239 0.116245 4
0.95064 0.52697 2
0.944042 0.509813 2
0.966955 1 1
0.931348 0.245621 3
0.956664 0.546894 2
0.920415 0.112945 4
0.960034 0.560292 2
0.883152 0.00367242 8
0.909689 0.0495996 5
0.88204 0.00361873 8
0.951836 0.530563 2
0.885897 0.00381316 8
0.921734 0.230277 3
0.927335 0.23859 3
0.953133 0.534653 2
0.958333 0.553303 2
0.968876 1 1
0.985505 1 1
0.92476 0.118173 4
0.940483 0.266135 3
0.948578 0.291619 3
0.94468 0.278306 3
0.892057 0.00417986 8
0.902487 0.010451 7
0.889841 0.00187369 9
0.952239 0.53181 2
0.898184 0.00978115 7
0.949183 0.522806 2
0.929556 0.125049 4
0.955651 0.543206 2
0.985165 1 1
0.977454 1 1
0.895595 0.00443001 8
0.950493 0.526539 2
0.862232 1.723e-06 17
0.896688 0.0095722 7
0.925818 0.11958 4
0.979596 1 1
0.948204 0.520137 2
0.978733 1 1
0.865694 9.6652e-06 15
0.974935 1 1
0.889413 0.0018593 9
0.969385 0.608677 2
0.868568 2.33189e-05 14
0.9003 0.0100969 7
0.888499 0.00182939 9
0.876832 0.000308515 11
0.935746 0.254612 3
0.844388 2.85031e-09 24
0.880439 0.000727818 10
0.908687 0.0490596 5
0.991076 1 1
0.940387 0.265879 3
0.996287 1 1
0.847494 1.72285e-08 22
0.975037 1 1
0.872878 0.000128405 12
0.950843 0.527567 2
0.850316 4.37806e-08 21
0.881662 0.000743884 10
0.869829 5.38528e-05 13
0.875597 0.000301421 11
0.934927 0.252822 3
0.880471 0.000728231 10
0.842203 4.79837e-10 26
0.934522 0.251959 3
0.877978 0.000315384 11
0.939387 0.263275 3
0.880629 0.000730268 10
0.863205 9.10177e-06 15
0.869739 5.37489e-05 13
0.840275 8.06336e-11 28
0.913355 0.0517487 5
0.863397 9.14355e-06 15
0.870579 5.47326e-05 13
0.875948 0.000303405 11
0.902617 0.0219015 6
0.986993 1 1
0.887016 0.00387423 8
0.879914 0.000721129 10
0.961904 0.568548 2
0.926913 0.237907 3
0.983932 1 1
0.928947 0.241295 3
0.879671 0.000718072 10
0.919683 0.112145 4
0.875857 0.00030289 11
0.965705 0.587393 2
0.881309 0.00162536 9
0.901451 0.0215845 6
0.899272 0.0210254 6
0.910105 0.0242942 6
0.898452 0.00465835 8
0.863942 3.54117e-07 19
0.945245 0.280105 3
0.893167 0.000938274 10
0.922792 0.0588901 5
0.884958 0.000168251 12
0.917946 0.0548917 5
0.88077 6.96365e-05 13
0.937588 0.140023 4
0.935774 0.136191 4
0.918595 0.0553834 5
0.884586 0.000166704 12
0.920468 0.0568743 5
0.901008 0.00488593 8
0.878355 6.5522e-05 13
0.943513 0.274714 3
0.848147 1.12348e-10 28
0.878011 6.49695e-05 13
0.914949 0.0262606 6
0.98099 1 1
0.950273 0.298109 3
0.985505 1 1
0.84962 2.77261e-10 27
0.966184 0.589987 2
0.870863 4.94489e-06 16
0.955983 0.544398 2
0.852283 1.64856e-09 25
0.882372 0.000157999 12
0.87179 5.0802e-06 16
0.91009 0.0119545 7
0.897987 0.00219954 9
0.863897 1.56731e-07 20
0.945526 0.281016 3
0.892817 0.000930923 10
0.922212 0.0583685 5
0.884453 0.000166155 12
0.917367 0.0274005 6
0.880822 6.97307e-05 13
0.937003 0.138754 4
0.936058 0.136772 4
0.918094 0.0277669 6
0.884642 0.000166933 12
0.920479 0.0568834 5
0.900997 0.00488492 8
0.974421 1 1
0.912265 0.0510793 5
0.924604 0.117969 4
0.970466 1 1
0.926668 0.237514 3
0.892454 0.00903701 7
0.890994 0.00886955 7
0.88943 0.0040139 8
0.943604 0.508815 2
0.901228 0.0215252 6
0.970185 1 1
0.922009 0.114765 4
0.947654 0.518679 2
0.986055 1 1
0.964922 0.583269 2
0.894515 0.00435009 8
0.948936 0.522124 2
0.897547 0.00969077 7
0.859859 7.08491e-07 18
0.954195 0.538156 2
0.886813 0.00177677 9
0.946356 0.28377 3
0.888836 0.00184031 9
0.881211 0.000336397 11
0.880252 0.000329897 11
0.858127 2.94968e-07 19
0.927203 0.121513 4
0.881555 0.000338788 11
0.889342 0.00185693 9
0.894787 0.00436994 8
0.984954 1 1
0.913863 0.0257853 6
0.934582 0.133827 4
0.961247 0.565576 2
0.931528 0.12828 4
0.887995 0.000839822 10
0.892076 0.00195269 9
0.885306 0.000367095 11
0.952611 0.53298 2
0.895713 0.00443894 8
0.962786 0.572663 2
0.921143 0.0574403 5
0.956594 0.546634 2
0.996165 1 1
0.975232 0.649981 2
0.949893 0.296614 3
0.901362 0.00491942 8
0.901588 0.00494104 8
0.987677 1 1
0.909338 0.0117835 7
0.896693 0.00214021 9
0.882028 7.19579e-05 13
0.892879 0.000932218 10
0.922429 0.0585621 5
0.908086 0.0115111 7
0.979033 0.682831 2
0.915633 0.0265713 6
0.926467 0.0625035 5
0.961362 0.566088 2
0.940951 0.267392 3
0.943266 0.154146 4
0.905671 0.00263227 9
0.895026 0.000222032 12
0.977724 0.670912 2
0.910455 0.0059828 8
0.905848 0.00264417 9
0.887203 3.88115e-05 14
0.901857 0.00116408 10
0.914138 0.0129775 7
0.917764 0.0140669 7
0.968443 0.602917 2
0.921597 0.0297054 6
0.918123 0.0141852 7
0.954469 0.316304 3
0.934015 0.0720082 5
0.885205 0.00016929 12
0.941414 0.26866 3
0.851932 3.06351e-10 27
0.888544 0.000395306 11
0.9155 0.0265098 6
0.990475 1 1
0.942936 0.272999 3
0.990568 1 1
0.855504 4.30129e-09 24
0.979136 0.683795 2
0.881011 7.00713e-05 13
0.958442 0.553739 2
0.858379 1.09893e-08 23
0.890145 0.000410777 11
0.878076 2.9621e-05 14
0.930963 0.0677788 5
0.935987 0.0750704 5
0.88799 3.9815e-05 14
0.94098 0.14804 4
0.930406 0.0670676 5
0.940256 0.146228 4
0.919834 0.0147769 7
0.936611 0.0761001 5
0.898722 0.000516294 11
0.950243 0.177129 4
0.933222 0.0708525 5
0.955767 0.322618 3
0.902241 0.00117635 10
0.938722 0.0798081 5
0.922169 0.015667 7
0.919346 0.0146032 7
0.968833 0.605273 2
0.887237 3.88538e-05 14
0.911406 0.00612159 8
0.951033 0.301174 3
0.952017 0.305284 3
0.954143 0.314772 3
0.951093 0.301421 3
0.889572 8.91194e-05 13
0.952014 0.305271 3
0.905379 0.00261285 9
0.991266 1 1
0.89233 0.000204992 12
0.922719 0.0303934 6
0.912719 0.0063238 8
0.991302 1 1
0.914563 0.0130961 7
0.940674 0.147268 4
0.955288 0.320248 3
0.934188 0.0722659 5
0.885198 1.69547e-05 15
0.89258 0.000206477 12
0.882713 7.22495e-06 16
0.95768 0.332583 3
0.89228 0.000204697 12
0.957489 0.33155 3
0.920272 0.0149364 7
0.961553 0.355438 3
0.995569 1 1
0.981391 0.706031 2
0.887206 0.000826554 10
0.942221 0.270927 3
0.853597 9.18122e-09 23
0.890704 0.00190338 9
0.91677 0.0540328 5
0.989395 1 1
0.942812 0.272635 3
0.988541 1 1
0.857385 5.51534e-08 21
0.980165 1 1
0.883157 0.000350356 11
0.959863 0.559566 2
0.860283 1.38577e-07 20
0.892222 0.00195811 9
0.880021 0.000149603 12
0.88359 3.46825e-05 14
0.966236 0.590269 2
0.862528 5.74735e-09 24
0.870155 1.9708e-07 20
0.935279 0.135196 4
0.946323 0.163341 4
0.984625 0.741879 2
0.949866 0.296511 3
0.858168 4.0668e-10 27
0.93478 0.134213 4
0.864646 1.4159e-08 23
0.961629 0.35592 3
0.86019 1.01397e-09 26
0.884586 3.5747e-05 14
0.878887 6.33742e-06 16
0.942542 0.152146 4
0.919504 0.0285111 6
0.895339 0.00046947 11
0.963204 0.574665 2
0.921482 0.0296367 6
0.919395 0.0284522 6
0.901341 0.00237004 9
0.915554 0.0133813 7
0.910925 0.0121507 7
0.930614 0.0673302 5
0.954959 0.318645 3
0.936441 0.137566 4
0.914769 0.0131543 7
0.952588 0.307749 3
0.933115 0.0706996 5
0.887239 0.000827092 10
0.951964 0.530956 2
0.856887 1.24098e-07 20
0.88532 0.000796459 10
0.923886 0.117051 4
0.977918 1 1
0.955608 0.543055 2
0.980447 1 1
0.858334 2.96825e-07 19
0.966512 0.591787 2
0.878355 0.000144125 12
0.965804 0.587926 2
0.861003 7.32421e-07 18
0.891089 0.00191695 9
0.880692 0.00033285 11
0.972566 1 1
0.933707 0.250259 3
0.929341 0.241978 3
0.94902 0.522354 2
0.94925 0.522993 2
0.904145 0.0223371 6
0.911523 0.0506392 5
0.901847 0.0216907 6
0.939476 0.263503 3
0.910356 0.04997 5
0.947192 0.517479 2
0.940904 0.267264 3
0.942848 0.272739 3
0.976169 1 1
0.964357 0.580374 2
0.92332 0.232474 3
0.94039 0.501957 2
0.882265 0.00362941 8
0.931553 0.24601 3
0.930468 0.243991 3
0.949752 0.524406 2
0.926121 0.236652 3
0.946145 0.51483 2
0.891388 0.0193032 6
0.95917 0.556682 2
0.923801 0.233164 3
0.961657 0.567418 2
0.894777 0.0199922 6
0.930382 0.243836 3
0.914858 0.107356 4
0.910385 0.103564 4
0.983537 1 1
0.884612 0.00822062 7
0.896522 0.0437479 5
0.955895 0.544082 2
0.947604 0.518549 2
0.971662 1 1
0.948487 0.520899 2
0.882979 0.00807316 7
0.942706 0.506821 2
0.891176 0.0192624 6
0.990394 1 1
0.88531 0.00828575 7
0.911921 0.104804 4
0.905005 0.0996552 4
0.946211 0.16298 4
0.932488 0.069819 5
0.901135 0.00235881 9
0.953286 0.310847 3
0.934348 0.0725068 5
0.925212 0.0320532 6
0.91351 0.0128064 7
0.921884 0.0298783 6
0.913501 0.012804 7
0.934489 0.133649 4
0.946468 0.28415 3
0.948731 0.292187 3
0.917144 0.0138673 7
0.954504 0.316469 3
0.937084 0.138928 4
0.961468 0.354893 3
0.885939 1.7391e-05 15
0.973069 0.633514 2
0.920388 0.0149791 7
0.912705 0.00632164 8
0.846663 8.39486e-12 0
0.865029 1.27863e-09 26
0.844778 7.66346e-12 0
0.995174 1 1
0.85215 1.10663e-11 0
0.926931 0.0333143 6
0.885126 7.88532e-06 16
0.990864 1 1
0.952021 0.305304 3
0.970598 0.616436 2
15 0 1 3 4 9 10 11 12 13 17 18 23 32 37 39 
7 3 4 9 10 17 18 23 
3 3 17 23 
38 0 1 2 3 4 5 6 7 8 9 10 11 12 13 14 15 16 17 18 20 22 23 24 25 26 27 28 29 30 31 32 33 34 35 36 37 38 39 
6 3 4 9 17 18 23 
25 0 1 3 4 9 10 11 12 13 14 15 16 17 18 20 23 24 27 29 30 31 32 34 35 37 
6 3 4 9 17 18 23 
21 0 1 3 4 9 10 11 12 13 15 16 17 18 20 23 27 29 31 32 34 37 
38 0 1 2 3 4 6 7 8 9 10 11 12 13 14 15 16 17 18 19 20 21 22 23 24 26 27 28 29 30 31 32 33 34 35 36 37 38 39 
26 0 1 3 4 9 10 11 12 13 14 15 16 17 18 20 23 24 27 29 30 31 32 34 35 36 37 
40 0 1 2 3 4 5 6 7 8 9 10 11 12 13 14 15 16 17 18 19 20 21 22 23 24 25 26 27 28 29 30 31 32 33 34 35 36 37 38 39 
13 1 3 4 9 10 12 13 17 18 23 32 37 39 
39 0 1 2 3 4 5 6 7 8 9 10 11 12 13 14 15 16 17 18 19 20 21 22 23 24 25 26 27 28 29 30 31 32 33 34 35 36 37 38 
26 0 1 3 4 9 10 11 12 13 14 15 16 17 18 20 23 27 29 30 31 32 34 35 36 37 39 
30 0 1 2 3 4 6 7 8 9 10 11 12 13 14 15 16 17 18 20 23 27 28 29 31 32 34 35 36 37 38 
