50 15 1e+07
2.07878 116024
1.30136 180252
2.38006 115653
1.43174 105725
1.56934 105076
2.27001 179291
1.21811 190430
1.13732 128975
1.05086 187452
2.48845 135099
1.96518 156322
1.03847 123575
2.47561 101938
1.98969 191341
2.73187 128347
1.8104 103896
1.22333 135428
2.29286 133332
1.50136 150385
2.9262 190812
1.04401 114447
1.39101 172866
1.65478 186614
1.28907 153885
1.25184 184868
1.37606 135687
1.42014 130341
1.85746 150391
2.36073 147860
2.49901 132923
2.56752 177642
1.18212 198534
1.62902 100422
2.52593 146364
1.67408 128824
2.75606 102920
1.6532 146682
1.00279 121551
2.01499 102330
2.1241 113738
2.77861 103169
2.21177 170289
1.05629 187609
1.33283 189673
1.86769 178103
2.35676 107991
1.68622 174669
1.76603 196811
2.46919 129291
2.19022 182480
0.926339 0.0328683 6
0.984786 0.743796 2
0.905002 0.00127186 10
0.991158 1 1
0.932014 0.0691705 5
0.940737 0.147425 4
0.904379 0.00124914 10
0.906769 0.00270775 9
0.956841 0.328109 3
0.929192 0.0351366 6
0.894793 0.000220468 12
0.855142 1.29647e-11 0
0.944504 0.15772 4
0.934595 0.0728811 5
0.929468 0.035373 6
0.869065 4.21411e-07 19
0.911669 0.012332 7
0.952421 0.307023 3
0.925077 0.0610706 5
0.963646 0.576824 2
0.90073 0.00233702 9
0.901921 0.0024022 9
0.89814 0.00105628 10
0.932131 0.0693286 5
0.948862 0.292677 3
0.940929 0.147911 4
0.878756 1.37876e-05 15
0.927738 0.0638913 5
0.976297 0.65866 2
0.879083 1.3925e-05 15
0.900585 0.00484666 8
0.918219 0.055097 5
0.978155 0.674765 2
0.918517 0.0553232 5
0.970055 0.612913 2
0.936038 0.136732 4
0.958068 0.552258 2
0.952442 0.307113 3
0.953005 0.309591 3
0.900979 0.0048832 8
0.974874 0.647149 2
0.929912 0.125614 4
0.891514 0.000904452 10
0.930114 0.125937 4
0.913821 0.025767 6
0.903207 0.0220667 6
0.90172 0.0216563 6
0.9494 0.523412 2
0.896527 0.00955039 7
0.937366 0.258316 3
0.933964 0.25079 3
0.978649 1 1
0.970759 0.617496 2
0.933941 0.250743 3
0.870778 5.49699e-05 13
0.955 0.540912 2
0.956772 0.547295 2
0.863888 4.08369e-06 16
0.898511 0.00982827 7
0.916918 0.0541389 5
0.880343 0.00354013 8
0.914098 0.106671 4
0.978108 1 1
0.922482 0.2313 3
0.97979 1 1
0.914517 0.107047 4
0.924144 0.233663 3
0.919452 0.227306 3
0.942791 0.507006 2
0.92713 0.238257 3
0.965698 1 1
0.90256 0.0461302 5
0.910952 0.104015 4
0.957375 0.549573 2
0.891917 0.0194063 6
0.909909 0.0242225 6
0.966322 0.590739 2
0.918024 0.0549506 5
0.985812 1 1
0.946145 0.28306 3
0.931622 0.128441 4
0.904314 0.0107709 7
0.905038 0.0109042 7
0.958294 0.55315 2
0.94898 0.293117 3
0.906675 0.0112207 7
0.859616 5.95737e-08 21
0.958203 0.552791 2
0.956222 0.545267 2
0.915535 0.0265259 6
0.888835 0.0188273 6
0.881816 0.00797208 7
0.934209 0.490734 2
0.876197 0.00336332 8
0.917723 0.225192 3
0.915912 0.108334 4
0.962251 1 1
0.955875 0.544009 2
0.912823 0.105562 4
0.85235 7.14831e-06 15
0.942991 0.507446 2
0.977933 1 1
0.844609 4.72862e-07 18
0.879921 0.00352119 8
0.901944 0.0458666 5
0.907954 0.0027938 9
0.901971 0.0011677 10
0.941849 0.15029 4
0.89532 0.000224036 12
0.932082 0.0692622 5
0.937027 0.0768024 5
0.984127 0.736036 2
0.976765 0.662598 2
0.932835 0.0703037 5
0.866366 1.52403e-08 23
0.946869 0.165119 4
0.95576 0.322584 3
0.860777 4.61054e-10 27
0.893514 0.000212196 12
0.921593 0.0297032 6
0.862724 2.04594e-05 14
0.908781 0.0491095 5
0.93872 0.261595 3
0.924291 0.233878 3
0.951972 0.530981 2
0.892724 0.00906893 7
0.890236 0.00878559 7
0.886883 0.00386683 8
0.924524 0.234223 3
0.95997 0.560019 2
0.927444 0.238767 3
0.866115 4.98264e-05 13
0.935823 0.254781 3
0.980131 1 1
0.871869 0.000281741 11
0.921347 0.229758 3
0.944358 0.510543 2
0.956512 0.546333 2
0.942691 0.506787 2
0.97291 1 1
0.957512 0.550099 2
0.955452 0.5425 2
0.954016 0.537557 2
0.980202 1 1
0.911749 0.104662 4
0.948936 0.522124 2
0.910009 0.10327 4
0.908142 0.101857 4
0.937876 0.497107 2
0.933842 0.490138 2
0.895638 0.00209415 9
0.914478 0.0260518 6
0.983297 1 1
0.915714 0.0266087 6
0.970036 0.612795 2
0.930934 0.12728 4
0.953732 0.31287 3
0.947813 0.288837 3
0.948949 0.293001 3
0.901469 0.0049297 8
0.980087 1 1
0.930082 0.125886 4
0.890778 0.000890153 10
0.930919 0.127254 4
0.908777 0.0116596 7
0.919178 0.0145441 7
0.961635 0.355961 3
0.941727 0.149967 4
0.966772 0.593237 2
0.969214 0.607615 2
0.949924 0.296736 3
0.931043 0.0678828 5
0.930958 0.0677718 5
0.983518 0.729049 2
0.932542 0.0698941 5
0.931152 0.0680236 5
0.885911 1.73742e-05 15
0.932475 0.0698009 5
0.954096 0.314552 3
0.928668 0.0346967 6
0.876425 2.6654e-06 17
0.881552 1.50376e-05 15
0.954451 0.31622 3
0.880036 6.58569e-06 16
0.930931 0.0677371 5
0.907785 0.00562436 8
0.94905 0.293383 3
0.941387 0.149081 4
0.914809 0.0131655 7
0.866351 3.40773e-08 22
0.966028 0.589135 2
0.966179 0.589959 2
0.854762 6.63703e-11 29
0.894874 0.000463619 11
0.889784 0.000190844 12
0.897862 0.00219366 9
0.954808 0.31792 3
0.9062 0.0111267 7
0.974892 0.647294 2
0.933604 0.131973 4
0.916507 0.0269813 6
0.888883 0.000398492 11
0.889527 0.000404678 11
0.941869 0.269929 3
0.957986 0.551935 2
0.894596 0.0020506 9
0.845801 8.05045e-12 0
0.974015 0.640529 2
0.954096 0.314554 3
0.902109 0.00499176 8
0.882385 0.00802114 7
0.881043 0.00357205 8
0.94338 0.508311 2
0.877312 0.00340892 8
0.923527 0.23277 3
0.911694 0.104618 4
0.956514 0.546339 2
0.94922 0.52291 2
0.913377 0.106039 4
0.858134 4.26799e-05 13
0.953497 0.535836 2
0.977013 1 1
0.848562 1.2161e-06 17
0.886238 0.00837435 7
0.895681 0.043448 5
0.833593 4.60483e-12 0
0.869577 8.6685e-08 21
0.937904 0.140722 4
0.881406 6.90163e-06 16
0.928165 0.0643756 5
0.86587 1.49175e-08 23
0.879769 6.52676e-06 16
0.874209 5.09205e-07 19
0.893384 0.000211382 12
0.912768 0.00633156 8
0.93366 0.0714861 5
0.876464 1.21752e-06 18
0.888274 8.57077e-05 13
0.931562 0.0685631 5
0.844473 7.55252e-12 0
0.891244 0.00192249 9
0.886405 0.000813506 10
0.939898 0.264593 3
0.881212 0.000336405 11
0.923568 0.116652 4
0.919573 0.0561481 5
0.965763 0.587705 2
0.958815 0.555234 2
0.917964 0.0549056 5
0.857779 2.91891e-07 19
0.948379 0.520605 2
0.973332 0.635437 2
0.84988 8.03925e-09 23
0.885529 0.000799684 10
0.904553 0.0224575 6
0.909107 0.00579629 8
0.895435 0.0004707 11
0.928209 0.0644258 5
0.886979 3.85328e-05 14
0.919284 0.0283921 6
0.933872 0.0717976 5
0.979144 0.683873 2
0.975439 0.651637 2
0.92383 0.0311093 6
0.85503 2.94329e-11 30
0.933573 0.0713594 5
0.956728 0.327519 3
0.85072 1.02806e-11 0
0.881418 6.9046e-06 16
0.922179 0.0300577 6
0.919443 0.0284781 6
0.974865 0.647077 2
0.920936 0.0572649 5
0.989242 1 1
0.948832 0.292563 3
0.941945 0.270144 3
0.912796 0.0126179 7
0.913953 0.0258237 6
0.967553 0.597678 2
0.939295 0.143911 4
0.910121 0.0119616 7
0.866022 1.69002e-07 20
0.947805 0.288806 3
0.95036 0.298455 3
0.925543 0.0615421 5
0.919273 0.0145774 7
0.916901 0.00706132 8
0.94622 0.16301 4
0.909958 0.00295134 9
0.942832 0.15294 4
0.951144 0.180663 4
0.991209 1 1
0.984678 0.742514 2
0.94805 0.169118 4
0.87787 5.88558e-07 19
0.947735 0.168028 4
0.940579 0.14703 4
0.873714 1.03085e-07 21
0.904506 0.00125374 10
0.933281 0.0709373 5
0.880223 0.000150295 12
0.910618 0.0244848 6
0.985967 1 1
0.917591 0.0546283 5
0.976929 1 1
0.914823 0.0526947 5
0.928604 0.123579 4
0.923401 0.116445 4
0.941076 0.267731 3
0.919557 0.0561353 5
0.973645 0.637749 2
0.909708 0.0241497 6
0.903851 0.0106876 7
0.949594 0.295454 3
0.892233 0.00195851 9
0.873294 1.17757e-05 15
0.905134 0.0109222 7
0.980491 1 1
0.913259 0.0255298 6
0.970708 0.61716 2
0.907529 0.0113943 7
0.921316 0.0575874 5
0.916007 0.0267447 6
0.934333 0.133349 4
0.920873 0.0572118 5
0.970116 0.613303 2
0.90556 0.0110028 7
0.903288 0.00511057 8
0.950231 0.297946 3
0.885101 0.000168851 12
0.974868 1 1
0.950361 0.526152 2
0.905108 0.0472768 5
0.932756 0.248341 3
0.920069 0.112565 4
0.986504 1 1
0.943603 0.508814 2
0.950111 0.525429 2
0.953615 0.536226 2
0.87828 0.00155311 9
0.900695 0.0213858 6
0.888359 0.00858622 7
0.886037 0.0038207 8
0.895777 0.0202093 6
0.988568 1 1
0.888463 0.000847877 10
0.915972 0.053472 5
0.989044 1 1
0.921021 0.0573372 5
0.981022 1 1
0.923544 0.0595848 5
0.938211 0.260342 3
0.933073 0.130999 4
0.948257 0.29044 3
0.915571 0.0531971 5
0.976399 0.659511 2
0.915525 0.0531653 5
0.902296 0.0104189 7
0.945712 0.281625 3
0.900813 0.00486774 8
0.917574 0.109951 4
0.94082 0.502831 2
0.960641 0.562904 2
0.940066 0.501308 2
0.975821 1 1
0.953695 0.536487 2
0.955285 0.541909 2
0.953156 0.534726 2
0.976451 1 1
0.912084 0.10494 4
0.95294 0.534031 2
0.912054 0.104915 4
0.907284 0.101234 4
0.939003 0.49923 2
0.930139 0.243396 3
0.855353 2.71608e-07 19
0.897517 0.00968653 7
0.944971 0.511981 2
0.911386 0.0505592 5
0.949825 0.524611 2
0.886784 0.0017759 9
0.890693 0.0040918 8
0.886443 0.00176566 9
0.917466 0.109844 4
0.944095 0.276484 3
0.935158 0.253321 3
0.872935 0.000128552 12
0.919831 0.112305 4
0.964928 0.5833 2
0.865348 9.58372e-06 15
0.890468 0.00881111 7
0.939357 0.263199 3
0.940179 0.26533 3
0.954704 0.539891 2
0.966117 0.589619 2
0.919373 0.111812 4
0.907322 0.048354 5
0.905595 0.0475068 5
0.952114 0.531423 2
0.960245 0.561193 2
0.927799 0.239352 3
0.871745 0.000125529 12
0.94976 0.524427 2
0.985614 1 1
0.89901 0.020961 6
0.906091 0.00131335 10
0.963568 0.368928 3
0.907565 0.00137333 10
0.983729 0.731447 2
0.935333 0.074024 5
0.92418 0.0165195 7
0.894481 0.000104282 13
0.895537 0.000108086 13
0.948114 0.169341 4
0.95001 0.17624 4
0.896234 0.000110722 13
0.849597 9.71088e-12 0
0.965399 0.382246 3
0.950179 0.176885 4
0.91022 0.00297309 9
0.883462 7.42089e-06 16
0.892059 9.63198e-05 13
0.965597 0.383751 3
0.891146 9.35676e-05 13
0.942941 0.153241 4
0.916274 0.0135972 7
0.954232 0.31519 3
0.946559 0.164102 4
0.925855 0.0325132 6
0.877173 5.72147e-07 19
0.976024 0.656394 2
0.95548 0.321193 3
0.8658 2.97019e-09 25
0.906032 0.00265667 9
0.896924 0.000235506 12
0.958776 0.338666 3
0.935638 0.135915 4
0.914221 0.0130004 7
0.920893 0.029291 6
0.923593 0.0309539 6
0.980569 0.697674 2
0.962155 0.359342 3
0.969436 0.608993 2
0.950835 0.300368 3
0.872273 4.73329e-07 19
0.911942 0.0123998 7
0.906758 0.00549778 8
0.876266 2.65089e-06 17
0.893278 0.000444475 11
0.973149 0.634091 2
0.895785 0.0202109 6
0.927857 0.23945 3
0.975328 1 1
0.933859 0.250573 3
0.994821 1 1
0.930545 0.244133 3
0.936504 0.256317 3
0.932643 0.248119 3
0.958871 0.555461 2
0.925262 0.235328 3
0.963112 0.574222 2
0.906102 0.0477505 5
0.91385 0.106452 4
0.955319 0.542031 2
0.907556 0.0484726 5
0.907805 0.0114519 7
0.952337 0.306659 3
0.946155 0.283097 3
0.962118 0.56953 2
0.975129 0.649161 2
0.93856 0.261199 3
0.924623 0.0606202 5
0.923543 0.0595837 5
0.972116 0.626716 2
0.941753 0.269605 3
0.934506 0.13368 4
0.883825 0.000163615 12
0.937682 0.259067 3
0.965724 0.587497 2
0.91724 0.0543714 5
0.960756 0.350418 3
0.962075 0.358819 3
0.917195 0.0138835 7
0.946449 0.284085 3
0.93476 0.134173 4
0.991766 1 1
0.945914 0.162038 4
0.950805 0.300245 3
0.969899 0.611917 2
0.89308 0.000442197 11
0.911384 0.00611834 8
0.890363 0.000193915 12
0.899716 0.00109968 10
0.911263 0.00610033 8
0.972215 0.627411 2
0.94776 0.288647 3
0.991539 1 1
0.90241 0.00242997 9
0.971017 0.619211 2
0.926796 0.062856 5
0.957626 0.332288 3
0.915015 0.0262902 6
0.918836 0.028153 6
0.960175 0.560891 2
0.909438 0.0118061 7
0.893776 0.000951372 10
0.862428 2.91521e-08 22
0.923151 0.0592192 5
0.919041 0.0282619 6
0.950204 0.297838 3
0.872958 0.000287238 11
0.922145 0.114925 4
0.934008 0.250881 3
0.938901 0.262047 3
0.954096 0.537823 2
0.901413 0.0215742 6
0.892782 0.00907573 7
0.89036 0.00879914 7
0.93362 0.250081 3
0.97111 1 1
0.921943 0.114687 4
0.862701 2.04492e-05 14
0.950237 0.525794 2
0.994484 1 1
0.881297 0.00162506 9
0.885148 0.000365808 11
0.909942 0.0242346 6
0.996401 1 1
0.91429 0.0259696 6
0.973593 0.637364 2
0.920196 0.056651 5
0.939365 0.263219 3
0.933606 0.131978 4
0.942767 0.272503 3
0.90924 0.0239817 6
0.983929 1 1
0.921291 0.0575662 5
0.895505 0.00442322 8
0.939163 0.262708 3
0.897766 0.00460112 8
0.901404 0.0102719 7
0.902236 0.0104089 7
0.953457 0.535707 2
0.897776 0.00972296 7
0.940483 0.266134 3
0.932953 0.248733 3
0.975859 1 1
0.967947 0.599973 2
0.935029 0.253043 3
0.873551 5.84722e-05 13
0.959177 0.556713 2
0.955742 0.543531 2
0.866071 9.75541e-06 15
0.901541 0.0102942 7
0.915131 0.0529 5
0.920498 0.0150199 7
0.957063 0.32928 3
0.947319 0.166615 4
0.959471 0.342679 3
0.973155 0.634138 2
0.953468 0.311668 3
0.938523 0.0794424 5
0.938114 0.0787021 5
0.987319 0.775756 2
0.926522 0.0330048 6
0.937302 0.0772736 5
0.893289 0.000100234 13
0.925029 0.0319249 6
0.950124 0.176677 4
0.931025 0.0678584 5
0.85901 1.32888e-07 20
0.891988 0.00194947 9
0.967569 0.59777 2
0.901489 0.0102857 7
0.955565 0.542899 2
0.892643 0.00197388 9
0.907677 0.0234429 6
0.902082 0.0103832 7
0.919497 0.0560872 5
0.918264 0.0551308 5
0.961156 0.565171 2
0.898476 0.00466032 8
0.897638 0.00459062 8
0.9449 0.279001 3
0.87058 1.09445e-05 15
0.837808 2.27894e-09 24
0.871589 0.000629231 10
0.945258 0.512668 2
0.882338 0.00363291 8
0.932356 0.247554 3
0.870578 0.000619609 10
0.886854 0.00843448 7
0.881033 0.00357161 8
0.89715 0.0205188 6
0.90895 0.102458 4
0.94205 0.505402 2
0.885234 0.00827853 7
0.885495 0.00830319 7
0.930301 0.243689 3
0.849059 5.28761e-07 18
0.840042 6.13953e-12 0
0.87244 1.05382e-06 18
0.949138 0.293712 3
0.882526 3.36008e-05 14
0.934232 0.133155 4
0.873053 1.07658e-06 18
0.890786 0.00019621 12
0.88481 7.75876e-05 13
0.898968 0.00107869 10
0.906401 0.0054552 8
0.9467 0.284939 3
0.890276 0.00019345 12
0.88359 3.46825e-05 14
0.928986 0.0653312 5
0.851501 2.46205e-11 30
0.924963 0.0609569 5
0.921542 0.0577822 5
0.943148 0.273624 3
0.91372 0.0257242 6
0.942695 0.272294 3
0.957004 0.548166 2
0.991005 1 1
0.987898 1 1
0.951757 0.304183 3
0.87909 3.0457e-05 14
0.943573 0.274892 3
0.935275 0.135187 4
0.87606 1.27314e-05 15
0.905113 0.00530691 8
0.939064 0.143369 4
0.869166 3.83347e-08 22
0.921687 0.0297593 6
0.917941 0.014125 7
0.940442 0.146688 4
0.93955 0.144517 4
0.894551 0.000218863 12
0.880778 6.75403e-06 16
0.87906 2.92424e-06 17
0.925664 0.0323751 6
0.988289 1 1
0.905994 0.00265408 9
0.848413 9.15137e-12 0
0.965021 0.583784 2
0.979596 0.688153 2
0.876092 1.2009e-06 18
0.869176 4.23081e-07 19
0.890725 0.000195872 12
0.982357 0.71623 2
0.895091 0.00098084 10
0.953505 0.311837 3
0.903433 0.00249016 9
0.930049 0.0666197 5
0.923257 0.0593167 5
0.923201 0.0306995 6
0.895654 0.000994006 10
0.989295 1 1
0.928336 0.064571 5
0.879544 1.41227e-05 15
0.92452 0.0605192 5
0.881956 3.30433e-05 14
0.919728 0.0562717 5
0.975847 0.654941 2
0.897374 0.00217101 9
0.984981 1 1
0.924553 0.0605513 5
0.931325 0.127935 4
0.894833 0.000974927 10
0.897205 0.00216328 9
0.946988 0.285932 3
0.931112 0.127576 4
0.886923 0.000176856 12
0.846311 8.25225e-12 0
0.949869 0.296523 3
0.93201 0.12911 4
0.921591 0.0578241 5
0.940754 0.502695 2
0.991834 1 1
0.913747 0.106361 4
0.977873 1 1
0.93892 0.262095 3
0.959426 0.55774 2
0.921235 0.113868 4
0.924152 0.233675 3
0.971342 1 1
0.917983 0.110364 4
0.90463 0.0470546 5
0.869687 0.000120587 12
0.928747 0.24095 3
0.93015 0.243415 3
0.946105 0.514732 2
0.915527 0.053167 5
0.956915 0.547831 2
0.94597 0.282479 3
0.962893 0.573171 2
0.9739 1 1
0.947116 0.286373 3
0.931612 0.246122 3
0.931003 0.244977 3
0.981007 1 1
0.933707 0.250259 3
0.935118 0.253236 3
0.888083 0.00181609 9
0.931712 0.246312 3
0.956955 0.547983 2
0.925378 0.118988 4
0.88307 0.000763288 10
0.935167 0.253342 3
0.927803 0.122384 4
0.953184 0.534818 2
0.952405 0.532331 2
0.909493 0.0494928 5
0.894659 0.0043606 8
0.893216 0.00425823 8
0.941174 0.268002 3
0.97386 1 1
0.915564 0.0531925 5
0.859374 6.98681e-07 18
0.961925 0.568644 2
0.986282 1 1
0.890475 0.00407809 8
0.936794 0.256981 3
0.943347 0.508238 2
0.941586 0.504419 2
0.935108 0.253213 3
0.952582 0.532891 2
0.973541 1 1
0.968666 0.604261 2
0.970262 1 1
0.973367 1 1
0.894936 0.00934115 7
0.937292 0.258142 3
0.914339 0.106886 4
0.894656 0.0093056 7
0.919046 0.111465 4
0.950511 0.526592 2
0.902036 0.0103755 7
0.911331 0.024756 6
0.967412 0.596862 2
0.909047 0.0239136 6
0.955817 0.543802 2
0.936249 0.255737 3
0.968936 0.605902 2
0.96202 0.56908 2
0.945625 0.281341 3
0.887737 0.00083543 10
0.970057 0.612926 2
0.942686 0.272268 3
0.879335 0.000147302 12
0.916305 0.0537043 5
0.915704 0.0532878 5
48 0 1 2 3 4 5 6 7 8 9 10 11 12 13 14 16 17 18 19 20 21 22 23 24 25 26 27 28 29 30 31 32 33 34 35 36 37 38 39 41 42 43 44 45 46 47 48 49 
46 0 1 2 3 4 5 6 7 8 9 10 11 12 13 14 15 16 17 18 19 20 21 23 24 25 26 27 28 30 31 34 35 36 37 38 39 40 41 42 43 44 45 46 47 48 49 
10 12 14 15 21 25 28 38 39 40 43 
47 1 2 3 4 5 6 7 8 9 10 11 12 13 14 15 16 17 18 19 20 21 22 23 24 25 26 27 28 29 30 31 32 34 35 36 37 38 39 40 41 42 43 45 46 47 48 49 
24 1 2 3 4 6 8 10 12 14 15 16 20 21 23 25 28 30 35 36 38 39 40 43 49 
40 1 2 3 4 6 7 8 9 10 11 12 14 15 16 17 19 20 21 23 24 25 26 28 29 30 31 34 35 36 37 38 39 40 41 42 43 46 47 48 49 
34 1 2 3 4 6 7 8 9 10 12 14 15 16 17 19 20 21 23 24 25 26 28 30 31 34 35 36 38 39 40 42 43 47 49 
43 1 2 3 4 5 6 7 8 9 10 11 12 13 14 15 16 17 18 19 20 21 23 24 25 26 27 28 30 31 34 35 36 37 38 39 40 41 42 43 46 47 48 49 
39 1 2 3 4 6 7 8 9 10 11 12 14 15 16 17 19 20 21 23 24 25 26 28 30 31 34 35 36 37 38 39 40 41 42 43 46 47 48 49 
40 1 2 3 4 6 7 8 9 10 11 12 14 15 16 17 19 20 21 23 24 25 26 28 29 30 31 34 35 36 37 38 39 40 41 42 43 46 47 48 49 
7 12 15 25 38 39 40 43 
0 
38 1 2 3 4 6 7 8 9 10 11 12 14 15 16 19 20 21 23 24 25 26 28 30 31 34 35 36 37 38 39 40 41 42 43 46 47 48 49 
26 1 2 3 4 6 7 8 10 12 14 15 16 20 21 23 25 28 30 34 35 36 38 39 40 43 49 
46 1 2 3 4 5 6 7 8 9 10 11 12 13 14 16 17 18 19 20 21 22 23 24 25 26 27 28 29 30 31 32 34 35 36 37 38 39 40 41 42 43 45 46 47 48 49 
