40 15 1e+07
1.3555 163123
1.49101 160813
1.08393 125307
1.27575 173559
2.46713 147052
1.80833 139340
1.88133 149495
1.14274 165092
1.96933 163022
1.81377 145475
2.36612 142501
1.99961 131170
1.95195 165718
1.24439 145515
2.59583 179179
2.69836 199447
2.25497 170600
2.82665 112946
2.50765 106287
2.94303 169822
2.37648 172716
2.05347 105627
2.23086 173120
1.39268 139240
2.22729 158365
2.25096 114628
2.78899 115517
1.47125 189134
1.68483 128548
1.45654 176833
1.46963 149349
2.53456 180507
1.32605 103621
1.31975 118482
2.46749 131575
2.43334 170117
2.99448 154409
1.66457 191913
2.43086 159328
1.6728 188918
0.9485 0.520933 2
0.959546 0.558237 2
0.988134 1 1
0.944719 0.511386 2
0.903342 0.0464722 5
0.910514 0.103666 4
0.892794 0.0195806 6
0.939198 0.499606 2
0.946728 0.516293 2
0.928484 0.240501 3
0.915476 0.107926 4
0.957915 0.55166 2
0.913699 0.106319 4
0.922939 0.231936 3
0.968339 1 1
0.893274 0.00913473 7
0.935106 0.253209 3
0.90639 0.0478908 5
0.89683 0.0204455 6
0.893368 0.00914607 7
0.91806 0.110442 4
0.971346 1 1
0.947918 0.519376 2
0.895445 0.0201363 6
0.931575 0.246052 3
0.878896 0.00156725 9
0.86248 2.03526e-05 14
0.983322 1 1
0.96806 1 1
0.927542 0.238929 3
0.969939 1 1
0.954501 0.539193 2
0.966446 1 1
0.964904 0.583177 2
0.920708 0.228915 3
0.923129 0.232204 3
0.892763 0.0195742 6
0.939734 0.50065 2
0.967448 1 1
0.937523 0.49646 2
0.936515 0.256342 3
0.963071 0.574027 2
0.908142 0.048774 5
0.92067 0.11323 4
0.960475 0.562183 2
0.951253 0.528791 2
0.931069 0.127504 4
0.953495 0.535832 2
0.945016 0.279372 3
0.901946 0.0103606 7
0.900478 0.0101246 7
0.869115 1.05339e-05 15
0.914994 0.0528079 5
0.947938 0.289286 3
0.912966 0.0515071 5
0.922732 0.115627 4
0.989293 1 1
0.885419 0.000797977 10
0.896787 0.00452217 8
0.938221 0.260368 3
0.919482 0.0146511 7
0.924406 0.0166204 7
0.957631 0.332317 3
0.914398 0.00660179 8
0.872493 4.43603e-08 22
0.876728 2.57203e-07 20
0.860255 3.89222e-11 30
0.904015 0.00123618 10
0.91689 0.00705901 8
0.893301 0.000100276 13
0.888744 1.92091e-05 15
0.962807 0.363693 3
0.882841 3.36626e-06 17
0.889661 1.98674e-05 15
0.93316 0.0707646 5
0.952815 0.308749 3
0.948664 0.291939 3
0.921802 0.0298286 6
0.959009 0.339997 3
0.965296 0.585221 2
0.986543 1 1
0.939187 0.143656 4
0.963814 0.577651 2
0.956274 0.325178 3
0.989652 1 1
0.950087 0.297376 3
0.900436 0.00232148 9
0.934937 0.134519 4
0.951631 0.303654 3
0.942406 0.151778 4
0.866162 0.000112871 12
0.913541 0.106181 4
0.912226 0.105058 4
0.866078 0.000112698 12
0.842406 6.2469e-09 23
0.861669 2.00028e-05 14
0.893033 0.00910573 7
0.904651 0.0470639 5
0.8664 0.000113365 12
0.881031 0.00161845 9
0.840142 2.46392e-09 24
0.866507 0.000113589 12
0.921536 0.114214 4
0.911004 0.104057 4
0.914033 0.106614 4
0.958207 0.335469 3
0.924595 0.0605931 5
0.907134 0.00554352 8
0.963861 0.577882 2
0.988616 1 1
0.968791 0.605016 2
0.908077 0.00566148 8
0.933254 0.13133 4
0.961169 0.565229 2
0.956683 0.327287 3
0.979764 0.689778 2
0.90299 0.00507992 8
0.902696 0.00244649 9
0.918956 0.0282162 6
0.921268 0.0295104 6
0.890748 0.00041689 11
0.940095 0.145834 4
0.934462 0.133595 4
0.890957 0.000419058 11
0.866991 1.75055e-07 20
0.886442 0.000174677 12
0.913338 0.0127603 7
0.930864 0.127164 4
0.891162 0.000421191 11
0.906575 0.00547594 8
0.864571 7.13085e-08 21
0.885659 0.000171231 12
0.943839 0.275699 3
0.935624 0.135886 4
0.939981 0.145556 4
0.954383 0.538792 2
0.97589 1 1
0.945446 0.51312 2
0.958099 0.552379 2
0.940674 0.502533 2
0.959099 0.55639 2
0.940866 0.502925 2
0.986902 1 1
0.95671 0.547066 2
0.981426 1 1
0.935297 0.253624 3
0.913433 0.106087 4
0.950423 0.526335 2
0.966829 1 1
0.968698 1 1
0.924306 0.233901 3
0.963755 0.577361 2
0.930819 0.244635 3
0.92792 0.239554 3
0.919443 0.111887 4
0.943396 0.508349 2
0.965053 0.583951 2
0.980771 1 1
0.926534 0.237301 3
0.961481 0.566626 2
0.907967 0.0486836 5
0.889692 0.00872666 7
0.980963 1 1
0.998002 1 1
0.954923 0.540644 2
0.930308 0.126251 4
0.929701 0.125278 4
0.961581 0.567078 2
0.924956 0.0609495 5
0.882386 0.000158052 12
0.885429 0.000368094 11
0.864981 3.6645e-07 19
0.909954 0.024239 6
0.927558 0.122026 4
0.901252 0.004909 8
0.899598 0.00475743 8
0.973774 0.638716 2
0.88603 0.000373069 11
0.894276 0.00203764 9
0.938338 0.260653 3
0.903285 0.0105878 7
0.950386 0.526226 2
0.95174 0.530268 2
0.902705 0.0104879 7
0.874188 5.93297e-05 13
0.891549 0.00193343 9
0.908336 0.0236663 6
0.935988 0.255149 3
0.903278 0.0105867 7
0.912394 0.0251753 6
0.87495 6.03861e-05 13
0.902654 0.0104793 7
0.938558 0.261195 3
0.935132 0.253266 3
0.952706 0.533283 2
0.891826 0.00896401 7
0.940792 0.502774 2
0.936695 0.256754 3
0.891866 0.00896859 7
0.867006 0.000114639 12
0.886078 0.0038229 8
0.911375 0.104356 4
0.930582 0.244201 3
0.892149 0.00900136 7
0.906355 0.0478734 5
0.865208 4.89198e-05 13
0.887985 0.00854793 7
0.941915 0.505113 2
0.934416 0.251735 3
0.94115 0.503508 2
0.946471 0.284161 3
0.930172 0.126031 4
0.905914 0.0110709 7
0.952933 0.534009 2
0.982305 1 1
0.990354 1 1
0.928017 0.1227 4
0.944556 0.277914 3
0.949955 0.296857 3
0.969841 0.611546 2
0.95744 0.54982 2
0.89146 0.00193025 9
0.918362 0.0552052 5
0.934223 0.133138 4
0.924615 0.117984 4
0.927774 0.239312 3
0.978428 1 1
0.965358 1 1
0.927947 0.239598 3
0.900071 0.0450956 5
0.917445 0.109823 4
0.925015 0.234956 3
0.962287 0.570315 2
0.928206 0.240032 3
0.938955 0.499136 2
0.900079 0.0450988 5
0.915188 0.107659 4
0.95241 0.532347 2
0.955902 0.544108 2
0.978978 1 1
0.881928 0.000747476 10
0.921658 0.114355 4
0.893147 0.00425342 8
0.88575 0.00174524 9
0.88602 0.00175313 9
0.910698 0.050163 5
0.970059 0.612942 2
0.935433 0.25392 3
0.884224 0.000779949 10
0.921705 0.11441 4
0.869684 2.39391e-05 14
0.85004 1.87271e-08 22
0.969103 0.606927 2
0.955519 0.542738 2
0.914083 0.0522113 5
0.926412 0.237109 3
0.965945 0.588685 2
0.932804 0.248437 3
0.929972 0.243097 3
0.920615 0.113168 4
0.944306 0.510422 2
0.96302 0.573782 2
0.983079 1 1
0.928615 0.240725 3
0.96295 0.573447 2
0.909649 0.0495777 5
0.891819 0.00896322 7
0.97901 1 1
0.995619 1 1
0.957051 0.548342 2
0.961327 0.56593 2
0.967786 0.599032 2
0.979293 0.685271 2
0.95823 0.552895 2
0.917069 0.0542477 5
0.92427 0.0602766 5
0.902148 0.00499555 8
0.949813 0.296305 3
0.959989 0.560101 2
0.9419 0.270016 3
0.928097 0.122818 4
0.952917 0.309197 3
0.920333 0.0567628 5
0.931695 0.128567 4
0.974997 0.648116 2
0.973022 0.633172 2
0.964043 0.578793 2
0.967524 0.597509 2
0.969714 0.610744 2
0.927037 0.121276 4
0.93201 0.12911 4
0.902946 0.00507545 8
0.950369 0.29849 3
0.971608 0.623203 2
0.947703 0.288443 3
0.939347 0.263173 3
0.952245 0.306264 3
0.917858 0.0548264 5
0.930934 0.12728 4
0.968842 0.605329 2
0.919265 0.111697 4
0.959242 0.556978 2
0.926925 0.121118 4
0.922904 0.115835 4
0.915716 0.0532958 5
0.940033 0.264946 3
0.968642 0.604118 2
0.975401 1 1
0.9215 0.114172 4
0.957081 0.548455 2
0.903457 0.0221381 6
0.88518 0.000794311 10
0.985799 1 1
0.996202 1 1
0.950604 0.526864 2
0.919122 0.111545 4
0.922471 0.115313 4
0.955487 0.542625 2
0.913924 0.0521091 5
0.871938 0.00012601 12
0.875691 0.000301949 11
0.858375 1.55301e-06 17
0.902232 0.0217953 6
0.916458 0.108856 4
0.891989 0.00417536 8
0.888662 0.00396821 8
0.964248 0.579819 2
0.88069 0.00073106 10
0.887689 0.00391205 8
0.931195 0.245335 3
0.93868 0.142477 4
0.931638 0.128469 4
0.960805 0.563619 2
0.933015 0.130894 4
0.889995 0.00040928 11
0.891602 0.000425846 11
0.867251 3.95627e-07 19
0.912916 0.0126492 7
0.935738 0.136118 4
0.906435 0.00545925 8
0.908371 0.0115718 7
0.982804 1 1
0.886689 0.000175791 12
0.89616 0.0010061 10
0.939917 0.145399 4
0.914472 0.0524633 5
0.922633 0.115508 4
0.956021 0.544537 2
0.909579 0.0495397 5
0.868093 2.3063e-05 14
0.873138 5.7926e-05 13
0.859016 6.91567e-07 18
0.902003 0.0103701 7
0.911993 0.0509168 5
0.890163 0.00188465 9
0.883612 0.000771022 10
0.95643 0.546028 2
0.88241 0.00075407 10
0.888432 0.00182723 9
0.93137 0.245663 3
0.9084 0.0489087 5
0.95976 0.559133 2
0.941744 0.504752 2
0.909638 0.102982 4
0.889122 0.00866586 7
0.909919 0.103199 4
0.935515 0.254101 3
0.955068 0.54115 2
0.909381 0.102786 4
0.930189 0.243487 3
0.884261 0.00372782 8
0.892436 0.0090349 7
0.966825 1 1
0.960789 0.563551 2
0.956432 0.546036 2
0.926547 0.0330239 6
0.913054 0.00637746 8
0.941659 0.14979 4
0.920468 0.0150085 7
0.878583 1.31905e-06 18
0.877379 5.76922e-07 19
0.850241 1.00325e-11 0
0.895149 0.000222865 12
0.923313 0.0307716 6
0.890483 4.32833e-05 14
0.899631 0.000530281 11
0.983675 0.730832 2
0.86886 1.70153e-08 23
0.878369 1.30821e-06 18
0.92107 0.0152354 7
0.998158 1 1
0.948077 0.519798 2
0.943103 0.273491 3
0.992689 1 1
0.947051 0.517116 2
0.944652 0.51123 2
0.900821 0.0214184 6
0.943507 0.508596 2
0.995734 1 1
0.952886 0.533858 2
0.963559 0.576395 2
0.942188 0.270833 3
0.908562 0.0489938 5
0.923892 0.117059 4
0.949308 0.523154 2
0.921817 0.11454 4
0.922518 0.115369 4
0.955068 0.54115 2
0.916464 0.108861 4
0.874265 0.000132086 12
0.877322 0.00031142 11
0.858302 1.55005e-06 17
0.902559 0.0218853 6
0.919058 0.111477 4
0.893204 0.00912625 7
0.891615 0.00415082 8
0.968571 0.603689 2
0.880007 0.000722305 10
0.887522 0.00179852 9
0.931191 0.245327 3
0.947663 0.2883 3
0.969858 0.611654 2
0.93784 0.259445 3
0.951998 0.305205 3
0.941483 0.268851 3
0.962939 0.57339 2
0.948933 0.292941 3
0.988663 1 1
0.950278 0.298132 3
0.985056 1 1
0.932235 0.129503 4
0.905217 0.0109379 7
0.955333 0.54208 2
0.972524 0.629592 2
0.961747 0.567828 2
0.933426 0.131644 4
0.952218 0.306147 3
0.919774 0.0563092 5
0.938676 0.261486 3
0.942425 0.271513 3
0.968265 0.601855 2
0.963458 0.5759 2
0.973973 0.640216 2
0.936455 0.137595 4
0.979822 1 1
0.925651 0.119354 4
0.887955 0.000839126 10
0.957375 0.549573 2
0.972972 0.632806 2
0.943707 0.275298 3
0.99112 1 1
0.945784 0.281863 3
0.945876 0.282168 3
0.984463 1 1
0.939713 0.264113 3
0.936732 0.256838 3
0.89472 0.00436501 8
0.938537 0.261143 3
0.987548 1 1
0.945661 0.281457 3
0.958601 0.554374 2
0.950001 0.525114 2
0.904072 0.0223157 6
0.91884 0.0555716 5
0.94836 0.520554 2
0.884838 0.00171909 9
0.934578 0.252077 3
0.917859 0.110238 4
0.886434 0.0017654 9
0.870396 5.45155e-05 13
0.892553 0.00421299 8
0.932139 0.247132 3
0.934051 0.25097 3
0.885989 0.00175224 9
0.910787 0.0502137 5
0.862853 3.97566e-06 16
0.869424 5.33871e-05 13
0.960334 0.561574 2
0.946328 0.515286 2
0.930927 0.244835 3
0.943342 0.274201 3
0.959216 0.556872 2
0.927654 0.122167 4
0.948498 0.291324 3
0.946983 0.285914 3
0.971076 0.6196 2
0.953873 0.537079 2
0.979391 1 1
0.946339 0.283715 3
0.989242 1 1
0.933312 0.249454 3
0.897358 0.00456783 8
0.953164 0.534752 2
0.970188 0.613769 2
0.951169 0.528536 2
0.909565 0.049532 5
0.925094 0.118611 4
0.893135 0.00425261 8
0.915275 0.0529967 5
0.933107 0.249042 3
0.957042 0.54831 2
0.971496 0.62244 2
0.946521 0.515769 2
0.912777 0.0513908 5
0.954492 0.539164 2
0.90957 0.0495346 5
0.862514 3.94122e-06 16
0.94581 0.514005 2
0.954198 0.538169 2
0.916605 0.0539156 5
0.963749 0.57733 2
0.921226 0.0294855 6
0.90848 0.00571344 8
0.967854 0.599427 2
0.975551 0.652543 2
0.955777 0.322668 3
0.896909 0.00102456 10
0.926358 0.0623884 5
0.965858 0.588216 2
0.947478 0.287645 3
0.993972 1 1
0.911106 0.0121943 7
0.894173 0.000455031 11
0.910385 0.0120232 7
0.919342 0.0284231 6
0.865572 9.63624e-06 15
0.913894 0.0520903 5
0.908874 0.0491589 5
0.865927 9.72073e-06 15
0.844504 1.22422e-09 25
0.864649 9.42228e-06 15
0.899583 0.00998708 7
0.907157 0.0232707 6
0.866047 9.74964e-06 15
0.883586 0.000770641 10
0.840654 1.9251e-10 27
0.862216 3.91131e-06 16
0.927331 0.121698 4
0.915427 0.0530988 5
0.913363 0.0517542 5
0.963326 1 1
0.944425 0.510698 2
0.922417 0.23121 3
0.969902 1 1
0.973765 1 1
0.980726 1 1
0.925688 0.23598 3
0.954808 0.540248 2
0.966916 1 1
0.978414 1 1
0.963817 1 1
0.907984 0.101741 4
0.923146 0.232228 3
0.939853 0.500885 2
0.939904 0.500985 2
0.908633 0.0116284 7
0.946358 0.283778 3
0.914666 0.0261345 6
0.912637 0.0125767 7
0.910506 0.0120515 7
0.935612 0.135864 4
0.980069 0.692733 2
0.963216 0.574725 2
0.91104 0.0121784 7
0.949234 0.294078 3
0.895532 0.000991123 10
0.873351 2.40451e-06 17
0.986404 1 1
0.983565 1 1
0.937868 0.140641 4
0.936191 0.137046 4
0.980315 1 1
0.978017 0.673527 2
0.935443 0.135522 4
0.903061 0.00508725 8
0.917799 0.0547826 5
0.916532 0.0269935 6
0.959057 0.556221 2
0.936131 0.136923 4
0.939006 0.262311 3
0.906377 0.0111614 7
0.927435 0.121848 4
0.941648 0.269309 3
0.94785 0.28897 3
0.986473 1 1
0.92919 0.065573 5
0.97636 0.659183 2
0.972125 0.626778 2
0.928705 0.0649996 5
0.898087 0.000506898 11
0.914033 0.0129486 7
0.918128 0.0141866 7
0.957301 0.330543 3
0.929265 0.0656627 5
0.935397 0.0741248 5
0.900107 0.00111094 10
0.92104 0.0293768 6
0.945027 0.15929 4
0.949048 0.293373 3
0.980117 0.693201 2
34 0 1 2 3 4 6 8 9 10 11 12 13 15 16 17 18 19 20 21 22 23 24 25 26 27 28 29 30 31 32 35 37 38 39 
20 0 3 4 6 8 11 12 13 15 18 21 22 23 24 25 27 31 35 38 39 
12 4 6 8 11 12 13 21 22 23 25 27 35 
35 0 1 2 3 4 6 8 9 10 11 12 13 15 16 17 18 19 20 21 22 23 24 25 26 27 28 29 30 31 32 33 35 37 38 39 
40 0 1 2 3 4 5 6 7 8 9 10 11 12 13 14 15 16 17 18 19 20 21 22 23 24 25 26 27 28 29 30 31 32 33 34 35 36 37 38 39 
37 0 1 2 3 4 5 6 8 9 10 11 12 13 15 16 17 18 19 20 21 22 23 24 25 26 27 28 29 30 31 32 33 35 36 37 38 39 
23 0 1 4 6 8 10 11 12 13 15 16 17 20 21 22 23 24 27 31 35 37 38 39 
28 0 1 2 3 4 6 8 10 11 12 13 15 16 17 18 19 20 21 22 23 24 25 27 31 35 37 38 39 
36 0 1 2 3 4 5 6 8 9 10 11 12 13 15 16 17 18 19 20 21 22 23 24 25 26 27 28 29 30 31 32 33 35 37 38 39 
33 0 1 2 3 4 6 8 9 10 11 12 13 15 16 17 18 19 20 21 22 23 24 25 26 27 28 30 31 32 35 37 38 39 
40 0 1 2 3 4 5 6 7 8 9 10 11 12 13 14 15 16 17 18 19 20 21 22 23 24 25 26 27 28 29 30 31 32 33 34 35 36 37 38 39 
18 0 4 6 8 11 12 13 15 21 22 23 24 25 27 31 35 38 39 
19 0 4 6 8 11 12 13 15 18 21 22 23 24 25 27 31 35 38 39 
25 0 1 3 4 6 8 10 11 12 13 15 16 17 18 20 21 22 23 24 25 27 31 35 38 39 
19 0 3 4 6 8 11 12 13 15 21 22 23 24 25 27 31 35 38 39 
