70 15 1e+07
1.29849 196005
1.5099 197457
1.14924 149998
2.46625 197029
1.37517 160726
2.09472 195301
2.40644 180692
2.15846 184827
1.29808 115136
1.10796 122106
1.85944 106456
1.44152 130826
1.82633 175991
1.61929 147393
2.38284 165518
1.43422 163530
1.64199 156230
1.30513 162122
2.1528 108818
2.48337 171089
1.36567 189111
2.54033 130800
1.08686 195086
2.19222 134222
2.09241 147949
2.05374 184125
1.27464 102040
1.03263 104380
1.0159 144644
1.00329 188604
2.04034 119139
1.17669 198948
1.07644 160684
2.58626 193623
1.14125 111346
2.35449 127571
1.19165 174056
1.13211 120230
2.15964 150109
1.72397 155264
1.30271 171897
2.04859 121136
1.86503 116921
1.0564 172768
1.29916 105475
1.50575 160995
1.37816 107130
1.71427 163923
2.49278 100894
2.0427 140699
1.19735 148849
2.10389 167513
1.47426 136556
2.12398 103503
1.3078 141733
2.32343 145831
1.67648 184928
1.08616 139314
1.72965 193774
1.63681 136035
2.08355 133799
1.81665 167142
1.99408 134597
1.47689 144065
2.70723 102036
1.49116 153688
1.99725 153643
1.84207 166347
1.10441 196769
1.93461 133473
0.96425 0.373762 3
0.898528 0.000513389 11
0.902645 0.00118953 10
0.955289 0.320254 3
0.95812 0.334993 3
0.970394 0.615102 2
0.898419 0.000511775 11
0.902443 0.00118291 10
0.946946 0.165371 4
0.884367 1.64857e-05 15
0.990933 1 1
0.930995 0.0678203 5
0.910051 0.0059256 8
0.971393 0.621738 2
0.883424 7.41071e-06 16
0.938361 0.14175 4
0.88852 0.000395081 11
0.869403 2.12228e-06 17
0.945563 0.281138 3
0.91739 0.0274116 6
0.889369 0.000403139 11
0.976356 0.659149 2
0.859533 2.61222e-08 22
0.931353 0.127983 4
0.946965 0.285852 3
0.896978 0.00215296 9
0.885923 0.00017238 12
0.892401 0.000922302 10
0.903696 0.00515314 8
0.89783 0.00219216 9
0.912942 0.0126559 7
0.915574 0.0133874 7
0.888718 8.68499e-05 13
0.923948 0.0311877 6
0.913386 0.0127733 7
0.879813 6.53633e-06 16
0.971078 0.619617 2
0.875591 1.17899e-06 18
0.929448 0.065884 5
0.998478 1 1
0.878391 2.85511e-06 17
0.895148 0.000467048 11
0.914108 0.0129691 7
0.895144 0.000467003 11
0.935693 0.0745968 5
0.896061 0.00211238 9
0.962864 0.573035 2
0.931828 0.128795 4
0.906212 0.0111289 7
0.918614 0.0553979 5
0.889102 0.000859156 10
0.918855 0.0555834 5
0.916672 0.0539631 5
0.928258 0.123058 4
0.940959 0.267415 3
0.877626 6.43611e-05 13
0.923667 0.0597 5
0.953659 0.53637 2
0.901781 0.0103334 7
0.993608 1 1
0.877644 0.00342275 8
0.947562 0.518439 2
0.91873 0.22641 3
0.887778 0.00852685 7
0.899269 0.0447789 5
0.870848 0.00062215 10
0.906331 0.100561 4
0.904015 0.0467735 5
0.90877 0.102323 4
0.931613 0.246123 3
0.859172 4.35126e-05 13
0.906485 0.100669 4
0.936624 0.494844 2
0.882964 0.00807178 7
0.974957 1 1
0.95103 0.528121 2
0.951251 0.528785 2
0.941885 0.269974 3
0.958392 0.553538 2
0.981775 1 1
0.94739 0.517989 2
0.927585 0.122065 4
0.933119 0.249066 3
0.986168 1 1
0.926434 0.120427 4
0.93792 0.259638 3
0.962337 0.570551 2
0.961382 0.566178 2
0.962714 0.572324 2
0.938926 0.26211 3
0.89249 0.00196813 9
0.95956 0.558297 2
0.928832 0.123927 4
0.902679 0.0104835 7
0.914621 0.0261145 6
0.885219 0.000366389 11
0.917124 0.0542877 5
0.913728 0.0257276 6
0.924364 0.060367 5
0.940189 0.265356 3
0.873803 1.19427e-05 15
0.919881 0.056395 5
0.949934 0.296775 3
0.897835 0.0046068 8
0.990103 1 1
0.913196 0.0127227 7
0.942558 0.152191 4
0.966067 0.589348 2
0.914747 0.013148 7
0.947935 0.289274 3
0.95313 0.310147 3
0.877484 2.76513e-06 17
0.972599 0.630125 2
0.935535 0.135708 4
0.879653 6.50129e-06 16
0.930514 0.0672037 5
0.981848 0.710805 2
0.953237 0.310625 3
0.951873 0.304672 3
0.914557 0.0130942 7
0.890101 0.00405483 8
0.983704 1 1
0.966005 0.589011 2
0.897816 0.00972863 7
0.922053 0.114817 4
0.901966 0.0217228 6
0.890852 0.0041018 8
0.951151 0.528485 2
0.923836 0.116989 4
0.906865 0.0231758 6
0.884903 0.00172094 9
0.945149 0.279797 3
0.972493 1 1
0.910486 0.0500432 5
0.965243 0.584945 2
0.943837 0.509345 2
0.952853 0.533752 2
0.952014 0.53111 2
0.94859 0.521177 2
0.98125 1 1
0.956641 0.546809 2
0.913094 0.105794 4
0.945506 0.513266 2
0.973332 1 1
0.912755 0.105504 4
0.942106 0.505521 2
0.976796 1 1
0.965079 1 1
0.969251 1 1
0.933661 0.489847 2
0.923586 0.0309493 6
0.884509 1.65643e-05 15
0.86308 1.16236e-09 26
0.931484 0.06846 5
0.906031 0.0026566 9
0.876749 1.2305e-06 18
0.979227 0.684653 2
0.852341 1.11768e-11 0
0.920842 0.0151488 7
0.953165 0.310304 3
0.883026 7.30598e-06 16
0.877103 1.24691e-06 18
0.886858 3.83829e-05 14
0.891292 9.39994e-05 13
0.897521 0.000498778 11
0.982234 0.714907 2
0.913637 0.0128405 7
0.902644 0.00118948 10
0.99381 1 1
0.962108 0.359031 3
0.935383 0.0741031 5
0.946305 0.163283 4
0.895387 0.000470081 11
0.971591 0.623087 2
0.929188 0.0655709 5
0.941777 0.1501 4
0.925331 0.0321369 6
0.921874 0.0298717 6
0.950216 0.297884 3
0.910325 0.00596428 8
0.88828 0.000183262 12
0.968192 0.601421 2
0.986305 1 1
0.893909 0.000954266 10
0.923284 0.059342 5
0.912226 0.0124715 7
0.875768 5.73178e-06 16
0.975604 0.652971 2
0.919634 0.0285824 6
0.887656 0.000180264 12
0.892286 0.000433278 11
0.956519 0.326438 3
0.967305 0.59625 2
0.916905 0.0271734 6
0.940699 0.14733 4
0.929494 0.124952 4
0.969785 0.611192 2
0.96458 0.581506 2
0.935831 0.2548 3
0.96487 0.582998 2
0.941694 0.269438 3
0.910604 0.0244795 6
0.95412 0.537904 2
0.962755 0.572516 2
0.915678 0.0532698 5
0.925797 0.119552 4
0.977846 1 1
0.982321 1 1
0.952584 0.532894 2
0.947616 0.288133 3
0.950917 0.300698 3
0.92436 0.0603633 5
0.932111 0.129286 4
0.948846 0.292615 3
0.975608 0.653003 2
0.986845 1 1
0.898358 0.00465037 8
0.932154 0.129362 4
0.958669 0.554646 2
0.891442 0.000903032 10
0.97023 0.614042 2
0.961393 0.566228 2
0.936649 0.256649 3
0.993695 1 1
0.904569 0.0108174 7
0.993374 1 1
0.90228 0.0218084 6
0.897833 0.00973106 7
0.981611 1 1
0.960893 0.564005 2
0.948403 0.52067 2
0.924394 0.117698 4
0.893618 0.00917649 7
0.959932 0.55986 2
0.906785 0.0480854 5
0.9615 0.566708 2
0.924091 0.117311 4
0.912278 0.0510873 5
0.959389 0.557586 2
0.893798 0.00919856 7
0.910745 0.103849 4
0.964863 1 1
0.93439 0.25168 3
0.921112 0.229445 3
0.932258 0.247364 3
0.900914 0.0454375 5
0.930446 0.243952 3
0.919561 0.112013 4
0.943053 0.507583 2
0.949058 0.522459 2
0.890628 0.00882876 7
0.932161 0.247174 3
0.959709 0.558921 2
0.914506 0.107037 4
0.984049 1 1
0.901982 0.00240561 9
0.975888 0.655281 2
0.94431 0.157147 4
0.911585 0.0123111 7
0.927798 0.0639589 5
0.899553 0.002276 9
0.915976 0.0135069 7
0.92897 0.0653121 5
0.935638 0.135915 4
0.934635 0.13393 4
0.886742 8.19477e-05 13
0.935998 0.136648 4
0.96666 0.592612 2
0.911689 0.0123369 7
0.992489 1 1
0.8692 0.000606925 10
0.918746 0.226429 3
0.88941 0.0189314 6
0.879901 0.00352029 8
0.882936 0.00806937 7
0.852049 7.10332e-06 15
0.914123 0.106694 4
0.874963 0.00148133 9
0.895439 0.0433629 5
0.942492 0.506352 2
0.843998 1.98534e-07 19
0.881833 0.00797352 7
0.909931 0.103209 4
0.865455 0.000252893 11
0.94808 0.519806 2
0.922777 0.115682 4
0.955173 0.541517 2
0.927522 0.121974 4
0.933691 0.250227 3
0.939864 0.264506 3
0.906294 0.0229927 6
0.944227 0.27689 3
0.913626 0.0519196 5
0.953184 0.534818 2
0.95926 0.557052 2
0.898544 0.00983313 7
0.931449 0.128146 4
0.953979 0.537433 2
0.921031 0.113637 4
0.968674 0.604305 2
0.916677 0.109067 4
0.921442 0.114105 4
0.894617 0.00930064 7
0.92787 0.239471 3
0.918868 0.111277 4
0.885021 0.00376691 8
0.970041 1 1
0.881448 0.00162885 9
0.934921 0.25281 3
0.994186 1 1
0.882956 0.00166774 9
0.901135 0.0215007 6
0.920184 0.11269 4
0.900408 0.0213116 6
0.940792 0.502774 2
0.922766 0.0304228 6
0.886924 3.84644e-05 14
0.864986 6.40452e-09 24
0.931083 0.0679339 5
0.906658 0.00269995 9
0.876806 1.23313e-06 18
0.982108 0.713553 2
0.85402 1.22093e-11 0
0.921743 0.0297932 6
0.956915 0.328498 3
0.882435 7.15425e-06 16
0.878432 1.31141e-06 18
0.888977 4.11333e-05 14
0.8915 9.46208e-05 13
0.90055 0.00112397 10
0.914666 0.107181 4
0.916251 0.108657 4
0.889585 0.00402332 8
0.925693 0.119411 4
0.914965 0.107454 4
0.881354 0.00162649 9
0.972381 1 1
0.876523 0.000306714 11
0.931075 0.245111 3
0.997403 1 1
0.880019 0.000722464 10
0.89637 0.00952915 7
0.915012 0.107496 4
0.896719 0.00957631 7
0.935869 0.254884 3
0.910409 0.00597616 8
0.96501 0.583725 2
0.93448 0.133631 4
0.920765 0.0292173 6
0.931995 0.0691443 5
0.900711 0.00112878 10
0.930114 0.0667005 5
0.919633 0.0285814 6
0.942737 0.152679 4
0.948806 0.292465 3
0.890374 0.000193971 12
0.932084 0.0692654 5
0.959737 0.344247 3
0.914273 0.0130148 7
0.98444 0.739699 2
0.906389 0.0111638 7
0.985119 1 1
0.981438 1 1
0.912955 0.0254039 6
0.94098 0.267473 3
0.923101 0.0591731 5
0.895518 0.00208905 9
0.965807 0.587944 2
0.939524 0.144454 4
0.906275 0.0111414 7
0.905057 0.0109078 7
0.967431 0.596973 2
0.989404 1 1
0.931072 0.12751 4
0.954633 0.317083 3
0.919115 0.0557857 5
0.975403 0.651348 2
0.975699 0.653741 2
0.925091 0.118608 4
0.954831 0.540326 2
0.936413 0.256108 3
0.90158 0.0103005 7
0.963885 0.578002 2
0.951625 0.529915 2
0.908738 0.0238053 6
0.918624 0.0554053 5
0.979459 1 1
0.988031 1 1
0.945087 0.279598 3
0.948203 0.290245 3
0.985654 1 1
0.912582 0.0512713 5
0.909303 0.0493893 5
0.980771 1 1
0.973027 1 1
0.957862 0.55145 2
0.92281 0.115721 4
0.905176 0.0226451 6
0.969168 0.607328 2
0.908566 0.0237455 6
0.965874 0.5883 2
0.936039 0.255264 3
0.923093 0.116066 4
0.970836 0.618003 2
0.902009 0.0217346 6
0.945829 0.28201 3
0.899243 0.00472627 8
0.880169 0.00015011 12
0.954449 0.539018 2
0.927912 0.122545 4
0.89845 0.00465813 8
0.980522 1 1
0.87016 1.08244e-05 15
0.94248 0.27167 3
0.952565 0.532835 2
0.904591 0.0108215 7
0.896726 0.00451736 8
0.903384 0.0106052 7
0.913284 0.0517045 5
0.907545 0.023399 6
0.958162 0.552626 2
0.924592 0.117955 4
0.906765 0.0231433 6
0.969939 0.612172 2
0.953761 0.536706 2
0.920535 0.113079 4
0.964413 0.580658 2
0.896674 0.00957032 7
0.970036 0.612795 2
0.952187 0.531649 2
0.921863 0.114594 4
0.923892 0.117059 4
0.930056 0.125845 4
0.936477 0.256254 3
0.927909 0.12254 4
0.945471 0.280838 3
0.951273 0.30216 3
0.950368 0.298487 3
0.950099 0.297422 3
0.983004 0.723296 2
0.957716 0.332776 3
0.913691 0.0128553 7
0.944066 0.276394 3
0.974493 0.644184 2
0.912811 0.0126217 7
0.943579 0.274913 3
0.975536 0.652416 2
0.963425 0.575739 2
0.9707 0.617104 2
0.932509 0.129987 4
0.940818 0.14763 4
0.949487 0.295042 3
0.953982 0.314025 3
0.944143 0.276631 3
0.978307 0.67614 2
0.962215 0.56998 2
0.905832 0.00538862 8
0.949682 0.295795 3
0.966676 0.592698 2
0.905111 0.00530669 8
0.945182 0.279904 3
0.982091 0.713379 2
0.962111 0.5695 2
0.972431 0.628935 2
0.927949 0.064129 5
0.951915 0.530804 2
0.944462 0.27762 3
0.943764 0.275472 3
0.955745 0.543544 2
0.989993 1 1
0.962303 0.57039 2
0.915138 0.0529044 5
0.938378 0.26075 3
0.977692 1 1
0.911971 0.0509037 5
0.949932 0.524916 2
0.970262 0.61425 2
0.95639 0.545882 2
0.976791 1 1
0.927066 0.121318 4
0.995257 1 1
0.905915 0.0476601 5
0.898344 0.0207996 6
0.991448 1 1
0.960806 0.563625 2
0.941237 0.503689 2
0.934977 0.25293 3
0.892702 0.00906625 7
0.964635 0.581791 2
0.916762 0.10915 4
0.951555 0.529702 2
0.923137 0.116119 4
0.915121 0.107596 4
0.95424 0.538309 2
0.899999 0.0212074 6
0.930015 0.243173 3
0.920579 0.228747 3
0.896166 0.0202955 6
0.941224 0.503663 2
0.928599 0.240698 3
0.894814 0.0199999 6
0.980057 1 1
0.883866 0.00815245 7
0.945086 0.512255 2
0.981336 1 1
0.894425 0.0199173 6
0.906389 0.100602 4
0.921566 0.230051 3
0.910443 0.10361 4
0.935051 0.492131 2
0.92512 0.118646 4
0.977679 1 1
0.957321 0.549367 2
0.933468 0.24977 3
0.955745 0.543544 2
0.927552 0.122017 4
0.919561 0.112013 4
0.943853 0.275743 3
0.960358 0.561676 2
0.928569 0.240646 3
0.914048 0.0521888 5
0.961747 0.567828 2
0.984131 1 1
0.939999 0.264857 3
0.962978 0.573581 2
0.958857 0.555404 2
0.924457 0.117779 4
0.928853 0.241133 3
0.95703 0.548263 2
0.981648 1 1
0.980527 1 1
0.905506 0.0474645 5
0.927344 0.238605 3
0.965254 0.585002 2
0.89746 0.00967854 7
0.971128 1 1
0.957858 0.551434 2
0.936504 0.256317 3
0.99757 1 1
0.906745 0.0480655 5
0.935551 0.254181 3
0.892464 0.0195144 6
0.872181 0.000635011 10
0.943744 0.509134 2
0.917648 0.110025 4
0.888287 0.00857881 7
0.983589 1 1
0.861802 4.57434e-05 13
0.932361 0.247563 3
0.954022 0.537576 2
0.894568 0.0199475 6
0.887526 0.00850146 7
0.895731 0.020199 6
0.902974 0.04631 5
0.903129 0.0463783 5
0.911404 0.00612121 8
0.944445 0.157547 4
0.915147 0.0132626 7
0.922551 0.0302877 6
0.924808 0.0317707 6
0.891436 9.44292e-05 13
0.946474 0.163829 4
0.900891 0.00113421 10
0.938793 0.142738 4
0.969177 0.607385 2
0.884663 1.66505e-05 15
0.916446 0.0136498 7
0.94071 0.147357 4
0.906123 0.00266284 9
0.966802 0.593403 2
0.884877 0.00172021 9
0.926535 0.237303 3
0.896531 0.00955084 7
0.895803 0.00945368 7
0.897094 0.020506 6
0.86503 2.15168e-05 14
0.930361 0.243798 3
0.881996 0.00164276 9
0.910501 0.0500513 5
0.959087 0.556343 2
0.858004 3.52296e-06 16
0.892443 0.00903578 7
0.919352 0.11179 4
0.879064 0.000710563 10
0.955521 0.542742 2
0.91648 0.0269687 6
0.878642 3.00832e-05 14
0.856806 4.52972e-09 24
0.924105 0.0601177 5
0.898733 0.00223532 9
0.869702 9.60301e-07 18
0.972915 0.63239 2
0.84596 8.11269e-12 0
0.913478 0.0256215 6
0.949924 0.296736 3
0.876152 1.27654e-05 15
0.870268 2.17969e-06 17
0.880582 6.93002e-05 13
0.884106 0.000164745 12
0.892685 0.000928171 10
0.913206 0.0255076 6
0.952178 0.305973 3
0.974987 0.648037 2
0.916014 0.0267482 6
0.949241 0.294103 3
0.947595 0.288058 3
0.882424 7.27171e-05 13
0.97766 0.670345 2
0.938853 0.142876 4
0.886269 0.000173907 12
0.925828 0.0618346 5
0.987485 1 1
0.962682 0.57217 2
0.949343 0.294493 3
0.923675 0.0597081 5
0.885296 7.93545e-06 16
0.941989 0.150659 4
0.911728 0.00310418 9
0.895928 0.000228271 12
0.903018 0.000588494 11
0.872341 4.4057e-08 22
0.920532 0.0150325 7
0.896899 0.000235322 12
0.914577 0.00663287 8
0.947164 0.166098 4
0.862789 2.26579e-10 28
0.904157 0.00124124 10
0.933099 0.0706769 5
0.885583 8.02075e-06 16
0.972111 0.626678 2
0.934879 0.25272 3
0.952203 0.531699 2
0.95957 0.558338 2
0.9382 0.260315 3
0.972112 1 1
0.95973 0.559007 2
0.901461 0.0215871 6
0.955723 0.543466 2
0.961166 0.565214 2
0.902049 0.0217454 6
0.941134 0.26789 3
0.98835 1 1
0.964928 0.5833 2
0.967845 0.599375 2
0.928724 0.240912 3
0.962404 0.570861 2
0.938668 0.142449 4
0.933443 0.131676 4
0.967591 0.597895 2
0.993768 1 1
0.957141 0.548685 2
0.925311 0.0613062 5
0.92703 0.0631091 5
0.988658 1 1
0.919454 0.0560533 5
0.950571 0.299298 3
0.958254 0.552989 2
0.949457 0.294928 3
0.973662 0.63788 2
0.925841 0.0618476 5
0.945389 0.160398 4
0.927503 0.0337575 6
0.937125 0.0769694 5
0.944004 0.156253 4
0.973289 0.63512 2
0.985333 0.750409 2
0.895373 0.00010748 13
0.937792 0.0781287 5
0.956353 0.325581 3
0.889848 4.23566e-05 14
0.965148 0.380358 3
0.966426 0.390203 3
0.939898 0.0820398 5
0.98786 0.783041 2
0.906323 0.00132249 10
0.877517 6.05984e-06 16
0.965015 0.58375 2
0.970653 0.616795 2
0.88391 3.50184e-05 14
0.911332 0.0122491 7
0.898059 0.00105415 10
0.871618 4.62009e-07 19
0.960999 0.351928 3
0.909674 0.00587337 8
0.886375 8.10888e-05 13
0.878832 6.32607e-06 16
0.941971 0.150612 4
0.958969 0.339771 3
0.90348 0.00249298 9
0.943583 0.155044 4
0.871979 0.000633022 10
0.96007 0.560445 2
0.93916 0.499532 2
0.880745 0.0035584 8
0.900226 0.0451579 5
0.877523 0.00153608 9
0.885736 0.00832606 7
0.925583 0.235818 3
0.905101 0.0472732 5
0.907023 0.101048 4
0.862065 4.59766e-05 13
0.918686 0.226356 3
0.947451 0.51815 2
0.886991 0.00844802 7
0.966418 1 1
0.926368 0.23704 3
0.972717 1 1
0.9673 1 1
0.932778 0.248386 3
0.961608 0.5672 2
0.93926 0.499726 2
0.908894 0.102416 4
0.95615 0.545006 2
0.959705 0.558903 2
0.914887 0.107382 4
0.922979 0.231992 3
0.977536 1 1
0.985474 1 1
0.949698 0.524251 2
0.949329 0.523213 2
0.942681 0.152525 4
0.893199 0.000210235 12
0.874281 5.10615e-07 19
0.950389 0.298572 3
0.922566 0.0302973 6
0.894075 0.000215757 12
0.97806 0.673907 2
0.864424 6.24594e-09 24
0.936686 0.13808 4
0.94892 0.292892 3
0.901211 0.00114395 10
0.891004 9.31532e-05 13
0.897295 0.000495591 11
0.908592 0.00572808 8
0.901836 0.00116343 10
0.934458 0.133589 4
0.920612 0.0291298 6
0.897087 0.0021579 9
0.945687 0.281545 3
0.932021 0.129129 4
0.898319 0.00221531 9
0.980941 0.701423 2
0.885099 0.000168844 12
0.948569 0.291588 3
0.976632 0.661467 2
0.898401 0.00221924 9
0.908458 0.0115905 7
0.922312 0.0584573 5
0.914003 0.0258451 6
0.933443 0.131676 4
0.959343 0.557397 2
0.912561 0.105339 4
0.918367 0.225967 3
0.954172 0.538081 2
0.970126 1 1
0.984403 1 1
0.899363 0.0448157 5
0.918296 0.225881 3
0.95539 0.54228 2
0.888965 0.0188506 6
0.983849 1 1
0.94723 0.517577 2
0.924511 0.234203 3
0.987782 1 1
0.89513 0.0200679 6
0.871273 0.00140906 9
0.926792 0.237713 3
0.897501 0.0441061 5
0.881883 0.00797784 7
0.887332 0.0185624 6
0.856998 4.17966e-05 13
0.91185 0.104745 4
0.882965 0.00807193 7
0.899099 0.0447125 5
0.939832 0.500843 2
0.847883 1.19673e-06 17
0.88855 0.0187761 6
0.917352 0.224753 3
0.870086 0.000615024 10
0.95612 0.544894 2
0.965385 0.585694 2
0.929638 0.0661138 5
0.91492 0.0262473 6
0.977072 0.665224 2
0.966095 0.589497 2
0.932377 0.129753 4
0.952057 0.305456 3
0.905736 0.00537756 8
0.982182 0.714344 2
0.941922 0.150483 4
0.932593 0.130136 4
0.934317 0.133318 4
0.936793 0.138307 4
0.948568 0.291584 3
0.928076 0.0642734 5
0.909178 0.0239597 6
0.880106 0.000149893 12
0.85679 5.40513e-08 21
0.917573 0.0546151 5
0.894688 0.00436269 8
0.864547 1.83863e-06 17
0.972164 0.627048 2
0.845333 9.94935e-11 28
0.909948 0.0242367 6
0.95591 0.544134 2
0.869545 1.06518e-05 15
0.868353 4.6052e-06 16
0.880979 0.000152926 12
0.879193 0.000146836 12
0.896431 0.00449417 8
0.866746 9.92002e-06 15
0.957883 0.551533 2
0.950386 0.526226 2
0.874256 5.94227e-05 13
0.898272 0.00979375 7
0.881092 0.000335577 11
0.870675 2.45127e-05 14
0.939597 0.263814 3
0.89958 0.00998665 7
0.889163 0.00185101 9
0.863309 1.77541e-06 17
0.924218 0.117473 4
0.94745 0.287547 3
0.888079 0.00181598 9
0.948878 0.521964 2
0.887051 0.00017744 12
0.950363 0.298467 3
0.92006 0.0565401 5
0.897447 0.00217437 9
0.907262 0.0113393 7
0.877419 1.32469e-05 15
0.916945 0.0271931 6
0.905111 0.00530669 8
0.917786 0.0276099 6
0.942027 0.270377 3
0.866736 3.88725e-07 19
0.911093 0.0121913 7
0.940774 0.147518 4
0.890238 0.000411712 11
0.980545 0.697435 2
0.971642 1 1
0.906965 0.101007 4
0.908994 0.102491 4
0.964229 1 1
0.967878 1 1
0.970562 1 1
0.90713 0.101124 4
0.907447 0.101351 4
0.957355 0.549497 2
0.893806 0.0197874 6
0.982539 1 1
0.937275 0.496009 2
0.918361 0.225959 3
0.977692 1 1
0.89271 0.0195636 6
0.944588 0.157971 4
0.913585 0.00646431 8
0.892764 0.000207587 12
0.9553 0.320305 3
0.935495 0.0742807 5
0.903153 0.00120646 10
0.983224 0.725737 2
0.881861 7.01157e-06 16
0.951569 0.303394 3
0.96419 0.373336 3
0.905847 0.00264408 9
0.90738 0.00275152 9
0.917005 0.0138234 7
0.91871 0.0143826 7
0.922872 0.0304897 6
0.951981 0.305132 3
0.908896 0.0238603 6
0.917288 0.0544066 5
0.946322 0.283656 3
0.9634 0.575618 2
0.989757 1 1
0.891845 0.000911038 10
0.918696 0.0554606 5
0.948026 0.289603 3
0.881817 0.00015594 12
0.985681 1 1
0.945927 0.282336 3
0.920964 0.0572886 5
0.982858 1 1
0.890101 0.00087736 10
0.893175 0.000210092 12
0.939633 0.144716 4
0.909218 0.00581128 8
0.904072 0.00252922 9
0.908212 0.00567881 8
0.876255 1.20812e-06 18
0.931749 0.0688131 5
0.894504 0.00021855 12
0.921025 0.0293679 6
0.958769 0.33863 3
0.868168 3.67468e-08 22
0.905101 0.0025946 9
0.93252 0.0698641 5
0.890177 9.0788e-05 13
0.968564 0.603645 2
0.862007 3.89053e-06 16
0.948509 0.520957 2
0.95597 0.544352 2
0.868199 2.31198e-05 14
0.895433 0.00940526 7
0.884206 0.000779676 10
0.857308 6.59008e-07 18
0.950487 0.526522 2
0.893499 0.00427784 8
0.87317 0.000129165 12
0.864681 9.42954e-06 15
0.926917 0.121105 4
0.94192 0.270074 3
0.888527 0.00183028 9
0.931087 0.245132 3
0.9673 0.59622 2
0.931214 0.127749 4
0.928594 0.123564 4
0.969777 0.611144 2
0.99379 1 1
0.963543 0.576316 2
0.921205 0.0574926 5
0.923685 0.0597173 5
0.981929 1 1
0.913145 0.0254826 6
0.958996 0.555969 2
0.955228 0.319954 3
0.942359 0.271323 3
0.980359 0.695589 2
0.917614 0.0275235 6
0.912985 0.00636636 8
0.945994 0.162289 4
0.969506 0.609435 2
0.914995 0.00670634 8
0.948276 0.169906 4
0.950985 0.180028 4
0.879059 1.34351e-06 18
0.975065 0.648659 2
0.936567 0.076026 5
0.881864 3.24301e-06 17
0.928629 0.0346649 6
0.984116 0.735907 2
0.956574 0.326723 3
0.950829 0.179412 4
0.917776 0.0140708 7
0.940624 0.147142 4
0.891753 0.000201632 12
0.872614 1.06023e-06 18
0.948241 0.290384 3
0.920499 0.029065 6
0.89204 0.00020329 12
0.978349 0.676521 2
0.862692 5.78857e-09 24
0.934648 0.133954 4
0.948985 0.293137 3
0.89922 0.00108568 10
0.889122 0.000187442 12
0.895691 0.000473988 11
0.906523 0.00546968 8
0.900825 0.00234212 9
0.913501 0.0518406 5
0.96623 0.590236 2
0.93619 0.255604 3
0.923812 0.116958 4
0.935428 0.253911 3
0.903971 0.0222863 6
0.931116 0.245188 3
0.921465 0.114133 4
0.94613 0.514794 2
0.948487 0.520899 2
0.893653 0.00918085 7
0.934934 0.252839 3
0.961964 0.568824 2
0.917626 0.110003 4
0.981938 1 1
0.948761 0.521643 2
0.911827 0.0508181 5
0.921312 0.113957 4
0.943911 0.275919 3
0.964076 0.578959 2
0.99473 1 1
0.890471 0.00407786 8
0.923105 0.116081 4
0.948021 0.519647 2
0.881498 0.000741699 10
0.980837 1 1
0.94992 0.524882 2
0.923985 0.117177 4
0.984105 1 1
0.892131 0.00418479 8
0.883828 0.000163627 12
0.976818 0.663051 2
0.960697 0.563146 2
0.891667 0.000907481 10
0.915273 0.0264064 6
0.895351 0.00098687 10
0.886946 0.000176961 12
0.946658 0.284794 3
0.917407 0.0274204 6
0.904208 0.00520759 8
0.878325 2.98229e-05 14
0.938412 0.141864 4
0.965287 0.585177 2
0.903715 0.00515511 8
0.964089 0.579022 2
0.867266 1.00497e-05 15
0.956694 0.547005 2
0.957456 0.549884 2
0.874061 5.91571e-05 13
0.900111 0.0100677 7
0.885929 0.000805927 10
0.865838 4.29969e-06 16
0.948679 0.291994 3
0.899569 0.00998493 7
0.882576 0.000346079 11
0.867133 4.45293e-06 16
0.929307 0.12466 4
0.948436 0.291096 3
0.891608 0.00193557 9
0.941411 0.268652 3
0.916133 0.0268041 6
0.90044 0.00483329 8
0.875631 1.25752e-05 15
0.926236 0.0622598 5
0.908657 0.0116335 7
0.876303 1.2821e-05 15
0.983988 1 1
0.863414 1.5412e-07 20
0.924722 0.0607178 5
0.978414 0.677116 2
0.878201 2.97218e-05 14
0.885342 0.000169873 12
0.900568 0.00484509 8
0.891537 0.000904909 10
0.917868 0.0276518 6
0.943055 0.507587 2
0.931872 0.246617 3
0.94179 0.504848 2
0.942588 0.506562 2
0.97386 1 1
0.980718 1 1
0.89585 0.0435077 5
0.942151 0.505619 2
0.957268 0.549166 2
0.891474 0.0193199 6
0.960388 0.561805 2
0.971264 1 1
0.94433 0.510477 2
0.984545 1 1
0.910068 0.103316 4
64 1 2 3 4 5 6 7 8 9 10 11 12 13 14 16 17 18 19 20 21 22 23 24 25 26 27 28 29 30 31 32 33 34 35 36 37 38 39 40 41 42 43 44 45 46 47 48 49 51 52 53 54 55 57 59 60 61 62 63 64 66 67 68 69 
16 3 4 6 8 12 17 18 41 45 46 51 54 55 60 66 67 
42 1 2 3 4 6 8 10 12 16 17 18 19 20 21 22 23 24 27 28 33 34 36 37 38 39 41 45 46 48 49 51 53 54 55 57 59 60 63 64 66 67 68 
55 1 2 3 4 5 6 8 9 10 11 12 13 16 17 18 19 20 21 22 23 24 25 27 28 29 30 31 33 34 36 37 38 39 40 41 42 43 45 46 47 48 49 51 52 53 54 55 57 59 60 63 64 66 67 68 
56 1 2 3 4 5 6 7 8 9 10 12 13 16 17 18 19 20 21 22 23 24 25 27 28 29 30 31 33 34 36 37 38 39 40 41 42 43 45 46 47 48 49 51 52 53 54 55 57 59 60 62 63 64 66 67 68 
70 0 1 2 3 4 5 6 7 8 9 10 11 12 13 14 15 16 17 18 19 20 21 22 23 24 25 26 27 28 29 30 31 32 33 34 35 36 37 38 39 40 41 42 43 44 45 46 47 48 49 50 51 52 53 54 55 56 57 58 59 60 61 62 63 64 65 66 67 68 69 
42 2 3 4 5 6 7 8 9 12 13 16 17 18 19 20 22 23 24 25 29 30 33 34 37 38 40 41 42 45 46 47 49 51 54 55 59 60 62 64 66 67 68 
55 1 2 3 4 5 6 8 9 11 12 13 15 16 17 18 19 20 22 23 24 25 26 27 28 29 30 31 32 33 34 36 37 38 41 42 43 45 46 47 48 49 51 52 53 54 55 57 59 60 61 63 64 66 67 68 
51 2 3 4 5 6 7 8 9 10 12 13 16 17 18 19 20 21 22 23 24 25 27 28 29 30 33 34 36 37 38 39 40 41 42 45 46 47 49 51 52 53 54 55 57 59 60 62 64 66 67 68 
36 3 4 6 7 8 9 12 13 16 17 18 19 20 23 24 25 29 30 34 37 38 40 41 42 45 46 47 51 54 55 59 60 62 64 66 67 
70 0 1 2 3 4 5 6 7 8 9 10 11 12 13 14 15 16 17 18 19 20 21 22 23 24 25 26 27 28 29 30 31 32 33 34 35 36 37 38 39 40 41 42 43 44 45 46 47 48 49 50 51 52 53 54 55 56 57 58 59 60 61 62 63 64 65 66 67 68 69 
48 1 2 3 4 5 6 8 10 12 13 16 17 18 19 20 21 22 23 24 25 27 28 33 34 36 37 38 39 40 41 45 46 47 48 49 51 52 53 54 55 57 59 60 63 64 66 67 68 
22 3 4 6 8 12 16 17 18 23 24 38 41 45 46 51 54 55 59 60 64 66 67 
62 1 2 3 4 5 6 7 8 9 10 11 12 13 14 16 17 18 19 20 21 22 23 24 25 27 28 29 30 31 33 34 35 36 37 38 39 40 41 42 43 44 45 46 47 48 49 51 52 53 54 55 57 59 60 61 62 63 64 66 67 68 69 
15 3 4 6 18 38 41 45 46 51 54 55 59 60 66 67 
