40 15 1e+07
2.4305 133357
1.67944 107624
1.51856 150397
2.0763 163534
2.1685 195016
1.43046 151947
1.77336 136228
1.49223 162109
1.21102 199798
2.4079 102060
1.2949 103853
2.3904 156812
1.8065 184280
1.15232 100638
1.283 113591
1.87981 183853
2.56144 148351
1.8438 132927
2.40581 112849
2.41793 158624
1.36268 155881
2.44725 151807
1.77683 183967
1.87167 104181
1.81091 144790
1.38794 121306
1.7221 180847
2.12451 141808
1.03927 191062
2.62797 114904
1.14508 113123
2.37408 123778
2.08573 157760
1.23198 144567
2.17602 109393
1.1664 130041
1.0429 127655
1.09227 138734
2.73315 185478
2.79878 196970
0.880266 0.00353666 8
0.908275 0.101955 4
0.951243 0.528759 2
0.977883 1 1
0.973322 1 1
0.889787 0.0190008 6
0.902307 0.0460213 5
0.908582 0.102183 4
0.975053 1 1
0.971762 1 1
0.879145 0.00348693 8
0.884594 0.00821897 7
0.917781 0.225262 3
0.869953 0.000613791 10
0.865616 0.000253551 11
0.95775 0.551015 2
0.977354 1 1
0.913763 0.106376 4
0.897617 0.0206273 6
0.927165 0.238314 3
0.88977 0.00873507 7
0.981686 1 1
0.945975 0.514411 2
0.906165 0.0477812 5
0.93135 0.245627 3
0.915792 0.108221 4
0.92604 0.236526 3
0.879287 0.00349314 8
0.84786 5.12857e-07 18
0.890146 0.00877581 7
0.952259 0.531873 2
0.941974 0.50524 2
0.888569 0.00860797 7
0.853378 7.30507e-06 15
0.884598 0.00821934 7
0.912097 0.10495 4
0.916127 0.108538 4
0.949096 0.522564 2
0.866581 0.000257564 11
0.887452 0.00849396 7
0.96264 1 1
0.96751 1 1
0.87212 0.000634405 10
0.864625 0.000109769 12
0.939379 0.499957 2
0.901931 0.0217133 6
0.903384 0.0464909 5
0.887593 0.00390656 8
0.846535 3.89642e-08 21
0.873605 0.000290598 11
0.939057 0.262439 3
0.87291 0.000286991 11
0.929102 0.241562 3
0.861009 8.64611e-06 15
0.874974 0.00029796 11
0.963526 0.576235 2
0.953399 0.535518 2
0.887755 0.0039158 8
0.899036 0.0209674 6
0.9792 1 1
0.971575 0.622977 2
0.958972 0.339785 3
0.894188 0.000103264 13
0.862232 9.77961e-11 29
0.894029 0.000102718 13
0.906339 0.00132312 10
0.93494 0.0734106 5
0.955382 0.32071 3
0.874684 1.07542e-07 21
0.897306 0.000238379 12
0.953581 0.312181 3
0.962496 0.3616 3
0.872545 4.44647e-08 22
0.858584 1.5672e-11 0
0.926729 0.0331612 6
0.896372 0.000482951 11
0.925239 0.0320722 6
0.986933 0.770666 2
0.957686 0.332612 3
0.985681 0.754702 2
0.925993 0.0326135 6
0.906733 0.00270517 9
0.937655 0.140171 4
0.973509 0.636744 2
0.983877 0.733145 2
0.911331 0.00611036 8
0.91532 0.0133128 7
0.946302 0.163274 4
0.90069 0.00112814 10
0.900016 0.00110832 10
0.906904 0.0112666 7
0.913037 0.0254376 6
0.903517 0.0106284 7
0.861627 1.44966e-07 20
0.888753 0.000852962 10
0.954546 0.539349 2
0.881258 0.000153917 12
0.942002 0.270305 3
0.876376 2.8301e-05 14
0.889992 0.000875339 10
0.97456 0.644704 2
0.963512 0.576164 2
0.903054 0.00508651 8
0.910184 0.0243235 6
0.994108 1 1
0.924287 0.117561 4
0.954033 0.537612 2
0.951987 0.531028 2
0.935981 0.255134 3
0.968265 0.601855 2
0.909919 0.0497264 5
0.941091 0.267773 3
0.949685 0.524214 2
0.946185 0.283195 3
0.972619 0.63027 2
0.916052 0.0535276 5
0.923727 0.116852 4
0.913594 0.0518992 5
0.874415 0.000132496 12
0.89633 0.00952378 7
0.860064 1.62427e-06 17
0.880857 0.000733231 10
0.935489 0.254043 3
0.899489 0.00997293 7
0.910659 0.050141 5
0.962662 0.572077 2
0.852893 1.09615e-07 20
0.910451 0.050023 5
0.912446 0.0511888 5
0.908796 0.0491175 5
0.912494 0.0512182 5
0.907577 0.0234097 6
0.967769 0.598929 2
0.97495 1 1
0.924381 0.117682 4
0.869503 0.00060967 10
0.897077 0.0439498 5
0.976468 1 1
0.961476 0.5666 2
0.960986 0.564416 2
0.923227 0.232343 3
0.878303 0.00345058 8
0.913817 0.106422 4
0.973649 1 1
0.957069 0.548409 2
0.89414 0.0198571 6
0.895648 0.020181 6
0.965597 1 1
0.91448 0.107013 4
0.889678 0.0189807 6
0.940635 0.26654 3
0.961327 0.56593 2
0.938096 0.260064 3
0.900462 0.00483529 8
0.932861 0.130615 4
0.942173 0.27079 3
0.927852 0.122457 4
0.995847 1 1
0.914766 0.0261791 6
0.935426 0.135488 4
0.965086 0.584124 2
0.972673 0.630651 2
0.915853 0.0266731 6
0.894542 0.0020484 9
0.942103 0.270592 3
0.883767 3.48675e-05 14
0.907805 0.00562694 8
0.966171 0.589913 2
0.923777 0.0310742 6
0.941108 0.148365 4
0.963814 0.577651 2
0.880736 1.46547e-05 15
0.935202 0.135042 4
0.938769 0.142682 4
0.939625 0.144696 4
0.926185 0.062206 5
0.924685 0.0606812 5
0.974724 0.645978 2
0.942137 0.151055 4
0.92713 0.063218 5
0.884807 0.00375581 8
0.895353 0.00939494 7
0.906541 0.0479647 5
0.864305 2.11751e-05 14
0.887332 0.00389188 8
0.96882 1 1
0.863732 2.09112e-05 14
0.926904 0.237892 3
0.878963 0.000709323 10
0.887629 0.00390862 8
0.951389 0.5292 2
0.941408 0.504044 2
0.916593 0.108986 4
0.934254 0.251394 3
0.977775 1 1
0.932757 0.248344 3
0.950341 0.526095 2
0.936204 0.494105 2
0.895882 0.0202324 6
0.926976 0.238008 3
0.952107 0.531398 2
0.916967 0.10935 4
0.984596 1 1
0.910679 0.103797 4
0.929019 0.241418 3
0.973795 1 1
0.978144 1 1
0.919467 0.227325 3
0.902865 0.0462627 5
0.953304 0.535205 2
0.92033 0.112851 4
0.948246 0.520249 2
0.966683 0.592736 2
0.929013 0.241408 3
0.961704 0.567633 2
0.940273 0.265578 3
0.921936 0.114679 4
0.967054 0.594825 2
0.943932 0.509561 2
0.963714 0.577155 2
0.938663 0.261454 3
0.943706 0.509046 2
0.935666 0.254434 3
0.90152 0.0216027 6
0.923084 0.116055 4
0.882796 0.00805699 7
0.904625 0.0470519 5
0.953156 0.534726 2
0.910829 0.103917 4
0.929037 0.24145 3
0.976462 1 1
0.875829 0.00149939 9
0.934633 0.491432 2
0.925651 0.235922 3
0.927934 0.239576 3
0.932186 0.247223 3
0.92888 0.241179 3
0.967146 1 1
0.950577 0.526785 2
0.937379 0.496198 2
0.975378 1 1
0.981781 1 1
0.903868 0.0467069 5
0.883429 0.00368609 8
0.913902 0.106498 4
0.889469 0.00870275 7
0.979411 1 1
0.947811 0.519091 2
0.892956 0.00909655 7
0.917951 0.110331 4
0.922625 0.231497 3
0.933205 0.249238 3
0.872173 0.000283255 11
0.845209 3.74409e-08 21
0.895723 0.0201974 6
0.874945 0.00148094 9
0.901824 0.045816 5
0.980659 1 1
0.949096 0.522564 2
0.957207 0.548932 2
0.936501 0.494625 2
0.88005 0.00352693 8
0.922128 0.230812 3
0.963098 0.574153 2
0.954077 0.537761 2
0.905018 0.0472347 5
0.905734 0.0475733 5
0.975744 1 1
0.925157 0.235169 3
0.901969 0.0458772 5
0.977212 0.666429 2
0.9748 0.646574 2
0.905284 0.00532608 8
0.875052 2.54384e-06 17
0.907252 0.00555797 8
0.908924 0.00577185 8
0.947553 0.287908 3
0.96481 0.582689 2
0.8872 8.30435e-05 13
0.910737 0.0121059 7
0.950801 0.300227 3
0.961389 0.354388 3
0.880308 1.44598e-05 15
0.861473 5.49287e-09 24
0.922821 0.0304572 6
0.913243 0.0127352 7
0.907411 0.0055776 8
0.875246 2.56049e-06 17
0.83615 5.15225e-12 0
0.864913 3.21488e-08 22
0.918506 0.0279797 6
0.879614 6.49277e-06 16
0.926 0.0620123 5
0.85016 9.99119e-12 0
0.866885 7.7901e-08 21
0.958027 0.334479 3
0.951972 0.305093 3
0.869831 1.94648e-07 20
0.876534 2.67537e-06 17
0.957102 0.329483 3
0.881665 0.00163431 9
0.906999 0.0481917 5
0.974134 1 1
0.933031 0.248888 3
0.948301 0.520397 2
0.954009 0.537533 2
0.881648 0.0016339 9
0.931932 0.246733 3
0.947931 0.51941 2
0.946323 0.515274 2
0.919269 0.111701 4
0.918749 0.111153 4
0.978541 1 1
0.93644 0.256171 3
0.918328 0.110716 4
0.920237 0.0566848 5
0.919881 0.056395 5
0.892828 0.00093115 10
0.852783 3.18025e-10 27
0.881822 7.15686e-05 13
0.93506 0.134762 4
0.889644 0.000405814 11
0.942675 0.272235 3
0.867122 3.93882e-07 19
0.883703 0.000163133 12
0.976815 0.663022 2
0.968997 0.606275 2
0.886629 0.000175519 12
0.889848 0.00040782 11
0.971756 0.62422 2
0.928375 0.123234 4
0.957629 0.550548 2
0.945082 0.279582 3
0.931071 0.245103 3
0.962018 0.56907 2
0.905026 0.0225995 6
0.947553 0.518414 2
0.94838 0.520608 2
0.940332 0.265733 3
0.966369 0.590997 2
0.914398 0.0524151 5
0.922638 0.115514 4
0.907028 0.0232286 6
0.868631 2.33534e-05 14
0.893495 0.00427757 8
0.975016 0.648268 2
0.982895 1 1
0.904888 0.00528179 8
0.884258 7.6412e-05 13
0.914829 0.0262069 6
0.890441 0.000413756 11
0.978819 0.680836 2
0.948832 0.292562 3
0.893858 0.000953147 10
0.918876 0.0281741 6
0.923395 0.0594448 5
0.933982 0.132681 4
0.873189 2.39182e-06 17
0.846169 8.1955e-12 0
0.896504 0.0010145 10
0.885288 0.00828367 7
0.913683 0.106305 4
0.989454 1 1
0.963352 1 1
0.978396 1 1
0.925064 0.235028 3
0.895362 0.0201183 6
0.927851 0.239438 3
0.97979 1 1
0.974859 1 1
0.904145 0.0468321 5
0.907121 0.101118 4
0.954481 0.539126 2
0.905941 0.100292 4
0.895594 0.020169 6
0.86491 1.2711e-09 26
0.885879 8.11005e-06 16
0.93956 0.0813857 5
0.902145 0.000572508 11
0.9147 0.0066543 8
0.966921 0.394165 3
0.857721 1.49323e-11 0
0.915604 0.00681608 8
0.915535 0.00680337 8
0.912968 0.00636359 8
0.916986 0.00707788 8
0.912305 0.00625871 8
0.969246 0.607811 2
0.969954 0.612269 2
0.92782 0.0340081 6
0.911581 0.0248532 6
0.941149 0.267932 3
0.962832 0.572883 2
0.949124 0.293663 3
0.982337 1 1
0.912103 0.0250588 6
0.927897 0.0640709 5
0.94243 0.271527 3
0.959953 0.559949 2
0.986766 1 1
0.910565 0.0120653 7
0.917057 0.0272477 6
0.923176 0.0592421 5
0.880746 6.95944e-05 13
0.893639 0.000948389 10
0.888686 0.000396627 11
0.895343 0.00208163 9
0.895583 0.00209179 9
0.853673 7.59258e-10 26
0.878268 2.97769e-05 14
0.954556 0.316718 3
0.863982 1.57195e-07 20
0.925013 0.0610061 5
0.868276 9.16361e-07 18
0.878985 3.03688e-05 14
0.955156 0.319604 3
0.944363 0.277311 3
0.902262 0.00500676 8
0.919352 0.0284289 6
0.983926 1 1
0.895067 0.00935794 7
0.903721 0.0222137 6
0.90552 0.0227506 6
0.86315 9.09003e-06 15
0.888255 0.00394448 8
0.963497 0.57609 2
0.871893 0.000125899 12
0.934472 0.251853 3
0.87793 0.00069692 10
0.888996 0.00398795 8
0.96264 0.571972 2
0.952069 0.531282 2
0.910484 0.0500421 5
0.92285 0.11577 4
0.990834 1 1
0.888395 0.000183819 12
0.894044 0.000453483 11
0.892166 0.000431954 11
0.850417 1.01229e-11 0
0.875197 2.55628e-06 17
0.950568 0.299289 3
0.862868 1.31468e-08 23
0.923108 0.0306398 6
0.864975 3.22277e-08 22
0.875982 2.62523e-06 17
0.954211 0.315093 3
0.943394 0.154506 4
0.898468 0.00106506 10
0.915939 0.0134959 7
0.982161 0.714123 2
0.924818 0.23466 3
0.92004 0.112533 4
0.884842 0.00375761 8
0.846027 3.83716e-08 21
0.875604 0.0006705 10
0.923642 0.232935 3
0.891543 0.00893157 7
0.938305 0.260572 3
0.860046 8.45726e-06 15
0.877752 0.000694829 10
0.968936 1 1
0.964391 0.580547 2
0.876562 0.000681143 10
0.878712 0.00156299 9
0.959682 0.558805 2
0.930375 0.12636 4
0.955462 0.321104 3
0.952327 0.306617 3
0.913781 0.02575 6
0.946176 0.283167 3
0.945089 0.279606 3
0.924624 0.0606209 5
0.982337 1 1
0.928495 0.0647551 5
0.948448 0.291139 3
0.953742 0.312917 3
0.959389 0.557586 2
0.927369 0.0634805 5
0.900571 0.00232858 9
0.935342 0.135321 4
0.863922 6.95988e-08 21
0.886592 0.00017535 12
0.94796 0.289362 3
0.912719 0.0125978 7
0.922799 0.0588959 5
0.958437 0.336754 3
0.85981 5.12105e-09 24
0.914599 0.0261051 6
0.925704 0.0617062 5
0.920641 0.0291461 6
0.911366 0.0122575 7
0.90792 0.00564147 8
0.981742 0.709681 2
0.962251 0.57015 2
0.919029 0.028255 6
0.845806 3.81171e-08 21
0.86378 4.75454e-05 13
0.911648 0.104579 4
0.876897 0.000684936 10
0.887491 0.00849795 7
0.951985 0.531022 2
0.835107 1.55785e-10 27
0.894238 0.0198777 6
0.889229 0.0086772 7
0.885789 0.00380741 8
0.903303 0.0464547 5
0.89647 0.0203638 6
0.944253 0.510301 2
0.992439 1 1
0.921567 0.11425 4
0.963799 0.577578 2
0.984914 1 1
0.914417 0.0524277 5
0.895133 0.00439544 8
0.925751 0.119491 4
0.894476 0.0043473 8
0.977946 1 1
0.951976 0.530994 2
0.904569 0.0224624 6
0.92988 0.125563 4
0.922583 0.115447 4
0.932985 0.248797 3
0.881116 0.000335743 11
0.851408 1.9603e-08 22
0.896477 0.00954352 7
0.962394 0.570814 2
0.975933 0.655648 2
0.907255 0.011338 7
0.891008 0.000419588 11
0.92027 0.0567119 5
0.885629 0.000171104 12
0.987675 1 1
0.942619 0.272073 3
0.899424 0.00226953 9
0.924424 0.0604258 5
0.914189 0.0259256 6
0.924581 0.060579 5
0.873403 5.32982e-06 16
0.84315 7.09321e-12 0
0.888069 0.000390917 11
0.91502 0.107504 4
0.927584 0.238998 3
0.924631 0.234381 3
0.881996 0.00798754 7
0.909952 0.103225 4
0.966984 1 1
0.894826 0.0200025 6
0.960099 0.560569 2
0.897067 0.0439459 5
0.911184 0.104202 4
0.979786 1 1
0.97253 1 1
0.919909 0.227883 3
0.916505 0.223769 3
0.976871 1 1
0.996874 1 1
0.966717 0.592927 2
0.889278 0.00185482 9
0.863542 4.04706e-06 16
0.894665 0.00436101 8
0.88893 0.00184338 9
0.955921 0.544175 2
0.944495 0.277724 3
0.8743 0.000132182 12
0.898415 0.00981438 7
0.931238 0.245415 3
0.941174 0.268002 3
0.862394 3.92913e-06 16
0.842552 2.07434e-10 27
0.904127 0.022332 6
0.889178 0.0039988 8
0.9121 0.0509807 5
0.960818 0.563678 2
0.917013 0.109395 4
0.937206 0.25794 3
0.972065 1 1
0.883605 0.00168506 9
0.941336 0.268446 3
0.932283 0.247412 3
0.936295 0.255841 3
0.934785 0.252519 3
0.932766 0.248361 3
0.966081 0.589421 2
0.941799 0.269733 3
0.936057 0.255304 3
0.902509 0.0104547 7
0.930119 0.125945 4
0.944971 0.279226 3
0.951817 0.530505 2
0.970376 0.614985 2
0.890805 0.00190694 9
0.927495 0.121935 4
0.923174 0.116166 4
0.955315 0.542016 2
0.973072 0.633529 2
0.89082 0.00190746 9
0.897955 0.0097483 7
0.906595 0.0230887 6
0.862373 1.72974e-06 17
0.873026 5.77807e-05 13
17 2 3 4 6 8 12 13 18 19 21 27 28 29 30 33 36 37 
27 2 3 4 6 8 10 11 12 13 14 15 17 18 19 20 21 25 27 28 29 30 31 32 33 36 37 38 
26 2 3 4 6 8 10 11 12 13 14 15 17 18 19 20 21 25 27 28 29 30 31 32 33 36 38 
38 0 1 2 3 4 5 6 7 8 9 10 11 12 13 14 15 16 17 18 20 21 22 23 24 25 26 27 28 30 31 32 33 34 35 36 37 38 39 
36 1 2 3 4 5 6 7 8 10 11 12 13 14 15 16 18 19 20 21 22 23 25 26 27 28 29 30 31 32 33 34 35 36 37 38 39 
10 3 6 12 19 21 27 28 29 30 33 
34 1 2 3 4 5 6 8 9 10 11 12 13 14 15 16 17 18 19 20 21 23 24 27 28 29 30 31 32 33 34 35 36 37 38 
22 2 3 4 6 8 10 11 12 13 15 19 20 21 25 27 28 29 30 32 33 36 38 
37 1 2 3 4 5 6 7 8 9 10 11 12 13 14 15 16 17 18 20 21 22 23 24 25 26 27 28 29 30 31 32 33 34 35 36 37 38 
38 1 2 3 4 5 6 7 8 9 10 11 12 13 14 15 16 17 18 19 20 21 22 23 24 25 26 27 28 29 30 31 32 33 34 35 36 37 38 
11 2 3 6 12 19 21 27 28 29 30 33 
16 2 3 6 8 12 15 19 21 25 27 28 29 30 32 33 36 
24 2 3 4 6 8 10 11 12 13 15 18 19 21 25 27 28 29 30 31 32 33 36 37 38 
20 1 2 3 6 10 12 13 16 18 19 21 27 28 29 30 31 33 34 36 37 
7 3 12 19 27 28 29 33 
