40 15 1e+07
1.65953 175397
1.24242 197310
2.15805 116143
1.28822 149377
2.87699 137354
2.12366 141819
1.02295 178326
2.22678 158242
1.4241 140123
1.51269 151526
1.46834 175555
1.53072 159350
1.41837 167714
2.75256 138142
1.60272 193291
2.31496 166238
2.25961 107072
1.88921 170444
1.16851 145275
1.45605 120673
1.85268 139883
1.67566 197255
2.18512 184668
2.57702 132860
1.46334 190985
1.20558 100720
1.47802 197112
1.11257 152000
2.91698 132036
1.05838 120777
1.89525 100154
2.26864 109790
2.30254 139937
1.11405 101329
2.23415 127421
2.93343 108273
2.78236 130218
2.09541 140882
2.38856 140809
1.65893 126338
0.9757 0.653747 2
0.886681 3.81673e-05 14
0.878493 2.86552e-06 17
0.906176 0.00266645 9
0.956741 0.327591 3
0.842813 6.9815e-12 0
0.882633 1.55688e-05 15
0.902743 0.00119277 10
0.965385 0.585694 2
0.958298 0.335976 3
0.993926 1 1
0.907938 0.00564378 8
0.956199 0.324797 3
0.913931 0.0129205 7
0.86204 1.10592e-09 26
0.890597 4.34536e-05 14
0.992603 1 1
0.934533 0.0727866 5
0.973661 0.637869 2
0.919736 0.0147415 7
0.926617 0.033076 6
0.860769 9.03693e-11 29
0.914995 0.00670634 8
0.899802 0.00053298 11
0.892934 9.90794e-05 13
0.887731 1.85208e-05 15
0.951998 0.184146 4
0.897305 0.000238372 12
0.869691 1.76684e-08 23
0.923527 0.0162333 7
0.914914 0.107407 4
0.915187 0.107657 4
0.970623 1 1
0.924473 0.234146 3
0.908212 0.101909 4
0.928982 0.241354 3
0.936503 0.494629 2
0.989728 1 1
0.888848 0.00863713 7
0.928833 0.241097 3
0.898942 0.0446516 5
0.959937 0.559882 2
0.93276 0.248349 3
0.935105 0.253206 3
0.958043 0.552161 2
0.899041 0.0446901 5
0.874401 0.000657603 10
0.932734 0.248298 3
0.884187 0.00372405 8
0.878521 0.0015586 9
0.9005 0.0452687 5
0.973046 1 1
0.956062 0.544685 2
0.862941 4.67672e-05 13
0.915319 0.10778 4
0.880315 0.00353885 8
0.917969 0.11035 4
0.917254 0.109633 4
0.948881 0.521972 2
0.929772 0.24274 3
0.954404 0.538863 2
0.881955 0.00015645 12
0.911158 0.0246897 6
0.898951 0.00470092 8
0.919335 0.0559587 5
0.871147 4.98584e-06 16
0.946975 0.285885 3
0.946761 0.285149 3
0.90954 0.024089 6
0.970791 0.617704 2
0.934075 0.132857 4
0.923812 0.0598377 5
0.970034 0.612782 2
0.979779 1 1
0.897915 0.00461342 8
0.957766 0.551076 2
0.87345 0.000289787 11
0.898521 0.0208422 6
0.891091 0.00888037 7
0.91768 0.110057 4
0.858999 8.25893e-06 15
0.938614 0.261333 3
0.933384 0.249601 3
0.911174 0.0504359 5
0.970726 1 1
0.938433 0.260886 3
0.913136 0.10583 4
0.967825 1 1
0.973246 1 1
0.88518 0.0037752 8
0.907171 0.0482782 5
0.867002 5.0741e-05 13
0.919525 0.111974 4
0.87889 0.000708429 10
0.880947 0.000734406 10
0.884947 0.00172218 9
0.99072 1 1
0.949199 0.52285 2
0.867431 5.11934e-05 13
0.923586 0.116676 4
0.887832 0.0039202 8
0.911395 0.050564 5
0.924586 0.117946 4
0.964454 0.580863 2
0.914059 0.0521961 5
0.930239 0.12614 4
0.9411 0.267799 3
0.961313 0.565872 2
0.954622 0.31703 3
0.936095 0.136849 4
0.922729 0.0588323 5
0.912691 0.0252955 6
0.96853 0.603437 2
0.914681 0.0261412 6
0.93935 0.263183 3
0.91846 0.0552803 5
0.988989 1 1
0.944126 0.276577 3
0.923393 0.0594433 5
0.942947 0.273031 3
0.908738 0.049087 5
0.886606 0.00385159 8
0.943358 0.508262 2
0.89692 0.00960382 7
0.890443 0.00407609 8
0.907662 0.0485268 5
0.965623 0.586956 2
0.969899 0.611917 2
0.874043 0.000292914 11
0.924936 0.118403 4
0.89024 0.00406344 8
0.931112 0.245179 3
0.927383 0.238668 3
0.951833 0.530552 2
0.937589 0.258844 3
0.889403 0.00185897 9
0.958613 0.55442 2
0.893966 0.00431068 8
0.956517 0.546352 2
0.929886 0.125572 4
0.882207 0.000343411 11
0.834792 4.85255e-12 0
0.88475 0.000787787 10
0.917363 0.0544611 5
0.885067 0.000792584 10
0.894667 0.00436115 8
0.921172 0.0574649 5
0.888485 0.000848272 10
0.850831 3.59615e-09 24
0.881087 0.000335544 11
0.879322 0.000323815 11
0.902256 0.0104121 7
0.969251 0.607842 2
0.904127 0.022332 6
0.876398 0.00013813 12
0.951978 0.531001 2
0.919788 0.112258 4
0.951571 0.529752 2
0.856685 2.82487e-07 19
0.89276 0.004227 8
0.864303 4.12818e-06 16
0.934681 0.252297 3
0.896477 0.00954352 7
0.905848 0.0228523 6
0.979976 1 1
0.884756 0.000787874 10
0.960789 0.563549 2
0.89463 0.00435848 8
0.955424 0.542399 2
0.924486 0.117817 4
0.884997 0.000791517 10
0.832963 4.48045e-12 0
0.883497 0.000769367 10
0.911415 0.0505757 5
0.881041 0.000335228 11
0.889373 0.00185796 9
0.92025 0.112763 4
0.884565 0.000785009 10
0.848007 1.39557e-09 25
0.882402 0.000344816 11
0.893224 0.00199608 9
0.984116 1 1
0.944109 0.276525 3
0.972446 0.629038 2
0.919111 0.0557831 5
0.934435 0.133545 4
0.86845 4.61758e-06 16
0.923178 0.11617 4
0.898356 0.00465021 8
0.896908 0.00453177 8
0.888728 0.00085253 10
0.959364 0.557481 2
0.901394 0.0102704 7
0.876119 6.2069e-05 13
0.93289 0.130669 4
0.887506 0.00390167 8
0.93795 0.259709 3
0.984354 1 1
0.936137 0.255485 3
0.896869 0.0204543 6
0.967317 1 1
0.896791 0.0204366 6
0.947621 0.518593 2
0.875639 0.000670885 10
0.897404 0.0205777 6
0.876282 0.000677997 10
0.958767 0.555042 2
0.901847 0.0458258 5
0.894034 0.0092277 7
0.979025 1 1
0.911712 0.00616763 8
0.95382 0.313278 3
0.970986 0.619 2
0.96027 0.347438 3
0.924443 0.0315203 6
0.939538 0.144488 4
0.899659 0.000530715 11
0.956328 0.325456 3
0.902548 0.00118635 10
0.919681 0.0147219 7
0.901898 0.00116539 10
0.987423 0.777145 2
0.924374 0.0314736 6
0.905833 0.00130331 10
0.953805 0.313209 3
0.903965 0.0467508 5
0.868859 0.000118695 12
0.923462 0.232677 3
0.880055 0.0015946 9
0.87955 0.00158257 9
0.889699 0.00872733 7
0.985691 1 1
0.951288 0.528896 2
0.865339 4.90483e-05 13
0.92039 0.112918 4
0.884786 0.00375473 8
0.913077 0.105779 4
0.921705 0.11441 4
0.959032 0.556118 2
0.918868 0.111277 4
0.990032 1 1
0.893901 0.000451772 11
0.890931 0.000418783 11
0.913703 0.0128584 7
0.959649 0.343726 3
0.854078 1.46994e-10 28
0.89509 0.000980829 10
0.916459 0.0269585 6
0.959782 0.344513 3
0.972498 0.629409 2
0.98846 1 1
0.919522 0.0285208 6
0.97075 0.617436 2
0.926127 0.0621452 5
0.874407 2.48965e-06 17
0.922884 0.231859 3
0.883985 0.00371383 8
0.932443 0.247724 3
0.896892 0.0204596 6
0.89904 0.0209684 6
0.894146 0.0198583 6
0.971701 1 1
0.966664 1 1
0.88442 0.00373593 8
0.939639 0.500465 2
0.903509 0.0465462 5
0.929399 0.242082 3
0.9414 0.504029 2
0.970034 1 1
0.923447 0.232656 3
0.977269 0.666929 2
0.900562 0.000545275 11
0.88965 1.9859e-05 15
0.920354 0.0149666 7
0.971064 0.619524 2
0.854441 1.24863e-11 0
0.884997 7.84779e-06 16
0.911631 0.00309543 9
0.973367 0.635692 2
0.96153 0.355287 3
0.990413 1 1
0.92071 0.0150989 7
0.961125 0.35272 3
0.914702 0.00665459 8
0.872788 4.49551e-08 22
0.897842 0.00460741 8
0.93106 0.12749 4
0.998281 1 1
0.934014 0.132741 4
0.902091 0.0103847 7
0.954619 0.539598 2
0.911398 0.0247818 6
0.962983 0.573603 2
0.881121 0.000153428 12
0.909114 0.0239371 6
0.884947 0.000364193 11
0.964226 0.57971 2
0.913472 0.025619 6
0.908639 0.0237707 6
0.979189 1 1
0.963247 0.574876 2
0.919765 0.112233 4
0.901288 0.0215413 6
0.939782 0.264291 3
0.991109 1 1
0.868053 2.30414e-05 14
0.881864 0.000746604 10
0.917784 0.110162 4
0.975451 1 1
0.953401 0.535522 2
0.969259 0.607896 2
0.93499 0.252959 3
0.955275 0.541875 2
0.908245 0.0488278 5
0.884049 0.000777379 10
0.976586 0.661084 2
0.880637 6.72154e-06 16
0.89542 0.000470501 11
0.899441 0.00109187 10
0.933382 0.0710829 5
0.856221 3.13163e-11 30
0.921067 0.0293925 6
0.927667 0.0638123 5
0.929129 0.0655005 5
0.983657 0.730628 2
0.957662 0.332485 3
0.916154 0.0135607 7
0.978819 0.680836 2
0.95461 0.316975 3
0.880482 6.686e-06 16
0.99061 1 1
0.896499 0.00213155 9
0.893488 0.000945132 10
0.916357 0.0269101 6
0.961656 0.567414 2
0.856616 1.96861e-09 25
0.896073 0.00100402 10
0.918737 0.0281008 6
0.960228 0.56112 2
0.973744 0.638491 2
0.986893 1 1
0.922304 0.0584508 5
0.972438 0.628984 2
0.926766 0.0628237 5
0.876881 1.30389e-05 15
0.943676 0.275204 3
0.936873 0.138477 4
0.905861 0.00539192 8
0.956152 0.32456 3
0.986479 1 1
0.876633 5.89043e-06 16
0.872079 1.04076e-06 18
0.914867 0.0262239 6
0.965979 0.588869 2
0.936709 0.138129 4
0.949046 0.293366 3
0.941015 0.148128 4
0.939534 0.144479 4
0.895109 0.000981258 10
0.888868 0.000186162 12
0.973402 1 1
0.91279 0.105534 4
0.900756 0.0453727 5
0.932929 0.248685 3
0.980768 1 1
0.86583 0.000112188 12
0.888392 0.00858962 7
0.920644 0.1132 4
0.971392 1 1
0.962511 0.571363 2
0.977106 1 1
0.933016 0.248858 3
0.963851 0.577835 2
0.916141 0.108552 4
0.883586 0.00369385 8
0.885543 0.000170731 12
0.986469 1 1
0.935163 0.134965 4
0.967449 0.597077 2
0.9138 0.0257583 6
0.930771 0.127009 4
0.85904 1.12755e-08 23
0.913166 0.0254913 6
0.893908 0.000954252 10
0.888374 0.000393722 11
0.882251 7.23829e-05 13
0.949032 0.293313 3
0.892768 0.000929892 10
0.866698 3.88225e-07 19
0.925444 0.0614407 5
0.953299 0.53519 2
0.925372 0.235496 3
0.9401 0.501376 2
0.943132 0.507758 2
0.948568 0.521118 2
0.900531 0.0213434 6
0.919273 0.111705 4
0.963309 0.575176 2
0.929522 0.242298 3
0.963055 0.573949 2
0.939295 0.499792 2
0.966409 1 1
0.967968 1 1
0.938454 0.260939 3
0.922681 0.231575 3
0.935964 0.255096 3
0.897274 0.0205476 6
0.938845 0.498926 2
0.911478 0.10444 4
0.914767 0.107273 4
0.898137 0.02075 6
0.955259 0.541819 2
0.976025 1 1
0.899241 0.0210176 6
0.952548 0.532782 2
0.916913 0.109298 4
0.94313 0.507755 2
0.955181 0.541546 2
0.966388 1 1
0.926429 0.237135 3
0.886453 0.00384321 8
0.902973 0.0463097 5
0.970708 1 1
0.906572 0.0479802 5
0.881747 0.00163641 9
0.945506 0.513265 2
0.927206 0.238381 3
0.959536 0.558197 2
0.862244 2.02498e-05 14
0.900272 0.0212769 6
0.870941 0.000277203 11
0.938755 0.261682 3
0.90393 0.0467351 5
0.914037 0.106618 4
0.975615 1 1
0.88127 0.0016244 9
0.944972 0.511984 2
0.97141 1 1
0.939149 0.262672 3
0.894865 0.0093322 7
0.970797 1 1
0.884959 0.00376368 8
0.936232 0.255698 3
0.873639 0.000290779 11
0.889878 0.00404113 8
0.871576 0.000125109 12
0.954204 0.538188 2
0.894371 0.00926976 7
0.883328 0.00167763 9
0.9687 1 1
0.930787 0.127036 4
0.936466 0.137619 4
0.96237 0.570701 2
0.949747 0.296046 3
0.933552 0.131878 4
0.922326 0.0584701 5
0.917348 0.0273907 6
0.97343 0.636155 2
0.912566 0.0252448 6
0.940944 0.267374 3
0.91798 0.0277085 6
0.984444 1 1
0.94567 0.281488 3
0.927478 0.0636015 5
0.944177 0.276734 3
0.911142 0.012203 7
0.977242 0.666693 2
0.945338 0.16024 4
0.986375 1 1
0.936561 0.137818 4
0.924059 0.0312614 6
0.878934 6.34726e-06 16
0.933719 0.0715729 5
0.914905 0.0131929 7
0.914342 0.0130339 7
0.906512 0.00546836 8
0.972796 0.631539 2
0.918855 0.0281626 6
0.890065 0.000192323 12
0.93027 0.0668964 5
0.967343 0.596467 2
0.890217 0.00406206 8
0.912105 0.0509835 5
0.908211 0.0488097 5
0.932337 0.247518 3
0.871993 0.000126149 12
0.934594 0.252113 3
0.94583 0.514055 2
0.922553 0.115411 4
0.984535 1 1
0.946674 0.516156 2
0.929969 0.24309 3
0.98394 1 1
0.965924 0.588573 2
0.897372 0.00966628 7
0.914804 0.0526822 5
0.957576 0.550345 2
0.905181 0.0226467 6
0.969475 0.609239 2
0.956021 0.544536 2
0.884617 0.0017129 9
0.854519 1.15214e-07 20
0.903036 0.0220184 6
0.940678 0.266655 3
0.909986 0.0497635 5
0.919659 0.112119 4
0.937588 0.258842 3
0.913348 0.0517443 5
0.873164 0.000129148 12
0.889906 0.00404284 8
0.970373 0.614968 2
0.920152 0.0288691 6
0.920269 0.0289347 6
0.940121 0.145897 4
0.966587 0.592203 2
0.882914 3.39886e-05 14
0.906048 0.00541368 8
0.942269 0.151408 4
0.949799 0.296248 3
0.971952 0.625575 2
0.959953 0.559947 2
0.950724 0.299914 3
0.975952 0.655806 2
0.931191 0.0680754 5
0.902911 0.00507194 8
0.954944 0.540719 2
0.913594 0.106227 4
0.936864 0.257143 3
0.930663 0.244349 3
0.939686 0.264045 3
0.896039 0.0202674 6
0.930766 0.244538 3
0.967261 0.596001 2
0.922961 0.115904 4
0.968761 1 1
0.937715 0.259145 3
0.956623 0.546741 2
0.97322 1 1
0.951191 0.528602 2
0.920603 0.113154 4
0.86387 1.37048e-08 23
0.936082 0.136821 4
0.954876 0.318248 3
0.925715 0.0617176 5
0.878981 6.35735e-06 16
0.981269 0.704775 2
0.870857 4.49349e-07 19
0.918879 0.0281755 6
0.858235 4.07975e-10 27
0.87216 4.71343e-07 19
0.854812 6.65324e-11 29
0.935576 0.135791 4
0.876566 2.67833e-06 17
0.866921 7.80115e-08 21
0.959633 0.34363 3
0.951414 0.529274 2
0.939506 0.500203 2
0.926445 0.23716 3
0.960175 0.560891 2
0.971984 1 1
0.892744 0.0090713 7
0.89349 0.00916093 7
0.938689 0.261519 3
0.949425 0.523482 2
0.951248 0.528776 2
0.947031 0.517064 2
0.961556 0.566964 2
0.955334 0.542081 2
0.914592 0.107114 4
0.90876 0.0490983 5
0.955886 0.323214 3
0.877341 2.75135e-06 17
0.904729 0.00257059 9
0.894648 0.000460821 11
0.918102 0.0141781 7
0.864976 1.43584e-08 23
0.94365 0.155234 4
0.940014 0.145636 4
0.909912 0.00590621 8
0.970886 0.618334 2
0.935888 0.136424 4
0.918202 0.0142113 7
0.969004 0.60632 2
0.978044 0.673764 2
0.891505 0.000200216 12
0.987795 1 1
0.88782 0.000836832 10
0.886069 0.000808136 10
0.907487 0.0233798 6
0.953733 0.536615 2
0.849067 1.45338e-09 25
0.89451 0.00434974 8
0.912552 0.025239 6
0.956225 0.54528 2
0.970647 0.61676 2
0.987354 1 1
0.913821 0.0520437 5
0.967961 0.600057 2
0.926282 0.120217 4
0.86978 1.07173e-05 15
16 0 1 9 11 12 16 18 20 22 23 24 25 31 33 37 39 
11 0 9 11 16 18 20 22 23 24 33 39 
21 0 1 7 9 11 12 13 14 18 19 20 23 24 25 29 30 31 33 34 36 37 
5 9 11 20 23 33 
4 9 11 23 33 
32 1 2 4 5 7 9 11 12 13 14 16 17 19 20 21 22 23 24 25 26 27 29 30 31 32 33 34 35 36 37 38 39 
38 0 1 2 3 4 5 6 7 8 10 12 13 14 15 16 17 18 19 20 21 22 23 24 25 26 27 28 29 30 31 32 33 34 35 36 37 38 39 
29 0 1 2 7 9 10 11 12 13 14 16 18 19 20 22 23 24 25 26 28 29 30 31 33 34 35 36 37 39 
0 
24 0 1 7 9 11 12 13 14 16 18 20 22 23 24 25 26 29 30 31 33 34 36 37 39 
12 1 9 11 12 18 20 23 24 25 31 33 37 
17 0 1 9 11 12 16 18 20 22 23 24 25 31 33 34 37 39 
22 0 1 7 9 11 12 14 16 18 20 22 23 24 25 26 29 31 33 34 36 37 39 
40 0 1 2 3 4 5 6 7 8 9 10 11 12 13 14 15 16 17 18 19 20 21 22 23 24 25 26 27 28 29 30 31 32 33 34 35 36 37 38 39 
26 0 1 7 9 11 12 13 14 16 18 19 20 22 23 24 25 26 29 30 31 33 34 35 36 37 39 
