70 15 1e+07
1.44191 179175
2.1617 129704
2.58243 135566
2.39655 112030
1.15078 114800
2.11691 131463
1.89184 189293
1.17541 195087
1.85897 118956
1.15429 163722
1.54458 169009
1.19148 120087
2.07724 163632
2.93485 160778
2.46326 113822
1.21054 136118
2.14024 105314
1.75588 151004
1.51397 196026
2.60638 169076
1.10656 111540
1.28991 101141
2.23649 152387
1.03771 141182
1.77295 112791
2.83594 189590
1.792 199402
2.0963 119469
1.93791 102622
1.57499 181981
2.45585 101108
1.3187 106173
1.00327 100989
2.47536 170014
2.05977 178720
1.1044 146861
1.3606 139397
1.84081 167127
1.35826 187313
2.22543 144871
2.29719 162373
2.50794 153737
2.43557 184295
2.70673 167872
2.13335 173014
2.24513 126788
1.05783 188750
2.3441 155746
2.33523 125090
1.59757 141151
1.72328 165179
1.54192 148497
1.02504 156483
1.09476 126763
1.67843 105074
2.69576 188618
2.40821 130394
1.47103 178171
2.26457 161635
1.79696 127085
1.34038 119470
1.26437 174150
1.67849 197205
1.4086 135661
2.13787 123340
1.77953 106600
1.58808 137387
1.43838 199603
1.44514 191923
1.59832 146537
0.893758 0.00095097 10
0.925962 0.0619732 5
0.912212 0.0124679 7
0.899539 0.00227528 9
0.93888 0.14294 4
0.918284 0.0278645 6
0.883325 7.44935e-05 13
0.969478 0.609259 2
0.925296 0.0612906 5
0.937754 0.140389 4
0.888905 0.000186348 12
0.927863 0.0640325 5
0.901204 0.00236256 9
0.957726 0.332831 3
0.953801 0.313189 3
0.911244 0.00609743 8
0.95138 0.302604 3
0.948462 0.291191 3
0.916019 0.0135199 7
0.975058 0.648604 2
0.964252 0.579843 2
0.925291 0.032109 6
0.940256 0.146229 4
0.980853 0.700527 2
0.950038 0.297184 3
0.89547 0.000471144 11
0.956602 0.326866 3
0.913285 0.0127465 7
0.953895 0.313622 3
0.985867 1 1
0.86746 4.49302e-06 16
0.893324 0.00199995 9
0.878779 0.000145483 12
0.872972 2.59323e-05 14
0.904994 0.0108959 7
0.882845 0.000348048 11
0.850575 3.56203e-09 24
0.942651 0.272165 3
0.888803 0.000853836 10
0.910988 0.0246244 6
0.867704 4.52319e-06 16
0.897931 0.0046147 8
0.876113 6.206e-05 13
0.929399 0.124804 4
0.91624 0.0536586 5
0.877365 0.000141034 12
0.913562 0.0518791 5
0.91686 0.0540971 5
0.881124 0.000335797 11
0.96736 0.596567 2
0.934482 0.251873 3
0.905246 0.0226664 6
0.900542 0.0101347 7
0.952641 0.533075 2
0.95291 0.533934 2
0.859673 7.04702e-07 18
0.96991 0.611986 2
0.877254 0.000140696 12
0.940066 0.265032 3
0.945138 0.27976 3
0.854798 1.4164e-06 17
0.892615 0.00905598 7
0.8902 0.00878171 7
0.859392 8.3326e-06 15
0.961921 0.568623 2
0.906343 0.047868 5
0.872391 0.000284351 11
0.899818 0.0211617 6
0.924732 0.234531 3
0.979671 1 1
0.840908 2.52857e-09 24
0.980253 1 1
0.857225 3.45743e-06 16
0.959238 0.556961 2
0.935601 0.25429 3
0.876814 0.000683989 10
0.900934 0.0214481 6
0.885761 0.0038059 8
0.882321 0.00165111 9
0.904966 0.0472104 5
0.888436 0.00395504 8
0.857288 3.46271e-06 16
0.951513 0.529575 2
0.892737 0.0090704 7
0.907793 0.0485936 5
0.878001 0.000697753 10
0.896007 0.0202603 6
0.885819 0.00380899 8
0.926872 0.237842 3
0.919422 0.111864 4
0.956495 0.546271 2
0.934277 0.251443 3
0.924158 0.233683 3
0.958039 0.552142 2
0.87255 0.000638662 10
0.909719 0.103045 4
0.907865 0.101654 4
0.92574 0.236059 3
0.895895 0.0202352 6
0.855936 1.77794e-05 14
0.97636 1 1
0.855883 1.77609e-05 14
0.965592 1 1
0.869849 0.00061283 10
0.898292 0.0444026 5
0.909626 0.102973 4
0.946353 0.515349 2
0.933974 0.250811 3
0.915377 0.107833 4
0.955332 0.542074 2
0.941687 0.50463 2
0.905 0.0472263 5
0.971171 1 1
0.94898 0.522244 2
0.944425 0.510699 2
0.900672 0.0453383 5
0.939897 0.500973 2
0.915633 0.108072 4
0.961166 0.565214 2
0.977303 1 1
0.961903 0.568542 2
0.932804 0.130514 4
0.924924 0.0609182 5
0.961871 0.568397 2
0.868537 9.24188e-07 18
0.909293 0.0117736 7
0.91203 0.0124221 7
0.917589 0.0275109 6
0.894222 0.000961164 10
0.850886 5.50423e-11 29
0.985121 1 1
0.85182 1.32407e-10 28
0.968808 0.60512 2
0.863922 6.95988e-08 21
0.893823 0.000952385 10
0.905912 0.00130638 10
0.931237 0.0681349 5
0.915261 0.00675381 8
0.911677 0.00616231 8
0.921249 0.0153043 7
0.916444 0.00697302 8
0.885899 1.73673e-05 15
0.983669 0.730764 2
0.918064 0.0141656 7
0.915748 0.00684253 8
0.905086 0.00127498 10
0.907947 0.00279332 9
0.914831 0.00667719 8
0.934867 0.0732973 5
0.942481 0.151981 4
0.905999 0.0477007 5
0.926543 0.237316 3
0.910153 0.103382 4
0.911574 0.104518 4
0.909918 0.103199 4
0.909293 0.102718 4
0.881324 0.00358505 8
0.976495 1 1
0.909067 0.102547 4
0.904259 0.0468843 5
0.908033 0.101777 4
0.896556 0.0203833 6
0.915606 0.108047 4
0.923203 0.232309 3
0.93179 0.24646 3
0.908773 0.0057519 8
0.926533 0.0625745 5
0.909999 0.00591836 8
0.914226 0.0130019 7
0.90501 0.00258868 9
0.907857 0.00563356 8
0.881559 1.50407e-05 15
0.973452 0.636315 2
0.906347 0.00544883 8
0.898463 0.00106491 10
0.912215 0.0124687 7
0.891265 0.000198862 12
0.918695 0.0280786 6
0.917155 0.0138709 7
0.927688 0.0638353 5
0.88797 3.97894e-05 14
0.916846 0.0137735 7
0.90227 0.0011773 10
0.893694 0.000213325 12
0.925451 0.0322222 6
0.906763 0.00270734 9
0.873378 2.2377e-07 20
0.96565 0.587098 2
0.912485 0.0062868 8
0.926341 0.0328702 6
0.885678 1.72358e-05 15
0.915415 0.0133406 7
0.896189 0.000480519 11
0.94612 0.16269 4
0.940215 0.146127 4
0.88956 0.00871251 7
0.925689 0.235982 3
0.929721 0.242649 3
0.893265 0.00913368 7
0.968965 1 1
0.947571 0.518461 2
0.917776 0.110154 4
0.908124 0.0487645 5
0.965572 0.586686 2
0.947995 0.519579 2
0.871316 0.000279023 11
0.963646 0.576824 2
0.88917 0.00867096 7
0.939286 0.263018 3
0.953132 0.534649 2
0.947608 0.288104 3
0.982026 1 1
0.964859 0.58294 2
0.953581 0.536112 2
0.931906 0.246682 3
0.961423 0.566362 2
0.934106 0.251086 3
0.964019 0.578672 2
0.953574 0.53609 2
0.912617 0.0512925 5
0.936541 0.2564 3
0.914006 0.052162 5
0.953401 0.535522 2
0.924981 0.118462 4
0.959099 0.55639 2
0.908091 0.00566321 8
0.937 0.13875 4
0.921539 0.0296705 6
0.913951 0.012926 7
0.930983 0.0678041 5
0.924245 0.0313866 6
0.891917 0.000202581 12
0.987282 1 1
0.927084 0.0631678 5
0.924465 0.0315356 6
0.904876 0.00258007 9
0.917233 0.0138958 7
0.916334 0.0136154 7
0.943415 0.154566 4
0.952405 0.306955 3
0.935777 0.254679 3
0.950109 0.525426 2
0.933305 0.24944 3
0.941407 0.504043 2
0.909093 0.049276 5
0.927469 0.238809 3
0.905409 0.0474187 5
0.974301 1 1
0.921254 0.11389 4
0.896113 0.0202837 6
0.937687 0.259078 3
0.89286 0.00908508 7
0.945896 0.514217 2
0.912635 0.105402 4
0.935435 0.253925 3
0.917885 0.110264 4
0.955617 0.543085 2
0.943218 0.50795 2
0.923623 0.232908 3
0.95481 0.540254 2
0.95044 0.526382 2
0.913845 0.106447 4
0.970859 1 1
0.956007 0.544487 2
0.939881 0.264549 3
0.907781 0.0485875 5
0.937822 0.259402 3
0.923485 0.11655 4
0.95458 0.539465 2
0.98125 1 1
0.950999 0.528029 2
0.945803 0.513989 2
0.931813 0.246505 3
0.955315 0.542016 2
0.889966 0.00404652 8
0.920422 0.112953 4
0.909096 0.0492779 5
0.948171 0.520048 2
0.909291 0.0493829 5
0.874643 0.000133122 12
0.960605 0.562746 2
0.873294 0.00012949 12
0.962095 0.569426 2
0.889696 0.00403003 8
0.916372 0.108773 4
0.917636 0.0546615 5
0.958018 0.552063 2
0.949778 0.296166 3
0.922972 0.0590545 5
0.965385 0.585694 2
0.961144 0.565115 2
0.922288 0.058436 5
0.955997 0.544451 2
0.97054 0.616057 2
0.945089 0.279606 3
0.904254 0.01076 7
0.946969 0.285866 3
0.921401 0.0576609 5
0.955139 0.541399 2
0.993743 1 1
0.925288 0.118868 4
0.962762 0.572547 2
0.966464 0.591521 2
0.929301 0.124651 4
0.955317 0.542022 2
0.984738 1 1
0.946334 0.283695 3
0.931727 0.12862 4
0.995093 1 1
0.92978 0.125404 4
0.906518 0.0230639 6
0.938838 0.261891 3
0.925098 0.118616 4
0.932446 0.129875 4
0.96757 0.597773 2
0.903974 0.0467547 5
0.943175 0.507855 2
0.942651 0.506698 2
0.908443 0.10208 4
0.979968 1 1
0.95984 0.55947 2
0.922747 0.231667 3
0.930613 0.244258 3
0.979106 1 1
0.95359 0.536141 2
0.887396 0.00848833 7
0.963274 1 1
0.905276 0.0998379 4
0.953038 0.534344 2
0.976636 1 1
0.971073 0.619582 2
0.942675 0.272235 3
0.934898 0.25276 3
0.971802 0.624538 2
0.877079 0.000140165 12
0.919083 0.0557611 5
0.921055 0.057366 5
0.923569 0.116654 4
0.903708 0.0106623 7
0.858737 3.00483e-07 19
0.990442 1 1
0.860169 3.14019e-07 19
0.97907 1 1
0.871367 2.49266e-05 14
0.902399 0.0104361 7
0.895768 0.000996708 10
0.934848 0.134344 4
0.926904 0.0629722 5
0.901117 0.00235782 9
0.976478 0.66017 2
0.939617 0.144676 4
0.901225 0.00236369 9
0.948502 0.291338 3
0.953669 0.312585 3
0.966165 0.589879 2
0.884008 7.58891e-05 13
0.962307 0.570411 2
0.900105 0.00230424 9
0.97899 0.682425 2
0.980933 0.70134 2
0.929139 0.0655126 5
0.961844 0.357308 3
0.971304 0.621136 2
0.932387 0.0696801 5
0.944727 0.158384 4
0.988419 1 1
0.957117 0.329566 3
0.922995 0.0305679 6
0.984117 0.735922 2
0.919305 0.0284035 6
0.908688 0.00574065 8
0.929479 0.0659209 5
0.927231 0.0633287 5
0.920949 0.0293238 6
0.955533 0.321453 3
0.891146 0.00191897 9
0.930657 0.126821 4
0.926001 0.11983 4
0.896123 0.00447029 8
0.991812 1 1
0.941198 0.268067 3
0.903375 0.0106036 7
0.935057 0.134756 4
0.958471 0.553855 2
0.9731 0.633737 2
0.877344 6.39213e-05 13
0.975502 0.652143 2
0.894191 0.00203421 9
0.974859 0.647029 2
0.976245 0.658227 2
0.936013 0.255206 3
0.953528 0.535938 2
0.936535 0.256386 3
0.941809 0.26976 3
0.913794 0.0520262 5
0.931499 0.12823 4
0.90802 0.0235584 6
0.97798 1 1
0.925794 0.119548 4
0.900486 0.0101259 7
0.936108 0.255419 3
0.897423 0.00457308 8
0.945744 0.281732 3
0.916875 0.0541084 5
0.940307 0.265666 3
0.958183 0.33534 3
0.960808 0.350739 3
0.976461 0.660033 2
0.95823 0.335599 3
0.90689 0.00551381 8
0.96345 0.575862 2
0.988364 1 1
0.909602 0.00586345 8
0.94483 0.158693 4
0.8828 1.56537e-05 15
0.934757 0.134167 4
0.891325 0.000199202 12
0.95084 0.300384 3
0.887412 8.35586e-05 13
0.923723 0.0310386 6
0.957754 0.33298 3
0.988522 1 1
0.97116 0.620164 2
0.963716 0.369965 3
0.924591 0.0316214 6
0.962775 0.363477 3
0.941408 0.149138 4
0.955139 0.319521 3
0.950802 0.300231 3
0.90427 0.00254156 9
0.945068 0.159415 4
0.906751 0.0027065 9
0.962934 0.36455 3
0.915691 0.0134218 7
0.950781 0.300147 3
0.949436 0.523514 2
0.982007 1 1
0.964559 0.581399 2
0.955463 0.54254 2
0.929539 0.125023 4
0.960007 0.560179 2
0.934062 0.250993 3
0.963708 0.577127 2
0.951487 0.529496 2
0.910379 0.0499825 5
0.938796 0.261785 3
0.911689 0.0507366 5
0.955516 0.542727 2
0.922871 0.115795 4
0.956686 0.546976 2
0.909503 0.00584988 8
0.930491 0.0671746 5
0.914028 0.00653857 8
0.915132 0.0132583 7
0.912299 0.00625766 8
0.913051 0.00637694 8
0.885079 1.68863e-05 15
0.980305 0.695053 2
0.912531 0.00629411 8
0.90571 0.00263487 9
0.911013 0.00606351 8
0.898511 0.000513142 11
0.919053 0.0145008 7
0.924491 0.031553 6
0.934821 0.0732268 5
0.976925 1 1
0.953391 0.535492 2
0.944927 0.279086 3
0.979771 1 1
0.886917 0.00177993 9
0.92931 0.124664 4
0.928688 0.123706 4
0.931244 0.245427 3
0.913967 0.052137 5
0.868077 2.30545e-05 14
0.983968 1 1
0.869809 2.40103e-05 14
0.987561 1 1
0.880457 0.000331263 11
0.912385 0.0511517 5
0.924808 0.0317707 6
0.964443 0.375157 3
0.964069 0.372462 3
0.929294 0.0352236 6
0.959467 0.342655 3
0.980359 0.695589 2
0.940487 0.146799 4
0.939066 0.0804474 5
0.991182 1 1
0.934422 0.0726181 5
0.907365 0.00275038 9
0.941879 0.150368 4
0.925796 0.0324702 6
0.938839 0.0800243 5
0.975472 0.651903 2
0.950487 0.526522 2
0.95886 0.555417 2
0.9429 0.507246 2
0.956109 0.544857 2
0.905984 0.100321 4
0.933865 0.250585 3
0.916569 0.108963 4
0.962577 1 1
0.924278 0.233859 3
0.890245 0.0190859 6
0.951794 0.530434 2
0.889027 0.00865586 7
0.960863 0.563872 2
0.905223 0.0473308 5
0.932861 0.248549 3
0.953094 0.309986 3
0.927632 0.122134 4
0.918377 0.055217 5
0.953701 0.53651 2
0.865647 8.42789e-07 18
0.903536 0.0106318 7
0.903881 0.010693 7
0.918472 0.0552893 5
0.889373 0.000864022 10
0.849047 2.70604e-10 27
0.975441 0.651656 2
0.849089 2.71088e-10 27
0.960958 0.564292 2
0.862834 3.4161e-07 19
0.89115 0.000897327 10
0.963316 0.575209 2
0.954277 0.538433 2
0.941724 0.504708 2
0.967794 1 1
0.892773 0.0090747 7
0.928687 0.240847 3
0.920354 0.112878 4
0.9443 0.510409 2
0.91575 0.108181 4
0.875578 0.000670217 10
0.969874 1 1
0.875717 0.000671741 10
0.974566 1 1
0.889411 0.00869659 7
0.919105 0.111526 4
0.985784 1 1
0.969298 0.608139 2
0.970326 0.614662 2
0.98809 1 1
0.900307 0.0212858 6
0.952168 0.53159 2
0.958497 0.553956 2
0.924833 0.118268 4
0.933842 0.250537 3
0.878273 0.000317199 11
0.962787 0.572668 2
0.883293 0.00167667 9
0.980722 1 1
0.887227 0.0017894 9
0.92308 0.11605 4
0.948878 0.521965 2
0.987171 1 1
0.986747 1 1
0.953334 0.535305 2
0.935724 0.254562 3
0.985702 1 1
0.95599 0.544425 2
0.940646 0.266568 3
0.970049 0.612876 2
0.912162 0.0510177 5
0.930215 0.243533 3
0.918189 0.110575 4
0.94927 0.523048 2
0.919431 0.111874 4
0.957335 0.54942 2
0.941658 0.269338 3
0.956945 0.547945 2
0.974229 0.642156 2
0.942721 0.27237 3
0.918224 0.055101 5
0.972043 0.626203 2
0.984353 1 1
0.907851 0.0235015 6
0.956638 0.546798 2
0.893514 0.00427887 8
0.918797 0.0555389 5
0.903714 0.0106633 7
0.935862 0.254869 3
0.895691 0.00443726 8
0.930899 0.127222 4
0.891312 0.0019249 9
0.929866 0.125541 4
0.929898 0.125591 4
0.895667 0.00209537 9
0.986358 1 1
0.947274 0.286926 3
0.912231 0.0251098 6
0.921106 0.0574085 5
0.966665 0.592637 2
0.962276 0.570264 2
0.874875 2.7214e-05 14
0.975282 0.650379 2
0.892502 0.00196858 9
0.956003 0.544471 2
0.966587 0.592203 2
0.91614 0.10855 4
0.94433 0.510477 2
0.928352 0.240278 3
0.922048 0.230703 3
0.930092 0.243311 3
0.929754 0.242707 3
0.898528 0.0208437 6
0.995885 1 1
0.930771 0.244547 3
0.920905 0.113493 4
0.9128 0.105542 4
0.915175 0.107647 4
0.924486 0.234165 3
0.939039 0.499298 2
0.953877 0.537092 2
0.961109 0.56496 2
0.960704 0.563178 2
0.94664 0.516069 2
0.966491 0.591671 2
0.900635 0.0213702 6
0.934871 0.252703 3
0.922799 0.115707 4
0.951836 0.530563 2
0.922807 0.115717 4
0.883429 0.00168033 9
0.962873 0.573077 2
0.883463 0.00168124 9
0.971923 1 1
0.897358 0.00966432 7
0.927244 0.238443 3
0.878378 0.0034538 8
0.91723 0.22461 3
0.911848 0.104744 4
0.883425 0.00811277 7
0.981826 1 1
0.926631 0.237456 3
0.889413 0.018932 6
0.928671 0.24082 3
0.943743 0.509132 2
0.987354 1 1
0.865694 0.000253871 11
0.980195 1 1
0.881911 0.00798025 7
0.985107 1 1
0.963077 1 1
0.886656 0.000378388 11
0.91599 0.0534847 5
0.901598 0.00494205 8
0.892378 0.00196392 9
0.926493 0.12051 4
0.906454 0.0111766 7
0.872779 1.16104e-05 15
0.964142 0.579287 2
0.912594 0.0252563 6
0.927965 0.122623 4
0.884085 0.000357403 11
0.916784 0.0540432 5
0.894769 0.00205772 9
0.947749 0.288607 3
0.940541 0.26629 3
0.869273 0.000607579 10
0.907758 0.101577 4
0.904888 0.0471739 5
0.873976 0.00146127 9
0.978144 1 1
0.921003 0.229302 3
0.885678 0.00832057 7
0.913501 0.106146 4
0.939458 0.50011 2
0.987924 1 1
0.855217 7.59834e-06 15
0.994135 1 1
0.87181 0.000631378 10
0.969848 1 1
0.951453 0.529394 2
0.93426 0.251408 3
0.962264 0.570208 2
0.945385 0.512972 2
0.940303 0.265656 3
0.929155 0.241655 3
0.943814 0.509292 2
0.915269 0.107733 4
0.983394 1 1
0.940403 0.265921 3
0.914543 0.10707 4
0.928947 0.241295 3
0.912286 0.0510921 5
0.942304 0.505947 2
0.93022 0.243542 3
0.956264 0.54542 2
0.939226 0.143747 4
0.96049 0.562249 2
0.943321 0.274139 3
0.945205 0.279977 3
0.919497 0.0285073 6
0.938783 0.142715 4
0.914182 0.0259227 6
0.978432 0.677279 2
0.932985 0.130839 4
0.904918 0.0052851 8
0.936622 0.137946 4
0.902704 0.00505089 8
0.948308 0.290629 3
0.920648 0.0570241 5
0.946488 0.284217 3
0.878998 0.000709746 10
0.908002 0.0487013 5
0.893834 0.00920297 7
0.884665 0.00171423 9
0.922052 0.114815 4
0.899018 0.0209629 6
0.86531 2.16507e-05 14
0.955888 0.544055 2
0.905785 0.0475978 5
0.926149 0.120034 4
0.876848 0.000308608 11
0.913833 0.052051 5
0.887133 0.00388073 8
0.945523 0.513305 2
0.933881 0.250618 3
0.901224 0.00114434 10
0.935828 0.0748143 5
0.922752 0.0304136 6
0.907011 0.00272494 9
0.948723 0.171493 4
0.929786 0.0662952 5
0.893841 0.000214262 12
0.971824 0.624688 2
0.937254 0.0771902 5
0.943416 0.15457 4
0.894294 0.000217175 12
0.935729 0.0746546 5
0.907981 0.00279581 9
0.962549 0.361957 3
0.966032 0.589157 2
0.953189 0.310413 3
0.96223 0.359836 3
0.946328 0.163357 4
0.958943 0.339619 3
0.907546 0.00276359 9
0.936994 0.076745 5
0.919937 0.014814 7
0.96164 0.355993 3
0.926946 0.0333257 6
0.891191 4.43558e-05 14
0.953067 0.309864 3
0.890437 4.32147e-05 14
0.963352 0.367422 3
0.905784 0.00130141 10
0.934475 0.0726987 5
0.906002 0.011088 7
0.94115 0.267934 3
0.947117 0.286379 3
0.9095 0.01182 7
0.960977 0.564377 2
0.965104 0.584214 2
0.935342 0.135321 4
0.915064 0.0263121 6
0.981007 0.702087 2
0.936151 0.136963 4
0.88675 0.000379197 11
0.949379 0.294628 3
0.904938 0.00528736 8
0.932429 0.129844 4
0.957645 0.550608 2
0.924131 0.0313097 6
0.932494 0.0698275 5
0.916197 0.0135738 7
0.929125 0.0654957 5
0.89474 0.000220116 12
0.90989 0.00590321 8
0.889614 8.92335e-05 13
0.963303 0.367083 3
0.904056 0.00252819 9
0.884353 1.64779e-05 15
0.931309 0.0682295 5
0.879501 2.97128e-06 17
0.934778 0.0731606 5
0.90181 0.00116259 10
0.919846 0.0147813 7
0.890853 9.27134e-05 13
0.929858 0.0663841 5
0.928588 0.0648634 5
0.895391 0.000470139 11
0.99197 1 1
0.945511 0.160776 4
0.909453 0.00584311 8
0.924604 0.0316303 6
0.964631 0.581766 2
0.966659 0.592605 2
0.875099 5.2703e-07 19
0.977883 0.672328 2
0.892555 0.00020633 12
0.961444 0.354737 3
0.969601 0.61003 2
0.903813 0.00122911 10
0.926606 0.0330677 6
0.910428 0.00299061 9
0.909469 0.00291146 9
0.914315 0.00658745 8
0.910675 0.00301156 9
0.881358 3.18186e-06 17
0.978218 0.675334 2
0.911566 0.00614549 8
0.909394 0.0029054 9
0.904661 0.00125933 10
0.901287 0.000557468 11
0.913122 0.00638851 8
0.928534 0.034586 6
0.935412 0.0741496 5
0.8776 0.000313087 11
0.914624 0.0525631 5
0.916686 0.0539734 5
0.881577 0.000742751 10
0.97308 1 1
0.934271 0.25143 3
0.903185 0.0220605 6
0.904617 0.0224766 6
0.953012 0.534263 2
0.959275 0.557113 2
0.8605 1.64345e-06 17
0.976334 1 1
0.878012 0.00031559 11
0.946301 0.515218 2
0.94904 0.522411 2
0.88522 0.000366395 11
0.921692 0.0579119 5
0.925037 0.0610307 5
0.889018 0.000857657 10
0.970912 0.618509 2
0.94282 0.272657 3
0.912601 0.0252591 6
0.90677 0.0112397 7
0.961172 0.56524 2
0.951906 0.304812 3
0.867358 8.89621e-07 18
0.968131 0.601055 2
0.885101 0.000365433 11
0.941733 0.269549 3
0.951833 0.304502 3
0.932441 0.24772 3
0.954154 0.538021 2
0.937109 0.257712 3
0.938347 0.260676 3
0.919496 0.111943 4
0.933786 0.250423 3
0.907851 0.0486237 5
0.984353 1 1
0.929585 0.242407 3
0.906587 0.0479872 5
0.930872 0.244733 3
0.903214 0.0220689 6
0.941659 0.26934 3
0.923189 0.116184 4
0.945885 0.514189 2
0.945695 0.161347 4
0.956792 0.327857 3
0.940371 0.146512 4
0.951351 0.302485 3
0.907726 0.00277683 9
0.932512 0.0698526 5
0.91331 0.00641913 8
0.967035 0.594717 2
0.92408 0.0312758 6
0.892782 9.85907e-05 13
0.947011 0.165588 4
0.890942 4.39728e-05 14
0.955936 0.323465 3
0.908255 0.00281649 9
0.934564 0.0728328 5
0.913489 0.00644855 8
0.941045 0.148206 4
0.925086 0.0319645 6
0.919368 0.0146108 7
0.928336 0.0344236 6
0.926513 0.0329985 6
0.895371 0.000224384 12
0.993425 1 1
0.927793 0.0339862 6
0.920152 0.0148921 7
0.910751 0.00602531 8
0.91384 0.00650693 8
0.921979 0.0155907 7
0.93862 0.0796208 5
0.95141 0.302729 3
0.903632 0.00514641 8
0.943572 0.27489 3
0.937053 0.138863 4
0.908824 0.0116701 7
0.979086 0.683324 2
0.950698 0.299811 3
0.911866 0.0249646 6
0.947438 0.287505 3
0.965243 0.584945 2
0.959885 0.559661 2
0.890301 0.000881102 10
0.961097 0.564908 2
0.907179 0.0113225 7
0.968241 0.601709 2
0.990739 1 1
0.983627 1 1
0.945751 0.281755 3
0.941915 0.27006 3
0.98125 1 1
0.877827 0.000142461 12
0.924734 0.118138 4
0.932911 0.24865 3
0.916446 0.0538036 5
0.907769 0.0234738 6
0.857911 2.93049e-07 19
0.991435 1 1
0.860935 7.3098e-07 18
0.98517 1 1
0.869005 1.05041e-05 15
0.902088 0.0103842 7
0.879713 2.99418e-06 17
0.918673 0.0143702 7
0.913646 0.0128432 7
0.884719 1.6682e-05 15
0.984469 0.740039 2
0.928656 0.064942 5
0.891474 9.45423e-05 13
0.928495 0.0647551 5
0.945988 0.162271 4
0.986053 0.759347 2
0.86671 1.54699e-08 23
0.981682 0.709056 2
0.883075 1.57948e-05 15
0.982797 0.721009 2
0.964413 0.580658 2
0.884221 0.00372579 8
0.919277 0.111709 4
0.924335 0.233942 3
0.887697 0.00851864 7
0.96252 0.571405 2
0.941933 0.505152 2
0.914791 0.107294 4
0.900688 0.021384 6
0.958931 0.555708 2
0.944001 0.509719 2
0.865625 4.93328e-05 13
0.960422 0.561955 2
0.883382 0.00368372 8
0.933514 0.249865 3
0.945342 0.512868 2
0.901007 0.0214671 6
0.939 0.262295 3
0.940844 0.267103 3
0.905134 0.0226323 6
0.975946 1 1
0.958747 0.554959 2
0.924119 0.117346 4
0.92254 0.115396 4
0.978285 1 1
0.950389 0.526234 2
0.883467 0.000768941 10
0.962688 0.572199 2
0.901467 0.0215886 6
0.946863 0.516636 2
0.967947 0.599973 2
0.97141 1 1
0.970128 1 1
0.957958 0.551827 2
0.977446 1 1
0.904118 0.0223292 6
0.944363 0.510553 2
0.935038 0.253062 3
0.946125 0.514781 2
0.930277 0.243645 3
0.884994 0.00172351 9
0.96565 0.587098 2
0.886688 0.00385608 8
0.980881 1 1
0.897394 0.0205753 6
0.93017 0.243451 3
0.916478 0.223738 3
0.941199 0.503611 2
0.954843 0.540369 2
0.918336 0.225929 3
0.931898 0.246667 3
0.966097 1 1
0.958389 0.553525 2
0.900661 0.0453341 5
0.964558 1 1
0.907548 0.101424 4
0.894686 0.0199727 6
0.920542 0.228698 3
0.912196 0.105033 4
0.905097 0.0997169 4
0.935161 0.492316 2
0.904527 0.00524216 8
0.930093 0.125904 4
0.9142 0.0259304 6
0.910289 0.0120006 7
0.921444 0.0576974 5
0.915622 0.026566 6
0.884854 0.000167815 12
0.982436 1 1
0.917544 0.0274883 6
0.916384 0.0269225 6
0.903641 0.00514729 8
0.908349 0.0115671 7
0.913407 0.0255918 6
0.935591 0.13582 4
0.942278 0.271091 3
0.87458 2.70088e-05 14
0.911983 0.0250109 6
0.913161 0.025489 6
0.878691 0.0001452 12
0.974699 0.645782 2
0.930585 0.126704 4
0.898684 0.00467799 8
0.904938 0.0108856 7
0.949492 0.295064 3
0.964212 0.579638 2
0.857999 5.63242e-08 21
0.981472 1 1
0.875368 6.09784e-05 13
0.949961 0.29688 3
0.948661 0.291927 3
0.934224 0.251332 3
0.975628 1 1
0.967207 1 1
0.939443 0.500081 2
0.950756 0.527308 2
0.975269 1 1
0.937876 0.497106 2
0.953529 0.535941 2
0.974482 1 1
0.928489 0.24051 3
0.919088 0.111509 4
0.932439 0.247717 3
0.937164 0.495808 2
0.937502 0.49642 2
0.975895 1 1
0.956305 0.545569 2
0.939269 0.262975 3
0.927852 0.239441 3
0.958955 0.555805 2
0.878841 0.000707827 10
0.914218 0.106778 4
0.909295 0.049385 5
0.933436 0.249706 3
0.901114 0.0214952 6
0.862541 8.96014e-06 15
0.972461 1 1
0.862128 8.87389e-06 15
0.96656 0.592052 2
0.876789 0.000683712 10
0.90485 0.0471564 5
41 0 2 5 6 7 8 9 10 11 12 14 15 16 17 18 22 26 28 29 30 31 33 34 35 40 41 43 45 46 47 48 49 51 53 56 57 58 60 64 66 69 
48 0 2 5 6 7 8 9 10 11 12 14 15 16 17 18 19 22 23 25 26 28 29 30 31 33 34 35 40 41 42 43 45 46 47 48 49 51 53 56 57 58 59 60 61 64 66 68 69 
63 0 1 2 3 4 5 6 7 8 9 10 11 12 14 15 16 17 18 19 20 21 22 23 25 26 28 29 30 31 32 33 34 35 36 37 39 40 41 42 43 44 45 46 47 48 49 51 52 53 54 55 56 57 58 59 60 61 63 64 66 67 68 69 
66 0 1 2 3 4 5 6 7 8 9 10 11 12 13 14 15 16 17 18 19 20 21 22 23 24 25 26 28 29 30 31 32 33 34 35 37 39 40 41 42 43 44 45 46 47 48 49 50 51 52 53 54 55 56 57 58 59 61 62 63 64 65 66 67 68 69 
50 0 1 2 5 6 7 8 9 10 11 12 14 15 16 17 18 19 22 23 25 26 28 29 30 31 33 34 35 36 40 41 42 43 45 46 47 48 49 51 53 56 57 58 59 60 61 64 66 68 69 
56 0 1 2 4 5 6 7 8 9 10 11 12 14 15 16 17 18 19 21 22 23 25 26 28 29 30 31 32 33 34 35 36 37 40 41 42 43 44 45 46 47 48 49 51 52 53 56 57 58 59 60 61 64 66 68 69 
68 0 1 2 3 4 5 6 7 8 9 10 11 12 13 14 15 16 17 18 19 20 21 22 23 24 25 26 27 28 29 30 31 32 33 34 35 36 37 38 39 40 41 42 43 44 45 46 47 48 49 50 51 52 53 54 55 56 57 58 59 60 61 63 64 66 67 68 69 
21 2 5 6 9 10 11 12 15 16 18 26 30 34 40 43 47 51 53 58 66 69 
58 0 1 2 4 5 6 7 8 9 10 11 12 14 15 16 17 18 19 20 21 22 23 25 26 28 29 30 31 32 33 34 35 36 37 39 40 41 42 43 44 45 46 47 48 49 51 52 53 56 57 58 59 60 61 64 66 68 69 
53 0 1 2 5 6 7 8 9 10 11 12 14 15 16 17 18 19 22 23 25 26 27 28 29 30 31 32 33 34 35 36 37 40 41 42 43 45 46 47 48 49 51 53 56 57 58 59 60 61 64 66 68 69 
57 0 1 2 4 5 6 7 8 9 10 11 12 14 15 16 17 18 19 21 22 23 25 26 28 29 30 31 32 33 34 35 39 40 41 42 43 44 45 46 47 48 49 51 52 53 54 56 57 58 59 61 63 64 66 67 68 69 
54 0 1 2 4 5 6 7 8 9 10 11 12 14 15 16 17 18 19 22 23 25 26 28 29 30 31 32 33 34 35 36 37 40 41 42 43 44 45 46 47 48 49 51 53 56 57 58 59 60 61 64 66 68 69 
64 0 1 2 3 4 5 6 7 8 9 10 11 12 13 14 15 16 17 18 19 20 21 22 23 25 26 28 29 30 31 32 33 34 35 37 39 40 41 42 43 44 45 46 47 48 49 50 51 52 53 54 55 56 57 58 59 61 62 63 64 66 67 68 69 
41 0 2 5 6 7 8 9 10 11 12 14 15 16 17 18 22 26 28 29 30 31 33 34 35 40 41 43 45 46 47 48 49 51 53 56 57 58 60 64 66 69 
40 0 2 4 5 6 7 9 10 11 12 15 16 17 18 23 25 26 30 33 34 35 40 41 42 43 44 45 46 47 48 49 51 53 56 57 58 59 61 66 69 
