30 15 1e+07
1.6358 135360
1.45488 187287
1.87775 160440
1.53755 125666
1.88768 159821
1.68513 158176
2.94126 184920
1.41195 194425
1.67129 112335
2.48599 114815
1.49695 176172
2.11621 174667
1.07295 167876
1.46198 172534
2.881 160456
2.58389 156948
1.46467 170707
2.68133 106649
1.74119 152183
1.03505 103357
1.04829 110775
1.55382 159955
2.07576 104037
1.50228 185961
1.0827 119270
1.41775 123614
1.83867 130612
1.67884 136843
2.19165 172430
1.18886 105294
0.858158 6.74932e-07 18
0.865149 9.53724e-06 15
0.929459 0.242187 3
0.865729 9.67341e-06 15
0.9469 0.516729 2
0.940589 0.266418 3
0.887399 0.00179471 9
0.889648 0.00402711 8
0.887468 0.00179684 9
0.923575 0.116661 4
0.875829 0.000302728 11
0.910458 0.0500271 5
0.897752 0.00971957 7
0.851158 4.49577e-08 21
0.921793 0.114513 4
0.907052 0.00272781 9
0.895549 0.000472159 11
0.934126 0.0721741 5
0.927793 0.0639533 5
0.920785 0.0292291 6
0.900116 0.0011112 10
0.965189 0.584659 2
0.874752 1.14361e-06 18
0.977208 0.666399 2
0.942348 0.151619 4
0.983391 0.727611 2
0.842383 6.84226e-12 0
0.910464 0.00598405 8
0.907737 0.00561833 8
0.909393 0.00583487 8
0.897484 0.00457804 8
0.909875 0.0242102 6
0.934774 0.134201 4
0.897984 0.00461915 8
0.938258 0.260457 3
0.972259 0.627721 2
0.9017 0.0103201 7
0.944681 0.278307 3
0.894991 0.00438493 8
0.90874 0.0238059 6
0.884627 0.000361649 11
0.959136 0.556541 2
0.938974 0.262231 3
0.888896 0.000855479 10
0.958503 0.553983 2
0.936921 0.138581 4
0.941639 0.269286 3
0.967617 0.598045 2
0.944548 0.27789 3
0.953948 0.313865 3
0.96975 0.610972 2
0.95109 0.301408 3
0.945679 0.281518 3
0.941724 0.269522 3
0.93627 0.13721 4
0.932228 0.129491 4
0.914673 0.0261376 6
0.976946 0.664142 2
0.929499 0.12496 4
0.987525 1 1
0.967897 0.599677 2
0.981886 0.711201 2
0.927565 0.0338062 6
0.959345 0.341941 3
0.913432 0.00643917 8
0.93667 0.0761973 5
0.93262 0.070003 5
0.964459 0.375273 3
0.919557 0.0146776 7
0.89911 0.000522179 11
0.915259 0.00675344 8
0.910004 0.00591901 8
0.980072 0.692762 2
0.958278 0.335869 3
0.955363 0.320615 3
0.86988 0.000613119 10
0.887292 0.00847795 7
0.871996 0.00063319 10
0.860817 4.48867e-05 13
0.872779 0.000640948 10
0.906727 0.100839 4
0.849093 1.23157e-06 17
0.929901 0.242969 3
0.840096 1.36675e-08 22
0.845789 2.08141e-07 19
0.832009 1.38908e-10 27
0.968727 1 1
0.897494 0.0441033 5
0.86147 4.5452e-05 13
0.902548 0.0461252 5
0.896 0.00947982 7
0.912815 0.051414 5
0.903267 0.0220839 6
0.889203 0.00185234 9
0.902675 0.0219175 6
0.938637 0.26139 3
0.879808 0.000326965 11
0.957507 0.550077 2
0.870659 2.45029e-05 14
0.875454 0.000135397 12
0.862142 1.71876e-06 17
0.981946 1 1
0.928744 0.123792 4
0.887113 0.00178591 9
0.935426 0.253906 3
0.889133 1.94845e-05 15
0.885604 8.02705e-06 16
0.963645 0.369463 3
0.906179 0.00131682 10
0.962924 0.364484 3
0.928366 0.0344483 6
0.945996 0.162296 4
0.883171 3.40948e-06 17
0.954392 0.315942 3
0.994556 1 1
0.943698 0.155371 4
0.867391 3.20754e-09 25
0.913921 0.00652055 8
0.885699 8.05562e-06 16
0.927163 0.0334927 6
0.940222 0.265442 3
0.959397 0.557619 2
0.896873 0.00452895 8
0.924209 0.117461 4
0.886617 0.000816919 10
0.91757 0.0546131 5
0.895448 0.00441893 8
0.973454 0.636331 2
0.883032 0.000762748 10
0.867777 1.01801e-05 15
0.87868 0.000145165 12
0.921876 0.114609 4
0.946414 0.283965 3
0.932224 0.247297 3
0.930372 0.126355 4
0.883427 0.000768365 10
0.889421 0.0040134 8
0.956869 0.547658 2
0.891943 0.00417232 8
0.972869 1 1
0.965366 0.585593 2
0.913627 0.05192 5
0.909475 0.049483 5
0.912547 0.0512501 5
0.943744 0.275412 3
0.900609 0.0101451 7
0.91618 0.0536165 5
0.923329 0.116356 4
0.876473 0.000138353 12
0.947827 0.519133 2
0.874675 0.0014754 9
0.880537 0.0035489 8
0.949356 0.523289 2
0.883414 0.00811182 7
0.966958 1 1
0.956028 0.544562 2
0.906394 0.100605 4
0.901134 0.045528 5
0.906255 0.100509 4
0.940908 0.503011 2
0.894366 0.0199047 6
0.91169 0.104614 4
0.914103 0.106676 4
0.867851 0.000263022 11
0.938368 0.498024 2
0.981375 1 1
0.979813 1 1
0.898596 0.0208602 6
0.959533 0.558181 2
0.882889 0.00365952 8
0.901634 0.0457359 5
0.917802 0.11018 4
0.935893 0.254937 3
0.904833 0.0471483 5
0.874226 0.000655762 10
0.90517 0.0473059 5
0.88036 0.00354088 8
0.944795 0.511565 2
0.978848 1 1
0.92017 0.228217 3
0.897811 0.00460482 8
0.891284 0.00192392 9
0.956562 0.546516 2
0.916753 0.0540208 5
0.948223 0.290317 3
0.91942 0.0560265 5
0.959324 0.557315 2
0.881584 0.000338993 11
0.971029 0.619286 2
0.974698 0.645771 2
0.96212 0.569541 2
0.858519 1.30777e-07 20
0.915435 0.0531044 5
0.895713 0.00443894 8
0.923114 0.116092 4
0.919993 0.0148344 7
0.914283 0.0065821 8
0.9704 0.615144 2
0.938376 0.0791754 5
0.954146 0.314789 3
0.935495 0.0742807 5
0.979168 0.684092 2
0.903303 0.00121154 10
0.982122 0.713704 2
0.964664 0.376772 3
0.969272 0.607973 2
0.874833 1.08248e-07 21
0.938793 0.0799399 5
0.917011 0.00708273 8
0.943539 0.154918 4
0.913494 0.0128022 7
0.931687 0.128552 4
0.902379 0.00501845 8
0.903464 0.00512887 8
0.897581 0.00218058 9
0.933439 0.131669 4
0.886787 0.000176234 12
0.976312 0.658782 2
0.876113 5.79419e-06 16
0.873033 2.37977e-06 17
0.868964 4.19913e-07 19
0.958096 0.334857 3
0.939641 0.144735 4
0.90464 0.00525445 8
0.937586 0.14002 4
0.995044 1 1
0.981064 1 1
0.91738 0.224786 3
0.979771 1 1
0.900656 0.0453318 5
0.915705 0.222862 3
0.93845 0.498177 2
0.937929 0.497204 2
0.925115 0.235106 3
0.893571 0.0197388 6
0.924826 0.234671 3
0.884123 0.00817573 7
0.95943 1 1
0.985977 1 1
0.93505 0.492129 2
0.893918 0.000451983 11
0.891182 0.0001984 12
0.971174 0.620258 2
0.910379 0.0120216 7
0.969785 0.611192 2
0.935655 0.135949 4
0.948833 0.292567 3
0.889948 0.000191709 12
0.955489 0.321237 3
0.995142 1 1
0.94392 0.15601 4
0.874098 1.1171e-06 18
0.920418 0.0290189 6
0.890051 0.00019225 12
0.934387 0.133451 4
0.927477 0.0636004 5
0.928068 0.0642646 5
0.984196 1 1
0.940183 0.14605 4
0.966072 0.589372 2
0.962683 0.572172 2
0.961908 0.568567 2
0.92751 0.0636371 5
0.955817 0.322869 3
0.954038 0.314286 3
0.944586 0.278009 3
0.901182 0.00236134 9
0.960216 0.561065 2
0.921608 0.0297118 6
0.97167 0.623628 2
0.943089 0.153653 4
0.962511 0.361701 3
0.902273 0.0011774 10
0.928031 0.0341769 6
0.891903 9.58405e-05 13
0.922774 0.0304276 6
0.900317 0.000541271 11
0.978164 0.674845 2
0.887912 3.97131e-05 14
0.872995 9.99464e-08 21
0.883305 7.37923e-06 16
0.923843 0.0311184 6
0.951997 0.3052 3
0.934695 0.0730332 5
0.935921 0.0749644 5
0.888503 0.000848576 10
0.901098 0.00489447 8
0.927805 0.122387 4
0.888845 0.000854582 10
0.933357 0.131518 4
0.964064 0.578895 2
0.893353 0.00200108 9
0.937293 0.13938 4
0.887184 0.000382983 11
0.903577 0.0106391 7
0.876691 2.85387e-05 14
0.962702 0.572266 2
0.929441 0.124869 4
0.879965 6.82172e-05 13
0.948979 0.293115 3
0.933907 0.132541 4
0.944443 0.157539 4
0.951182 0.301783 3
0.935161 0.134962 4
0.942481 0.151981 4
0.973395 0.635899 2
0.932394 0.0696893 5
0.963047 0.573909 2
0.922549 0.0302867 6
0.919918 0.0287388 6
0.913685 0.0128535 7
0.932444 0.0697585 5
0.977791 0.671513 2
0.925215 0.0612091 5
0.98858 1 1
0.965176 0.58459 2
0.972131 0.626817 2
0.888043 0.00181484 9
0.943583 0.274924 3
0.873487 0.000129999 12
0.895641 0.00943248 7
0.903369 0.022113 6
0.937917 0.25963 3
0.890474 0.00407802 8
0.862544 3.94424e-06 16
0.890222 0.00406233 8
0.883044 0.000762917 10
0.936797 0.256989 3
0.96223 0.57005 2
0.913087 0.0515817 5
0.917256 0.054383 5
0.913951 0.0521266 5
0.981681 1 1
0.933881 0.250618 3
0.965098 0.584183 2
0.945197 0.27995 3
0.969996 0.612538 2
0.908112 0.0235897 6
0.970739 0.617367 2
0.969841 0.61155 2
0.958058 0.552219 2
0.883167 0.000350438 11
0.942026 0.270372 3
0.913203 0.0516536 5
0.951018 0.528085 2
0.859822 1.16272e-08 23
0.866581 3.86685e-07 19
0.931902 0.128923 4
0.867648 4.01074e-07 19
0.949497 0.295083 3
0.942056 0.270458 3
0.88975 0.00040686 11
0.89043 0.000413652 11
0.889921 0.000408546 11
0.926222 0.0622448 5
0.878251 2.97628e-05 14
0.909842 0.0118975 7
0.899334 0.002265 9
0.852874 3.19298e-10 27
0.923412 0.059461 5
0.897034 0.00102769 10
0.890557 0.000414942 11
0.956273 0.325176 3
0.915944 0.0267153 6
0.948247 0.290406 3
0.919146 0.0283178 6
0.95847 0.336939 3
0.881041 3.21799e-05 14
0.970167 0.613637 2
0.975112 0.649026 2
0.96133 0.565944 2
0.858248 2.11008e-09 25
0.914799 0.0261937 6
0.894923 0.000976971 10
0.922654 0.0587648 5
0.899616 0.0099921 7
0.906644 0.0231044 6
0.964076 0.578959 2
0.906704 0.0231235 6
0.97151 0.622536 2
0.984444 1 1
0.923202 0.1162 4
0.927052 0.121299 4
0.919456 0.111901 4
0.940634 0.266536 3
0.907821 0.0234915 6
0.926268 0.120198 4
0.941037 0.267627 3
0.892183 0.00418823 8
0.966205 0.590097 2
0.948979 0.293115 3
0.952507 0.307399 3
0.958813 0.338876 3
0.956305 0.325336 3
0.943187 0.153926 4
0.958153 0.335171 3
0.955076 0.319216 3
0.947962 0.289373 3
0.943599 0.155089 4
0.929359 0.0657761 5
0.935825 0.0748088 5
0.909017 0.00578425 8
0.985372 0.750884 2
0.941538 0.149473 4
0.977744 0.671089 2
0.930956 0.0677694 5
0.945795 0.281898 3
0.933433 0.071156 5
0.926837 0.0629004 5
0.926445 0.0624808 5
0.961282 0.353711 3
0.916663 0.0137165 7
0.979497 0.687211 2
0.906201 0.00543164 8
0.90283 0.00245431 9
0.898177 0.00105728 10
0.94464 0.158126 4
0.968849 0.605374 2
0.921747 0.0297955 6
0.970149 0.613517 2
0.870875 0.000622401 10
0.876513 0.00151399 9
0.946426 0.515531 2
0.879877 0.0035192 8
0.964573 1 1
0.951515 0.52958 2
0.903712 0.046637 5
0.896892 0.0438822 5
0.904087 0.046806 5
0.940314 0.501804 2
0.892233 0.0194686 6
0.908407 0.102053 4
0.909949 0.103223 4
0.864158 0.000108855 12
0.934051 0.490477 2
0.89866 0.0208757 6
0.898043 0.0207276 6
0.982589 1 1
0.913372 0.106034 4
0.983325 1 1
0.949068 0.522487 2
0.947409 0.51804 2
0.90081 0.0214157 6
0.950474 0.526483 2
0.98271 1 1
0.938143 0.260178 3
0.886802 0.00386235 8
0.929459 0.242187 3
0.893818 0.00920109 7
0.946134 0.514803 2
12 2 4 5 6 8 11 14 18 19 20 21 27 
7 5 6 8 11 14 18 21 
17 2 3 4 5 6 8 11 14 15 17 18 19 20 21 25 26 27 
14 2 4 5 6 8 11 14 15 18 19 20 21 26 27 
20 0 2 3 4 5 6 8 9 10 11 14 18 19 20 21 23 25 26 27 28 
12 2 4 5 6 8 11 14 18 19 20 21 27 
24 0 2 3 4 5 6 8 9 10 11 14 15 17 18 19 20 21 22 23 25 26 27 28 29 
6 5 6 8 14 18 21 
29 0 2 3 4 5 6 7 8 9 10 11 12 13 14 15 16 17 18 19 20 21 22 23 24 25 26 27 28 29 
27 0 1 2 3 4 5 6 8 9 10 11 13 14 15 16 17 18 19 20 21 22 23 25 26 27 28 29 
25 0 2 3 4 5 6 8 9 10 11 13 14 15 17 18 19 20 21 22 23 25 26 27 28 29 
6 5 6 8 14 18 21 
13 2 4 5 6 8 11 14 15 18 19 20 21 27 
21 0 2 3 4 5 6 8 9 10 11 14 15 18 19 20 21 23 25 26 27 28 
14 0 2 4 5 6 8 14 18 19 20 21 23 25 27 
