60 15 1e+07
1.36803 197199
2.29193 110636
1.80153 157198
1.75734 192399
2.23975 135857
1.82439 121435
1.36801 136950
1.18865 189768
1.49282 122006
1.54022 177772
2.6438 102043
1.97081 167203
2.16587 153913
2.0863 174977
1.32941 164579
1.54987 189736
1.62657 133241
1.6219 102460
2.10812 111905
1.6072 192548
2.87084 150072
1.01263 109761
2.83757 109129
1.96867 108309
2.58717 159622
2.32127 110867
1.75437 117071
2.14692 126410
1.47568 124927
2.48778 135183
2.18909 155998
1.13576 128734
1.13098 184492
2.84019 110325
2.16233 139191
1.35107 130708
2.37291 144931
2.81708 169162
2.44029 192468
1.97158 175808
2.18024 118908
1.6209 151580
1.80301 189538
1.83088 155918
1.12319 195393
1.10984 108803
2.36927 114493
1.9273 164689
2.37375 123270
2.29489 175111
2.50254 160904
1.22089 107268
1.72883 195850
2.7818 115514
1.925 179773
1.05746 171241
2.63864 120392
2.52328 132471
1.88356 140788
1.68485 195218
0.959458 0.557872 2
0.909065 0.102545 4
0.849928 2.92147e-06 16
0.885327 0.00828728 7
0.881956 0.00798406 7
0.845479 4.83146e-07 18
0.904943 0.0996136 4
0.889568 0.0189604 6
0.879224 0.00349039 8
0.932087 0.247031 3
0.892754 0.0195726 6
0.878456 0.00345714 8
0.924027 0.233491 3
0.901469 0.0456669 5
0.874065 0.00146306 9
0.971729 0.624033 2
0.924161 0.117401 4
0.864681 4.16943e-06 16
0.902262 0.0218034 6
0.899877 0.0100317 7
0.859184 6.949e-07 18
0.921221 0.113852 4
0.907161 0.0232722 6
0.880297 0.000330199 11
0.950085 0.525355 2
0.903915 0.02227 6
0.879821 0.000327054 11
0.928816 0.123902 4
0.919551 0.112002 4
0.890275 0.00406563 8
0.985539 1 1
0.943462 0.508495 2
0.882913 0.00806733 7
0.912817 0.105557 4
0.901156 0.045537 5
0.880449 0.00354491 8
0.935808 0.493418 2
0.913456 0.106107 4
0.914435 0.106972 4
0.953798 0.53683 2
0.932989 0.48878 2
0.914034 0.106615 4
0.965175 1 1
0.922489 0.231308 3
0.904008 0.0467703 5
0.890188 0.000878991 10
0.937109 0.138983 4
0.970706 0.617143 2
0.939003 0.262304 3
0.914424 0.0260281 6
0.982483 1 1
0.935745 0.136131 4
0.927383 0.121773 4
0.899909 0.00478517 8
0.906788 0.0112433 7
0.953415 0.31143 3
0.901674 0.00494935 8
0.909341 0.0117842 7
0.917594 0.0275135 6
0.951412 0.302737 3
0.939585 0.263783 3
0.935914 0.136476 4
0.891715 0.00193947 9
0.903783 0.0106755 7
0.88347 0.000352705 11
0.895167 0.00207424 9
0.92487 0.118316 4
0.898937 0.00469971 8
0.960529 0.562414 2
0.92328 0.0593386 5
0.951785 0.3043 3
0.960398 0.561848 2
0.984884 1 1
0.902063 0.01038 7
0.90153 0.0049355 8
0.95395 0.537334 2
0.953838 0.536964 2
0.902482 0.0460964 5
0.946558 0.515863 2
0.949122 0.522637 2
0.8933 0.0196833 6
0.958298 0.553164 2
0.954479 0.539119 2
0.873009 0.000643256 10
0.983057 1 1
0.922475 0.231289 3
0.87332 0.000646406 10
0.920982 0.229274 3
0.968491 1 1
0.932235 0.247319 3
0.921532 0.0577732 5
0.970275 0.614329 2
0.956512 0.546333 2
0.959848 0.559505 2
0.933169 0.131174 4
0.955686 0.543331 2
0.966763 0.593182 2
0.94946 0.294942 3
0.909973 0.0242461 6
0.938458 0.260948 3
0.977729 0.670958 2
0.911331 0.024756 6
0.934933 0.134512 4
0.943462 0.274558 3
0.964738 0.582317 2
0.91394 0.012923 7
0.959817 0.344722 3
0.95612 0.324394 3
0.994203 1 1
0.97205 0.626256 2
0.943318 0.154294 4
0.96975 0.610972 2
0.984596 1 1
0.874014 2.45743e-06 17
0.944205 0.276824 3
0.939376 0.144102 4
0.875135 2.55092e-06 17
0.907693 0.00561277 8
0.970912 0.618509 2
0.988057 1 1
0.958702 0.554778 2
0.940181 0.265334 3
0.886206 0.00382981 8
0.929111 0.241578 3
0.932743 0.248316 3
0.877707 0.000694293 10
0.942474 0.506315 2
0.93686 0.257135 3
0.868983 0.000118975 12
0.972164 1 1
0.911181 0.0504399 5
0.86904 0.000119103 12
0.918324 0.110712 4
0.950683 0.527094 2
0.915164 0.107636 4
0.939869 0.145283 4
0.989728 1 1
0.940855 0.147723 4
0.974649 0.645392 2
0.952932 0.309266 3
0.93386 0.132453 4
0.996186 1 1
0.970034 0.612782 2
0.896899 0.00214943 9
0.965093 0.584158 2
0.960368 0.561721 2
0.897806 0.00219108 9
0.935604 0.135847 4
0.969629 0.610208 2
0.966732 0.593013 2
0.885112 1.69053e-05 15
0.930654 0.0673814 5
0.964558 0.376 3
0.931204 0.0680918 5
0.906833 0.00271227 9
0.978674 0.679497 2
0.928653 0.0649394 5
0.919683 0.0147228 7
0.901314 0.00114711 10
0.900278 0.00111594 10
0.949778 0.296167 3
0.903153 0.00120646 10
0.90663 0.00269797 9
0.910091 0.00593128 8
0.943525 0.154879 4
0.917103 0.0138544 7
0.904618 0.00256354 9
0.864224 6.19059e-09 24
0.873497 4.95581e-07 19
0.854051 1.22292e-11 0
0.869226 8.54649e-08 21
0.893967 0.000215068 12
0.868894 3.78929e-08 22
0.970134 0.613422 2
0.895071 0.000466081 11
0.921725 0.0297821 6
0.968284 0.601966 2
0.95542 0.320897 3
0.872389 2.15065e-07 20
0.871649 2.08858e-07 20
0.932205 0.24726 3
0.957867 0.551471 2
0.923461 0.11652 4
0.9697 0.610653 2
0.976226 1 1
0.911981 0.0509097 5
0.96804 0.600519 2
0.980495 1 1
0.867492 2.27456e-05 14
0.966376 0.591037 2
0.926491 0.120507 4
0.868179 5.19994e-05 13
0.910386 0.0499864 5
0.994018 1 1
0.954636 0.539657 2
0.945424 0.280686 3
0.947878 0.289068 3
0.901914 0.00497267 8
0.915405 0.0264667 6
0.8947 0.00205487 9
0.904499 0.0108045 7
0.936679 0.138066 4
0.91043 0.0120336 7
0.951485 0.303043 3
0.933286 0.131388 4
0.962533 0.571465 2
0.951775 0.30426 3
0.988134 1 1
0.913289 0.0255423 6
0.912957 0.0254045 6
0.935421 0.253895 3
0.96303 0.573828 2
0.925797 0.236147 3
0.972123 1 1
0.973315 1 1
0.914836 0.107335 4
0.973152 1 1
0.981506 1 1
0.872148 0.00028313 11
0.969659 1 1
0.931392 0.245706 3
0.872846 0.000286664 11
0.915003 0.107488 4
0.99589 1 1
0.956988 0.548105 2
0.933266 0.0709164 5
0.968992 0.606245 2
0.935162 0.0737555 5
0.943053 0.153551 4
0.918353 0.014262 7
0.937042 0.0768274 5
0.959347 0.341954 3
0.935054 0.0735881 5
0.929686 0.0355622 6
0.940134 0.145929 4
0.996212 1 1
0.930882 0.0676741 5
0.95595 0.323536 3
0.93332 0.0709933 5
0.944068 0.15644 4
0.954383 0.315898 3
0.926056 0.0620706 5
0.872361 5.16658e-06 16
0.893495 0.00200661 9
0.877935 2.95081e-05 14
0.873264 1.17658e-05 15
0.916243 0.0268557 6
0.891649 0.000907135 10
0.93781 0.140513 4
0.9263 0.120242 4
0.929435 0.12486 4
0.936873 0.138477 4
0.974633 0.645268 2
0.8983 0.00464551 8
0.887728 0.000387822 11
0.898051 0.00462467 8
0.94838 0.290891 3
0.985533 1 1
0.964631 0.581766 2
0.941773 0.26966 3
0.97477 0.646335 2
0.952239 0.53181 2
0.953035 0.534334 2
0.88335 0.000351803 11
0.922007 0.0581877 5
0.947052 0.286152 3
0.884838 0.000363319 11
0.905351 0.0109632 7
0.940939 0.26736 3
0.9794 1 1
0.930072 0.243276 3
0.963179 1 1
0.932194 0.24724 3
0.978912 1 1
0.978114 1 1
0.920716 0.228924 3
0.974314 1 1
0.988889 1 1
0.871755 0.0014181 9
0.963759 1 1
0.932949 0.488717 2
0.872551 0.00143327 9
0.912806 0.105547 4
0.996249 1 1
0.963666 1 1
0.955805 0.543756 2
0.957044 0.548317 2
0.905073 0.0226137 6
0.923462 0.116521 4
0.903905 0.0106973 7
0.905878 0.0228616 6
0.945918 0.282307 3
0.919436 0.056039 5
0.939806 0.264354 3
0.944827 0.278768 3
0.963835 0.577757 2
0.940068 0.265039 3
0.987473 1 1
0.923336 0.116365 4
0.91943 0.0560345 5
0.952134 0.531484 2
0.903869 0.0467073 5
0.845785 3.80935e-08 21
0.875513 0.000669511 10
0.867238 0.000115134 12
0.8438 1.53194e-08 22
0.89709 0.020505 6
0.877385 0.000690543 10
0.897662 0.0206379 6
0.918829 0.111237 4
0.895806 0.0202156 6
0.896544 0.0203806 6
0.935322 0.253677 3
0.887537 0.00390341 8
0.866326 5.00418e-05 13
0.875903 2.79511e-05 14
0.919666 0.0562221 5
0.95492 0.540636 2
0.919389 0.0560017 5
0.895509 0.00208866 9
0.9704 0.615144 2
0.917158 0.0543118 5
0.90801 0.0235552 6
0.900634 0.00485112 8
0.889484 0.000866031 10
0.941261 0.268238 3
0.90256 0.0104633 7
0.900054 0.00479821 8
0.898509 0.00466312 8
0.931759 0.128675 4
0.924606 0.0606035 5
0.927744 0.122299 4
0.891901 0.000912163 10
0.897634 0.00218303 9
0.875772 1.26261e-05 15
0.897408 0.0021726 9
0.916848 0.0271459 6
0.891509 0.000904353 10
0.974681 0.64564 2
0.911081 0.0246599 6
0.950288 0.29817 3
0.975021 0.648311 2
0.969286 0.608061 2
0.892994 0.000934625 10
0.897452 0.00217459 9
0.915527 0.0531672 5
0.934535 0.133736 4
0.909728 0.0241566 6
0.952346 0.306698 3
0.975068 0.648677 2
0.89672 0.00451685 8
0.944652 0.278218 3
0.964251 0.579838 2
0.846477 4.49333e-11 29
0.947562 0.287943 3
0.904173 0.0107454 7
0.847119 1.07427e-10 28
0.889289 0.000862513 10
0.970975 0.618925 2
0.939101 0.262551 3
0.969891 0.611868 2
0.936894 0.138522 4
0.879068 6.37561e-06 16
0.919712 0.0286249 6
0.919827 0.0286885 6
0.871971 4.68059e-07 19
0.936482 0.137652 4
0.925941 0.0619512 5
0.876003 2.62712e-06 17
0.967343 0.596467 2
0.911264 0.00610045 8
0.87586 2.6143e-06 17
0.925969 0.06198 5
0.939129 0.143519 4
0.906629 0.00548231 8
0.967146 0.595347 2
0.940076 0.265058 3
0.883183 0.00076488 10
0.924639 0.118015 4
0.925526 0.119187 4
0.875625 6.13477e-05 13
0.940541 0.26629 3
0.931275 0.12785 4
0.874739 6.00903e-05 13
0.971518 0.622591 2
0.913045 0.0515556 5
0.874686 6.00166e-05 13
0.924639 0.118015 4
0.944675 0.27829 3
0.911259 0.0504853 5
0.9509 0.179694 4
0.924575 0.0316109 6
0.872008 4.34062e-08 22
0.891966 4.55762e-05 14
0.8759 2.48327e-07 20
0.873325 4.60648e-08 22
0.91458 0.00663326 8
0.889795 4.22792e-05 14
0.941197 0.148593 4
0.923558 0.0162465 7
0.929575 0.0354653 6
0.940207 0.0826475 5
0.974874 0.647149 2
0.896101 0.0002295 12
0.886608 8.33691e-06 16
0.969667 0.610446 2
0.95762 0.550514 2
0.899575 0.00475543 8
0.924038 0.0600528 5
0.907406 0.0113689 7
0.898569 0.00222738 9
0.947571 0.287973 3
0.921966 0.0581516 5
0.928682 0.123698 4
0.954047 0.314326 3
0.954052 0.31435 3
0.928699 0.123723 4
0.98125 1 1
0.928085 0.1228 4
0.917642 0.0275376 6
0.94704 0.286112 3
0.978369 0.6767 2
0.927928 0.122568 4
0.946044 0.282724 3
0.923694 0.0597257 5
0.927218 0.063315 5
0.966985 0.594431 2
0.94026 0.265542 3
0.925086 0.0610792 5
0.953271 0.310777 3
0.981354 1 1
0.925936 0.061946 5
0.962459 0.571122 2
0.941365 0.268526 3
0.9432 0.273777 3
0.901486 0.00493125 8
0.923602 0.0596395 5
0.909863 0.0119024 7
0.901147 0.00235946 9
0.876513 1.28996e-05 15
0.919295 0.0283977 6
0.914354 0.0259973 6
0.892295 0.000920132 10
0.960326 0.561541 2
0.898311 0.00221495 9
0.955315 0.320381 3
0.962388 0.570785 2
0.94135 0.148987 4
0.889596 0.000405346 11
0.905777 0.00538221 8
0.965991 0.588936 2
0.980217 0.69419 2
0.916335 0.0268994 6
0.949615 0.295535 3
0.934861 0.13437 4
0.911531 0.012298 7
0.973593 0.637364 2
0.949257 0.294166 3
0.906394 0.00545435 8
0.978978 0.682313 2
0.955521 0.321392 3
0.906833 0.0055069 8
0.953925 0.313762 3
0.956331 0.325469 3
0.9403 0.146336 4
0.939782 0.500745 2
0.913879 0.106478 4
0.863649 0.000107874 12
0.881589 0.00359741 8
0.865241 0.000252021 11
0.8658 0.000254308 11
0.903808 0.0466799 5
0.87912 0.00348584 8
0.944707 0.511359 2
0.912139 0.104985 4
0.921418 0.229853 3
0.943361 0.50827 2
0.965453 1 1
0.88512 0.00826786 7
0.876808 0.00338814 8
0.97607 1 1
0.929898 0.242964 3
0.870185 0.000615942 10
0.908089 0.101818 4
0.905413 0.0999301 4
0.864525 0.000249145 11
0.927121 0.238242 3
0.912959 0.105678 4
0.882401 0.00802253 7
0.956221 0.545262 2
0.90879 0.102338 4
0.882015 0.00798912 7
0.931748 0.24638 3
0.925356 0.235472 3
0.896021 0.0435683 5
0.96671 0.592889 2
0.929261 0.124587 4
0.871914 1.1341e-05 15
0.897526 0.00458146 8
0.884309 0.000359149 11
0.871236 1.11367e-05 15
0.920461 0.0568687 5
0.897089 0.0045462 8
0.924368 0.117665 4
0.935249 0.253519 3
0.926213 0.120121 4
0.923568 0.116652 4
0.96814 0.601108 2
0.905171 0.0109291 7
0.890141 0.000878112 10
0.892346 0.000433935 11
0.931953 0.0690877 5
0.944963 0.159096 4
0.92232 0.0301448 6
0.896777 0.00102125 10
0.95693 0.328576 3
0.926668 0.0627178 5
0.911398 0.0122652 7
0.92183 0.0298455 6
0.901511 0.00237934 9
0.959721 0.344148 3
0.923754 0.0310593 6
0.920728 0.0291961 6
0.904335 0.00254562 9
0.931712 0.0687637 5
0.979671 1 1
0.962712 0.572314 2
0.900816 0.0101779 7
0.930828 0.127104 4
0.916907 0.0541309 5
0.897827 0.00460615 8
0.954508 0.53922 2
0.930522 0.126599 4
0.915513 0.0531576 5
0.967098 0.595074 2
0.94902 0.293267 3
0.915574 0.0531993 5
0.967268 0.596037 2
0.938361 0.260711 3
0.922352 0.115171 4
0.898866 0.0209258 6
0.944665 0.51126 2
0.963738 0.577276 2
0.941145 0.503499 2
0.915435 0.107887 4
0.972426 1 1
0.941777 0.504821 2
0.929708 0.242626 3
0.908871 0.0491573 5
0.913654 0.10628 4
0.963946 0.578307 2
0.910599 0.0501067 5
0.919522 0.111971 4
0.921261 0.113898 4
0.951689 0.530113 2
0.910194 0.0498792 5
0.914312 0.0523596 5
0.88444 0.00170796 9
0.885785 0.00174625 9
0.863461 9.1574e-06 15
0.891542 0.00414609 8
0.903708 0.0222102 6
0.879096 0.000710944 10
0.989891 1 1
0.89665 0.00956704 7
0.939434 0.263397 3
0.990693 1 1
0.954155 0.538023 2
0.879805 0.000719762 10
0.886822 0.00177706 9
0.968933 1 1
0.932774 0.488444 2
0.875205 0.00332391 8
0.900863 0.0454163 5
0.887375 0.0185698 6
0.874452 0.00147087 9
0.923892 0.233296 3
0.900318 0.0451951 5
0.925131 0.23513 3
0.9382 0.497709 2
0.929499 0.242257 3
0.924421 0.234069 3
0.970827 1 1
0.90828 0.101959 4
0.893512 0.0197267 6
0.973732 1 1
0.971971 1 1
0.908745 0.0490906 5
0.943572 0.508743 2
0.931493 0.245896 3
0.903729 0.0466443 5
0.966669 0.592659 2
0.944622 0.511159 2
0.903849 0.0466983 5
0.982195 1 1
0.948214 0.520163 2
0.904124 0.0468226 5
0.953414 0.535565 2
0.953432 0.535624 2
0.933361 0.249554 3
0.917219 0.224597 3
0.967586 1 1
0.963244 1 1
0.964717 1 1
0.937808 0.496982 2
0.960598 0.562715 2
0.966746 1 1
0.953553 0.536021 2
0.903097 0.0463643 5
0.936793 0.495143 2
0.970105 1 1
0.904476 0.0469834 5
0.928031 0.239739 3
0.945917 0.514268 2
0.971559 1 1
0.904122 0.0468219 5
0.947329 0.517833 2
0.954686 0.539828 2
0.938134 0.497586 2
0.912041 0.104904 4
0.962741 0.572448 2
0.942625 0.506643 2
0.927157 0.2383 3
0.917912 0.110292 4
0.916165 0.108574 4
0.971529 1 1
0.919638 0.112096 4
0.927645 0.239098 3
0.920132 0.112633 4
0.946836 0.516565 2
0.93832 0.141655 4
0.988658 1 1
0.942453 0.151904 4
0.975691 0.653677 2
0.953251 0.310689 3
0.935397 0.13543 4
0.994949 1 1
0.970466 0.615574 2
0.89665 0.00101812 10
0.96352 0.576204 2
0.960666 0.56301 2
0.897585 0.00104176 10
0.934717 0.134089 4
0.969269 0.607957 2
0.968235 0.601677 2
0.939408 0.500013 2
0.933598 0.250036 3
0.888969 0.00864974 7
0.90139 0.0456341 5
0.881371 0.00358725 8
0.892393 0.0195003 6
0.922603 0.231467 3
0.896726 0.0438218 5
0.960919 0.564122 2
0.9219 0.230502 3
0.948858 0.521909 2
0.960624 0.562829 2
0.984151 1 1
0.900094 0.0451051 5
0.898953 0.0446562 5
0.907689 0.0485406 5
0.934708 0.252354 3
0.920156 0.11266 4
0.959516 0.558114 2
0.986555 1 1
0.906308 0.0478504 5
0.945679 0.513686 2
0.97049 1 1
0.845998 8.95546e-08 20
0.940705 0.502595 2
0.906397 0.0478939 5
0.846797 9.16158e-08 20
0.886169 0.0038278 8
0.970739 1 1
0.948174 0.520056 2
0.931953 0.487179 2
0.959629 1 1
0.925799 0.236152 3
0.972177 1 1
0.976878 1 1
0.914346 0.106893 4
0.970059 1 1
0.982786 1 1
0.868868 0.000603942 10
0.966117 1 1
0.928446 0.240438 3
0.869583 0.000610401 10
0.911333 0.104322 4
0.9966 1 1
0.957057 0.548365 2
0.942203 0.505729 2
0.966464 1 1
0.922573 0.231426 3
0.96804 1 1
0.96631 1 1
0.912488 0.105278 4
0.975186 1 1
0.975672 1 1
0.87638 0.00151113 9
0.976685 1 1
0.934 0.250865 3
0.877007 0.00152472 9
0.920528 0.22868 3
0.988953 1 1
0.953277 0.535117 2
0.978753 1 1
0.965546 0.586545 2
0.903107 0.0220386 6
0.934015 0.250895 3
0.920286 0.112802 4
0.899716 0.0100073 7
0.9577 0.550822 2
0.933886 0.250628 3
0.913239 0.0516763 5
0.970429 0.615333 2
0.949721 0.524317 2
0.913363 0.0517538 5
0.964484 0.581015 2
0.941827 0.269813 3
0.925246 0.118813 4
0.921645 0.0578711 5
0.968485 0.603167 2
0.953004 0.309583 3
0.995516 1 1
0.96811 0.600932 2
0.941884 0.269972 3
0.978428 0.677238 2
0.9845 1 1
0.880831 6.97459e-05 13
0.951191 0.301824 3
0.946257 0.283438 3
0.881902 7.17203e-05 13
0.915792 0.0266447 6
0.973942 0.639977 2
0.984596 1 1
0.889588 0.00186517 9
0.926781 0.120914 4
0.937742 0.259209 3
0.915494 0.0531445 5
0.890065 0.00188129 9
0.950109 0.525426 2
0.920874 0.0572133 5
0.904763 0.0225205 6
0.926245 0.120165 4
0.89683 0.00452556 8
0.956151 0.545007 2
0.928232 0.123019 4
0.920354 0.0567809 5
0.898152 0.00463307 8
0.924509 0.117847 4
0.949477 0.295007 3
0.936849 0.138426 4
0.887173 3.87728e-05 14
0.903866 0.00251648 9
0.885342 3.65915e-05 14
0.889232 8.82056e-05 13
0.926086 0.032682 6
0.900274 0.00111583 10
0.950499 0.29901 3
0.929138 0.0655114 5
0.946449 0.163747 4
0.950065 0.297287 3
0.991058 1 1
0.904919 0.0025828 9
0.899936 0.00110598 10
0.908403 0.0236891 6
0.957437 0.549809 2
0.968625 0.604011 2
0.956562 0.546516 2
0.930237 0.126136 4
0.969548 0.609698 2
0.95621 0.545225 2
0.945001 0.279323 3
0.903457 0.010618 7
0.926653 0.120734 4
0.967206 0.595683 2
0.904989 0.010895 7
0.922871 0.0589619 5
0.936382 0.256037 3
0.966338 0.590829 2
0.918777 0.0555235 5
0.969307 0.608189 2
0.961911 0.56858 2
0.965645 0.587074 2
0.938699 0.261543 3
0.958945 0.555762 2
0.968423 0.602798 2
0.954628 0.53963 2
0.903269 0.0105851 7
0.938465 0.260966 3
0.97059 0.616384 2
0.904622 0.0108271 7
0.929059 0.124275 4
0.947272 0.28692 3
0.971764 0.624276 2
0.961212 0.565419 2
0.910305 0.0499411 5
0.851018 1.0361e-07 20
0.884059 0.00169744 9
0.878164 0.000699688 10
0.847632 1.73059e-08 22
0.904863 0.0225503 6
0.88716 0.00388224 8
0.88922 0.0040013 8
0.929727 0.242659 3
0.897372 0.00966635 7
0.88834 0.00394943 8
0.932316 0.247477 3
0.898288 0.020786 6
0.873691 0.000291049 11
0.98858 1 1
0.938807 0.142769 4
0.877898 6.13507e-06 16
0.909832 0.0118952 7
0.900226 0.0023105 9
0.874745 2.51783e-06 17
0.932207 0.0694333 5
0.911501 0.0122905 7
0.906927 0.00551825 8
0.953704 0.312745 3
0.92574 0.0617432 5
0.906463 0.00546256 8
0.956756 0.327665 3
0.921488 0.0296404 6
0.900169 0.00230757 9
0.882436 3.35109e-05 14
0.929426 0.0658569 5
0.971824 0.624688 2
0.93406 0.132829 4
0.910604 0.0120745 7
0.986993 1 1
0.928732 0.065031 5
0.922524 0.0586475 5
0.893846 0.000952896 10
0.899645 0.00228064 9
0.944979 0.279253 3
0.895649 0.000993883 10
0.901381 0.00237218 9
0.912044 0.0124256 7
0.947355 0.287211 3
0.920517 0.0569153 5
0.947861 0.289007 3
0.924059 0.11727 4
0.968241 0.601709 2
0.98665 1 1
0.911243 0.0247222 6
0.958728 0.554886 2
0.980367 1 1
0.857928 5.61884e-08 21
0.954198 0.538169 2
0.918104 0.0550101 5
0.858687 1.31496e-07 20
0.899273 0.00472886 8
0.984971 1 1
0.954443 0.538997 2
0.972374 0.628532 2
0.937194 0.139167 4
0.879072 1.39202e-05 15
0.905191 0.00531561 8
0.891599 0.000425818 11
0.878076 1.35082e-05 15
0.928327 0.064561 5
0.904648 0.0052553 8
0.92462 0.0606179 5
0.942458 0.151918 4
0.932985 0.130839 4
0.92403 0.060045 5
0.972734 0.631094 2
0.912587 0.0125637 7
0.897734 0.00104563 10
0.966846 1 1
0.915823 0.10825 4
0.856176 1.78648e-05 14
0.891191 0.0192653 6
0.886765 0.00842581 7
0.851903 7.08161e-06 15
0.911343 0.10433 4
0.895048 0.0200503 6
0.885102 0.0082662 7
0.937998 0.497332 2
0.8998 0.0449879 5
0.884389 0.00820008 7
0.930967 0.244911 3
0.906732 0.100842 4
0.880121 0.00353012 8
0.927178 0.0335043 6
0.941115 0.148384 4
0.908099 0.0056643 8
0.912278 0.00625444 8
0.889151 8.79893e-05 13
0.913456 0.0127921 7
0.93037 0.0670211 5
0.905283 0.00260652 9
0.96119 0.35313 3
0.920019 0.028795 6
0.967143 0.595327 2
0.962287 0.360216 3
0.968552 0.603572 2
0.905478 0.00261941 9
0.913043 0.00637568 8
12 0 1 5 8 20 23 24 25 32 44 53 58 
33 0 1 2 5 8 12 14 16 18 19 20 23 24 25 26 27 30 31 32 33 35 38 39 44 45 46 47 50 53 54 56 57 58 
54 0 1 2 4 5 6 7 8 9 11 12 13 14 15 16 17 18 19 20 22 23 24 25 26 27 28 29 30 31 32 33 35 36 37 38 39 40 41 42 43 44 45 46 47 48 50 51 52 53 54 56 57 58 59 
28 0 1 2 5 8 12 14 18 20 23 24 25 27 30 32 33 35 38 39 44 45 46 47 53 54 56 57 58 
41 0 1 2 4 5 8 9 12 13 14 16 18 19 20 22 23 24 25 26 27 28 30 31 32 33 35 37 38 39 42 43 44 45 46 47 50 53 54 56 57 58 
59 0 1 2 3 4 5 6 7 8 9 10 11 12 13 14 15 16 17 18 19 20 22 23 24 25 26 27 28 29 30 31 32 33 34 35 36 37 38 39 40 41 42 43 44 45 46 47 48 49 50 51 52 53 54 55 56 57 58 59 
33 0 1 2 5 8 12 14 16 18 19 20 23 24 25 26 27 30 31 32 33 35 38 39 44 45 46 47 50 53 54 56 57 58 
31 0 1 2 5 8 12 14 16 18 20 23 24 25 26 27 30 31 32 33 35 38 39 44 45 46 47 53 54 56 57 58 
51 0 1 2 4 5 6 7 8 9 11 12 13 14 15 16 17 18 19 20 22 23 24 25 26 27 28 30 31 32 33 35 37 38 39 40 42 43 44 45 46 47 48 50 51 52 53 54 56 57 58 59 
15 0 1 2 5 8 20 24 25 32 33 38 53 54 57 58 
46 0 1 2 4 5 7 8 9 11 12 13 14 15 16 18 19 20 22 23 24 25 26 27 28 30 31 32 33 35 37 38 39 42 43 44 45 46 47 48 50 53 54 56 57 58 59 
39 0 1 2 4 5 8 11 12 13 14 16 18 19 20 22 23 24 25 26 27 28 30 31 32 33 35 37 38 39 43 45 46 47 50 53 54 56 57 58 
26 0 1 2 5 8 16 20 23 24 25 26 27 30 31 32 33 35 38 39 46 47 50 53 54 57 58 
38 0 1 2 4 5 8 11 12 13 14 16 19 20 22 23 24 25 26 27 28 30 31 32 33 35 37 38 39 43 45 46 47 50 53 54 57 58 59 
57 0 1 2 3 4 5 6 7 8 9 10 11 12 13 14 15 16 18 19 20 21 22 23 24 25 26 27 28 29 30 31 32 33 34 35 36 37 38 39 40 41 42 43 45 46 47 48 49 50 51 52 53 54 56 57 58 59 
