40 15 1e+07
1.41583 163227
2.30312 149112
1.48638 137933
2.13732 161482
1.70949 135478
1.10431 107465
1.77834 164512
2.87665 151559
1.49165 184158
1.07389 103166
2.29088 198270
1.35794 100580
2.76501 155733
1.44219 112764
2.00507 176901
1.79797 113913
2.328 171546
1.93909 100753
1.16839 176789
2.3534 182787
2.39383 147227
2.27206 127621
1.46367 140695
2.21778 191916
1.47862 155849
1.90183 133013
1.46934 178309
1.21272 105227
2.23927 162086
2.05594 101101
2.03539 141813
1.54674 106857
1.55312 106183
2.94227 139027
1.70567 136745
1.19841 177131
1.10743 114790
1.02057 131166
2.66423 189470
1.93191 161104
0.943455 0.274538 3
0.947577 0.287994 3
0.971966 0.62567 2
0.893401 0.000943263 10
0.92281 0.0589064 5
0.923609 0.0596455 5
0.918303 0.027874 6
0.936931 0.138601 4
0.922152 0.0583152 5
0.947474 0.28763 3
0.929438 0.124864 4
0.958435 0.553709 2
0.965071 0.584044 2
0.895258 0.000984705 10
0.938404 0.141846 4
0.938701 0.142526 4
0.856601 1.96734e-09 25
0.878169 1.3546e-05 15
0.891982 0.000429947 11
0.917975 0.0277059 6
0.848052 8.98907e-12 0
0.865211 1.64166e-07 20
0.851016 5.53811e-11 29
0.897715 0.00218681 9
0.860826 1.21005e-08 23
0.920424 0.0290223 6
0.864472 7.10428e-08 21
0.888776 0.000397477 11
0.912312 0.0124933 7
0.928066 0.0642621 5
0.921474 0.0296322 6
0.902947 0.00246122 9
0.918797 0.0281323 6
0.958027 0.334479 3
0.989681 1 1
0.904849 0.00527744 8
0.929904 0.0664409 5
0.901552 0.0023816 9
0.967458 0.597131 2
0.910007 0.0119354 7
0.987848 1 1
0.882073 3.31563e-05 14
0.894748 0.000462052 11
0.971128 0.61995 2
0.980388 0.695873 2
0.968916 0.605778 2
0.878516 6.57833e-05 13
0.901556 0.00493797 8
0.893003 0.000934814 10
0.924764 0.0607593 5
0.865851 8.48168e-07 18
0.878411 2.9893e-05 14
0.871491 5.03602e-06 16
0.906777 0.011241 7
0.881811 0.000155921 12
0.929504 0.124968 4
0.891948 0.000913112 10
0.917434 0.0545129 5
0.909732 0.0118725 7
0.940655 0.266593 3
0.962339 0.570558 2
0.883176 0.00167357 9
0.905695 0.0475547 5
0.9047 0.0470867 5
0.93638 0.256033 3
0.872691 0.00028587 11
0.887415 0.00389656 8
0.876953 0.000685577 10
0.917539 0.109916 4
0.887192 0.00388404 8
0.940808 0.502805 2
0.890505 0.0088151 7
0.914098 0.106671 4
0.921821 0.114545 4
0.951407 0.529255 2
0.937998 0.497332 2
0.881324 0.00793028 7
0.901349 0.0456171 5
0.92602 0.236494 3
0.953529 0.535941 2
0.876856 0.00339011 8
0.89741 0.0440724 5
0.877328 0.00340959 8
0.932258 0.487645 2
0.886855 0.00843459 7
0.95539 0.54228 2
0.876462 0.00337404 8
0.896203 0.0436332 5
0.945853 0.51411 2
0.960967 1 1
0.940429 0.265989 3
0.936894 0.138523 4
0.95659 0.546619 2
0.873651 1.18925e-05 15
0.903047 0.0050858 8
0.90928 0.0117706 7
0.899625 0.00475983 8
0.925119 0.0611123 5
0.901676 0.00494951 8
0.934155 0.133009 4
0.909667 0.0241346 6
0.975822 0.654739 2
0.983747 1 1
0.876232 2.81939e-05 14
0.919286 0.0559201 5
0.911404 0.10438 4
0.981316 1 1
0.989646 1 1
0.894248 0.0198797 6
0.915596 0.108037 4
0.95254 0.532757 2
0.935904 0.493584 2
0.969408 1 1
0.923715 0.23304 3
0.978788 1 1
0.92071 0.228917 3
0.950921 0.527798 2
0.938713 0.498675 2
0.889345 0.00868949 7
0.924774 0.234593 3
0.903681 0.00250514 9
0.882388 1.5446e-05 15
0.896393 0.00101178 10
0.963328 0.575266 2
0.969565 0.609805 2
0.887886 8.47291e-05 13
0.916212 0.0135781 7
0.882231 1.53679e-05 15
0.953321 0.311003 3
0.889712 0.00019047 12
0.964127 0.579213 2
0.859975 2.27454e-09 25
0.873084 1.07775e-06 18
0.986914 1 1
0.956076 0.324173 3
0.985839 0.756671 2
0.90671 0.00270358 9
0.930809 0.0675805 5
0.884742 7.77444e-06 16
0.918436 0.0142896 7
0.886882 1.79719e-05 15
0.890054 4.26534e-05 14
0.897268 0.00023809 12
0.907677 0.00277323 9
0.907785 0.0027812 9
0.925134 0.0319983 6
0.931631 0.0686558 5
0.958705 0.338266 3
0.89472 0.00021998 12
0.937747 0.0780499 5
0.933711 0.250268 3
0.907343 0.0233321 6
0.925548 0.119216 4
0.946079 0.282841 3
0.981304 1 1
0.905346 0.0226968 6
0.926822 0.120971 4
0.904486 0.0224378 6
0.961382 0.566178 2
0.913773 0.0520125 5
0.985955 1 1
0.891664 0.00415405 8
0.90591 0.0228714 6
0.958405 0.553588 2
0.990669 1 1
0.929041 0.0653959 5
0.917349 0.0273915 6
0.934237 0.133165 4
0.950249 0.298015 3
0.985957 1 1
0.916637 0.0270437 6
0.938295 0.141599 4
0.915121 0.0132549 7
0.971519 0.622596 2
0.924196 0.0602052 5
0.993398 1 1
0.896498 0.00101436 10
0.907915 0.00564089 8
0.957085 0.329393 3
0.992027 1 1
0.911992 0.0124125 7
0.969226 0.607692 2
0.977887 0.672367 2
0.919709 0.0286231 6
0.938837 0.142841 4
0.961564 0.355504 3
0.959481 0.342736 3
0.966423 0.591299 2
0.949752 0.296069 3
0.976623 0.661397 2
0.943055 0.153556 4
0.927521 0.0636494 5
0.923485 0.0308829 6
0.913199 0.0127234 7
0.944013 0.156279 4
0.946492 0.515697 2
0.930093 0.243313 3
0.950698 0.527139 2
0.872286 0.00142819 9
0.902629 0.0461599 5
0.903265 0.0985174 4
0.895277 0.0433065 5
0.918526 0.22616 3
0.899719 0.0449556 5
0.927793 0.239343 3
0.909354 0.102765 4
0.970634 1 1
0.990048 1 1
0.876108 0.00335976 8
0.919643 0.227547 3
0.941411 0.149145 4
0.946301 0.163268 4
0.968923 0.605823 2
0.886425 1.76867e-05 15
0.915533 0.00680311 8
0.920371 0.0149726 7
0.912729 0.00632532 8
0.934994 0.0734947 5
0.915057 0.00671723 8
0.944976 0.159135 4
0.922121 0.0300222 6
0.965867 0.385832 3
0.971025 0.619264 2
0.888206 4.00974e-05 14
0.931154 0.0680263 5
0.939398 0.263305 3
0.947175 0.517433 2
0.970187 1 1
0.918122 0.110505 4
0.947664 0.518704 2
0.93327 0.24937 3
0.937805 0.25936 3
0.940379 0.265857 3
0.947495 0.518262 2
0.951464 0.529427 2
0.954188 0.538134 2
0.933543 0.249925 3
0.940661 0.266609 3
0.919319 0.111754 4
0.961527 0.566832 2
0.912837 0.00634267 8
0.910345 0.00298356 9
0.923472 0.0308743 6
0.967689 0.598465 2
0.994821 1 1
0.915584 0.00681243 8
0.942791 0.152828 4
0.910336 0.00298284 9
0.981445 0.706584 2
0.917997 0.0141434 7
0.988263 0.788581 2
0.882691 7.21945e-06 16
0.892188 9.67168e-05 13
0.971799 0.624514 2
0.974865 0.647083 2
0.910315 0.103509 4
0.982252 1 1
0.989395 1 1
0.903768 0.0466622 5
0.923751 0.233093 3
0.960026 0.560258 2
0.946339 0.515314 2
0.973625 1 1
0.933341 0.249513 3
0.985027 1 1
0.928472 0.240481 3
0.940931 0.503057 2
0.931687 0.246263 3
0.897848 0.0206817 6
0.931254 0.245446 3
0.924419 0.0604212 5
0.960492 0.562257 2
0.977364 0.667752 2
0.883176 7.41941e-05 13
0.908948 0.0116972 7
0.931388 0.128043 4
0.917631 0.0275318 6
0.948314 0.29065 3
0.912453 0.025199 6
0.957051 0.329213 3
0.914984 0.026276 6
0.970303 0.614512 2
0.959556 0.55828 2
0.88187 7.16602e-05 13
0.92202 0.0581989 5
0.891529 4.48814e-05 14
0.906377 0.00132462 10
0.913891 0.00651546 8
0.986055 0.759383 2
0.971123 0.619919 2
0.919193 0.0145495 7
0.951419 0.181772 4
0.909304 0.00289818 9
0.981304 0.705128 2
0.914681 0.00665096 8
0.965175 0.380562 3
0.869633 7.94596e-09 24
0.875439 1.11194e-07 21
0.970404 0.615165 2
0.95218 0.184906 4
0.963044 0.573895 2
0.924953 0.234861 3
0.949182 0.522802 2
0.910183 0.0498729 5
0.944166 0.510099 2
0.909684 0.0495972 5
0.916688 0.109078 4
0.917245 0.109624 4
0.935282 0.253592 3
0.928156 0.239948 3
0.951272 0.528847 2
0.928886 0.241189 3
0.946604 0.515979 2
0.917663 0.110041 4
0.963468 0.575951 2
0.936154 0.255524 3
0.885454 0.00173665 9
0.905007 0.0225937 6
0.93179 0.246461 3
0.959784 0.559233 2
0.881865 0.000746625 10
0.903075 0.0220296 6
0.881812 0.000745908 10
0.938341 0.26066 3
0.891232 0.00412609 8
0.961481 0.566626 2
0.878054 0.000315847 11
0.896728 0.00957766 7
0.951218 0.528684 2
0.966291 0.590569 2
0.876858 2.86657e-05 14
0.898945 0.00470042 8
0.903303 0.0105911 7
0.98562 1 1
0.955263 0.541831 2
0.915954 0.0534597 5
0.94928 0.294254 3
0.903495 0.0106246 7
0.967374 0.596647 2
0.907321 0.0113514 7
0.949285 0.294271 3
0.858276 5.68637e-08 21
0.862391 3.36792e-07 19
0.961928 0.568658 2
0.936501 0.137691 4
0.941075 0.503353 2
0.903533 0.0986889 4
0.923179 0.232274 3
0.937794 0.496955 2
0.9721 1 1
0.899291 0.0447874 5
0.919041 0.226794 3
0.899775 0.0449781 5
0.952427 0.532402 2
0.909432 0.102825 4
0.976731 1 1
0.892898 0.0196016 6
0.909255 0.102689 4
0.951925 0.530837 2
0.985517 1 1
0.918356 0.0552008 5
0.951546 0.529674 2
0.964386 0.580517 2
0.934453 0.251813 3
0.95627 0.545442 2
0.949451 0.523555 2
0.961104 0.564936 2
0.949756 0.524415 2
0.965482 0.586203 2
0.959045 0.556171 2
0.960529 0.562414 2
0.917156 0.0543103 5
0.918996 0.111412 4
0.929741 0.125342 4
0.96042 0.561946 2
0.924157 0.0601673 5
0.949156 0.293782 3
0.963311 0.575186 2
0.871372 2.25638e-06 17
0.898011 0.00220071 9
0.919305 0.0284035 6
0.904459 0.00523469 8
0.93694 0.138622 4
0.900142 0.00230617 9
0.944573 0.277968 3
0.904222 0.00520908 8
0.984345 1 1
0.968083 0.600773 2
0.871155 2.24102e-06 17
0.912175 0.0124584 7
0.939881 0.264549 3
0.92216 0.0583226 5
0.941687 0.269419 3
0.938093 0.260056 3
0.973174 0.634279 2
0.916946 0.0541594 5
0.933999 0.132715 4
0.918258 0.0551263 5
0.9618 0.568071 2
0.928183 0.122946 4
0.980515 1 1
0.906947 0.0112753 7
0.919651 0.0562105 5
0.94512 0.279705 3
0.991623 1 1
0.922421 0.115254 4
0.967087 0.595008 2
0.987452 1 1
0.912384 0.0511516 5
0.935987 0.255147 3
0.950563 0.526742 2
0.946573 0.5159 2
0.959996 0.560131 2
0.942686 0.272268 3
0.971394 1 1
0.941329 0.268425 3
0.938653 0.26143 3
0.936304 0.255862 3
0.908859 0.0491512 5
0.945294 0.512753 2
0.958813 0.555226 2
0.92946 0.242187 3
0.953148 0.534699 2
0.884904 0.00172095 9
0.916641 0.0539416 5
0.905848 0.0228522 6
0.902761 0.0219414 6
0.918833 0.111241 4
0.911794 0.0507988 5
0.929131 0.124386 4
0.923537 0.116613 4
0.955733 0.543499 2
0.97654 1 1
0.89008 0.00405358 8
0.934525 0.251965 3
0.944057 0.509848 2
0.923345 0.116376 4
0.942668 0.272216 3
0.864373 9.35959e-06 15
0.894737 0.00931582 7
0.895965 0.00947515 7
0.887111 0.0038795 8
0.911676 0.0507289 5
0.891421 0.00413824 8
0.920486 0.113024 4
0.901434 0.0215799 6
0.971568 1 1
0.997403 1 1
0.868603 5.24653e-05 13
0.911907 0.0508654 5
0.950645 0.526984 2
0.923562 0.116646 4
0.94446 0.277616 3
0.869602 1.06676e-05 15
0.90057 0.010139 7
0.89721 0.00455593 8
0.890267 0.00188822 9
0.912132 0.0250701 6
0.896428 0.00449393 8
0.921459 0.0577104 5
0.907338 0.0233303 6
0.965995 0.588954 2
0.993936 1 1
0.874448 5.96863e-05 13
0.918119 0.0550216 5
0.88345 0.00368713 8
0.966813 1 1
0.953753 0.53668 2
0.915766 0.108197 4
0.922555 0.231401 3
0.99028 1 1
0.972598 1 1
0.976334 1 1
0.940256 0.501688 2
0.974335 1 1
0.924386 0.234018 3
0.907872 0.0486346 5
0.897881 0.0206893 6
0.902575 0.0461368 5
0.921156 0.113778 4
0.925012 0.118502 4
0.872844 5.75438e-05 13
0.891601 0.00414992 8
0.92957 0.125072 4
0.951218 0.528684 2
0.870875 5.50864e-05 13
0.893774 0.00429711 8
0.869756 2.39802e-05 14
0.929962 0.243079 3
0.878803 0.000320508 11
0.951053 0.52819 2
0.864804 9.45761e-06 15
0.883737 0.000772821 10
0.951477 0.529467 2
0.953156 0.534726 2
0.948018 0.289574 3
0.944039 0.276311 3
0.969048 0.606589 2
0.897272 0.00456086 8
0.927601 0.122089 4
0.921899 0.114637 4
0.919151 0.0558144 5
0.934008 0.250881 3
0.925705 0.119428 4
0.944817 0.278738 3
0.934366 0.251629 3
0.952814 0.533626 2
0.962759 0.572533 2
0.900001 0.0100507 7
0.943837 0.275694 3
0.984056 1 1
0.906834 0.0112525 7
0.931041 0.127458 4
0.896645 0.00213805 9
0.930891 0.127209 4
0.890165 0.000410975 11
0.89712 0.00215944 9
0.898485 0.00222329 9
0.918343 0.0278949 6
0.909181 0.0117487 7
0.93749 0.13981 4
0.922519 0.0586428 5
0.946936 0.285752 3
0.907715 0.011433 7
0.950389 0.298572 3
0.915844 0.00686023 8
0.885139 7.88922e-06 16
0.90131 0.000557872 11
0.952752 0.308471 3
0.97124 0.6207 2
0.887315 1.82484e-05 15
0.913256 0.00641035 8
0.883705 7.4861e-06 16
0.950827 0.179404 4
0.892004 9.61491e-05 13
0.968303 0.602081 2
0.867605 7.21885e-09 24
0.882556 3.32959e-06 17
0.974367 0.643211 2
0.964104 0.372719 3
0.880275 0.00353706 8
0.96773 1 1
0.952049 0.53122 2
0.911505 0.104463 4
0.917897 0.225401 3
0.995304 1 1
0.968639 1 1
0.978552 1 1
0.935556 0.492985 2
0.974298 1 1
0.919749 0.22768 3
0.907634 0.101486 4
0.896377 0.0436957 5
0.898106 0.0443323 5
0.916679 0.223969 3
0.932714 0.248259 3
0.959782 0.559227 2
0.985397 1 1
0.901365 0.0215616 6
0.928309 0.240206 3
0.937189 0.2579 3
0.93121 0.245363 3
0.949825 0.524611 2
0.93108 0.24512 3
0.960827 0.563716 2
0.934467 0.251842 3
0.951786 0.53041 2
0.951791 0.530423 2
0.900639 0.0213713 6
0.941325 0.268416 3
0.895509 0.0201504 6
0.93168 0.24625 3
0.936054 0.255297 3
0.959044 0.556165 2
0.961593 0.567131 2
0.945361 0.512914 2
0.976623 1 1
0.935369 0.25378 3
0.983405 1 1
0.940321 0.501819 2
0.960352 0.561651 2
0.8886 0.0039646 8
0.889924 0.00875167 7
0.945512 0.513279 2
0.951197 0.528622 2
0.884672 0.00822611 7
0.869604 0.000270902 11
0.881177 0.00357825 8
0.965181 1 1
0.952886 0.533858 2
0.878795 0.00156492 9
0.909172 0.102626 4
0.870843 0.000622106 10
0.942743 0.5069 2
0.877224 0.00152947 9
0.946443 0.515573 2
0.843306 8.3043e-08 20
0.855099 7.5789e-06 15
0.98181 1 1
0.936867 0.495275 2
9 1 3 4 5 8 21 32 35 39 
38 0 1 2 3 4 5 6 7 8 9 10 11 12 13 14 15 16 17 18 19 20 21 22 23 24 25 26 27 28 29 30 32 33 34 35 37 38 39 
36 0 1 2 3 4 5 6 8 9 10 11 12 13 14 15 16 18 19 20 21 22 23 24 25 26 27 28 29 30 32 33 34 35 37 38 39 
32 0 1 2 3 4 5 6 8 9 10 11 13 14 15 16 18 20 21 23 24 25 26 27 28 29 30 32 33 34 35 37 39 
14 1 2 3 4 5 8 9 10 21 23 32 34 35 39 
39 0 2 3 4 5 6 7 8 9 10 11 12 13 14 15 16 17 18 19 20 21 22 23 24 25 26 27 28 29 30 31 32 33 34 35 36 37 38 39 
36 0 1 2 3 4 5 6 8 9 10 11 12 13 14 15 16 18 19 20 21 22 23 24 25 26 27 28 29 30 32 33 34 35 37 38 39 
38 0 1 2 3 4 5 6 7 8 9 10 11 12 13 14 15 16 17 18 19 20 21 22 23 24 25 26 27 28 29 30 32 33 34 35 37 38 39 
24 1 2 3 4 5 8 9 10 11 13 16 19 20 21 23 26 28 29 30 32 33 34 35 39 
38 0 1 2 3 4 5 6 7 8 9 10 11 12 13 14 15 16 17 18 19 20 21 22 23 24 25 26 27 28 29 30 32 33 34 35 37 38 39 
21 1 2 3 4 5 8 9 10 11 13 20 21 23 26 28 29 30 32 34 35 39 
40 0 1 2 3 4 5 6 7 8 9 10 11 12 13 14 15 16 17 18 19 20 21 22 23 24 25 26 27 28 29 30 31 32 33 34 35 36 37 38 39 
22 1 2 3 4 5 8 9 10 11 16 19 20 21 22 23 26 28 30 32 34 35 39 
9 1 3 4 5 8 21 32 35 39 
15 1 2 3 4 5 8 9 10 20 21 23 32 34 35 39 
