70 15 1e+07
1.70058 100249
1.02093 126330
1.73054 186602
2.73937 162150
2.27534 182779
2.83093 193999
1.64941 160047
2.77617 195560
1.88881 165842
1.85689 134863
2.68287 123953
1.75815 126907
1.11153 109419
1.97497 107395
1.40355 142871
2.02774 175888
1.37853 125802
1.04237 111775
1.52255 171943
1.79166 121950
2.19768 161579
1.57951 101466
1.04689 180002
1.55805 153068
1.91005 163498
2.41434 128906
1.94128 111078
1.36352 171584
1.79486 123402
2.42866 142081
1.13606 126040
1.96561 100347
1.67302 162967
1.87027 130514
2.08901 155866
1.27319 122954
2.2046 162016
2.03548 186430
2.36833 154956
1.17655 126707
1.16629 163291
1.74321 140250
2.72703 116626
2.25618 142143
1.53298 142922
1.38468 114416
1.9498 131735
1.91054 168295
1.90416 184594
1.87028 106801
1.10338 192831
1.98817 179634
1.62419 177169
2.70949 189787
2.10743 165225
2.51087 172877
2.20607 109511
1.86058 121133
2.32513 145000
2.11272 182679
1.48664 167809
2.28179 106809
2.5861 111491
2.31199 137221
1.57743 137386
1.71689 124715
2.9293 155254
1.48305 136480
2.2647 171797
2.52026 190562
0.887899 0.0018103 9
0.930939 0.244859 3
0.90839 0.0489033 5
0.878323 0.000317507 11
0.946032 0.514551 2
0.873257 0.000129393 12
0.879526 0.000716264 10
0.924216 0.117471 4
0.877144 0.000310357 11
0.866396 2.2185e-05 14
0.860717 3.76607e-06 16
0.886506 0.00176755 9
0.954167 0.538064 2
0.987492 1 1
0.892091 0.00418208 8
0.92786 0.122469 4
0.896376 0.00448988 8
0.926923 0.121115 4
0.891804 0.00416318 8
0.892453 0.00420622 8
0.930204 0.126083 4
0.95849 0.553929 2
0.880676 0.000332741 11
0.89685 0.00452717 8
0.944377 0.277356 3
0.970948 0.618749 2
0.898444 0.00981863 7
0.88548 0.000798926 10
0.844868 5.31304e-10 26
0.892609 0.00421677 8
0.932578 0.24799 3
0.902934 0.0462927 5
0.933948 0.250756 3
0.895042 0.020049 6
0.899971 0.0212001 6
0.9333 0.24943 3
0.965379 0.585659 2
0.886398 0.00384026 8
0.899996 0.0212065 6
0.946918 0.516776 2
0.974078 1 1
0.902277 0.0460085 5
0.892879 0.00908735 7
0.851991 5.7057e-07 18
0.896771 0.0204321 6
0.906544 0.00547215 8
0.909313 0.00582408 8
0.931934 0.069062 5
0.868898 1.87884e-07 20
0.933382 0.0710829 5
0.8964 0.00101197 10
0.935199 0.135037 4
0.886015 8.02608e-05 13
0.872145 4.71078e-07 19
0.902644 0.00244345 9
0.919595 0.028561 6
0.878984 6.35784e-06 16
0.924722 0.0607178 5
0.891555 0.000200501 12
0.877497 6.05582e-06 16
0.879856 0.00032728 11
0.890483 0.00189569 9
0.906833 0.0231652 6
0.844876 5.31467e-10 26
0.922199 0.11499 4
0.868852 2.34746e-05 14
0.905226 0.0226603 6
0.86766 1.01501e-05 15
0.847577 3.19179e-09 24
0.873928 5.89778e-05 13
0.889585 0.00186507 9
0.854944 1.16743e-07 20
0.914773 0.0526617 5
0.892703 0.0042231 8
0.854476 1.15062e-07 20
0.901547 0.02161 6
0.914354 0.0523865 5
0.930114 0.243351 3
0.866755 2.23659e-05 14
0.945788 0.513951 2
0.889358 0.0040096 8
0.924041 0.117248 4
0.890898 0.00410477 8
0.869322 2.37349e-05 14
0.893095 0.00424987 8
0.905929 0.0228774 6
0.877144 0.000310357 11
0.937679 0.25906 3
0.909288 0.0493813 5
0.87697 0.000309326 11
0.89695 0.020473 6
0.932796 0.24842 3
0.924439 0.234096 3
0.874948 0.001481 9
0.968756 1 1
0.881872 0.00361075 8
0.900208 0.0451507 5
0.914833 0.107333 4
0.87542 0.00149079 9
0.878863 0.00347466 8
0.880016 0.0035254 8
0.884859 0.00824348 7
0.97021 1 1
0.965627 1 1
0.888213 0.00857121 7
0.931326 0.0682512 5
0.967706 0.598561 2
0.95794 0.334001 3
0.908228 0.00568082 8
0.991266 1 1
0.915584 0.0133903 7
0.928845 0.0651643 5
0.945512 0.160779 4
0.909033 0.00578639 8
0.911256 0.00609929 8
0.908594 0.0057283 8
0.91874 0.0143929 7
0.991051 1 1
0.945357 0.160298 4
0.921646 0.0297344 6
0.881968 0.00361531 8
0.909724 0.103049 4
0.911056 0.104098 4
0.8546 3.24941e-06 16
0.948109 0.519882 2
0.867902 0.000263244 11
0.894239 0.019878 6
0.889371 0.00869233 7
0.855854 7.70395e-06 15
0.867898 0.000263225 11
0.874775 0.000661562 10
0.86473 0.000109976 12
0.944797 0.511571 2
0.938693 0.498638 2
0.866806 0.000114218 12
0.957789 0.333171 3
0.91499 0.0132173 7
0.939535 0.144482 4
0.92855 0.0648193 5
0.896761 0.000488205 11
0.967457 0.597124 2
0.963065 0.573998 2
0.90583 0.00264298 9
0.933985 0.071964 5
0.982327 0.715898 2
0.980705 0.69904 2
0.9334 0.0711091 5
0.891982 0.000202955 12
0.851197 1.05348e-11 0
0.926209 0.0622316 5
0.962708 0.363026 3
0.928622 0.034659 6
0.958447 0.336808 3
0.923192 0.0160898 7
0.917033 0.0138323 7
0.961667 0.35617 3
0.988188 0.787542 2
0.913872 0.00651225 8
0.928133 0.0342586 6
0.973347 0.635543 2
0.988386 0.790289 2
0.931167 0.068043 5
0.911205 0.00305763 9
0.869015 1.71348e-08 23
0.925688 0.0323922 6
0.936223 0.137112 4
0.910874 0.0121387 7
0.942457 0.151915 4
0.896857 0.00102326 10
0.910483 0.012046 7
0.934091 0.132888 4
0.972191 0.627241 2
0.892788 0.000438885 11
0.901586 0.00238349 9
0.946301 0.283584 3
0.971966 0.62567 2
0.904984 0.00529243 8
0.903104 0.00247046 9
0.862004 1.26901e-08 23
0.900131 0.00230556 9
0.889151 0.00185064 9
0.912398 0.0511599 5
0.918614 0.0553979 5
0.858998 3.02889e-07 19
0.950082 0.525347 2
0.875541 6.12263e-05 13
0.904811 0.0225348 6
0.890503 0.00189638 9
0.860712 7.2622e-07 18
0.876754 0.000139189 12
0.885592 0.000800661 10
0.869315 1.05887e-05 15
0.944586 0.278009 3
0.928688 0.123706 4
0.870645 2.4495e-05 14
0.981003 1 1
0.9471 0.517242 2
0.951631 0.529936 2
0.974644 1 1
0.913928 0.106521 4
0.981783 1 1
0.94461 0.51113 2
0.948337 0.520495 2
0.97955 1 1
0.966635 1 1
0.941663 0.50458 2
0.982499 1 1
0.912796 0.105539 4
0.876211 0.00150751 9
0.975123 1 1
0.931052 0.245068 3
0.933842 0.250537 3
0.958217 0.552846 2
0.893126 0.0196477 6
0.951502 0.529543 2
0.919409 0.227252 3
0.955781 0.54367 2
0.910211 0.103428 4
0.896302 0.020326 6
0.923866 0.233258 3
0.936277 0.494233 2
0.903585 0.0465799 5
0.942729 0.506869 2
0.90288 0.0462689 5
0.902232 0.0459893 5
0.897913 0.0442598 5
0.907351 0.101283 4
0.925359 0.235476 3
0.862127 0.000105025 12
0.937027 0.495562 2
0.886565 0.00840614 7
0.923049 0.232092 3
0.88398 0.00816275 7
0.864932 0.000250771 11
0.891382 0.019302 6
0.906188 0.100462 4
0.872377 0.00142993 9
0.928833 0.241097 3
0.900425 0.045238 5
0.871749 0.00141799 9
0.944532 0.157804 4
0.92614 0.0327215 6
0.958054 0.334627 3
0.903705 0.00122536 10
0.927903 0.034074 6
0.938069 0.0786222 5
0.980771 0.699699 2
0.906189 0.00131719 10
0.908004 0.00279752 9
0.947167 0.166106 4
0.966254 0.388845 3
0.912998 0.00636843 8
0.920353 0.014966 7
0.878493 6.03792e-07 19
0.909205 0.00289025 9
0.98392 1 1
0.938806 0.261809 3
0.959087 0.556343 2
0.948686 0.521438 2
0.915258 0.107723 4
0.988418 1 1
0.967571 0.597783 2
0.930582 0.244201 3
0.953899 0.537166 2
0.99005 1 1
0.967888 0.599624 2
0.955994 0.544437 2
0.911622 0.050697 5
0.871056 0.000123834 12
0.949479 0.523634 2
0.932316 0.247477 3
0.911353 0.104339 4
0.94281 0.507048 2
0.892408 0.00903166 7
0.914657 0.107173 4
0.928431 0.240412 3
0.969034 1 1
0.891969 0.00898049 7
0.896933 0.020469 6
0.939644 0.500473 2
0.963864 0.5779 2
0.901015 0.0214692 6
0.906898 0.0481413 5
0.866255 4.99695e-05 13
0.896691 0.0204138 6
0.987465 1 1
0.945938 0.282372 3
0.968289 0.601995 2
0.946094 0.282892 3
0.923935 0.0599547 5
0.981345 0.705557 2
0.973074 0.63355 2
0.935117 0.134874 4
0.950863 0.300481 3
0.981577 0.707961 2
0.96699 0.59446 2
0.954907 0.318396 3
0.920062 0.0288187 6
0.878786 1.38002e-05 15
0.949514 0.295149 3
0.989555 1 1
0.950272 0.525896 2
0.972169 0.627087 2
0.9469 0.285626 3
0.927835 0.122431 4
0.979033 1 1
0.972246 0.627629 2
0.938866 0.26196 3
0.951408 0.529257 2
0.977201 1 1
0.963555 0.576377 2
0.956331 0.545665 2
0.924106 0.117331 4
0.882771 0.000347503 11
0.951501 0.529538 2
0.945321 0.280351 3
0.96514 0.584405 2
0.939713 0.144907 4
0.957601 0.332152 3
0.927504 0.0636308 5
0.935447 0.135531 4
0.914517 0.0130831 7
0.989315 1 1
0.95487 0.318216 3
0.922365 0.0301723 6
0.903195 0.00247585 9
0.963618 0.576686 2
0.931297 0.0682141 5
0.906613 0.00548047 8
0.971518 0.622591 2
0.937706 0.140282 4
0.948094 0.289849 3
0.925915 0.0619243 5
0.96373 0.577238 2
0.910799 0.0121207 7
0.931552 0.128322 4
0.904133 0.00519951 8
0.971605 0.62318 2
0.959229 0.556927 2
0.917424 0.0274287 6
0.895632 0.000993484 10
0.964662 0.581926 2
0.91457 0.026092 6
0.892396 0.000922203 10
0.972816 0.631681 2
0.946071 0.514647 2
0.98434 1 1
0.952376 0.532239 2
0.941952 0.505192 2
0.948608 0.521227 2
0.932318 0.24748 3
0.922636 0.231513 3
0.988011 1 1
0.940902 0.502998 2
0.921769 0.230324 3
0.907491 0.101383 4
0.950954 0.527896 2
0.952672 0.533174 2
0.924409 0.234052 3
0.956761 0.547255 2
0.936922 0.257278 3
0.958485 0.553907 2
0.931598 0.246096 3
0.95301 0.534254 2
0.922651 0.231533 3
0.927667 0.239135 3
0.906241 0.0478181 5
0.983834 1 1
0.949559 0.52386 2
0.914441 0.106978 4
0.895073 0.0200556 6
0.957306 0.54931 2
0.927206 0.238381 3
0.906423 0.0479069 5
0.965526 1 1
0.907393 0.0483899 5
0.923328 0.116355 4
0.936886 0.257194 3
0.873638 0.000290773 11
0.955983 0.544398 2
0.894405 0.00927394 7
0.926894 0.237876 3
0.899771 0.0211497 6
0.875983 0.000674672 10
0.897007 0.0204861 6
0.907647 0.0485189 5
0.884155 0.00372245 8
0.947815 0.519104 2
0.917955 0.110336 4
0.884398 0.00373481 8
0.945233 0.280068 3
0.955617 0.543085 2
0.934088 0.251048 3
0.966464 0.591521 2
0.91751 0.0545687 5
0.937979 0.259779 3
0.911866 0.0508409 5
0.977818 1 1
0.962788 0.57267 2
0.924014 0.117213 4
0.902736 0.0104933 7
0.96996 0.612306 2
0.920841 0.113421 4
0.896038 0.00446377 8
0.978392 1 1
0.974709 0.64586 2
0.951987 0.531028 2
0.949927 0.296749 3
0.980641 1 1
0.916212 0.053639 5
0.971572 0.622954 2
0.937763 0.259261 3
0.95698 0.548076 2
0.983766 1 1
0.956725 0.547119 2
0.932763 0.130439 4
0.991492 1 1
0.916053 0.0535283 5
0.881335 0.000337255 11
0.98528 1 1
0.929671 0.0355491 6
0.972777 0.631397 2
0.951578 0.303429 3
0.912916 0.00635534 8
0.977961 0.673024 2
0.914088 0.00654871 8
0.920692 0.0150924 7
0.955275 0.320185 3
0.91292 0.00635589 8
0.90767 0.00277272 9
0.901489 0.000560951 11
0.922854 0.015948 7
0.984801 0.74398 2
0.950121 0.176664 4
0.927019 0.0333817 6
0.932563 0.0699238 5
0.902123 0.00117256 10
0.932996 0.0705312 5
0.895403 0.000224607 12
0.898527 0.000513377 11
0.933786 0.0716712 5
0.96461 0.376379 3
0.88591 1.73736e-05 15
0.900393 0.00111933 10
0.947599 0.167565 4
0.974748 0.646163 2
0.902476 0.00118399 10
0.891511 9.46534e-05 13
0.850617 1.02267e-11 0
0.896856 0.000489516 11
0.873268 0.000645883 10
0.915673 0.10811 4
0.89357 0.0197387 6
0.86485 4.85692e-05 13
0.931842 0.24656 3
0.858895 8.23968e-06 15
0.865408 4.91175e-05 13
0.910271 0.103475 4
0.863483 4.72668e-05 13
0.852102 1.32452e-06 17
0.846767 9.15383e-08 20
0.872616 0.000285491 11
0.939405 0.500006 2
0.982755 1 1
0.878342 0.00155453 9
0.909979 0.00591564 8
0.936041 0.0751588 5
0.939988 0.145574 4
0.880805 3.11683e-06 17
0.974335 0.642969 2
0.895455 0.000224963 12
0.920969 0.0293355 6
0.913451 0.00644223 8
0.882363 7.13609e-06 16
0.895116 0.000222645 12
0.900512 0.00112286 10
0.89134 9.41429e-05 13
0.967598 0.597936 2
0.939139 0.143545 4
0.892974 0.000208856 12
0.903763 0.00516014 8
0.906434 0.0111726 7
0.928949 0.124106 4
0.866159 8.56413e-07 18
0.930852 0.127144 4
0.893779 0.00201776 9
0.932687 0.130304 4
0.883197 0.000161146 12
0.869415 2.12308e-06 17
0.900184 0.00480995 8
0.917505 0.0274688 6
0.8762 2.81702e-05 14
0.922247 0.0583996 5
0.889794 0.000871691 10
0.874691 1.22433e-05 15
0.965964 0.58879 2
0.92438 0.11768 4
0.950039 0.525224 2
0.931767 0.246417 3
0.906852 0.0231714 6
0.971917 1 1
0.972878 1 1
0.913681 0.0519545 5
0.937088 0.257664 3
0.986791 1 1
0.985065 1 1
0.938087 0.26004 3
0.901972 0.0217243 6
0.860657 1.65043e-06 17
0.931439 0.245793 3
0.931095 0.0679502 5
0.89648 0.000484408 11
0.926222 0.0327815 6
0.896771 0.000488351 11
0.889411 8.86855e-05 13
0.93536 0.0740664 5
0.957867 0.333599 3
0.882246 1.53756e-05 15
0.901936 0.00116661 10
0.949994 0.297009 3
0.974901 0.647366 2
0.902771 0.00245087 9
0.882843 1.56756e-05 15
0.84206 6.73966e-12 0
0.896515 0.000484874 11
0.921649 0.114345 4
0.949392 0.294679 3
0.9516 0.529841 2
0.893247 0.00426033 8
0.986867 1 1
0.906616 0.0230954 6
0.928998 0.12418 4
0.926243 0.120163 4
0.894718 0.00436489 8
0.905209 0.0226551 6
0.908156 0.0236046 6
0.903901 0.0106966 7
0.978346 1 1
0.940371 0.265836 3
0.905693 0.022804 6
0.930615 0.244261 3
0.925763 0.119506 4
0.953678 0.536434 2
0.891152 0.00412093 8
0.939308 0.263076 3
0.920974 0.113572 4
0.961038 0.564644 2
0.903076 0.0220298 6
0.894788 0.00932232 7
0.927616 0.122111 4
0.943905 0.275902 3
0.901201 0.0215183 6
0.930756 0.244521 3
0.890938 0.00410727 8
0.898907 0.00988618 7
0.936477 0.256254 3
0.976808 1 1
0.960054 0.560377 2
0.916287 0.108691 4
0.981228 1 1
0.920663 0.113222 4
0.929092 0.241545 3
0.955173 0.541515 2
0.916788 0.109175 4
0.914942 0.107432 4
0.909575 0.0495373 5
0.926683 0.237539 3
0.984164 1 1
0.942846 0.507127 2
0.930085 0.243298 3
0.882867 0.000760427 10
0.920712 0.113276 4
0.909033 0.049244 5
0.863913 4.08625e-06 16
0.952823 0.533656 2
0.867945 2.29843e-05 14
0.884403 0.000782596 10
0.905761 0.0228251 6
0.863931 4.08818e-06 16
0.864274 9.33725e-06 15
0.86458 9.40658e-06 15
0.873326 0.000129575 12
0.956241 0.545337 2
0.975565 1 1
0.877298 0.000311276 11
0.886818 0.00386327 8
0.916815 0.109202 4
0.915757 0.108188 4
0.860724 8.58953e-06 15
0.955306 0.541985 2
0.872397 0.00028438 11
0.896728 0.0204224 6
0.896914 0.0204647 6
0.861779 2.00496e-05 14
0.871576 0.000280291 11
0.876897 0.000684937 10
0.870834 0.000123299 12
0.952834 0.533691 2
0.947031 0.517064 2
0.873248 0.000288737 11
0.962443 0.571046 2
0.940906 0.267271 3
0.97335 0.635564 2
0.920846 0.113427 4
0.93443 0.251764 3
0.954073 0.537746 2
0.992159 1 1
0.922312 0.115124 4
0.925086 0.118601 4
0.960537 0.562449 2
0.969919 0.612046 2
0.930497 0.12656 4
0.92804 0.122734 4
0.88504 0.000792167 10
0.926736 0.12085 4
0.978565 1 1
0.933852 0.250558 3
0.948308 0.520417 2
0.958482 0.553898 2
0.906109 0.0477541 5
0.995393 1 1
0.953727 0.536594 2
0.930545 0.244133 3
0.964061 0.578882 2
0.984587 1 1
0.957226 0.549005 2
0.963352 0.575384 2
0.903414 0.0465041 5
0.864591 4.83173e-05 13
0.955625 0.543115 2
0.897918 0.00461363 8
0.897067 0.00454442 8
0.921097 0.0574009 5
0.859836 1.36543e-07 20
0.91981 0.056338 5
0.88916 0.000860196 10
0.929043 0.12425 4
0.87424 2.67753e-05 14
0.863322 3.47043e-07 19
0.896767 0.00452056 8
0.916235 0.0536552 5
0.869589 4.76777e-06 16
0.911274 0.0247342 6
0.879174 6.68688e-05 13
0.867598 2.0096e-06 17
0.929019 0.124213 4
0.972299 0.627999 2
0.940151 0.265255 3
0.92561 0.0616098 5
0.951554 0.303329 3
0.915054 0.0263077 6
0.909376 0.0117922 7
0.974134 0.64143 2
0.924075 0.0600889 5
0.905225 0.0109393 7
0.892941 0.00093351 10
0.933745 0.132236 4
0.958341 0.553335 2
0.939748 0.264204 3
0.940043 0.264972 3
0.93225 0.129529 4
0.963147 0.57439 2
0.93268 0.130291 4
0.941852 0.269882 3
0.930894 0.127213 4
0.921105 0.0574084 5
0.904849 0.010869 7
0.985545 1 1
0.938971 0.143151 4
0.90885 0.0116757 7
0.891708 0.000908304 10
0.947536 0.287848 3
0.936405 0.137491 4
0.918258 0.0551263 5
0.955299 0.320303 3
0.979497 1 1
0.93427 0.490835 2
0.949792 0.524518 2
0.956564 0.546525 2
0.907242 0.101204 4
0.996008 1 1
0.956017 0.544521 2
0.930126 0.243373 3
0.962104 1 1
0.986766 1 1
0.959445 0.557817 2
0.961844 1 1
0.904369 0.099233 4
0.86522 0.000251936 11
0.954277 0.538433 2
0.960508 0.562323 2
0.934403 0.251708 3
0.966279 0.590507 2
0.919198 0.0558514 5
0.927222 0.121542 4
0.954824 0.540304 2
0.998281 1 1
0.916893 0.0541213 5
0.923728 0.116853 4
0.963599 0.576591 2
0.977118 1 1
0.92826 0.123062 4
0.920828 0.0571739 5
0.878165 0.000143522 12
0.923842 0.116995 4
0.873025 0.000128786 12
0.890753 0.00409555 8
0.901377 0.0215648 6
0.840793 8.23504e-11 28
0.926332 0.120286 4
0.860736 1.65396e-06 17
0.89385 0.00430246 8
0.868706 2.33942e-05 14
0.842923 4.9311e-10 26
0.863955 4.09083e-06 16
0.8766 0.000307162 11
0.850926 4.46296e-08 21
0.920311 0.112831 4
0.90618 0.0229565 6
0.851489 4.54331e-08 21
0.945664 0.281467 3
0.928694 0.0649872 5
0.960578 0.56263 2
0.904779 0.00526979 8
0.930799 0.127056 4
0.938464 0.141983 4
0.981003 0.702045 2
0.908432 0.011585 7
0.908989 0.0117062 7
0.946933 0.28574 3
0.964659 0.581912 2
0.914249 0.0259519 6
0.923233 0.0592942 5
0.881228 3.23535e-05 14
0.910658 0.0120874 7
0.915144 0.107618 4
0.956093 0.544797 2
0.939617 0.50042 2
0.897146 0.0439749 5
0.979988 1 1
0.899682 0.0449411 5
0.910743 0.103848 4
0.939626 0.500439 2
0.897169 0.0439835 5
0.894413 0.0199147 6
0.89091 0.0192114 6
0.906929 0.100981 4
0.988694 1 1
0.964064 1 1
0.911016 0.104067 4
0.885148 7.8321e-05 13
0.899311 0.00108822 10
0.913285 0.0127465 7
0.851193 1.05325e-11 0
0.932827 0.070292 5
0.873233 1.08342e-06 18
0.907939 0.00564385 8
0.876473 2.66979e-06 17
0.853637 6.28044e-11 29
0.877178 5.99399e-06 16
0.890828 0.00019644 12
0.861416 5.47948e-09 24
0.925639 0.06164 5
0.904231 0.0025391 9
0.86144 5.48506e-09 24
0.90801 0.0487056 5
0.905948 0.047676 5
0.931111 0.245177 3
0.86946 0.000120064 12
0.926492 0.237236 3
0.8991 0.0209829 6
0.939283 0.263011 3
0.883081 0.00167102 9
0.873008 0.000287495 11
0.906582 0.047985 5
0.925574 0.235805 3
0.879291 0.00157645 9
0.917817 0.110195 4
0.883158 0.00167307 9
0.877184 0.000688231 10
0.896393 0.0437015 5
0.899592 0.0449057 5
0.921415 0.229848 3
0.859082 4.34397e-05 13
0.925288 0.235367 3
0.8866 0.0084096 7
0.925452 0.235618 3
0.876474 0.00337452 8
0.862309 0.000105358 12
0.893177 0.019658 6
0.910989 0.104045 4
0.869048 0.000605549 10
0.916857 0.224175 3
0.886492 0.00839902 7
0.867586 0.000592677 10
0.940609 0.147104 4
0.92561 0.0323358 6
0.956952 0.328694 3
0.899959 0.00110665 10
0.93038 0.0670344 5
0.9333 0.0709653 5
0.975636 0.653227 2
0.904831 0.00257715 9
0.904104 0.00253121 9
0.941841 0.150268 4
0.960479 0.348714 3
0.909463 0.00584436 8
0.922524 0.0302713 6
0.881052 6.81784e-06 16
0.906033 0.0026567 9
0.954574 0.539443 2
0.946698 0.516216 2
0.978147 1 1
0.914657 0.107173 4
0.947753 0.518939 2
0.942995 0.507455 2
0.976888 1 1
0.924989 0.118472 4
0.918248 0.110635 4
0.946924 0.51679 2
0.955061 0.541127 2
0.925067 0.118576 4
0.940594 0.266431 3
0.897268 0.00965177 7
0.92277 0.115673 4
0.950404 0.17775 4
0.959163 0.340886 3
0.981652 0.708746 2
0.915021 0.00671088 8
0.965117 0.380126 3
0.935957 0.0750226 5
0.960529 0.349015 3
0.935138 0.0737189 5
0.917697 0.00721984 8
0.936121 0.0752887 5
0.939057 0.0804312 5
0.92598 0.0326041 6
0.958036 0.334529 3
0.913824 0.00650428 8
0.925524 0.0322748 6
0.898569 0.000514003 11
0.901307 0.00055781 11
0.923501 0.0308937 6
0.861107 2.07589e-10 28
0.926443 0.0329462 6
0.888803 4.08958e-05 14
0.927774 0.0339713 6
0.878172 1.29838e-06 18
0.864362 1.23723e-09 26
0.895417 0.000224704 12
0.913239 0.00640746 8
0.871078 4.1651e-08 22
0.917951 0.0141282 7
0.886868 1.79629e-05 15
0.869561 1.75645e-08 23
0.899709 0.00109949 10
0.912225 0.0124711 7
0.928114 0.0643174 5
0.864853 3.20712e-08 22
0.943682 0.155326 4
0.887647 8.41342e-05 13
0.922589 0.0303119 6
0.888823 0.000185937 12
0.86744 7.96072e-08 21
0.891543 0.000200433 12
0.904714 0.0052626 8
0.875213 2.55768e-06 17
0.935637 0.135912 4
0.907851 0.0056328 8
0.875 2.53939e-06 17
0.925888 0.119676 4
0.969506 0.609435 2
0.937794 0.259335 3
0.922359 0.115179 4
0.951763 0.530339 2
0.911875 0.0508467 5
0.906962 0.0481735 5
0.970781 1 1
0.920787 0.113361 4
0.902204 0.0217875 6
0.890316 0.00406815 8
0.930404 0.243876 3
0.958994 0.555961 2
0.94275 0.506916 2
0.936721 0.256814 3
0.947952 0.519466 2
0.987707 1 1
0.968884 1 1
0.927378 0.23866 3
0.971262 1 1
0.93201 0.246883 3
0.936839 0.257086 3
0.962981 0.573596 2
0.928106 0.239864 3
0.925549 0.235766 3
0.918121 0.110505 4
0.938062 0.259981 3
0.972112 1 1
0.931781 0.246443 3
0.941083 0.50337 2
0.942457 0.271604 3
0.909182 0.0493244 5
0.939543 0.263674 3
0.905587 0.0227712 6
0.901983 0.0217273 6
0.944491 0.277712 3
0.971673 0.623647 2
0.894094 0.00431981 8
0.910667 0.0501454 5
0.958564 0.554224 2
0.985977 1 1
0.912518 0.0512323 5
0.895435 0.00940559 7
0.854022 1.13464e-07 20
0.906648 0.0231057 6
0.935292 0.0739606 5
0.913149 0.00639294 8
0.944769 0.158511 4
0.895353 0.000224264 12
0.915076 0.0132421 7
0.931647 0.0686769 5
0.972065 0.626361 2
0.894096 0.000215896 12
0.899923 0.000534903 11
0.942968 0.153316 4
0.967207 0.59569 2
0.903903 0.00123226 10
0.907456 0.002757 9
0.866491 6.85667e-09 24
0.899466 0.000527692 11
0.953683 0.53645 2
0.967527 0.597526 2
0.984915 1 1
0.920692 0.113255 4
0.967986 0.6002 2
0.93832 0.260608 3
0.956884 0.547713 2
0.943211 0.273809 3
0.923028 0.115987 4
0.936565 0.256454 3
0.936018 0.255216 3
0.931783 0.246447 3
0.96223 0.57005 2
0.917661 0.110038 4
0.931942 0.246752 3
0.940598 0.266441 3
0.95952 0.558127 2
0.97167 1 1
0.908439 0.0489293 5
0.976782 1 1
0.925634 0.119332 4
0.948512 0.520964 2
0.934784 0.252516 3
0.91056 0.0500845 5
0.924792 0.118214 4
0.927266 0.238477 3
0.919389 0.111829 4
0.968816 0.605169 2
0.9247 0.118094 4
0.920015 0.112505 4
0.945434 0.280716 3
0.958676 0.554675 2
0.976744 0.662421 2
0.911303 0.012242 7
0.970061 0.612954 2
0.930809 0.127072 4
0.955235 0.319989 3
0.934172 0.133042 4
0.913753 0.0257383 6
0.930691 0.126878 4
0.933831 0.132397 4
0.922266 0.0584165 5
0.962472 0.571178 2
0.918353 0.0279003 6
0.922263 0.0584142 5
0.941213 0.148635 4
0.902337 0.00117946 10
0.930209 0.0668191 5
0.909517 0.00585181 8
0.890099 9.05692e-05 13
0.948156 0.290074 3
0.960021 0.345938 3
0.890458 9.15798e-05 13
0.914825 0.0131702 7
0.963108 0.36574 3
0.9818 0.710298 2
0.914732 0.0131438 7
0.884283 1.64393e-05 15
0.843321 7.15073e-12 0
0.907947 0.00564493 8
0.892859 0.0195936 6
0.929419 0.242116 3
0.919951 0.112436 4
0.871787 0.000281334 11
0.964193 0.579542 2
0.877817 0.00154265 9
0.895576 0.0201651 6
0.912362 0.105172 4
0.872119 0.000282984 11
0.874599 0.000659688 10
0.875491 0.000669275 10
0.881556 0.00359588 8
0.966408 1 1
0.969147 1 1
0.885107 0.00377141 8
0.959141 0.340759 3
0.920819 0.0151401 7
0.948949 0.172305 4
0.923044 0.0160275 7
0.907108 0.00135425 10
0.962767 0.363422 3
0.977151 0.665901 2
0.908116 0.00139695 10
0.928256 0.0343589 6
0.977113 0.665573 2
0.994887 1 1
0.929786 0.035649 6
0.901563 0.00056224 11
0.859896 3.81581e-11 30
0.923513 0.0162273 7
0.931904 0.128927 4
0.975232 0.649981 2
0.942866 0.272792 3
0.927844 0.064011 5
0.952483 0.307291 3
0.91786 0.0276474 6
0.912071 0.0124324 7
0.976234 0.658132 2
0.926434 0.0624684 5
0.908041 0.0115015 7
0.895678 0.000994565 10
0.936192 0.137048 4
0.95887 0.555457 2
0.937929 0.140777 4
0.94236 0.271325 3
0.8841 0.00169856 9
0.925267 0.118841 4
0.907594 0.0484921 5
0.869976 5.40231e-05 13
0.949481 0.523638 2
0.869209 5.31435e-05 13
0.880417 0.000727541 10
0.914317 0.0523627 5
0.869356 5.33103e-05 13
0.863832 9.23877e-06 15
0.860991 3.79195e-06 16
0.878789 0.000707207 10
0.955877 0.544016 2
0.994359 1 1
0.883644 0.00168612 9
60 0 1 2 3 4 5 6 7 8 9 10 11 12 14 15 16 17 18 19 20 25 28 29 30 31 32 33 34 35 36 37 38 39 40 42 43 46 47 48 49 50 51 52 53 54 55 56 57 58 59 60 61 62 63 64 65 66 67 68 69 
51 0 1 2 3 4 5 6 7 8 10 11 12 14 15 16 18 25 28 29 30 31 32 34 35 36 37 38 39 40 42 46 47 48 49 50 51 52 53 54 55 56 57 58 59 60 61 62 63 64 66 69 
46 1 2 3 4 5 6 7 8 10 11 12 14 15 16 18 25 29 31 32 33 34 35 36 38 39 40 42 46 47 48 50 51 52 53 54 55 56 57 60 61 62 63 64 65 66 67 
69 0 1 2 3 4 5 6 7 8 9 10 11 12 13 14 15 16 17 18 19 20 21 22 23 24 25 26 27 28 29 30 31 32 33 34 35 36 37 38 39 40 41 42 43 44 45 46 47 48 49 51 52 53 54 55 56 57 58 59 60 61 62 63 64 65 66 67 68 69 
43 1 2 3 4 5 6 8 10 11 12 14 15 16 18 25 29 31 32 34 35 36 38 39 40 42 46 47 48 50 51 52 53 54 55 56 57 60 61 63 64 65 66 67 
48 1 2 3 4 5 8 9 10 11 12 14 15 16 17 18 19 20 25 29 31 32 33 34 35 36 39 40 41 42 45 46 47 48 50 51 52 53 54 55 56 57 60 61 62 63 64 65 67 
34 1 2 3 4 5 8 11 12 14 15 16 18 25 29 31 32 34 35 36 39 42 46 47 48 50 51 52 53 54 56 57 60 61 65 
65 0 1 2 3 4 5 6 7 8 9 10 11 12 13 14 15 16 17 18 19 20 23 25 27 28 29 30 31 32 33 34 35 36 37 38 39 40 41 42 43 45 46 47 48 49 50 51 52 53 54 55 56 57 58 59 60 61 62 63 64 65 66 67 68 69 
70 0 1 2 3 4 5 6 7 8 9 10 11 12 13 14 15 16 17 18 19 20 21 22 23 24 25 26 27 28 29 30 31 32 33 34 35 36 37 38 39 40 41 42 43 44 45 46 47 48 49 50 51 52 53 54 55 56 57 58 59 60 61 62 63 64 65 66 67 68 69 
62 0 1 2 3 4 5 6 7 8 9 10 11 12 14 15 16 17 18 19 20 23 25 28 29 30 31 32 33 34 35 36 37 38 39 40 42 43 44 46 47 48 49 50 51 52 53 54 55 56 57 58 59 60 61 62 63 64 65 66 67 68 69 
25 1 2 3 4 5 11 15 16 18 29 32 34 36 42 47 48 50 51 52 53 56 57 60 61 65 
68 0 1 2 3 4 5 6 7 8 9 10 11 12 13 14 15 16 17 18 19 20 21 22 23 24 25 26 27 28 29 30 31 32 33 34 35 36 37 38 39 40 42 43 44 46 47 48 49 50 51 52 53 54 55 56 57 58 59 60 61 62 63 64 65 66 67 68 69 
52 1 2 3 4 5 6 7 8 9 10 11 12 14 15 16 17 18 19 20 25 29 31 32 33 34 35 36 38 39 40 41 42 45 46 47 48 50 51 52 53 54 55 56 57 60 61 62 63 64 65 66 67 
55 1 2 3 4 5 6 7 8 10 11 12 13 14 15 16 17 18 19 20 25 27 28 31 32 33 35 36 37 38 39 40 41 42 45 46 47 48 49 50 51 52 53 54 55 56 57 59 60 61 62 63 64 66 67 69 
69 0 1 2 3 4 5 6 7 8 9 10 11 12 13 14 15 16 17 18 19 20 21 23 24 25 26 27 28 29 30 31 32 33 34 35 36 37 38 39 40 41 42 43 44 45 46 47 48 49 50 51 52 53 54 55 56 57 58 59 60 61 62 63 64 65 66 67 68 69 
