70 15 1e+07
2.01598 140935
1.91309 148346
1.17748 130855
1.49357 116277
1.02501 157684
1.1624 124237
2.91678 114869
2.2118 121639
1.12673 127330
1.33837 100050
1.67467 198282
2.80868 195199
1.15204 141965
1.75391 157845
1.57041 178169
1.19372 131986
2.41319 162866
1.74526 122125
2.21244 175089
2.61655 191006
1.77032 163135
2.39879 105341
1.05666 161826
1.42362 117945
1.30674 162042
1.73157 161146
2.61369 169275
1.17198 113747
2.93436 171068
1.44135 101715
1.93682 153898
2.55475 177813
2.91276 146101
2.35413 127837
2.30512 146109
1.93754 186351
1.36445 180623
2.99575 134101
2.83399 172788
1.85563 137501
1.58493 188681
1.31481 147556
2.11576 191440
1.5257 193097
1.48728 102749
1.31995 197636
1.06663 148877
1.27482 149542
2.91691 162730
1.1077 114141
1.17782 158161
1.16907 182780
1.03684 133270
1.24862 154935
2.53457 127892
2.0925 105032
1.26992 143069
2.10738 140967
1.42 111140
2.81311 152845
2.95316 121604
2.02859 117971
1.45457 157381
2.11822 149624
1.08486 135452
1.91323 197222
1.77489 191469
1.54771 146905
1.4639 129335
2.09907 115224
0.894629 0.00435838 8
0.902001 0.0217323 6
0.901756 0.0216662 6
0.891089 0.0041169 8
0.899134 0.00991987 7
0.869793 2.40012e-05 14
0.907286 0.0233134 6
0.829141 3.80446e-12 0
0.918572 0.110969 4
0.90663 0.0230999 6
0.870994 5.52294e-05 13
0.895062 0.00935736 7
0.856972 2.84911e-07 19
0.962038 0.569162 2
0.87212 5.66182e-05 13
0.939608 0.500402 2
0.959136 0.556541 2
0.887269 0.00847564 7
0.913794 0.106402 4
0.932859 0.248545 3
0.921817 0.230389 3
0.876828 0.00152082 9
0.916092 0.108505 4
0.916699 0.109088 4
0.887138 0.00846266 7
0.93001 0.243164 3
0.877097 0.00152669 9
0.908021 0.101769 4
0.902251 0.0459972 5
0.974467 1 1
0.915377 0.0264539 6
0.9155 0.0265099 6
0.930833 0.127112 4
0.916705 0.0539868 5
0.921161 0.0574558 5
0.893243 0.00199679 9
0.936902 0.138539 4
0.849401 2.74694e-10 27
0.943208 0.2738 3
0.935926 0.1365 4
0.893274 0.00199801 9
0.924251 0.0602578 5
0.881322 0.000154148 12
0.954853 0.540402 2
0.886483 0.000376903 11
0.911855 0.012378 7
0.940127 0.145912 4
0.868481 8.29525e-08 21
0.887165 8.29591e-05 13
0.907829 0.00562993 8
0.88614 8.05462e-05 13
0.861636 2.44886e-09 25
0.87164 4.62389e-07 19
0.90189 0.00240045 9
0.870054 1.96319e-07 20
0.89329 0.000444614 11
0.857857 4.00766e-10 27
0.871009 4.51835e-07 19
0.921228 0.0294867 6
0.930799 0.0675675 5
0.982067 0.713124 2
0.965863 0.588243 2
0.930042 0.0666121 5
0.960985 0.351843 3
0.974663 0.645499 2
0.970653 0.616795 2
0.917266 0.0139062 7
0.941221 0.148654 4
0.951264 0.302122 3
0.928556 0.0648263 5
0.978726 0.679975 2
0.920534 0.0290852 6
0.954315 0.315581 3
0.904268 0.00254139 9
0.97243 0.628925 2
0.949547 0.295273 3
0.930945 0.0677546 5
0.984115 0.735893 2
0.965719 0.587468 2
0.957179 0.32989 3
0.939304 0.143932 4
0.979357 0.685884 2
0.891185 0.000198415 12
0.975021 0.648311 2
0.988169 1 1
0.93638 0.137438 4
0.973235 0.63472 2
0.930188 0.0667928 5
0.919847 0.0286996 6
0.911374 0.00611679 8
0.950279 0.525914 2
0.936281 0.255808 3
0.972331 1 1
0.960055 0.560381 2
0.957734 0.550953 2
0.93426 0.251408 3
0.970365 1 1
0.886852 0.00386513 8
0.980119 1 1
0.976649 1 1
0.932689 0.24821 3
0.961972 0.56886 2
0.92327 0.116283 4
0.930979 0.244932 3
0.91337 0.106032 4
0.959817 0.344722 3
0.931354 0.0682887 5
0.948758 0.292287 3
0.974908 0.647414 2
0.96054 0.349082 3
0.987675 1 1
0.934604 0.13387 4
0.942616 0.152348 4
0.94563 0.281358 3
0.944702 0.15831 4
0.978964 0.682184 2
0.943676 0.155309 4
0.986079 1 1
0.884233 3.53641e-05 14
0.934315 0.133315 4
0.981354 0.705643 2
0.952611 0.30785 3
0.959794 0.559276 2
0.990425 1 1
0.986404 1 1
0.973436 0.636198 2
0.946397 0.283909 3
0.924819 0.0608136 5
0.972505 0.629453 2
0.958049 0.334597 3
0.972695 0.630812 2
0.949881 0.296568 3
0.958893 0.339332 3
0.910181 0.0119756 7
0.943286 0.274035 3
0.926519 0.237279 3
0.899013 0.0209617 6
0.958785 0.555116 2
0.952689 0.533229 2
0.931008 0.244987 3
0.944541 0.510969 2
0.950463 0.526449 2
0.90762 0.0485055 5
0.930146 0.243409 3
0.953619 0.536237 2
0.936452 0.256198 3
0.964243 0.579795 2
0.950995 0.528019 2
0.86969 5.36927e-05 13
0.894838 0.00932871 7
0.914503 0.0260625 6
0.929742 0.125343 4
0.902974 0.010534 7
0.902883 0.0105183 7
0.917013 0.0542069 5
0.885704 0.000370355 11
0.903462 0.0106188 7
0.849091 2.71107e-10 27
0.930879 0.127188 4
0.907056 0.0112974 7
0.888872 0.000855062 10
0.893617 0.00201137 9
0.870864 4.94503e-06 16
0.997373 1 1
0.899389 0.00473897 8
0.97509 0.648854 2
0.994186 1 1
0.924708 0.118104 4
0.948417 0.291027 3
0.970381 0.615018 2
0.945616 0.281311 3
0.914755 0.0526492 5
0.91575 0.0533192 5
0.957043 0.548312 2
0.925166 0.118707 4
0.952162 0.531571 2
0.91369 0.05196 5
0.928825 0.123916 4
0.928184 0.122948 4
0.969072 0.606741 2
0.996945 1 1
0.970219 0.613967 2
0.941388 0.268588 3
0.970185 0.613748 2
0.989058 1 1
0.968104 0.6009 2
0.929198 0.124491 4
0.929058 0.124274 4
0.96568 0.58726 2
0.940527 0.266251 3
0.973382 0.635803 2
0.931011 0.127409 4
0.950846 0.300409 3
0.915087 0.0528703 5
0.962212 0.569967 2
0.98145 1 1
0.951753 0.530306 2
0.954198 0.538169 2
0.98683 1 1
0.98333 1 1
0.980705 1 1
0.940436 0.266009 3
0.932029 0.129143 4
0.9653 0.585244 2
0.951944 0.530895 2
0.980245 1 1
0.945116 0.279692 3
0.965079 0.584087 2
0.904723 0.0108457 7
0.946932 0.285736 3
0.914594 0.00663572 8
0.928819 0.0348225 6
0.904794 0.00257477 9
0.903787 0.00122822 10
0.917368 0.0139389 7
0.886067 1.74685e-05 15
0.905634 0.00262979 9
0.848807 9.33311e-12 0
0.93199 0.0691378 5
0.908963 0.00287118 9
0.88903 4.12059e-05 14
0.895569 0.000225755 12
0.871367 9.33038e-08 21
0.996462 1 1
0.89832 0.000510316 11
0.972823 0.631727 2
0.969853 0.611622 2
0.946382 0.283858 3
0.959737 0.559038 2
0.97664 0.661537 2
0.943324 0.274147 3
0.938674 0.142463 4
0.901624 0.00494453 8
0.982874 1 1
0.94818 0.290159 3
0.946205 0.283262 3
0.934805 0.134261 4
0.927513 0.0636406 5
0.941319 0.268398 3
0.942714 0.272349 3
0.944815 0.27873 3
0.954982 0.54085 2
0.92935 0.124726 4
0.933199 0.249226 3
0.947911 0.289189 3
0.915573 0.053198 5
0.926773 0.120903 4
0.876231 6.22351e-05 13
0.961534 0.566865 2
0.932847 0.130591 4
0.91853 0.0553331 5
0.918746 0.0554994 5
0.900334 0.0101022 7
0.969777 0.611144 2
0.923458 0.116515 4
0.969777 0.611144 2
0.97745 0.668506 2
0.936655 0.138016 4
0.951631 0.303651 3
0.97111 0.61983 2
0.938473 0.142004 4
0.929187 0.0655694 5
0.900242 0.00111489 10
0.972796 0.631539 2
0.938458 0.141969 4
0.942541 0.152143 4
0.925197 0.0320425 6
0.922144 0.0300365 6
0.945167 0.159717 4
0.947074 0.165796 4
0.984923 1 1
0.976169 1 1
0.929664 0.242548 3
0.95845 0.553768 2
0.977201 1 1
0.962058 0.569254 2
0.917767 0.110146 4
0.931812 0.246503 3
0.955689 0.543342 2
0.92891 0.241231 3
0.969366 1 1
0.919398 0.227238 3
0.945269 0.512694 2
0.913315 0.105985 4
0.974215 1 1
0.941983 0.270252 3
0.971174 0.620258 2
0.899344 0.00995107 7
0.917546 0.109923 4
0.938796 0.261785 3
0.913127 0.0516067 5
0.892185 0.00418832 8
0.889362 0.00400982 8
0.933951 0.250763 3
0.900982 0.0214606 6
0.919721 0.112185 4
0.88834 0.0018243 9
0.896977 0.00961165 7
0.940865 0.26716 3
0.949651 0.524118 2
0.935894 0.25494 3
0.923342 0.116372 4
0.897256 0.00965016 7
0.927209 0.121523 4
0.930066 0.243265 3
0.952346 0.532145 2
0.883808 0.000773859 10
0.984686 1 1
0.907772 0.0234748 6
0.894208 0.00432796 8
0.956633 0.546779 2
0.891005 0.00411157 8
0.951554 0.5297 2
0.861396 1.68391e-06 17
0.949695 0.524243 2
0.930628 0.0673487 5
0.928067 0.0642629 5
0.944654 0.158166 4
0.932467 0.0697905 5
0.936742 0.1382 4
0.908671 0.00573843 8
0.948532 0.291451 3
0.863942 1.3746e-08 23
0.959412 0.342335 3
0.94963 0.295594 3
0.908626 0.00573253 8
0.93669 0.13809 4
0.896479 0.000484397 11
0.952848 0.308893 3
0.899689 0.0010989 10
0.896892 0.000490002 11
0.904355 0.00254689 9
0.903402 0.00248824 9
0.893128 0.000209799 12
0.901371 0.00114887 10
0.871891 4.66675e-07 19
0.908689 0.00574082 8
0.831235 4.1591e-12 0
0.920743 0.0292049 6
0.908261 0.00568513 8
0.873145 4.89034e-07 19
0.896535 0.000485148 11
0.858974 4.22548e-10 27
0.964229 0.579723 2
0.874396 1.12909e-06 18
0.973382 1 1
0.949252 0.522999 2
0.969506 1 1
0.986306 1 1
0.980942 1 1
0.961204 0.565385 2
0.957246 0.54908 2
0.912618 0.105388 4
0.982783 1 1
0.968915 1 1
0.959761 0.559139 2
0.958294 0.55315 2
0.948509 0.520958 2
0.9174 0.109778 4
0.934027 0.250922 3
0.970041 1 1
0.972946 1 1
0.915722 0.222881 3
0.94485 0.511694 2
0.962404 1 1
0.953619 0.536239 2
0.903886 0.0989169 4
0.935392 0.492707 2
0.941712 0.504683 2
0.914879 0.107375 4
0.961945 1 1
0.905762 0.100168 4
0.938417 0.498115 2
0.906611 0.100757 4
0.989191 1 1
0.985957 0.75815 2
0.983441 0.728181 2
0.933261 0.0709083 5
0.958725 0.338379 3
0.980623 0.698214 2
0.955533 0.321453 3
0.922417 0.0302043 6
0.921535 0.0296682 6
0.963382 0.36763 3
0.933264 0.0709125 5
0.961608 0.355791 3
0.922369 0.0301746 6
0.938492 0.142047 4
0.923586 0.0309493 6
0.967022 0.594639 2
0.918873 0.0281724 6
0.921884 0.0298783 6
0.927603 0.0637406 5
0.917163 0.0138736 7
0.924109 0.0312948 6
0.894733 0.000461861 11
0.931915 0.0690363 5
0.851909 1.09288e-11 0
0.945082 0.159457 4
0.932503 0.0698404 5
0.895485 0.000471332 11
0.919956 0.0287601 6
0.881924 1.52172e-05 15
0.964648 0.581854 2
0.892047 0.000203333 12
0.94352 0.274734 3
0.931661 0.128508 4
0.968018 0.600393 2
0.952564 0.307645 3
0.950801 0.300227 3
0.926927 0.0629976 5
0.969639 0.610271 2
0.879902 3.11551e-05 14
0.973801 0.638919 2
0.972971 0.632801 2
0.925405 0.0614007 5
0.959057 0.556221 2
0.916159 0.0268162 6
0.933804 0.132348 4
0.907514 0.0113912 7
0.931544 0.245992 3
0.925888 0.119676 4
0.951288 0.528896 2
0.936292 0.255834 3
0.938131 0.260147 3
0.911667 0.0507235 5
0.956018 0.544527 2
0.866053 9.75103e-06 15
0.96137 0.566127 2
0.956417 0.545983 2
0.910973 0.0503199 5
0.943799 0.275578 3
0.900232 0.0100864 7
0.945258 0.280149 3
0.898726 0.00985963 7
0.90591 0.00539759 8
0.913342 0.0255646 6
0.910444 0.0120369 7
0.901528 0.0049353 8
0.910353 0.0120156 7
0.880417 3.16122e-05 14
0.914821 0.0262032 6
0.83959 6.01415e-12 0
0.929594 0.0660614 5
0.915242 0.0263926 6
0.881817 7.15591e-05 13
0.902959 0.00507676 8
0.867194 3.94861e-07 19
0.971158 0.620155 2
0.883112 7.40675e-05 13
0.938315 0.260597 3
0.913556 0.0518752 5
0.923245 0.116253 4
0.947102 0.286326 3
0.936631 0.256606 3
0.96973 0.610844 2
0.909857 0.0242036 6
0.96264 0.571972 2
0.919239 0.0558831 5
0.918887 0.0556082 5
0.96487 0.582998 2
0.920242 0.112754 4
0.985097 1 1
0.861127 7.351e-07 18
0.926463 0.120468 4
0.958432 0.336724 3
0.956178 0.32469 3
0.949417 0.174017 4
0.952602 0.186698 4
0.963703 0.369873 3
0.931972 0.0376663 6
0.945197 0.159807 4
0.888493 1.90351e-05 15
0.982419 0.716898 2
0.952612 0.18674 4
0.933562 0.0713432 5
0.938281 0.0790029 5
0.917436 0.00716712 8
0.950027 0.176308 4
0.927795 0.0339878 6
0.924969 0.118446 4
0.921181 0.113806 4
0.944303 0.277127 3
0.928862 0.123973 4
0.931325 0.127935 4
0.904529 0.0224506 6
0.950083 0.525349 2
0.859434 3.06963e-07 19
0.95426 0.538378 2
0.949466 0.523596 2
0.903994 0.0222931 6
0.937461 0.25854 3
0.893073 0.00424835 8
0.947924 0.289233 3
0.893338 0.00426663 8
0.922921 0.0590075 5
0.931152 0.127644 4
0.920823 0.05717 5
0.916216 0.0536417 5
0.927026 0.121261 4
0.895995 0.00446046 8
0.922627 0.0587404 5
0.855415 2.25048e-08 22
0.945103 0.279651 3
0.92529 0.118871 4
0.897922 0.00461396 8
0.911913 0.0249833 6
0.881967 0.000156493 12
0.979994 1 1
0.900357 0.00482572 8
0.921167 0.0152724 7
0.949506 0.174347 4
0.882343 7.13124e-06 16
0.897922 0.000504508 11
0.918493 0.0143091 7
0.892703 9.83378e-05 13
0.876612 5.59421e-07 19
0.870895 4.13178e-08 22
0.916492 0.0136637 7
0.884451 7.69173e-06 16
0.899153 0.000522841 11
0.871589 9.41727e-08 21
0.876909 5.66103e-07 19
0.941571 0.149561 4
0.93068 0.0674144 5
0.926445 0.237162 3
0.917699 0.110077 4
0.955563 0.542895 2
0.935188 0.253387 3
0.933444 0.249722 3
0.909837 0.103136 4
0.96321 0.574697 2
0.863568 0.000107718 12
0.95644 0.546066 2
0.960877 0.563938 2
0.908191 0.101893 4
0.949947 0.524961 2
0.899825 0.0449978 5
0.935005 0.25299 3
0.89207 0.0194362 6
0.934379 0.0725533 5
0.935449 0.0742082 5
0.939496 0.144388 4
0.932184 0.069401 5
0.939786 0.145082 4
0.909809 0.00589193 8
0.941294 0.148843 4
0.866359 6.81532e-09 24
0.960951 0.351626 3
0.94411 0.156561 4
0.910675 0.00601428 8
0.930491 0.0671749 5
0.896541 0.000485226 11
0.961853 0.357373 3
0.905861 0.00264502 9
0.937354 0.139512 4
0.94972 0.295944 3
0.922622 0.058736 5
0.925451 0.0614475 5
0.940175 0.14603 4
0.908081 0.01151 7
0.920912 0.0572449 5
0.869652 9.58714e-07 18
0.953705 0.312751 3
0.926306 0.0623334 5
0.911171 0.0122101 7
0.912324 0.0251469 6
0.892896 0.000932561 10
0.977859 0.672118 2
0.918224 0.0278337 6
0.935383 0.135403 4
0.963289 0.575076 2
0.897107 0.00102955 10
0.912512 0.0125444 7
0.933196 0.131223 4
0.905766 0.00538099 8
0.891136 0.000420918 11
0.880056 3.12905e-05 14
0.93183 0.128799 4
0.899217 0.00225916 9
0.911894 0.0123879 7
0.886169 0.000173462 12
0.889632 0.000405703 11
0.949375 0.294616 3
0.939308 0.143942 4
0.927561 0.12203 4
0.95627 0.545444 2
0.882691 0.000757968 10
0.90237 0.0218331 6
0.923383 0.116423 4
0.901246 0.0102464 7
0.875237 0.000134782 12
0.884357 0.000781915 10
0.916405 0.0537746 5
0.884089 0.00077796 10
0.908425 0.0236969 6
0.87191 5.63548e-05 13
0.885752 0.000803159 10
0.927531 0.121987 4
0.94504 0.279448 3
0.905201 0.00531669 8
0.905209 0.00531767 8
0.923939 0.0311818 6
0.907601 0.00560126 8
0.911045 0.0121796 7
0.883974 3.50868e-05 14
0.931562 0.0685631 5
0.840235 6.19425e-12 0
0.933094 0.0706708 5
0.929068 0.0654283 5
0.883725 3.48231e-05 14
0.918521 0.0279874 6
0.872617 1.06032e-06 18
0.948659 0.291918 3
0.876441 2.66686e-06 17
0.917776 0.027605 6
0.927534 0.0636639 5
0.914793 0.0261909 6
0.910352 0.0120152 7
0.921602 0.0578341 5
0.890579 0.000415163 11
0.91682 0.0271323 6
0.850767 2.37453e-11 30
0.939065 0.14337 4
0.91926 0.028379 6
0.892694 0.000437823 11
0.906029 0.00541145 8
0.876483 5.8625e-06 16
0.984039 1 1
0.896777 0.00102127 10
0.938953 0.499133 2
0.911233 0.104241 4
0.939632 0.500451 2
0.956759 0.547247 2
0.93988 0.500939 2
0.96852 1 1
0.92681 0.237742 3
0.941651 0.504555 2
0.927532 0.238912 3
0.934766 0.252477 3
0.960371 0.561731 2
0.938479 0.261 3
0.983441 1 1
0.866234 0.000113021 12
0.916848 0.109233 4
0.967187 1 1
0.961385 0.566193 2
0.952142 0.531509 2
0.96017 0.560869 2
0.972612 1 1
0.940403 0.501983 2
0.945651 0.513618 2
0.896696 0.020415 6
0.988549 1 1
0.954534 0.539308 2
0.94217 0.505658 2
0.940594 0.50237 2
0.925477 0.235655 3
0.942788 0.507 2
0.934726 0.252392 3
0.911655 0.024882 6
0.928071 0.122779 4
0.898739 0.00468269 8
0.899287 0.00473012 8
0.913874 0.0257896 6
0.882687 0.000346888 11
0.89908 0.0047121 8
0.84694 1.06595e-10 28
0.926995 0.121217 4
0.902763 0.0104978 7
0.886061 0.000373327 11
0.889357 0.000863724 10
0.86776 4.53021e-06 16
0.992798 1 1
0.898094 0.00462826 8
0.970634 0.616671 2
0.987183 1 1
0.929448 0.065884 5
0.947995 0.28949 3
0.969385 0.608677 2
0.938973 0.143156 4
0.921132 0.0294306 6
0.90448 0.00255475 9
0.964639 0.58181 2
0.930796 0.0675635 5
0.944193 0.156804 4
0.9181 0.02777 6
0.922278 0.0301183 6
0.940782 0.147537 4
0.955409 0.320842 3
0.992241 1 1
0.966564 0.592077 2
0.940072 0.265049 3
0.970452 1 1
0.985495 1 1
0.972526 1 1
0.927393 0.238685 3
0.933999 0.250862 3
0.961646 0.567371 2
0.938789 0.261767 3
0.978389 1 1
0.930138 0.243394 3
0.955183 0.54155 2
0.910183 0.0498732 5
0.96332 0.575226 2
0.953056 0.534403 2
0.953747 0.536662 2
0.901552 0.010296 7
0.931946 0.128998 4
0.945491 0.280902 3
0.948032 0.289624 3
0.889102 0.000859148 10
0.94791 0.289184 3
0.923694 0.11681 4
0.900046 0.0047975 8
0.956314 0.545605 2
0.892561 0.00197077 9
0.936568 0.256462 3
0.888701 0.00085205 10
0.985624 1 1
0.953347 0.535346 2
0.931003 0.244977 3
0.989495 1 1
0.974193 1 1
0.960752 0.563389 2
0.947958 0.51948 2
0.97714 1 1
0.899477 0.0448601 5
0.972538 1 1
0.989169 1 1
0.944132 0.510021 2
0.977467 1 1
0.93992 0.501018 2
0.91197 0.104845 4
0.914825 0.107326 4
0.950216 0.525732 2
0.975565 1 1
0.913087 0.105788 4
0.928261 0.240125 3
0.948872 0.521947 2
0.919421 0.227266 3
0.906728 0.100839 4
0.888961 0.0188499 6
0.948434 0.520755 2
0.915156 0.107629 4
0.924991 0.234919 3
0.901943 0.0458663 5
0.903025 0.0463326 5
0.952464 0.532516 2
0.945469 0.513175 2
0.930661 0.036431 6
0.94881 0.171805 4
0.909849 0.00294234 9
0.915389 0.00677701 8
0.932124 0.0693199 5
0.90057 0.00054542 11
0.90758 0.00137396 10
0.865558 1.31273e-09 26
0.942064 0.150858 4
0.913284 0.00641485 8
0.904559 0.00125565 10
0.899479 0.000527894 11
0.884985 7.84427e-06 16
0.981176 0.703818 2
0.918112 0.0141816 7
0.909293 0.00582128 8
0.93756 0.139962 4
0.866589 7.70127e-08 21
0.884803 7.75726e-05 13
0.905408 0.0053401 8
0.883413 3.4498e-05 14
0.859968 5.15482e-09 24
0.868668 1.86266e-07 20
0.900001 0.00229884 9
0.868245 1.83343e-07 20
0.890498 0.000194643 12
0.855986 3.67374e-10 27
0.868279 1.83581e-07 20
0.921424 0.0296023 6
0.927663 0.0638079 5
0.940379 0.146531 4
0.96932 0.608274 2
0.893888 0.000953805 10
0.914694 0.0131331 7
0.935972 0.136596 4
0.913684 0.0128534 7
0.885786 7.97403e-05 13
0.894683 0.000971513 10
0.927611 0.0637497 5
0.895064 0.000980214 10
0.920889 0.0292888 6
0.883009 3.40843e-05 14
0.897904 0.00105008 10
0.929588 0.066054 5
0.956191 0.324758 3
0.940066 0.501308 2
0.952886 0.533858 2
0.923394 0.23258 3
0.927406 0.238705 3
0.942688 0.506779 2
0.910503 0.103658 4
0.921124 0.229461 3
0.872347 0.000636641 10
0.955353 0.54215 2
0.926929 0.237933 3
0.913752 0.106366 4
0.912919 0.105644 4
0.895167 0.020076 6
0.975232 1 1
0.921285 0.229675 3
0.943823 0.15573 4
0.96795 0.59999 2
0.91026 0.00595507 8
0.923216 0.030709 6
0.943109 0.153709 4
0.913054 0.0126852 7
0.904886 0.00258072 9
0.882012 1.526e-05 15
0.945301 0.160128 4
0.912688 0.00631888 8
0.918335 0.0142557 7
0.89924 0.00108622 10
0.896807 0.000488837 11
0.959132 0.340706 3
0.938173 0.141324 4
0.913798 0.0520288 5
0.916647 0.0539451 5
0.924587 0.117947 4
0.912784 0.0513947 5
0.919105 0.111526 4
0.890153 0.00405808 8
0.929778 0.242749 3
0.847295 7.35263e-09 23
0.940248 0.265511 3
0.929564 0.242371 3
0.890738 0.00409462 8
0.917485 0.109863 4
0.877631 0.000313275 11
0.962075 0.569334 2
0.886954 0.00178107 9
0.932959 0.130793 4
0.959408 0.557663 2
0.883841 7.55438e-05 13
0.906852 0.00550914 8
0.927507 0.0636332 5
0.909709 0.0118673 7
0.874967 5.59045e-06 16
0.897711 0.00104504 10
0.916188 0.0268297 6
0.884568 7.70675e-05 13
0.917436 0.0274346 6
0.873224 2.39458e-06 17
0.894787 0.000973881 10
0.915485 0.026503 6
0.958244 0.335676 3
0.920768 0.113339 4
0.936348 0.25596 3
0.907013 0.0481986 5
0.908363 0.0488894 5
0.923111 0.232178 3
0.891602 0.00893826 7
0.9067 0.0480431 5
0.855084 3.28641e-06 16
0.936245 0.255729 3
0.910938 0.104004 4
0.894933 0.0200255 6
0.897311 0.020556 6
0.876551 0.00151481 9
0.994965 1 1
0.905736 0.0475743 5
0.902116 0.000571981 11
0.911471 0.00308117 9
0.904008 0.00123596 10
0.89634 0.000111132 13
0.906162 0.00131613 10
0.875963 2.48982e-07 20
0.90801 0.00139235 10
0.836148 5.15174e-12 0
0.924464 0.0166469 7
0.90872 0.00285217 9
0.877711 2.68331e-07 20
0.896359 0.000111203 13
0.862472 9.90896e-11 29
0.973662 0.63788 2
0.881244 1.46481e-06 18
0.934985 0.252948 3
0.963716 0.577168 2
0.894392 0.00927235 7
0.911216 0.0504604 5
0.932177 0.247207 3
0.906027 0.0477143 5
0.887904 0.00392431 8
0.88239 0.00165289 9
0.928986 0.241362 3
0.896278 0.00951686 7
0.912483 0.0512112 5
0.883457 0.00168107 9
0.889969 0.0040467 8
0.943634 0.508884 2
0.942447 0.506256 2
0.933031 0.0705801 5
0.959014 0.340029 3
0.883537 3.46266e-05 14
0.906893 0.00551417 8
0.927441 0.0635605 5
0.91026 0.00595507 8
0.874518 1.13404e-06 18
0.899016 0.00108001 10
0.915659 0.0134124 7
0.884187 3.53141e-05 14
0.918044 0.027741 6
0.872956 4.85556e-07 19
0.895448 0.00047086 11
0.913874 0.0129048 7
0.959348 0.341957 3
0.976321 0.658857 2
0.989675 1 1
0.930638 0.0673612 5
0.951812 0.304413 3
0.973847 0.639267 2
0.944771 0.158517 4
0.921347 0.0153421 7
0.910737 0.00301687 9
0.964535 0.375828 3
0.931509 0.0684934 5
0.950335 0.177487 4
0.919382 0.0146158 7
0.927925 0.0340917 6
0.934372 0.0725433 5
0.960716 0.350168 3
0.931125 0.127599 4
0.919261 0.0283797 6
0.892795 0.000438956 11
0.922499 0.0586255 5
0.92528 0.0612747 5
0.947644 0.288233 3
0.879403 1.40619e-05 15
0.985945 1 1
0.903084 0.00508957 8
0.889715 0.000406515 11
0.951735 0.304091 3
0.886706 0.000175868 12
0.947651 0.288258 3
0.857352 2.03085e-09 25
0.946336 0.283704 3
0.958731 0.554897 2
0.941063 0.267697 3
0.919069 0.0557497 5
0.95025 0.298021 3
0.953274 0.535108 2
0.974554 0.644658 2
0.905389 0.0109702 7
0.966614 0.592355 2
0.930633 0.126783 4
0.916223 0.0536469 5
0.980497 1 1
0.911918 0.0249852 6
0.967131 0.595258 2
0.880315 0.00015061 12
0.96002 0.560232 2
0.934387 0.0725649 5
0.958776 0.338669 3
0.88383 1.61928e-05 15
0.908216 0.00567932 8
0.928405 0.0646509 5
0.913052 0.0126846 7
0.874365 5.12266e-07 19
0.903752 0.00250947 9
0.915229 0.0132863 7
0.884243 1.64173e-05 15
0.920986 0.0293455 6
0.873359 4.9299e-07 19
0.898547 0.0010672 10
0.909722 0.00587994 8
0.963537 0.576286 2
0.9159 0.108323 4
0.931793 0.246467 3
0.902899 0.0219799 6
0.903647 0.0221925 6
0.918219 0.110605 4
0.886876 0.00386648 8
0.90301 0.0220111 6
0.850664 1.02526e-07 20
0.931484 0.245878 3
0.906896 0.0481406 5
0.890198 0.00406085 8
0.893391 0.00914891 7
0.871913 0.000125948 12
0.99675 1 1
0.901484 0.0215933 6
0.917577 0.225019 3
0.903312 0.0464591 5
0.962179 1 1
0.933266 0.489218 2
0.924936 0.234836 3
0.908016 0.101764 4
0.975551 1 1
0.861607 0.00010408 12
0.945403 0.513015 2
0.966705 1 1
0.904562 0.0470229 5
0.962058 1 1
0.901225 0.0455657 5
0.913626 0.106255 4
0.881237 0.00358103 8
0.953843 0.536979 2
0.968528 0.603426 2
0.900363 0.0101067 7
0.928073 0.122782 4
0.946692 0.284912 3
0.936617 0.256574 3
0.889291 0.00185524 9
0.926592 0.120648 4
0.928599 0.123572 4
0.89993 0.0100398 7
0.944916 0.279052 3
0.890255 0.00188782 9
0.922332 0.115147 4
0.905007 0.0225937 6
0.989478 1 1
0.943622 0.155155 4
0.926143 0.0327238 6
0.909431 0.00584005 8
0.939015 0.143254 4
0.938729 0.142591 4
0.965202 0.58473 2
0.895768 0.000474992 11
0.982026 0.712686 2
0.916944 0.0138043 7
0.906085 0.00266027 9
0.967959 0.600043 2
0.90362 0.00250145 9
0.965921 0.588555 2
0.866096 1.50634e-08 23
0.947751 0.168085 4
0.915494 0.0531445 5
0.911792 0.0249357 6
0.938473 0.260985 3
0.920464 0.0568713 5
0.921878 0.0580746 5
0.896004 0.00446113 8
0.946234 0.283359 3
0.851031 3.62303e-09 24
0.94468 0.278306 3
0.943689 0.275243 3
0.895173 0.00439836 8
0.933031 0.130923 4
0.885167 0.000794109 10
0.943786 0.275539 3
0.884075 0.000357331 11
35 1 3 4 10 11 12 17 18 19 20 24 25 34 38 39 44 45 46 47 49 50 51 52 54 56 57 59 60 61 62 63 64 65 67 68 
19 1 3 19 20 24 34 38 39 47 49 51 52 54 56 59 60 62 64 67 
55 1 3 4 5 6 7 8 9 10 11 12 13 14 15 16 17 18 19 20 23 24 25 30 31 33 34 36 37 38 39 41 42 43 44 45 46 47 48 49 50 51 52 53 54 56 57 59 60 61 62 63 64 65 67 68 
53 1 3 4 7 8 10 11 12 13 14 15 16 17 18 19 20 22 23 24 25 29 30 31 33 34 36 37 38 39 41 43 44 45 46 47 49 50 51 52 53 54 56 57 58 59 60 61 62 63 64 65 67 68 
32 1 3 4 11 12 17 18 19 20 24 25 30 34 38 39 45 46 47 49 50 51 52 54 56 59 60 61 62 63 64 67 68 
41 1 3 4 10 11 12 14 15 16 17 18 19 20 24 25 34 37 38 39 41 44 45 46 47 49 50 51 52 53 54 56 57 59 60 61 62 63 64 65 67 68 
67 0 1 2 3 4 5 6 7 8 10 11 12 13 14 15 16 17 18 19 20 21 22 23 24 25 26 27 28 29 31 32 33 34 35 36 37 38 39 40 41 43 44 45 46 47 48 49 50 51 52 53 54 55 56 57 58 59 60 61 62 63 64 65 66 67 68 69 
17 1 3 19 20 24 34 38 39 47 51 52 56 59 60 62 64 67 
48 1 3 4 8 10 11 12 13 14 15 16 17 18 19 20 24 25 30 31 33 34 37 38 39 41 43 44 45 46 47 49 50 51 52 53 54 56 57 58 59 60 61 62 63 64 65 67 68 
55 1 3 4 5 6 7 8 9 10 11 12 13 14 15 16 17 18 19 20 23 24 25 30 31 33 34 36 37 38 39 41 42 43 44 45 46 47 48 49 50 51 52 53 54 56 57 59 60 61 62 63 64 65 67 68 
29 1 3 4 11 12 18 19 20 24 25 34 38 39 45 46 47 49 51 52 54 56 59 60 61 62 63 64 67 68 
68 0 1 2 3 4 5 6 7 8 10 11 12 13 14 15 16 17 18 19 20 21 22 23 24 25 26 27 28 29 30 31 32 33 34 35 36 37 38 39 40 41 43 44 45 46 47 48 49 50 51 52 53 54 55 56 57 58 59 60 61 62 63 64 65 66 67 68 69 
64 0 1 2 3 4 6 7 8 10 11 12 13 14 15 16 17 18 19 20 21 22 23 24 25 26 27 28 29 31 32 33 34 35 36 37 38 39 40 41 43 44 45 46 47 49 50 51 52 53 54 55 56 57 58 59 60 61 62 63 64 65 67 68 69 
35 1 3 4 10 11 12 17 18 19 20 24 25 34 38 39 44 45 46 47 49 50 51 52 54 56 57 59 60 61 62 63 64 65 67 68 
12 1 3 34 39 47 51 52 56 60 62 64 67 
