30 15 1e+07
1.07301 109012
1.6054 179192
1.1187 123749
1.98455 118878
1.28096 129762
1.51757 193960
2.35761 189257
1.15432 154176
1.79033 145675
2.00115 164416
1.73579 180717
1.18109 171279
1.43844 143075
1.70479 141604
1.12192 185118
2.42445 114613
2.46673 182653
1.31766 174058
2.04923 183224
1.43068 113721
2.62502 135453
1.35851 165264
2.45099 178284
1.44398 176802
2.33585 157115
1.81499 124057
1.51977 170029
1.17018 178711
2.57638 177454
1.64469 160992
0.960918 0.564116 2
0.970994 1 1
0.894594 0.00929772 7
0.951989 0.531034 2
0.922654 0.115533 4
0.957507 0.550079 2
0.96838 1 1
0.92135 0.114 4
0.898616 0.0208651 6
0.963274 0.575006 2
0.958253 0.552988 2
0.966943 0.594197 2
0.925012 0.234951 3
0.92712 0.238241 3
0.926808 0.237738 3
0.945658 0.281448 3
0.892207 0.00195756 9
0.913002 0.0254234 6
0.934541 0.133749 4
0.984615 1 1
0.943792 0.275555 3
0.941746 0.269585 3
0.908682 0.0237856 6
0.919982 0.0564769 5
0.947988 0.289465 3
0.924495 0.117829 4
0.883735 0.000354716 11
0.951157 0.301683 3
0.951328 0.30239 3
0.934908 0.134461 4
0.936176 0.494056 2
0.988467 1 1
0.885311 0.00828582 7
0.938009 0.497354 2
0.899305 0.0447929 5
0.938717 0.498683 2
0.945743 0.513842 2
0.916539 0.223808 3
0.888086 0.0186939 6
0.9394 0.499997 2
0.947661 0.518697 2
0.980755 1 1
0.908674 0.102251 4
0.910665 0.103786 4
0.904785 0.0995084 4
0.91167 0.0123321 7
0.867545 1.78651e-07 20
0.920905 0.0292981 6
0.915922 0.0267053 6
0.947353 0.287205 3
0.920116 0.0288489 6
0.91305 0.0126842 7
0.902798 0.00506044 8
0.927222 0.0633193 5
0.917001 0.0272203 6
0.904979 0.00529187 8
0.855012 3.51381e-10 27
0.9432 0.273777 3
0.941942 0.150534 4
0.900294 0.00231407 9
0.936565 0.0760217 5
0.875102 2.40165e-07 20
0.87567 2.45932e-07 20
0.904735 0.00126206 10
0.965534 0.383276 3
0.916593 0.00700154 8
0.921438 0.0153773 7
0.874772 2.36895e-07 20
0.88236 3.30474e-06 17
0.92989 0.0357403 6
0.897003 0.000236093 12
0.875093 2.40069e-07 20
0.913738 0.0064899 8
0.914294 0.00658385 8
0.95441 0.316025 3
0.909493 0.00584857 8
0.896809 0.00102206 10
0.983261 0.726154 2
0.946928 0.285722 3
0.919957 0.0287607 6
0.93961 0.14466 4
0.925097 0.0610906 5
0.958486 0.337028 3
0.990693 1 1
0.922304 0.0301348 6
0.938438 0.141923 4
0.87462 2.50731e-06 17
0.969654 0.610362 2
0.96784 0.599347 2
0.878609 6.27967e-06 16
0.965615 0.586912 2
0.967124 0.595222 2
0.897789 0.000502589 11
0.955659 0.322079 3
0.927635 0.0637759 5
0.962143 0.359264 3
0.973634 0.637668 2
0.923488 0.0308852 6
0.902034 0.00116973 10
0.968579 0.603736 2
0.960958 0.351671 3
0.961725 0.356542 3
0.929399 0.0658251 5
0.931521 0.0685087 5
0.929955 0.0665041 5
0.978717 1 1
0.927876 0.122492 4
0.878889 0.000145841 12
0.931355 0.127986 4
0.945528 0.281024 3
0.943979 0.276127 3
0.958477 0.553876 2
0.89543 0.00441761 8
0.884515 0.000360762 11
0.964421 0.580698 2
0.930345 0.126311 4
0.935189 0.135015 4
0.917823 0.0548003 5
0.919658 0.0562159 5
0.969785 0.611192 2
0.934434 0.251773 3
0.920128 0.112629 4
0.960958 0.564292 2
0.973608 1 1
0.936728 0.25683 3
0.966791 0.593339 2
0.95172 0.530207 2
0.965453 0.586054 2
0.966954 0.594255 2
0.948157 0.52001 2
0.963481 0.576014 2
0.899018 0.0209629 6
0.988693 1 1
0.989017 1 1
0.899992 0.0212055 6
0.937199 0.257923 3
0.97607 1 1
0.876413 0.000306074 11
0.930422 0.243909 3
0.898631 0.0208685 6
0.933215 0.249258 3
0.942588 0.271983 3
0.906334 0.0478634 5
0.879539 0.000716424 10
0.937644 0.258977 3
0.939021 0.26235 3
0.992312 1 1
0.902175 0.0217798 6
0.904203 0.0223541 6
0.909776 0.0496474 5
0.927756 0.239282 3
0.922414 0.231205 3
0.965992 1 1
0.97243 1 1
0.92659 0.23739 3
0.961903 1 1
0.946739 0.516319 2
0.976309 1 1
0.970468 1 1
0.941827 0.504927 2
0.964985 1 1
0.899196 0.0447503 5
0.97775 1 1
0.977926 1 1
0.892018 0.0194261 6
0.935397 0.253841 3
0.991623 1 1
0.901127 0.0214988 6
0.951146 0.528468 2
0.902713 0.0219281 6
0.948239 0.520229 2
0.950722 0.527208 2
0.933905 0.250669 3
0.903463 0.0221398 6
0.942675 0.506751 2
0.962147 0.569668 2
0.961908 0.568567 2
0.920923 0.113514 4
0.922821 0.115734 4
0.899402 0.0210576 6
0.967581 1 1
0.917814 0.225301 3
0.86901 0.000605212 10
0.919953 0.22794 3
0.941195 0.503602 2
0.932629 0.248091 3
0.946692 0.516201 2
0.884404 0.00820145 7
0.874727 0.00147648 9
0.953054 0.534398 2
0.918706 0.22638 3
0.928076 0.239814 3
0.908115 0.101837 4
0.909851 0.103147 4
0.977957 1 1
0.900732 0.0101646 7
0.880609 0.000151627 12
0.969752 0.610984 2
0.931455 0.128156 4
0.918916 0.0556309 5
0.926718 0.120824 4
0.91331 0.0255513 6
0.939232 0.262881 3
0.974482 0.644097 2
0.912159 0.0250809 6
0.922006 0.0581869 5
0.860135 1.37899e-07 20
0.959205 0.556824 2
0.957041 0.548305 2
0.874256 2.67859e-05 14
0.963433 0.575779 2
0.903726 0.0106655 7
0.903586 0.0106406 7
0.938237 0.260406 3
0.994018 1 1
0.950356 0.298441 3
0.953565 0.53606 2
0.906541 0.0230714 6
0.910352 0.0243854 6
0.961625 0.567273 2
0.930006 0.125763 4
0.898765 0.00468496 8
0.944839 0.278807 3
0.945801 0.28192 3
0.953644 0.536319 2
0.936858 0.138446 4
0.883554 3.4645e-05 14
0.909819 0.00589334 8
0.926396 0.0624286 5
0.977032 0.664877 2
0.935007 0.134656 4
0.932571 0.0699353 5
0.902553 0.00243819 9
0.916739 0.0137404 7
0.938749 0.142638 4
0.916191 0.013572 7
0.875181 1.16151e-06 18
0.945334 0.160227 4
0.945199 0.159813 4
0.929696 0.0661858 5
0.934308 0.490897 2
0.962516 1 1
0.865613 0.000253537 11
0.920029 0.228037 3
0.895056 0.0432294 5
0.924382 0.234012 3
0.935419 0.492752 2
0.894373 0.0199062 6
0.868989 0.000605021 10
0.931948 0.246764 3
0.927723 0.239227 3
0.991805 1 1
0.893079 0.0196381 6
0.89511 0.0432482 5
0.912437 0.105235 4
0.952562 0.532827 2
0.978067 1 1
0.891185 0.00192039 9
0.947423 0.287451 3
0.914612 0.0525551 5
0.951163 0.52852 2
0.960641 0.562904 2
0.919683 0.0562356 5
0.894796 0.00437054 8
0.95505 0.541088 2
0.955146 0.541422 2
0.974069 0.640939 2
0.919292 0.0559251 5
0.921371 0.0576346 5
0.919831 0.056355 5
0.896064 0.000478866 11
0.885592 3.68773e-05 14
0.987046 1 1
0.933666 0.0714953 5
0.907979 0.00564892 8
0.925855 0.0325127 6
0.911484 0.00613323 8
0.951144 0.301628 3
0.988138 1 1
0.908659 0.00573691 8
0.925973 0.0619845 5
0.862839 5.82543e-09 24
0.955447 0.32103 3
0.953603 0.312282 3
0.866129 3.37694e-08 22
0.975263 0.650229 2
0.916471 0.0269642 6
0.878009 1.34814e-05 15
0.926897 0.0629651 5
0.954009 0.31415 3
0.940179 0.14604 4
0.953076 0.309905 3
0.891091 0.000420448 11
0.883997 7.58674e-05 13
0.960789 0.563549 2
0.924046 0.0600602 5
0.922381 0.0301825 6
0.918145 0.0277927 6
0.919791 0.0286686 6
0.981487 0.707019 2
0.963864 1 1
0.922414 0.231206 3
0.928495 0.24052 3
0.967085 1 1
0.96784 1 1
0.977208 1 1
0.971658 1 1
0.935396 0.492713 2
0.93504 0.492112 2
0.974406 1 1
0.957179 0.548825 2
0.909837 0.103136 4
0.971362 1 1
0.972984 1 1
0.932392 0.247625 3
0.987275 1 1
0.945495 0.513237 2
0.896622 0.0095632 7
0.952406 0.532333 2
0.94625 0.515092 2
0.964294 0.580052 2
0.97976 1 1
0.916061 0.108476 4
0.901911 0.021708 6
0.98239 1 1
0.952346 0.532145 2
0.944523 0.510926 2
0.934081 0.251034 3
0.93612 0.255447 3
0.949893 0.524805 2
0.952863 0.533782 2
0.93855 0.261175 3
0.940462 0.266077 3
0.992387 1 1
0.942737 0.272416 3
0.988465 1 1
0.972886 1 1
0.957803 0.551223 2
0.945652 0.51362 2
0.967464 0.597161 2
0.980722 1 1
0.919167 0.111592 4
0.974062 1 1
0.976201 1 1
0.914676 0.10719 4
0.927603 0.122092 4
0.980174 1 1
0.90792 0.0235246 6
0.952377 0.532243 2
0.898223 0.00463902 8
0.946238 0.283373 3
0.945263 0.280164 3
0.942329 0.271238 3
0.909549 0.0240923 6
0.936687 0.256735 3
0.963914 0.57815 2
0.950319 0.298294 3
0.922817 0.0589127 5
0.924551 0.117901 4
0.890467 0.00189512 9
0.946581 0.284534 3
0.88426 7.64165e-05 13
0.874559 2.50224e-06 17
0.909435 0.0118054 7
0.96622 0.590183 2
0.922072 0.0299923 6
0.929062 0.0654211 5
0.877326 6.0225e-06 16
0.88117 3.22995e-05 14
0.937794 0.140477 4
0.902727 0.0024483 9
0.886134 8.05314e-05 13
0.914113 0.0129706 7
0.914986 0.0132161 7
0.968339 0.602296 2
0.938717 0.142564 4
0.964524 0.581222 2
0.869141 4.22555e-07 19
0.92405 0.060064 5
0.899307 0.00226364 9
0.928696 0.0649887 5
0.93992 0.145407 4
0.897585 0.00104176 10
0.872633 2.34915e-06 17
0.936467 0.137621 4
0.931527 0.128279 4
0.990778 1 1
0.8972 0.0010319 10
0.899243 0.00226045 9
0.915817 0.0266563 6
0.934894 0.252752 3
0.960475 0.562181 2
0.930355 0.126327 4
0.9739 0.639665 2
0.913114 0.0515986 5
0.963469 0.575953 2
0.956159 0.545038 2
0.963824 0.577703 2
0.932522 0.130009 4
0.947385 0.287317 3
0.984521 1 1
0.933219 0.249266 3
0.945564 0.281143 3
0.94719 0.286631 3
0.895517 0.0044241 8
0.989428 1 1
0.925857 0.236241 3
0.901001 0.0454731 5
0.949298 0.523126 2
0.968167 1 1
0.963105 0.57419 2
0.973399 1 1
0.913112 0.105809 4
0.907139 0.048262 5
0.982536 1 1
0.944414 0.510672 2
0.922921 0.23191 3
0.942116 0.505542 2
0.943837 0.509345 2
0.959471 0.557926 2
0.965818 0.588 2
0.91809 0.0277647 6
0.922846 0.0589392 5
0.960021 0.560236 2
0.975185 0.649604 2
0.971031 0.619299 2
0.968607 0.603905 2
0.928332 0.064567 5
0.929513 0.0659628 5
0.973497 0.636653 2
0.950596 0.299399 3
0.907491 0.0113866 7
0.965614 0.586906 2
0.966984 0.594424 2
0.937911 0.140737 4
0.936075 0.255345 3
0.94482 0.511624 2
0.945448 0.513126 2
0.984246 1 1
0.922155 0.114938 4
0.970249 1 1
0.957726 0.550923 2
0.974676 1 1
0.948397 0.520655 2
0.950119 0.525455 2
0.985636 1 1
0.919822 0.112295 4
0.96164 0.567342 2
0.96308 0.574067 2
0.897098 0.020507 6
11 1 3 4 7 12 14 15 19 24 27 28 
29 0 1 2 3 4 5 6 7 8 9 10 11 12 13 14 15 16 17 18 19 20 21 22 24 25 26 27 28 29 
16 1 3 4 5 7 8 12 13 14 15 18 19 20 24 27 28 
21 0 1 3 4 6 7 8 12 13 14 15 16 17 19 20 21 22 24 25 27 28 
5 1 3 4 15 24 
17 1 3 4 5 7 8 12 13 14 15 18 19 20 21 24 27 28 
17 1 3 4 5 7 8 12 13 14 15 18 19 20 21 24 27 28 
30 0 1 2 3 4 5 6 7 8 9 10 11 12 13 14 15 16 17 18 19 20 21 22 23 24 25 26 27 28 29 
18 1 3 4 5 7 8 12 13 14 15 18 19 20 21 22 24 27 28 
16 1 3 4 5 7 8 12 13 14 15 18 19 20 24 27 28 
23 0 1 2 3 4 6 7 8 9 12 13 14 15 16 17 19 20 21 22 24 25 27 28 
21 0 1 3 4 6 7 8 12 13 14 15 16 17 19 20 21 22 24 25 27 28 
13 1 3 4 7 12 13 14 15 19 20 24 27 28 
13 1 3 4 7 12 14 15 19 20 21 24 27 28 
6 1 3 4 14 15 24 
