50 15 1e+07
1.21102 199798
2.4079 102060
1.2949 103853
2.3904 156812
1.8065 184280
1.15232 100638
1.283 113591
1.87981 183853
2.56144 148351
1.8438 132927
2.40581 112849
2.41793 158624
1.36268 155881
2.44725 151807
1.77683 183967
1.87167 104181
1.81091 144790
1.38794 121306
1.7221 180847
2.12451 141808
1.03927 191062
2.62797 114904
1.14508 113123
2.37408 123778
2.08573 157760
1.23198 144567
2.17602 109393
1.1664 130041
1.0429 127655
1.09227 138734
2.73315 185478
2.79878 196970
1.00727 183074
2.53246 185060
2.42327 177206
2.39456 134068
1.03663 165043
1.21369 175114
2.10512 146069
1.32409 107029
1.87781 159191
1.3315 189055
2.86247 152382
1.31605 125816
2.41442 173393
1.32219 111168
2.64176 182907
2.01325 137812
2.86518 130080
2.09534 135817
0.943239 0.507996 2
0.957686 0.550767 2
0.985681 1 1
0.925993 0.236452 3
0.906733 0.100843 4
0.937655 0.496701 2
0.973509 1 1
0.983877 1 1
0.911331 0.104321 4
0.91532 0.10778 4
0.946302 0.515222 2
0.90069 0.0453455 5
0.900016 0.045074 5
0.910977 0.104035 4
0.897501 0.0441058 5
0.880343 0.00354013 8
0.861627 4.55892e-05 13
0.888753 0.00862715 7
0.954546 0.539349 2
0.881258 0.00358198 8
0.942002 0.505299 2
0.876376 0.00151104 9
0.889992 0.008759 7
0.97456 1 1
0.963512 1 1
0.903054 0.0463453 5
0.910184 0.103406 4
0.994108 1 1
0.898445 0.044461 5
0.931523 0.245952 3
0.97656 1 1
0.935981 0.493717 2
0.968265 1 1
0.909919 0.1032 4
0.941091 0.503387 2
0.949685 0.524214 2
0.946185 0.51493 2
0.972619 1 1
0.916052 0.108467 4
0.923727 0.233058 3
0.913594 0.106227 4
0.874415 0.00147011 9
0.89633 0.0203323 6
0.942887 0.507218 2
0.918118 0.225666 3
0.875804 0.000672701 10
0.899489 0.0210793 6
0.910659 0.050141 5
0.962662 0.572077 2
0.852893 5.8434e-07 18
0.910451 0.050023 5
0.912446 0.105242 4
0.908796 0.0491175 5
0.912494 0.105283 4
0.907577 0.0484834 5
0.967769 0.598929 2
0.97495 1 1
0.924381 0.234011 3
0.863989 2.1029e-05 14
0.874815 0.000297085 11
0.915204 0.0067436 8
0.961476 0.35494 3
0.960986 0.351846 3
0.923227 0.0161048 7
0.878303 5.99069e-07 19
0.913817 0.00650295 8
0.973649 0.637782 2
0.957069 0.329307 3
0.89414 0.000103097 13
0.895648 0.000108502 13
0.965597 0.383751 3
0.91448 0.00661593 8
0.889678 1.988e-05 15
0.88265 3.34159e-06 17
0.87326 4.59296e-08 22
0.932595 0.0699683 5
0.900462 0.00112136 10
0.932861 0.0703399 5
0.942173 0.151149 4
0.927852 0.0340334 6
0.995847 1 1
0.914766 0.0131535 7
0.935426 0.0741709 5
0.965086 0.584124 2
0.972673 0.630651 2
0.915853 0.0134701 7
0.894542 0.0002188 12
0.942103 0.150963 4
0.943144 0.153807 4
0.95218 0.305981 3
0.906294 0.0111451 7
0.923777 0.0598039 5
0.941108 0.26782 3
0.963814 0.577651 2
0.880736 6.95757e-05 13
0.935202 0.135042 4
0.938769 0.261717 3
0.939625 0.263886 3
0.926185 0.120083 4
0.924685 0.0606812 5
0.974724 0.645978 2
0.942137 0.270689 3
0.92713 0.121409 4
0.89073 0.000889222 10
0.894907 0.00206339 9
0.869988 5.40371e-05 13
0.864305 9.34441e-06 15
0.887332 0.00179264 9
0.96882 0.605195 2
0.863732 4.06711e-06 16
0.926904 0.121087 4
0.878963 0.000321521 11
0.887629 0.00180183 9
0.951389 0.5292 2
0.941408 0.268643 3
0.916593 0.053907 5
0.934254 0.251394 3
0.977775 1 1
0.879563 0.000325371 11
0.907365 0.0233392 6
0.921946 0.114692 4
0.895882 0.00946408 7
0.926976 0.12119 4
0.952107 0.531398 2
0.916967 0.0541745 5
0.984596 1 1
0.910679 0.0501523 5
0.929019 0.124213 4
0.973795 1 1
0.978144 1 1
0.919467 0.111912 4
0.902865 0.0219706 6
0.953304 0.535205 2
0.932701 0.248233 3
0.948499 0.52093 2
0.945497 0.513243 2
0.929013 0.241408 3
0.961704 0.567633 2
0.940273 0.501723 2
0.921936 0.23055 3
0.967054 1 1
0.943932 0.509561 2
0.963714 1 1
0.938663 0.49858 2
0.943706 0.509046 2
0.935666 0.493174 2
0.90152 0.0456881 5
0.923084 0.23214 3
0.931194 0.245333 3
0.92487 0.234738 3
0.897592 0.0021811 9
0.910829 0.0245644 6
0.929037 0.124241 4
0.976462 0.66004 2
0.875829 2.7897e-05 14
0.934633 0.133925 4
0.925651 0.0616518 5
0.927934 0.122576 4
0.932186 0.129417 4
0.92888 0.123999 4
0.967146 0.595347 2
0.950577 0.299326 3
0.937379 0.139568 4
0.88731 0.000384091 11
0.896643 0.00213798 9
0.947913 0.289194 3
0.883429 3.45153e-05 14
0.913902 0.0129126 7
0.889469 0.000189213 12
0.979411 0.686393 2
0.947811 0.288828 3
0.892956 0.000440787 11
0.917951 0.0276937 6
0.922625 0.0303341 6
0.933205 0.0708278 5
0.872173 4.71577e-07 19
0.845209 7.82371e-12 0
0.895723 0.000474409 11
0.999 1 1
0.954078 0.314469 3
0.913714 0.106332 4
0.949096 0.522564 2
0.957207 0.548932 2
0.936501 0.256309 3
0.88005 0.00159448 9
0.922128 0.114905 4
0.963098 0.574153 2
0.954077 0.537761 2
0.905018 0.0472347 5
0.905734 0.0475733 5
0.975744 1 1
0.925157 0.235169 3
0.901969 0.0217235 6
0.886307 0.0038353 8
0.880985 0.00161728 9
0.927166 0.238315 3
0.875052 0.00148315 9
0.907252 0.101211 4
0.908924 0.102439 4
0.947553 0.518414 2
0.96481 1 1
0.8872 0.00846884 7
0.910737 0.103843 4
0.950801 0.527442 2
0.961389 0.56621 2
0.880308 0.00353852 8
0.861473 4.54544e-05 13
0.922821 0.23177 3
0.966921 1 1
0.983719 1 1
0.866874 5.06074e-05 13
0.83615 6.8384e-11 28
0.864913 2.1461e-05 14
0.918506 0.110901 4
0.879614 0.000717358 10
0.926 0.236462 3
0.85016 1.01007e-07 20
0.866885 5.06191e-05 13
0.958027 0.552098 2
0.951972 0.530981 2
0.869831 0.000120921 12
0.876534 0.000680823 10
0.957102 0.548534 2
0.897587 0.0206203 6
0.939815 0.264377 3
0.910252 0.10346 4
0.933031 0.248888 3
0.948301 0.520397 2
0.954009 0.537533 2
0.881648 0.00360022 8
0.931932 0.246733 3
0.947931 0.51941 2
0.946323 0.515274 2
0.919269 0.227077 3
0.918749 0.226433 3
0.978541 1 1
0.93644 0.494519 2
0.918328 0.225919 3
0.890349 0.0191054 6
0.890861 0.0192021 6
0.881219 0.0016231 9
0.852783 1.34692e-06 17
0.881822 0.0016383 9
0.93506 0.25311 3
0.889644 0.00872144 7
0.942675 0.506751 2
0.867122 0.000114886 12
0.883703 0.00369972 8
0.976815 1 1
0.968997 1 1
0.886629 0.00385287 8
0.889848 0.00874341 7
0.971756 1 1
0.907702 0.0485472 5
0.946829 0.516549 2
0.982496 1 1
0.931071 0.245103 3
0.962018 0.56907 2
0.905026 0.0472382 5
0.947553 0.518414 2
0.94838 0.520608 2
0.940332 0.50184 2
0.966369 1 1
0.914398 0.106939 4
0.922638 0.231516 3
0.907028 0.101051 4
0.868631 0.000266476 11
0.893495 0.0197232 6
0.94812 0.519911 2
0.920121 0.228154 3
0.948512 0.291375 3
0.884258 3.53906e-05 14
0.914829 0.0131713 7
0.890441 0.000194331 12
0.978819 0.680836 2
0.948832 0.292562 3
0.893858 0.000451261 11
0.918876 0.0281741 6
0.923395 0.0308243 6
0.933982 0.132681 4
0.873189 1.08173e-06 18
0.846169 8.1955e-12 0
0.896504 0.0010145 10
0.997839 1 1
0.954337 0.31568 3
0.932567 0.0699293 5
0.963352 0.575384 2
0.978396 0.676952 2
0.925064 0.0610571 5
0.895362 0.000469767 11
0.927851 0.0640183 5
0.97979 0.690028 2
0.974859 0.647035 2
0.904145 0.00253372 9
0.907121 0.00554194 8
0.954481 0.316362 3
0.905941 0.00540129 8
0.895594 0.000472738 11
0.899441 0.00109187 10
0.887375 8.34673e-05 13
0.880402 0.00160299 9
0.902145 0.0459523 5
0.9147 0.107212 4
0.966921 0.594074 2
0.857721 3.49892e-06 16
0.915604 0.108045 4
0.915535 0.10798 4
0.912968 0.105685 4
0.916986 0.109369 4
0.912305 0.105124 4
0.969246 1 1
0.969954 1 1
0.92782 0.239388 3
0.868915 0.00011882 12
0.879548 0.00158251 9
0.967298 0.59621 2
0.949124 0.293663 3
0.982337 1 1
0.912103 0.0250588 6
0.927897 0.0640709 5
0.94243 0.271527 3
0.959953 0.559949 2
0.986766 1 1
0.910565 0.0120653 7
0.917057 0.0272477 6
0.923176 0.0592421 5
0.880746 6.95944e-05 13
0.893639 0.000948389 10
0.929415 0.124828 4
0.907331 0.0113535 7
0.865498 9.61883e-06 15
0.853673 1.12256e-07 20
0.878268 0.000317171 11
0.954556 0.539382 2
0.863982 9.27202e-06 15
0.925013 0.118504 4
0.868276 2.3161e-05 14
0.878985 0.000321659 11
0.955156 0.541458 2
0.944363 0.277311 3
0.902262 0.0218034 6
0.919352 0.11179 4
0.983926 1 1
0.880655 0.000730605 10
0.912994 0.051524 5
0.874936 5.58506e-06 16
0.86315 6.76378e-08 21
0.888255 0.000183137 12
0.963497 0.57609 2
0.871893 2.29406e-06 17
0.934472 0.133615 4
0.87793 1.34496e-05 15
0.888996 0.000399561 11
0.96264 0.571972 2
0.952069 0.305507 3
0.910484 0.0120464 7
0.92285 0.0589428 5
0.990834 1 1
0.888383 0.000183764 12
0.918591 0.0280241 6
0.863322 0.000107251 12
0.850417 1.27132e-06 17
0.875197 0.00148615 9
0.950568 0.526758 2
0.862868 0.000106396 12
0.923108 0.232174 3
0.864975 0.000110462 12
0.875982 0.00150263 9
0.954211 0.538212 2
0.943394 0.508342 2
0.898468 0.0444697 5
0.915939 0.10836 4
0.982161 1 1
0.879685 0.00351068 8
0.913052 0.105757 4
0.878875 6.13389e-07 19
0.846027 8.13909e-12 0
0.875604 2.45247e-07 20
0.923642 0.016283 7
0.891543 4.49036e-05 14
0.938305 0.079046 5
0.860046 3.84748e-11 30
0.877752 5.85737e-07 19
0.968936 0.605902 2
0.964391 0.374786 3
0.876562 2.55391e-07 20
0.878712 6.09261e-07 19
0.959682 0.343919 3
0.909768 0.00293567 9
0.951869 0.183611 4
0.938553 0.142187 4
0.913781 0.02575 6
0.946176 0.283167 3
0.945089 0.279606 3
0.924624 0.0606209 5
0.982337 1 1
0.928495 0.123414 4
0.948448 0.291139 3
0.953742 0.312917 3
0.959389 0.557586 2
0.927369 0.0634805 5
0.900571 0.0048453 8
0.935342 0.135321 4
0.937213 0.139207 4
0.938585 0.142259 4
0.885589 0.000170929 12
0.912719 0.025307 6
0.922799 0.0588959 5
0.958437 0.553718 2
0.85981 2.63926e-08 22
0.914599 0.0261051 6
0.925704 0.0617062 5
0.920641 0.057018 5
0.911366 0.0122575 7
0.90792 0.011476 7
0.981742 1 1
0.962251 0.57015 2
0.919029 0.028255 6
0.869808 9.63696e-07 18
0.876589 1.2928e-05 15
0.854805 6.15136e-07 18
0.876897 0.000308896 11
0.887491 0.00390084 8
0.951985 0.531022 2
0.835107 1.16666e-11 30
0.894238 0.00925306 7
0.889229 0.00400184 8
0.885789 0.00174637 9
0.903303 0.022094 6
0.89647 0.00954264 7
0.944253 0.510301 2
0.992439 1 1
0.921567 0.11425 4
0.847221 1.70776e-08 22
0.862983 9.05402e-06 15
0.959938 0.345443 3
0.895133 0.000466864 11
0.925751 0.0617554 5
0.894476 0.000458711 11
0.977946 0.672891 2
0.951976 0.305111 3
0.904569 0.00256042 9
0.92988 0.0664115 5
0.922583 0.0303076 6
0.932985 0.0705152 5
0.881116 1.48309e-05 15
0.851408 1.06497e-11 0
0.896477 0.00101383 10
0.986179 1 1
0.947097 0.286309 3
0.95886 0.555417 2
0.891008 0.00887111 7
0.92027 0.112786 4
0.885629 0.00379891 8
0.987675 1 1
0.942619 0.50663 2
0.899424 0.0210632 6
0.924424 0.234074 3
0.914189 0.106753 4
0.924581 0.234306 3
0.873403 0.00028954 11
0.84315 6.40084e-09 23
0.888069 0.00393377 8
0.986469 1 1
0.941744 0.504752 2
0.89918 0.00225731 9
0.881996 7.18982e-05 13
0.909952 0.0119227 7
0.966984 0.594424 2
0.894826 0.000974761 10
0.960099 0.560569 2
0.897067 0.002157 9
0.911184 0.0122132 7
0.979786 0.689981 2
0.97253 0.629637 2
0.919909 0.0287336 6
0.916505 0.0269805 6
0.976871 0.663499 2
0.911093 0.0121912 7
0.936057 0.136769 4
0.922737 0.0588396 5
0.863542 3.0446e-08 22
0.894665 0.000971105 10
0.88893 0.000186475 12
0.955921 0.32339 3
0.944495 0.277724 3
0.8743 2.4808e-06 17
0.898415 0.00221994 9
0.931238 0.127789 4
0.941174 0.148535 4
0.862394 2.91134e-08 22
0.842552 6.89667e-12 0
0.904127 0.00519891 8
0.972656 0.630535 2
0.973957 0.640093 2
0.906166 0.0477813 5
0.917013 0.109395 4
0.937206 0.25794 3
0.972065 1 1
0.883605 0.00369479 8
0.941336 0.503896 2
0.932283 0.247412 3
0.936295 0.255841 3
0.934785 0.252519 3
0.932766 0.248361 3
0.966081 0.589421 2
0.941799 0.504868 2
0.936057 0.255304 3
0.894717 0.0199792 6
0.901756 0.0457874 5
0.972961 0.632724 2
0.951817 0.530505 2
0.970376 0.614985 2
0.890805 0.00409887 8
0.927495 0.121935 4
0.923174 0.116166 4
0.955315 0.542016 2
0.973072 0.633529 2
0.89082 0.00409981 8
0.897955 0.0097483 7
0.906595 0.0230887 6
0.862373 1.72974e-06 17
0.873026 5.77807e-05 13
0.923206 0.116204 4
0.893354 0.00426774 8
0.990117 1 1
0.923631 0.0596665 5
0.952273 0.306383 3
0.896101 0.00211408 9
0.956861 0.328218 3
0.94323 0.273867 3
0.931396 0.128056 4
0.956544 0.326565 3
0.909482 0.0118159 7
0.918391 0.0279199 6
0.89657 0.00213472 9
0.858967 1.12431e-08 23
0.887197 0.000178116 12
0.95426 0.315322 3
0.920721 0.0570851 5
0.909782 0.103094 4
0.855422 1.7599e-05 14
0.886821 0.00843122 7
0.893462 0.0197165 6
0.939256 0.499717 2
0.944047 0.509824 2
0.867091 0.000259731 11
0.8903 0.0190962 6
0.939989 0.501156 2
0.948702 0.521482 2
0.861466 0.000103826 12
0.846394 4.94284e-07 18
0.913847 0.10645 4
0.956647 0.54683 2
0.985664 1 1
0.914778 0.0526644 5
0.885752 0.0017453 9
0.9167 0.053983 5
0.948541 0.521044 2
0.914973 0.0527942 5
0.97927 1 1
0.900348 0.0101043 7
0.918845 0.111253 4
0.984115 1 1
0.989178 1 1
0.910824 0.0502349 5
0.898621 0.00984429 7
0.959157 0.556628 2
0.931978 0.246821 3
0.955279 0.54189 2
0.908946 0.0491976 5
0.905269 0.0226733 6
0.930732 0.244475 3
0.978208 1 1
0.893214 0.00912747 7
0.956524 0.546375 2
0.920774 0.113346 4
0.931031 0.245028 3
0.954289 0.538474 2
0.951866 0.530653 2
0.946339 0.515314 2
0.931298 0.245528 3
0.952782 0.533524 2
0.906493 0.047941 5
0.918965 0.111379 4
0.997031 1 1
0.927201 0.121512 4
0.951504 0.529549 2
0.886934 0.000822079 10
0.952109 0.531404 2
0.931358 0.127992 4
0.932527 0.24789 3
0.955462 0.542535 2
0.897973 0.00975096 7
0.906678 0.0231151 6
0.891884 0.00416845 8
0.852209 2.01412e-08 22
0.876364 0.000138031 12
0.945462 0.280808 3
0.909565 0.0240981 6
0.947208 0.286695 3
0.903002 0.00246442 9
0.936304 0.13728 4
0.925378 0.0613738 5
0.945236 0.280077 3
0.984469 1 1
0.915931 0.0267093 6
0.939706 0.14489 4
0.950376 0.298519 3
0.959998 0.3458 3
0.905918 0.00539854 8
0.879857 1.42594e-05 15
0.925424 0.0614203 5
0.959663 0.343806 3
0.954849 0.318119 3
0.886169 0.000173462 12
0.905025 0.00529702 8
0.919525 0.0285227 6
0.971961 0.625632 2
0.863906 1.5678e-07 20
0.922267 0.0584173 5
0.918958 0.0282176 6
0.917997 0.0277173 6
0.922766 0.0588665 5
0.918418 0.0279338 6
0.969466 0.60918 2
0.963456 0.57589 2
0.932087 0.129245 4
0.875255 1.24406e-05 15
0.885688 0.000171357 12
0.982303 0.715649 2
0.938544 0.0794813 5
0.968133 0.601069 2
0.902822 0.00119538 10
0.941193 0.148584 4
0.941986 0.150652 4
0.946965 0.165436 4
0.972444 0.629023 2
0.908491 0.00283446 9
0.91626 0.00693808 8
0.909319 0.00289936 9
0.868817 1.69824e-08 23
0.888797 4.08878e-05 14
0.94036 0.146486 4
0.912324 0.00626156 8
0.954397 0.538839 2
0.886009 0.00175282 9
0.9147 0.0526133 5
0.880564 0.000729428 10
0.993127 1 1
0.937625 0.258931 3
0.894064 0.00431768 8
0.918834 0.111242 4
0.910445 0.0500197 5
0.920857 0.113439 4
0.867796 2.29053e-05 14
0.83801 1.32096e-11 30
0.884162 0.000779034 10
0.986126 1 1
0.940518 0.266228 3
0.903065 0.00120351 10
0.898921 0.000519309 11
0.923929 0.0311748 6
0.983736 0.731529 2
0.8892 8.81183e-05 13
0.953581 0.312181 3
0.914299 0.0130221 7
0.924229 0.031376 6
0.956952 0.328694 3
0.952962 0.309397 3
0.942993 0.153385 4
0.933712 0.0715625 5
0.958912 0.339441 3
0.903103 0.00120479 10
0.918667 0.0143682 7
0.928957 0.241312 3
0.86573 0.000111985 12
0.895981 0.0202545 6
0.880915 0.00356616 8
0.967611 1 1
0.937887 0.497128 2
0.875431 0.00149104 9
0.899903 0.0450287 5
0.920184 0.228236 3
0.930374 0.243821 3
0.858468 1.87117e-05 14
0.835578 8.92319e-10 25
0.893151 0.0196527 6
0.98033 1 1
0.96052 0.562379 2
0.94659 0.284562 3
0.936537 0.137767 4
0.969036 0.606517 2
0.937393 0.139598 4
0.91873 0.0554867 5
0.959253 0.557025 2
0.951642 0.303698 3
0.970666 0.616885 2
0.931463 0.12817 4
0.936168 0.136998 4
0.939544 0.263679 3
0.901991 0.00498011 8
0.917212 0.0273237 6
0.92648 0.0625182 5
0.91768 0.0546939 5
0.872442 9.76165e-08 21
0.88068 3.10245e-06 17
0.898846 0.000518169 11
0.980399 0.695981 2
0.857635 3.3752e-11 30
0.920233 0.014922 7
0.894901 0.00022119 12
0.898134 0.00050758 11
0.93303 0.0705789 5
0.92553 0.0322789 6
0.941452 0.149252 4
0.961871 0.357488 3
0.951472 0.302986 3
0.871373 9.33254e-08 21
0.890831 9.26509e-05 13
0.934145 0.13299 4
0.882451 7.27692e-05 13
0.914913 0.0262443 6
0.912478 0.0125356 7
0.950425 0.298714 3
0.970741 0.617379 2
0.894646 0.000970679 10
0.918439 0.0279446 6
0.95084 0.300384 3
0.961729 0.567747 2
0.886264 0.000173883 12
0.865333 1.64879e-07 20
0.922956 0.0590393 5
0.969451 0.609087 2
0.975962 0.655885 2
0.960699 0.563155 2
0.901722 0.0457728 5
0.933755 0.250358 3
0.905596 0.0475076 5
0.965796 1 1
0.963036 0.573858 2
0.912355 0.105166 4
0.937792 0.496952 2
0.931458 0.245829 3
0.941651 0.504556 2
0.891799 0.0193831 6
0.862196 4.60935e-05 13
0.905849 0.0476284 5
0.976685 1 1
0.949381 0.523359 2
48 0 1 2 3 4 5 6 7 8 9 10 11 12 13 14 15 16 17 18 19 20 21 22 23 24 25 26 27 28 29 30 31 32 33 35 36 37 38 40 41 42 43 44 45 46 47 48 49 
49 0 1 2 3 4 5 6 7 8 9 10 11 12 13 14 15 16 17 18 19 20 21 22 23 24 26 27 28 29 30 31 32 33 34 35 36 37 38 39 40 41 42 43 44 45 46 47 48 49 
47 0 1 2 3 5 6 7 8 9 10 11 13 14 15 16 17 18 20 21 22 23 24 25 26 27 28 29 30 31 32 33 34 35 36 37 38 39 40 41 42 43 44 45 46 47 48 49 
10 1 7 14 16 22 23 24 25 28 47 
43 0 1 3 4 5 6 7 8 9 10 11 12 13 14 15 16 18 19 20 22 23 24 25 26 27 28 29 30 31 32 33 36 37 38 40 41 43 44 45 46 47 48 49 
25 1 3 5 6 7 8 10 14 15 16 20 22 23 24 25 27 28 31 33 36 37 38 41 44 47 
48 0 1 2 3 4 5 6 7 8 9 10 11 12 13 14 15 16 17 18 19 20 21 22 23 24 25 26 27 28 29 30 31 32 33 35 36 37 38 40 41 42 43 44 45 46 47 48 49 
48 0 1 2 3 4 5 6 7 8 9 10 11 12 13 14 15 16 17 18 19 20 21 22 23 24 25 26 27 28 29 30 31 32 33 35 36 37 38 40 41 42 43 44 45 46 47 48 49 
10 1 7 14 16 22 23 24 25 28 47 
18 1 3 7 10 14 16 20 22 23 24 25 27 28 31 38 41 44 47 
29 1 3 5 6 7 8 10 13 14 16 20 22 23 24 25 26 27 28 31 32 33 36 37 38 40 41 44 47 48 
25 1 5 7 8 13 14 16 22 23 24 25 26 28 30 31 36 37 38 40 43 44 45 47 48 49 
6 7 14 22 23 24 28 
37 1 3 5 6 7 8 9 10 11 12 13 14 15 16 18 20 22 23 24 25 26 27 28 31 32 33 36 37 38 40 41 44 45 46 47 48 49 
22 1 3 6 7 8 10 14 16 20 22 23 24 25 27 28 31 33 37 38 41 44 47 
