60 15 1e+07
2.5498 197576
2.08449 172408
1.52361 176229
1.88177 157979
1.44422 158691
1.40436 194402
1.05646 142153
2.76921 186170
1.158 164584
2.37453 161089
1.21075 188718
1.04375 110498
2.41958 122473
2.48131 165768
1.26 121263
1.67151 111307
2.5088 171459
1.15967 195414
1.67095 123460
1.41882 169927
1.78349 103702
2.01669 189549
2.23479 169857
2.24315 143870
1.47102 145847
2.86684 147338
1.84007 160265
1.08783 143445
1.49803 110858
1.12902 105069
1.58821 181356
2.42126 134655
2.08946 114153
1.14496 174055
1.07606 104248
2.08071 135251
1.00405 117285
1.37827 187271
2.32355 160080
2.35029 195278
2.16555 102918
1.53273 165318
2.10523 170239
2.11129 101577
1.14892 169381
1.44842 176664
2.06956 193292
1.15958 145069
1.97077 197008
1.26238 174187
2.05926 159402
1.27808 126692
1.62603 114321
1.14722 192427
2.32692 111809
1.18416 180828
1.50538 176075
2.34465 132356
2.11471 185698
1.62092 110215
0.940027 0.50123 2
0.980394 1 1
0.875812 0.00334789 8
0.903422 0.0465075 5
0.962098 1 1
0.982943 1 1
0.980336 1 1
0.883929 0.00815811 7
0.895126 0.0432537 5
0.97426 1 1
0.892999 0.0196219 6
0.885219 0.0082772 7
0.92703 0.238095 3
0.927337 0.238593 3
0.906769 0.100868 4
0.926826 0.120977 4
0.855901 1.2029e-07 20
0.960477 0.562191 2
0.947299 0.287014 3
0.899482 0.00997178 7
0.870522 2.44225e-05 14
0.879377 0.000324166 11
0.987448 1 1
0.905118 0.0226276 6
0.895768 0.00444314 8
0.88656 0.00176918 9
0.87414 5.92647e-05 13
0.936015 0.25521 3
0.921262 0.113899 4
0.874573 5.98594e-05 13
0.945182 0.279904 3
0.926437 0.0624718 5
0.90702 0.0112901 7
0.891821 0.000910554 10
0.962741 0.572448 2
0.947893 0.289121 3
0.922678 0.0587864 5
0.896837 0.00214664 9
0.951331 0.3024 3
0.939206 0.143702 4
0.954246 0.315253 3
0.946607 0.284621 3
0.913935 0.025816 6
0.900861 0.00487218 8
0.968747 0.604752 2
0.960268 0.561291 2
0.950249 0.525828 2
0.902004 0.0217331 6
0.908687 0.0490596 5
0.989232 1 1
0.972191 1 1
0.95219 0.531659 2
0.902183 0.021782 6
0.929121 0.241595 3
0.968714 1 1
0.92663 0.237454 3
0.917738 0.110117 4
0.933156 0.24914 3
0.92387 0.233264 3
0.938652 0.261427 3
0.957232 0.549026 2
0.916334 0.0537246 5
0.907171 0.0113207 7
0.96587 0.588279 2
0.94105 0.26766 3
0.923596 0.0596332 5
0.947534 0.287842 3
0.931167 0.127669 4
0.892674 0.00197504 9
0.955699 0.54338 2
0.88059 0.000151562 12
0.8688 4.66304e-06 16
0.982868 1 1
0.991824 1 1
0.882424 0.000158194 12
0.911735 0.0507639 5
0.876385 0.000138092 12
0.914509 0.0524878 5
0.867118 1.00126e-05 15
0.915275 0.0529967 5
0.896592 0.00450681 8
0.874644 5.99577e-05 13
0.888818 0.00183972 9
0.973942 0.639977 2
0.892524 0.00421101 8
0.990669 1 1
0.99024 1 1
0.883108 0.000763814 10
0.8664 9.83491e-06 15
0.969841 0.611546 2
0.969501 0.6094 2
0.950794 0.527423 2
0.902804 0.0105048 7
0.927348 0.121722 4
0.982443 1 1
0.965506 0.586334 2
0.969513 0.609478 2
0.911534 0.0506456 5
0.914832 0.0527007 5
0.991597 1 1
0.908269 0.0236432 6
0.898051 0.0097621 7
0.952562 0.532825 2
0.946689 0.284902 3
0.916643 0.0539429 5
0.93324 0.24931 3
0.872322 2.55172e-05 14
0.926679 0.120771 4
0.983637 1 1
0.906945 0.0232018 6
0.882598 0.00034624 11
0.9008 0.0101752 7
0.962059 0.569261 2
0.886306 0.000811915 10
0.912467 0.0512015 5
0.869821 2.40171e-05 14
0.857255 1.2556e-07 20
0.959382 0.557556 2
0.953455 0.535699 2
0.863866 1.80344e-06 17
0.966148 0.589787 2
0.921289 0.0295224 6
0.911733 0.0123478 7
0.961837 0.56824 2
0.949804 0.296269 3
0.930382 0.067037 5
0.951272 0.302157 3
0.932885 0.130658 4
0.900647 0.00233263 9
0.9627 0.572256 2
0.888831 0.00018598 12
0.877015 5.9628e-06 16
0.985207 1 1
0.982433 0.717042 2
0.890945 0.000197084 12
0.916487 0.0269717 6
0.86653 8.66496e-07 18
0.902649 0.00504542 8
0.971186 0.620342 2
0.893344 0.000942043 10
0.873327 1.17865e-05 15
0.896675 0.00213937 9
0.937321 0.13944 4
0.864832 3.64645e-07 19
0.903719 0.00515547 8
0.849368 1.18565e-10 28
0.837156 5.38828e-12 0
0.946996 0.285958 3
0.951702 0.30395 3
0.845305 7.86011e-12 0
0.920107 0.0148756 7
0.910726 0.00301597 9
0.89262 4.66493e-05 14
0.868462 7.51484e-09 24
0.937241 0.0771678 5
0.929847 0.0357028 6
0.900832 0.000549774 11
0.877218 2.62675e-07 20
0.947532 0.167336 4
0.91508 0.00672145 8
0.960889 0.351238 3
0.960631 0.349646 3
0.88948 1.97347e-05 15
0.876463 2.54316e-07 20
0.985079 0.747322 2
0.943531 0.508652 2
0.97504 1 1
0.878642 0.00156139 9
0.908763 0.102318 4
0.963241 0.574844 2
0.978031 1 1
0.985817 1 1
0.888051 0.0085546 7
0.895244 0.0200926 6
0.979084 1 1
0.89208 0.0194382 6
0.883781 0.00370361 8
0.932288 0.247423 3
0.93313 0.249088 3
0.904784 0.0471255 5
0.918769 0.111173 4
0.847796 2.19652e-07 19
0.983881 1 1
0.918881 0.111291 4
0.895046 0.0200498 6
0.865022 4.87369e-05 13
0.866246 0.000113046 12
0.96252 0.571405 2
0.923233 0.232352 3
0.884842 0.00375762 8
0.904368 0.046934 5
0.89286 0.0090851 7
0.915369 0.107825 4
0.897778 0.020665 6
0.887748 0.00852384 7
0.965165 0.584536 2
0.901927 0.00240251 9
0.930333 0.0669757 5
0.977513 0.669055 2
0.939113 0.143483 4
0.913771 0.0128769 7
0.929544 0.0659995 5
0.955342 0.32051 3
0.90713 0.00554304 8
0.94407 0.276407 3
0.892391 0.000434437 11
0.879774 1.4223e-05 15
0.990823 1 1
0.97192 0.625348 2
0.889897 0.000191437 12
0.93926 0.262954 3
0.897057 0.00962262 7
0.902849 0.0105125 7
0.97656 1 1
0.920144 0.112647 4
0.902865 0.0105153 7
0.928431 0.123318 4
0.932751 0.248332 3
0.878519 0.000318729 11
0.934151 0.251178 3
0.865056 4.21098e-06 16
0.853064 4.77865e-08 21
0.971176 0.620271 2
0.984892 1 1
0.864812 4.18387e-06 16
0.910487 0.0244359 6
0.89101 0.00191414 9
0.896822 0.00452494 8
0.861285 7.385e-07 18
0.922073 0.114841 4
0.910321 0.0243739 6
0.883613 0.00035379 11
0.876147 6.21108e-05 13
0.95638 0.545845 2
0.899291 0.00994316 7
0.975319 0.650678 2
0.981064 1 1
0.880225 0.000329718 11
0.865513 4.26241e-06 16
0.988263 1 1
0.930567 0.126674 4
0.869526 9.54723e-07 18
0.961897 0.568514 2
0.899667 0.00228176 9
0.917953 0.027695 6
0.889595 0.000405335 11
0.879258 3.05994e-05 14
0.931043 0.127462 4
0.972276 0.627838 2
0.899431 0.00226984 9
0.953119 0.3101 3
0.941357 0.149004 4
0.909408 0.0117994 7
0.890341 0.000412744 11
0.933504 0.131788 4
0.947074 0.286228 3
0.893319 0.00199976 9
0.917552 0.0546 5
0.99104 1 1
0.923735 0.116862 4
0.902093 0.0103849 7
0.923294 0.116312 4
0.948132 0.289986 3
0.889435 0.00186005 9
0.93332 0.13145 4
0.874781 6.01493e-05 13
0.862399 7.63273e-07 18
0.979198 1 1
0.978003 1 1
0.872517 2.56406e-05 14
0.955701 0.322289 3
0.881482 6.91986e-06 16
0.966681 0.592726 2
0.952032 0.30535 3
0.928228 0.0644472 5
0.897737 0.000501842 11
0.902997 0.00120121 10
0.979791 0.690037 2
0.928745 0.0650464 5
0.921571 0.0296901 6
0.910571 0.0059994 8
0.897459 0.000497893 11
0.954579 0.316829 3
0.935369 0.074081 5
0.900961 0.00113633 10
0.993365 1 1
0.927946 0.239597 3
0.924816 0.234657 3
0.942156 0.505629 2
0.97414 1 1
0.944371 0.510574 2
0.948222 0.520186 2
0.933475 0.249786 3
0.927787 0.239333 3
0.969308 1 1
0.916881 0.109266 4
0.904904 0.0471814 5
0.966662 1 1
0.952259 0.531873 2
0.919329 0.111765 4
0.957454 0.549874 2
0.934302 0.251495 3
0.89736 0.0096646 7
0.947114 0.517277 2
0.951433 0.529334 2
0.939853 0.264475 3
0.966426 0.591314 2
0.916727 0.109116 4
0.89297 0.00909814 7
0.971518 1 1
0.883344 0.00167805 9
0.87235 0.000127049 12
0.968109 0.600928 2
0.974518 1 1
0.888565 0.00396255 8
0.950145 0.297603 3
0.890275 0.000880619 10
0.926524 0.120553 4
0.992746 1 1
0.924605 0.0606026 5
0.900654 0.00485297 8
0.919077 0.0557565 5
0.957496 0.550037 2
0.895738 0.00209843 9
0.931254 0.127815 4
0.880338 6.88692e-05 13
0.867754 2.01898e-06 17
0.979106 0.683516 2
0.970307 0.614541 2
0.876718 2.85585e-05 14
0.976915 1 1
0.923445 0.232652 3
0.918481 0.110874 4
0.957465 0.549917 2
0.958331 0.553296 2
0.935207 0.253429 3
0.950811 0.527472 2
0.936111 0.255426 3
0.910583 0.0500977 5
0.96661 0.592333 2
0.898747 0.0208967 6
0.886785 0.00386144 8
0.983536 1 1
0.972045 1 1
0.900621 0.0213665 6
0.967048 0.594786 2
0.893008 0.00198778 9
0.962637 0.571957 2
0.940285 0.26561 3
0.942685 0.272266 3
0.911089 0.0246629 6
0.910938 0.0246057 6
0.9603 0.561427 2
0.945403 0.280616 3
0.931195 0.127717 4
0.92778 0.122351 4
0.914369 0.0260041 6
0.951652 0.303741 3
0.931623 0.128443 4
0.919226 0.0558728 5
0.909628 0.0495661 5
0.876164 0.000676684 10
0.911325 0.0505232 5
0.864616 4.83414e-05 13
0.914048 0.106627 4
0.896234 0.0203108 6
0.873645 0.000290811 11
0.885851 0.00381071 8
0.970733 1 1
0.891258 0.00889925 7
0.988792 1 1
0.99351 1 1
0.880836 0.00161362 9
0.864322 4.80591e-05 13
0.970902 1 1
0.950488 0.526523 2
0.914149 0.0522539 5
0.922184 0.114972 4
0.898569 0.0208537 6
0.958348 0.553364 2
0.935685 0.254476 3
0.915651 0.108089 4
0.90898 0.0492155 5
0.966489 0.591662 2
0.934533 0.251983 3
0.964032 0.578737 2
0.952967 0.534116 2
0.918872 0.111282 4
0.903413 0.0221254 6
0.968521 0.603382 2
0.910082 0.0498164 5
0.839582 1.0255e-09 25
0.973965 1 1
0.914208 0.106769 4
0.886186 0.00382876 8
0.856467 3.39545e-06 16
0.858426 3.55921e-06 16
0.957728 0.550932 2
0.914811 0.107313 4
0.876617 0.00068176 10
0.896289 0.0203231 6
0.885181 0.0037753 8
0.908566 0.0489959 5
0.891717 0.00895142 7
0.879283 0.00157626 9
0.930194 0.126067 4
0.864934 1.85906e-06 17
0.973773 0.638711 2
0.905739 0.0228183 6
0.913854 0.0520645 5
0.884455 0.000360289 11
0.87715 6.36218e-05 13
0.940513 0.266214 3
0.960348 0.561633 2
0.897263 0.00456014 8
0.94112 0.267853 3
0.929424 0.124842 4
0.9128 0.0253399 6
0.893571 0.0020096 9
0.92236 0.11518 4
0.981011 0.702128 2
0.907079 0.00272978 9
0.947921 0.168669 4
0.939444 0.144264 4
0.957546 0.331858 3
0.925473 0.0322379 6
0.924279 0.0314094 6
0.948569 0.291586 3
0.945167 0.159717 4
0.945168 0.159718 4
0.930107 0.0666925 5
0.916904 0.0137918 7
0.956863 0.328225 3
0.937628 0.140112 4
0.925818 0.032486 6
0.929221 0.0351616 6
0.888662 1.91524e-05 15
0.897245 0.000237922 12
0.972969 0.632786 2
0.910051 0.00295901 9
0.893538 0.000101061 13
0.919982 0.0148304 7
0.928785 0.0347944 6
0.869962 8.07301e-09 24
0.924359 0.0165992 7
0.856243 1.37631e-11 0
0.844287 7.48595e-12 0
0.961114 0.352647 3
0.974525 0.644429 2
0.855535 1.32433e-11 0
0.932872 0.0703554 5
0.977841 0.671955 2
0.873011 1.00012e-07 21
0.888859 4.09721e-05 14
0.960657 0.349805 3
0.992405 1 1
0.958217 0.335529 3
0.875595 2.45154e-07 20
0.902232 0.00117608 10
0.959031 0.340124 3
0.903719 0.00122583 10
0.897725 0.000241599 12
0.912929 0.0063574 8
0.90979 0.00293753 9
0.920785 0.0151274 7
0.963349 0.575369 2
0.888739 0.000852723 10
0.965842 0.588132 2
0.944338 0.277234 3
0.937513 0.13986 4
0.906215 0.0111296 7
0.907979 0.0114885 7
0.967089 0.595021 2
0.940066 0.265031 3
0.92773 0.122277 4
0.922096 0.0582657 5
0.908779 0.0116601 7
0.952942 0.309308 3
0.932915 0.130713 4
0.912942 0.0253986 6
0.963089 0.36561 3
0.88966 8.93608e-05 13
0.953782 0.3131 3
0.962872 0.364134 3
0.934387 0.0725649 5
0.904787 0.00257431 9
0.913139 0.00639128 8
0.974209 0.642003 2
0.922553 0.030289 6
0.930941 0.0677506 5
0.905529 0.0026228 9
0.892446 9.75249e-05 13
0.967457 0.597121 2
0.948026 0.169034 4
0.898622 0.000514801 11
0.931127 0.036861 6
0.861018 9.15828e-11 29
0.954474 0.316329 3
0.956297 0.325299 3
0.903367 0.00121374 10
0.874945 1.08787e-07 21
0.885584 8.02079e-06 16
0.989315 0.803503 2
0.902831 0.000585022 11
0.90135 0.000558551 11
0.884594 7.73227e-06 16
0.872007 4.3403e-08 22
0.943496 0.154797 4
0.929499 0.0353999 6
0.874021 1.04467e-07 21
0.953273 0.535106 2
0.879564 0.000716742 10
0.96464 0.581813 2
0.955279 0.54189 2
0.92542 0.119044 4
0.895315 0.00938999 7
0.90191 0.0217075 6
0.983853 1 1
0.924292 0.117568 4
0.919975 0.112462 4
0.90618 0.0477883 5
0.893133 0.00911771 7
0.955487 0.542625 2
0.936829 0.257063 3
0.896691 0.00957253 7
0.952876 0.533826 2
0.878821 0.00347286 8
0.973625 1 1
0.944639 0.511198 2
0.926659 0.237501 3
0.895802 0.0434908 5
0.898902 0.0446364 5
0.976543 1 1
0.934132 0.490609 2
0.917995 0.225518 3
0.91547 0.107919 4
0.902374 0.04605 5
0.947943 0.51944 2
0.928578 0.240662 3
0.9045 0.0993195 4
0.943556 0.274843 3
0.884491 0.000783901 10
0.924774 0.11819 4
0.996588 1 1
0.918062 0.0549785 5
0.894446 0.0043451 8
0.913496 0.0518373 5
0.957656 0.550651 2
0.890945 0.00191187 9
0.924971 0.118449 4
0.875267 6.08343e-05 13
0.862705 7.70269e-07 18
0.972371 0.628507 2
0.96639 0.591112 2
0.871089 2.47587e-05 14
0.951892 0.183707 4
0.947772 0.168154 4
0.898596 0.000248532 12
0.899561 0.00052917 11
0.978923 0.681798 2
0.970041 0.612823 2
0.943951 0.156099 4
0.895725 0.000108787 13
0.932131 0.0693286 5
0.958589 0.337609 3
0.932296 0.0695545 5
0.924534 0.0315827 6
0.923576 0.0162545 7
0.913833 0.00650567 8
0.946791 0.16486 4
0.900035 0.0005367 11
0.83199 4.29615e-12 0
0.966646 0.391951 3
0.895957 0.000228475 12
0.879117 1.34657e-06 18
0.849861 9.84106e-12 0
0.847874 8.90989e-12 0
0.938549 0.0794905 5
0.919893 0.014798 7
0.866665 3.09623e-09 25
0.90262 0.0011887 10
0.892896 9.89554e-05 13
0.893352 0.000100443 13
0.875799 2.47268e-07 20
0.883133 3.40448e-06 17
0.914185 0.106749 4
0.843095 2.72513e-09 24
0.969787 1 1
0.925089 0.235066 3
0.888703 0.00397066 8
0.859121 3.62013e-06 16
0.863836 2.09584e-05 14
0.968226 0.60162 2
0.909083 0.049271 5
0.881351 0.00162641 9
0.890341 0.00879707 7
0.878686 0.000705953 10
0.916841 0.109226 4
0.900868 0.0214308 6
0.875026 0.000298245 11
0.957001 0.548154 2
0.920167 0.112672 4
0.92179 0.114508 4
0.90389 0.0222626 6
0.966023 0.589108 2
0.941832 0.269825 3
0.922893 0.115822 4
0.911551 0.0506554 5
0.960209 0.561037 2
0.942068 0.270491 3
0.956331 0.545665 2
0.945367 0.280499 3
0.925034 0.118532 4
0.91001 0.0242593 6
0.961983 0.568908 2
0.9231 0.232162 3
0.852224 1.3285e-06 17
0.961036 0.564638 2
0.943026 0.507524 2
0.895995 0.0202575 6
0.866981 0.000114587 12
0.875385 0.000668112 10
0.983266 1 1
0.904073 0.0467998 5
0.891846 0.00896629 7
0.885449 0.00378935 8
0.873164 0.000644822 10
0.931628 0.246152 3
0.916941 0.109324 4
0.872849 0.000641643 10
0.919041 0.11146 4
0.873296 0.000129495 12
0.931305 0.24554 3
0.878196 0.000316725 11
0.916853 0.109239 4
0.893845 0.0092043 7
0.875838 0.00030278 11
0.903493 0.0221483 6
0.986126 1 1
0.894936 0.00934124 7
0.981303 1 1
0.971799 1 1
0.89222 0.00419065 8
0.874441 0.000132567 12
0.95739 0.549632 2
0.993188 1 1
0.916164 0.0135637 7
0.936277 0.137225 4
0.947871 0.289042 3
0.963605 0.576622 2
0.932811 0.0702705 5
0.936791 0.138303 4
0.945036 0.159317 4
0.932035 0.0691988 5
0.957193 0.329965 3
0.918734 0.0280991 6
0.906068 0.00541599 8
0.969391 0.608712 2
0.951144 0.301628 3
0.917742 0.0275879 6
0.919842 0.0147797 7
0.867352 3.20135e-09 25
0.942844 0.152973 4
0.883625 3.4701e-06 17
0.913133 0.0063903 8
0.887769 1.85457e-05 15
0.872816 9.91821e-08 21
0.912515 0.0062915 8
0.981093 0.702965 2
0.892444 9.7517e-05 13
0.967708 0.400639 3
0.958081 0.334775 3
0.895447 0.000224907 12
0.877023 5.68697e-07 19
0.94478 0.158544 4
0.958654 0.554588 2
0.961038 0.564644 2
0.894766 0.00931954 7
0.913302 0.0517159 5
0.984196 1 1
0.979531 1 1
0.968004 0.600309 2
0.899951 0.0211951 6
0.915205 0.0529493 5
0.982394 1 1
0.911683 0.0507332 5
0.902754 0.0219394 6
0.938169 0.26024 3
0.93267 0.248171 3
0.923419 0.116467 4
0.970373 0.614964 2
0.912061 0.0124296 7
0.938955 0.143113 4
0.920266 0.0289332 6
0.963381 0.575525 2
0.932647 0.0700399 5
0.922309 0.030138 6
0.930754 0.0675089 5
0.959991 0.345755 3
0.9433 0.154244 4
0.947858 0.288995 3
0.934857 0.134362 4
0.939559 0.144538 4
0.922173 0.0300541 6
0.945589 0.161017 4
0.958616 0.337762 3
0.933425 0.131644 4
0.91199 0.012412 7
0.904431 0.00523163 8
0.976898 0.663727 2
0.955409 0.32084 3
0.934496 0.133661 4
0.906074 0.00541668 8
0.946627 0.28469 3
0.952581 0.307718 3
0.944573 0.277968 3
0.935091 0.134823 4
0.92736 0.0634707 5
0.914541 0.0130899 7
0.955066 0.319168 3
0.93129 0.245512 3
0.989912 1 1
0.867993 5.17971e-05 13
0.895002 0.00934964 7
0.954526 0.539282 2
0.982122 1 1
0.974132 1 1
0.875471 0.000300714 11
0.889568 0.00402225 8
0.964889 0.583099 2
0.888734 0.00397245 8
0.881751 0.00074508 10
0.918234 0.11062 4
0.919233 0.111663 4
0.903854 0.0222523 6
0.935804 0.254739 3
0.972513 1 1
0.876817 0.00152058 9
0.890075 0.00876804 7
0.964205 1 1
0.991409 1 1
0.955879 0.544023 2
0.878388 0.00155556 9
0.907185 0.0482849 5
0.959467 0.557909 2
0.908773 0.102326 4
0.902694 0.0461883 5
0.914289 0.106842 4
0.910011 0.103271 4
0.925828 0.236196 3
0.965066 0.584019 2
0.951911 0.530793 2
0.898509 0.00982798 7
0.929727 0.242659 3
0.974004 1 1
0.962933 0.573361 2
0.975963 1 1
0.909859 0.0496932 5
0.907368 0.0483771 5
0.996401 1 1
0.900497 0.0213346 6
0.89031 0.00406783 8
0.954504 0.539203 2
0.95172 0.530207 2
0.908787 0.0491127 5
0.949136 0.293708 3
0.894842 0.000975118 10
0.944422 0.277496 3
0.905117 0.00530734 8
0.943371 0.274286 3
0.915724 0.0266131 6
0.901938 0.00497495 8
0.925032 0.061025 5
0.981783 1 1
0.922242 0.0583954 5
0.965377 0.585651 2
0.951431 0.302815 3
0.921097 0.0574009 5
0.90299 0.00507992 8
0.954241 0.31523 3
0.912448 0.0251971 6
0.87267 1.15759e-05 15
0.888156 0.00039171 11
0.96184 0.568252 2
0.89276 0.000929735 10
0.876691 2.85387e-05 14
0.903534 0.0106314 7
0.921458 0.0577095 5
0.856089 1.00696e-08 23
0.906818 0.0112493 7
0.841883 6.68432e-12 0
0.829977 3.94172e-12 0
0.943988 0.276153 3
0.955939 0.544241 2
0.840173 6.17654e-12 0
0.927369 0.238645 3
0.857094 1.50198e-06 17
0.95598 0.54439 2
0.951521 0.5296 2
0.899802 0.0211576 6
0.871228 0.000124255 12
0.881275 0.00162452 9
0.98728 1 1
0.902167 0.0217777 6
0.897185 0.00964033 7
0.88378 0.0016898 9
0.871301 0.000124433 12
0.938729 0.261619 3
0.924716 0.118115 4
0.872486 0.000127396 12
0.935556 0.25419 3
0.869536 5.35154e-05 13
0.939025 0.262358 3
0.974403 1 1
0.908018 0.0487095 5
0.881559 0.000742506 10
0.896456 0.00954073 7
0.975198 1 1
0.894873 0.00933319 7
0.910234 0.0499013 5
0.877622 0.000313222 11
0.864948 9.4907e-06 15
0.956093 0.544797 2
0.945365 0.280493 3
0.869935 5.39754e-05 13
0.926972 0.238002 3
0.868526 0.000266004 11
0.955897 0.54409 2
0.894295 0.0198897 6
0.916252 0.108657 4
0.888754 0.00862725 7
0.876901 0.00152241 9
0.924993 0.234921 3
0.975995 1 1
0.896946 0.020472 6
0.957811 0.551254 2
0.946573 0.5159 2
0.904686 0.0470803 5
0.8858 0.00833221 7
0.937033 0.495571 2
0.93996 0.501098 2
0.925034 0.234984 3
0.903324 0.046464 5
0.886888 0.00386715 8
0.958168 0.552649 2
0.946057 0.514614 2
0.919342 0.111778 4
0.892266 0.00901498 7
0.950146 0.525532 2
0.935096 0.253188 3
0.955298 0.541956 2
0.948905 0.522039 2
0.908913 0.0491799 5
0.896061 0.0202723 6
0.972268 1 1
0.955583 0.542965 2
0.964492 0.581059 2
0.890014 0.00404951 8
0.91677 0.0540329 5
0.974865 1 1
0.976243 1 1
0.979425 1 1
0.898621 0.00984429 7
0.905715 0.0228108 6
0.989623 1 1
0.901348 0.021557 6
0.892263 0.00419353 8
0.941261 0.26824 3
0.939022 0.262351 3
0.912516 0.0512314 5
0.916109 0.108521 4
0.869874 0.000613063 10
0.897503 0.0441068 5
0.969335 1 1
0.894232 0.0198765 6
0.875661 0.00149584 9
0.900406 0.0452303 5
0.931642 0.246178 3
0.862201 0.00010516 12
0.906098 0.1004 4
0.847237 5.04851e-07 18
0.835125 2.08676e-09 24
0.947398 0.518011 2
0.955066 0.541145 2
0.844159 1.99372e-07 19
0.900818 0.00113201 10
0.832984 4.48464e-12 0
0.967273 0.596067 2
0.895545 0.000225589 12
0.880211 3.04928e-06 17
0.850975 1.04156e-11 0
0.848564 9.22042e-12 0
0.938 0.078499 5
0.921917 0.0298982 6
0.867446 1.5977e-08 23
0.904697 0.00126065 10
0.895017 0.000221971 12
0.893471 0.000211928 12
0.875783 5.41325e-07 19
0.885066 1.68793e-05 15
37 1 5 7 9 12 13 15 16 17 18 21 23 24 25 26 27 28 31 32 33 34 35 36 38 39 41 42 43 44 46 51 52 53 54 55 58 59 
58 0 1 2 3 4 5 6 7 8 9 10 11 12 13 14 15 16 17 18 19 20 21 22 23 24 25 26 27 28 29 30 31 32 33 34 35 36 37 39 40 41 42 43 44 45 46 47 48 49 50 51 52 53 54 55 56 57 58 
11 5 12 16 24 26 27 38 42 44 55 59 
38 1 2 5 7 10 12 13 15 16 18 21 23 24 25 26 27 28 31 32 33 34 35 36 38 39 40 41 42 43 44 46 47 51 53 54 55 56 59 
37 1 2 3 5 10 12 15 16 18 19 23 24 25 26 27 28 31 32 33 34 35 37 38 39 40 41 42 43 44 46 47 51 53 54 55 56 59 
46 1 2 3 5 6 7 8 10 12 13 15 16 17 18 19 21 22 23 24 25 26 27 28 30 31 32 33 34 35 36 37 39 40 41 42 43 44 45 46 47 49 51 53 54 55 56 
53 1 2 3 4 5 6 7 8 9 10 12 13 14 15 16 17 18 19 20 21 22 23 24 25 26 27 28 29 31 32 33 34 35 36 37 39 40 41 42 43 44 45 46 47 50 51 52 53 54 55 56 57 58 
19 1 5 10 12 15 16 24 26 27 35 38 39 41 42 44 51 53 55 59 
12 5 12 16 24 26 27 38 39 42 44 55 59 
53 1 2 3 4 5 6 7 8 9 10 12 13 14 15 16 17 18 19 20 21 22 23 24 25 26 27 28 29 31 32 33 34 35 36 37 38 39 40 41 42 43 44 46 47 50 51 52 53 54 55 56 58 59 
14 1 5 12 16 24 26 27 38 39 41 42 44 55 59 
12 5 12 16 24 26 27 38 39 42 44 55 59 
37 1 5 7 9 12 13 15 16 17 18 21 23 24 25 26 27 28 31 32 33 34 35 36 38 39 40 41 42 43 44 46 51 53 54 55 58 59 
50 1 2 3 4 5 6 7 8 9 10 12 13 14 15 16 17 18 19 21 22 23 24 25 26 27 28 31 32 33 34 35 36 37 38 39 40 41 42 43 44 45 46 47 51 53 54 55 56 58 59 
13 5 12 15 16 24 26 27 38 39 42 44 55 59 
