60 15 1e+07
2.70071 111337
2.06118 130898
2.52515 143595
1.96343 154583
2.68413 172718
1.30088 181710
1.17403 191020
2.47666 103105
1.89448 139654
1.54688 108151
1.13949 127702
2.99048 192063
2.45354 175346
1.91115 187865
1.77724 191604
1.30818 100016
1.55081 163863
2.28932 110015
1.49674 200000
1.2499 164244
2.13295 136448
2.05419 146691
2.40458 124102
1.69328 199629
1.53437 189933
1.60014 102699
1.06896 121607
1.49566 124957
1.2842 127374
2.43046 185635
1.29754 109815
2.48182 176633
1.64159 161308
2.28261 129270
1.44497 153422
1.65802 110963
2.35333 106028
2.7587 163945
1.04402 125434
1.22106 196831
2.27983 149462
2.03603 139283
1.06431 140603
1.11503 173032
1.94345 111953
1.10398 105074
2.06253 119116
1.47439 147478
1.32447 123011
1.95894 129394
1.68871 147244
2.37172 141110
2.33986 154904
2.86989 103068
1.2444 128806
1.94368 139212
2.33657 139172
1.42999 130286
1.97587 199114
1.79992 175679
0.90432 0.00254467 9
0.894952 0.000464595 11
0.966811 0.593455 2
0.875282 1.16576e-06 18
0.951401 0.302691 3
0.920278 0.0289402 6
0.934601 0.0728896 5
0.958025 0.334467 3
0.942845 0.152976 4
0.871755 2.0973e-07 20
0.92714 0.0632296 5
0.893038 0.000209247 12
0.92922 0.0656093 5
0.969335 0.608367 2
0.941604 0.149646 4
0.87962 0.000717444 10
0.899985 0.0212038 6
0.861951 8.83726e-06 15
0.960238 0.561161 2
0.927917 0.239549 3
0.892871 0.00908639 7
0.948345 0.520514 2
0.878898 0.000708523 10
0.935867 0.254879 3
0.88564 0.00379947 8
0.951077 0.528263 2
0.88376 0.00168927 9
0.930473 0.244001 3
0.860808 8.60624e-06 15
0.934073 0.251015 3
0.864292 0.000109117 12
0.875066 0.00148345 9
0.880592 0.00355139 8
0.911046 0.104091 4
0.955711 0.543422 2
0.880779 0.00355995 8
0.953207 0.534891 2
0.886569 0.0084065 7
0.936888 0.495312 2
0.855532 1.76374e-05 14
0.973503 1 1
0.862599 0.000105895 12
0.977527 1 1
0.882539 0.00364257 8
0.932235 0.247319 3
0.95505 0.541088 2
0.984146 1 1
0.887734 0.000835388 10
0.938676 0.261486 3
0.905502 0.0109918 7
0.959009 0.556023 2
0.925785 0.119536 4
0.917137 0.0542969 5
0.936295 0.255841 3
0.966297 0.590603 2
0.90771 0.023454 6
0.965385 0.585694 2
0.886061 0.000808018 10
0.881778 0.000155798 12
0.940822 0.267043 3
0.901473 0.0456689 5
0.930344 0.243766 3
0.845012 8.7097e-08 20
0.969914 1 1
0.88522 0.00377733 8
0.905604 0.047511 5
0.909575 0.102934 4
0.870683 0.000275966 11
0.909886 0.103174 4
0.930314 0.243712 3
0.89899 0.0209561 6
0.913549 0.106187 4
0.875799 0.00149876 9
0.840717 5.9142e-09 23
0.91215 0.104995 4
0.961824 0.568182 2
0.971928 0.625404 2
0.91139 0.0505612 5
0.928372 0.123229 4
0.924307 0.117587 4
0.976273 1 1
0.940713 0.266749 3
0.940996 0.267515 3
0.955053 0.541097 2
0.946597 0.284587 3
0.921119 0.113736 4
0.961528 0.566838 2
0.901628 0.0103083 7
0.905487 0.0227403 6
0.960092 0.560539 2
0.944561 0.511016 2
0.973727 1 1
0.869446 0.000120032 12
0.935005 0.252992 3
0.886552 0.00384862 8
0.942283 0.505901 2
0.907595 0.0484925 5
0.898708 0.0208873 6
0.916526 0.108921 4
0.978601 1 1
0.89077 0.00884456 7
0.959605 0.558482 2
0.868764 0.000118481 12
0.863297 2.07142e-05 14
0.920778 0.113351 4
0.962213 0.359727 3
0.94946 0.174179 4
0.938955 0.0802398 5
0.901609 0.00056303 11
0.926742 0.0331704 6
0.979406 0.686348 2
0.933084 0.0706555 5
0.970639 0.616705 2
0.949995 0.176184 4
0.926063 0.0326644 6
0.914617 0.00663979 8
0.950395 0.177719 4
0.900865 0.000550315 11
0.931948 0.0690813 5
0.954109 0.314615 3
0.985495 1 1
0.954777 0.540141 2
0.913891 0.106488 4
0.885195 0.003776 8
0.88972 0.00872965 7
0.972418 1 1
0.898788 0.0209067 6
0.942637 0.50667 2
0.914661 0.107176 4
0.942269 0.505872 2
0.880239 0.00159903 9
0.970034 1 1
0.865194 4.89058e-05 13
0.905589 0.047504 5
0.919202 0.11163 4
0.899844 0.0450054 5
0.923559 0.232816 3
0.866462 0.000257061 11
0.984857 1 1
0.921044 0.229355 3
0.911071 0.104111 4
0.945921 0.514277 2
0.888157 0.0085655 7
0.940463 0.502105 2
0.910995 0.10405 4
0.938604 0.498468 2
0.906261 0.0478278 5
0.914794 0.107298 4
0.863746 0.00010806 12
0.940848 0.502887 2
0.880939 3.20858e-05 14
0.895926 0.00100047 10
0.879593 3.08866e-05 14
0.938425 0.141894 4
0.952085 0.305575 3
0.896555 0.00101577 10
0.966378 0.591046 2
0.892386 0.00043438 11
0.949799 0.296248 3
0.877626 1.33285e-05 15
0.9773 0.667195 2
0.881624 3.27258e-05 14
0.957584 0.332063 3
0.879609 3.09008e-05 14
0.946224 0.283327 3
0.963386 0.575547 2
0.940594 0.26643 3
0.943344 0.274207 3
0.885069 0.00036517 11
0.912098 0.0250567 6
0.971947 0.625537 2
0.915627 0.053235 5
0.973754 0.638568 2
0.932171 0.129391 4
0.920505 0.0569055 5
0.898034 0.00462328 8
0.947661 0.288292 3
0.886298 0.000811784 10
0.935004 0.252988 3
0.935934 0.25503 3
0.937815 0.259384 3
0.967422 0.596919 2
0.87481 2.71689e-05 14
0.953323 0.311012 3
0.901953 0.0049764 8
0.942008 0.270322 3
0.924692 0.0606884 5
0.902961 0.0105317 7
0.931644 0.128479 4
0.959115 0.556456 2
0.908497 0.011599 7
0.949247 0.294126 3
0.88558 0.000369335 11
0.869478 4.75283e-06 16
0.935457 0.135551 4
0.861914 1.26433e-08 23
0.872948 2.37317e-06 17
0.877982 1.34704e-05 15
0.91022 0.0119846 7
0.952815 0.308749 3
0.87831 1.36033e-05 15
0.950577 0.299326 3
0.883861 7.55851e-05 13
0.93421 0.133114 4
0.853626 1.43917e-10 28
0.970755 0.617466 2
0.860375 5.24354e-09 24
0.975154 0.649358 2
0.879977 1.43123e-05 15
0.929598 0.0660654 5
0.882293 7.11872e-06 16
0.90556 0.00262486 9
0.854301 1.23932e-11 0
0.975232 0.649981 2
0.914882 0.0131864 7
0.893681 0.000213245 12
0.937538 0.139914 4
0.873799 5.01302e-07 19
0.928268 0.064493 5
0.894155 0.000216277 12
0.936116 0.0752809 5
0.888551 4.0556e-05 14
0.914453 0.013065 7
0.852351 1.1183e-11 0
0.92761 0.0338413 6
0.925818 0.23618 3
0.906809 0.100897 4
0.981562 1 1
0.865837 0.000112204 12
0.920432 0.228556 3
0.937036 0.495578 2
0.912837 0.105573 4
0.983261 1 1
0.926727 0.237609 3
0.88565 0.00831794 7
0.899741 0.0449644 5
0.911109 0.104141 4
0.895807 0.0202158 6
0.97255 1 1
0.928238 0.240086 3
0.913933 0.106525 4
0.902799 0.0462337 5
0.972867 1 1
0.877379 0.00153289 9
0.946397 0.515459 2
0.929509 0.242274 3
0.933515 0.249867 3
0.969199 1 1
0.944321 0.510456 2
0.879658 0.00158511 9
0.923356 0.232525 3
0.901969 0.0458775 5
0.922288 0.231032 3
0.972155 1 1
0.944039 0.509806 2
0.875562 2.77027e-05 14
0.89925 0.00472685 8
0.84714 1.07526e-10 28
0.971186 0.620342 2
0.908206 0.0115366 7
0.886501 0.000377054 11
0.930143 0.125985 4
0.866366 8.62e-07 18
0.920501 0.056902 5
0.889017 0.000857644 10
0.929983 0.125728 4
0.882245 0.000157524 12
0.909331 0.0240141 6
0.845289 1.829e-11 30
0.919771 0.0563067 5
0.929198 0.24173 3
0.954216 0.538228 2
0.882239 0.001649 9
0.965579 0.586721 2
0.92013 0.112631 4
0.939089 0.26252 3
0.944419 0.510685 2
0.908194 0.048801 5
0.948683 0.521431 2
0.939147 0.262665 3
0.928917 0.241242 3
0.936383 0.256041 3
0.905201 0.0473205 5
0.877932 0.000696939 10
0.951685 0.530099 2
0.94656 0.515867 2
0.976996 1 1
0.875226 0.0006664 10
0.940258 0.501691 2
0.894515 0.0199363 6
0.946987 0.516952 2
0.915781 0.10821 4
0.904384 0.0469411 5
0.92472 0.234513 3
0.972645 1 1
0.898739 0.0208949 6
0.960072 0.560453 2
0.876588 0.000681429 10
0.869273 0.000269379 11
0.928969 0.241332 3
0.894173 0.00432547 8
0.908183 0.0236141 6
0.890942 0.00410756 8
0.941479 0.26884 3
0.96041 0.561903 2
0.910237 0.0499029 5
0.980346 1 1
0.905479 0.0227378 6
0.964221 0.579683 2
0.888624 0.00183343 9
0.981848 1 1
0.89426 0.00433167 8
0.956741 0.547182 2
0.890343 0.00406982 8
0.960768 0.563457 2
0.934601 0.133864 4
0.917373 0.0274031 6
0.971817 0.624636 2
0.876807 5.92317e-06 16
0.927615 0.0637535 5
0.947523 0.287804 3
0.922527 0.0302729 6
0.994977 1 1
0.937278 0.139347 4
0.895376 0.00098746 10
0.908145 0.00567016 8
0.920468 0.0290473 6
0.901983 0.00240569 9
0.964002 0.578587 2
0.939171 0.143618 4
0.97053 0.615993 2
0.975455 0.651764 2
0.91277 0.00633198 8
0.921221 0.0152932 7
0.918264 0.0142319 7
0.984309 0.738157 2
0.933143 0.0707399 5
0.943347 0.154375 4
0.948077 0.169212 4
0.950075 0.17649 4
0.913645 0.00647425 8
0.968769 0.604886 2
0.894984 0.000106067 13
0.906296 0.00132143 10
0.953094 0.309986 3
0.923855 0.0598785 5
0.908044 0.0115022 7
0.981093 1 1
0.872478 1.15155e-05 15
0.931396 0.128056 4
0.937328 0.139456 4
0.922633 0.0587462 5
0.983461 1 1
0.935914 0.136476 4
0.8858 0.00037115 11
0.910097 0.0242913 6
0.910181 0.0243223 6
0.906593 0.0112043 7
0.974464 0.643958 2
0.936953 0.138649 4
0.881536 6.93272e-06 16
0.883106 7.32674e-06 16
0.920777 0.0151243 7
0.891664 9.5114e-05 13
0.981375 0.705859 2
0.899023 0.00052085 11
0.95548 0.321193 3
0.919731 0.0147398 7
0.949543 0.295257 3
0.860506 4.54974e-10 27
0.96198 0.358198 3
0.875063 5.26291e-07 19
0.974827 0.646783 2
0.924039 0.0312483 6
0.945008 0.159232 4
0.942878 0.507198 2
0.965175 1 1
0.894119 0.0198528 6
0.950565 0.526749 2
0.923694 0.23301 3
0.953906 0.537188 2
0.945768 0.513902 2
0.921456 0.229903 3
0.954591 0.5395 2
0.945242 0.512629 2
0.927754 0.239278 3
0.948282 0.520347 2
0.905225 0.0473315 5
0.889243 0.00867869 7
0.958674 0.554666 2
0.905158 0.0109266 7
0.931799 0.128744 4
0.860561 3.17867e-07 19
0.991245 1 1
0.907806 0.0234862 6
0.91368 0.0257072 6
0.932792 0.130492 4
0.884566 0.00036116 11
0.930928 0.12727 4
0.923145 0.0592131 5
0.922948 0.0590325 5
0.914018 0.0521695 5
0.899196 0.00472213 8
0.857007 5.445e-08 21
0.932467 0.129912 4
0.957477 0.549964 2
0.952801 0.533584 2
0.932803 0.248434 3
0.912389 0.105195 4
0.934568 0.252056 3
0.976484 1 1
0.943729 0.509099 2
0.962535 0.571477 2
0.960722 0.563255 2
0.928108 0.239868 3
0.924591 0.234321 3
0.949209 0.522877 2
0.909095 0.102568 4
0.926787 0.237705 3
0.965219 1 1
0.959833 0.55944 2
0.964333 0.580251 2
0.919008 0.0557023 5
0.924059 0.060073 5
0.930184 0.12605 4
0.977178 0.666135 2
0.944589 0.278018 3
0.948411 0.291005 3
0.960172 0.560877 2
0.939074 0.262482 3
0.924845 0.118284 4
0.956374 0.545822 2
0.90646 0.0111779 7
0.913206 0.0255076 6
0.965235 0.584902 2
0.962163 0.569742 2
0.990153 1 1
0.88282 0.00365619 8
0.92451 0.234201 3
0.891567 0.00893432 7
0.958232 0.552902 2
0.910311 0.103506 4
0.912852 0.105587 4
0.921848 0.230432 3
0.982567 1 1
0.892164 0.00900316 7
0.977229 1 1
0.871365 0.00027926 11
0.876159 0.0015064 9
0.926527 0.237291 3
0.919901 0.112381 4
0.949097 0.522567 2
0.851317 5.6057e-07 18
0.947783 0.519017 2
0.878973 0.00156905 9
0.919687 0.112149 4
0.902105 0.045935 5
0.879188 0.00157404 9
0.907071 0.0482277 5
0.955792 0.543712 2
0.887978 0.0085472 7
0.93427 0.251428 3
0.865076 4.87899e-05 13
0.84592 3.82485e-08 21
0.910499 0.103654 4
0.979791 1 1
0.982305 1 1
0.892378 0.00902813 7
0.90756 0.0484746 5
0.8886 0.00861123 7
0.968117 1 1
0.904005 0.0467687 5
0.922664 0.231552 3
0.917742 0.11012 4
0.973616 1 1
0.885258 0.00377931 8
0.997004 1 1
0.86636 0.000113282 12
0.884987 0.00376515 8
0.922597 0.231458 3
0.866743 8.7236e-07 18
0.878835 6.63052e-05 13
0.878308 6.54465e-05 13
0.91777 0.0547609 5
0.953683 0.312649 3
0.882985 0.000160327 12
0.955558 0.542877 2
0.886054 0.000373274 11
0.938715 0.261583 3
0.859773 5.99038e-08 21
0.97508 0.648775 2
0.865785 8.46412e-07 18
0.971727 0.624019 2
0.879781 6.78999e-05 13
0.93427 0.133228 4
0.896191 0.00100686 10
0.902541 0.00503455 8
0.913878 0.0257917 6
0.916261 0.0268645 6
0.989834 1 1
0.913824 0.0257684 6
0.981759 0.70986 2
0.922737 0.0588396 5
0.97119 0.620365 2
0.880268 3.14785e-05 14
0.982922 1 1
0.89211 0.000431348 11
0.971898 0.625196 2
0.914545 0.0260811 6
0.966082 0.589427 2
0.90313 0.0463786 5
0.921899 0.230501 3
0.88304 0.00366693 8
0.962264 0.570208 2
0.942758 0.506933 2
0.917363 0.109741 4
0.967904 1 1
0.902363 0.0460452 5
0.95951 0.558088 2
0.904464 0.0469779 5
0.960133 0.560714 2
0.906093 0.0477464 5
0.93538 0.253804 3
0.881046 0.00357219 8
0.9586 0.554371 2
0.941217 0.503648 2
0.971447 1 1
0.87406 0.00146296 9
0.947421 0.51807 2
0.897683 0.0441737 5
0.943577 0.508754 2
0.919812 0.22776 3
0.902708 0.0461941 5
0.927624 0.239063 3
0.965483 1 1
0.903278 0.0985256 4
0.953753 0.53668 2
0.880678 0.00787619 7
0.868436 0.000600099 10
0.931639 0.486703 2
0.921666 0.0154665 7
0.903149 0.000590971 11
0.986096 0.759898 2
0.86385 5.37638e-10 27
0.921153 0.0152673 7
0.933136 0.0707296 5
0.912308 0.00315735 9
0.979634 0.688518 2
0.925682 0.032388 6
0.881885 1.5034e-06 18
0.899885 0.000534293 11
0.907113 0.00135443 10
0.896939 0.000235616 12
0.977046 0.665 2
0.926917 0.0333033 6
0.979381 1 1
0.983906 1 1
0.905875 0.0476407 5
0.916512 0.108907 4
0.906715 0.0480508 5
0.983266 1 1
0.921769 0.230324 3
0.936732 0.256838 3
0.936238 0.255713 3
0.96006 0.560403 2
0.902546 0.0461243 5
0.981093 1 1
0.883797 0.00370442 8
0.898916 0.020938 6
0.941195 0.503602 2
0.907661 0.0114217 7
0.936116 0.13689 4
0.854552 9.50907e-09 23
0.978278 0.675873 2
0.896043 0.00211157 9
0.913483 0.0256238 6
0.920679 0.0570499 5
0.880007 6.82898e-05 13
0.921011 0.0573281 5
0.932035 0.129154 4
0.909554 0.024094 6
0.918583 0.055374 5
0.886025 0.000373024 11
0.850396 6.6211e-10 26
0.923229 0.0592906 5
0.913399 0.0517766 5
0.922052 0.114815 4
0.914161 0.0522616 5
0.93063 0.244288 3
0.971997 1 1
0.930916 0.244816 3
0.992119 1 1
0.930329 0.243739 3
0.989985 1 1
0.899543 0.0210927 6
0.97189 1 1
0.910601 0.0501082 5
0.95184 0.530576 2
0.912738 0.0513669 5
0.98529 1 1
0.929886 0.0664191 5
0.959827 0.34478 3
0.864463 2.78818e-09 25
0.953864 0.313479 3
0.892558 9.7878e-05 13
0.932105 0.0692939 5
0.915679 0.00682979 8
0.892436 9.74918e-05 13
0.921438 0.0153771 7
0.958624 0.337803 3
0.900559 0.000545227 11
0.942857 0.153007 4
0.877517 1.26648e-06 18
0.859144 8.29278e-11 29
0.925015 0.0319151 6
0.947972 0.168846 4
0.971966 0.62567 2
0.893043 9.94303e-05 13
0.94672 0.164628 4
0.918153 0.0141949 7
0.957299 0.330532 3
0.939461 0.0811954 5
0.921285 0.0153181 7
0.94918 0.173147 4
0.951989 0.305165 3
0.921307 0.0153264 7
0.954553 0.316702 3
0.899147 0.000522755 11
0.887759 1.85394e-05 15
0.953512 0.311866 3
0.878726 0.00346872 8
0.893636 0.0197522 6
0.878282 0.00344972 8
0.936773 0.495108 2
0.951243 0.528759 2
0.894341 0.0198994 6
0.964421 1 1
0.890638 0.0191598 6
0.947731 0.51888 2
0.875416 0.00149071 9
0.976576 1 1
0.879372 0.00349687 8
0.958222 0.552865 2
0.878437 0.00345631 8
0.944084 0.509909 2
0.895413 0.0020846 9
0.892409 0.00196507 9
0.94235 0.271297 3
0.887192 0.000826318 10
0.973765 0.63865 2
0.912758 0.0253229 6
0.951191 0.301821 3
0.939957 0.264746 3
0.953374 0.535436 2
0.869067 4.69805e-06 16
0.948509 0.291365 3
0.886828 0.00082034 10
0.953324 0.535272 2
0.945187 0.279921 3
0.950174 0.297721 3
0.911026 0.104074 4
0.89996 0.0211975 6
0.9732 1 1
0.875489 0.00066925 10
0.946322 0.515271 2
0.926534 0.237301 3
0.932349 0.24754 3
0.966481 1 1
0.942559 0.506498 2
0.87687 0.000684632 10
0.922901 0.231882 3
0.899082 0.0209786 6
0.922801 0.231743 3
0.973524 1 1
0.942064 0.505431 2
0.933252 0.249334 3
0.922736 0.115632 4
0.960766 0.563448 2
0.891442 0.00892005 7
0.945201 0.51253 2
0.949799 0.524537 2
0.94094 0.267362 3
0.980538 1 1
0.955595 0.543005 2
0.899111 0.0209858 6
0.926213 0.236796 3
0.921665 0.114363 4
0.918667 0.111068 4
0.956004 0.544476 2
0.957065 0.548396 2
0.902883 0.0105183 7
0.886379 0.000813081 10
0.992627 1 1
0.854219 9.39311e-09 23
0.922124 0.0582904 5
0.915187 0.0529369 5
0.908 0.0235518 6
0.960962 0.564311 2
0.918719 0.0554788 5
0.864823 1.85316e-06 17
0.898916 0.00469791 8
0.889009 0.000857496 10
0.900656 0.0101525 7
0.997914 1 1
0.918779 0.0555248 5
0.957086 0.329397 3
0.932188 0.129421 4
0.946969 0.285866 3
0.876088 5.78962e-06 16
0.906456 0.00546168 8
0.962726 0.572379 2
0.908091 0.00566321 8
0.973724 0.638343 2
0.924365 0.0603681 5
0.913426 0.0127839 7
0.891145 0.000421016 11
0.940816 0.147624 4
0.88079 3.19495e-05 14
0.938209 0.141405 4
0.927841 0.0640068 5
0.952788 0.533545 2
0.971428 1 1
0.901862 0.045832 5
0.939882 0.500942 2
0.923735 0.233069 3
0.964732 1 1
0.943386 0.508325 2
0.930363 0.243801 3
0.955173 0.541517 2
0.948185 0.520085 2
0.924332 0.233939 3
0.956374 0.545822 2
0.903091 0.0463615 5
0.896477 0.0437315 5
0.959884 0.559655 2
0.879609 1.4151e-05 15
0.894721 0.000972377 10
0.87829 1.35952e-05 15
0.938115 0.141194 4
0.950894 0.300604 3
0.895168 0.000982622 10
0.964833 0.582809 2
0.890965 0.000419139 11
0.948268 0.290483 3
0.876566 5.8779e-06 16
0.976154 0.657473 2
0.880374 3.15732e-05 14
0.957163 0.329807 3
0.878351 1.36201e-05 15
0.944702 0.278374 3
0.903439 0.0051262 8
0.894059 0.000957575 10
0.966705 0.592863 2
0.874608 5.5289e-06 16
0.951151 0.301659 3
0.919366 0.0559836 5
0.93406 0.132829 4
0.957231 0.549025 2
0.942127 0.270661 3
0.870884 2.22197e-06 17
0.926829 0.062891 5
0.892151 0.000917205 10
0.929229 0.124538 4
0.969501 0.6094 2
0.940838 0.267087 3
0.927742 0.0339461 6
0.911566 0.00614549 8
0.977791 0.671513 2
0.874409 2.33373e-07 20
0.930572 0.0672776 5
0.941124 0.148406 4
0.923138 0.0306592 6
0.987619 0.779785 2
0.936984 0.0767293 5
0.889357 4.16595e-05 14
0.909899 0.00294648 9
0.913949 0.00652531 8
0.905388 0.00128633 10
0.970653 0.616799 2
0.938322 0.079077 5
0.911042 0.0503595 5
0.921231 0.113864 4
0.909423 0.0494546 5
0.934487 0.251884 3
0.96975 0.610972 2
0.92823 0.240073 3
0.994965 1 1
0.925728 0.119458 4
0.985812 1 1
0.899261 0.0099387 7
0.974308 1 1
0.909046 0.0492508 5
0.952324 0.532078 2
0.90805 0.0487264 5
0.981826 1 1
0.907095 0.00135369 10
0.893268 0.000100165 13
0.984309 0.738157 2
0.865057 5.72129e-10 27
0.934934 0.073402 5
0.921148 0.0152655 7
0.920586 0.0150524 7
0.965269 0.381271 3
0.930966 0.0367113 6
0.87084 1.86273e-08 23
0.911494 0.00308322 9
0.894115 0.000103011 13
0.912636 0.00318821 9
0.985967 0.758272 2
0.930728 0.0364928 6
0.958899 0.555576 2
0.933825 0.250503 3
0.945329 0.512837 2
0.877112 0.000687396 10
0.906179 0.047788 5
0.964291 0.580036 2
0.908293 0.0488527 5
0.972566 1 1
0.92462 0.117991 4
0.915135 0.107609 4
0.891193 0.00889191 7
0.942588 0.506562 2
0.880515 0.000728796 10
0.936608 0.256554 3
0.92818 0.239989 3
0.868388 3.36903e-09 25
0.874345 1.05956e-07 21
0.898544 0.00024811 12
0.896833 0.000234829 12
0.969592 0.609971 2
0.885569 8.01656e-06 16
0.953184 0.310389 3
0.89981 0.000533113 11
0.940698 0.0836291 5
0.853038 1.15921e-11 0
0.969629 0.610208 2
0.864108 5.44773e-10 27
0.995393 1 1
0.901586 0.00056263 11
0.935749 0.0746867 5
0.92785 0.122454 4
0.936282 0.255812 3
0.917697 0.0547065 5
0.932778 0.130466 4
0.959445 0.557817 2
0.945448 0.280764 3
0.977222 1 1
0.938639 0.261394 3
0.992069 1 1
0.912956 0.0254043 6
0.956825 0.547493 2
0.925106 0.118627 4
0.937157 0.257826 3
0.914799 0.0526788 5
0.996068 1 1
0.881235 0.00358093 8
0.897912 0.0206968 6
0.87468 0.000660545 10
0.945403 0.513015 2
0.945197 0.512521 2
0.896241 0.0203124 6
0.962288 0.57032 2
0.888915 0.00864416 7
0.946822 0.51653 2
0.880611 0.00160808 9
0.969777 1 1
0.88295 0.00366251 8
0.949474 0.523618 2
0.874304 0.00065658 10
0.943806 0.509274 2
0.906416 0.0479034 5
0.896398 0.0203476 6
0.969445 1 1
0.875005 0.000664013 10
0.94939 0.523384 2
0.922197 0.230907 3
0.933516 0.24987 3
0.960843 0.563787 2
0.942453 0.506269 2
0.873243 0.00064562 10
0.925379 0.235507 3
0.894877 0.0200134 6
0.926761 0.237664 3
0.971404 1 1
0.941468 0.504172 2
0.931691 0.128559 4
0.938741 0.142618 4
0.920939 0.0572677 5
0.929974 0.125713 4
0.957407 0.331107 3
0.949557 0.295311 3
0.973 0.633007 2
0.942809 0.272626 3
0.989495 1 1
0.914973 0.0262713 6
0.952814 0.308742 3
0.9283 0.06453 5
0.934071 0.13285 4
0.9177 0.0275667 6
0.994734 1 1
44 1 2 3 4 5 6 7 9 10 12 13 14 17 18 19 20 22 24 25 26 27 28 29 30 31 32 33 34 35 37 38 39 40 41 42 43 45 48 49 52 55 56 57 59 
34 1 2 3 4 6 9 10 12 13 14 17 18 19 20 25 26 29 30 32 33 34 35 38 39 40 41 42 48 49 52 55 56 57 59 
58 0 1 2 3 4 5 6 7 8 9 10 11 12 13 15 16 17 18 19 20 21 22 23 24 25 26 27 28 29 30 31 32 33 34 35 36 37 38 39 40 41 42 43 44 45 47 48 49 50 51 52 53 54 55 56 57 58 59 
10 1 2 10 13 14 17 32 42 49 57 
23 1 2 4 9 10 13 14 17 18 20 26 30 32 33 34 38 39 40 42 49 52 55 57 
39 1 2 3 4 5 6 9 10 12 13 14 17 18 19 20 22 25 26 28 29 30 31 32 33 34 35 37 38 39 40 41 42 48 49 52 55 56 57 59 
29 1 2 3 4 6 9 10 12 13 14 17 18 19 20 25 26 29 30 32 34 35 38 40 41 42 48 49 52 57 
51 0 1 2 3 4 5 6 7 8 9 10 11 12 13 14 16 17 18 19 20 22 24 25 26 27 28 29 30 31 32 33 34 35 37 38 39 40 41 42 43 44 45 48 49 50 52 55 56 57 58 59 
32 1 2 3 4 5 6 9 10 12 13 14 17 18 19 20 25 26 29 30 32 34 35 38 39 40 41 42 48 49 52 56 57 
32 1 2 3 4 6 9 10 12 13 14 17 18 19 20 25 26 30 32 33 34 35 38 39 40 41 42 48 49 52 56 57 59 
20 1 2 4 9 10 12 13 14 17 18 20 26 30 32 34 38 40 42 49 57 
40 1 2 3 4 5 6 9 10 12 13 14 17 18 19 20 22 24 25 26 28 29 30 31 32 33 34 35 37 38 39 40 41 42 48 49 52 55 56 57 59 
38 1 2 3 4 5 6 9 10 12 13 14 17 18 19 20 22 25 26 28 29 30 31 32 33 34 35 37 38 39 40 41 42 48 49 52 56 57 59 
59 0 1 2 3 4 5 6 7 8 9 10 11 12 13 15 16 17 18 19 20 21 22 23 24 25 26 27 28 29 30 31 32 33 34 35 36 37 38 39 40 41 42 43 44 45 46 47 48 49 50 51 52 53 54 55 56 57 58 59 
31 1 2 4 6 9 10 12 13 14 17 18 19 20 24 25 26 30 32 33 34 35 38 39 40 41 42 49 52 55 56 57 
