70 15 1e+07
2.0169 196066
2.74338 148262
1.51395 178227
1.61937 125716
1.82031 153820
1.98874 199993
2.41924 172532
1.49383 146055
1.15379 187189
1.1703 158134
2.70391 137052
1.85385 138448
2.93804 142915
1.20555 190824
1.90564 104702
1.50046 119867
1.33013 116754
1.67033 153064
2.07724 139711
1.445 151176
2.71964 175870
2.24615 175525
1.59323 172887
2.168 170303
1.85275 102785
1.56766 198451
2.92834 169896
1.50873 120889
1.75229 133057
1.77083 131039
1.27248 164212
2.65674 186272
1.38414 164176
1.67513 179011
2.54952 131041
1.38964 140154
1.46461 160920
2.16502 131929
1.66388 144716
2.73122 191984
2.02025 105836
1.12786 189014
1.81175 117657
1.3019 143645
2.18289 114348
1.87032 152856
1.30132 140304
2.95842 153385
1.28074 128643
1.13532 172481
1.35887 192800
1.76094 161376
2.52999 148634
2.04598 104489
1.40146 180378
2.27905 120431
1.98556 184884
1.48009 142133
1.50108 120652
1.19175 164045
2.56671 188878
1.30235 167472
2.92242 130572
1.99115 126769
2.12919 165027
1.40095 150785
2.2726 144447
1.12186 111468
2.11601 172379
1.86501 118214
0.862271 0.000105288 12
0.920985 0.229278 3
0.948905 0.522039 2
0.886389 0.00838901 7
0.870784 0.000621549 10
0.938356 0.498002 2
0.836152 5.11853e-09 23
0.884958 0.00825276 7
0.879292 0.00349334 8
0.915819 0.108247 4
0.881497 0.00359314 8
0.870097 0.000615125 10
0.841099 7.81513e-08 20
0.879793 0.00351546 8
0.866616 0.000257713 11
0.889567 0.000189717 12
0.925658 0.0616597 5
0.963104 0.574185 2
0.910344 0.00596692 8
0.902018 0.00240761 9
0.945647 0.161199 4
0.865785 3.32996e-08 22
0.893692 0.000449306 11
0.878805 6.32024e-06 16
0.921644 0.0297333 6
0.89085 0.000196561 12
0.900432 0.00112049 10
0.869109 1.89385e-07 20
0.912016 0.0124184 7
0.894123 0.000454433 11
0.955916 0.544155 2
0.953273 0.535107 2
0.936504 0.256317 3
0.983241 1 1
0.945725 0.513798 2
0.945149 0.279797 3
0.92183 0.114556 4
0.964926 0.583289 2
0.933559 0.249956 3
0.957366 0.549538 2
0.965153 0.584473 2
0.949597 0.523965 2
0.933018 0.248863 3
0.946104 0.514728 2
0.958815 0.555234 2
0.967911 0.59976 2
0.918491 0.0553033 5
0.925632 0.119329 4
0.966333 0.590801 2
0.986236 1 1
0.922627 0.1155 4
0.946649 0.284766 3
0.91727 0.054393 5
0.887899 0.0018103 9
0.920048 0.112541 4
0.917383 0.054476 5
0.984201 1 1
0.949527 0.523769 2
0.994977 1 1
0.97215 0.626952 2
0.887826 0.00853171 7
0.875778 0.00149832 9
0.906465 0.100655 4
0.892442 0.01951 6
0.9089 0.10242 4
0.8916 0.0193442 6
0.879446 0.00350011 8
0.855834 1.77434e-05 14
0.833578 8.33609e-10 25
0.873879 0.00145931 9
0.854384 7.46344e-06 15
0.904563 0.0470233 5
0.875954 0.00150203 9
0.918016 0.225543 3
0.891413 0.0193081 6
0.968889 0.605613 2
0.903531 0.00249608 9
0.910071 0.00592849 8
0.954397 0.315963 3
0.991872 1 1
0.906971 0.00272203 9
0.959654 0.343753 3
0.905593 0.00262706 9
0.876061 1.19949e-06 18
0.905354 0.00261123 9
0.906187 0.00266722 9
0.986654 1 1
0.958813 0.338876 3
0.987379 1 1
0.971063 0.619516 2
0.916089 0.0135408 7
0.981022 0.702243 2
0.978773 0.680404 2
0.944892 0.15888 4
0.917074 0.0138454 7
0.993093 1 1
0.884514 3.56688e-05 14
0.947003 0.165561 4
0.931441 0.0684028 5
0.977433 0.668356 2
0.94365 0.155233 4
0.918447 0.0142936 7
0.892814 0.000207884 12
0.923453 0.0308623 6
0.92021 0.0289015 6
0.979926 0.691343 2
0.921691 0.0297616 6
0.922704 0.0303834 6
0.975684 0.653619 2
0.985742 0.755451 2
0.92259 0.0303122 6
0.951877 0.304692 3
0.925828 0.0324937 6
0.895621 0.00047308 11
0.924041 0.0312497 6
0.926411 0.0329218 6
0.988973 1 1
0.957931 0.333952 3
0.983715 0.731282 2
0.984698 0.742742 2
0.901488 0.0102855 7
0.985888 1 1
0.965123 0.584317 2
0.930277 0.1262 4
0.899885 0.00478296 8
0.981952 1 1
0.869656 4.77691e-06 16
0.948246 0.290401 3
0.942492 0.271706 3
0.980446 1 1
0.94433 0.277208 3
0.901694 0.0103191 7
0.878818 6.62774e-05 13
0.905421 0.0109763 7
0.905193 0.0109333 7
0.913178 0.105866 4
0.931942 0.246752 3
0.96511 0.584248 2
0.931993 0.24685 3
0.926907 0.237897 3
0.949517 0.523741 2
0.889689 0.00402964 8
0.905976 0.0476895 5
0.885668 0.00380095 8
0.929344 0.241984 3
0.90371 0.046636 5
0.925121 0.235115 3
0.892756 0.00907274 7
0.937237 0.258013 3
0.917833 0.110212 4
0.884762 7.78023e-06 16
0.915638 0.00682224 8
0.952702 0.30825 3
0.903734 0.00122638 10
0.898723 0.000249565 12
0.935355 0.0740593 5
0.862786 2.26544e-10 28
0.88459 7.73096e-06 16
0.869243 7.79879e-09 24
0.911765 0.00310759 9
0.881869 3.24363e-06 17
0.896694 0.000233804 12
0.865196 1.28923e-09 26
0.908928 0.00286838 9
0.889269 1.95821e-05 15
0.979902 1 1
0.93148 0.245871 3
0.923992 0.117186 4
0.988743 1 1
0.968169 1 1
0.927927 0.239565 3
0.94495 0.511933 2
0.942033 0.505366 2
0.911072 0.0503768 5
0.934806 0.252563 3
0.943057 0.507592 2
0.972816 1 1
0.955323 0.542044 2
0.96532 0.585347 2
0.983394 1 1
0.876143 0.000304522 11
0.876826 0.000308483 11
0.910356 0.04997 5
0.884762 0.00171698 9
0.895841 0.00945873 7
0.894253 0.00925498 7
0.864465 9.38039e-06 15
0.852935 1.09757e-07 20
0.833078 4.50291e-12 0
0.874203 0.000131917 12
0.851066 4.4828e-08 21
0.891982 0.00417492 8
0.862268 3.91651e-06 16
0.905544 0.0227578 6
0.880029 0.00072259 10
0.97477 0.646335 2
0.925483 0.119128 4
0.910831 0.0245649 6
0.97386 0.639361 2
0.953872 0.537075 2
0.917622 0.0546514 5
0.944043 0.276322 3
0.946303 0.283593 3
0.916086 0.0535515 5
0.929765 0.12538 4
0.948561 0.291556 3
0.959073 0.556283 2
0.957326 0.549385 2
0.948367 0.290843 3
0.974277 0.642522 2
0.95597 0.323638 3
0.915051 0.0132348 7
0.927655 0.0637991 5
0.956544 0.326565 3
0.976932 0.66402 2
0.921989 0.0299418 6
0.938757 0.142656 4
0.909351 0.00582924 8
0.880966 6.79769e-06 16
0.915889 0.0134808 7
0.909082 0.00579292 8
0.973238 0.634741 2
0.939603 0.144644 4
0.988031 1 1
0.960005 0.345842 3
0.897325 0.000496009 11
0.930439 0.0671086 5
0.9679 0.599694 2
0.918108 0.0141802 7
0.909734 0.00293289 9
0.950209 0.297856 3
0.873189 2.22065e-07 20
0.8996 0.000529794 11
0.883243 7.36277e-06 16
0.926732 0.0331632 6
0.896868 0.000489676 11
0.908205 0.00281266 9
0.876656 5.60398e-07 19
0.919759 0.0147499 7
0.901921 0.00116612 10
0.935516 0.254103 3
0.965381 0.585671 2
0.969142 0.607167 2
0.963599 0.576591 2
0.938093 0.260056 3
0.971685 0.623731 2
0.904076 0.022317 6
0.946139 0.283043 3
0.922423 0.115255 4
0.9652 0.584719 2
0.943911 0.275919 3
0.939338 0.263151 3
0.911813 0.0508098 5
0.944628 0.27814 3
0.939957 0.264746 3
0.938131 0.0787322 5
0.90427 0.00124526 10
0.923586 0.0162588 7
0.938681 0.0797321 5
0.960403 0.348249 3
0.914447 0.00661023 8
0.926591 0.0330568 6
0.893992 0.000102592 13
0.867041 3.15324e-09 25
0.90425 0.00124454 10
0.89338 0.000100535 13
0.955875 0.323158 3
0.924789 0.0317579 6
0.970012 0.612636 2
0.941791 0.150135 4
0.936226 0.137119 4
0.961058 0.564736 2
0.931707 0.0687567 5
0.960414 0.348313 3
0.923917 0.0599369 5
0.945285 0.280237 3
0.903649 0.00250324 9
0.987889 1 1
0.955551 0.321542 3
0.966505 0.59175 2
0.987764 1 1
0.927887 0.0640594 5
0.915746 0.0134381 7
0.924126 0.0601375 5
0.938282 0.141571 4
0.927797 0.122375 4
0.959576 0.558361 2
0.926709 0.120812 4
0.950795 0.527424 2
0.914781 0.052667 5
0.941569 0.26909 3
0.896012 0.00948134 7
0.997335 1 1
0.964784 0.582556 2
0.965102 0.584203 2
0.996978 1 1
0.9188 0.111206 4
0.908346 0.0488802 5
0.914813 0.0526877 5
0.929564 0.242371 3
0.930319 0.12627 4
0.929323 0.124685 4
0.954068 0.537729 2
0.945463 0.280813 3
0.945815 0.281967 3
0.942865 0.27279 3
0.907916 0.0235234 6
0.910493 0.0244379 6
0.886351 0.000375776 11
0.928129 0.122866 4
0.908888 0.0238574 6
0.943674 0.275198 3
0.910473 0.0244305 6
0.95649 0.546252 2
0.934977 0.134597 4
0.943183 0.507872 2
0.895343 0.0201141 6
0.911117 0.104147 4
0.936449 0.256192 3
0.966512 1 1
0.903526 0.0465538 5
0.937988 0.259802 3
0.889468 0.00870267 7
0.861518 1.99392e-05 14
0.895928 0.0202426 6
0.889343 0.00868936 7
0.961292 0.565776 2
0.934073 0.251015 3
0.97272 1 1
0.94597 0.514398 2
0.870506 2.44134e-05 14
0.913573 0.0518863 5
0.948759 0.521639 2
0.891607 0.00415031 8
0.882545 0.000755942 10
0.933127 0.249081 3
0.847099 3.13743e-09 24
0.879695 0.000326224 11
0.868475 2.32688e-05 14
0.909006 0.0238991 6
0.876621 0.000138791 12
0.88098 0.000334812 11
0.850357 1.8925e-08 22
0.892357 0.00419985 8
0.874967 0.000134022 12
0.876419 0.000679536 10
0.872524 0.000285024 11
0.905226 0.0473319 5
0.883372 0.00368324 8
0.896683 0.020412 6
0.889469 0.0087027 7
0.86643 0.000113429 12
0.849913 5.40483e-07 18
0.829351 3.83842e-12 0
0.870119 0.000273297 11
0.848188 2.22001e-07 19
0.892614 0.00905592 7
0.863555 4.73347e-05 13
0.906096 0.0477476 5
0.880161 0.00159715 9
0.920125 0.112626 4
0.94231 0.271181 3
0.97263 0.63035 2
0.941347 0.268475 3
0.93157 0.246042 3
0.958964 0.555842 2
0.894287 0.00433364 8
0.916842 0.0540847 5
0.895972 0.00445872 8
0.939975 0.264794 3
0.914545 0.0525115 5
0.930478 0.126528 4
0.898561 0.0098356 7
0.941378 0.26856 3
0.92484 0.118277 4
0.961765 0.567909 2
0.943267 0.273978 3
0.925473 0.0614699 5
0.980975 1 1
0.946932 0.285736 3
0.934073 0.132853 4
0.928354 0.123202 4
0.962255 0.570166 2
0.930708 0.126905 4
0.947713 0.288479 3
0.963751 0.577341 2
0.951485 0.303043 3
0.940583 0.266401 3
0.944995 0.279303 3
0.963563 0.576415 2
0.980111 1 1
0.903866 0.0222557 6
0.905739 0.0228183 6
0.95825 0.552973 2
0.990442 1 1
0.904787 0.0225275 6
0.96894 0.605928 2
0.910585 0.0244725 6
0.880655 0.000332599 11
0.906311 0.0229979 6
0.911643 0.0507094 5
0.991266 1 1
0.970791 0.617704 2
0.979196 1 1
0.980872 1 1
0.902479 0.000578542 11
0.988734 0.795186 2
0.959068 0.340335 3
0.931201 0.0369306 6
0.899372 0.000526229 11
0.976515 0.660481 2
0.870378 1.8234e-08 23
0.953843 0.313382 3
0.949282 0.17352 4
0.984403 0.739256 2
0.949854 0.17565 4
0.901491 0.000560988 11
0.880028 1.39545e-06 18
0.904286 0.00124581 10
0.905985 0.00130922 10
0.945187 0.279921 3
0.918033 0.0277358 6
0.935494 0.135625 4
0.951264 0.302125 3
0.964723 0.582243 2
0.927576 0.0637109 5
0.926931 0.0630016 5
0.907393 0.00557537 8
0.880311 3.15174e-05 14
0.918123 0.0277818 6
0.906633 0.00548284 8
0.961419 0.566344 2
0.927873 0.0640437 5
0.975811 0.654654 2
0.949489 0.295052 3
0.879346 6.25561e-07 19
0.917036 0.00708773 8
0.953722 0.312828 3
0.899697 0.000257761 12
0.892146 4.58673e-05 14
0.936908 0.0765988 5
0.856343 1.38384e-11 0
0.884353 3.57087e-06 17
0.870942 1.8716e-08 23
0.912788 0.00320264 9
0.881437 1.47628e-06 18
0.890414 4.31806e-05 14
0.859318 1.63366e-11 0
0.902144 0.000572476 11
0.883848 3.50052e-06 17
0.930531 0.0672247 5
0.978717 0.679891 2
0.950279 0.298133 3
0.959312 0.341747 3
0.92377 0.0310699 6
0.964458 0.375269 3
0.897285 0.000495445 11
0.974988 0.64805 2
0.950628 0.299531 3
0.983551 0.729425 2
0.972023 0.62607 2
0.926787 0.0332045 6
0.907939 0.00279272 9
0.926661 0.0331095 6
0.933711 0.0715609 5
0.966176 1 1
0.881901 0.0036121 8
0.879115 0.00157233 9
0.936361 0.255992 3
0.959861 0.55956 2
0.87994 0.00159185 9
0.996725 1 1
0.895997 0.020258 6
0.867186 0.000115022 12
0.885056 0.00376872 8
0.897976 0.0207119 6
0.961432 0.566404 2
0.988305 1 1
0.949088 0.522544 2
0.962358 0.570645 2
0.918704 0.0280835 6
0.888152 8.53977e-05 13
0.911867 0.0123812 7
0.918085 0.0277621 6
0.9412 0.1486 4
0.900374 0.00111877 10
0.912316 0.0124943 7
0.875188 2.55554e-06 17
0.849489 9.65818e-12 0
0.887543 8.38786e-05 13
0.874404 1.12941e-06 18
0.93638 0.137438 4
0.908279 0.00568747 8
0.949519 0.295166 3
0.92197 0.02993 6
0.970143 0.61348 2
0.937133 0.0769832 5
0.922862 0.0159511 7
0.984852 0.744582 2
0.954524 0.316568 3
0.929827 0.0356848 6
0.936266 0.0755267 5
0.953937 0.313815 3
0.922664 0.0158691 7
0.941239 0.148701 4
0.955443 0.321011 3
0.959276 0.341538 3
0.948342 0.17014 4
0.951695 0.182897 4
0.971928 0.625404 2
0.968039 0.600516 2
0.903554 0.0106349 7
0.910448 0.0244212 6
0.954081 0.314484 3
0.991252 1 1
0.907184 0.0113233 7
0.958813 0.555226 2
0.90526 0.010946 7
0.87577 2.78542e-05 14
0.905328 0.0109587 7
0.905819 0.0110525 7
0.985946 1 1
0.957865 0.551462 2
0.987782 1 1
0.97029 0.614429 2
0.89333 0.0196894 6
0.976166 1 1
0.964454 1 1
0.921831 0.230409 3
0.892734 0.0195685 6
0.977957 1 1
0.861967 0.000104732 12
0.939461 0.500115 2
0.936794 0.495145 2
0.970833 1 1
0.935544 0.492964 2
0.894286 0.0198879 6
0.870773 0.000621444 10
0.898727 0.044569 5
0.897105 0.0439599 5
0.887897 3.96941e-05 14
0.864975 2.85605e-09 25
0.893133 9.97237e-05 13
0.888003 3.98322e-05 14
0.909745 0.00293378 9
0.879391 1.361e-06 18
0.884408 7.67975e-06 16
0.848349 9.12233e-12 0
0.824766 3.16873e-12 0
0.863598 1.19188e-09 26
0.847269 8.64799e-12 0
0.90501 0.00127215 10
0.879103 1.34581e-06 18
0.917573 0.0140048 7
0.890979 9.30811e-05 13
0.934171 0.0722412 5
0.889362 4.16667e-05 14
0.907465 0.00275772 9
0.927952 0.0341131 6
0.957259 0.330319 3
0.898677 0.00051562 11
0.930979 0.0677987 5
0.881827 3.23852e-06 17
0.854425 1.24757e-11 0
0.889637 4.20545e-05 14
0.881574 3.20775e-06 17
0.952071 0.305516 3
0.926097 0.0326898 6
0.963479 0.368302 3
0.936876 0.0765453 5
0.950227 0.297926 3
0.909436 0.00290875 9
0.924292 0.0314183 6
0.949262 0.173446 4
0.972513 0.629513 2
0.91741 0.0139523 7
0.936537 0.0759755 5
0.902591 0.00118774 10
0.874584 2.35061e-07 20
0.910023 0.00592168 8
0.902266 0.00117716 10
0.968104 0.6009 2
0.935875 0.074889 5
0.982531 0.718102 2
0.953948 0.313865 3
0.909938 0.0242331 6
0.931453 0.128153 4
0.965849 0.588168 2
0.929087 0.124318 4
0.923498 0.116565 4
0.949594 0.295454 3
0.886416 0.000813668 10
0.90445 0.0107956 7
0.884866 0.000363544 11
0.928624 0.12361 4
0.90209 0.0103845 7
0.921734 0.0579488 5
0.889507 0.000866453 10
0.933787 0.132316 4
0.914581 0.0525347 5
0.91208 0.0124346 7
0.99712 1 1
0.958368 0.336371 3
0.940979 0.148037 4
0.907963 0.00564701 8
0.976061 0.656706 2
0.879563 6.4818e-06 16
0.962613 0.571843 2
0.951997 0.3052 3
0.995325 1 1
0.958689 0.338173 3
0.910343 0.00596681 8
0.889523 8.89858e-05 13
0.912346 0.0125018 7
0.915514 0.0133697 7
0.867472 2.27351e-05 14
0.93285 0.248528 3
0.955872 0.543998 2
0.893033 0.00910573 7
0.873945 0.000131221 12
0.948767 0.521659 2
0.839816 1.86342e-10 27
0.896255 0.00951371 7
0.892266 0.00419373 8
0.927522 0.121974 4
0.892653 0.00421974 8
0.873779 0.000130776 12
0.845744 6.97655e-09 23
0.882416 0.000754145 10
0.871741 0.000125519 12
0.87993 3.11803e-05 14
0.899419 0.00226926 9
0.935538 0.135713 4
0.89517 0.00207436 9
0.896462 0.00212992 9
0.918443 0.0279467 6
0.861599 6.39242e-08 21
0.870817 2.21734e-06 17
0.853817 7.63928e-10 26
0.89598 0.00210885 9
0.868396 9.19959e-07 18
0.893658 0.000948799 10
0.862269 6.54913e-08 21
0.906785 0.0112427 7
0.884279 0.000165446 12
0.940604 0.266457 3
0.903384 0.00512054 8
0.921564 0.0578007 5
0.939718 0.264127 3
0.963217 0.574727 2
0.912958 0.0254048 6
0.929839 0.125498 4
0.894279 0.000962444 10
0.866998 8.79457e-07 18
0.903544 0.00513721 8
0.893786 0.00095158 10
0.958538 0.554122 2
0.927813 0.122399 4
0.972443 0.629018 2
0.94414 0.276621 3
0.883428 7.41177e-06 16
0.877254 5.7402e-07 19
0.909336 0.00290075 9
0.890014 4.25952e-05 14
0.903898 0.00123209 10
0.893849 0.000102104 13
0.873341 1.01437e-07 21
0.855477 1.32018e-11 0
0.834227 4.73388e-12 0
0.875028 2.39427e-07 20
0.853833 1.20885e-11 0
0.899784 0.000532699 11
0.870506 4.06202e-08 22
0.913363 0.00642774 8
0.887178 1.81605e-05 15
0.885012 0.000168475 12
0.952084 0.305574 3
0.974473 0.644027 2
0.911645 0.0248778 6
0.890137 0.000410699 11
0.969177 0.607385 2
0.856042 4.3938e-09 24
0.914801 0.0261942 6
0.908065 0.0115066 7
0.946727 0.285031 3
0.911195 0.0122159 7
0.890374 0.000413079 11
0.862678 6.6476e-08 21
0.898207 0.00220999 9
0.889288 0.000402361 11
0.916793 0.0271189 6
0.959445 0.557817 2
0.923644 0.0596789 5
0.939896 0.264587 3
0.904144 0.00520067 8
0.93972 0.264132 3
0.885482 0.000170469 12
0.990537 1 1
0.976356 0.659149 2
0.964576 0.581484 2
0.988602 1 1
0.908044 0.0115022 7
0.897765 0.00218911 9
0.904512 0.010807 7
0.918539 0.0553405 5
0.865021 1.86371e-06 17
0.92514 0.118672 4
0.952411 0.532351 2
0.88953 0.000866862 10
0.873064 2.59922e-05 14
0.942393 0.27142 3
0.838469 5.71555e-12 0
0.888922 0.00085595 10
0.883361 0.000351886 11
0.919937 0.0564399 5
0.885432 0.000368119 11
0.872505 2.5633e-05 14
0.843665 3.96691e-11 29
0.881963 0.000341664 11
0.86936 1.06009e-05 15
0.935487 0.135612 4
0.952333 0.306641 3
0.968472 0.603091 2
0.959481 0.557967 2
0.943183 0.273728 3
0.963283 0.575046 2
0.906599 0.0112055 7
0.932734 0.130388 4
0.908827 0.0116706 7
0.951501 0.303107 3
0.930775 0.127016 4
0.943246 0.273916 3
0.91255 0.0252381 6
0.951593 0.303492 3
0.940224 0.265448 3
0.902345 0.0218263 6
0.884478 0.00170902 9
0.912919 0.0514779 5
0.9058 0.0476049 5
0.923882 0.117046 4
0.899136 0.0209918 6
0.893813 0.00920042 7
0.866827 5.05583e-05 13
0.843153 2.73058e-09 24
0.88304 0.00166995 9
0.865588 4.92959e-05 13
0.91943 0.111873 4
0.890431 0.00880705 7
0.933023 0.248874 3
0.90592 0.0476625 5
0.884559 0.00016659 12
0.968446 0.602935 2
0.954504 0.316469 3
0.912806 0.0253424 6
0.883182 7.42057e-05 13
0.967038 0.594734 2
0.853303 7.47403e-10 26
0.935222 0.135081 4
0.93793 0.14078 4
0.963814 0.577651 2
0.931285 0.127868 4
0.884852 0.000167804 12
0.862349 6.56832e-08 21
0.88891 0.000398745 11
0.888176 0.000391896 11
0.983583 1 1
0.91001 0.0497769 5
0.911121 0.0504052 5
0.964756 0.582409 2
0.992027 1 1
0.910647 0.050134 5
0.96387 0.577931 2
0.916495 0.108891 4
0.886389 0.00176406 9
0.912498 0.0512201 5
0.917465 0.109843 4
0.996588 1 1
0.968054 0.6006 2
0.981723 1 1
0.985801 1 1
0.960021 0.560234 2
0.946985 0.516946 2
0.929616 0.242463 3
0.982892 1 1
0.946953 0.516864 2
0.938191 0.260295 3
0.926183 0.236748 3
0.963476 0.575989 2
0.931801 0.246482 3
0.951313 0.52897 2
0.964522 0.581211 2
0.951272 0.528846 2
0.938009 0.259853 3
0.945878 0.514171 2
0.962299 0.570371 2
0.913372 0.0255771 6
0.917349 0.0544507 5
0.948434 0.291089 3
0.927054 0.121301 4
0.930588 0.126708 4
0.933674 0.132104 4
0.894052 0.00202864 9
0.894773 0.00205788 9
0.872771 1.16077e-05 15
0.915275 0.0529967 5
0.892909 0.00198397 9
0.927757 0.122317 4
0.895144 0.00207326 9
0.941308 0.268369 3
0.91784 0.054813 5
0.900898 0.00234603 9
0.916141 0.0268079 6
0.950999 0.301033 3
0.916813 0.0271287 6
0.916957 0.0271988 6
0.934368 0.133416 4
0.880707 3.18738e-05 14
0.889681 0.000406176 11
0.870219 9.77001e-07 18
0.913272 0.0127428 7
0.887443 0.000179263 12
0.914404 0.0260192 6
0.882193 7.22735e-05 13
0.927502 0.0636283 5
0.905393 0.00533837 8
0.884378 0.0037338 8
0.861123 1.97732e-05 14
0.889338 0.00868883 7
0.884108 0.00372006 8
0.906182 0.0477892 5
0.875559 0.000670009 10
0.881615 0.00359864 8
0.844524 3.66846e-08 21
0.821046 2.72054e-12 0
0.859731 1.92055e-05 14
0.843456 1.51557e-08 22
0.901432 0.0456515 5
0.876041 0.000675313 10
0.91382 0.106425 4
0.887389 0.00848769 7
0.88426 0.00078048 10
0.867377 2.26858e-05 14
0.897129 0.00963258 7
0.886651 0.0017719 9
0.905738 0.022818 6
0.882666 0.000757617 10
0.878548 0.000318905 11
0.848777 7.73655e-09 23
0.826076 3.34549e-12 0
0.86567 9.65959e-06 15
0.847486 3.18143e-09 24
0.901189 0.0215151 6
0.874044 0.000131486 12
0.914202 0.0522879 5
0.887585 0.00180048 9
0.873829 2.44248e-06 17
0.92372 0.0597508 5
0.957509 0.331656 3
0.896697 0.00101928 10
0.884106 7.60931e-05 13
0.943079 0.273419 3
0.84868 9.27408e-12 0
0.888686 0.000185258 12
0.87882 1.38143e-05 15
0.918905 0.0281893 6
0.88545 7.89876e-05 13
0.88302 7.38831e-05 13
0.8529 1.39145e-10 28
0.893584 0.000947194 10
0.878288 1.35944e-05 15
0.856529 7.81827e-06 15
0.904424 0.0469594 5
0.936889 0.495315 2
0.878052 0.00154793 9
0.867936 0.000263392 11
0.923057 0.232103 3
0.83307 1.44436e-10 27
0.869782 0.000271726 11
0.861343 4.53411e-05 13
0.899596 0.0449072 5
0.86657 0.00011372 12
0.866483 0.00011354 12
0.836476 9.20294e-10 25
0.877542 0.00153651 9
0.860916 4.49719e-05 13
0.979664 0.688811 2
0.907129 0.00554286 8
0.909641 0.00586883 8
0.961062 0.352325 3
0.994512 1 1
0.908466 0.00571167 8
0.964707 0.582157 2
0.912674 0.012586 7
0.882714 1.561e-05 15
0.90946 0.00584394 8
0.91358 0.0128253 7
0.995174 1 1
0.967094 0.595048 2
0.983204 0.725517 2
0.981506 0.707216 2
0.939009 0.262319 3
0.930031 0.243203 3
0.950174 0.525613 2
0.95305 0.534383 2
0.954428 0.538947 2
0.941346 0.268474 3
0.916114 0.053571 5
0.914717 0.0526246 5
0.889106 0.00184915 9
0.929502 0.124965 4
0.913414 0.0517857 5
0.952427 0.532402 2
0.918952 0.111366 4
0.965065 0.58401 2
0.943697 0.275269 3
0.882166 0.00800212 7
0.872902 0.00144005 9
0.904397 0.099251 4
0.887463 0.0185851 6
0.902984 0.0463146 5
0.889163 0.0188865 6
0.873506 0.00145191 9
0.851976 7.09239e-06 15
0.830365 3.12898e-10 26
0.870808 0.000621774 10
0.850429 2.95437e-06 16
0.898723 0.0445674 5
0.870114 0.000615275 10
0.912152 0.104996 4
0.885784 0.0083307 7
0.869287 4.72728e-06 16
0.936655 0.256662 3
0.957716 0.550884 2
0.89525 0.0020777 9
0.875105 2.73764e-05 14
0.95197 0.305086 3
0.84119 6.47292e-12 0
0.899944 0.00478827 8
0.89644 0.0044949 8
0.931289 0.127875 4
0.896302 0.00448418 8
0.875103 2.73753e-05 14
0.847417 1.08827e-10 28
0.883385 0.000352066 11
0.873524 2.62941e-05 14
0.929943 0.125663 4
0.945199 0.279956 3
0.968608 0.603908 2
0.951406 0.529252 2
0.940556 0.266329 3
0.958955 0.555805 2
0.903146 0.0105638 7
0.923514 0.116585 4
0.90055 0.0101359 7
0.943736 0.275385 3
0.9215 0.0577454 5
0.939797 0.26433 3
0.907911 0.0235216 6
0.950036 0.297177 3
0.934706 0.252349 3
0.890328 9.12137e-05 13
0.940862 0.14774 4
0.976878 0.663563 2
0.914476 0.0130715 7
0.899294 0.00108775 10
0.96109 0.352498 3
0.863568 2.67442e-09 25
0.906039 0.0026571 9
0.893977 0.000215126 12
0.936233 0.0754725 5
0.902838 0.0011959 10
0.898627 0.000514864 11
0.868601 3.74251e-08 22
0.908498 0.00571581 8
0.894838 0.000220769 12
0.865213 0.00011094 12
0.909995 0.103259 4
0.94426 0.510315 2
0.886427 0.00839268 7
0.877073 0.00152617 9
0.929256 0.241831 3
0.841845 3.39051e-08 21
0.875793 0.00149863 9
0.865578 0.000111676 12
0.905322 0.0473775 5
0.872668 0.00063983 10
0.875534 0.00149318 9
0.845124 8.73721e-08 20
0.886819 0.00843104 7
0.869647 0.000271097 11
0.967175 0.595511 2
0.895992 0.000228729 12
0.901808 0.00116253 10
0.947866 0.168479 4
0.985288 0.749856 2
0.898901 0.000519001 11
0.966469 0.591549 2
0.899814 0.000533175 11
0.870311 4.02753e-08 22
0.897976 0.00050529 11
0.900647 0.00112687 10
0.981571 0.707895 2
0.963047 0.365323 3
0.978412 0.677091 2
0.96804 0.600519 2
0.955936 0.323467 3
0.914329 0.0130303 7
0.926946 0.0630177 5
0.956017 0.323872 3
0.977161 0.665989 2
0.921254 0.0295018 6
0.939156 0.143583 4
0.908749 0.00574869 8
0.880347 1.44778e-05 15
0.915175 0.0132708 7
0.908498 0.00571581 8
0.973347 0.635543 2
0.93984 0.145214 4
0.988163 1 1
0.959919 0.345325 3
0.936495 0.256295 3
0.92836 0.240291 3
0.949925 0.524898 2
0.950138 0.525509 2
0.952456 0.53249 2
0.940314 0.501804 2
0.914294 0.106846 4
0.912257 0.105084 4
0.886971 0.00387172 8
0.927658 0.23912 3
0.910902 0.0502792 5
0.950249 0.525828 2
0.916795 0.109182 4
0.963208 0.574687 2
0.941144 0.503497 2
0.895903 0.00445342 8
0.922491 0.115338 4
0.959292 0.557183 2
0.914734 0.0526357 5
0.909941 0.0242342 6
0.941841 0.269851 3
0.873505 5.84103e-05 13
0.893008 0.00424387 8
0.875747 0.000136235 12
0.919025 0.0557157 5
0.890441 0.00189422 9
0.90795 0.0235348 6
0.876076 0.000137187 12
0.920237 0.112748 4
0.900464 0.0101225 7
69 0 1 2 3 4 5 6 7 8 9 10 11 12 13 14 15 16 17 18 19 20 21 22 23 24 25 26 27 28 29 30 32 33 34 35 36 37 38 39 40 41 42 43 44 45 46 47 48 49 50 51 52 53 54 55 56 57 58 59 60 61 62 63 64 65 66 67 68 69 
16 0 8 22 27 29 35 40 41 45 47 50 57 58 62 64 65 
17 0 6 8 22 27 35 40 41 45 46 47 50 57 58 62 64 65 
38 0 1 2 6 8 9 10 15 16 18 19 20 22 24 25 27 29 30 35 39 40 41 42 45 46 47 48 50 52 53 54 57 58 62 63 64 65 69 
63 0 1 2 3 4 6 7 8 9 10 11 12 13 14 15 16 17 18 19 20 21 22 23 24 25 27 28 29 30 32 33 35 36 37 38 39 40 41 42 43 44 45 46 47 48 49 50 52 53 54 55 56 57 58 60 61 62 63 64 65 67 68 69 
13 0 8 27 35 40 41 45 46 47 50 57 58 62 
65 0 1 2 3 4 5 6 7 8 9 10 11 12 13 14 15 16 17 18 19 20 21 22 23 24 25 26 27 28 30 32 33 34 35 36 37 38 39 40 41 42 43 44 45 46 48 49 50 51 52 53 54 55 56 58 59 60 61 63 64 65 66 67 68 69 
57 0 1 2 3 4 5 6 7 8 9 10 12 14 15 16 17 18 20 21 22 23 24 27 28 29 30 32 34 35 37 38 39 40 41 42 43 45 46 47 48 49 50 53 54 55 56 57 58 60 61 62 63 64 65 67 68 69 
41 0 1 4 6 8 9 10 15 16 17 20 22 24 27 28 29 30 35 38 39 40 41 42 43 45 47 48 49 50 53 54 57 58 60 61 62 63 64 65 68 69 
22 0 1 6 8 10 15 22 27 29 35 40 41 42 45 47 50 57 58 62 64 65 69 
55 0 1 2 3 4 6 8 9 10 12 14 15 16 17 18 19 20 21 22 23 24 27 28 29 30 32 35 37 38 39 40 41 42 43 45 46 47 48 49 50 53 54 55 56 57 58 60 61 62 63 64 65 67 68 69 
57 0 1 2 3 4 6 7 8 9 10 11 12 13 14 15 16 17 18 19 20 22 23 24 25 27 28 29 30 33 35 38 39 40 41 42 43 44 45 46 47 48 49 50 52 53 54 57 58 60 61 62 63 64 65 67 68 69 
69 0 1 2 3 4 5 6 7 8 9 10 11 12 13 14 15 16 17 18 19 20 21 22 23 24 25 26 27 28 30 31 32 33 34 35 36 37 38 39 40 41 42 43 44 45 46 47 48 49 50 51 52 53 54 55 56 57 58 59 60 61 62 63 64 65 66 67 68 69 
60 0 1 2 3 4 6 7 8 9 10 11 12 14 15 16 17 18 19 20 22 23 24 25 27 28 29 30 32 33 35 36 38 39 40 41 42 43 44 45 46 47 48 49 50 52 53 54 55 56 57 58 60 61 62 63 64 65 67 68 69 
68 0 1 2 3 4 5 6 7 8 9 10 11 12 14 15 16 17 18 19 20 21 22 23 24 25 26 27 28 29 30 32 33 34 35 36 37 38 39 40 41 42 43 44 45 46 47 48 49 50 51 52 53 54 55 56 57 58 59 60 61 62 63 64 65 66 67 68 69 
