30 15 6e+06
2.68056 135901
3.7458 156440
2.64322 171968
3.12386 116115
6.3106 134788
1.11307 124783
1.41207 133757
1.16708 163347
3.5882 111842
5.44934 135766
3.63713 106190
1.864 190701
2.28609 124072
2.57295 117215
1.1402 174735
3.33106 106295
4.40793 163360
1.73248 183104
2.42367 160073
2.77467 193561
8.28553 195681
2.18005 164123
2.51463 136096
10.6136 167108
1.48231 163845
2.7088 183020
2.65186 188074
2.11187 157502
3.34756 126321
2.31935 148239
0.900741 0.0101659 7
0.967188 0.595584 2
0.953612 0.536215 2
0.965367 0.585599 2
0.921736 0.114446 4
0.898081 0.00462716 8
0.946612 0.284637 3
0.943214 0.273821 3
0.899362 0.00995386 7
0.916715 0.0539939 5
0.888275 0.000844629 10
0.914984 0.0528012 5
0.871635 2.50902e-05 14
0.898054 0.00462495 8
0.961919 0.568614 2
0.945996 0.514463 2
0.95547 0.542564 2
0.930215 0.243533 3
0.910549 0.0500783 5
0.906426 0.0479084 5
0.910578 0.0500951 5
0.882133 0.00075026 10
0.896614 0.00956204 7
0.909217 0.049343 5
0.932707 0.248243 3
0.945623 0.513549 2
0.893508 0.00916307 7
0.940533 0.266267 3
0.911658 0.0507185 5
0.898509 0.00982798 7
0.884998 7.79944e-05 13
0.938079 0.141112 4
0.948881 0.292746 3
0.978307 0.67614 2
0.928947 0.0652847 5
0.89655 0.00101565 10
0.982593 0.718782 2
0.965315 0.585324 2
0.898842 0.00224064 9
0.909088 0.0117281 7
0.869524 4.28329e-07 19
0.927998 0.0641853 5
0.84786 8.90374e-12 0
0.896007 0.00100243 10
0.992815 1 1
0.968654 0.604187 2
0.953709 0.536534 2
0.942423 0.271508 3
0.917334 0.109712 4
0.924747 0.118156 4
0.933461 0.249757 3
0.887381 0.00389464 8
0.907487 0.0484377 5
0.93185 0.246575 3
0.955404 0.542328 2
0.961783 0.567992 2
0.911236 0.0504716 5
0.941659 0.269341 3
0.934634 0.252197 3
0.903558 0.0221669 6
0.902519 0.00243621 9
0.94564 0.161177 4
0.90979 0.00588929 8
0.90254 0.00243744 9
0.879589 6.48731e-06 16
0.874055 5.06218e-07 19
0.880612 6.71573e-06 16
0.88351 1.60225e-05 15
0.873459 4.94862e-07 19
0.89619 0.00048053 11
0.901902 0.00116552 10
0.868603 8.33547e-08 21
0.904835 0.00257738 9
0.874836 1.14707e-06 18
0.89542 0.000470501 11
0.943925 0.275962 3
0.91652 0.0269878 6
0.945398 0.280601 3
0.922135 0.0583007 5
0.970478 0.61565 2
0.989449 1 1
0.898903 0.00469673 8
0.930676 0.126852 4
0.993235 1 1
0.97212 0.62674 2
0.924943 0.0609363 5
0.962375 0.570727 2
0.890327 0.000881597 10
0.987882 1 1
0.909223 0.011758 7
0.984476 1 1
0.927706 0.122242 4
0.938757 0.261687 3
0.910355 0.0243868 6
0.941113 0.267833 3
0.966921 0.594074 2
0.881912 0.000341308 11
0.909432 0.0240502 6
0.964022 0.578685 2
0.977791 1 1
0.96465 0.581868 2
0.928518 0.123449 4
0.928676 0.123689 4
0.968491 0.603207 2
0.895902 0.00445333 8
0.876282 6.23094e-05 13
0.931289 0.127875 4
0.939206 0.262817 3
0.968188 0.601396 2
0.919602 0.056171 5
0.887275 0.000827687 10
0.982873 1 1
0.956659 0.546875 2
0.889563 0.00086747 10
0.89972 0.00476828 8
0.861246 3.24769e-07 19
0.919262 0.0559017 5
0.840584 6.29432e-12 0
0.886728 0.000818716 10
0.982874 1 1
0.951033 0.528131 2
0.960593 0.562694 2
0.937637 0.25896 3
0.916851 0.0540907 5
0.91408 0.0522091 5
0.91763 0.0546571 5
0.887832 0.00180817 9
0.903502 0.0106258 7
0.916373 0.0537517 5
0.940172 0.26531 3
0.947879 0.289073 3
0.901044 0.010214 7
0.937711 0.259136 3
0.918674 0.0554441 5
0.904316 0.0223875 6
0.902911 0.0105232 7
0.947335 0.287141 3
0.911366 0.0505474 5
0.90438 0.0224064 6
0.880979 0.000334801 11
0.875002 6.04584e-05 13
0.882494 0.000345483 11
0.885255 0.000795459 10
0.87445 5.96898e-05 13
0.897168 0.00455253 8
0.901895 0.0103522 7
0.870047 2.41468e-05 14
0.904107 0.0223261 6
0.875765 0.000136287 12
0.897313 0.00965803 7
0.879418 1.4068e-05 15
0.936222 0.13711 4
0.94179 0.150133 4
0.970034 0.612782 2
0.920031 0.0288015 6
0.888586 0.000184762 12
0.977814 0.671714 2
0.955595 0.321759 3
0.89075 0.00041692 11
0.901988 0.00240592 9
0.864695 7.16414e-08 21
0.918722 0.0280927 6
0.844607 7.60105e-12 0
0.888109 0.00018243 12
0.982882 0.721946 2
0.969118 1 1
0.941749 0.504762 2
0.958258 0.553007 2
0.929346 0.241989 3
0.957719 0.550896 2
0.969841 1 1
0.900425 0.045238 5
0.928251 0.240108 3
0.968825 1 1
0.994001 1 1
0.948943 0.522144 2
0.944011 0.509742 2
0.915806 0.108234 4
0.970755 1 1
0.914621 0.10714 4
0.863012 0.000243249 11
0.912251 0.105079 4
0.926008 0.236476 3
0.954474 0.539103 2
0.913955 0.106544 4
0.879649 0.00350908 8
0.986352 1 1
0.953132 0.534648 2
0.882303 0.00801405 7
0.888736 0.0188095 6
0.847187 1.17729e-06 17
0.917024 0.224369 3
0.824963 7.6977e-12 30
0.878885 0.0034756 8
0.969489 1 1
0.903342 0.00511612 8
0.924963 0.0609569 5
0.959292 0.557183 2
0.963326 0.575256 2
0.969053 0.606623 2
0.931868 0.128863 4
0.952265 0.30635 3
0.984424 1 1
0.935068 0.134777 4
0.934832 0.134314 4
0.884721 0.000167263 12
0.974663 0.645504 2
0.855584 4.31499e-09 24
0.930789 0.127039 4
0.957017 0.548213 2
0.980946 1 1
0.924691 0.118082 4
0.937474 0.258571 3
0.909224 0.023976 6
0.942173 0.27079 3
0.970188 0.613769 2
0.881177 0.000336167 11
0.909251 0.0239855 6
0.967096 0.595061 2
0.977791 1 1
0.961984 0.568915 2
0.929934 0.125649 4
0.925847 0.119621 4
0.971802 0.624538 2
0.894842 0.00437396 8
0.960016 0.34591 3
0.91457 0.0130979 7
0.903753 0.00250954 9
0.878618 6.28136e-06 16
0.893268 0.000444356 11
0.91399 0.0129367 7
0.849866 9.84382e-12 0
0.870676 4.46406e-07 19
0.911166 0.0122089 7
0.928176 0.0643873 5
0.978147 0.674693 2
0.880433 1.45164e-05 15
0.981918 0.711542 2
0.915504 0.0133666 7
0.865268 3.26099e-08 22
0.940922 0.147892 4
0.985605 0.753756 2
0.969659 0.610398 2
0.950225 0.297922 3
0.939055 0.143347 4
0.928762 0.0650664 5
0.91982 0.0286846 6
0.935867 0.136379 4
0.928954 0.0652927 5
0.951441 0.302858 3
0.928065 0.0642607 5
0.92703 0.0631094 5
0.907853 0.00563299 8
0.929229 0.0656199 5
0.936843 0.138414 4
0.928841 0.241111 3
0.908648 0.102232 4
0.941085 0.503376 2
0.922389 0.231171 3
0.973324 1 1
0.974395 1 1
0.902837 0.0462503 5
0.934944 0.491952 2
0.97795 1 1
0.958097 0.55237 2
0.91012 0.103356 4
0.97164 1 1
0.876071 0.00150453 9
0.97274 1 1
0.910973 0.104032 4
0.941812 0.269769 3
0.924276 0.060282 5
0.955299 0.320303 3
0.932514 0.129995 4
0.980826 0.70026 2
0.980391 0.695903 2
0.908915 0.0116898 7
0.940922 0.147893 4
0.983643 1 1
0.973995 0.640378 2
0.922203 0.0583608 5
0.970462 0.615549 2
0.888396 0.000183828 12
0.979261 0.684971 2
0.919489 0.028503 6
0.921304 0.0153254 7
0.98903 1 1
0.965275 0.381316 3
0.960099 0.346408 3
0.931235 0.0681328 5
0.913541 0.00645712 8
0.932597 0.0699709 5
0.940634 0.147166 4
0.914302 0.00658525 8
0.93443 0.0726298 5
0.90904 0.00287721 9
0.921541 0.0154174 7
0.891504 9.46315e-05 13
0.913759 0.00649335 8
0.949699 0.17507 4
0.934414 0.133504 4
0.954278 0.315404 3
0.924397 0.0603999 5
0.907713 0.00561538 8
0.898438 0.00106426 10
0.900217 0.00231006 9
0.880539 1.45644e-05 15
0.892163 0.000431929 11
0.899024 0.0022496 9
0.922432 0.0302139 6
0.934848 0.134344 4
0.885915 8.00312e-05 13
0.934246 0.133183 4
0.901233 0.00236414 9
0.896749 0.00102056 10
0.990032 1 1
0.919375 0.111814 4
0.923955 0.233387 3
0.896032 0.0202657 6
0.923672 0.232978 3
0.950985 0.527987 2
0.867426 0.000261171 11
0.893489 0.0197219 6
0.947757 0.518949 2
0.959951 0.559939 2
0.98117 1 1
0.911312 0.104305 4
0.944199 0.510175 2
0.952602 0.532954 2
0.881771 0.00360599 8
0.940288 0.265616 3
0.96429 0.58003 2
0.935374 0.253792 3
0.917798 0.0547817 5
0.908928 0.0238717 6
0.909141 0.0239468 6
0.88979 0.000871609 10
0.902553 0.0104621 7
0.908144 0.0236005 6
0.931895 0.12891 4
0.937399 0.258393 3
0.896336 0.00448681 8
0.93059 0.126711 4
0.910088 0.024288 6
0.906257 0.0111377 7
0.899654 0.00476242 8
0.933405 0.131606 4
0.898646 0.00467478 8
0.889533 0.00086692 10
0.869886 4.80816e-06 16
0.867513 2.00455e-06 17
0.867211 1.98666e-06 17
0.871236 1.11367e-05 15
0.866605 1.95142e-06 17
0.889279 0.000862316 10
0.901908 0.0103544 7
0.858544 5.73918e-08 21
0.910128 0.0243027 6
0.86841 2.05918e-06 17
0.881984 0.000156557 12
0.960367 0.561715 2
0.935945 0.255054 3
0.919826 0.1123 4
0.896174 0.0202973 6
0.903303 0.0464547 5
0.916677 0.109067 4
0.867126 0.000114896 12
0.885706 0.003803 8
0.914496 0.107028 4
0.935743 0.254604 3
0.967318 1 1
0.890076 0.00876812 7
0.962804 0.572747 2
0.91803 0.110411 4
0.883107 0.00367018 8
0.926578 0.0330473 6
0.983536 0.72925 2
0.946697 0.164554 4
0.935839 0.074832 5
0.915155 0.013265 7
0.906116 0.00266238 9
0.909302 0.0058226 8
0.917652 0.0140305 7
0.905986 0.00265348 9
0.928847 0.0651669 5
0.91906 0.0145032 7
0.903868 0.00251663 9
0.908142 0.0056698 8
0.906719 0.00270423 9
0.925811 0.0324811 6
0.926469 0.237198 3
0.95726 0.549133 2
0.924224 0.23378 3
0.910289 0.103489 4
0.896268 0.0203185 6
0.895011 0.0200423 6
0.884197 0.00372458 8
0.893434 0.0197107 6
0.89408 0.0198445 6
0.917472 0.10985 4
0.925721 0.23603 3
0.88417 0.00372318 8
0.92503 0.234977 3
0.895928 0.0202427 6
0.900244 0.045165 5
0.97038 0.615014 2
0.948418 0.170405 4
0.960193 0.346971 3
0.931159 0.0368908 6
0.953189 0.310413 3
0.961753 0.35672 3
0.901416 0.00055969 11
0.927627 0.0338544 6
0.960773 0.350522 3
0.985878 0.757156 2
0.951169 0.180765 4
0.93928 0.0808514 5
0.919733 0.0147405 7
0.962673 0.362791 3
0.916337 0.00695257 8
0.936713 0.0762704 5
0.951386 0.181637 4
0.986939 0.770744 2
0.960825 0.350847 3
0.976399 0.659511 2
0.952722 0.308338 3
0.932228 0.0694609 5
0.961107 0.352607 3
0.954635 0.317093 3
0.966535 0.391067 3
0.917993 0.014142 7
0.964212 0.373488 3
0.888759 1.92197e-05 15
0.952376 0.306828 3
0.946038 0.162429 4
0.894491 0.00928474 7
0.923904 0.117075 4
0.954628 0.53963 2
0.968049 0.600575 2
0.956995 0.548133 2
0.920252 0.112765 4
0.964146 0.579308 2
0.990248 1 1
0.923338 0.116367 4
0.924889 0.118341 4
0.876377 0.000305866 11
0.962128 0.569576 2
0.848657 4.15762e-08 21
0.919242 0.111672 4
0.966072 0.589372 2
19 0 1 2 3 4 7 8 9 10 12 15 16 19 20 22 23 24 25 26 
10 0 2 4 7 9 10 12 19 23 25 
16 0 2 4 7 9 10 12 13 16 19 20 22 23 25 26 29 
11 0 2 4 7 9 10 12 19 23 25 26 
27 0 1 2 3 4 6 7 8 9 10 11 12 13 14 15 16 19 20 21 22 23 24 25 26 27 28 29 
30 0 1 2 3 4 5 6 7 8 9 10 11 12 13 14 15 16 17 18 19 20 21 22 23 24 25 26 27 28 29 
3 7 10 12 
18 0 1 2 3 4 7 8 9 10 12 16 19 20 22 23 24 25 26 
26 0 1 2 3 4 6 7 8 9 10 11 12 14 15 16 18 19 20 21 22 23 24 25 26 27 28 
24 0 1 2 3 4 7 8 9 10 11 12 15 16 19 20 21 22 23 24 25 26 27 28 29 
29 0 1 2 3 4 5 6 7 8 9 10 11 12 13 14 15 16 17 18 19 20 22 23 24 25 26 27 28 29 
29 0 1 2 3 4 5 6 7 8 9 10 11 12 13 14 15 16 18 19 20 21 22 23 24 25 26 27 28 29 
21 0 1 3 4 8 9 11 12 13 15 16 19 20 22 23 24 25 26 27 28 29 
25 0 1 2 3 4 6 7 8 9 10 11 12 14 15 16 19 20 21 22 23 24 25 26 27 28 
15 0 1 2 4 7 8 9 10 12 19 20 22 23 25 26 
