100 10 100
3.869 69
7.86314 52
6.2919 32
2.28741 16
8.74203 81
7.65097 31
5.75693 31
5.66275 43
4.33204 39
5.28307 38
1.70437 36
7.04606 67
7.55748 72
5.14628 94
5.14391 51
4.6165 60
2.35355 67
5.87539 52
1.13456 27
5.91523 91
9.73078 24
7.24621 45
1.19875 16
7.37044 43
7.76539 99
3.51561 75
1.03829 49
2.46773 90
7.72011 43
6.26308 51
5.8962 38
4.47192 62
7.38388 53
8.34339 37
3.79152 0
5.68864 77
1.49751 7
7.51387 29
5.30024 45
5.01841 15
8.50314 69
7.13048 33
9.88195 54
8.70573 2
5.40687 57
7.11399 53
2.10256 97
4.16187 61
2.1334 55
4.21232 83
3.33113 25
8.31743 89
7.84556 69
3.37258 66
2.88606 11
1.05471 17
4.88717 8
4.37779 83
9.76012 2
5.4482 76
3.2514 35
5.4996 74
7.13499 75
3.07515 22
6.8736 61
3.02321 23
2.49335 74
1.42875 66
9.54241 48
9.22622 1
7.49684 49
4.97469 51
1.58821 44
5.20967 32
7.68947 20
4.35268 93
3.29462 7
5.73704 16
1.94666 84
4.81501 32
6.19098 87
8.52938 69
9.41717 60
5.85554 45
3.16396 8
5.25142 28
2.94748 80
7.01938 86
7.40408 26
1.72905 45
8.15817 49
3.39507 66
2.68142 96
8.1627 94
6.45401 6
3.63221 50
8.50905 72
8.21876 63
1.37278 15
1.55558 51
0.989586 1 0
0.995257 1 0
0.984687 1 0
0.988116 1 0
0.996319 1 0
0.990199 1 0
0.992815 1 0
0.994384 1 0
0.992531 1 0
0.991623 1 0
0.993531 1 0
0.987325 1 0
0.997335 1 0
0.985616 1 0
0.986808 1 0
0.989192 1 0
0.979664 0.688811 1
0.987465 1 0
0.982181 0.714333 1
0.989287 1 0
0.994416 1 0
0.996978 1 0
0.98986 1 0
0.99358 1 0
0.994678 1 0
0.990394 1 0
0.990169 1 0
0.992923 1 0
0.992627 1 0
0.991911 1 0
0.986566 1 0
0.987782 1 0
0.984301 1 0
0.995406 1 0
0.985165 1 0
0.98122 0.704264 1
0.986079 1 0
0.983266 0.726206 1
0.989076 1 0
0.982561 0.718429 1
0.986486 1 0
0.991709 1 0
0.982199 0.714531 1
0.995605 1 0
0.989287 1 0
0.983125 0.724638 1
0.994401 1 0
0.986666 1 0
0.997031 1 0
0.984738 1 0
0.987353 1 0
0.991872 1 0
0.983311 0.726716 1
0.997313 1 0
0.989276 1 0
0.983499 0.728835 1
0.992887 1 0
0.986766 1 0
0.995809 1 0
0.985086 1 0
0.992429 1 0
0.992468 1 0
0.988847 1 0
0.984419 1 0
0.995001 1 0
0.99675 1 0
0.985896 1 0
0.997595 1 0
0.986462 1 0
0.997283 1 0
0.996068 1 0
0.989985 1 0
0.997283 1 0
0.987675 1 0
0.989406 1 0
0.991005 1 0
0.982249 0.715059 1
0.989867 1 0
0.984703 1 0
0.9914 1 0
0.991158 1 0
0.9925 1 0
0.987286 1 0
0.984284 1 0
0.995195 1 0
0.99506 1 0
0.986791 1 0
0.997141 1 0
0.987011 1 0
0.995715 1 0
0.988734 1 0
0.992172 1 0
0.984413 1 0
0.984201 1 0
0.9946 1 0
0.991788 1 0
0.988699 1 0
0.994914 1 0
0.988188 1 0
0.992651 1 0
0.985955 1 0
0.991892 1 0
0.981076 0.702797 1
0.986062 1 0
0.992668 1 0
0.986975 1 0
0.993491 1 0
0.991005 1 0
0.991747 1 0
0.988263 1 0
0.992022 1 0
0.987732 1 0
0.993081 1 0
0.988847 1 0
0.986302 1 0
0.986404 1 0
0.981226 0.704327 1
0.986029 1 0
0.984097 1 0
0.98703 1 0
0.992746 1 0
0.994359 1 0
0.98847 1 0
0.986165 1 0
0.997004 1 0
0.995329 1 0
0.987939 1 0
0.998981 1 0
0.988511 1 0
0.996565 1 0
0.988818 1 0
0.989669 1 0
0.986431 1 0
0.996234 1 0
0.987115 1 0
0.98343 0.728049 1
0.986826 1 0
0.985344 1 0
0.989912 1 0
0.98475 1 0
0.987985 1 0
0.994296 1 0
0.983025 0.723525 1
0.98858 1 0
0.994469 1 0
0.988068 1 0
0.994825 1 0
0.992263 1 0
0.993913 1 0
0.989529 1 0
0.995476 1 0
0.997403 1 0
0.990485 1 0
0.99 1 0
0.997586 1 0
0.993743 1 0
0.989232 1 0
0.996606 1 0
0.990823 1 0
0.995359 1 0
0.998389 1 0
0.99231 1 0
0.99545 1 0
0.987046 1 0
0.992746 1 0
0.995304 1 0
0.984111 1 0
0.993913 1 0
0.986008 1 0
0.995766 1 0
0.98744 1 0
0.992312 1 0
0.983246 0.725984 1
0.996677 1 0
0.989773 1 0
0.983824 0.732534 1
0.993664 1 0
0.987212 1 0
0.996606 1 0
0.985425 1 0
0.985261 1 0
0.990296 1 0
0.981113 0.703175 1
0.995241 1 0
0.987863 1 0
0.981746 0.709726 1
0.993571 1 0
0.985249 1 0
0.99579 1 0
0.983353 0.727189 1
0.998545 1 0
0.991889 1 0
0.996319 1 0
0.987415 1 0
0.99197 1 0
0.994132 1 0
0.983747 0.731652 1
0.99287 1 0
0.985824 1 0
0.994582 1 0
0.990278 1 0
0.987874 1 0
0.98993 1 0
0.991318 1 0
0.985888 1 0
0.984444 1 0
0.982668 0.719601 1
0.984981 1 0
0.985702 1 0
0.985372 1 0
0.989574 1 0
0.995109 1 0
0.984698 1 0
0.987868 1 0
0.99633 1 0
0.990345 1 0
0.992561 1 0
0.994512 1 0
0.992251 1 0
0.991747 1 0
0.992251 1 0
0.997335 1 0
0.987325 1 0
0.989218 1 0
0.998924 1 0
0.992228 1 0
0.991428 1 0
0.996384 1 0
0.992152 1 0
0.99379 1 0
0.985048 1 0
0.990901 1 0
0.980538 0.697365 1
0.993338 1 0
0.988803 1 0
0.982305 0.715661 1
0.996078 1 0
0.986119 1 0
0.997403 1 0
0.983926 1 0
0.991824 1 0
0.991788 1 0
0.98843 1 0
0.983719 0.731337 1
0.994356 1 0
0.996565 1 0
0.985398 1 0
0.996894 1 0
0.985866 1 0
0.99678 1 0
0.990737 1 0
0.997396 1 0
0.985764 1 0
0.991435 1 0
0.996124 1 0
0.989409 1 0
0.994162 1 0
0.993425 1 0
0.995178 1 0
0.991021 1 0
0.988044 1 0
0.994111 1 0
0.983115 0.724523 1
0.987908 1 0
0.994689 1 0
0.988522 1 0
0.994015 1 0
0.992689 1 0
0.99309 1 0
0.989932 1 0
0.988134 1 0
0.9925 1 0
0.984097 1 0
0.997766 1 0
0.989865 1 0
0.984205 1 0
0.992689 1 0
0.987398 1 0
0.995734 1 0
0.985784 1 0
0.992241 1 0
0.997092 1 0
0.98734 1 0
0.988948 1 0
0.999 1 0
0.992418 1 0
0.991218 1 0
0.9966 1 0
0.991889 1 0
0.993965 1 0
0.996998 1 0
0.993819 1 0
0.992979 1 0
0.987151 1 0
0.994914 1 0
0.99675 1 0
0.985733 1 0
0.996401 1 0
0.987268 1 0
0.997914 1 0
0.982986 0.723093 1
0.989441 1 0
0.978041 0.67374 1
0.985784 1 0
0.989409 1 0
0.983246 0.725984 1
0.995009 1 0
0.987367 1 0
0.992139 1 0
0.984621 1 0
0.997396 1 0
0.992585 1 0
0.994286 1 0
0.986496 1 0
0.993491 1 0
0.996653 1 0
0.984433 1 0
0.995044 1 0
0.986096 1 0
0.997141 1 0
0.990918 1 0
0.988687 1 0
0.99023 1 0
0.991933 1 0
0.986683 1 0
0.985082 1 0
0.983419 0.727929 1
0.985733 1 0
0.986443 1 0
0.986053 1 0
0.984515 1 0
0.991109 1 0
0.979562 0.687835 1
0.98799 1 0
0.990619 1 0
0.984115 1 0
0.997141 1 0
0.988298 1 0
0.994359 1 0
0.985591 1 0
0.991182 1 0
0.990951 1 0
0.988039 1 0
0.982885 0.721983 1
0.993531 1 0
0.99633 1 0
0.984692 1 0
0.996048 1 0
0.985082 1 0
0.996202 1 0
0.99037 1 0
0.993136 1 0
0.986103 1 0
0.984954 1 0
0.995771 1 0
0.993419 1 0
0.988364 1 0
0.996588 1 0
0.988305 1 0
0.994352 1 0
0.994193 1 0
0.992 1 0
0.991245 1 0
0.98456 1 0
0.994005 1 0
0.999176 1 0
0.984516 1 0
0.996582 1 0
0.985549 1 0
0.999 1 0
0.993093 1 0
0.991943 1 0
0.990778 1 0
0.9939 1 0
0.989844 1 0
0.987431 1 0
0.986358 1 0
0.988663 1 0
0.989306 1 0
0.988604 1 0
0.993897 1 0
0.998559 1 0
0.988901 1 0
0.990364 1 0
0.998545 1 0
0.992651 1 0
0.990737 1 0
0.996287 1 0
0.992107 1 0
0.994289 1 0
0.984738 1 0
0.988191 1 0
0.981394 0.706064 1
0.996068 1 0
0.985533 1 0
0.980226 0.694277 1
0.989449 1 0
0.983152 0.724935 1
0.992027 1 0
0.981751 0.709781 1
0.997603 1 0
0.99196 1 0
0.99579 1 0
0.989169 1 0
0.991257 1 0
0.991872 1 0
0.984196 1 0
0.991446 1 0
0.986607 1 0
0.992585 1 0
0.986017 1 0
0.990327 1 0
0.982161 0.714123 1
0.996843 1 0
0.987732 1 0
0.982007 0.71248 1
0.992029 1 0
0.985229 1 0
0.994678 1 0
0.983583 0.729788 1
0.985945 1 0
0.992561 1 0
0.98104 0.702431 1
0.990392 1 0
0.991428 1 0
0.984717 1 0
0.998924 1 0
0.988855 1 0
0.99678 1 0
0.986282 1 0
0.994095 1 0
0.998191 1 0
0.989287 1 0
0.992954 1 0
0.995771 1 0
0.990829 1 0
0.990918 1 0
0.993771 1 0
0.993119 1 0
0.992413 1 0
0.987991 1 0
0.992587 1 0
0.983871 1 0
0.99732 1 0
0.989985 1 0
0.984201 1 0
0.993127 1 0
0.987477 1 0
0.99616 1 0
0.985791 1 0
0.993362 1 0
0.992561 1 0
0.990705 1 0
0.994186 1 0
0.990427 1 0
0.987795 1 0
0.986927 1 0
0.989178 1 0
0.989854 1 0
0.989015 1 0
0.988191 1 0
0.988418 1 0
0.986306 1 0
0.994825 1 0
0.985924 1 0
0.982629 0.719172 1
0.9854 1 0
0.984284 1 0
0.988479 1 0
0.983877 1 0
0.987713 1 0
0.99374 1 0
0.983057 0.723882 1
0.994051 1 0
0.991605 1 0
0.985121 1 0
0.996335 1 0
0.988919 1 0
0.999434 1 0
0.986747 1 0
0.989803 1 0
0.992923 1 0
0.986096 1 0
0.99872 1 0
0.99023 1 0
0.985297 1 0
0.990829 1 0
0.988031 1 0
0.993936 1 0
0.986808 1 0
0.982827 0.721345 1
0.985229 1 0
0.980212 0.694142 1
0.993461 1 0
0.982553 0.718344 1
0.977818 0.671745 1
0.985878 1 0
0.980346 0.695462 1
0.988457 1 0
0.979257 0.684935 1
0.99347 1 0
0.989589 1 0
0.993365 1 0
0.990294 1 0
0.98809 1 0
0.98768 1 0
0.983019 0.723462 1
0.98767 1 0
0.985857 1 0
0.988457 1 0
0.994018 1 0
0.997004 1 0
0.989478 1 0
0.993897 1 0
0.994574 1 0
0.990064 1 0
0.990504 1 0
0.992703 1 0
0.993002 1 0
0.991595 1 0
0.99056 1 0
0.994071 1 0
0.986055 1 0
0.985957 1 0
0.996582 1 0
0.99287 1 0
0.989493 1 0
0.9966 1 0
0.989454 1 0
0.994018 1 0
0.986863 1 0
0.991892 1 0
0.982638 0.71927 1
0.996165 1 0
0.989406 1 0
0.983353 0.727189 1
0.993965 1 0
0.986814 1 0
0.99675 1 0
0.98496 1 0
0.989696 1 0
0.995641 1 0
0.984997 1 0
0.994384 1 0
0.993299 1 0
0.986981 1 0
0.994914 1 0
0.990652 1 0
0.997529 1 0
0.988609 1 0
0.98809 1 0
0.989654 1 0
0.985408 1 0
0.997092 1 0
0.987024 1 0
0.982892 0.722059 1
0.987618 1 0
0.985079 1 0
0.990676 1 0
0.984276 1 0
0.988873 1 0
0.990823 1 0
0.985862 1 0
0.998115 1 0
0.988174 1 0
0.983838 0.732701 1
0.988663 1 0
0.98617 1 0
0.991747 1 0
0.98526 1 0
0.994217 1 0
0.987753 1 0
0.998587 1 0
0.985304 1 0
0.987473 1 0
0.990315 1 0
0.979898 0.691071 1
0.988335 1 0
0.982295 0.715555 1
0.990307 1 0
0.990693 1 0
0.990048 1 0
0.988847 1 0
0.994412 1 0
0.987744 1 0
0.985023 1 0
0.985624 1 0
0.986369 1 0
0.988693 1 0
0.986204 1 0
0.996695 1 0
0.990901 1 0
0.995641 1 0
0.985361 1 0
0.991716 1 0
0.995963 1 0
0.982731 0.72029 1
0.993374 1 0
0.98449 1 0
0.99579 1 0
0.993531 1 0
0.993395 1 0
0.990413 1 0
0.994611 1 0
0.991182 1 0
0.988161 1 0
0.987771 1 0
0.9898 1 0
0.990671 1 0
0.989454 1 0
0.990294 1 0
0.99347 1 0
0.986491 1 0
0.998158 1 0
0.990778 1 0
0.985845 1 0
0.990985 1 0
0.988589 1 0
0.994081 1 0
0.98736 1 0
0.984556 1 0
0.991182 1 0
0.979634 0.688518 1
0.988989 1 0
0.990315 1 0
0.983675 0.730832 1
0.998401 1 0
0.987848 1 0
0.995393 1 0
0.985202 1 0
0.984997 1 0
0.98783 1 0
0.981964 0.712021 1
0.996048 1 0
0.985149 1 0
0.980199 0.694007 1
0.988263 1 0
0.982885 0.721983 1
0.990985 1 0
0.981679 0.709023 1
0.998389 1 0
0.991788 1 0
0.99633 1 0
0.987171 1 0
0.99196 1 0
0.994359 1 0
0.983627 0.730289 1
0.992954 1 0
0.985668 1 0
0.994753 1 0
0.984636 1 0
0.990541 1 0
0.980113 0.693162 1
0.992931 1 0
0.988493 1 0
0.981964 0.712021 1
0.996145 1 0
0.985808 1 0
0.997092 1 0
0.983583 0.729788 1
0.992149 1 0
0.99633 1 0
0.98735 1 0
0.988134 1 0
0.998784 1 0
0.992954 1 0
0.990568 1 0
0.997176 1 0
0.991096 1 0
0.994437 1 0
0.992587 1 0
0.998601 1 0
0.987592 1 0
0.990543 1 0
0.998213 1 0
0.991576 1 0
0.991992 1 0
0.995516 1 0
0.993127 1 0
0.993197 1 0
0.991766 1 0
0.989924 1 0
0.990475 1 0
0.99287 1 0
0.987874 1 0
0.985957 1 0
0.984596 1 0
0.98683 1 0
0.987604 1 0
0.987007 1 0
0.988188 1 0
0.994001 1 0
0.983594 0.72991 1
0.994719 1 0
0.991716 1 0
0.985356 1 0
0.995619 1 0
0.989053 1 0
0.99872 1 0
0.986981 1 0
0.996606 1 0
0.994005 1 0
0.992539 1 0
0.987104 1 0
0.995257 1 0
0.996881 1 0
0.985984 1 0
0.996843 1 0
0.98744 1 0
0.998213 1 0
0.990765 1 0
0.985934 1 0
0.992957 1 0
0.986927 1 0
0.984668 1 0
0.985458 1 0
0.97928 0.685147 1
0.984626 1 0
0.982134 0.713831 1
0.985895 1 0
0.991788 1 0
0.994629 1 0
0.987848 1 0
0.996677 1 0
0.991982 1 0
0.987317 1 0
0.990671 1 0
0.98993 1 0
0.993655 1 0
0.988818 1 0
0.98879 1 0
0.99118 1 0
0.985567 1 0
0.998834 1 0
0.988506 1 0
0.98392 1 0
0.989359 1 0
0.986411 1 0
0.992439 1 0
0.985376 1 0
0.994071 1 0
0.997562 1 0
0.989147 1 0
0.989404 1 0
0.999106 1 0
0.993543 1 0
0.990018 1 0
0.997283 1 0
0.991209 1 0
0.995174 1 0
0.990181 1 0
0.993127 1 0
0.986491 1 0
0.998389 1 0
0.990442 1 0
0.98562 1 0
0.990642 1 0
0.988289 1 0
0.993743 1 0
0.987121 1 0
0.986051 1 0
0.992684 1 0
0.981104 0.70308 1
0.989533 1 0
0.991911 1 0
0.985261 1 0
0.997876 1 0
0.989439 1 0
0.995804 1 0
0.986791 1 0
0.987415 1 0
0.991129 1 0
0.983723 0.731378 1
0.998545 1 0
0.988457 1 0
0.983097 0.72433 1
0.991252 1 0
0.986079 1 0
0.994203 1 0
0.984641 1 0
0.990866 1 0
0.989681 1 0
0.988358 1 0
0.981775 0.710028 1
0.992159 1 0
0.9966 1 0
0.983158 0.724999 1
0.994798 1 0
0.983643 0.730465 1
0.995804 1 0
0.990642 1 0
0.992119 1 0
0.987548 1 0
0.997283 1 0
0.989544 1 0
0.985533 1 0
0.988677 1 0
0.987694 1 0
0.991766 1 0
0.986927 1 0
0.99362 1 0
0.993127 1 0
0.989938 1 0
0.985254 1 0
0.99545 1 0
0.997403 1 0
0.986047 1 0
0.998158 1 0
0.986867 1 0
0.998389 1 0
0.990425 1 0
0.993482 1 0
0.986062 1 0
0.985324 1 0
0.996078 1 0
0.993197 1 0
0.988803 1 0
0.996606 1 0
0.988741 1 0
0.994217 1 0
0.983297 0.726559 1
0.985821 1 0
0.980575 0.697734 1
0.994051 1 0
0.983144 0.724844 1
0.978342 0.676456 1
0.986479 1 0
0.980918 0.701185 1
0.989076 1 0
0.979793 0.690056 1
0.996843 1 0
0.995012 1 0
0.992241 1 0
0.988143 1 0
0.995958 1 0
0.995847 1 0
0.986902 1 0
0.9969 1 0
0.988452 1 0
0.997313 1 0
0.996513 1 0
0.99231 1 0
0.994401 1 0
0.990625 1 0
0.99112 1 0
0.990642 1 0
0.984971 1 0
0.990834 1 0
0.987556 1 0
0.991546 1 0
0.987707 1 0
0.990558 1 0
0.984395 1 0
0.998834 1 0
0.987868 1 0
0.982986 0.723093 1
0.989721 1 0
0.985654 1 0
0.992727 1 0
0.984473 1 0
0.997396 1 0
0.995342 1 0
0.992521 1 0
0.98891 1 0
0.995766 1 0
0.995044 1 0
0.987131 1 0
0.996186 1 0
0.988861 1 0
0.996445 1 0
0.992142 1 0
0.989359 1 0
0.990444 1 0
0.98196 0.711987 1
0.991485 1 0
0.997876 1 0
0.982091 0.713379 1
0.994162 1 0
0.982973 0.722954 1
0.996335 1 0
0.983306 0.726664 1
0.989912 1 0
0.978412 0.677091 1
0.988511 1 0
0.988946 1 0
0.982303 0.715649 1
0.997876 1 0
0.986469 1 0
0.994798 1 0
0.983832 0.732631 1
0.98676 1 0
0.993401 1 0
0.981826 0.710568 1
0.990372 1 0
0.992405 1 0
0.985698 1 0
0.997914 1 0
0.98985 1 0
0.996553 1 0
0.987257 1 0
0.991266 1 0
0.994469 1 0
0.986766 1 0
0.986272 1 0
0.997092 1 0
0.993482 1 0
0.989287 1 0
0.997313 1 0
0.989456 1 0
0.994689 1 0
0.998389 1 0
0.991933 1 0
0.99633 1 0
0.988224 1 0
0.991633 1 0
0.993039 1 0
0.983926 1 0
0.992187 1 0
0.986168 1 0
0.99362 1 0
0.994095 1 0
0.988694 1 0
0.995766 1 0
0.987908 1 0
0.987732 1 0
0.988799 1 0
0.981412 0.706248 1
0.987898 1 0
0.984076 1 0
0.989251 1 0
0.991005 1 0
0.987007 1 0
0.992067 1 0
0.988792 1 0
0.985458 1 0
0.985357 1 0
0.980799 0.699985 1
0.985079 1 0
0.983727 0.731419 1
0.986008 1 0
0.99363 1 0
0.991306 1 0
0.991016 1 0
0.983852 0.732853 1
0.993374 1 0
0.999368 1 0
0.983911 1 0
0.996008 1 0
0.984884 1 0
0.998281 1 0
0.989495 1 0
0.995847 1 0
0.98452 1 0
0.989576 1 0
0.995833 1 0
0.989212 1 0
0.994289 1 0
0.99341 1 0
0.994217 1 0
0.990737 1 0
0.988039 1 0
0.99168 1 0
0.984319 1 0
0.999 1 0
0.988998 1 0
0.983704 0.731159 1
0.991302 1 0
0.986648 1 0
0.994328 1 0
0.985244 1 0
0.988799 1 0
0.99219 1 0
0.985107 1 0
0.9994 1 0
0.989495 1 0
0.984369 1 0
0.991051 1 0
0.987212 1 0
0.994135 1 0
0.985895 1 0
0.991245 1 0
0.993926 1 0
0.987477 1 0
0.99732 1 0
0.991272 1 0
0.98665 1 0
0.990444 1 0
0.989218 1 0
0.993491 1 0
0.988138 1 0
0.98783 1 0
0.993232 1 0
0.983028 0.723563 1
0.986318 1 0
0.994574 1 0
0.989212 1 0
0.992263 1 0
0.993197 1 0
0.991272 1 0
0.990469 1 0
8 7 16 19 31 40 59 64 91 
6 2 15 38 43 51 74 
0 
10 13 48 55 56 61 72 73 75 79 98 
4 12 15 38 74 
2 78 87 
6 23 42 47 65 76 89 
11 6 15 24 29 34 36 70 80 83 86 94 
7 4 17 44 47 53 54 69 
4 31 36 87 94 
