70 15 1e+07
1.16881 157317
2.42213 119590
2.88466 113564
1.93543 172708
2.32038 180493
1.48656 113871
2.1024 151895
1.58233 112544
1.65613 134366
1.38303 163919
1.92779 132663
2.94215 141866
2.52381 108917
1.44542 102599
2.37096 170397
1.43488 115246
1.72697 181452
2.20139 118524
1.90034 147907
1.79617 190904
1.05279 149216
2.05209 194108
1.50354 189463
2.52561 187405
1.91599 195127
1.18383 129967
2.34431 126642
1.56515 170229
1.0585 165571
1.84441 105593
1.06715 164042
1.82352 172033
1.36259 177571
1.43705 114451
1.8264 118255
1.07794 191614
2.91932 173709
2.34088 153268
2.62519 120040
1.18735 113433
1.5543 100068
2.19133 169357
1.98928 101346
1.90524 144001
2.03625 199854
1.16331 161043
1.41834 147382
2.05503 181294
1.20291 167951
1.5839 196201
2.04243 191723
2.2808 145319
1.77076 108207
1.50457 199400
2.30329 160994
1.67435 181936
1.57985 150963
1.27133 133883
2.95419 159288
1.86519 168731
2.82242 185761
1.57465 155021
1.35168 152334
2.67126 152360
2.49391 147237
2.43604 174760
1.79147 198013
2.87615 151868
2.61543 173292
2.36606 118367
0.959044 0.556165 2
0.873418 0.000647407 10
0.888562 0.0086073 7
0.934496 0.251904 3
0.926402 0.237093 3
0.934536 0.251988 3
0.899384 0.0210531 6
0.885847 0.00381053 8
0.855052 3.28391e-06 16
0.853678 3.1807e-06 16
0.919477 0.111923 4
0.879245 0.00157537 9
0.895176 0.020078 6
0.873313 0.000646341 10
0.887377 0.00848644 7
0.921741 0.114452 4
0.929395 0.242074 3
0.893072 0.00911037 7
0.889939 0.00404487 8
0.879293 0.000713379 10
0.916127 0.108538 4
0.900561 0.021351 6
0.910458 0.0500274 5
0.894522 0.00928864 7
0.884293 0.00170388 9
0.894537 0.00929057 7
0.847617 1.7297e-08 22
0.978218 1 1
0.927733 0.239244 3
0.929907 0.24298 3
0.975087 1 1
0.895573 0.0201644 6
0.938928 0.262115 3
0.985582 1 1
0.973945 1 1
0.980151 1 1
0.949538 0.5238 2
0.925632 0.235893 3
0.890867 0.00885532 7
0.894695 0.00931055 7
0.977724 1 1
0.932178 0.247207 3
0.888559 0.00396221 8
0.896593 0.0203917 6
0.915231 0.107698 4
0.957656 0.550653 2
0.884122 7.61267e-05 13
0.890058 0.000409911 11
0.926463 0.0624993 5
0.917026 0.0272324 6
0.934501 0.133672 4
0.900785 0.00233996 9
0.8914 0.000423705 11
0.862251 2.89535e-08 22
0.859149 1.13236e-08 23
0.915886 0.0266883 6
0.871963 2.29913e-06 17
0.910911 0.0121475 7
0.883749 7.53558e-05 13
0.896366 0.00212569 9
0.964062 0.372414 3
0.869702 7.97232e-09 24
0.90728 0.00136136 10
0.969486 0.60931 2
0.965127 0.380203 3
0.949518 0.174394 4
0.917412 0.00716238 8
0.895036 0.000106255 13
0.861491 9.39443e-11 29
0.864538 5.56965e-10 27
0.94663 0.164334 4
0.915578 0.00681122 8
0.873868 1.03776e-07 21
0.870366 1.82234e-08 23
0.88767 1.848e-05 15
0.946 0.282579 3
0.951645 0.303712 3
0.939931 0.145435 4
0.923027 0.0591046 5
0.912788 0.0253353 6
0.954446 0.316195 3
0.94754 0.287863 3
0.95562 0.321886 3
0.929351 0.0657666 5
0.92346 0.0595063 5
0.935232 0.135102 4
0.888355 0.000393544 11
0.943122 0.273547 3
0.951799 0.304359 3
0.966846 0.593648 2
0.934023 0.13276 4
0.963781 0.577488 2
0.948719 0.292144 3
0.916853 0.027148 6
0.907604 0.00560163 8
0.947921 0.289223 3
0.953622 0.31237 3
0.970162 0.613599 2
0.945608 0.281285 3
0.939311 0.143948 4
0.933166 0.131168 4
0.890222 0.00019316 12
0.936304 0.137281 4
0.964646 0.581846 2
0.982943 0.722613 2
0.888163 0.0085661 7
0.958913 0.555634 2
0.940818 0.502827 2
0.882291 0.00363067 8
0.876211 0.00150751 9
0.907462 0.101362 4
0.934843 0.252643 3
0.962698 0.572244 2
0.999553 1 1
0.982337 1 1
0.903743 0.0466506 5
0.878695 0.00156261 9
0.900476 0.0452586 5
0.961393 0.566228 2
0.960287 0.561372 2
0.974588 1 1
0.89262 0.0195457 6
0.936066 0.493864 2
0.987816 1 1
0.975994 1 1
0.976925 1 1
0.946538 0.515812 2
0.92249 0.23131 3
0.887844 0.00853352 7
0.891743 0.0193721 6
0.975565 1 1
0.932146 0.247145 3
0.886476 0.00839742 7
0.89362 0.019749 6
0.912166 0.105008 4
0.965219 0.584816 2
0.901887 0.0217014 6
0.903826 0.0466879 5
0.930138 0.243394 3
0.919523 0.111972 4
0.94604 0.51457 2
0.91443 0.106969 4
0.907799 0.0485967 5
0.879045 0.000710329 10
0.875205 0.000666173 10
0.924764 0.234579 3
0.877586 0.000692889 10
0.925889 0.23629 3
0.90151 0.0216001 6
0.914164 0.10673 4
0.945924 0.282325 3
0.909206 0.0058096 8
0.895814 0.00099779 10
0.911313 0.0122444 7
0.900616 0.00233099 9
0.931731 0.0687894 5
0.905489 0.0053493 8
0.905351 0.00533367 8
0.880936 1.47469e-05 15
0.874461 2.49406e-06 17
0.909545 0.00585567 8
0.861915 5.59764e-09 24
0.94433 0.157206 4
0.908302 0.00569039 8
0.917307 0.0273705 6
0.984105 1 1
0.890551 0.00189805 9
0.911761 0.0507789 5
0.9546 0.539534 2
0.944579 0.277989 3
0.958972 0.555872 2
0.92286 0.115782 4
0.907691 0.0234476 6
0.875226 0.000134751 12
0.874875 0.000133765 12
0.942668 0.272215 3
0.898497 0.00982623 7
0.902494 0.0218674 6
0.890776 0.00409703 8
0.906642 0.0231037 6
0.908905 0.0116877 7
0.957605 0.332173 3
0.962086 0.569385 2
0.903981 0.00518329 8
0.897634 0.00218303 9
0.929446 0.0658812 5
0.9574 0.33107 3
0.98617 1 1
0.975714 0.653857 2
0.975946 0.655753 2
0.925834 0.0618406 5
0.897034 0.00102769 10
0.906086 0.00541809 8
0.960206 0.561023 2
0.971597 0.623129 2
0.923433 0.116485 4
0.898862 0.0209248 6
0.97034 1 1
0.943672 0.50897 2
0.943988 0.509688 2
0.945779 0.513931 2
0.96863 1 1
0.941993 0.50528 2
0.914159 0.106726 4
0.925709 0.236012 3
0.96467 0.581967 2
0.960475 0.562181 2
0.86665 5.03752e-05 13
0.900926 0.021446 6
0.918568 0.110964 4
0.969619 0.610145 2
0.928917 0.0652489 5
0.939492 0.144379 4
0.943463 0.154701 4
0.932452 0.0697699 5
0.973494 0.636632 2
0.949994 0.297009 3
0.944119 0.156589 4
0.912251 0.0124778 7
0.909915 0.0119143 7
0.950595 0.299395 3
0.900561 0.00232807 9
0.927912 0.0640874 5
0.9293 0.0657056 5
0.946086 0.282865 3
0.923891 0.233295 3
0.969943 1 1
0.952558 0.532813 2
0.910484 0.103643 4
0.902076 0.0459229 5
0.9403 0.501776 2
0.954536 0.539315 2
0.978989 1 1
0.958187 0.552727 2
0.951433 0.529334 2
0.929031 0.241439 3
0.890117 0.00877261 7
0.928982 0.241355 3
0.971632 1 1
0.992263 1 1
0.938814 0.261829 3
0.922936 0.059021 5
0.986411 1 1
0.945404 0.280621 3
0.940244 0.265499 3
0.963435 0.575787 2
0.996186 1 1
0.965184 0.584636 2
0.931157 0.127653 4
0.938386 0.260771 3
0.969521 0.609525 2
0.935871 0.136389 4
0.891944 0.00194786 9
0.924849 0.118289 4
0.943849 0.275731 3
0.986595 1 1
0.895056 0.00935659 7
0.914553 0.0525167 5
0.953593 0.536152 2
0.943106 0.2735 3
0.961635 0.56732 2
0.925693 0.119411 4
0.911511 0.0506319 5
0.879174 0.000711902 10
0.878479 0.000703458 10
0.943775 0.509203 2
0.898171 0.00977925 7
0.906782 0.0480839 5
0.895259 0.00938276 7
0.911063 0.050372 5
0.965645 0.587071 2
0.927857 0.122464 4
0.928051 0.12275 4
0.934612 0.252149 3
0.923474 0.116536 4
0.962038 0.569162 2
0.938119 0.26012 3
0.935571 0.254225 3
0.906352 0.0230109 6
0.902251 0.0218004 6
0.939 0.262297 3
0.88944 0.00186021 9
0.936822 0.257047 3
0.927791 0.122366 4
0.942199 0.270865 3
0.949298 0.523126 2
0.94877 0.521668 2
0.94862 0.521259 2
0.929663 0.125219 4
0.919703 0.112166 4
0.961491 0.566668 2
0.956657 0.546869 2
0.96179 0.568026 2
0.9319 0.246672 3
0.927927 0.122567 4
0.943505 0.27469 3
0.896804 0.00958795 7
0.934071 0.251013 3
0.949399 0.523408 2
0.967141 0.595314 2
0.956585 0.5466 2
0.938865 0.261956 3
0.956493 0.546261 2
0.94113 0.267879 3
0.931363 0.127999 4
0.973141 0.634034 2
0.966216 0.590159 2
0.96207 0.569309 2
0.92815 0.122898 4
0.927112 0.121384 4
0.955991 0.544427 2
0.908333 0.0115637 7
0.922531 0.0586537 5
0.939841 0.264446 3
0.958969 0.555862 2
0.966701 0.39239 3
0.931304 0.0682227 5
0.937976 0.0784551 5
0.939931 0.0821049 5
0.928956 0.0349374 6
0.969939 0.612172 2
0.94818 0.16957 4
0.944276 0.157046 4
0.913233 0.00640658 8
0.910243 0.00297502 9
0.947272 0.166459 4
0.8975 0.000239862 12
0.931392 0.0683391 5
0.931589 0.0685995 5
0.947883 0.168539 4
0.936955 0.495432 2
0.901143 0.0455315 5
0.885281 0.00828301 7
0.902677 0.046181 5
0.892254 0.0194727 6
0.921371 0.229789 3
0.894854 0.0431599 5
0.895051 0.0432277 5
0.871781 0.00141858 9
0.864856 0.000250468 11
0.899603 0.0449101 5
0.852754 7.20934e-06 15
0.942027 0.505353 2
0.900071 0.0450956 5
0.907807 0.101612 4
0.939578 0.500344 2
0.95139 0.529201 2
0.964286 1 1
0.928464 0.240468 3
0.919946 0.227931 3
0.958388 0.553522 2
0.970013 1 1
0.979019 1 1
0.945075 0.51223 2
0.943646 0.50891 2
0.947262 0.517659 2
0.905374 0.0474022 5
0.921337 0.229745 3
0.952886 0.533858 2
0.973155 1 1
0.907014 0.0481992 5
0.975831 1 1
0.914306 0.106857 4
0.884288 0.00372922 8
0.874704 0.000296481 11
0.914537 0.107065 4
0.917486 0.109863 4
0.939853 0.264475 3
0.936355 0.255976 3
0.922652 0.115531 4
0.897936 0.0207024 6
0.856061 1.46258e-06 17
0.96168 0.567523 2
0.973553 1 1
0.965524 0.586428 2
0.946257 0.16313 4
0.86977 3.93423e-08 22
0.877567 1.26886e-06 18
0.91936 0.0146081 7
0.911143 0.00608248 8
0.922362 0.0301707 6
0.888227 4.01259e-05 14
0.877494 1.26539e-06 18
0.848385 9.13864e-12 0
0.845667 7.99854e-12 0
0.9058 0.00264093 9
0.864939 2.85124e-09 25
0.898375 0.00051112 11
0.869384 3.86942e-08 22
0.881807 3.23614e-06 17
0.97714 0.665814 2
0.89426 0.000216956 12
0.907524 0.00276203 9
0.943768 0.155572 4
0.933499 0.0712522 5
0.953432 0.311505 3
0.918532 0.0143222 7
0.906815 0.00271101 9
0.875683 5.39209e-07 19
0.873865 2.28236e-07 20
0.934501 0.0727384 5
0.888896 4.10234e-05 14
0.911485 0.00613338 8
0.894232 0.000216774 12
0.908873 0.00286413 9
0.937704 0.0779744 5
0.858915 1.59675e-11 0
0.868926 7.6819e-09 24
0.914406 0.00660317 8
0.907234 0.00135947 10
0.913753 0.00649227 8
0.87951 1.36731e-06 18
0.86757 3.2358e-09 25
0.838318 5.67677e-12 0
0.836055 5.13062e-12 0
0.898878 0.000250846 12
0.86066 8.98461e-11 29
0.887589 1.84271e-05 15
0.858561 1.56516e-11 0
0.871073 1.88301e-08 23
0.971626 0.623323 2
0.915535 0.0133757 7
0.953521 0.31191 3
0.965368 0.585601 2
0.955183 0.319734 3
0.997004 1 1
0.965114 0.584268 2
0.945143 0.159642 4
0.909764 0.00588578 8
0.912273 0.00625376 8
0.976738 0.662365 2
0.925218 0.0320572 6
0.90372 0.00250753 9
0.916616 0.0137021 7
0.935709 0.0746221 5
0.954312 0.538551 2
0.931925 0.24672 3
0.967809 0.599167 2
0.94791 0.519353 2
0.9393 0.263054 3
0.977026 1 1
0.978753 1 1
0.964639 0.58181 2
0.928554 0.123504 4
0.930676 0.244372 3
0.966746 0.59309 2
0.920588 0.113137 4
0.909982 0.049761 5
0.933313 0.249458 3
0.953133 0.534653 2
0.905491 0.0109896 7
0.954463 0.316275 3
0.961749 0.567837 2
0.901818 0.00496327 8
0.895848 0.00210316 9
0.926408 0.0624417 5
0.955886 0.544049 2
0.982608 1 1
0.977622 0.670017 2
0.980418 0.696168 2
0.923985 0.0600022 5
0.897323 0.00216867 9
0.902011 0.00498214 8
0.957093 0.548503 2
0.96717 0.595482 2
0.917018 0.224362 3
0.915667 0.222819 3
0.88157 0.00795115 7
0.884134 0.00817677 7
0.873575 0.00145328 9
0.908043 0.101784 4
0.889496 0.0189473 6
0.897546 0.0441227 5
0.88115 0.00791561 7
0.87118 0.00140733 9
0.886279 0.00837832 7
0.839508 3.16953e-08 21
0.969093 1 1
0.913979 0.106566 4
0.916122 0.223332 3
0.931902 0.246675 3
0.965318 0.585336 2
0.935547 0.254171 3
0.910086 0.10333 4
0.900253 0.021272 6
0.941232 0.503679 2
0.940991 0.503181 2
0.957051 0.548342 2
0.937735 0.259192 3
0.929046 0.241466 3
0.923838 0.233218 3
0.879366 0.00157822 9
0.949616 0.524018 2
0.96514 0.584405 2
0.976438 1 1
0.934522 0.133712 4
0.955608 0.543055 2
0.963783 0.577496 2
0.923723 0.116846 4
0.915438 0.0531062 5
0.953234 0.534977 2
0.967854 0.599427 2
0.983023 1 1
0.95013 0.297545 3
0.948054 0.289702 3
0.942968 0.273092 3
0.90272 0.0104905 7
0.921627 0.0578554 5
0.957253 0.54911 2
0.977598 1 1
0.942486 0.506341 2
0.904454 0.0469732 5
0.969296 1 1
0.960371 0.561731 2
0.957762 0.551063 2
0.964898 0.583143 2
0.975492 1 1
0.945127 0.512355 2
0.912227 0.105059 4
0.920578 0.113127 4
0.984005 1 1
0.953019 0.534284 2
0.879099 0.00157198 9
0.906223 0.0478092 5
0.925171 0.235191 3
0.9429 0.507246 2
0.857612 4.22704e-05 13
0.873741 0.00145657 9
0.923685 0.232997 3
0.917308 0.224701 3
0.919025 0.226773 3
0.884348 0.00819629 7
0.869956 0.000613819 10
0.839498 7.48304e-08 20
0.8384 3.07099e-08 21
0.906215 0.100481 4
0.870083 0.000614996 10
0.881532 0.00794787 7
0.85747 4.21602e-05 13
0.871167 0.00140709 9
0.956486 0.546236 2
0.876636 0.00151665 9
0.886934 0.00844246 7
0.928635 0.240759 3
0.919964 0.227953 3
0.932307 0.247459 3
0.897719 0.0206513 6
0.886245 0.00837502 7
0.856342 7.78636e-06 15
0.854057 3.20873e-06 16
0.915518 0.107964 4
0.873661 0.000649897 10
0.901678 0.0457547 5
0.876376 0.00151104 9
0.889603 0.00871705 7
0.913734 0.10635 4
0.861177 4.5197e-05 13
0.927544 0.238932 3
0.947208 0.517518 2
0.956231 0.5453 2
0.926848 0.237803 3
0.929578 0.242395 3
0.901266 0.0455826 5
0.872943 0.000642593 10
0.884022 0.00816657 7
0.949215 0.522896 2
0.988783 1 1
0.838531 5.51565e-09 23
0.862952 0.000106553 12
0.880779 0.00355992 8
0.94988 0.296564 3
0.915205 0.0132794 7
0.972799 0.63156 2
0.958722 0.338359 3
0.952885 0.309056 3
0.974382 0.643332 2
0.983126 0.724651 2
0.95413 0.314713 3
0.919236 0.0145645 7
0.925491 0.0322507 6
0.98282 0.721258 2
0.940204 0.1461 4
0.891123 9.35008e-05 13
0.916858 0.0137773 7
0.936266 0.0755267 5
0.935657 0.254413 3
0.864833 2.14229e-05 14
0.923468 0.116528 4
0.971142 1 1
0.98271 1 1
0.941949 0.270156 3
0.929729 0.242663 3
0.901085 0.0214876 6
0.869018 5.29283e-05 13
0.877153 0.000310409 11
0.959623 0.55856 2
0.960204 0.561015 2
0.851439 1.04918e-07 20
0.866243 2.21084e-05 14
0.884678 0.00171461 9
0.952757 0.533443 2
0.860864 3.7799e-06 16
0.884768 0.00171714 9
0.939495 0.263551 3
0.933873 0.250603 3
0.930035 0.24321 3
0.895335 0.00939263 7
0.877979 0.000697498 10
0.846124 7.06639e-09 23
0.846509 7.15873e-09 23
0.920004 0.112493 4
0.885853 0.00174824 9
0.877893 0.000314867 11
0.86101 3.79378e-06 16
0.876182 0.000304742 11
0.907188 0.101166 4
0.915027 0.222109 3
0.875404 0.00333172 8
0.874884 0.00331135 8
0.864419 0.000248725 11
0.899289 0.0447866 5
0.882768 0.00805461 7
0.892867 0.0195953 6
0.879233 0.00349075 8
0.86831 0.000598984 10
0.877857 0.00343171 8
0.831625 7.80623e-10 25
0.973129 1 1
0.913117 0.105813 4
0.912912 0.105637 4
0.914334 0.0130319 7
0.91546 0.0133537 7
0.984072 0.735395 2
0.926007 0.032624 6
0.923844 0.0311185 6
0.938273 0.141549 4
0.973544 0.637003 2
0.959229 0.34127 3
0.936233 0.0754725 5
0.949095 0.293551 3
0.949469 0.294976 3
0.937939 0.1408 4
0.874992 5.24844e-07 19
0.917786 0.014074 7
0.933707 0.0715542 5
0.921887 0.230485 3
0.871301 0.000626465 10
0.938009 0.497353 2
0.954162 0.538045 2
0.961527 0.566832 2
0.936739 0.495047 2
0.940469 0.502117 2
0.911693 0.104616 4
0.882497 0.00364055 8
0.893215 0.0196659 6
0.959653 0.558686 2
0.985924 1 1
0.848053 5.15379e-07 18
0.873084 0.000644009 10
0.891154 0.0192582 6
0.941468 0.268811 3
0.933205 0.131239 4
0.981555 1 1
0.94105 0.26766 3
0.934248 0.133186 4
0.9653 0.585244 2
0.990881 1 1
0.973436 0.636198 2
0.937279 0.13935 4
0.941837 0.269841 3
0.963493 0.57607 2
0.92493 0.0609238 5
0.902552 0.00503566 8
0.935019 0.13468 4
0.954569 0.31678 3
0.931777 0.246436 3
0.961765 0.567909 2
0.957433 0.549795 2
0.918662 0.111062 4
0.910088 0.0498202 5
0.948777 0.521686 2
0.961109 0.56496 2
0.979924 1 1
0.951722 0.530212 2
0.947359 0.51791 2
0.937046 0.257567 3
0.896435 0.00953788 7
0.927201 0.238373 3
0.963266 0.574964 2
0.983733 1 1
0.939319 0.143967 4
0.938096 0.141151 4
0.979898 0.691071 2
0.936745 0.138207 4
0.929677 0.0661624 5
0.96237 0.36076 3
0.986688 1 1
0.978107 0.674335 2
0.941509 0.149398 4
0.945156 0.159681 4
0.958678 0.338109 3
0.920343 0.0289767 6
0.905935 0.00265008 9
0.939934 0.145442 4
0.959542 0.343093 3
0.899362 0.00226641 9
0.952162 0.305908 3
0.957512 0.331675 3
0.896448 0.00101313 10
0.890819 0.000417627 11
0.920329 0.0289687 6
0.950647 0.299606 3
0.975911 0.655471 2
0.981926 0.711622 2
0.987107 1 1
0.91874 0.0281023 6
0.894479 0.000966904 10
0.897853 0.00104874 10
0.954812 0.317938 3
0.962267 0.570224 2
0.970126 1 1
0.873961 0.000653003 10
0.90609 0.0477448 5
0.963734 0.577256 2
0.957085 0.54847 2
0.950999 0.528029 2
0.916664 0.109054 4
0.896443 0.0203578 6
0.86315 4.6959e-05 13
0.865036 0.000110585 12
0.943505 0.508593 2
0.907857 0.0486266 5
0.881671 0.00360127 8
0.874457 0.000658192 10
0.891251 0.00889839 7
0.887582 0.00180038 9
0.956896 0.547761 2
0.941381 0.26857 3
0.88228 0.000752275 10
0.876346 0.000305685 11
0.907119 0.048252 5
0.935088 0.25317 3
0.962443 0.571046 2
0.997497 1 1
0.984276 1 1
0.903873 0.0222577 6
0.879567 0.000716778 10
0.898657 0.00984952 7
0.959382 0.557556 2
0.958785 0.555116 2
0.97177 0.624318 2
0.876926 2.87171e-05 14
0.902063 0.00498722 8
0.953828 0.53693 2
0.945917 0.282303 3
0.948482 0.291264 3
0.91291 0.0253854 6
0.895525 0.00208934 9
0.862945 3.42844e-07 19
0.863437 3.48337e-07 19
0.9366 0.1379 4
0.897611 0.0045884 8
0.889624 0.000868568 10
0.877194 2.89241e-05 14
0.89311 0.00199169 9
0.920719 0.0570832 5
0.93893 0.262121 3
0.984852 1 1
0.921991 0.0581733 5
0.91666 0.0270549 6
0.943888 0.27585 3
0.97815 0.674717 2
0.983997 1 1
0.954645 0.31714 3
0.962374 0.570722 2
0.945274 0.280201 3
0.918167 0.055058 5
0.896219 0.00211923 9
0.941266 0.268254 3
0.957778 0.551125 2
0.908363 0.00282473 9
0.954512 0.316507 3
0.900749 0.00112992 10
0.881228 6.85919e-06 16
0.871065 9.214e-08 21
0.910483 0.00598671 8
0.905724 0.00263581 9
0.923635 0.0309812 6
0.916092 0.0135418 7
0.903236 0.00120926 10
0.891316 9.40716e-05 13
0.846933 8.50649e-12 0
0.983139 0.724793 2
0.952315 0.306567 3
0.947695 0.167892 4
0.922048 0.0582237 5
0.930506 0.126573 4
0.893999 0.00202652 9
0.890369 0.00088239 10
0.879723 6.78002e-05 13
0.916735 0.0540084 5
0.901447 0.00492751 8
0.911508 0.0248245 6
0.895611 0.00209297 9
0.885363 0.000367553 11
0.895177 0.00207466 9
0.848262 1.12918e-10 28
0.978657 0.679338 2
0.928847 0.12395 4
0.931031 0.127441 4
0.958996 0.339921 3
0.890291 0.000193525 12
0.893534 0.000447451 11
0.925958 0.0619695 5
0.916042 0.0135269 7
0.937067 0.138893 4
0.904191 0.00253662 9
0.896222 0.00100761 10
0.867532 7.98948e-08 21
0.863935 1.37419e-08 23
0.917309 0.0273718 6
0.872067 4.69725e-07 19
0.917543 0.0274882 6
0.889862 0.000191257 12
0.902167 0.00241608 9
0.95013 0.525485 2
0.875433 0.000300504 11
0.88189 0.00164004 9
0.921337 0.113985 4
0.912598 0.051281 5
0.926492 0.237236 3
0.892568 0.00905041 7
0.882582 0.00165789 9
0.8536 5.95467e-07 18
0.850617 1.02383e-07 20
0.909008 0.0492309 5
0.866823 5.0554e-05 13
0.903964 0.0222843 6
0.875028 0.000298254 11
0.887381 0.00389464 8
0.967586 0.597865 2
0.888916 4.10498e-05 14
0.936545 0.0759898 5
0.994289 1 1
0.982704 0.719994 2
0.972426 0.628895 2
0.946403 0.163597 4
0.920685 0.0150895 7
0.886209 1.75544e-05 15
0.89105 9.32887e-05 13
0.977943 0.672859 2
0.938433 0.0792784 5
0.880646 3.09855e-06 17
0.890027 4.26144e-05 14
0.908715 0.00285178 9
0.910938 0.0503001 5
0.945508 0.513269 2
0.896521 0.0203754 6
0.882094 0.00164526 9
0.871735 0.000281077 11
0.91056 0.0500845 5
0.902312 0.0460235 5
0.917887 0.110267 4
0.9079 0.048649 5
0.895717 0.020196 6
0.890458 0.00880994 7
0.84512 3.73412e-08 21
0.991005 1 1
0.94344 0.508447 2
0.940797 0.502784 2
0.892276 0.0041944 8
0.958969 0.555862 2
0.945606 0.281279 3
0.886791 0.00177613 9
0.880718 0.000731427 10
0.911904 0.0508637 5
0.939662 0.263982 3
0.967496 0.59735 2
0.994523 1 1
0.984289 1 1
0.90839 0.0489036 5
0.882953 0.000761638 10
0.901335 0.0215536 6
0.961554 0.566953 2
0.962983 0.5736 2
0.980236 0.694374 2
0.913211 0.00640288 8
0.924121 0.0164933 7
0.945528 0.160828 4
0.934248 0.0723563 5
0.966932 0.394254 3
0.935052 0.0735847 5
0.926105 0.032696 6
0.894789 0.00010537 13
0.892501 4.6451e-05 14
0.944358 0.157289 4
0.895128 0.000106587 13
0.923396 0.016177 7
0.91331 0.00641913 8
0.928699 0.0347223 6
0.953324 0.311018 3
0.888949 4.10958e-05 14
0.945799 0.161674 4
0.983241 0.725932 2
0.982077 0.713229 2
0.966646 0.592532 2
0.953909 0.313686 3
0.925246 0.0320772 6
0.891507 9.46408e-05 13
0.898437 0.000512036 11
0.986293 0.7624 2
0.9535 0.311815 3
0.873459 2.24505e-07 20
0.890369 9.13294e-05 13
0.90932 0.00582501 8
0.956158 0.545032 2
0.877207 0.0015291 9
0.928654 0.240791 3
0.991678 1 1
0.995538 1 1
0.959038 0.556143 2
0.937346 0.258269 3
0.910274 0.103477 4
0.876507 0.000680516 10
0.882461 0.00363882 8
0.969952 1 1
0.944622 0.511159 2
0.868515 0.000117922 12
0.878387 0.00155554 9
0.89695 0.020473 6
0.949676 0.174982 4
0.872475 9.77548e-08 21
0.926128 0.0327126 6
0.985077 0.74729 2
0.9966 1 1
0.953158 0.310274 3
0.934141 0.0721954 5
0.906463 0.00132806 10
0.873134 1.0054e-07 21
0.879733 1.37933e-06 18
0.966423 0.39018 3
0.94875 0.17159 4
0.862716 5.0759e-10 27
0.873716 1.03094e-07 21
0.892248 9.6904e-05 13
0.895046 0.0200498 6
0.965865 1 1
0.944132 0.510021 2
0.887614 0.00851029 7
0.88104 0.00357191 8
0.913845 0.106447 4
0.9394 0.499997 2
0.968737 1 1
0.991182 1 1
0.977412 1 1
0.908681 0.102256 4
0.88066 0.0035545 8
0.90775 0.101571 4
0.968475 1 1
0.968849 1 1
0.966624 0.592409 2
0.926898 0.0629658 5
0.955168 0.319661 3
0.953165 0.310304 3
0.943045 0.15353 4
0.985702 1 1
0.966426 0.591314 2
0.953304 0.310928 3
0.918318 0.027882 6
0.919041 0.0282619 6
0.966176 0.589941 2
0.916145 0.0135578 7
0.914182 0.0129897 7
0.927889 0.0640619 5
0.946936 0.285751 3
0.94218 0.15117 4
0.945215 0.159864 4
0.969535 0.609616 2
0.93373 0.0715888 5
0.925517 0.0322695 6
0.962786 0.363549 3
0.976373 0.659293 2
0.978031 0.673646 2
0.942112 0.150986 4
0.942615 0.152344 4
0.953399 0.311358 3
0.911611 0.00309367 9
0.915823 0.00685641 8
0.9468 0.164891 4
0.966943 0.394342 3
0.953299 0.53519 2
0.878837 0.00347351 8
0.885193 0.00827469 7
0.923596 0.232869 3
0.914584 0.107107 4
0.929782 0.242757 3
0.895895 0.0435237 5
0.886093 0.0083603 7
0.85702 4.18135e-05 13
0.854009 1.71163e-05 14
0.911884 0.104774 4
0.869026 0.000605359 10
0.906655 0.100788 4
0.878447 0.00345673 8
0.890921 0.0192135 6
0.959784 0.559235 2
0.938407 0.260823 3
0.94745 0.287547 3
0.93873 0.26162 3
0.928324 0.123157 4
0.970686 0.617014 2
0.957142 0.548686 2
0.954982 0.54085 2
0.923038 0.115999 4
0.920501 0.056902 5
0.950406 0.298638 3
0.901649 0.0103118 7
0.929255 0.124579 4
0.939009 0.262319 3
0.956749 0.547211 2
0.953006 0.534242 2
0.905612 0.0227788 6
0.898156 0.00977702 7
0.918117 0.1105 4
0.907464 0.0233721 6
0.936756 0.256894 3
0.90824 0.0236333 6
0.905551 0.02276 6
0.879344 0.000323952 11
0.873878 0.00013104 12
0.914817 0.0526908 5
0.867333 2.2663e-05 14
0.936653 0.256656 3
0.904908 0.0225639 6
0.915391 0.0530748 5
0.936072 0.1368 4
0.958278 0.553087 2
0.957744 0.33293 3
0.922357 0.0584978 5
0.913561 0.0256566 6
0.952858 0.308937 3
0.96261 0.571828 2
0.977372 0.667826 2
0.947481 0.287654 3
0.943711 0.275309 3
0.940243 0.146197 4
0.898286 0.00221373 9
0.927603 0.0637406 5
0.95962 0.558548 2
0.979813 0.690251 2
25 0 1 3 4 9 10 11 17 22 25 26 27 31 35 36 40 41 48 50 53 54 55 59 66 68 
60 0 1 2 3 4 5 6 8 9 10 11 13 14 15 16 17 18 19 20 21 22 23 24 25 26 28 29 31 32 33 34 35 36 37 38 39 40 41 43 44 45 46 48 50 52 53 54 55 56 57 59 60 61 62 64 65 66 67 68 69 
52 0 1 2 3 4 5 8 9 10 11 13 14 16 17 18 19 20 21 22 23 25 26 27 28 29 31 34 35 36 37 38 39 40 41 43 44 46 48 50 53 54 55 56 59 60 61 62 64 65 66 67 68 
28 0 1 3 4 8 9 10 11 17 18 22 25 26 27 31 35 36 40 41 48 50 53 54 55 59 61 66 68 
29 0 1 3 4 8 9 10 11 17 18 22 25 26 27 31 35 36 40 41 48 50 53 54 55 59 61 62 66 68 
34 0 1 2 3 4 8 9 10 11 14 17 18 21 22 25 26 27 31 35 36 39 40 41 48 50 53 54 55 56 59 61 62 66 68 
60 0 1 2 3 4 5 6 8 9 10 11 14 15 16 17 18 19 20 21 22 23 24 25 26 27 28 29 31 32 33 34 35 36 37 38 39 40 41 43 44 45 46 48 50 52 53 54 55 56 57 59 60 61 62 64 65 66 67 68 69 
60 0 1 2 3 4 5 6 8 9 10 11 13 14 16 17 18 19 20 21 22 23 25 26 27 28 29 31 32 33 34 35 36 37 38 39 40 41 42 43 44 45 46 48 50 51 53 54 55 56 57 59 60 61 62 64 65 66 67 68 69 
68 0 1 2 3 4 5 6 7 8 9 10 11 12 13 14 15 16 17 18 19 20 21 22 23 24 26 28 29 30 31 32 33 34 35 36 37 38 39 40 41 42 43 44 45 46 47 48 49 50 51 52 53 54 55 56 57 58 59 60 61 62 63 64 65 66 67 68 69 
68 0 1 2 3 4 5 6 7 8 9 10 11 12 13 14 15 16 17 18 19 20 21 22 23 24 26 28 29 30 31 32 33 34 35 36 37 38 39 40 41 42 43 44 45 46 47 48 49 50 51 52 53 54 55 56 57 58 59 60 61 62 63 64 65 66 67 68 69 
47 0 1 2 3 4 5 6 8 9 10 11 14 17 18 19 20 21 22 24 25 26 27 28 29 31 32 35 36 39 40 41 48 50 52 53 54 55 56 57 59 60 61 62 64 66 67 68 
59 0 1 2 3 4 5 6 8 9 10 11 14 15 16 17 18 19 20 21 22 23 24 25 26 27 28 29 31 32 33 34 35 36 37 38 39 40 41 43 44 45 46 48 50 53 54 55 56 57 59 60 61 62 64 65 66 67 68 69 
59 0 1 2 3 4 5 6 8 9 10 11 13 14 16 17 18 19 20 21 22 23 25 26 27 28 29 31 32 33 34 35 36 37 38 39 40 41 42 43 44 45 46 48 50 53 54 55 56 57 59 60 61 62 64 65 66 67 68 69 
62 0 1 2 3 4 5 6 8 9 10 11 13 14 15 16 17 18 19 20 21 22 23 24 25 26 28 29 31 32 33 34 35 36 37 38 39 40 41 42 43 44 45 46 48 50 51 52 53 54 55 56 57 59 60 61 62 64 65 66 67 68 69 
52 0 1 2 3 4 5 6 8 9 10 11 14 17 18 19 20 21 22 23 24 25 26 27 28 29 31 32 33 35 36 39 40 41 45 48 50 52 53 54 55 56 57 59 60 61 62 64 65 66 67 68 69 
