70 15 1e+07
2.54725 143164
1.19039 196788
2.51822 167218
1.67431 189535
1.18328 170140
1.72604 112921
1.07189 129951
2.3941 169817
2.21031 106256
1.7417 127412
2.24996 106032
1.08323 176812
1.14929 121492
1.85798 118864
1.94953 125047
2.61107 101477
2.71531 154106
1.82897 128729
1.22795 192754
1.64027 176275
2.11441 193257
2.06407 127092
2.91237 149117
1.06 157439
1.9543 146417
1.59564 128643
1.03487 142382
2.78893 169783
2.44339 187134
2.41728 189795
1.33399 170614
2.73782 169248
2.02975 191717
1.9943 119872
1.25061 128437
1.53118 180514
1.30929 180588
1.10417 146715
1.53053 103898
1.96741 122280
2.21019 155643
2.45876 113785
1.60279 143846
2.29607 127826
2.47691 115345
1.48223 169562
2.81702 125154
1.04028 138865
1.07964 139450
1.7549 180567
1.7138 181850
1.3078 105223
1.71472 128392
1.8668 141656
1.47998 164472
2.84403 197104
1.11712 104818
1.16371 109157
1.89147 179330
1.30857 111469
1.88698 102333
1.8721 146146
1.27001 195014
2.43547 102951
1.21219 127775
1.26345 115508
1.77653 122603
2.09442 112790
2.18276 186247
1.67521 126683
0.932215 0.0694434 5
0.867165 1.57811e-08 23
0.864587 6.29127e-09 24
0.894551 0.000218863 12
0.972363 0.628448 2
0.913982 0.00653083 8
0.865305 6.49699e-09 24
0.906385 0.00268088 9
0.899245 0.000524256 11
0.853679 1.19901e-11 0
0.877551 1.26811e-06 18
0.977175 0.666113 2
0.943254 0.154114 4
0.886864 3.83902e-05 14
0.920935 0.0293155 6
0.929504 0.124968 4
0.959822 0.559393 2
0.916507 0.0538462 5
0.937273 0.258098 3
0.921005 0.113607 4
0.975551 1 1
0.928562 0.123515 4
0.880903 0.000733834 10
0.998834 1 1
0.876383 0.000138086 12
0.97258 0.62999 2
0.914584 0.0525369 5
0.950228 0.525768 2
0.984535 1 1
0.968463 0.603037 2
0.926164 0.0621837 5
0.930282 0.066911 5
0.998587 1 1
0.965736 0.58756 2
0.871429 4.58822e-07 19
0.927406 0.0635216 5
0.98117 0.703755 2
0.909488 0.00584781 8
0.914914 0.0131957 7
0.949893 0.296614 3
0.926495 0.0625334 5
0.88433 3.54684e-05 14
0.910003 0.0119344 7
0.920578 0.02911 6
0.92569 0.0616924 5
0.967004 0.594538 2
0.89634 0.0095251 7
0.898 0.00975479 7
0.929176 0.241692 3
0.964711 0.582176 2
0.945074 0.512226 2
0.898703 0.00985623 7
0.927287 0.121634 4
0.925411 0.119032 4
0.883424 0.0016802 9
0.906062 0.0229194 6
0.984615 1 1
0.974938 1 1
0.914248 0.0523182 5
0.952892 0.533877 2
0.972461 1 1
0.884425 0.00373618 8
0.908837 0.102374 4
0.935593 0.254273 3
0.928332 0.240244 3
0.926999 0.238046 3
0.903579 0.0465773 5
0.964863 1 1
0.903692 0.046628 5
0.909211 0.102656 4
0.891241 0.0192749 6
0.955534 0.542791 2
0.946652 0.516101 2
0.896151 0.0202922 6
0.934195 0.251272 3
0.931777 0.128707 4
0.969181 0.607412 2
0.958117 0.552449 2
0.965262 0.585045 2
0.893167 0.000938288 10
0.95897 0.555866 2
0.97258 0.62999 2
0.894184 0.000960333 10
0.954258 0.315313 3
0.911237 0.0247199 6
0.968044 0.600544 2
0.89791 0.00219595 9
0.931695 0.128566 4
0.961968 0.56884 2
0.953467 0.311662 3
0.922326 0.0584701 5
0.840494 6.2684e-12 0
0.875864 5.74901e-06 16
0.894415 0.000965466 10
0.889826 0.000407603 11
0.878734 1.37785e-05 15
0.866573 1.72405e-07 20
0.96347 0.575961 2
0.8565 1.95902e-09 25
0.896081 0.00100419 10
0.845967 8.11536e-12 0
0.917018 0.0272286 6
0.897822 0.00219182 9
0.849847 2.27018e-11 30
0.885414 0.000170178 12
0.940609 0.5024 2
0.966106 1 1
0.93962 0.500426 2
0.959432 0.557765 2
0.912398 0.105202 4
0.980034 1 1
0.951267 0.528831 2
0.895255 0.0432988 5
0.974797 1 1
0.897999 0.0442921 5
0.974265 1 1
0.913636 0.106264 4
0.949738 0.524364 2
0.976576 1 1
0.972792 1 1
0.960475 0.562183 2
0.927584 0.238998 3
0.913587 0.106221 4
0.943988 0.509689 2
0.951702 0.530151 2
0.977622 1 1
0.919195 0.226985 3
0.909191 0.102641 4
0.959274 0.557109 2
0.885613 0.00831441 7
0.938386 0.498057 2
0.951865 0.530651 2
0.989441 1 1
0.947505 0.518289 2
0.984293 1 1
0.906494 0.0479417 5
0.865627 0.000111775 12
0.927275 0.238492 3
0.918897 0.226615 3
0.847455 5.07637e-07 18
0.879499 0.00350246 8
0.911237 0.104244 4
0.933975 0.250814 3
0.86059 4.46936e-05 13
0.976402 1 1
0.864496 0.000109515 12
0.869578 0.000270781 11
0.877636 0.00153862 9
0.861761 4.57069e-05 13
0.881912 0.00361266 8
0.955918 0.544163 2
0.912971 0.0515101 5
0.961144 0.565115 2
0.974597 1 1
0.893601 0.004285 8
0.934507 0.251927 3
0.950881 0.527681 2
0.945092 0.279615 3
0.913816 0.0520404 5
0.95364 0.536307 2
0.914525 0.0524981 5
0.912143 0.0510064 5
0.929754 0.125362 4
0.913564 0.0518803 5
0.936949 0.257341 3
0.951738 0.3041 3
0.881938 0.000156386 12
0.882657 0.000159073 12
0.913175 0.0254951 6
0.971314 0.621204 2
0.929975 0.125714 4
0.883026 0.000349389 11
0.9209 0.0572344 5
0.912432 0.0251907 6
0.870895 1.1036e-05 15
0.891943 0.0019478 9
0.997662 1 1
0.960029 0.560268 2
0.900644 0.00485209 8
0.937455 0.258527 3
0.96133 0.565948 2
0.937547 0.139933 4
0.960634 0.562871 2
0.99374 1 1
0.907722 0.0114344 7
0.961034 0.564629 2
0.961419 0.566344 2
0.925886 0.0618946 5
0.941052 0.267667 3
0.929357 0.124737 4
0.940845 0.267106 3
0.92007 0.0565478 5
0.947813 0.288837 3
0.940754 0.26686 3
0.961766 0.567918 2
0.929203 0.0351461 6
0.978432 0.677279 2
0.943862 0.155843 4
0.955466 0.321121 3
0.899217 0.00052383 11
0.965716 0.384665 3
0.95824 0.335656 3
0.887159 1.81484e-05 15
0.967524 0.597509 2
0.898323 0.000510358 11
0.981767 0.70995 2
0.900399 0.00054261 11
0.935859 0.0748635 5
0.976511 0.660446 2
0.958573 0.337519 3
0.94267 0.272221 3
0.95847 0.553849 2
0.928862 0.123973 4
0.952104 0.53139 2
0.922834 0.11575 4
0.988747 1 1
0.939469 0.263487 3
0.894336 0.00433714 8
0.983125 1 1
0.889982 0.00404754 8
0.969399 0.608763 2
0.921478 0.114147 4
0.958306 0.553196 2
0.977145 1 1
0.98051 1 1
0.919993 0.056486 5
0.911452 0.0122786 7
0.978371 0.676724 2
0.953657 0.31253 3
0.861863 6.45353e-08 21
0.912273 0.0251268 6
0.961476 0.5666 2
0.915104 0.0263299 6
0.897842 0.00219273 9
0.968539 0.603495 2
0.907901 0.011472 7
0.877643 2.92753e-05 14
0.898986 0.00224773 9
0.90254 0.00503445 8
0.911752 0.0123525 7
0.984023 1 1
0.895585 0.00442924 8
0.912929 0.0514842 5
0.942518 0.27178 3
0.93898 0.262247 3
0.94044 0.266019 3
0.909962 0.0242417 6
0.95172 0.530207 2
0.917108 0.0542759 5
0.905555 0.0227612 6
0.903195 0.0105723 7
0.963835 0.577757 2
0.961343 0.566003 2
0.908846 0.023843 6
0.947963 0.289374 3
0.936351 0.137379 4
0.866029 3.79523e-07 19
0.867656 8.98175e-07 18
0.897382 0.00217138 9
0.965 0.583671 2
0.913158 0.0254876 6
0.867372 8.90018e-07 18
0.914341 0.0259916 6
0.896725 0.00214162 9
0.859226 2.58257e-08 22
0.876012 1.27135e-05 15
0.979811 0.690223 2
0.942691 0.272283 3
0.884819 0.000167666 12
0.920432 0.0568449 5
0.930944 0.0677536 5
0.878029 2.81867e-06 17
0.934403 0.0725898 5
0.936413 0.0757698 5
0.870891 9.14777e-08 21
0.89923 0.00108594 10
0.919854 0.0147841 7
0.957676 0.332561 3
0.878382 2.85419e-06 17
0.967831 0.599295 2
0.878832 2.90046e-06 17
0.893924 0.00021479 12
0.900586 0.00112506 10
0.877736 2.78967e-06 17
0.902648 0.00118962 10
0.924592 0.0605903 5
0.934263 0.133216 4
0.996234 1 1
0.965015 0.58375 2
0.87126 2.24846e-06 17
0.928745 0.0650464 5
0.985654 1 1
0.905827 0.00538802 8
0.917373 0.0274035 6
0.945382 0.28055 3
0.930001 0.125757 4
0.883269 7.4381e-05 13
0.90999 0.0119314 7
0.923627 0.0596623 5
0.926551 0.0625931 5
0.976738 0.662365 2
0.905131 0.0109217 7
0.93907 0.143382 4
0.964065 0.578903 2
0.912575 0.0252485 6
0.93941 0.263334 3
0.932427 0.129841 4
0.959176 0.556707 2
0.915861 0.0266766 6
0.93441 0.133495 4
0.90969 0.011863 7
0.934018 0.132749 4
0.945121 0.279709 3
0.91185 0.0249584 6
0.944529 0.277831 3
0.939563 0.263728 3
0.961849 0.568297 2
0.960689 0.563111 2
0.973235 0.63472 2
0.89804 0.00462377 8
0.962897 0.573193 2
0.972482 0.62929 2
0.901819 0.0103397 7
0.953545 0.535994 2
0.915923 0.0534385 5
0.962708 0.572295 2
0.904283 0.0107653 7
0.937424 0.258453 3
0.958813 0.555226 2
0.958448 0.553763 2
0.94475 0.158453 4
0.861938 1.10055e-09 26
0.877426 1.26213e-06 18
0.904978 0.00258664 9
0.938565 0.142214 4
0.907664 0.00277226 9
0.873702 4.99457e-07 19
0.940946 0.147954 4
0.887185 3.87884e-05 14
0.878048 2.82056e-06 17
0.87032 8.93506e-08 21
0.96563 0.586991 2
0.93458 0.072858 5
0.877235 1.25307e-06 18
0.915293 0.0133048 7
0.929704 0.242619 3
0.850938 4.46462e-08 21
0.89158 0.00414854 8
0.907517 0.0484529 5
0.886544 0.00176867 9
0.886159 0.00175724 9
0.881035 0.00073556 10
0.979924 1 1
0.863519 9.17011e-06 15
0.914801 0.0526796 5
0.855415 2.72103e-07 19
0.913812 0.052038 5
0.901468 0.0215891 6
0.858182 1.54518e-06 17
0.892307 0.0041965 8
0.946156 0.514858 2
0.86054 1.64523e-06 17
0.888525 0.00183024 9
0.912058 0.0509556 5
0.915348 0.0530457 5
0.902246 0.0217992 6
0.881578 0.000742764 10
0.967193 0.595614 2
0.879799 0.000326908 11
0.89828 0.00979491 7
0.867136 2.25609e-05 14
0.94352 0.274734 3
0.92369 0.116805 4
0.872057 5.65399e-05 13
0.909408 0.0494465 5
0.969818 0.611401 2
0.934554 0.0728189 5
0.950884 0.179631 4
0.983974 0.734264 2
0.916964 0.0070736 8
0.966694 0.392335 3
0.952094 0.184547 4
0.928599 0.03464 6
0.94419 0.156794 4
0.922919 0.0159749 7
0.939676 0.0816081 5
0.92939 0.0353057 6
0.95728 0.330431 3
0.941557 0.149525 4
0.96913 0.607098 2
0.935508 0.254086 3
0.955773 0.543644 2
0.918191 0.0550762 5
0.940932 0.26734 3
0.925947 0.119756 4
0.98156 1 1
0.92932 0.12468 4
0.886335 0.00176243 9
0.992149 1 1
0.879485 0.000324866 11
0.968192 0.601421 2
0.920494 0.113033 4
0.956551 0.546477 2
0.979308 1 1
0.974807 1 1
0.972864 0.632022 2
0.933446 0.131681 4
0.946393 0.283895 3
0.979308 0.685413 2
0.921333 0.0576024 5
0.969309 0.608204 2
0.947988 0.289465 3
0.928689 0.123708 4
0.94586 0.282114 3
0.919277 0.0559132 5
0.939362 0.14407 4
0.933513 0.131806 4
0.961817 0.56815 2
0.942144 0.27071 3
0.972622 0.63029 2
0.941803 0.504877 2
0.86071 4.47953e-05 13
0.898481 0.0444745 5
0.917007 0.109389 4
0.897558 0.0441272 5
0.897493 0.044103 5
0.888912 0.00864378 7
0.987898 1 1
0.874573 0.00147332 9
0.916453 0.10885 4
0.86566 0.000253733 11
0.925035 0.234986 3
0.913449 0.106101 4
0.86883 0.000267372 11
0.903845 0.0466966 5
0.932014 0.246891 3
0.934393 0.251687 3
0.89907 0.0209756 6
0.924864 0.234728 3
0.943426 0.508416 2
0.967883 0.599597 2
0.908614 0.049021 5
0.882124 0.00164603 9
0.972954 1 1
0.864786 2.14005e-05 14
0.946842 0.51658 2
0.930966 0.244907 3
0.961611 0.567211 2
0.958676 0.554675 2
0.966537 0.591929 2
0.944459 0.277611 3
0.958732 0.554901 2
0.958747 0.554961 2
0.97618 0.657688 2
0.902524 0.00503286 8
0.966928 0.594113 2
0.968832 0.605269 2
0.905432 0.0109784 7
0.955096 0.319313 3
0.916062 0.0267708 6
0.961109 0.56496 2
0.909143 0.0117402 7
0.942258 0.271035 3
0.958747 0.554959 2
0.963006 0.573711 2
0.958955 0.555805 2
0.921012 0.113614 4
0.964023 0.578693 2
0.983532 1 1
0.897975 0.00975115 7
0.942622 0.272083 3
0.956428 0.54602 2
0.939271 0.262981 3
0.922144 0.114925 4
0.946761 0.285149 3
0.922877 0.115802 4
0.914837 0.0527036 5
0.935588 0.254263 3
0.922007 0.114763 4
0.944634 0.278161 3
0.953318 0.535252 2
0.875062 0.000664628 10
0.883192 0.00367436 8
0.912786 0.10553 4
0.956514 0.546339 2
0.922408 0.231197 3
0.88162 0.00163317 9
0.932334 0.247511 3
0.902898 0.0462771 5
0.876715 0.000682875 10
0.884274 0.00372849 8
0.98505 1 1
0.95122 0.52869 2
0.892056 0.00899062 7
0.930118 0.243358 3
0.978354 1 1
0.902358 0.0218299 6
0.935025 0.253033 3
0.960324 0.561529 2
0.914752 0.0526473 5
0.938119 0.26012 3
0.928531 0.123469 4
0.961719 0.5677 2
0.914388 0.0524089 5
0.931589 0.246078 3
0.907264 0.0233061 6
0.937001 0.25746 3
0.945946 0.514339 2
0.909838 0.0496815 5
0.943634 0.275077 3
0.966426 1 1
0.930596 0.244226 3
0.921419 0.229854 3
0.952347 0.532148 2
0.944985 0.512015 2
0.981154 1 1
0.926445 0.237162 3
0.914622 0.107141 4
0.958558 0.554202 2
0.893463 0.0197167 6
0.940591 0.502363 2
0.949154 0.522725 2
0.9864 1 1
0.948476 0.520869 2
0.989315 1 1
0.922688 0.115573 4
0.963953 0.578341 2
0.966297 0.590603 2
0.960741 0.563341 2
0.880603 0.00160788 9
0.945052 0.512174 2
0.983236 1 1
0.890344 0.00879739 7
0.941027 0.2676 3
0.916839 0.109225 4
0.958461 0.553813 2
0.886659 0.00385452 8
0.91906 0.11148 4
0.950172 0.525606 2
0.940006 0.264876 3
0.949825 0.524612 2
0.949616 0.524019 2
0.96429 0.580033 2
0.985808 1 1
0.902138 0.0217696 6
0.962726 0.572379 2
0.970489 1 1
0.913596 0.0519006 5
0.947314 0.517793 2
0.924337 0.117625 4
0.951644 0.529973 2
0.911404 0.0505694 5
0.942334 0.271251 3
0.94971 0.524286 2
0.96068 0.563071 2
0.943213 0.507938 2
0.873449 0.000647723 10
0.87432 0.000656744 10
0.904436 0.0469649 5
0.96975 1 1
0.920989 0.113588 4
0.874402 0.00065761 10
0.917058 0.109439 4
0.904222 0.0468673 5
0.864228 4.79694e-05 13
0.883487 0.00368894 8
0.988031 1 1
0.950776 0.527368 2
0.892305 0.00901952 7
0.92833 0.240241 3
0.963422 0.575726 2
0.943573 0.155014 4
0.94016 0.145992 4
0.970107 0.61325 2
0.925564 0.0615628 5
0.983922 0.733661 2
0.945925 0.162072 4
0.915604 0.013396 7
0.960298 0.347611 3
0.907357 0.00557093 8
0.951267 0.302135 3
0.93237 0.0696566 5
0.9666 0.592276 2
0.955584 0.321709 3
0.985254 0.749451 2
0.940734 0.147418 4
0.878954 1.38706e-05 15
0.930261 0.0668851 5
0.938738 0.142612 4
0.881338 3.24561e-05 14
0.904937 0.00528728 8
0.917252 0.0273433 6
0.970446 0.615439 2
0.883026 3.41023e-05 14
0.955615 0.321859 3
0.880989 3.21319e-05 14
0.905348 0.00533326 8
0.909455 0.01181 7
0.881047 3.21853e-05 14
0.90916 0.0117439 7
0.952362 0.532195 2
0.875104 0.00148423 9
0.882275 0.00801157 7
0.911981 0.104854 4
0.958323 0.553266 2
0.922554 0.231399 3
0.880932 0.00356693 8
0.930446 0.243952 3
0.903342 0.046472 5
0.875261 0.00148749 9
0.884431 0.00820389 7
0.986547 1 1
0.951607 0.52986 2
0.892352 0.0194921 6
0.930239 0.243577 3
0.958899 0.555576 2
0.883951 0.00016412 12
0.888628 0.000396086 11
0.919042 0.0557288 5
0.963493 0.57607 2
0.931972 0.129044 4
0.888157 0.000391722 11
0.929164 0.124437 4
0.912724 0.0253089 6
0.878405 2.98882e-05 14
0.893488 0.000945145 10
0.992923 1 1
0.961468 0.566567 2
0.901583 0.00494059 8
0.939702 0.264085 3
0.929707 0.125288 4
0.859253 2.58514e-08 22
0.90715 0.0113165 7
0.917799 0.0276169 6
0.877319 2.90214e-05 14
0.889159 0.000401118 11
0.894733 0.00205622 9
0.979196 0.684355 2
0.866808 8.74158e-07 18
0.936239 0.137145 4
0.862209 1.47858e-07 20
0.903418 0.005124 8
0.898999 0.00470509 8
0.863373 1.53899e-07 20
0.894331 0.00203985 9
0.953317 0.310985 3
0.872346 5.16426e-06 16
0.883644 0.000162897 12
0.912637 0.0252735 6
0.950008 0.297065 3
0.919151 0.0283206 6
0.88123 7.04713e-05 13
0.9375 0.139831 4
0.898959 0.00224641 9
0.879543 3.08437e-05 14
0.88119 7.03981e-05 13
0.978522 0.678101 2
0.947098 0.286312 3
0.888556 0.000395418 11
0.926876 0.0629416 5
0.943553 0.154959 4
0.859159 4.26315e-10 27
0.891214 0.000198576 12
0.912801 0.0126192 7
0.907276 0.00556091 8
0.899031 0.00108042 10
0.883156 1.58372e-05 15
0.975161 0.649413 2
0.876324 1.2112e-06 18
0.904569 0.00256042 9
0.865111 1.44407e-08 23
0.935249 0.0738925 5
0.918436 0.0142899 7
0.869349 8.58905e-08 21
0.905909 0.00264831 9
0.930153 0.126001 4
0.947844 0.288948 3
0.982508 1 1
0.971432 0.622002 2
0.880732 6.95678e-05 13
0.941544 0.269021 3
0.993768 1 1
0.903384 0.00512054 8
0.931493 0.128221 4
0.932947 0.13077 4
0.944306 0.277134 3
0.890475 0.000414105 11
0.919974 0.0564702 5
0.938037 0.141019 4
0.93845 0.14195 4
0.928119 0.0643222 5
0.978411 0.677083 2
0.935363 0.135362 4
0.949547 0.295273 3
0.90393 0.00252043 9
0.969249 0.60783 2
0.94934 0.294481 3
0.883796 3.48984e-05 14
0.9762 0.657849 2
0.890964 0.000197188 12
0.98728 1 1
0.902876 0.00245702 9
0.938892 0.142968 4
0.985522 1 1
0.9614 0.354457 3
0.935792 0.493391 2
0.855493 1.76236e-05 14
0.894297 0.0198901 6
0.911788 0.104695 4
0.892794 0.0195806 6
0.891778 0.0193789 6
0.884337 0.00819528 7
0.983877 1 1
0.869001 0.000605132 10
0.914612 0.107133 4
0.860292 4.44412e-05 13
0.920232 0.228297 3
0.907727 0.101554 4
0.863353 0.000107309 12
0.898078 0.0443217 5
0.953651 0.536344 2
0.914535 0.0525045 5
0.899343 0.00995092 7
0.929834 0.125489 4
0.967152 0.595376 2
0.962502 0.571323 2
0.904388 0.0224088 6
0.905145 0.0226356 6
0.948862 0.292677 3
0.874318 5.95085e-05 13
0.925794 0.119548 4
0.96164 0.567342 2
0.986012 1 1
0.935827 0.254791 3
0.968433 0.602855 2
0.951407 0.529255 2
0.929012 0.124202 4
0.908134 0.0235973 6
0.937351 0.25828 3
0.952754 0.533435 2
0.976165 0.65756 2
0.915013 0.052821 5
0.900679 0.0101561 7
0.963885 0.578002 2
0.878262 0.00014383 12
0.940555 0.266326 3
0.947577 0.287994 3
0.982012 1 1
0.950784 0.300158 3
0.980101 1 1
0.964129 0.579223 2
0.896053 0.00211202 9
0.937883 0.140674 4
0.956592 0.546626 2
0.901765 0.0049582 8
0.927002 0.0630782 5
0.928386 0.12325 4
0.967845 0.599375 2
0.904049 0.00519051 8
0.943479 0.274612 3
0.89959 0.0047567 8
0.924639 0.060636 5
0.932332 0.129673 4
0.900876 0.00487359 8
0.93175 0.128661 4
0.982874 1 1
0.89688 0.0204569 6
0.910642 0.0501312 5
0.94094 0.267362 3
0.944353 0.510531 2
0.942996 0.507458 2
0.908602 0.0490147 5
0.946339 0.515314 2
0.920058 0.112552 4
0.901166 0.021509 6
0.904979 0.0472162 5
0.968625 0.604011 2
0.965921 0.588555 2
0.911177 0.0504378 5
0.950731 0.527236 2
0.942588 0.152271 4
0.864187 3.12315e-08 22
0.904923 0.00528563 8
0.921749 0.0297964 6
0.89383 0.00045093 11
0.899041 0.00225044 9
0.894613 0.000969924 10
0.995291 1 1
0.876096 5.79104e-06 16
0.924703 0.0606989 5
0.868561 4.14013e-07 19
0.920817 0.0292472 6
0.912747 0.012605 7
0.871102 1.00653e-06 18
0.90503 0.0052976 8
0.928212 0.12299 4
0.844195 4.06021e-11 29
0.868672 4.64639e-06 16
0.892487 0.00196799 9
0.912382 0.0251705 6
0.887078 0.000824431 10
0.862296 7.60937e-07 18
0.947592 0.288048 3
0.86584 1.9083e-06 17
0.878983 0.000146146 12
0.851408 3.67461e-09 24
0.938653 0.26143 3
0.911192 0.0247025 6
0.857136 5.46887e-08 21
0.8944 0.00434176 8
0.940226 0.146154 4
0.957142 0.329696 3
0.924229 0.031376 6
0.947451 0.28755 3
0.92485 0.0608448 5
0.986927 1 1
0.93499 0.134624 4
0.891357 0.00019938 12
0.987128 1 1
0.885581 7.92797e-05 13
0.968849 0.605374 2
0.921796 0.0298246 6
0.958499 0.337099 3
0.978243 0.675559 2
0.979196 0.684355 2
0.956723 0.327496 3
0.905246 0.00532178 8
0.953342 0.311098 3
0.966802 0.593403 2
0.893674 0.000449095 11
0.929401 0.0658272 5
0.942466 0.151939 4
0.953321 0.311003 3
0.907918 0.00564118 8
0.954579 0.316829 3
0.907234 0.00555579 8
0.913948 0.0129252 7
0.927998 0.0641844 5
0.906845 0.00550827 8
0.932616 0.0699966 5
0.959967 0.560005 2
0.918387 0.110778 4
0.96179 0.568026 2
0.980877 1 1
0.89826 0.0207794 6
0.941088 0.50338 2
0.953699 0.536503 2
0.942066 0.505436 2
0.920231 0.112743 4
0.947573 0.518466 2
0.920414 0.112945 4
0.915778 0.108208 4
0.935372 0.253788 3
0.919767 0.112236 4
0.943435 0.508436 2
0.937651 0.258994 3
0.859672 1.35805e-07 20
0.869073 4.69884e-06 16
0.897635 0.00459039 8
0.948197 0.290224 3
0.90627 0.0111404 7
0.866788 1.96194e-06 17
0.926663 0.120748 4
0.887588 0.000832917 10
0.866258 1.93168e-06 17
0.868821 4.66572e-06 16
0.971031 0.619299 2
0.934892 0.134431 4
0.876656 6.28688e-05 13
0.913821 0.025767 6
0.920115 0.0148786 7
0.837149 5.38649e-12 0
0.868585 1.68066e-08 23
0.888997 4.11613e-05 14
0.894874 0.000221012 12
0.877226 5.73371e-07 19
0.860283 1.99026e-10 28
0.954161 0.314855 3
0.8554 1.31468e-11 0
0.885825 1.7323e-05 15
0.843294 7.14138e-12 0
0.921567 0.0154278 7
0.898483 0.00051272 11
0.84791 8.92591e-12 0
0.884182 7.61668e-06 16
0.945849 0.282078 3
0.862559 2.92999e-08 22
0.897102 0.00102941 10
0.917649 0.0275409 6
0.904387 0.00522687 8
0.901098 0.00235681 9
0.888455 0.000184117 12
0.98285 0.721595 2
0.878164 1.3544e-05 15
0.911683 0.0123355 7
0.868061 1.82094e-07 20
0.932162 0.129376 4
0.918704 0.028083 6
0.871791 1.03049e-06 18
0.907739 0.00561857 8
0.947181 0.517449 2
0.917242 0.109621 4
0.971366 0.621552 2
0.97551 1 1
0.886505 0.00176752 9
0.932435 0.24771 3
0.959429 0.557749 2
0.935701 0.254512 3
0.913631 0.0519227 5
0.957865 0.551462 2
0.917385 0.109763 4
0.903585 0.0221747 6
0.9237 0.116818 4
0.91504 0.0528386 5
0.933679 0.250203 3
0.917042 0.109424 4
0.895355 0.00939515 7
0.960777 0.563499 2
0.943368 0.274277 3
0.857094 6.55092e-07 18
0.901361 0.0215604 6
0.944001 0.276194 3
0.923329 0.116356 4
0.884927 0.00172163 9
0.987034 1 1
0.892693 0.00422241 8
0.87543 0.000135327 12
0.892295 0.00419565 8
0.888301 0.00182303 9
0.902013 0.0217356 6
0.959571 0.558342 2
0.916766 0.0540304 5
0.961117 0.564996 2
0.979114 1 1
0.897555 0.00458385 8
0.939544 0.263679 3
0.952521 0.532697 2
0.943389 0.274341 3
0.918621 0.0554033 5
0.948785 0.292388 3
0.918753 0.0555045 5
0.915434 0.053104 5
0.934357 0.133394 4
0.918109 0.0550138 5
0.941997 0.270291 3
0.954073 0.314446 3
0.867711 8.99764e-07 18
0.890577 0.000886313 10
0.916512 0.0269839 6
0.927549 0.122013 4
0.911374 0.0247727 6
0.885146 0.000169042 12
0.959598 0.558453 2
0.889167 0.000401199 11
0.894853 0.00206118 9
0.875017 1.23568e-05 15
0.95612 0.544897 2
0.934706 0.134068 4
0.880656 6.94326e-05 13
0.91881 0.0555485 5
0.943055 0.507587 2
0.897015 0.0204878 6
0.882947 0.00366237 8
0.913407 0.106065 4
0.986688 1 1
0.943453 0.508476 2
0.887043 0.00387571 8
0.900416 0.0213138 6
0.931936 0.246741 3
0.861784 2.00518e-05 14
0.908318 0.0488657 5
0.970287 1 1
0.969571 1 1
0.918626 0.111025 4
0.949342 0.523248 2
0.943413 0.274414 3
0.95038 0.298537 3
0.971011 0.619171 2
0.983033 1 1
0.894986 0.000978436 10
0.955918 0.323373 3
0.978235 0.675486 2
0.910523 0.0120555 7
0.942691 0.272282 3
0.927689 0.0638367 5
0.950438 0.298769 3
0.904404 0.00522868 8
0.934861 0.13437 4
0.946792 0.285254 3
0.95336 0.31118 3
0.973465 0.636417 2
0.933889 0.132506 4
0.942991 0.27316 3
0.975615 0.653054 2
0.924725 0.0607203 5
0.972513 0.629513 2
0.945323 0.280357 3
0.926971 0.0630453 5
0.948497 0.291321 3
0.915548 0.026532 6
0.940471 0.146761 4
0.936075 0.136807 4
0.965546 0.586545 2
0.943976 0.276118 3
0.976361 0.65919 2
0.927629 0.0637693 5
0.844041 7.39867e-12 0
0.875306 5.6496e-06 16
0.896241 0.00100809 10
0.89993 0.00229522 9
0.884287 7.64736e-05 13
0.867159 1.76133e-07 20
0.960649 0.562937 2
0.862218 2.8916e-08 22
0.891208 0.000421671 11
0.850201 2.30956e-11 30
0.927162 0.0632537 5
0.905297 0.0053275 8
0.854785 3.47788e-10 27
0.891262 0.000422239 11
0.958874 0.555476 2
0.941244 0.503704 2
0.960843 0.563785 2
0.991889 1 1
0.907422 0.101333 4
0.963197 1 1
0.963258 1 1
0.922286 0.231029 3
0.944046 0.509821 2
0.927019 0.238077 3
0.944506 0.510888 2
0.918694 0.226365 3
0.94774 0.518904 2
0.9442 0.510177 2
0.963204 1 1
0.959605 0.343462 3
0.94394 0.156069 4
0.956425 0.325951 3
0.986408 0.763867 2
0.911124 0.00305048 9
0.968553 0.407845 3
0.960475 0.348688 3
0.919791 0.0147614 7
0.949058 0.1727 4
0.921901 0.0155594 7
0.94814 0.169429 4
0.921173 0.0152748 7
0.951723 0.183011 4
0.948601 0.171054 4
0.96832 0.405835 3
35 0 3 4 6 9 11 16 17 18 20 22 23 24 28 32 33 37 39 40 41 42 43 44 47 50 51 52 53 55 57 58 59 61 63 67 
67 0 1 2 3 4 5 7 8 9 10 11 12 13 14 15 16 17 18 19 20 21 22 23 24 25 26 27 28 29 30 31 32 33 34 35 36 37 38 39 40 41 42 43 44 45 46 47 48 49 50 51 52 53 54 55 56 57 59 60 61 62 63 64 65 66 68 69 
57 0 2 3 4 6 8 9 10 11 12 15 16 17 18 20 22 23 24 25 27 28 29 31 32 33 34 36 37 38 39 40 41 42 43 44 47 48 49 50 51 52 53 55 56 57 58 59 60 61 62 63 64 65 66 67 68 69 
44 0 3 4 6 9 10 11 15 16 17 18 20 22 23 24 25 27 28 31 32 33 37 39 40 41 42 43 44 47 50 51 52 53 55 56 57 58 59 60 61 62 63 64 67 
59 0 2 3 4 5 6 8 9 10 11 12 15 16 17 18 19 20 21 22 23 24 25 27 28 30 31 32 33 34 35 36 37 38 39 40 41 42 43 44 45 47 50 51 52 53 55 56 57 58 59 60 61 62 63 65 66 67 68 69 
58 0 2 3 4 6 8 9 10 11 12 15 16 17 18 19 20 22 23 24 25 27 28 31 32 33 34 36 37 38 39 40 41 42 43 44 45 47 48 49 50 51 52 53 55 56 57 58 59 60 61 62 63 64 65 66 67 68 69 
66 0 1 2 3 4 6 7 8 9 10 11 12 14 15 16 17 18 19 20 21 22 23 24 25 26 27 28 29 30 31 32 33 34 36 37 38 39 40 41 42 43 44 45 47 48 49 50 51 52 53 54 55 56 57 58 59 60 61 62 63 64 65 66 67 68 69 
9 6 9 23 28 42 47 52 58 67 
69 0 1 2 3 4 5 6 7 8 9 10 11 12 13 14 15 16 17 18 19 20 21 22 23 24 25 26 27 28 29 30 31 32 33 34 35 36 37 38 39 40 41 42 43 44 45 46 47 48 49 50 51 52 53 54 55 56 57 59 60 61 62 63 64 65 66 67 68 69 
32 3 4 6 9 11 16 17 18 20 22 23 24 28 32 33 37 39 40 41 42 43 44 47 50 51 52 53 57 58 59 63 67 
68 0 1 2 3 4 5 7 8 9 10 11 12 13 14 15 16 17 18 19 20 21 22 23 24 25 26 27 28 29 30 31 32 33 34 35 36 37 38 39 40 41 42 43 44 45 46 47 48 49 50 51 52 53 54 55 56 57 59 60 61 62 63 64 65 66 67 68 69 
38 4 6 9 10 15 16 17 18 20 22 23 24 28 31 32 33 37 39 40 41 42 43 44 47 50 51 52 53 55 56 57 58 59 60 61 62 63 67 
53 0 2 3 4 6 9 10 11 12 15 16 17 18 19 20 22 23 24 25 27 28 31 32 33 36 37 38 39 40 41 42 43 44 45 47 50 51 52 53 55 56 57 58 59 60 61 62 63 65 66 67 68 69 
69 0 1 2 3 4 5 6 7 8 9 10 11 12 13 14 15 16 17 18 19 20 21 22 23 24 25 26 27 28 29 30 31 32 33 34 35 36 37 38 39 40 41 42 43 44 45 46 47 48 49 50 51 52 53 54 55 56 57 59 60 61 62 63 64 65 66 67 68 69 
47 0 3 4 6 8 9 10 11 16 17 18 20 22 23 24 25 27 28 31 32 33 34 37 39 40 41 42 43 44 47 48 49 50 51 52 53 55 56 57 58 59 60 62 63 64 66 67 
