50 15 1e+07
1.07407 147762
1.41493 136070
2.57251 158413
2.72031 105295
1.79828 199085
2.18416 151279
2.40665 150127
2.83733 165985
1.01925 135785
2.31633 197101
1.7277 101222
1.82567 169757
1.23968 163529
2.8988 101739
1.41966 144371
2.79552 180639
1.57181 150720
1.16413 196400
1.95483 196802
1.17868 198623
1.78253 155349
1.69432 128253
2.18108 123070
1.54602 123378
2.23682 196839
2.1883 167499
2.44144 156284
2.19879 182165
1.3024 186687
1.89746 187810
1.05177 158419
1.58649 119406
1.48025 132413
1.93189 192536
1.45651 108271
2.97011 140871
1.06468 175528
2.24705 151283
2.99333 113834
2.27247 127013
2.12127 185371
2.43761 145079
1.18941 185127
1.04556 111769
2.37154 109385
1.16682 104948
2.1204 190370
2.38227 132125
1.34686 145607
2.4093 152826
0.93716 0.257832 3
0.847285 7.35006e-09 23
0.918567 0.110963 4
0.863642 9.19693e-06 15
0.879252 0.000712866 10
0.881243 0.000738304 10
0.944195 0.510166 2
0.944305 0.51042 2
0.895433 0.00940526 7
0.937141 0.257788 3
0.831622 4.2287e-12 0
0.991795 1 1
0.822542 2.89173e-12 0
0.95211 0.531408 2
0.95937 0.557506 2
0.956735 0.547158 2
0.911804 0.104708 4
0.970218 1 1
0.959242 0.556978 2
0.950764 0.527334 2
0.977599 1 1
0.943854 0.509384 2
0.922948 0.231949 3
0.930319 0.243722 3
0.959459 0.557874 2
0.914342 0.106889 4
0.906442 0.100639 4
0.898752 0.0445783 5
0.935541 0.492961 2
0.936023 0.493789 2
0.89338 0.00200214 9
0.951485 0.303043 3
0.896293 0.00448341 8
0.939554 0.263703 3
0.948638 0.291843 3
0.944806 0.278704 3
0.886169 0.000809727 10
0.875176 6.07051e-05 13
0.914786 0.0526701 5
0.890078 0.00188173 9
0.987477 1 1
0.843556 1.68924e-11 30
0.966619 0.59238 2
0.878095 6.5104e-05 13
0.86818 4.58317e-06 16
0.918734 0.0554902 5
0.924365 0.0603681 5
0.889192 0.000860757 10
0.872749 1.16008e-05 15
0.929839 0.125497 4
0.899923 0.00478645 8
0.927195 0.121503 4
0.941451 0.268764 3
0.965603 0.58685 2
0.906105 0.0111081 7
0.888825 0.00085423 10
0.892481 0.000923962 10
0.890349 0.000882015 10
0.925643 0.0616442 5
0.897749 0.00459974 8
0.98051 0.697087 2
0.900863 0.00113336 10
0.94528 0.160063 4
0.903971 0.00252295 9
0.934294 0.0724256 5
0.928502 0.0647635 5
0.992923 1 1
0.979671 0.688875 2
0.950028 0.297143 3
0.96773 0.598702 2
0.882931 1.57209e-05 15
0.946062 0.162504 4
0.874338 5.11732e-07 19
0.987707 1 1
0.96097 0.351744 3
0.938045 0.0785781 5
0.881325 3.17787e-06 17
0.904894 0.00126789 10
0.864939 2.85124e-09 25
0.90432 0.00124703 10
0.889835 4.23369e-05 14
0.951979 0.305126 3
0.975628 0.653163 2
0.934183 0.0722589 5
0.927591 0.0338264 6
0.855149 1.29697e-11 0
0.941239 0.148702 4
0.85088 1.03651e-11 0
0.957911 0.333842 3
0.932839 0.0703089 5
0.959681 0.558804 2
0.867914 9.0568e-07 18
0.935865 0.136375 4
0.882356 7.25852e-05 13
0.900994 0.00488465 8
0.90192 0.00497318 8
0.967536 0.59758 2
0.963616 0.576676 2
0.916288 0.0268774 6
0.957429 0.54978 2
0.852141 3.09165e-10 27
0.98196 1 1
0.84287 7.00018e-12 0
0.975413 0.65143 2
0.975439 0.651637 2
0.958824 0.555273 2
0.897954 0.00974823 7
0.924372 0.11767 4
0.886342 0.000812496 10
0.925154 0.118691 4
0.911938 0.0508838 5
0.972365 0.628463 2
0.994095 1 1
0.951564 0.529729 2
0.946727 0.285031 3
0.874234 5.9393e-05 13
0.942101 0.270587 3
0.86839 1.03399e-05 15
0.975053 1 1
0.945558 0.281121 3
0.881622 0.000743349 10
0.967533 0.597563 2
0.878048 0.000315812 11
0.913562 0.0518794 5
0.941769 0.269649 3
0.92416 0.117399 4
0.877031 0.000309689 11
0.870451 5.45802e-05 13
0.916148 0.0535944 5
0.87599 0.000136938 12
0.982787 1 1
0.833597 4.60558e-12 0
0.993182 1 1
0.869585 2.38828e-05 14
0.855317 2.71323e-07 19
0.974473 1 1
0.902173 0.021779 6
0.981978 1 1
0.940654 0.502493 2
0.941789 0.504847 2
0.958969 0.555862 2
0.960384 0.561788 2
0.937424 0.258454 3
0.931967 0.246801 3
0.979218 1 1
0.898824 0.0209155 6
0.925098 0.23508 3
0.884896 0.00376043 8
0.952639 0.53307 2
0.955237 0.54174 2
0.916495 0.00698286 8
0.915109 0.00672664 8
0.885778 8.07928e-06 16
0.866096 3.01248e-09 25
0.921632 0.0154533 7
0.893145 9.97634e-05 13
0.926183 0.0327528 6
0.943052 0.153548 4
0.957794 0.3332 3
0.903854 0.00123054 10
0.88001 1.39443e-06 18
0.894971 0.00010602 13
0.881431 3.19063e-06 17
0.925762 0.0324458 6
0.897568 0.000240384 12
0.913489 0.0256265 6
0.98331 1 1
0.901899 0.00497117 8
0.918522 0.0279879 6
0.974062 0.640888 2
0.940965 0.267431 3
0.911048 0.0121804 7
0.906694 0.0112244 7
0.955131 0.319483 3
0.905414 0.00534077 8
0.955038 0.319031 3
0.865883 3.7766e-07 19
0.953439 0.311537 3
0.903886 0.00517313 8
0.88575 0.000171628 12
0.946976 0.516924 2
0.920524 0.113067 4
0.957872 0.551491 2
0.967131 0.595258 2
0.957942 0.551763 2
0.990364 1 1
0.935234 0.253487 3
0.916131 0.108542 4
0.931467 0.245847 3
0.947917 0.519373 2
0.925978 0.119798 4
0.895761 0.0094482 7
0.909707 0.0496094 5
0.926685 0.120779 4
0.924517 0.117857 4
0.965605 0.586862 2
0.917781 0.0547691 5
0.966478 0.591599 2
0.94867 0.521395 2
0.958027 0.552098 2
0.973171 0.634253 2
0.953956 0.537356 2
0.934142 0.25116 3
0.942127 0.270659 3
0.964507 0.581132 2
0.91456 0.052521 5
0.912478 0.0512081 5
0.900684 0.010157 7
0.945216 0.280011 3
0.940634 0.266537 3
0.944971 0.279226 3
0.920279 0.0567192 5
0.956735 0.547158 2
0.969241 0.607784 2
0.957114 0.54858 2
0.991361 1 1
0.933196 0.131223 4
0.91411 0.0258914 6
0.92988 0.125563 4
0.94612 0.282978 3
0.926822 0.0628833 5
0.894 0.000956268 10
0.910274 0.0119972 7
0.924675 0.060671 5
0.92281 0.058906 5
0.928777 0.123842 4
0.931447 0.128143 4
0.937908 0.259609 3
0.972892 0.632227 2
0.961439 0.566434 2
0.988031 1 1
0.918458 0.0552788 5
0.901883 0.00496965 8
0.927236 0.121561 4
0.9283 0.123121 4
0.944532 0.277839 3
0.877622 2.9259e-05 14
0.926663 0.120748 4
0.909909 0.0242225 6
0.905287 0.0109509 7
0.904671 0.0224928 6
0.952852 0.533748 2
0.907332 0.0483588 5
0.947542 0.518387 2
0.959031 0.556113 2
0.956354 0.545751 2
0.89717 0.0096382 7
0.885446 0.00173643 9
0.923537 0.116613 4
0.901384 0.0215666 6
0.977433 1 1
0.854199 6.05135e-07 18
0.958405 0.55359 2
0.888957 0.00398562 8
0.879211 0.000712361 10
0.941628 0.149708 4
0.940436 0.146673 4
0.941257 0.148747 4
0.955196 0.319799 3
0.978236 0.675494 2
0.983871 0.733075 2
0.933079 0.131011 4
0.918384 0.027916 6
0.945948 0.282406 3
0.938077 0.141109 4
0.940685 0.147294 4
0.889073 0.000187192 12
0.926324 0.0623526 5
0.92442 0.0604219 5
0.915127 0.0132567 7
0.975878 1 1
0.877022 0.000309634 11
0.964632 0.581772 2
0.907172 0.0482783 5
0.914107 0.0522269 5
0.923791 0.116931 4
0.970776 0.617608 2
0.950464 0.526453 2
0.918517 0.110911 4
0.983144 1 1
0.867755 2.28838e-05 14
0.959725 0.558986 2
0.855865 6.33191e-07 18
0.970297 0.614475 2
0.991805 1 1
0.933958 0.132636 4
0.957328 0.549392 2
0.913847 0.0257784 6
0.911744 0.0249168 6
0.973701 0.638169 2
0.939252 0.262932 3
0.934678 0.134014 4
0.933666 0.132089 4
0.984433 1 1
0.923423 0.0594714 5
0.928045 0.122741 4
0.889232 0.000861488 10
0.925015 0.118507 4
0.928312 0.123139 4
0.906235 0.0111334 7
0.913023 0.105732 4
0.93792 0.259638 3
0.886257 0.0038326 8
0.876958 0.00152365 9
0.936605 0.256546 3
0.9037 0.0466314 5
0.919421 0.111863 4
0.930072 0.243276 3
0.967698 1 1
0.900811 0.0453953 5
0.900317 0.0212884 6
0.881418 0.0016281 9
0.903453 0.0465212 5
0.916473 0.10887 4
0.889714 0.00872897 7
0.895094 0.0200603 6
0.911287 0.104285 4
0.865755 0.000112035 12
0.85096 5.55362e-07 18
0.908162 0.0487843 5
0.877251 0.00153007 9
0.904215 0.0468643 5
0.920829 0.113408 4
0.941121 0.50345 2
0.882749 0.00365274 8
0.873607 0.000649339 10
0.874545 0.000659121 10
0.878369 0.00155513 9
0.90374 0.0466495 5
0.876211 0.000677209 10
0.913601 0.0519036 5
0.954351 0.538684 2
0.890315 0.00188988 9
0.887894 0.000838093 10
0.948993 0.293168 3
0.914077 0.0522077 5
0.917523 0.0545781 5
0.92364 0.116742 4
0.97135 0.621444 2
0.902127 0.0103906 7
0.915973 0.0534731 5
0.87606 6.19828e-05 13
0.919247 0.0558898 5
0.913061 0.0254475 6
0.888098 0.000841584 10
0.928656 0.123657 4
0.955637 0.543158 2
0.925416 0.119039 4
0.946825 0.285367 3
0.984884 1 1
0.970259 0.614229 2
0.921988 0.114741 4
0.91056 0.0244629 6
0.947304 0.287032 3
0.923662 0.11677 4
0.954795 0.540202 2
0.877147 0.000140371 12
0.941747 0.269587 3
0.91366 0.0519408 5
0.901505 0.0102883 7
0.889404 4.1726e-05 14
0.98906 1 1
0.879575 1.37084e-06 18
0.904158 0.00124127 10
0.949298 0.173579 4
0.921445 0.0153801 7
0.887136 1.81336e-05 15
0.884066 7.5846e-06 16
0.932957 0.0704764 5
0.881747 3.2288e-06 17
0.961825 0.35719 3
0.843226 7.11875e-12 0
0.971944 0.625518 2
0.880302 1.41065e-06 18
0.862398 4.99578e-10 27
0.906866 0.00271457 9
0.940729 0.147406 4
0.91382 0.00650353 8
0.959607 0.343479 3
0.954162 0.314861 3
0.962901 0.364331 3
0.898001 0.000505648 11
0.884149 7.60756e-06 16
0.917793 0.0140764 7
0.905166 0.00127796 10
0.96682 0.593503 2
0.856398 1.388e-11 0
0.946836 0.165008 4
0.88965 4.20724e-05 14
0.882708 7.22383e-06 16
0.962351 0.570614 2
0.873031 0.000287616 11
0.935244 0.253507 3
0.883638 0.00369645 8
0.905517 0.0474699 5
0.90439 0.0469438 5
0.972197 1 1
0.970598 1 1
0.922332 0.115148 4
0.957906 0.551623 2
0.856049 3.36192e-06 16
0.975615 1 1
0.847249 9.28092e-08 20
0.980851 1 1
0.972125 1 1
0.944026 0.156318 4
0.85391 1.21383e-11 0
0.923652 0.016287 7
0.869129 7.75653e-09 24
0.886061 8.16586e-06 16
0.88745 1.83364e-05 15
0.951511 0.182144 4
0.951272 0.181175 4
0.902345 0.000576105 11
0.943254 0.154114 4
0.837976 5.58994e-12 0
0.994186 1 1
0.828931 3.77082e-12 0
0.959546 0.343117 3
0.964627 0.376501 3
0.924452 0.234115 3
0.918837 0.226541 3
0.893687 0.0197627 6
0.873442 0.000647655 10
0.92856 0.240631 3
0.900733 0.0453632 5
0.933846 0.250546 3
0.94959 0.523945 2
0.965324 1 1
0.911698 0.104621 4
0.884895 0.00824682 7
0.900448 0.0452475 5
0.885184 0.00827383 7
0.932937 0.248702 3
0.904621 0.04705 5
0.966564 0.592077 2
0.908629 0.00284512 9
0.932526 0.0698719 5
0.898171 0.000508127 11
0.937978 0.140886 4
0.924534 0.0315824 6
0.97731 0.667284 2
0.983149 0.724909 2
0.961542 0.355363 3
0.953369 0.311219 3
0.886205 1.75521e-05 15
0.935702 0.0746112 5
0.879627 2.98492e-06 17
0.975 0.648141 2
0.946229 0.163037 4
0.915198 0.107668 4
0.947591 0.518513 2
0.890314 0.00879411 7
0.884603 0.0037453 8
0.945241 0.512627 2
0.911193 0.0504471 5
0.92013 0.112631 4
0.927937 0.239582 3
0.972532 1 1
0.903353 0.0464772 5
0.909837 0.0496808 5
0.879738 0.00158702 9
0.912719 0.105473 4
0.916212 0.108619 4
0.890433 0.0088072 7
0.955417 0.542377 2
0.925522 0.119181 4
0.957772 0.551102 2
0.955363 0.542184 2
0.965393 0.585732 2
0.98307 1 1
0.944785 0.511542 2
0.926709 0.120812 4
0.942616 0.272064 3
0.953722 0.536578 2
0.924703 0.118098 4
0.902483 0.0218644 6
0.910221 0.049894 5
0.936008 0.255196 3
0.930122 0.243365 3
0.915242 0.0263925 6
0.957354 0.330825 3
0.915208 0.0263772 6
0.947702 0.288439 3
0.97135 0.621444 2
0.963481 0.576014 2
0.908191 0.0115334 7
0.896803 0.0010219 10
0.93502 0.134683 4
0.911133 0.012201 7
0.968533 0.603459 2
0.864292 7.05658e-08 21
0.952853 0.308916 3
0.89994 0.00229571 9
0.888945 0.000186548 12
0.930344 0.243766 3
0.909042 0.0492489 5
0.95069 0.527116 2
0.986318 1 1
0.94158 0.269121 3
0.978155 1 1
0.917781 0.11016 4
0.897819 0.00972906 7
0.912273 0.0510847 5
0.934175 0.251229 3
0.923706 0.116825 4
0.882749 0.000758776 10
0.905323 0.0226899 6
0.909688 0.0495988 5
0.912235 0.0510615 5
0.939972 0.264787 3
0.955409 0.542346 2
0.927121 0.121397 4
0.931314 0.127917 4
0.993013 1 1
0.959176 0.556707 2
0.936337 0.255937 3
0.928314 0.123142 4
0.968253 0.601784 2
0.931884 0.128892 4
0.938569 0.261223 3
0.889876 0.000873195 10
0.930329 0.126286 4
0.928474 0.123383 4
0.911457 0.0248048 6
0.897955 0.00974837 7
0.902479 0.0104497 7
0.867328 1.00655e-05 15
0.848105 1.40083e-09 25
0.903597 0.0106426 7
0.874552 5.9831e-05 13
0.908212 0.0236239 6
0.926883 0.121058 4
0.938281 0.260514 3
0.885611 0.000800954 10
0.86597 4.31488e-06 16
0.881954 0.0003416 11
0.869496 1.06384e-05 15
0.908781 0.0238201 6
0.881142 0.000335921 11
0.977182 0.666172 2
0.90972 0.00587965 8
0.972532 0.629647 2
0.938936 0.14307 4
0.949538 0.29524 3
0.96129 0.35376 3
0.964357 0.580374 2
0.942685 0.152536 4
0.941031 0.148169 4
0.976373 0.659293 2
0.903789 0.00251173 9
0.923885 0.0311456 6
0.890706 9.22888e-05 13
0.955806 0.322814 3
0.952321 0.306592 3
0.933774 0.250398 3
0.88594 0.00175079 9
0.900325 0.0212902 6
0.863604 9.18866e-06 15
0.906434 0.0479121 5
0.889179 0.00399888 8
0.94739 0.517989 2
0.9714 1 1
0.938445 0.260916 3
0.92255 0.115408 4
0.857968 1.53655e-06 17
0.932196 0.247242 3
0.854713 6.13598e-07 18
0.952096 0.531365 2
0.925596 0.11928 4
0.948142 0.519969 2
0.947297 0.287008 3
0.934056 0.250981 3
0.932206 0.247263 3
0.986062 1 1
0.961079 0.564827 2
0.944247 0.276951 3
0.935003 0.252987 3
0.969519 0.609514 2
0.939854 0.264478 3
0.931602 0.246102 3
0.897441 0.00967588 7
0.922587 0.115453 4
0.936188 0.2556 3
0.919377 0.111816 4
0.94729 0.166519 4
0.927366 0.0336503 6
0.953151 0.310242 3
0.962581 0.362173 3
0.96542 0.382408 3
0.991633 1 1
0.936591 0.0760661 5
0.918837 0.0144262 7
0.937868 0.0782632 5
0.946353 0.163437 4
0.930567 0.0363454 6
0.895017 0.000106186 13
0.914998 0.00670689 8
0.927894 0.0340667 6
0.922871 0.0159549 7
0.899086 0.0447075 5
0.903209 0.0464136 5
0.868435 0.000600091 10
0.849143 2.871e-06 16
0.904634 0.099408 4
0.875626 0.00334052 8
0.909331 0.102747 4
0.927951 0.239606 3
0.939414 0.500025 2
0.886724 0.0084217 7
0.866762 0.000585642 10
0.882845 0.00806133 7
0.870167 0.000615775 10
0.909863 0.103156 4
0.882183 0.00800365 7
0.951837 0.530566 2
0.940369 0.501914 2
0.942995 0.507455 2
0.942147 0.50561 2
0.98164 1 1
0.971568 1 1
0.945197 0.512521 2
0.932124 0.247104 3
0.959119 0.556473 2
0.945608 0.513513 2
0.93135 0.245626 3
0.899234 0.0447651 5
0.919791 0.227734 3
0.936605 0.494809 2
0.923568 0.232829 3
0.935945 0.255054 3
0.931363 0.245649 3
0.943531 0.508651 2
0.969013 1 1
0.965098 0.584183 2
0.994556 1 1
0.925619 0.235873 3
0.908804 0.0491221 5
0.932541 0.247916 3
0.935122 0.253243 3
0.940004 0.26487 3
0.884272 0.00372836 8
0.923146 0.116131 4
0.917002 0.109384 4
0.911918 0.104802 4
0.938537 0.142149 4
0.92614 0.0621591 5
0.948463 0.291197 3
0.971533 0.622687 2
0.960919 0.351431 3
0.998115 1 1
0.927522 0.0636508 5
0.909674 0.00587337 8
0.930194 0.0668014 5
0.938688 0.142495 4
0.934775 0.134201 4
0.887231 8.3117e-05 13
0.917807 0.0140808 7
0.91894 0.0282081 6
0.915452 0.0133513 7
0.891227 0.000898819 10
0.95941 0.557673 2
0.89147 0.000903597 10
0.931231 0.127778 4
0.949337 0.294471 3
0.939384 0.144121 4
0.884971 0.000168303 12
0.875522 1.25358e-05 15
0.91766 0.0275464 6
0.886963 0.000381041 11
0.994914 1 1
0.841773 6.65021e-12 0
0.975687 0.653644 2
0.877072 1.3112e-05 15
0.865407 3.71687e-07 19
0.946676 0.284855 3
0.916647 0.0270485 6
0.96041 0.561903 2
0.968842 0.605329 2
0.95382 0.313278 3
0.987266 1 1
0.934446 0.133566 4
0.91469 0.026145 6
0.928009 0.0641974 5
0.948664 0.291938 3
0.92304 0.0591168 5
0.896272 0.00100882 10
0.90649 0.00546581 8
0.926021 0.0620344 5
0.925451 0.0614478 5
0.985878 1 1
0.909052 0.0117201 7
0.953553 0.312055 3
0.916335 0.0268994 6
0.945062 0.279517 3
0.941438 0.268728 3
0.985186 1 1
0.967057 0.594841 2
0.953909 0.313686 3
0.972677 0.630686 2
0.893749 0.000950787 10
0.936587 0.137873 4
0.884046 0.000164502 12
0.976226 0.658071 2
0.957527 0.550155 2
0.968537 0.603484 2
0.87033 2.18387e-06 17
0.95461 0.316975 3
0.897406 0.00217251 9
0.90639 0.011164 7
0.914158 0.0259122 6
0.967909 0.59975 2
0.951862 0.304625 3
0.913993 0.0258409 6
0.972981 0.632873 2
0.85949 2.60799e-08 22
0.970105 0.613237 2
0.848225 4.8641e-11 29
0.970598 0.616436 2
0.996945 1 1
0.956018 0.544527 2
0.896623 0.00956329 7
0.921676 0.114377 4
0.8837 0.000772298 10
0.923042 0.116003 4
0.909295 0.0240013 6
0.969641 0.610279 2
0.992845 1 1
0.950361 0.526152 2
0.944067 0.276395 3
0.872345 5.69036e-05 13
0.941659 0.26934 3
0.866807 9.93505e-06 15
0.972823 0.631727 2
0.943639 0.275093 3
0.894395 0.000217839 12
0.958622 0.337793 3
0.873394 1.01672e-07 21
0.87793 1.28648e-06 18
0.937029 0.0768058 5
0.901931 0.00116644 10
0.897647 0.000240995 12
0.903611 0.00122212 10
0.950661 0.178751 4
0.883505 7.4322e-06 16
0.917902 0.0141121 7
0.856933 1.42945e-11 0
0.926068 0.0326685 6
0.893133 9.97243e-05 13
0.868987 1.71133e-08 23
34 0 2 3 4 5 6 7 8 10 11 16 17 19 20 21 22 23 24 26 27 28 29 30 32 34 35 37 38 40 41 44 46 48 49 
11 3 10 20 21 22 24 28 30 35 40 49 
43 0 1 2 3 4 5 6 7 8 9 10 11 13 16 17 18 19 20 21 22 23 24 26 27 28 29 30 31 32 34 35 36 37 38 39 40 41 42 44 46 47 48 49 
46 1 2 3 4 5 6 7 8 9 10 11 12 13 14 15 16 17 19 20 21 22 23 24 25 26 28 29 30 31 32 33 34 35 36 37 38 39 40 41 42 43 44 45 46 48 49 
19 2 3 8 10 11 16 19 20 21 22 24 28 30 32 34 35 40 44 49 
41 0 2 3 4 5 6 7 8 10 11 13 15 16 17 19 20 21 22 23 24 25 26 27 28 29 30 31 32 34 35 36 37 38 39 40 41 42 44 46 48 49 
23 3 4 5 7 8 10 11 19 20 21 22 24 26 28 29 30 34 35 37 38 40 48 49 
23 2 3 5 7 8 10 11 19 20 21 22 24 28 29 30 34 35 37 38 40 44 48 49 
14 3 8 10 11 19 20 21 22 24 28 30 35 40 49 
30 0 3 4 5 6 7 8 10 11 18 19 20 21 22 24 26 27 28 29 30 34 35 37 38 40 41 46 47 48 49 
13 3 8 10 11 20 21 22 24 28 30 35 40 49 
37 0 2 3 4 5 6 7 10 11 13 15 16 17 19 20 21 22 23 26 27 28 29 30 31 32 34 35 36 37 38 39 40 41 42 43 46 48 
22 3 4 7 10 11 19 20 21 22 24 26 28 29 30 34 35 37 38 40 46 48 49 
31 2 3 4 5 7 8 10 11 16 17 19 20 21 22 23 24 25 28 29 30 32 34 35 37 38 40 41 44 46 48 49 
27 0 3 4 5 6 7 10 11 19 20 21 22 24 26 27 28 29 30 34 35 37 38 40 46 47 48 49 
