50 15 1e+07
2.89289 148197
1.47464 143647
2.54712 180542
2.26045 117756
1.26375 146139
1.03601 168733
2.64795 131633
1.14477 194044
2.20044 169185
1.4281 142675
1.22033 161353
1.15941 199800
1.72232 113969
2.29965 129247
2.49258 172619
2.37511 191711
1.74209 115639
2.15092 144784
1.69277 142049
2.34038 197871
1.12519 114356
1.75677 131120
1.121 192666
1.7847 143933
2.95293 195081
2.61271 179351
1.22864 151269
1.28343 120712
2.96531 155526
2.59814 148694
1.43929 189078
1.37447 188251
2.74984 177400
2.91987 180886
2.18589 157351
1.38753 114985
1.3518 138990
1.98734 159845
1.54862 168758
2.58357 156645
2.1039 194052
1.24605 169073
2.12469 147881
2.08173 149091
1.44826 180735
2.91177 158346
1.92525 131694
2.29315 123627
1.09729 136977
2.28697 195606
0.938268 0.260483 3
0.91337 0.0517583 5
0.932114 0.129291 4
0.990008 1 1
0.929195 0.124485 4
0.898857 0.00987881 7
0.892968 0.00424116 8
0.899829 0.0100244 7
0.905826 0.0228453 6
0.844767 2.26681e-10 27
0.883963 0.000776114 10
0.907022 0.0232266 6
0.898457 0.00982048 7
0.971966 0.62567 2
0.913966 0.0521361 5
0.96052 0.562379 2
0.975504 1 1
0.965822 0.588024 2
0.910278 0.049926 5
0.944703 0.278377 3
0.974335 1 1
0.930189 0.243487 3
0.929487 0.242235 3
0.980975 1 1
0.936351 0.255968 3
0.938348 0.260677 3
0.946652 0.516101 2
0.964961 0.583469 2
0.918892 0.111303 4
0.985934 1 1
0.953724 0.536583 2
0.96806 0.600635 2
0.961738 0.56779 2
0.926446 0.120444 4
0.989409 1 1
0.96182 0.568161 2
0.969803 0.611308 2
0.890879 0.00410351 8
0.932747 0.248324 3
0.902316 0.0218184 6
0.961119 0.565005 2
0.906835 0.0231661 6
0.967854 0.599427 2
0.945695 0.281569 3
0.949402 0.523417 2
0.98276 0.7206 2
0.973064 0.633472 2
0.98744 1 1
0.947175 0.166132 4
0.97784 0.671947 2
0.957794 0.3332 3
0.941148 0.148467 4
0.916319 0.0136107 7
0.951519 0.303184 3
0.898824 0.00107474 10
0.937306 0.139407 4
0.931767 0.0688371 5
0.956939 0.328626 3
0.960826 0.35085 3
0.966665 0.592637 2
0.895397 0.000470215 11
0.900868 0.00113351 10
0.896022 0.000478309 11
0.853246 1.17191e-11 0
0.87247 4.7681e-07 19
0.904259 0.00254083 9
0.863484 5.99199e-09 24
0.924299 0.0314227 6
0.929613 0.0660837 5
0.928433 0.0646832 5
0.875528 1.17627e-06 18
0.927779 0.0639374 5
0.895817 0.000475628 11
0.8549 2.92358e-11 30
0.915273 0.0132991 7
0.925619 0.0323427 6
0.944103 0.156541 4
0.930626 0.067346 5
0.877233 5.73529e-07 19
0.914294 0.00658385 8
0.952919 0.309209 3
0.912528 0.00629357 8
0.91486 0.00668234 8
0.955268 0.32015 3
0.967308 0.596267 2
0.926326 0.0328589 6
0.928665 0.0346948 6
0.94515 0.159665 4
0.885471 1.71136e-05 15
0.950237 0.177107 4
0.898371 0.00980796 7
0.905106 0.0226239 6
0.899417 0.0210613 6
0.855269 2.70945e-07 19
0.876413 0.000306074 11
0.909031 0.0492428 5
0.868263 2.31539e-05 14
0.923562 0.116646 4
0.932836 0.248501 3
0.934071 0.251013 3
0.88057 0.000729509 10
0.92838 0.240325 3
0.900631 0.0213691 6
0.857611 6.64635e-07 18
0.918959 0.111373 4
0.974827 1 1
0.945788 0.513951 2
0.966827 0.593542 2
0.971408 1 1
0.951001 0.528037 2
0.93051 0.244069 3
0.913007 0.105719 4
0.927089 0.23819 3
0.941839 0.504952 2
0.877228 0.000688739 10
0.908208 0.0488084 5
0.938372 0.260737 3
0.928061 0.239789 3
0.970802 1 1
0.949878 0.524763 2
0.967689 0.598465 2
0.958371 0.336383 3
0.969716 0.610756 2
0.954658 0.317205 3
0.980778 0.699771 2
0.944881 0.158849 4
0.941587 0.149601 4
0.90318 0.00120739 10
0.934415 0.0726082 5
0.885214 7.91108e-06 16
0.933102 0.0706815 5
0.917401 0.0139492 7
0.946581 0.164176 4
0.973661 0.637869 2
0.949218 0.173286 4
0.916124 0.0535775 5
0.917339 0.109717 4
0.915632 0.0532388 5
0.874548 0.000132861 12
0.889567 0.00402219 8
0.917754 0.110132 4
0.875515 0.000135571 12
0.946543 0.515824 2
0.950197 0.525678 2
0.925028 0.118523 4
0.88575 0.00174524 9
0.95153 0.529626 2
0.908802 0.0491208 5
0.875183 0.00013463 12
0.934251 0.251387 3
0.967271 0.596054 2
0.938458 0.141969 4
0.959282 0.341578 3
0.977894 0.672422 2
0.945326 0.160203 4
0.923292 0.0307577 6
0.907278 0.00556119 8
0.924962 0.031878 6
0.935401 0.0741314 5
0.870469 1.99475e-07 20
0.901834 0.00116336 10
0.934821 0.0732268 5
0.921021 0.0293658 6
0.972002 0.625917 2
0.942667 0.152487 4
0.916228 0.108634 4
0.896024 0.0094829 7
0.908997 0.0492249 5
0.901055 0.0214796 6
0.880616 0.000730105 10
0.886982 0.0017819 9
0.851813 1.06102e-07 20
0.977118 1 1
0.926334 0.120289 4
0.865517 2.17508e-05 14
0.854933 6.17276e-07 18
0.95993 0.559852 2
0.879499 0.000715933 10
0.890303 0.00406737 8
0.91448 0.0524685 5
0.921849 0.029857 6
0.941787 0.150125 4
0.92725 0.0633495 5
0.873627 4.98023e-07 19
0.91248 0.00628599 8
0.951799 0.304359 3
0.913016 0.00637134 8
0.909752 0.00588411 8
0.950361 0.298459 3
0.972707 0.630897 2
0.927472 0.0635947 5
0.923474 0.0308761 6
0.944626 0.158084 4
0.882419 1.54614e-05 15
0.946334 0.163374 4
0.915511 0.0265149 6
0.945202 0.279967 3
0.924383 0.0603855 5
0.873164 2.38992e-06 17
0.928732 0.0650313 5
0.960405 0.561879 2
0.950341 0.29838 3
0.876322 5.83258e-06 16
0.924409 0.0604109 5
0.952625 0.307914 3
0.96821 0.601524 2
0.892173 0.000432031 11
0.963151 0.574412 2
0.888435 0.000184019 12
0.932856 0.130608 4
0.903884 0.00517297 8
0.927748 0.0639032 5
0.910407 0.0120281 7
0.856984 4.56214e-09 24
0.901523 0.00493483 8
0.940926 0.267325 3
0.911173 0.0122106 7
0.887853 0.000388947 11
0.928476 0.123386 4
0.995342 1 1
0.927668 0.0638132 5
0.901191 0.00490324 8
0.936587 0.137873 4
0.867646 8.97882e-07 18
0.927254 0.0633535 5
0.939806 0.264354 3
0.943581 0.508763 2
0.94062 0.2665 3
0.893865 0.00920679 7
0.914838 0.107338 4
0.943267 0.50806 2
0.899897 0.0211815 6
0.947051 0.517116 2
0.975857 1 1
0.934835 0.252624 3
0.909423 0.0494546 5
0.960415 0.561922 2
0.934023 0.250913 3
0.897146 0.00963493 7
0.960536 0.562447 2
0.954175 0.314924 3
0.924693 0.0316914 6
0.945479 0.160676 4
0.978014 0.673496 2
0.930415 0.067078 5
0.909825 0.00294032 9
0.892931 9.90693e-05 13
0.926502 0.0329903 6
0.926591 0.0330568 6
0.859715 8.54509e-11 29
0.887629 1.84532e-05 15
0.933024 0.0705713 5
0.907057 0.00272823 9
0.961769 0.356825 3
0.931159 0.0680325 5
0.904379 0.0992393 4
0.923382 0.232563 3
0.909327 0.102744 4
0.857116 4.18864e-05 13
0.894823 0.043149 5
0.933722 0.489945 2
0.897903 0.0442559 5
0.90012 0.0451153 5
0.934348 0.490963 2
0.978964 1 1
0.913155 0.105846 4
0.911776 0.104684 4
0.927266 0.238477 3
0.865265 0.000252118 11
0.92843 0.24041 3
0.947477 0.28764 3
0.927787 0.122361 4
0.940684 0.266672 3
0.920928 0.0572585 5
0.910858 0.0245753 6
0.918044 0.0549656 5
0.881983 0.000156552 12
0.983643 1 1
0.957601 0.550439 2
0.889334 0.000863313 10
0.885145 0.000365785 11
0.989359 1 1
0.910505 0.0244426 6
0.914755 0.026174 6
0.946722 0.285015 3
0.93402 0.132753 4
0.925797 0.0618021 5
0.930796 0.12705 4
0.897025 0.00215509 9
0.901614 0.00494357 8
0.921073 0.0573812 5
0.880027 3.1265e-05 14
0.973366 0.635687 2
0.961986 0.568924 2
0.908485 0.0115963 7
0.887052 0.000177448 12
0.979219 0.684574 2
0.912286 0.0251317 6
0.894819 0.000974603 10
0.945495 0.280915 3
0.952528 0.307487 3
0.926772 0.0628303 5
0.943836 0.155767 4
0.937029 0.13881 4
0.916019 0.0135198 7
0.914626 0.0131138 7
0.883366 3.44495e-05 14
0.967878 0.599565 2
0.948708 0.2921 3
0.87794 2.80984e-06 17
0.883952 3.50638e-05 14
0.971398 0.62177 2
0.908309 0.00569134 8
0.927888 0.0640608 5
0.942993 0.153385 4
0.927706 0.239199 3
0.923341 0.232504 3
0.925618 0.235872 3
0.888548 0.0086058 7
0.897441 0.0205862 6
0.920594 0.113145 4
0.87868 0.00156226 9
0.963551 0.576357 2
0.959094 0.556372 2
0.915049 0.10753 4
0.886985 0.00387253 8
0.968788 1 1
0.911622 0.104558 4
0.887505 0.00849932 7
0.942263 0.505857 2
0.950548 0.526698 2
0.931978 0.246821 3
0.947659 0.518691 2
0.976474 1 1
0.95353 0.535944 2
0.918103 0.110486 4
0.917665 0.110042 4
0.896339 0.0203343 6
0.915408 0.107862 4
0.860646 4.47405e-05 13
0.907329 0.101267 4
0.90734 0.101275 4
0.919322 0.227143 3
0.995692 1 1
0.927284 0.238506 3
0.944618 0.278111 3
0.96378 0.577485 2
0.953165 0.310304 3
0.916468 0.026963 6
0.978594 0.678763 2
0.962023 0.569096 2
0.980518 1 1
0.883769 0.000163392 12
0.927544 0.122006 4
0.905689 0.0110274 7
0.970573 0.616269 2
0.899903 0.0047846 8
0.970041 0.612827 2
0.935859 0.136364 4
0.943847 0.275722 3
0.976379 0.659347 2
0.990562 1 1
0.984985 1 1
0.927218 0.121536 4
0.964833 0.582806 2
0.976087 0.656919 2
0.941709 0.269482 3
0.923203 0.0592666 5
0.969103 0.606927 2
0.919879 0.0563932 5
0.94468 0.278306 3
0.940318 0.265697 3
0.970712 0.617186 2
0.938343 0.260664 3
0.986411 1 1
0.921944 0.0581318 5
0.907844 0.01146 7
0.916644 0.0270473 6
0.894488 0.000967117 10
0.887268 0.000178446 12
0.901274 0.00236637 9
0.862465 2.91941e-08 22
0.985924 1 1
0.942187 0.151187 4
0.887028 0.000177337 12
0.867979 4.05692e-07 19
0.972709 0.630912 2
0.892966 0.000440902 11
0.888097 0.000182373 12
0.927372 0.0634843 5
0.906642 0.0231037 6
0.888242 0.00182115 9
0.89991 0.0100368 7
0.889959 0.00404613 8
0.871472 5.58117e-05 13
0.880183 0.000329439 11
0.844056 5.14925e-10 26
0.970674 0.616936 2
0.919899 0.112379 4
0.863337 4.02558e-06 16
0.847986 7.52838e-09 23
0.952815 0.533631 2
0.872451 5.70379e-05 13
0.879587 0.000325526 11
0.906956 0.0232053 6
0.912022 0.0124199 7
0.891455 0.000199933 12
0.904668 0.00256671 9
0.898775 0.00107339 10
0.876583 2.67994e-06 17
0.882324 1.54141e-05 15
0.847572 8.77794e-12 0
0.971879 0.625064 2
0.921391 0.0295829 6
0.861007 2.38088e-09 25
0.850508 1.01701e-11 0
0.954804 0.317903 3
0.874924 1.15074e-06 18
0.887362 8.34365e-05 13
0.90973 0.005881 8
0.968999 1 1
0.938544 0.26116 3
0.959637 0.558618 2
0.968006 1 1
0.939617 0.263865 3
0.923659 0.23296 3
0.90254 0.0461215 5
0.936103 0.255407 3
0.942021 0.50534 2
0.873999 0.000292683 11
0.898903 0.0209347 6
0.945417 0.513051 2
0.92011 0.11261 4
0.96049 0.562247 2
0.946543 0.515824 2
0.914517 0.0260686 6
0.939379 0.263257 3
0.921416 0.0576738 5
0.867317 1.99287e-06 17
0.912973 0.025411 6
0.952875 0.309014 3
0.921507 0.0577518 5
0.893578 0.00200985 9
0.937275 0.258103 3
0.982858 1 1
0.93777 0.259276 3
0.90792 0.011476 7
0.948397 0.290952 3
0.878479 6.57224e-05 13
0.937741 0.259207 3
0.9925 1 1
0.965769 1 1
0.987159 1 1
0.953356 0.535376 2
0.964985 1 1
0.950173 0.525609 2
0.928696 0.240864 3
0.92696 0.237982 3
0.95586 0.543956 2
0.89486 0.0200097 6
0.925855 0.236238 3
0.9417 0.504659 2
0.94741 0.518041 2
0.961632 0.567307 2
0.967693 1 1
0.949064 0.293434 3
0.919465 0.0146451 7
0.940172 0.146022 4
0.974078 0.641006 2
0.924386 0.0314819 6
0.904749 0.00257188 9
0.887165 3.87639e-05 14
0.927424 0.033695 6
0.923362 0.0308032 6
0.8559 3.07957e-11 30
0.882077 7.06475e-06 16
0.932484 0.0698138 5
0.901732 0.00116014 10
0.956123 0.324413 3
0.926842 0.0332468 6
0.983765 0.731859 2
0.979104 0.68349 2
0.987739 1 1
0.932318 0.129649 4
0.958304 0.336009 3
0.965683 0.587278 2
0.931336 0.068265 5
0.933269 0.131357 4
0.975392 0.65126 2
0.914639 0.0131173 7
0.933754 0.132254 4
0.950349 0.298413 3
0.959613 0.343509 3
0.940387 0.146552 4
0.989985 1 1
0.91092 0.0502899 5
0.926714 0.120819 4
0.914918 0.0527574 5
0.8637 9.2097e-06 15
0.897257 0.0096503 7
0.934921 0.25281 3
0.895832 0.00945748 7
0.911779 0.0507895 5
0.943196 0.273766 3
0.966943 0.594197 2
0.909981 0.0497606 5
0.922972 0.115918 4
0.927366 0.121749 4
0.870469 5.46018e-05 13
0.934869 0.252699 3
0.933865 0.250585 3
0.959 0.555986 2
0.943058 0.507594 2
0.901561 0.0216137 6
0.962881 0.573113 2
0.964114 0.579149 2
0.989383 1 1
0.877483 0.00069168 10
0.923928 0.233348 3
0.915682 0.108118 4
0.987115 1 1
0.893855 0.00920554 7
0.973645 1 1
0.920255 0.112768 4
0.938987 0.262263 3
0.912962 0.10568 4
0.920398 0.228512 3
0.914382 0.106925 4
0.86828 0.000598724 10
0.891237 0.019274 6
0.924015 0.233475 3
0.882215 0.00800639 7
0.931079 0.245118 3
0.948003 0.519601 2
0.94157 0.504385 2
0.894186 0.0198668 6
0.939 0.499224 2
0.915353 0.22247 3
0.871477 0.00141288 9
0.934363 0.490986 2
0.96294 0.573398 2
0.941349 0.503922 2
0.959 0.555986 2
0.977255 1 1
0.958101 0.552388 2
0.926685 0.237543 3
0.919942 0.112426 4
0.907992 0.0486964 5
0.927437 0.238757 3
0.869704 0.000120627 12
0.911638 0.0507063 5
0.919527 0.111977 4
0.926745 0.237638 3
0.990864 1 1
0.938767 0.261713 3
0.965693 1 1
0.958056 0.55221 2
0.963959 1 1
0.91998 0.227974 3
0.934073 0.490512 2
0.950164 0.525584 2
0.910173 0.103398 4
0.954288 0.53847 2
0.991239 1 1
0.917 0.224341 3
0.915415 0.107868 4
0.972153 1 1
0.941835 0.504943 2
0.922481 0.231298 3
0.978671 1 1
0.959142 0.556567 2
0.934904 0.252774 3
0.951003 0.528041 2
0.935565 0.254211 3
0.921912 0.114651 4
0.923107 0.116083 4
0.890275 0.00406563 8
0.968613 0.603938 2
0.958039 0.552142 2
0.886473 0.0038443 8
0.891604 0.00893858 7
0.977482 1 1
0.916471 0.108868 4
0.929202 0.241736 3
0.951919 0.530818 2
0.920167 0.112672 4
0.909408 0.0494465 5
0.915914 0.108336 4
0.888715 0.00397137 8
0.886771 0.00386068 8
0.904316 0.0223875 6
0.864237 2.11433e-05 14
0.97718 1 1
0.944779 0.511527 2
0.894874 0.00933331 7
0.870898 0.000123453 12
0.970057 1 1
0.895721 0.00944296 7
0.883958 0.00169466 9
0.92891 0.241231 3
0.93756 0.139962 4
0.910748 0.0121086 7
0.930372 0.126355 4
0.986225 1 1
0.923485 0.0595291 5
0.896075 0.00211295 9
0.886771 0.000176163 12
0.905833 0.00538872 8
0.907068 0.0112998 7
0.843682 7.27382e-12 0
0.878817 3.0228e-05 14
0.911662 0.0123302 7
0.894862 0.000975588 10
0.964306 0.580116 2
0.913585 0.0256667 6
0.943905 0.5095 2
0.914758 0.107265 4
0.935309 0.492566 2
0.976154 1 1
0.921465 0.229916 3
0.90004 0.0450833 5
0.884278 0.00818993 7
0.921879 0.230473 3
0.917409 0.22482 3
0.850675 2.97066e-06 16
0.878517 0.00345973 8
0.92644 0.237154 3
0.897388 0.0440641 5
0.956048 0.544635 2
0.921303 0.229699 3
0.968545 0.603528 2
0.954052 0.31435 3
0.968365 0.602451 2
0.961541 0.566894 2
0.97375 0.638535 2
0.939913 0.14539 4
0.934793 0.134237 4
0.905804 0.00538538 8
0.933625 0.132013 4
0.881017 3.21575e-05 14
0.926518 0.0625582 5
0.919349 0.028427 6
0.940897 0.147829 4
0.979807 0.690186 2
0.9474 0.287369 3
0.962086 0.569382 2
0.97177 0.624318 2
0.969666 0.610438 2
0.933755 0.132255 4
0.995729 1 1
0.96202 0.56908 2
0.961182 0.565283 2
0.898019 0.00220107 9
0.938359 0.141744 4
0.901182 0.00490236 8
0.954131 0.314719 3
0.91386 0.025784 6
0.966027 0.589129 2
0.952272 0.306378 3
0.955049 0.319081 3
0.966566 1 1
0.998002 1 1
0.976025 1 1
0.920364 0.228467 3
0.967402 1 1
0.985735 1 1
0.95115 0.528482 2
0.913722 0.10634 4
0.961489 0.566661 2
0.924825 0.234669 3
0.955301 0.541968 2
0.930788 0.244578 3
0.981681 1 1
0.933661 0.250166 3
0.977762 1 1
0.885393 0.0017349 9
0.899433 0.0210653 6
0.888648 0.00396744 8
0.840117 1.88531e-10 27
0.870829 0.000123286 12
0.9076 0.0484952 5
0.870945 0.000123565 12
0.897261 0.0096508 7
0.918201 0.110586 4
0.952866 0.533793 2
0.885499 0.00173796 9
0.904757 0.0225185 6
0.900562 0.0213512 6
0.845605 6.94408e-09 23
0.908244 0.0488273 5
0.961342 0.566 2
0.951786 0.53041 2
0.962769 0.572583 2
0.9567 0.547029 2
0.977056 1 1
0.938826 0.49889 2
0.939676 0.500536 2
0.898071 0.0207343 6
0.927748 0.239268 3
0.879366 0.00157822 9
0.929715 0.242638 3
0.911794 0.1047 4
0.94112 0.503447 2
0.977567 1 1
0.942341 0.506027 2
0.944338 0.277234 3
0.916495 0.0269758 6
0.936631 0.137965 4
0.986927 1 1
0.92698 0.0630548 5
0.901682 0.00238884 9
0.889725 0.000190536 12
0.913503 0.0128046 7
0.914522 0.0130844 7
0.84989 9.85569e-12 0
0.882671 3.37448e-05 14
0.919603 0.0285651 6
0.899948 0.00229613 9
0.965243 0.584945 2
0.920484 0.0290568 6
0.917505 0.109882 4
0.941388 0.504003 2
0.924101 0.2336 3
0.869888 0.00027222 11
0.914017 0.1066 4
0.954162 0.538045 2
0.920286 0.112802 4
0.8982 0.020765 6
0.941568 0.504381 2
0.980718 1 1
0.936075 0.255346 3
0.912498 0.105286 4
0.94885 0.521888 2
0.880512 0.00160567 9
0.941164 0.503537 2
0.90025 0.00054018 11
0.910286 0.00595877 8
0.902347 0.00117981 10
0.855453 1.31843e-11 0
0.881155 3.1578e-06 17
0.915843 0.0134671 7
0.875736 5.4033e-07 19
0.917465 0.0139698 7
0.934605 0.0728963 5
0.945803 0.161687 4
0.888861 4.09746e-05 14
0.924552 0.0315948 6
0.907737 0.00277766 9
0.859367 8.39015e-11 29
0.922299 0.0301317 6
28 1 4 5 6 9 11 12 14 15 17 18 19 20 21 24 25 26 27 29 32 33 35 37 38 39 45 48 49 
37 1 4 5 6 7 9 10 11 12 14 15 16 17 18 19 20 21 24 25 26 27 28 29 30 31 32 33 35 37 38 39 40 41 45 47 48 49 
34 0 1 4 5 6 7 9 10 11 12 15 16 17 18 19 20 21 25 26 27 28 30 31 32 33 35 37 38 39 40 41 45 47 49 
25 6 7 9 10 11 15 16 18 19 20 21 25 26 27 28 31 33 35 37 38 39 40 41 45 47 
45 0 1 3 4 5 6 7 8 9 10 11 12 13 14 15 16 17 18 19 20 21 24 25 26 27 28 29 30 31 32 33 35 36 37 38 39 40 41 42 43 44 45 47 48 49 
43 0 1 3 4 5 6 7 9 10 11 12 14 15 16 17 18 19 20 21 22 24 25 26 27 28 29 30 31 32 33 35 36 37 38 39 40 41 42 44 45 47 48 49 
49 0 1 2 3 4 5 6 7 8 9 10 11 12 13 14 15 16 17 18 19 20 21 22 23 24 25 26 28 29 30 31 32 33 34 35 36 37 38 39 40 41 42 43 44 45 46 47 48 49 
13 4 6 9 11 19 21 25 26 27 35 39 45 49 
21 4 6 9 11 15 18 19 20 21 25 26 27 31 33 35 37 38 39 41 45 49 
45 0 1 2 3 4 5 6 7 8 9 10 11 12 14 15 16 17 18 19 20 21 22 24 25 26 27 28 29 30 31 32 33 35 36 37 38 39 41 42 43 44 45 46 48 49 
47 0 1 2 3 4 5 6 7 8 9 10 11 12 15 16 17 18 19 20 21 22 23 24 25 26 28 29 30 31 32 33 34 35 36 37 38 39 40 41 42 43 44 45 46 47 48 49 
15 4 6 9 11 17 19 21 25 26 27 33 35 39 45 49 
46 0 1 3 4 5 6 7 8 9 10 11 12 14 15 16 17 18 19 20 21 22 24 25 26 27 28 29 30 31 32 33 35 36 37 38 39 40 41 42 43 44 45 46 47 48 49 
49 0 1 2 3 4 5 6 7 8 9 10 11 12 13 14 15 16 17 18 19 20 21 23 24 25 26 27 28 29 30 31 32 33 34 35 36 37 38 39 40 41 42 43 44 45 46 47 48 49 
28 0 4 6 7 9 10 11 15 16 18 19 20 21 25 26 27 28 31 33 35 37 38 39 40 41 45 47 49 
