40 15 1e+07
1.82864 131926
2.60316 130904
1.41723 126741
1.6726 123918
2.20053 116416
2.13348 189051
1.5395 189777
1.57775 167012
1.91065 192109
1.06198 116152
1.84948 172146
2.99808 164905
1.63074 113211
1.02261 102139
2.76969 109329
1.70969 142571
2.13396 193480
2.11877 164559
1.98281 119451
2.11969 185153
1.54174 196536
1.79264 134446
1.17884 129977
2.99683 155019
1.2671 140327
1.34536 198767
1.63953 167940
1.58192 199681
1.42634 162306
1.9877 103841
1.12594 184117
1.55708 120985
1.31337 180727
2.95685 197731
2.07508 107110
1.85488 146648
1.22351 103233
1.87469 148994
1.95249 181697
1.46984 186096
0.947946 0.519448 2
0.994244 1 1
0.870566 0.000122656 12
0.878237 0.000700559 10
0.877251 0.000689 10
0.871409 0.000124699 12
0.952337 0.532117 2
0.880271 0.000725662 10
0.928002 0.239691 3
0.960312 0.56148 2
0.930647 0.244319 3
0.982172 1 1
0.98966 1 1
0.876871 0.000684639 10
0.900657 0.0213759 6
0.953732 0.536611 2
0.994015 1 1
0.880576 0.00160722 9
0.887078 0.00387765 8
0.886192 0.00382905 8
0.881444 0.00162875 9
0.963147 0.57439 2
0.889826 0.00874108 7
0.934783 0.252515 3
0.971254 1 1
0.934422 0.251748 3
0.975611 1 1
0.987194 1 1
0.885274 0.00378016 8
0.911201 0.0504513 5
0.975092 1 1
0.936696 0.256757 3
0.861013 1.66645e-06 17
0.909589 0.0241065 6
0.852626 4.71157e-08 21
0.862115 1.71749e-06 17
0.941714 0.269494 3
0.903106 0.0220382 6
0.883919 0.00077547 10
0.927283 0.121629 4
0.878516 0.000318708 11
0.919399 0.111839 4
0.927849 0.122452 4
0.912431 0.0511798 5
0.892311 0.00419676 8
0.954507 0.316486 3
0.974663 0.645504 2
0.898224 0.00105852 10
0.899138 0.00225526 9
0.902628 0.00244251 9
0.899115 0.00225407 9
0.977995 0.67333 2
0.903877 0.00517222 8
0.946451 0.284091 3
0.990364 1 1
0.940303 0.146344 4
0.961008 0.564514 2
0.971917 0.625329 2
0.896228 0.00100777 10
0.929414 0.0658422 5
0.944437 0.277541 3
0.925589 0.119271 4
0.933294 0.249419 3
0.94261 0.272047 3
0.919394 0.0560059 5
0.934491 0.251894 3
0.966332 0.590798 2
0.951777 0.530382 2
0.926284 0.120219 4
0.953213 0.53491 2
0.909496 0.0240733 6
0.910908 0.0502828 5
0.921391 0.114047 4
0.936944 0.25733 3
0.966836 0.593596 2
0.915436 0.107888 4
0.958101 0.552388 2
0.882293 0.00165039 9
0.862493 8.95002e-06 15
0.899823 0.0211627 6
0.882841 0.00166469 9
0.93664 0.256627 3
0.869169 0.000119397 12
0.960029 0.560268 2
0.956394 0.545896 2
0.971291 1 1
0.968918 0.605793 2
0.966426 0.591314 2
0.858921 3.60242e-06 16
0.906383 0.0478872 5
0.928646 0.240778 3
0.894932 0.0431868 5
0.921781 0.230341 3
0.981467 1 1
0.895499 0.0433839 5
0.922986 0.232003 3
0.933777 0.490035 2
0.987575 1 1
0.889725 0.0189892 6
0.916925 0.224254 3
0.873121 0.00144433 9
0.87876 0.00347019 8
0.889292 0.0189101 6
0.973909 1 1
0.943618 0.508848 2
0.977887 1 1
0.968744 0.604734 2
0.873316 5.81604e-05 13
0.900465 0.0101226 7
0.871523 2.50217e-05 14
0.874332 5.95269e-05 13
0.96202 0.56908 2
0.899216 0.00993204 7
0.911143 0.0246836 6
0.954381 0.538787 2
0.90769 0.0234473 6
0.950243 0.52581 2
0.959577 0.558367 2
0.900568 0.0101388 7
0.90545 0.0227291 6
0.90089 0.00113416 10
0.895056 0.000222233 12
0.977964 0.673047 2
0.918016 0.0141497 7
0.958894 0.339337 3
0.979025 0.682753 2
0.928108 0.0342385 6
0.934027 0.0720269 5
0.929286 0.0656883 5
0.92666 0.0331089 6
0.908778 0.00285668 9
0.885889 1.7361e-05 15
0.894125 0.000216078 12
0.909851 0.00589772 8
0.985458 0.751937 2
0.911049 0.0121807 7
0.872545 1.05769e-06 18
0.901214 0.0023631 9
0.988191 1 1
0.871929 1.03538e-06 18
0.902303 0.00242382 9
0.908744 0.00574809 8
0.973488 0.636589 2
0.86318 3.00174e-08 22
0.891131 0.000420873 11
0.847216 8.62539e-12 0
0.855992 3.67463e-10 27
0.866315 7.62014e-08 21
0.989229 1 1
0.917233 0.0273341 6
0.954992 0.318806 3
0.915395 0.0264619 6
0.905774 0.00538196 8
0.962957 0.573478 2
0.886781 0.000176206 12
0.90699 0.011284 7
0.951438 0.302844 3
0.959512 0.558096 2
0.895694 0.00209652 9
0.93162 0.128437 4
0.881794 7.15167e-05 13
0.897741 0.00218799 9
0.908546 0.0116095 7
0.962096 0.569431 2
0.934598 0.133858 4
0.964178 0.373249 3
0.966059 0.387317 3
0.902456 0.00118332 10
0.911075 0.00607257 8
0.902222 0.00117577 10
0.903443 0.00121633 10
0.990866 1 1
0.915142 0.00673247 8
0.938538 0.079471 5
0.984395 0.739168 2
0.929628 0.0355112 6
0.949689 0.17503 4
0.960991 0.35188 3
0.908339 0.00282287 9
0.935104 0.073665 5
0.975067 1 1
0.950992 0.52801 2
0.903658 0.0466127 5
0.927745 0.239264 3
0.896611 0.0203956 6
0.904765 0.0471168 5
0.986981 1 1
0.929781 0.242755 3
0.923251 0.232377 3
0.966125 1 1
0.912341 0.105155 4
0.933071 0.248969 3
0.944323 0.510462 2
0.925693 0.235987 3
0.936973 0.495465 2
0.962331 0.360507 3
0.980723 0.699222 2
0.890181 9.07992e-05 13
0.899028 0.00108035 10
0.892901 0.000208415 12
0.891112 0.000198007 12
0.976297 0.65866 2
0.902033 0.00116969 10
0.936239 0.137145 4
0.979622 0.688409 2
0.931729 0.0687863 5
0.96295 0.364664 3
0.974564 0.644734 2
0.896972 0.000491111 11
0.921879 0.0298747 6
0.918034 0.110416 4
0.941374 0.268549 3
0.918145 0.110529 4
0.885225 0.0017301 9
0.934614 0.252154 3
0.918685 0.111087 4
0.949211 0.522883 2
0.895176 0.00937199 7
0.985205 1 1
0.966639 0.592494 2
0.968083 0.600773 2
0.93977 0.264261 3
0.944852 0.278847 3
0.879957 0.000721668 10
0.941013 0.267562 3
0.888487 0.001829 9
0.902536 0.0104592 7
0.944533 0.277843 3
0.8799 0.000327569 11
0.973985 0.640306 2
0.944516 0.277791 3
0.920072 0.112568 4
0.893735 0.00429439 8
0.96182 0.568161 2
0.930764 0.126999 4
0.942968 0.273092 3
0.90056 0.0101374 7
0.905362 0.0227018 6
0.872849 5.75496e-05 13
0.948833 0.521841 2
0.956051 0.544644 2
0.923208 0.116208 4
0.915829 0.0533736 5
0.955238 0.541745 2
0.899034 0.00470806 8
0.917047 0.0542318 5
0.962392 0.570804 2
0.957634 0.550567 2
0.908804 0.0238284 6
0.943358 0.274248 3
0.894175 0.00203354 9
0.906177 0.0111221 7
0.917089 0.0542619 5
0.95199 0.531038 2
0.946761 0.285149 3
0.983666 1 1
0.963901 1 1
0.87531 0.00148851 9
0.905439 0.0474325 5
0.872039 0.000633614 10
0.876351 0.00151051 9
0.963625 1 1
0.903751 0.0466542 5
0.909371 0.102778 4
0.953371 0.535424 2
0.904823 0.0471436 5
0.945149 0.512405 2
0.954811 0.540258 2
0.905707 0.0475605 5
0.907601 0.101462 4
0.950773 0.300114 3
0.94482 0.278747 3
0.841254 6.4921e-12 0
0.877153 5.98918e-06 16
0.839587 6.01338e-12 0
0.84225 6.79971e-12 0
0.926501 0.0625396 5
0.872621 1.06048e-06 18
0.881371 3.24869e-05 14
0.920562 0.0291012 6
0.881807 3.28998e-05 14
0.933486 0.131756 4
0.937589 0.140025 4
0.879247 1.39948e-05 15
0.872277 1.04788e-06 18
0.919989 0.112477 4
0.957169 0.548791 2
0.894165 0.00432492 8
0.871902 5.63451e-05 13
0.910892 0.0502738 5
0.894733 0.00436594 8
0.944968 0.279219 3
0.879409 0.000324375 11
0.970551 0.616125 2
0.96555 0.586568 2
0.974633 1 1
0.962128 0.569576 2
0.963734 0.577256 2
0.867874 2.29466e-05 14
0.918538 0.110933 4
0.981472 0.706867 2
0.933069 0.070634 5
0.882246 3.29042e-06 17
0.933491 0.0712408 5
0.870108 1.80082e-08 23
0.883402 3.44019e-06 17
0.95533 0.320453 3
0.927868 0.0340461 6
0.893499 0.00010093 13
0.936299 0.0755815 5
0.884162 7.6111e-06 16
0.914408 0.00660345 8
0.924677 0.0316808 6
0.935372 0.0740858 5
0.9135 0.00645031 8
0.977848 1 1
0.969585 0.609931 2
0.874332 0.000132269 12
0.900776 0.0101714 7
0.872663 5.73099e-05 13
0.875346 0.000135089 12
0.96317 0.574501 2
0.899723 0.0100083 7
0.912341 0.0511256 5
0.955662 0.543247 2
0.908795 0.0238252 6
0.950917 0.527785 2
0.960414 0.561918 2
0.900771 0.0101707 7
0.906488 0.0230544 6
0.910239 0.0243438 6
0.931804 0.128754 4
0.92385 0.117007 4
0.883058 0.000763119 10
0.943342 0.274201 3
0.924281 0.117553 4
0.941882 0.269967 3
0.894059 0.00431736 8
0.988305 1 1
0.957723 0.550911 2
0.966813 0.593464 2
0.930682 0.126862 4
0.935348 0.253734 3
0.877312 0.000140874 12
0.943358 0.274248 3
0.93132 0.127926 4
0.890072 0.000876837 10
0.898159 0.0022077 9
0.983162 1 1
0.87319 5.29579e-06 16
0.899331 0.00473396 8
0.924973 0.0609663 5
0.968178 0.601335 2
0.873305 5.3141e-06 16
0.905974 0.0110825 7
0.858616 2.52515e-08 22
0.872763 5.22865e-06 16
0.883249 0.000161346 12
0.98807 1 1
0.920612 0.0569935 5
0.912413 0.0251827 6
0.955533 0.321453 3
0.880205 6.86355e-05 13
0.859478 2.60688e-08 22
0.898483 0.0022232 9
0.88073 6.95653e-05 13
0.933332 0.131472 4
0.866202 3.81739e-07 19
0.958897 0.555567 2
0.953026 0.309682 3
0.971975 0.625732 2
0.96751 0.597428 2
0.964053 0.578843 2
0.855899 4.369e-09 24
0.903774 0.00516127 8
0.942597 0.272008 3
0.908507 0.0237251 6
0.91903 0.0557198 5
0.970057 0.612926 2
0.897113 0.00963034 7
0.920263 0.112777 4
0.947477 0.28764 3
0.972775 0.631382 2
0.898725 0.00985945 7
0.929525 0.125001 4
0.882988 0.00076213 10
0.891856 0.00416658 8
0.90258 0.0104668 7
0.96544 0.585984 2
0.946047 0.282733 3
0.954033 0.31426 3
0.931043 0.0678828 5
0.923695 0.0310202 6
0.943356 0.154401 4
0.910758 0.00602635 8
0.924881 0.0318218 6
0.97234 0.628292 2
0.949577 0.29539 3
0.922962 0.0305468 6
0.955637 0.321972 3
0.907677 0.00277323 9
0.915135 0.0132592 7
0.925962 0.0325909 6
0.938914 0.143018 4
0.956943 0.328646 3
0.982428 1 1
0.964768 0.582472 2
0.874662 0.000133177 12
0.904306 0.0223845 6
0.871681 0.000125371 12
0.875699 0.000301994 11
0.963071 0.574027 2
0.902668 0.0219156 6
0.909497 0.0494947 5
0.953347 0.535346 2
0.905198 0.0226517 6
0.946086 0.514685 2
0.955655 0.543221 2
0.904564 0.0224609 6
0.906919 0.0481519 5
0.936169 0.255557 3
0.893098 0.0196421 6
0.8922 0.0194621 6
0.974588 1 1
0.86871 0.000266831 11
0.893378 0.0196992 6
0.926301 0.236933 3
0.960206 0.561023 2
0.872185 0.000635047 10
0.906833 0.0481092 5
0.858295 1.8646e-05 14
0.87549 0.00149227 9
0.885928 0.00834443 7
0.980404 1 1
0.916086 0.1085 4
0.927643 0.239095 3
0.903289 0.0464487 5
0.941213 0.50364 2
0.958813 0.555226 2
0.916847 0.224163 3
0.942474 0.506315 2
0.943332 0.508204 2
0.972734 1 1
0.908618 0.10221 4
0.930085 0.243298 3
0.890622 0.0191568 6
0.888702 0.0188034 6
0.898967 0.0446616 5
0.950979 0.527969 2
0.96638 1 1
0.918408 0.0552401 5
0.88504 0.000364937 11
0.922215 0.0583717 5
0.984954 1 1
0.893197 0.00199503 9
0.92337 0.0594215 5
0.923664 0.116773 4
0.996774 1 1
0.882594 0.00034621 11
0.907491 0.0233811 6
0.865549 1.89227e-06 17
0.869191 4.71453e-06 16
0.879583 0.000148127 12
0.975668 0.653484 2
0.939649 0.263947 3
0.872937 0.00144073 9
0.880979 0.00790127 7
0.959212 0.556855 2
0.878518 0.00345979 8
0.997992 1 1
0.958634 0.554507 2
0.903171 0.0984575 4
0.893878 0.0428277 5
0.936528 0.494673 2
0.910239 0.103449 4
0.918566 0.226209 3
0.877669 0.00342379 8
0.883006 0.00807557 7
0.87074 0.00139921 9
0.946386 0.51543 2
0.870955 0.00012359 12
0.877744 0.000313959 11
0.962008 0.569025 2
0.879117 0.000711212 10
0.995073 1 1
0.961322 0.565909 2
0.900851 0.0214263 6
0.894684 0.00930921 7
0.932255 0.247358 3
0.907202 0.0482934 5
0.914226 0.0523038 5
0.874074 0.000131569 12
0.879575 0.000716881 10
0.871234 0.00012427 12
0.946097 0.514712 2
0.916334 0.0537243 5
0.899692 0.00476575 8
0.958573 0.55426 2
0.942936 0.272998 3
0.933472 0.131729 4
0.95986 0.559553 2
0.938009 0.259853 3
0.958872 0.555465 2
0.917006 0.054202 5
0.929466 0.124908 4
0.897626 0.00458963 8
0.887123 0.000825185 10
0.896728 0.00451748 8
0.934668 0.133995 4
0.981952 1 1
0.911404 0.0247842 6
0.936931 0.257298 3
0.916191 0.0536243 5
0.879079 6.67115e-05 13
0.935879 0.136405 4
0.916635 0.0539369 5
0.942099 0.27058 3
0.889333 0.000863299 10
0.992727 1 1
0.959895 0.559701 2
0.973827 0.639112 2
0.93733 0.258231 3
0.941227 0.268146 3
0.873704 1.19098e-05 15
0.936624 0.137951 4
0.895981 0.0021089 9
0.926617 0.120683 4
0.905956 0.0110791 7
0.862666 3.39773e-07 19
0.931767 0.12869 4
0.906201 0.0111269 7
0.925119 0.118644 4
0.873129 1.17224e-05 15
0.987753 1 1
0.943755 0.275444 3
0.985784 1 1
0.931603 0.128408 4
0.932591 0.130133 4
0.857265 2.40401e-08 22
0.921675 0.0578971 5
0.934756 0.491637 2
0.895258 0.0432997 5
0.905455 0.0999586 4
0.983929 1 1
0.880906 0.00789519 7
0.906646 0.100782 4
0.931551 0.486572 2
0.973608 1 1
0.88083 0.00788883 7
0.912791 0.105534 4
0.86574 0.000254058 11
0.878106 0.0034422 8
0.888689 0.0188011 6
0.98366 1 1
0.928815 0.241067 3
0.994193 1 1
0.94808 0.169222 4
0.886333 3.77473e-05 14
0.924818 0.031778 6
0.87799 2.81475e-06 17
0.887453 3.9125e-05 14
0.96845 0.60296 2
0.92237 0.0301757 6
0.906461 0.00268616 9
0.950595 0.299395 3
0.898024 0.000505987 11
0.929099 0.0654653 5
0.939694 0.144861 4
0.925148 0.0320083 6
0.918753 0.0143974 7
0.965044 0.5839 2
0.963256 0.574916 2
0.904145 0.00253371 9
0.913833 0.0128937 7
0.902948 0.00246126 9
0.90515 0.00259785 9
0.993884 1 1
0.917927 0.0276813 6
0.937438 0.139695 4
0.982679 0.719724 2
0.927833 0.0639982 5
0.946805 0.2853 3
0.958083 0.334785 3
0.911042 0.00606763 8
0.937029 0.138812 4
0.911968 0.0509018 5
0.881654 0.000743786 10
0.9307 0.244418 3
0.975077 1 1
0.899898 0.0100349 7
0.931828 0.246533 3
0.920668 0.113227 4
0.992372 1 1
0.884606 0.0017126 9
0.905976 0.0228922 6
0.866827 2.24027e-05 14
0.866518 2.22459e-05 14
0.876743 0.000307992 11
0.965874 0.5883 2
0.944836 0.278798 3
7 2 9 18 20 23 28 36 
20 0 2 6 7 9 10 12 16 17 18 20 21 23 25 27 28 30 36 37 39 
39 0 1 2 3 4 5 6 7 8 9 10 11 12 13 14 15 16 17 19 20 21 22 23 24 25 26 27 28 29 30 31 32 33 34 35 36 37 38 39 
7 2 9 18 20 23 28 36 
37 0 1 2 3 4 5 6 7 8 9 10 11 12 13 14 15 16 17 19 20 21 22 23 24 25 26 27 28 29 30 33 34 35 36 37 38 39 
36 0 1 2 3 4 5 6 7 8 9 10 11 12 13 14 16 17 19 20 21 22 23 24 25 26 27 28 29 30 33 34 35 36 37 38 39 
22 0 2 6 7 9 10 12 13 16 17 18 20 21 23 25 26 27 28 30 36 37 39 
35 0 1 2 3 4 5 6 7 9 10 11 12 13 14 15 16 17 18 19 20 21 22 23 24 25 26 27 28 29 30 34 35 36 37 38 
36 0 1 2 3 4 5 6 7 8 9 10 11 12 13 14 16 17 18 19 20 21 22 23 24 25 26 27 28 29 30 33 34 36 37 38 39 
27 0 1 2 3 4 6 7 9 10 11 12 13 16 17 18 20 21 23 25 26 27 28 30 36 37 38 39 
35 0 1 2 3 4 5 6 7 8 10 11 12 13 14 16 17 18 19 20 21 22 23 24 25 26 27 28 29 30 33 34 36 37 38 39 
28 0 1 2 3 4 6 7 9 10 11 12 13 16 17 18 20 21 23 25 26 27 28 29 30 36 37 38 39 
21 0 1 2 6 7 9 10 12 13 16 17 18 20 21 23 25 27 28 30 36 37 
5 2 18 20 23 28 
35 0 1 2 3 4 5 6 7 9 10 11 12 13 14 16 17 18 19 20 21 22 23 24 25 26 27 28 29 30 33 34 36 37 38 39 
