30 15 1e+07
1.39864 177074
2.88327 152913
2.07722 143839
2.10402 174108
2.55607 135613
2.20259 166881
1.77713 137560
1.91978 118702
2.64985 189795
1.60902 170846
1.81873 140096
2.13798 126170
2.27528 134474
1.16239 143256
1.4042 160843
1.82723 172102
1.71785 147281
2.3291 113301
2.84472 180574
2.2 197343
2.41065 187849
2.15082 184165
2.47065 189268
1.44764 194479
2.55535 179685
1.79051 158222
1.59059 191065
2.24173 184141
2.51396 119666
1.30901 154025
0.969295 0.608119 2
0.966063 0.589327 2
0.901478 0.00493048 8
0.989424 1 1
0.984395 1 1
0.964595 0.581583 2
0.960475 0.562181 2
0.953177 0.310356 3
0.972949 0.632642 2
0.976104 0.657059 2
0.971118 0.619884 2
0.949869 0.296521 3
0.953793 0.313154 3
0.979902 0.691109 2
0.949094 0.293547 3
0.953974 0.537415 2
0.924044 0.233517 3
0.932606 0.248045 3
0.963927 0.578213 2
0.950509 0.526584 2
0.988743 1 1
0.975232 1 1
0.915952 0.108372 4
0.930894 0.244774 3
0.940387 0.501951 2
0.936459 0.256214 3
0.9373 0.496053 2
0.928495 0.24052 3
0.951435 0.52934 2
0.990714 1 1
0.906979 0.101017 4
0.870066 0.00061483 10
0.955273 0.541868 2
0.907257 0.101215 4
0.894799 0.0199967 6
0.931496 0.245901 3
0.924722 0.234516 3
0.862428 4.63016e-05 13
0.877164 0.00152815 9
0.888719 0.00862365 7
0.88191 0.00361255 8
0.8894 0.00869536 7
0.877059 0.00152586 9
0.89616 0.0202944 6
0.948926 0.522096 2
0.99341 1 1
0.943836 0.275689 3
0.924612 0.11798 4
0.965504 0.586322 2
0.954073 0.537746 2
0.960288 0.561378 2
0.947481 0.518226 2
0.925349 0.118949 4
0.953951 0.537338 2
0.971182 0.620311 2
0.941046 0.267651 3
0.923302 0.116323 4
0.92441 0.117719 4
0.95055 0.526706 2
0.957369 0.549551 2
0.946761 0.285149 3
0.91101 0.0121714 7
0.910525 0.012056 7
0.912965 0.0126618 7
0.905398 0.00533895 8
0.906984 0.0055252 8
0.894171 0.000960046 10
0.887842 0.000181148 12
0.920428 0.0290246 6
0.936692 0.138093 4
0.896289 0.00100925 10
0.873378 2.40667e-06 17
0.878189 1.35542e-05 15
0.900897 0.00234598 9
0.909999 0.0119335 7
0.962998 0.573674 2
0.913541 0.0128148 7
0.954962 0.318663 3
0.941168 0.148518 4
0.927731 0.0638841 5
0.951142 0.301622 3
0.93614 0.136941 4
0.896851 0.00102312 10
0.923253 0.0593131 5
0.940173 0.146024 4
0.913884 0.0129077 7
0.903379 0.00248691 9
0.900071 0.00230247 9
0.925682 0.0616843 5
0.962822 0.572834 2
0.915574 0.0133874 7
0.882519 7.17567e-06 16
0.945571 0.160962 4
0.920979 0.0152008 7
0.909002 0.00287425 9
0.946139 0.162751 4
0.941037 0.148184 4
0.876518 5.57322e-07 19
0.889017 4.11893e-05 14
0.899093 0.000521928 11
0.896383 0.000231531 12
0.905785 0.00263993 9
0.892636 9.81251e-05 13
0.910865 0.0060418 8
0.961459 0.354837 3
0.90633 0.0478616 5
0.896398 0.0203476 6
0.897306 0.020555 6
0.931427 0.245771 3
0.926367 0.237038 3
0.948678 0.521418 2
0.959222 0.556894 2
0.900751 0.0214003 6
0.898726 0.0208916 6
0.900291 0.0212816 6
0.918958 0.111372 4
0.942973 0.507407 2
0.924727 0.234524 3
0.930927 0.244835 3
0.943575 0.508751 2
0.892248 0.0194715 6
0.887955 0.00854483 7
0.881545 0.0035954 8
0.919524 0.227397 3
0.916861 0.109246 4
0.933435 0.249704 3
0.945597 0.513486 2
0.895655 0.0201824 6
0.888958 0.00864866 7
0.888387 0.00858917 7
0.911889 0.104778 4
0.940083 0.501343 2
0.92124 0.229615 3
0.921848 0.230432 3
0.926776 0.237687 3
0.979204 1 1
0.962743 0.572461 2
0.907001 0.0232199 6
0.981922 1 1
0.974325 0.642894 2
0.962583 0.571705 2
0.955105 0.541278 2
0.945917 0.282303 3
0.971866 0.624975 2
0.982388 1 1
0.961956 0.568785 2
0.940296 0.265639 3
0.944128 0.276585 3
0.969849 0.611598 2
0.950392 0.298586 3
0.945007 0.279341 3
0.898597 0.0046706 8
0.971605 0.62318 2
0.9307 0.126893 4
0.916837 0.0540812 5
0.94768 0.28836 3
0.933828 0.132391 4
0.884496 0.000360611 11
0.907649 0.0234337 6
0.923156 0.0592233 5
0.902771 0.0104992 7
0.897922 0.00461403 8
0.891513 0.00193215 9
0.915913 0.0534312 5
0.965404 0.58579 2
0.991747 1 1
0.942329 0.506002 2
0.926213 0.236796 3
0.965015 1 1
0.953246 0.535019 2
0.961012 0.564531 2
0.94791 0.519353 2
0.92411 0.233613 3
0.952383 0.532263 2
0.969476 1 1
0.940049 0.501275 2
0.922944 0.231943 3
0.923655 0.232954 3
0.949869 0.524736 2
0.958747 0.554959 2
0.956072 0.324152 3
0.907737 0.0056184 8
0.961893 0.357627 3
0.93737 0.139548 4
0.923656 0.0309947 6
0.950406 0.298638 3
0.935637 0.135912 4
0.89206 0.000203411 12
0.917202 0.0138857 7
0.933579 0.0713673 5
0.909651 0.00587009 8
0.901382 0.00114921 10
0.89682 0.00048902 11
0.922059 0.0299844 6
0.964831 0.582797 2
0.883163 1.58408e-05 15
0.84609 8.16399e-12 0
0.943753 0.155528 4
0.882221 1.53628e-05 15
0.87016 8.87693e-08 21
0.905864 0.00264528 9
0.899939 0.00110609 10
0.838744 5.78715e-12 0
0.853093 1.16255e-11 0
0.86474 6.33444e-09 24
0.857718 1.75068e-10 28
0.866396 1.52607e-08 23
0.853624 1.19554e-11 0
0.871587 2.08348e-07 20
0.922762 0.0304201 6
0.907481 0.0113845 7
0.867452 2.00087e-06 17
0.966315 0.590702 2
0.903379 0.0106042 7
0.890447 0.000883862 10
0.926471 0.12048 4
0.917892 0.0548513 5
0.85804 2.47255e-08 22
0.875126 2.73916e-05 14
0.887952 0.000839087 10
0.877211 2.8937e-05 14
0.88199 0.000156577 12
0.870855 4.94375e-06 16
0.891257 0.000899408 10
0.945138 0.27976 3
0.941724 0.504708 2
0.930113 0.24335 3
0.909772 0.0496452 5
0.968881 1 1
0.961059 0.564741 2
0.983125 1 1
0.998104 1 1
0.929103 0.241564 3
0.933941 0.250743 3
0.936778 0.256944 3
0.949897 0.524817 2
0.960118 0.56065 2
0.947678 0.518743 2
0.964625 0.581736 2
0.966601 0.592279 2
0.97335 0.635564 2
0.922403 0.0301958 6
0.941406 0.149132 4
0.94344 0.274495 3
0.931362 0.0682994 5
0.946178 0.283172 3
0.931606 0.0686218 5
0.903231 0.00510472 8
0.932612 0.130169 4
0.95077 0.300103 3
0.918391 0.0279199 6
0.902959 0.00246187 9
0.90254 0.00243744 9
0.928275 0.0645016 5
0.952558 0.307619 3
0.951785 0.3043 3
0.903852 0.0106878 7
0.942447 0.271575 3
0.920064 0.0565435 5
0.908823 0.0116697 7
0.92307 0.0591444 5
0.908659 0.0116339 7
0.883338 0.000161693 12
0.913977 0.0258339 6
0.932142 0.129339 4
0.896725 0.00214162 9
0.880343 6.8878e-05 13
0.880557 6.92569e-05 13
0.905502 0.0109919 7
0.932011 0.129113 4
0.94961 0.524002 2
0.934968 0.25291 3
0.913456 0.051812 5
0.975307 1 1
0.965248 0.584968 2
0.98985 1 1
0.993338 1 1
0.931423 0.245763 3
0.93968 0.264028 3
0.943878 0.275818 3
0.952526 0.532713 2
0.956943 0.547937 2
0.947201 0.28667 3
0.967854 0.599427 2
0.970545 0.616091 2
0.927512 0.0337643 6
0.879888 3.01344e-06 17
0.988663 1 1
0.909116 0.00579749 8
0.89566 0.000473586 11
0.925023 0.0319204 6
0.911645 0.00615737 8
0.864644 6.30736e-09 24
0.889176 8.80554e-05 13
0.905488 0.00262006 9
0.881983 7.04153e-06 16
0.876448 1.2168e-06 18
0.870388 8.96009e-08 21
0.894463 0.00021828 12
0.942726 0.152648 4
0.929447 0.124879 4
0.880837 0.000152425 12
0.964758 0.582423 2
0.903609 0.0106447 7
0.891007 0.00191405 9
0.913906 0.0258035 6
0.899683 0.00476498 8
0.862687 3.4e-07 19
0.890621 0.0019005 9
0.908115 0.0235906 6
0.878 6.49523e-05 13
0.867179 1.98474e-06 17
0.864075 8.02843e-07 18
0.888744 0.000852795 10
0.928467 0.123372 4
0.979308 0.685413 2
0.959382 0.342159 3
0.90192 0.000568488 11
0.956689 0.327321 3
0.952652 0.308031 3
0.939955 0.0821518 5
0.930825 0.0365812 6
0.935738 0.0746695 5
0.969874 0.611755 2
0.98755 0.778848 2
0.944723 0.158373 4
0.918071 0.0141678 7
0.925356 0.0321551 6
0.947405 0.166907 4
0.932571 0.0699342 5
0.928932 0.241268 3
0.924623 0.117994 4
0.898628 0.00984529 7
0.959073 0.556283 2
0.95545 0.542494 2
0.968708 0.604516 2
0.984023 1 1
0.928291 0.240175 3
0.92667 0.120758 4
0.926585 0.120639 4
0.947703 0.518808 2
0.967583 0.597851 2
0.951098 0.528326 2
0.960251 0.56122 2
0.95389 0.537136 2
0.957546 0.550226 2
0.907421 0.0113721 7
0.953401 0.311364 3
0.929727 0.12532 4
0.91722 0.0273274 6
0.936495 0.137679 4
0.921721 0.0579376 5
0.888716 0.000396912 11
0.917472 0.0274526 6
0.935391 0.135419 4
0.904103 0.00519628 8
0.890821 0.000890965 10
0.889102 0.00040057 11
0.914535 0.0260769 6
0.9473 0.287018 3
0.955422 0.320908 3
0.97316 0.634175 2
0.888855 1.92875e-05 15
0.981983 0.712227 2
0.994132 1 1
0.956322 0.325423 3
0.957323 0.330658 3
0.966737 0.392678 3
0.97513 0.649167 2
0.968001 0.600291 2
0.985862 0.756948 2
0.959453 0.342573 3
0.967207 0.396488 3
0.988693 0.794595 2
0.938557 0.0795057 5
0.971632 0.623364 2
0.925166 0.0320209 6
0.943964 0.156138 4
0.956026 0.323922 3
0.942133 0.151044 4
0.965689 0.587308 2
0.950477 0.298925 3
0.909892 0.00590339 8
0.934493 0.0727263 5
0.950079 0.297346 3
0.927881 0.064053 5
0.917959 0.014131 7
0.914432 0.0130593 7
0.940341 0.146439 4
0.973343 0.635517 2
0.962404 1 1
0.91814 0.225692 3
0.926584 0.237382 3
0.927965 0.239628 3
0.918455 0.226073 3
0.925024 0.234968 3
0.911423 0.104395 4
0.89608 0.0435893 5
0.928294 0.24018 3
0.946391 0.515444 2
0.907558 0.101431 4
0.88732 0.00848081 7
0.890051 0.0190497 6
0.914403 0.106944 4
0.929303 0.241913 3
0.946861 0.285491 3
0.898559 0.00222686 9
0.947226 0.286757 3
0.916285 0.0268758 6
0.904675 0.00525828 8
0.921 0.057319 5
0.906506 0.0111869 7
0.878511 2.99749e-05 14
0.908627 0.011627 7
0.92669 0.0627423 5
0.892335 0.000920954 10
0.877123 2.88692e-05 14
0.876615 1.29379e-05 15
0.901577 0.00494004 8
0.931342 0.127965 4
0.934188 0.251256 3
0.885607 0.000800892 10
0.958522 0.554057 2
0.906611 0.0230937 6
0.894315 0.00433563 8
0.915109 0.0528852 5
0.90072 0.0101626 7
0.866749 4.40664e-06 16
0.895496 0.00442255 8
0.913211 0.0516586 5
0.881524 0.000338576 11
0.869172 1.05495e-05 15
0.866958 4.43172e-06 16
0.891758 0.00194105 9
0.928427 0.123312 4
0.933846 0.132426 4
0.90615 0.0111169 7
0.933696 0.132145 4
0.945924 0.282325 3
0.934281 0.133249 4
0.971779 0.624374 2
0.967583 0.597851 2
0.901181 0.00490224 8
0.912082 0.0250504 6
0.920348 0.0567752 5
0.921602 0.0578341 5
0.930478 0.126528 4
0.91773 0.0547311 5
0.936459 0.137603 4
0.980639 1 1
25 1 2 3 4 5 6 7 8 10 11 12 13 14 15 16 17 18 19 20 23 25 26 27 28 29 
29 0 1 2 3 4 5 6 7 8 9 10 11 12 14 15 16 17 18 19 20 21 22 23 24 25 26 27 28 29 
5 2 6 8 13 14 
27 1 2 3 4 5 6 7 8 9 10 11 12 13 14 15 16 17 18 19 20 21 23 25 26 27 28 29 
29 0 1 2 3 4 5 6 7 8 9 10 11 12 13 14 15 16 17 18 19 20 21 22 23 25 26 27 28 29 
18 1 2 5 6 7 8 10 12 13 14 19 20 22 23 25 27 28 29 
21 1 2 5 6 7 8 10 12 13 14 15 16 17 19 20 23 25 26 27 28 29 
29 0 1 2 3 4 5 6 7 8 9 10 11 12 14 15 16 17 18 19 20 21 22 23 24 25 26 27 28 29 
29 0 1 2 3 4 5 6 7 8 9 10 11 12 14 15 16 17 18 19 20 21 22 23 24 25 26 27 28 29 
29 0 1 2 3 4 5 6 7 8 9 10 11 12 13 14 15 16 17 18 19 20 21 22 23 25 26 27 28 29 
30 0 1 2 3 4 5 6 7 8 9 10 11 12 13 14 15 16 17 18 19 20 21 22 23 24 25 26 27 28 29 
29 0 1 2 3 4 5 6 7 8 9 10 11 12 13 14 15 16 17 18 19 20 21 22 23 25 26 27 28 29 
29 0 1 2 3 4 5 6 7 8 9 10 11 12 14 15 16 17 18 19 20 21 22 23 24 25 26 27 28 29 
29 0 1 2 3 4 5 6 7 8 9 10 11 12 13 14 15 16 17 18 19 20 21 22 23 25 26 27 28 29 
14 2 5 6 10 12 13 14 17 19 20 23 27 28 29 
