70 15 1e+07
2.95159 142003
2.04023 126540
1.48392 167936
1.24352 145536
2.863 119715
2.0212 151853
1.42824 100616
1.51176 133004
2.39184 152004
2.30431 116052
2.25299 126652
1.03154 136963
2.09462 186309
1.97426 194932
1.25781 128274
1.57165 154773
1.92486 106583
2.74004 193545
2.01253 133309
1.17376 144667
1.16385 170655
1.00318 145049
1.29432 196254
2.08004 123405
1.26526 105637
1.74379 189742
2.90702 126177
2.05787 166338
2.65108 185919
1.31619 178360
1.79541 123538
1.37919 179225
1.15165 110735
2.2583 106743
2.05344 185909
1.63723 109835
2.40175 191528
1.35384 123270
1.29349 133836
2.76557 144225
1.62197 171160
1.29378 122139
2.54851 134322
1.23455 133289
2.51227 188782
2.81948 195038
1.35215 182730
2.05586 123074
1.78818 100773
2.82883 119786
1.25578 148128
1.04509 173205
2.04109 173703
1.49502 166832
1.4627 198184
2.01112 108480
2.53031 108215
1.19733 166379
1.28868 128979
2.87513 114690
1.3063 190544
2.15311 157320
1.32636 135205
1.47426 142430
1.55552 189456
1.5329 183933
1.80006 183757
2.34194 114676
1.41869 158407
2.91955 172913
0.971336 0.621349 2
0.885378 0.000797344 10
0.933507 0.24985 3
0.941851 0.269879 3
0.973175 0.634285 2
0.90492 0.0225675 6
0.965763 0.587705 2
0.931795 0.128739 4
0.899909 0.0100366 7
0.90181 0.0103381 7
0.941669 0.269368 3
0.919487 0.0560797 5
0.91092 0.0245986 6
0.955049 0.541085 2
0.90109 0.0102213 7
0.940604 0.147093 4
0.921682 0.0297563 6
0.971887 0.625121 2
0.969659 0.610394 2
0.946339 0.163392 4
0.888309 4.02334e-05 14
0.950386 0.298559 3
0.959247 0.341374 3
0.889312 8.84176e-05 13
0.949057 0.293409 3
0.944042 0.156364 4
0.907722 0.00277658 9
0.933261 0.0709083 5
0.974713 0.645889 2
0.932267 0.0695144 5
0.921849 0.114578 4
0.984692 1 1
0.908781 0.0238201 6
0.907467 0.0233732 6
0.8969 0.00960104 7
0.917042 0.0542281 5
0.930112 0.125935 4
0.896966 0.00961016 7
0.923589 0.116678 4
0.980257 1 1
0.950206 0.525703 2
0.93328 0.24939 3
0.978408 1 1
0.933765 0.25038 3
0.991747 1 1
0.965141 0.584408 2
0.931752 0.128664 4
0.948434 0.291089 3
0.951115 0.528377 2
0.947787 0.288742 3
0.915576 0.0532002 5
0.975943 0.655727 2
0.938 0.25983 3
0.915921 0.0534368 5
0.951786 0.53041 2
0.972995 0.632971 2
0.935487 0.25404 3
0.953285 0.535144 2
0.985762 1 1
0.946846 0.28544 3
0.967396 0.596771 2
0.926675 0.120764 4
0.951688 0.530109 2
0.955053 0.541097 2
0.953003 0.534233 2
0.913193 0.0516477 5
0.97809 1 1
0.941733 0.269549 3
0.913005 0.0515309 5
0.947116 0.517281 2
0.96996 0.612306 2
0.932879 0.248586 3
0.948251 0.520262 2
0.990746 1 1
0.941663 0.269351 3
0.925634 0.0323535 6
0.911961 0.00620544 8
0.866945 1.56296e-08 23
0.870918 9.15812e-08 21
0.883471 1.60015e-05 15
0.997141 1 1
0.922894 0.0305037 6
0.858674 1.83548e-10 28
0.989623 1 1
0.90173 0.00116008 10
0.938568 0.14222 4
0.976201 0.657863 2
0.935076 0.0736215 5
0.903422 0.00248946 9
0.923462 0.0308684 6
0.938163 0.49764 2
0.858967 1.89045e-05 14
0.929686 0.242587 3
0.938234 0.497773 2
0.969998 1 1
0.874356 0.00065712 10
0.934496 0.251904 3
0.934087 0.251045 3
0.869125 0.000268705 11
0.878214 0.00155161 9
0.910624 0.103753 4
0.887872 0.00853637 7
0.881888 0.0036115 8
0.932728 0.248286 3
0.873549 0.000648745 10
0.936236 0.255707 3
0.868117 2.3076e-05 14
0.872365 5.69283e-05 13
0.879375 0.000324153 11
0.906135 0.0229424 6
0.93427 0.251428 3
0.926446 0.120444 4
0.868716 2.33999e-05 14
0.92429 0.117564 4
0.870953 2.46775e-05 14
0.920603 0.113155 4
0.933294 0.249419 3
0.896077 0.00948995 7
0.9034 0.0221218 6
0.883217 0.000765367 10
0.964264 0.579902 2
0.876413 0.00151183 9
0.91428 0.106834 4
0.922452 0.231258 3
0.954109 0.537868 2
0.910293 0.103491 4
0.954923 0.540644 2
0.912797 0.10554 4
0.903592 0.0465831 5
0.889352 0.00869028 7
0.934588 0.2521 3
0.921511 0.229976 3
0.903549 0.046564 5
0.938129 0.497576 2
0.892399 0.0195015 6
0.957716 0.332776 3
0.919452 0.0146405 7
0.895657 0.000226368 12
0.900296 0.00111646 10
0.914092 0.00654944 8
0.969192 0.607481 2
0.954699 0.317399 3
0.887689 3.94265e-05 14
0.964831 0.378002 3
0.918673 0.0143702 7
0.966694 0.592799 2
0.985028 0.746705 2
0.948583 0.170993 4
0.933289 0.0709486 5
0.934954 0.073433 5
0.934582 0.133827 4
0.890775 0.000890091 10
0.869349 2.11879e-06 17
0.874895 1.23142e-05 15
0.894524 0.000967932 10
0.969122 0.607049 2
0.927902 0.0640765 5
0.863007 1.51965e-07 20
0.958405 0.55359 2
0.887197 0.000383093 11
0.933735 0.132218 4
0.961392 0.566224 2
0.917538 0.0274853 6
0.904886 0.00528161 8
0.904628 0.00525321 8
0.912518 0.0125459 7
0.861313 2.79305e-08 22
0.960102 0.560581 2
0.963266 0.574964 2
0.954227 0.315167 3
0.847674 8.82252e-12 0
0.915833 0.0266638 6
0.972419 0.628846 2
0.845432 7.90817e-12 0
0.886643 0.000175583 12
0.896344 0.00101059 10
0.864539 7.12217e-08 21
0.875914 5.75794e-06 16
0.931315 0.127919 4
0.872417 2.33282e-06 17
0.938738 0.0798372 5
0.853782 1.20561e-11 0
0.89342 0.000100668 13
0.901719 0.000564953 11
0.93475 0.0731181 5
0.896427 0.000231848 12
0.929281 0.0352125 6
0.893861 0.000102146 13
0.888417 1.89827e-05 15
0.865456 1.30609e-09 26
0.910693 0.00301311 9
0.903693 0.00122494 10
0.880743 1.43565e-06 18
0.913211 0.00640288 8
0.869417 7.86405e-09 24
0.94495 0.279161 3
0.920232 0.0289142 6
0.885169 7.83665e-05 13
0.88937 0.000188702 12
0.901929 0.00240263 9
0.981879 0.711122 2
0.942517 0.152078 4
0.876873 5.93567e-06 16
0.977814 0.671714 2
0.915025 0.0132275 7
0.957634 0.332331 3
0.993188 1 1
0.947436 0.287496 3
0.922436 0.0302164 6
0.934313 0.133311 4
0.935871 0.136389 4
0.951499 0.303101 3
0.941523 0.149436 4
0.939488 0.144368 4
0.923222 0.0307132 6
0.903036 0.00246642 9
0.946194 0.283226 3
0.929215 0.065603 5
0.906457 0.00546186 8
0.979215 0.684539 2
0.954656 0.317195 3
0.922269 0.0301133 6
0.958724 0.338372 3
0.960553 0.349167 3
0.96115 0.565143 2
0.929426 0.0658569 5
0.881936 1.52229e-05 15
0.980975 0.701765 2
0.986259 1 1
0.965778 0.587786 2
0.864943 3.21866e-08 22
0.934453 0.133578 4
0.989178 1 1
0.863368 1.34214e-08 23
0.907648 0.00560719 8
0.916337 0.0136161 7
0.882744 1.56253e-05 15
0.896726 0.00102 10
0.952759 0.308499 3
0.893351 0.000445323 11
0.919891 0.22786 3
0.876788 0.0033873 8
0.855254 1.75403e-05 14
0.860979 0.000102958 12
0.88198 0.00798611 7
0.958237 0.552924 2
0.912681 0.105441 4
0.84945 2.89056e-06 16
0.947842 0.519173 2
0.872083 0.00142431 9
0.917505 0.224933 3
0.946041 0.514573 2
0.902411 0.0460661 5
0.889789 0.0190012 6
0.889893 0.0190204 6
0.91591 0.0266996 6
0.833983 4.68372e-12 0
0.871959 1.13547e-05 15
0.880127 6.84996e-05 13
0.912676 0.0252896 6
0.883003 0.000160394 12
0.906395 0.011165 7
0.87322 1.17515e-05 15
0.874255 1.20942e-05 15
0.844236 7.46758e-12 0
0.889469 0.00086575 10
0.887065 0.000381931 11
0.860698 1.40509e-07 20
0.890227 0.000879715 10
0.849258 2.73033e-10 27
0.941915 0.150464 4
0.964644 0.376626 3
0.919798 0.0147638 7
0.92012 0.0148806 7
0.914054 0.00654294 8
0.928148 0.0342712 6
0.950134 0.176715 4
0.908341 0.00282303 9
0.932661 0.0700593 5
0.972095 0.626567 2
0.970702 0.617121 2
0.946969 0.16545 4
0.986774 0.768583 2
0.950657 0.178737 4
0.98164 0.708613 2
0.92786 0.239455 3
0.879836 0.00351737 8
0.862553 0.000105809 12
0.868456 0.000265693 11
0.890057 0.0190507 6
0.95846 0.553809 2
0.920277 0.228355 3
0.856904 1.81275e-05 14
0.947808 0.519084 2
0.876754 0.00151921 9
0.923685 0.232997 3
0.949579 0.523915 2
0.906398 0.100608 4
0.897053 0.0439408 5
0.893599 0.0197446 6
0.922423 0.115255 4
0.977985 1 1
0.916011 0.0534993 5
0.914112 0.0522301 5
0.90106 0.0102165 7
0.910366 0.0243909 6
0.93142 0.128096 4
0.904026 0.0223024 6
0.916274 0.0536828 5
0.990008 1 1
0.949023 0.522363 2
0.927469 0.121897 4
0.972138 0.62687 2
0.938284 0.260522 3
0.982878 1 1
0.935083 0.25316 3
0.966175 0.589934 2
0.926021 0.119857 4
0.924973 0.118451 4
0.913638 0.0519274 5
0.915175 0.0529293 5
0.944443 0.277563 3
0.914058 0.0521951 5
0.919774 0.0563092 5
0.984806 1 1
0.960566 0.562578 2
0.933778 0.132298 4
0.975077 0.64875 2
0.951358 0.529107 2
0.978326 1 1
0.941884 0.150382 4
0.935968 0.136586 4
0.956981 0.328848 3
0.955226 0.319946 3
0.936901 0.138538 4
0.89753 0.00104034 10
0.952377 0.306833 3
0.944545 0.277881 3
0.899515 0.00227407 9
0.963241 0.574844 2
0.952824 0.308785 3
0.917128 0.0272826 6
0.946928 0.285722 3
0.97253 0.629637 2
0.946697 0.28493 3
0.926369 0.0328908 6
0.980435 0.696345 2
0.911175 0.00608734 8
0.91022 0.00297307 9
0.900651 0.000546761 11
0.920262 0.0149327 7
0.934588 0.0728706 5
0.899406 0.000526759 11
0.926464 0.0329612 6
0.979496 0.687202 2
0.954923 0.318471 3
0.937046 0.0768348 5
0.982464 0.717378 2
0.937526 0.0776628 5
0.993516 1 1
0.920666 0.0570388 5
0.95814 0.552541 2
0.931642 0.128476 4
0.928112 0.122841 4
0.908831 0.0116715 7
0.894703 0.00205499 9
0.930726 0.126936 4
0.919478 0.0560724 5
0.899362 0.00473665 8
0.987707 1 1
0.941494 0.268881 3
0.912923 0.0253906 6
0.95413 0.314713 3
0.944931 0.279099 3
0.961676 0.567505 2
0.980601 0.697994 2
0.899066 0.00225166 9
0.942743 0.272432 3
0.950353 0.298429 3
0.973322 0.635358 2
0.910282 0.011999 7
0.979355 0.685857 2
0.938493 0.14205 4
0.906593 0.005478 8
0.916426 0.0269426 6
0.954321 0.315609 3
0.92696 0.0630328 5
0.92411 0.0601222 5
0.970112 0.613282 2
0.914791 0.0261899 6
0.99347 1 1
0.91111 0.0121954 7
0.924472 0.0604725 5
0.930555 0.126654 4
0.94822 0.290306 3
0.934378 0.133435 4
0.985928 1 1
0.917906 0.0276711 6
0.93044 0.126465 4
0.922206 0.058363 5
0.971781 0.624388 2
0.951193 0.301828 3
0.939547 0.14451 4
0.960891 0.563997 2
0.92778 0.0639388 5
0.956152 0.32456 3
0.950423 0.298709 3
0.922795 0.0588926 5
0.924711 0.0607071 5
0.924025 0.0600405 5
0.936057 0.13677 4
0.963645 0.576816 2
0.912127 0.025068 6
0.938618 0.142334 4
0.958676 0.554675 2
0.986012 1 1
0.956251 0.545375 2
0.978644 0.679221 2
0.958417 0.553638 2
0.967748 0.598808 2
0.934448 0.0726569 5
0.927453 0.0635742 5
0.965399 0.585764 2
0.961654 0.356085 3
0.93728 0.139351 4
0.886884 3.84156e-05 14
0.944567 0.157908 4
0.952749 0.308457 3
0.888679 8.67493e-05 13
0.955875 0.323158 3
0.941929 0.150501 4
0.906276 0.00267333 9
0.935821 0.0748015 5
0.967553 0.597678 2
0.936603 0.137906 4
0.951441 0.18186 4
0.955116 0.31941 3
0.920685 0.0150897 7
0.922151 0.0156597 7
0.92007 0.0148621 7
0.93526 0.0739092 5
0.958972 0.339785 3
0.909774 0.00293614 9
0.938581 0.0795491 5
0.9621 0.358979 3
0.981362 0.705729 2
0.955056 0.319119 3
0.983173 0.725167 2
0.955108 0.319369 3
0.972538 0.629692 2
0.94667 0.284838 3
0.959991 0.560109 2
0.919597 0.0285618 6
0.920539 0.0569337 5
0.916689 0.0270686 6
0.932677 0.130285 4
0.954456 0.316242 3
0.908421 0.0115827 7
0.936679 0.138066 4
0.966464 0.591521 2
0.97623 0.658105 2
0.95197 0.305084 3
0.986595 1 1
0.952487 0.307312 3
0.977412 0.668169 2
0.971557 1 1
0.910324 0.0499517 5
0.904475 0.0469832 5
0.910102 0.0498279 5
0.927898 0.239517 3
0.954061 0.537708 2
0.965411 0.58583 2
0.897623 0.0206288 6
0.948408 0.520685 2
0.914676 0.10719 4
0.966708 0.592879 2
0.967878 1 1
0.939908 0.264619 3
0.941387 0.504001 2
0.926619 0.237437 3
0.947577 0.518477 2
0.886081 0.00835918 7
0.967831 1 1
0.976929 1 1
0.986676 1 1
0.880212 0.0035342 8
0.950818 0.527493 2
0.968967 1 1
0.877648 0.00153888 9
0.909367 0.102774 4
0.929378 0.242045 3
0.897508 0.0206018 6
0.90517 0.0473059 5
0.963098 0.574155 2
0.899441 0.0448463 5
0.939296 0.263045 3
0.87215 2.54092e-05 14
0.955797 0.543729 2
0.964235 0.579758 2
0.984116 1 1
0.871943 2.52798e-05 14
0.940191 0.265362 3
0.961058 0.564736 2
0.868511 1.03719e-05 15
0.894716 0.00436471 8
0.917434 0.0545129 5
0.888095 0.00181647 9
0.891901 0.00416953 8
0.948391 0.290933 3
0.885631 0.000801262 10
0.991805 1 1
0.909539 0.00291709 9
0.937236 0.0771604 5
0.943674 0.155303 4
0.960576 0.349308 3
0.921889 0.0298813 6
0.992333 1 1
0.930944 0.0677536 5
0.918688 0.0143752 7
0.924747 0.031729 6
0.967305 0.59625 2
0.939427 0.144224 4
0.935984 0.0750663 5
0.972183 0.627183 2
0.925798 0.0324714 6
0.977072 0.665224 2
0.889715 8.95105e-05 13
0.915056 0.0132362 7
0.922529 0.030274 6
0.949604 0.295495 3
0.925015 0.0319151 6
0.966406 0.591202 2
0.91136 0.00611468 8
0.918643 0.0143599 7
0.900785 0.001131 10
0.949025 0.293289 3
0.937226 0.139235 4
0.917802 0.0140792 7
0.945105 0.159528 4
0.906012 0.00265528 9
0.956447 0.546093 2
0.878388 0.00070236 10
0.944273 0.510346 2
0.953148 0.534699 2
0.988457 1 1
0.888746 0.00397317 8
0.954469 0.539084 2
0.94535 0.512888 2
0.884417 0.00170731 9
0.897998 0.020717 6
0.930133 0.243385 3
0.90406 0.0467939 5
0.90143 0.0215788 6
0.953701 0.53651 2
0.893206 0.00912654 7
0.979956 0.691635 2
0.902722 0.002448 9
0.946408 0.283945 3
0.953716 0.312798 3
0.972986 0.632909 2
0.910031 0.0119409 7
0.98153 0.707467 2
0.941399 0.149112 4
0.906858 0.00550995 8
0.920783 0.0292275 6
0.956756 0.327665 3
0.927344 0.0634531 5
0.927238 0.0633365 5
0.975157 0.649388 2
0.918327 0.0278865 6
0.98245 1 1
0.924427 0.117742 4
0.934434 0.251773 3
0.93914 0.262648 3
0.947848 0.28896 3
0.929856 0.125524 4
0.991245 1 1
0.925947 0.119757 4
0.928357 0.123207 4
0.938155 0.260206 3
0.982746 1 1
0.949215 0.522895 2
0.951504 0.529549 2
0.973616 0.637538 2
0.941056 0.267677 3
0.921379 0.0153543 7
0.872077 4.35399e-08 22
0.971562 0.622889 2
0.975303 0.650547 2
0.961133 0.352766 3
0.856571 1.40122e-11 0
0.925543 0.0322884 6
0.983266 0.726206 2
0.854674 1.26425e-11 0
0.897657 0.000241078 12
0.906689 0.00133712 10
0.873933 1.04069e-07 21
0.886699 8.36591e-06 16
0.942445 0.151884 4
0.883302 3.42676e-06 17
0.932072 0.129217 4
0.853349 3.95553e-09 24
0.876096 2.80928e-05 14
0.883901 0.000355988 11
0.914685 0.0261431 6
0.909603 0.0241116 6
0.921769 0.0579788 5
0.874774 2.71439e-05 14
0.900337 0.00482386 8
0.860526 1.39705e-07 20
0.908883 0.0238558 6
0.912144 0.0250749 6
0.881061 0.000153217 12
0.901502 0.00493283 8
0.868803 4.66335e-06 16
0.928928 0.065262 5
0.920961 0.0293304 6
0.872534 2.16307e-07 20
0.876129 1.20251e-06 18
0.886755 3.82578e-05 14
0.990795 1 1
0.927349 0.0336367 6
0.863806 2.70413e-09 25
0.995109 1 1
0.910337 0.00596593 8
0.945122 0.159578 4
0.982406 0.716755 2
0.944084 0.156486 4
0.909082 0.00579292 8
0.932528 0.0698748 5
0.907668 0.04853 5
0.825553 3.27359e-12 0
0.86924 0.000269229 11
0.877421 0.00153383 9
0.909877 0.049703 5
0.871591 0.000280366 11
0.898649 0.0208729 6
0.871584 0.000280331 11
0.863071 4.68862e-05 13
0.836939 3.94996e-10 26
0.880585 0.00160745 9
0.876216 0.000677256 10
0.851734 5.66721e-07 18
0.884313 0.00373045 8
0.840676 5.90631e-09 23
0.971846 0.624838 2
0.885522 0.00173861 9
0.93275 0.248329 3
0.941063 0.267697 3
0.972219 0.627435 2
0.905678 0.0227992 6
0.966005 0.589011 2
0.930952 0.244882 3
0.900612 0.0101457 7
0.901756 0.0216662 6
0.942021 0.270359 3
0.920167 0.112672 4
0.911189 0.0504444 5
0.954739 0.540009 2
0.901271 0.0215366 6
0.937764 0.259262 3
0.867167 4.45708e-06 16
0.948452 0.291155 3
0.956825 0.547493 2
0.981163 1 1
0.870836 1.10189e-05 15
0.937441 0.258494 3
0.953994 0.537482 2
0.866924 4.42762e-06 16
0.889007 0.000857464 10
0.914131 0.0522423 5
0.886342 0.000812489 10
0.887682 0.000834509 10
0.943111 0.273514 3
0.880909 0.000152678 12
0.921066 0.113676 4
0.841444 1.98554e-10 27
0.869823 5.38459e-05 13
0.877799 0.00031429 11
0.909527 0.0495112 5
0.896293 0.00951886 7
0.911011 0.0503421 5
0.86964 5.36349e-05 13
0.887085 0.00178505 9
0.849511 1.84021e-08 22
0.896693 0.00957289 7
0.898633 0.0098461 7
0.868715 2.33993e-05 14
0.892286 0.00419506 8
0.856752 6.48887e-07 18
0.983612 0.730113 2
0.91216 0.0062362 8
0.915744 0.00684177 8
0.921541 0.0154175 7
0.938968 0.0802643 5
0.943518 0.15486 4
0.977352 0.667648 2
0.908928 0.00286838 9
0.93906 0.0804362 5
0.920184 0.0149039 7
0.972259 0.627721 2
0.959652 0.343742 3
0.941475 0.14931 4
0.952706 0.308269 3
0.928837 0.0348373 6
0.955183 0.54155 2
0.937037 0.257546 3
0.902698 0.0461899 5
0.906102 0.0477505 5
0.913781 0.106391 4
0.961464 0.566547 2
0.956677 0.546941 2
0.893386 0.00914822 7
0.962535 0.571477 2
0.93562 0.254333 3
0.977875 1 1
0.982443 1 1
0.966868 0.593773 2
0.940288 0.501751 2
0.952974 0.534138 2
0.973355 0.635602 2
0.888083 0.000841314 10
0.936067 0.13679 4
0.944335 0.277225 3
0.974588 0.644921 2
0.905697 0.011029 7
0.968504 0.603284 2
0.933936 0.132595 4
0.900965 0.00488194 8
0.904816 0.0108629 7
0.944113 0.27654 3
0.920748 0.0571074 5
0.913469 0.0256181 6
0.958341 0.553335 2
0.90378 0.010675 7
0.975737 0.654051 2
0.891728 0.00193993 9
0.939254 0.262938 3
0.947378 0.287293 3
0.975679 0.653574 2
0.906734 0.0231333 6
0.972065 0.626361 2
0.936495 0.256295 3
0.902385 0.0104339 7
0.908846 0.0238431 6
0.947349 0.287189 3
0.922407 0.115237 4
0.916897 0.0541236 5
0.962714 0.572321 2
0.907402 0.0233516 6
0.979301 1 1
0.919712 0.112176 4
0.945552 0.513376 2
0.950613 0.526888 2
0.957698 0.550815 2
0.918574 0.110971 4
0.989782 1 1
0.93728 0.258113 3
0.91708 0.109461 4
0.937338 0.25825 3
0.972233 1 1
0.937666 0.259028 3
0.944253 0.510301 2
0.9845 1 1
0.935572 0.254225 3
0.99046 1 1
0.909993 0.049767 5
0.938511 0.261078 3
0.944911 0.279036 3
0.961232 0.565506 2
0.92103 0.113635 4
0.992606 1 1
0.932131 0.247116 3
0.917963 0.0549045 5
0.925553 0.119223 4
0.967305 0.59625 2
0.938707 0.261563 3
0.936217 0.255665 3
0.973538 0.636954 2
0.926199 0.120103 4
0.921307 0.0575799 5
0.949934 0.296776 3
0.938767 0.261713 3
0.934696 0.134049 4
0.913294 0.0255446 6
0.890168 0.000878623 10
0.931562 0.128338 4
0.926592 0.0626366 5
0.894261 0.00203701 9
0.979459 0.68685 2
0.93942 0.26336 3
0.908747 0.0116533 7
0.948015 0.289563 3
0.94827 0.290488 3
0.954266 0.315351 3
0.997313 1 1
0.906378 0.00268042 9
0.928756 0.0650596 5
0.935365 0.0740748 5
0.95524 0.320011 3
0.927446 0.0337122 6
0.986566 0.765898 2
0.922938 0.0305317 6
0.92332 0.0307758 6
0.919295 0.0145853 7
0.966139 0.589742 2
0.943861 0.15584 4
0.934032 0.0720334 5
0.963283 0.366941 3
0.922865 0.0304849 6
0.927476 0.063599 5
0.846184 8.20131e-12 0
0.876947 5.94975e-06 16
0.885 7.79982e-05 13
0.917023 0.0272307 6
0.898114 0.0010556 10
0.917452 0.0274424 6
0.876808 5.92342e-06 16
0.889175 0.00018771 12
0.855125 1.5445e-10 28
0.902118 0.00241328 9
0.901851 0.00239823 9
0.873505 1.09385e-06 18
0.899109 0.0010826 10
0.861636 5.53126e-09 24
0.987629 1 1
0.919997 0.0287826 6
0.932494 0.12996 4
0.937745 0.140369 4
0.949503 0.295105 3
0.930708 0.0674502 5
0.994071 1 1
0.92466 0.0606571 5
0.92846 0.0647148 5
0.933139 0.131119 4
0.979579 0.687999 2
0.94946 0.294942 3
0.947502 0.287729 3
0.970964 0.618855 2
0.936649 0.138004 4
0.970047 0.612864 2
0.91854 0.0279974 6
0.906188 0.00266732 9
0.911211 0.00609255 8
0.925867 0.0618742 5
0.956881 0.328318 3
0.966627 0.592428 2
0.898511 0.00106622 10
0.952829 0.30881 3
0.922075 0.0299942 6
0.973872 0.639449 2
0.97375 0.638535 2
0.94838 0.290891 3
0.944004 0.156253 4
0.934921 0.073381 5
0.918641 0.0554181 5
0.891998 0.000914124 10
0.85629 4.43734e-09 24
0.861094 6.27748e-08 21
0.877795 2.93956e-05 14
0.97731 0.667284 2
0.913593 0.0256702 6
0.84914 1.17373e-10 28
0.967954 0.600011 2
0.883508 0.000162363 12
0.924383 0.0603855 5
0.959193 0.556779 2
0.915744 0.0266224 6
0.892117 0.000916523 10
0.903838 0.00516812 8
0.971726 0.624014 2
0.903579 0.0106395 7
0.955447 0.54248 2
0.962737 0.572432 2
0.976669 1 1
0.903557 0.0106355 7
0.976175 0.657641 2
0.950109 0.297461 3
0.901055 0.0102158 7
0.923791 0.116931 4
0.953457 0.535706 2
0.921443 0.0576965 5
0.926228 0.120142 4
0.980771 1 1
0.918556 0.0553536 5
0.949164 0.522753 2
0.957375 0.549573 2
0.919344 0.111781 4
0.920618 0.113171 4
0.918 0.110381 4
0.935034 0.253053 3
0.956659 0.546875 2
0.908341 0.048878 5
0.938721 0.261598 3
0.963431 0.575769 2
0.979144 1 1
0.954584 0.539478 2
0.98544 1 1
0.953222 0.534941 2
0.974859 1 1
0.941553 0.269045 3
0.918841 0.0555726 5
0.974663 0.645504 2
0.97287 0.632068 2
0.94927 0.294214 3
0.887545 0.00038618 11
0.951093 0.301421 3
0.962098 0.569438 2
0.888274 0.000392801 11
0.945956 0.282433 3
0.943267 0.273978 3
0.906903 0.0112664 7
0.931108 0.127571 4
0.97578 0.654401 2
0.929686 0.125255 4
0.917345 0.109723 4
0.988467 1 1
0.90623 0.0229723 6
0.904584 0.0224669 6
0.893108 0.00911467 7
0.913709 0.051972 5
0.92564 0.11934 4
0.894395 0.00927275 7
0.920557 0.113103 4
0.979832 1 1
0.945512 0.51328 2
0.929424 0.242124 3
0.974093 1 1
0.929913 0.24299 3
0.988068 1 1
0.954808 0.540248 2
0.867743 0.000262548 11
0.9102 0.103418 4
0.918571 0.226215 3
0.951676 0.530071 2
0.90246 0.0460869 5
0.945899 0.514225 2
0.909938 0.103215 4
0.895463 0.0201403 6
0.881085 0.00357402 8
0.925252 0.235313 3
0.912794 0.105537 4
0.894505 0.019934 6
0.930809 0.244618 3
0.883548 0.00812377 7
0.951077 0.301355 3
0.927478 0.12191 4
0.962871 0.573067 2
0.963309 0.575176 2
0.94848 0.291258 3
0.899594 0.00475706 8
0.961362 0.566088 2
0.95107 0.301323 3
0.900423 0.0101161 7
0.952816 0.533634 2
0.956063 0.544687 2
0.919237 0.0558815 5
0.942759 0.272481 3
0.984201 1 1
0.939934 0.264688 3
0.973945 0.639999 2
0.916944 0.00706963 8
0.909001 0.00287414 9
0.914228 0.0065726 8
0.929577 0.0354677 6
0.953108 0.188888 4
0.96996 0.612306 2
0.901533 0.000561711 11
0.94892 0.1722 4
0.921818 0.0155264 7
0.974239 0.64223 2
0.969752 0.610984 2
0.946739 0.16469 4
0.946707 0.164587 4
0.933468 0.0712062 5
0.937115 0.257727 3
0.885432 0.000368119 11
0.97886 1 1
0.987176 1 1
0.973326 0.63539 2
0.871702 1.12763e-05 15
0.941862 0.26991 3
0.98234 1 1
0.86988 1.07452e-05 15
0.910458 0.0244251 6
0.92282 0.0589152 5
0.889466 0.0008657 10
0.901738 0.0103263 7
0.958994 0.555963 2
0.897579 0.00458583 8
0.94752 0.287792 3
0.958402 0.33656 3
0.925228 0.0320646 6
0.925898 0.032544 6
0.920358 0.0289849 6
0.927324 0.0634314 5
0.956167 0.324632 3
0.913862 0.0129017 7
0.930946 0.0677563 5
0.969849 0.611598 2
0.975172 0.649505 2
0.946839 0.16502 4
0.981142 0.70347 2
0.957141 0.329693 3
0.974988 0.64805 2
0.940483 0.266133 3
0.957906 0.551623 2
0.933708 0.250262 3
0.932874 0.248575 3
0.921235 0.113868 4
0.913412 0.0517848 5
0.95034 0.526092 2
0.921712 0.114418 4
0.917115 0.0542809 5
0.979968 1 1
0.963386 0.575547 2
0.932669 0.248169 3
0.969883 0.611816 2
0.959294 0.557191 2
0.970466 0.61557 2
0.923151 0.0306676 6
0.953926 0.313764 3
0.936327 0.137329 4
0.932746 0.0701791 5
0.912883 0.0126404 7
0.893981 0.000452728 11
0.933348 0.0710338 5
0.924101 0.0312896 6
0.898232 0.00105873 10
0.983765 0.731859 2
0.942568 0.152217 4
0.912518 0.012546 7
0.952391 0.306896 3
0.948725 0.292165 3
0.958732 0.338418 3
0.915248 0.107714 4
0.833874 1.48793e-10 27
0.869928 0.000272404 11
0.878059 0.00154809 9
0.910468 0.103629 4
0.884391 0.00373444 8
0.905612 0.0475151 5
0.870957 0.000277283 11
0.875516 0.000669537 10
0.843624 3.57188e-08 21
0.889245 0.00867888 7
0.887922 0.00854152 7
0.860682 1.95905e-05 14
0.888933 0.00864601 7
0.849134 5.29773e-07 18
30 0 5 6 7 8 9 10 12 16 17 19 26 31 35 36 40 42 43 44 45 46 48 49 53 54 56 57 62 64 69 
66 0 1 2 3 4 5 6 7 8 9 10 11 13 14 15 16 18 19 20 21 22 23 24 25 26 27 28 29 30 31 32 33 34 35 36 37 38 39 40 41 43 44 45 46 47 48 49 50 51 52 53 55 56 57 58 59 60 61 62 63 64 65 66 67 68 69 
48 0 4 5 6 7 8 9 10 11 12 13 15 16 17 19 25 26 31 32 33 34 35 36 37 38 39 40 41 42 43 44 45 46 47 48 49 50 51 53 54 55 56 57 58 62 64 65 69 
47 0 5 6 7 8 9 10 11 12 13 15 16 17 19 25 26 31 32 33 34 35 36 37 38 39 40 41 42 43 44 45 46 47 48 49 50 51 53 54 55 56 57 58 62 64 65 69 
25 0 6 7 8 10 12 16 17 19 31 33 35 36 40 42 43 44 45 48 49 53 54 57 62 69 
23 0 6 7 8 10 12 16 17 19 31 35 36 40 42 43 44 45 48 49 54 57 62 69 
39 0 5 6 7 8 9 10 12 13 16 17 19 25 26 31 32 33 34 35 36 37 40 41 42 43 44 45 46 48 49 51 53 54 56 57 58 62 64 69 
38 0 6 7 8 10 11 12 15 16 17 19 25 26 31 32 33 34 35 36 37 39 40 42 43 44 45 46 48 49 51 53 54 57 58 62 64 65 69 
44 0 5 6 7 8 9 10 12 13 15 16 17 19 25 26 31 32 33 34 35 36 37 38 40 41 42 43 44 45 46 48 49 50 51 53 54 55 56 57 58 62 64 65 69 
65 0 1 3 4 5 6 7 8 9 10 11 12 13 14 15 16 18 19 21 22 24 25 26 27 28 29 30 31 32 33 34 35 36 37 38 39 40 41 42 43 44 45 46 47 48 49 50 51 52 53 54 55 56 57 58 59 60 62 63 64 65 66 67 68 69 
47 0 5 6 7 8 9 10 11 12 13 15 16 17 19 25 26 31 32 33 34 35 36 37 38 39 40 41 42 43 44 45 46 47 48 49 50 51 53 54 55 56 57 58 62 64 65 69 
45 0 5 6 7 8 9 10 11 12 13 15 16 17 19 25 26 31 32 33 34 35 36 37 38 39 40 42 43 44 45 46 48 49 50 51 53 54 55 56 57 58 62 64 65 69 
65 0 1 3 4 5 6 7 8 9 10 11 12 13 14 15 16 17 18 19 21 22 25 26 27 28 29 30 31 32 33 34 35 36 37 38 39 40 41 42 43 44 45 46 47 48 49 50 51 52 53 54 55 56 57 58 59 60 62 63 64 65 66 67 68 69 
45 0 5 6 7 8 9 10 11 12 13 16 17 19 25 26 31 32 33 34 35 36 37 38 40 41 42 43 44 45 46 47 48 49 50 51 53 54 55 56 57 58 62 64 65 69 
60 0 1 3 4 5 6 7 8 9 10 11 12 13 15 16 17 18 19 22 25 26 27 29 30 31 32 33 34 35 36 37 38 39 40 41 42 43 44 45 46 47 48 49 50 51 53 54 55 56 57 58 59 60 62 63 64 65 66 67 69 
