40 15 1e+07
2.09359 168923
2.63977 197007
1.65344 118163
1.6882 125449
1.73861 105146
1.55494 103544
1.25618 125804
1.86588 190239
1.63827 108175
1.60988 157393
2.61863 130901
2.61052 117436
2.38526 179330
1.73517 178948
2.83372 100403
2.4361 194579
1.95359 192868
1.25086 153427
2.62894 194108
1.77867 196948
2.51013 108717
1.05468 101545
1.28655 173679
1.65626 112284
1.91228 131469
2.14197 179882
2.29499 100703
2.79535 126372
2.94895 148032
1.66938 118179
2.05264 106214
2.62526 139275
2.16823 127952
1.83929 155942
1.12367 172007
2.20768 124770
2.07859 137647
1.93536 169057
1.71511 168208
1.98641 143343
0.870371 0.000617667 10
0.870115 0.000615292 10
0.926351 0.237013 3
0.884949 0.00825191 7
0.873366 0.000646881 10
0.875123 0.00148463 9
0.896667 0.0204084 6
0.923115 0.232185 3
0.920381 0.22849 3
0.890646 0.0191613 6
0.873974 0.000653128 10
0.914885 0.10738 4
0.904444 0.0469689 5
0.885023 0.00825878 7
0.901513 0.0456856 5
0.941365 0.149026 4
0.963927 0.578213 2
0.952503 0.30738 3
0.966955 0.594265 2
0.886702 8.18533e-05 13
0.912802 0.0126194 7
0.920018 0.0287942 6
0.96164 0.567342 2
0.944735 0.278478 3
0.999434 1 1
0.946204 0.283258 3
0.964614 0.581681 2
0.978183 0.675021 2
0.972799 0.63156 2
0.933491 0.131765 4
0.865368 1.46002e-08 23
0.882826 1.56672e-05 15
0.939752 0.145 4
0.883874 3.49801e-05 14
0.899956 0.00110657 10
0.862886 5.83753e-09 24
0.921011 0.0293596 6
0.923261 0.0307382 6
0.912316 0.0124943 7
0.896892 0.000490011 11
0.869511 1.92293e-07 20
0.926991 0.0630668 5
0.914463 0.013068 7
0.885354 3.66053e-05 14
0.923528 0.0309112 6
0.963247 0.574876 2
0.905295 0.00532725 8
0.922145 0.0583091 5
0.963338 0.575316 2
0.843644 7.26053e-12 0
0.965763 0.587705 2
0.876566 1.29195e-05 15
0.956689 0.327321 3
0.976985 0.66448 2
0.939466 0.144317 4
0.965572 0.586686 2
0.925432 0.0614281 5
0.930394 0.12639 4
0.958376 0.553473 2
0.889084 0.0004004 11
0.988134 1 1
0.912225 0.0251073 6
0.913041 0.0515533 5
0.975251 0.650136 2
0.838915 5.83216e-12 0
0.965949 0.588709 2
0.871468 2.49882e-05 14
0.944732 0.278469 3
0.956345 0.545718 2
0.943862 0.27577 3
0.989897 1 1
0.919651 0.0562098 5
0.92829 0.123106 4
0.969087 0.606832 2
0.884341 0.000359396 11
0.946994 0.51697 2
0.95984 0.559471 2
0.948396 0.520653 2
0.972614 1 1
0.881415 0.00358928 8
0.917701 0.225166 3
0.914603 0.107124 4
0.96164 1 1
0.947057 0.517131 2
0.994574 1 1
0.95184 0.530576 2
0.959964 0.559995 2
0.973069 1 1
0.978573 1 1
0.928025 0.239729 3
0.868066 3.65893e-08 22
0.864388 6.23593e-09 24
0.919924 0.0287421 6
0.881555 6.9373e-06 16
0.866648 1.54285e-08 23
0.874746 5.19861e-07 19
0.889672 8.93927e-05 13
0.918826 0.0144224 7
0.918057 0.0141631 7
0.88574 3.70489e-05 14
0.871495 2.07603e-07 20
0.908781 0.0057529 8
0.898764 0.0010731 10
0.881324 6.88213e-06 16
0.894577 0.000219033 12
0.901317 0.00491513 8
0.987188 1 1
0.933407 0.13161 4
0.923286 0.059344 5
0.909651 0.0118542 7
0.870306 4.86622e-06 16
0.934816 0.134282 4
0.920932 0.0572615 5
0.900856 0.00487179 8
0.951622 0.303615 3
0.905343 0.0109615 7
0.944654 0.278222 3
0.952433 0.307074 3
0.92917 0.124447 4
0.94393 0.275977 3
0.885099 0.000793079 10
0.944892 0.278976 3
0.966301 0.590624 2
0.90951 0.0240782 6
0.943208 0.2738 3
0.864402 4.13889e-06 16
0.979924 1 1
0.933526 0.24989 3
0.910081 0.0242854 6
0.937932 0.259666 3
0.889834 0.00187345 9
0.966137 0.589729 2
0.957694 0.5508 2
0.914248 0.0523182 5
0.994359 1 1
0.949451 0.294906 3
0.961488 0.566655 2
0.934783 0.134219 4
0.971008 0.619145 2
0.874212 1.20797e-05 15
0.915661 0.026584 6
0.905861 0.0110606 7
0.947515 0.287774 3
0.936023 0.136699 4
0.981686 1 1
0.953615 0.312339 3
0.946818 0.285345 3
0.960348 0.561633 2
0.976851 0.663328 2
0.918777 0.0555235 5
0.868824 0.000267343 11
0.934741 0.252425 3
0.948329 0.52047 2
0.892824 0.0195865 6
0.961402 0.566267 2
0.847757 5.11522e-07 18
0.994734 1 1
0.915526 0.107972 4
0.892585 0.0195386 6
0.921558 0.23004 3
0.873443 0.000647662 10
0.947475 0.518211 2
0.93994 0.501057 2
0.897677 0.0441713 5
0.98617 1 1
0.918949 0.111363 4
0.959635 0.55861 2
0.976902 1 1
0.944259 0.510313 2
0.908644 0.049037 5
0.896464 0.0203625 6
0.943818 0.509301 2
0.963682 0.577001 2
0.939874 0.26453 3
0.972139 1 1
0.923871 0.117033 4
0.990372 1 1
0.994135 1 1
0.94902 0.522354 2
0.957789 0.551166 2
0.936487 0.256276 3
0.968884 0.605587 2
0.95369 0.536471 2
0.961769 0.567929 2
0.890839 0.00190813 9
0.907755 0.0234693 6
0.92397 0.117157 4
0.958575 0.554267 2
0.940403 0.26592 3
0.993936 1 1
0.941252 0.268213 3
0.966374 0.591028 2
0.980304 1 1
0.967665 0.598325 2
0.937386 0.258362 3
0.980336 1 1
0.91006 0.0498046 5
0.915901 0.108324 4
0.972762 1 1
0.84013 1.88626e-10 27
0.968569 0.603674 2
0.872883 0.000128418 12
0.94884 0.521861 2
0.962933 0.573361 2
0.942917 0.272942 3
0.982284 1 1
0.921568 0.114251 4
0.929175 0.24169 3
0.966708 0.592879 2
0.885697 0.0017437 9
0.945201 0.15982 4
0.965716 0.587453 2
0.939599 0.144633 4
0.968181 0.601353 2
0.879306 2.95033e-06 17
0.912604 0.0063056 8
0.911202 0.00609131 8
0.949987 0.296983 3
0.936491 0.137672 4
0.986319 0.762728 2
0.949558 0.295318 3
0.951896 0.304771 3
0.965577 0.586712 2
0.974286 0.642596 2
0.924197 0.0313542 6
0.912775 0.105521 4
0.95521 0.541647 2
0.982741 1 1
0.937797 0.259341 3
0.914137 0.106706 4
0.891761 0.00895656 7
0.949758 0.524422 2
0.961323 0.565915 2
0.937095 0.25768 3
0.964788 0.582575 2
0.91768 0.110058 4
0.994753 1 1
0.986707 1 1
0.942327 0.505996 2
0.963718 0.577176 2
0.965748 0.587622 2
0.919057 0.0557407 5
0.932753 0.130421 4
0.975668 0.653484 2
0.854481 4.13237e-09 24
0.954234 0.538288 2
0.887863 0.000837572 10
0.966813 0.593464 2
0.978581 0.678639 2
0.953761 0.536706 2
0.969803 0.611308 2
0.937547 0.258744 3
0.943733 0.275377 3
0.971568 0.622926 2
0.900746 0.00486152 8
0.867942 4.05175e-07 19
0.930897 0.0676928 5
0.950109 0.297464 3
0.891886 0.000428906 11
0.961572 0.567033 2
0.847981 8.95709e-12 0
0.998801 1 1
0.916512 0.0269837 6
0.893759 0.000950998 10
0.920008 0.0287888 6
0.872583 2.34535e-06 17
0.947798 0.288782 3
0.939131 0.143526 4
0.896567 0.00101607 10
0.986033 1 1
0.919634 0.0285824 6
0.927427 0.0635447 5
0.976616 0.661335 2
0.940862 0.14774 4
0.893157 0.000209978 12
0.908986 0.00578009 8
0.927088 0.063172 5
0.982077 0.713229 2
0.961671 0.356196 3
0.952181 0.305988 3
0.924302 0.0314251 6
0.971866 0.624975 2
0.965015 0.58375 2
0.942625 0.152371 4
0.938884 0.142949 4
0.912904 0.0126459 7
0.928357 0.0645955 5
0.983338 1 1
0.934817 0.134284 4
0.900299 0.00231432 9
0.901414 0.002374 9
0.93419 0.133075 4
0.974525 0.644429 2
0.95364 0.312451 3
0.949518 0.295164 3
0.917612 0.0275225 6
0.975279 0.650354 2
0.965482 0.586203 2
0.937074 0.138908 4
0.945623 0.281334 3
0.859983 4.41816e-05 13
0.926785 0.237701 3
0.939492 0.500177 2
0.883738 0.00814086 7
0.971299 1 1
0.839206 1.33042e-08 22
0.989728 1 1
0.906565 0.100725 4
0.88394 0.00815911 7
0.912268 0.105093 4
0.864552 0.000249251 11
0.937979 0.497297 2
0.930359 0.243794 3
0.888561 0.00860712 7
0.97635 1 1
0.977604 0.669858 2
0.901075 0.00489227 8
0.907587 0.0114063 7
0.963368 0.575459 2
0.831949 4.28863e-12 0
0.978361 0.676626 2
0.864416 1.59608e-07 20
0.940818 0.14763 4
0.957634 0.550567 2
0.933413 0.131622 4
0.977214 0.666451 2
0.912718 0.0125976 7
0.919927 0.0287435 6
0.957299 0.330532 3
0.877068 1.31106e-05 15
0.914302 0.00658535 8
0.962942 0.364609 3
0.974859 0.647035 2
0.939554 0.144525 4
0.913565 0.00646113 8
0.891022 9.32042e-05 13
0.948614 0.171103 4
0.957471 0.331455 3
0.933772 0.07165 5
0.968872 0.605512 2
0.919171 0.0145419 7
0.987354 0.776231 2
0.989026 1 1
0.944556 0.157874 4
0.962637 0.362546 3
0.840945 6.39997e-12 0
0.911045 0.0121798 7
0.917314 0.0273738 6
0.864135 3.11671e-08 22
0.989337 1 1
0.819688 2.57479e-12 0
0.966464 0.591521 2
0.885176 7.83834e-05 13
0.863058 1.32504e-08 23
0.892571 0.000436438 11
0.845369 7.88441e-12 0
0.916026 0.0135219 7
0.909295 0.00582157 8
0.869026 1.88795e-07 20
0.953438 0.311534 3
0.964885 0.583076 2
0.888737 0.000852689 10
0.899433 0.00474289 8
0.949924 0.296736 3
0.823268 2.97916e-12 0
0.990327 1 1
0.855431 9.82418e-09 23
0.933058 0.130972 4
0.953399 0.311358 3
0.921179 0.0574709 5
0.963651 0.576847 2
0.903278 0.0105866 7
0.909289 0.023999 6
0.944001 0.276194 3
0.86779 2.02114e-06 17
0.900448 0.00232212 9
0.888002 8.50188e-05 13
0.939857 0.145255 4
0.913701 0.0128579 7
0.868676 1.86321e-07 20
0.905648 0.0053674 8
0.897884 0.00104954 10
0.950227 0.297926 3
0.952302 0.306509 3
0.914273 0.0130148 7
0.903979 0.00252343 9
0.931359 0.0682956 5
0.923975 0.0312059 6
0.91299 0.0126685 7
0.906493 0.00546616 8
0.928487 0.0647458 5
0.890279 9.10738e-05 13
0.927035 0.0631147 5
0.934612 0.0729064 5
0.848553 9.21567e-12 0
0.940199 0.146089 4
0.880232 6.62952e-06 16
0.955605 0.321809 3
0.975687 0.653644 2
0.922541 0.0302816 6
0.931099 0.0679546 5
0.924368 0.0314698 6
0.923093 0.0306304 6
0.931667 0.0687032 5
0.891216 0.000198589 12
0.862466 2.22774e-10 28
0.932774 0.0702185 5
0.938221 0.0788945 5
0.886241 8.22158e-06 16
0.967449 0.398483 3
0.840223 6.19077e-12 0
0.985075 0.747274 2
0.906467 0.00132821 10
0.883634 3.4714e-06 17
0.915419 0.00678241 8
0.866999 3.14674e-09 25
0.938514 0.0794261 5
0.932389 0.0696831 5
0.891272 4.44801e-05 14
0.975926 0.655596 2
0.951982 0.531013 2
0.90071 0.010161 7
0.924535 0.11788 4
0.954522 0.539266 2
0.845132 9.86461e-11 28
0.959782 0.559227 2
0.877883 0.000142637 12
0.958716 0.554837 2
0.982885 1 1
0.934781 0.25251 3
0.954377 0.538773 2
0.925978 0.119798 4
0.928952 0.12411 4
0.950299 0.525974 2
0.890038 0.00188038 9
0.939876 0.264537 3
0.949001 0.522304 2
0.96399 0.578527 2
0.96507 0.584036 2
0.887272 0.0038885 8
0.918348 0.110737 4
0.921819 0.114542 4
0.980077 1 1
0.959773 0.559186 2
0.981027 1 1
0.944932 0.511889 2
0.972792 1 1
0.980807 1 1
0.968763 0.604849 2
0.935389 0.253824 3
0.865411 4.91203e-05 13
0.942506 0.506383 2
0.931371 0.245665 3
0.888822 0.00397766 8
0.955595 0.543005 2
0.840281 1.05116e-09 25
0.968808 1 1
0.90308 0.022031 6
0.880358 0.00160192 9
0.918673 0.111074 4
0.869795 0.000120838 12
0.935034 0.253053 3
0.932365 0.247572 3
0.89421 0.00924959 7
0.96603 0.589145 2
0.919838 0.112313 4
0.905643 0.0475296 5
0.951966 0.530961 2
0.93478 0.252509 3
0.872771 0.000286277 11
0.919952 0.112437 4
0.904823 0.0471436 5
0.971648 1 1
0.972193 1 1
0.934507 0.251927 3
0.923733 0.11686 4
0.94664 0.516069 2
0.941789 0.504847 2
0.93419 0.25126 3
0.91549 0.107938 4
0.865743 1.67317e-07 20
0.930122 0.12595 4
0.946954 0.285813 3
0.889646 0.000405832 11
0.964434 0.580763 2
0.845455 7.91693e-12 0
0.997662 1 1
0.913601 0.0256737 6
0.890865 0.000418103 11
0.917956 0.0276963 6
0.870363 2.18614e-06 17
0.944999 0.279317 3
0.936732 0.138178 4
0.894384 0.000964788 10
0.98349 1 1
0.961727 0.356551 3
0.923445 0.030857 6
0.93851 0.142088 4
0.976243 0.658213 2
0.859815 1.94357e-10 28
0.948327 0.170086 4
0.893406 0.000211524 12
0.972482 0.629295 2
0.980087 0.692914 2
0.958417 0.336643 3
0.966175 0.589934 2
0.943399 0.154523 4
0.949425 0.294806 3
0.973332 0.635432 2
0.906361 0.00267925 9
0.878634 6.07303e-07 19
0.958232 0.335609 3
0.937667 0.0779094 5
0.902078 0.000571302 11
0.940705 0.0836441 5
0.851932 1.09419e-11 0
0.96204 0.358591 3
0.912777 0.00633306 8
0.890192 4.2854e-05 14
0.932317 0.0695838 5
0.882998 3.38671e-06 17
0.943994 0.156226 4
0.943944 0.156079 4
0.907656 0.00277167 9
0.965831 0.385549 3
0.959817 0.559375 2
0.897292 0.00103425 10
0.915144 0.0263481 6
0.955698 0.322274 3
0.836908 5.32883e-12 0
0.971805 0.624556 2
0.869517 4.28216e-07 19
0.949418 0.294778 3
0.971658 0.623545 2
0.931134 0.0680008 5
0.961132 0.565063 2
0.917814 0.0276242 6
0.922319 0.0301437 6
0.950493 0.298989 3
0.881831 3.29231e-05 14
0.899482 0.00997178 7
0.973497 1 1
0.914319 0.0523641 5
0.918044 0.110426 4
0.893246 0.00426024 8
0.865982 9.73388e-06 15
0.915096 0.0528761 5
0.906845 0.0231691 6
0.889354 0.00400937 8
0.941075 0.26773 3
0.902827 0.0219599 6
0.92603 0.119871 4
0.93561 0.254309 3
0.923629 0.116728 4
0.923315 0.116339 4
0.956245 0.54535 2
0.954161 0.538041 2
0.928883 0.241185 3
0.975279 1 1
0.867045 0.000259535 11
0.921077 0.229399 3
0.898569 0.0445081 5
0.944979 0.512001 2
0.936471 0.494573 2
0.975309 1 1
0.960132 0.560708 2
0.940442 0.502062 2
0.953657 0.536364 2
0.980272 1 1
0.91145 0.104418 4
0.94794 0.289292 3
0.932758 0.13043 4
0.954512 0.316507 3
0.969008 0.606347 2
0.874263 5.47074e-06 16
0.932643 0.130226 4
0.908414 0.0115811 7
0.987675 1 1
0.977037 0.66492 2
0.966932 0.594135 2
0.952778 0.308584 3
0.959182 0.556733 2
0.963755 0.577361 2
0.969519 0.609514 2
0.921486 0.0577337 5
0.959303 0.557231 2
0.909313 0.0117781 7
0.928913 0.12405 4
0.964421 0.580698 2
0.849646 2.77573e-10 27
0.958558 0.554202 2
0.882769 0.000159499 12
0.96373 0.577238 2
0.984005 1 1
0.943753 0.275436 3
0.962374 0.570722 2
0.931834 0.128806 4
0.936192 0.137048 4
0.960208 0.561033 2
0.895294 0.00207957 9
19 0 2 3 4 6 13 16 18 19 21 24 25 26 28 31 33 35 38 39 
38 0 1 2 3 4 5 6 8 9 10 11 12 13 14 15 16 17 18 19 20 21 22 23 24 25 26 27 28 29 30 31 32 33 34 35 37 38 39 
20 0 2 3 4 6 13 16 18 19 21 24 25 26 28 29 31 33 35 38 39 
34 0 1 2 3 5 6 8 10 11 12 13 15 16 17 18 19 20 21 22 23 24 25 26 27 28 29 30 31 32 33 34 35 38 39 
28 0 1 2 5 6 8 9 10 11 12 13 14 15 16 17 18 19 20 22 25 28 29 31 32 33 37 38 39 
0 
23 0 2 3 4 6 8 13 15 16 17 18 19 21 24 25 26 28 29 31 33 35 38 39 
16 0 2 3 4 6 13 16 21 24 25 26 28 31 33 35 39 
9 0 2 6 24 25 26 28 31 35 
27 0 2 3 4 5 6 8 11 13 15 16 17 18 19 21 22 24 25 26 28 29 31 32 33 35 38 39 
39 0 1 2 3 4 5 6 7 8 9 10 11 12 13 14 15 16 17 18 19 20 21 22 24 25 26 27 28 29 30 31 32 33 34 35 36 37 38 39 
21 0 2 3 4 5 6 13 16 18 19 21 24 25 26 28 29 31 33 35 38 39 
23 0 1 2 3 4 5 6 13 16 18 19 21 24 25 26 28 29 31 33 35 37 38 39 
35 0 1 2 3 4 5 6 8 10 11 12 13 15 16 17 18 19 20 21 22 23 24 25 26 27 28 29 30 31 32 33 34 35 38 39 
30 0 1 2 3 4 5 6 8 9 11 12 13 14 15 16 18 19 21 22 24 25 26 28 29 31 33 35 37 38 39 
