30 15 1e+07
1.28275 163255
2.0828 180139
1.30575 172961
1.78619 112788
1.60937 148128
2.97272 194217
2.68637 126913
2.94019 100212
2.01497 139903
2.49994 163070
2.63071 176624
2.64193 196345
1.21891 119445
2.45388 132495
1.06701 175672
1.11565 133148
1.22643 174982
1.0399 159783
1.25669 146766
2.00704 119731
1.1239 197057
2.75175 169150
2.00027 167878
1.695 101512
1.19426 199396
2.6249 164689
1.88567 117821
1.14644 134425
1.22232 173441
1.22326 193412
0.952228 0.306189 3
0.949928 0.296752 3
0.90556 0.0110028 7
0.932112 0.129287 4
0.976295 0.658639 2
0.903751 0.00515885 8
0.895829 0.00210234 9
0.922932 0.0590172 5
0.938933 0.143062 4
0.925143 0.0611371 5
0.900016 0.00229965 9
0.922713 0.0588182 5
0.913549 0.0256515 6
0.892026 0.000914675 10
0.86769 8.99158e-07 18
0.930977 0.127351 4
0.958146 0.335134 3
0.896077 0.00100411 10
0.94581 0.281949 3
0.953454 0.311604 3
0.885235 7.85132e-05 13
0.887332 0.000178745 12
0.906522 0.00546953 8
0.921695 0.0297638 6
0.908863 0.0116786 7
0.919573 0.0285489 6
0.924764 0.0607595 5
0.916386 0.0269236 6
0.879462 1.40871e-05 15
0.864243 7.04368e-08 21
0.885273 0.000795738 10
0.946792 0.285254 3
0.912175 0.0510252 5
0.961045 0.564679 2
0.891948 0.00417267 8
0.865454 4.25579e-06 16
0.911143 0.0504178 5
0.890616 0.0019003 9
0.895896 0.00445286 8
0.892542 0.00421223 8
0.94419 0.276775 3
0.960118 0.56065 2
0.965278 0.585129 2
0.888959 0.00184433 9
0.915709 0.0532912 5
0.953432 0.535624 2
0.892356 0.00902548 7
0.931828 0.246533 3
0.873735 0.000650655 10
0.929594 0.242425 3
0.987242 1 1
0.924075 0.233563 3
0.966117 0.589619 2
0.958641 0.554535 2
0.964254 0.579851 2
0.834714 6.46471e-11 28
0.896482 0.0203665 6
0.890339 0.00879694 7
0.943042 0.50756 2
0.886303 0.00383505 8
0.972151 1 1
0.952886 0.533858 2
0.942574 0.506531 2
0.932196 0.247242 3
0.972045 1 1
0.934814 0.252581 3
0.93213 0.247115 3
0.959049 0.556186 2
0.974475 1 1
0.961558 0.566971 2
0.891428 0.00891848 7
0.944692 0.511323 2
0.935611 0.254312 3
0.929087 0.241537 3
0.899737 0.0211411 6
0.967809 0.599167 2
0.945918 0.514271 2
0.956856 0.547611 2
0.926642 0.120719 4
0.958716 0.554837 2
0.94464 0.27818 3
0.946079 0.514667 2
0.971507 0.622513 2
0.983223 1 1
0.974116 1 1
0.885101 0.00172656 9
0.947783 0.519017 2
0.939678 0.264024 3
0.943693 0.275255 3
0.911461 0.0506026 5
0.899436 0.00996497 7
0.915861 0.0533959 5
0.96297 0.573542 2
0.911081 0.0246599 6
0.891288 0.00192405 9
0.906815 0.0231596 6
0.970645 0.616743 2
0.92588 0.119665 4
0.92002 0.0565075 5
0.926445 0.120443 4
0.878108 0.000143341 12
0.94922 0.294025 3
0.953893 0.537145 2
0.94594 0.282378 3
0.980662 1 1
0.958314 0.336069 3
0.9637 0.577086 2
0.923576 0.0309428 6
0.943151 0.153826 4
0.975248 0.650105 2
0.914077 0.0129605 7
0.913902 0.0129126 7
0.936742 0.1382 4
0.95227 0.30637 3
0.939171 0.143618 4
0.905295 0.00532734 8
0.940953 0.14797 4
0.931506 0.0684889 5
0.908115 0.00566632 8
0.885892 7.99804e-05 13
0.898168 0.00977877 7
0.933459 0.249753 3
0.948086 0.51982 2
0.933347 0.249526 3
0.895739 0.00944535 7
0.893261 0.00426128 8
0.950645 0.526984 2
0.916395 0.108795 4
0.915627 0.0532354 5
0.917699 0.110077 4
0.902678 0.0219183 6
0.968068 0.600685 2
0.976399 1 1
0.92583 0.119597 4
0.958475 0.553869 2
0.97135 0.621444 2
0.922759 0.0304181 6
0.95412 0.314666 3
0.90384 0.00251487 9
0.950227 0.297926 3
0.968071 0.600702 2
0.943862 0.155843 4
0.990294 1 1
0.99072 1 1
0.991546 1 1
0.863332 2.64543e-09 25
0.926939 0.0333205 6
0.920024 0.0287976 6
0.952725 0.308353 3
0.905279 0.00260626 9
0.975907 0.655438 2
0.907992 0.0235491 6
0.930222 0.126112 4
0.88832 0.000845407 10
0.951945 0.304981 3
0.967689 0.598465 2
0.920599 0.0569834 5
0.967598 0.597936 2
0.9712 0.620436 2
0.967394 0.596761 2
0.849487 6.38014e-10 26
0.905834 0.0110555 7
0.898385 0.00465261 8
0.933316 0.131443 4
0.882652 0.000346631 11
0.963421 1 1
0.89913 0.0447246 5
0.931259 0.245454 3
0.879992 0.00352432 8
0.939472 0.500137 2
0.979022 1 1
0.922541 0.231381 3
0.968117 1 1
0.965015 1 1
0.966901 1 1
0.841005 7.79511e-08 20
0.900499 0.0452681 5
0.893744 0.0197747 6
0.938807 0.498853 2
0.884415 0.0082025 7
0.960425 0.561967 2
0.897462 0.00217507 9
0.932296 0.12961 4
0.878498 2.99645e-05 14
0.936459 0.137603 4
0.98239 1 1
0.923853 0.0598765 5
0.968545 0.603528 2
0.963731 0.57724 2
0.967082 0.594982 2
0.839441 5.97326e-12 0
0.89989 0.00229316 9
0.893344 0.000942043 10
0.940967 0.267436 3
0.885753 0.000171641 12
0.942278 0.505891 2
0.922527 0.231361 3
0.8842 0.00372474 8
0.906394 0.0478926 5
0.963344 0.575344 2
0.894165 0.0198625 6
0.874305 0.000656586 10
0.907502 0.0484452 5
0.922819 0.231768 3
0.909288 0.102714 4
0.879341 0.00157763 9
0.895904 0.0202372 6
0.886962 0.00844521 7
0.874289 0.00065642 10
0.844497 8.58458e-08 20
0.938146 0.497608 2
0.915667 0.108103 4
0.983404 1 1
0.900939 0.0454474 5
0.921328 0.229733 3
0.956689 0.546989 2
0.97593 1 1
0.973593 1 1
0.960792 0.563564 2
0.973032 1 1
0.861191 1.98016e-05 14
0.934527 0.251968 3
0.931137 0.245227 3
0.983929 1 1
0.935696 0.254501 3
0.975831 0.65481 2
0.905999 0.00540799 8
0.924628 0.0606255 5
0.88622 8.07308e-05 13
0.953132 0.310155 3
0.962822 0.572834 2
0.914979 0.0132141 7
0.961667 0.567467 2
0.966571 0.592115 2
0.961573 0.56704 2
0.847908 8.92482e-12 0
0.902056 0.00240975 9
0.894417 0.000457983 11
0.927487 0.0636111 5
0.877312 6.01992e-06 16
0.946658 0.516114 2
0.944396 0.510631 2
0.898083 0.0443238 5
0.927889 0.239503 3
0.970978 1 1
0.897906 0.0442572 5
0.888416 0.0187524 6
0.91606 0.108474 4
0.931976 0.246818 3
0.918205 0.22577 3
0.898398 0.0444431 5
0.915907 0.10833 4
0.906883 0.100949 4
0.884912 0.0082484 7
0.860603 0.000102295 12
0.919979 0.227973 3
0.97123 1 1
0.940822 0.502835 2
0.966601 1 1
0.924473 0.234146 3
0.898356 0.0208024 6
0.936274 0.494227 2
0.924816 0.234657 3
0.931309 0.245549 3
0.926952 0.237969 3
0.926117 0.236645 3
0.991943 1 1
0.984097 1 1
0.917063 0.109444 4
0.924505 0.234193 3
0.930394 0.126391 4
0.949292 0.2943 3
0.969782 0.611176 2
0.938452 0.260934 3
0.925941 0.119748 4
0.921288 0.0575637 5
0.964476 0.580975 2
0.947158 0.28652 3
0.948357 0.290807 3
0.948867 0.292693 3
0.898463 0.0046592 8
0.976168 0.657587 2
0.972259 0.627721 2
0.945187 0.279921 3
0.94252 0.271787 3
0.919216 0.0283553 6
0.96727 0.596051 2
0.895833 0.000998263 10
0.961115 0.564988 2
0.939324 0.14398 4
0.876946 1.30638e-05 15
0.888089 0.000182333 12
0.900083 0.00230311 9
0.914094 0.0258844 6
0.902489 0.0050294 8
0.937257 0.139303 4
0.93241 0.129811 4
0.925039 0.0610326 5
0.876929 1.30571e-05 15
0.869332 4.25414e-07 19
0.924779 0.118197 4
0.985681 1 1
0.911107 0.0503974 5
0.974673 1 1
0.941082 0.267748 3
0.886489 0.0038452 8
0.903752 0.0222226 6
0.911255 0.0504828 5
0.924102 0.117325 4
0.913701 0.106321 4
0.938789 0.261767 3
0.950186 0.525647 2
0.942581 0.506548 2
0.890837 0.00885202 7
0.885855 0.00381092 8
0.898098 0.00976881 7
0.935547 0.254171 3
0.946136 0.283033 3
0.936058 0.255307 3
0.896355 0.0095271 7
0.891832 0.00416504 8
0.948221 0.520183 2
0.915302 0.0530144 5
0.915102 0.0528805 5
0.916677 0.0539669 5
0.905643 0.0227885 6
0.969903 0.611945 2
0.978707 1 1
0.923586 0.116676 4
0.95539 0.54228 2
0.96734 1 1
0.903821 0.0466859 5
0.935003 0.252987 3
0.884617 0.00374604 8
0.943137 0.507769 2
0.978218 1 1
0.925965 0.236408 3
0.972426 1 1
0.970126 1 1
0.97141 1 1
0.845388 8.80243e-08 20
0.905188 0.0473144 5
0.898334 0.0207971 6
0.9411 0.503406 2
0.887659 0.00851482 7
0.987868 1 1
0.917409 0.22482 3
0.921175 0.229529 3
0.897254 0.0440148 5
0.970057 1 1
0.947543 0.518388 2
0.910894 0.103969 4
0.955073 0.541166 2
0.96671 1 1
0.956011 0.544499 2
0.859696 4.39433e-05 13
0.908101 0.101827 4
0.899702 0.044949 5
0.91891 0.226631 3
0.874488 0.00147159 9
0.933647 0.132054 4
0.947534 0.287842 3
0.891343 0.0004231 11
0.934203 0.1331 4
0.957416 0.331154 3
0.886139 8.05449e-05 13
0.882185 3.32658e-05 14
0.905567 0.00535818 8
0.921165 0.0294496 6
0.907802 0.00562651 8
0.90889 0.00576733 8
0.915627 0.0134029 7
0.907026 0.00553027 8
0.876406 5.84818e-06 16
0.857149 8.8325e-10 26
0.915351 0.0530473 5
0.964219 0.579672 2
0.89225 0.00195916 9
0.9602 0.561001 2
0.935632 0.135904 4
0.873113 1.17171e-05 15
0.884646 0.0003618 11
0.896151 0.00447244 8
0.910094 0.0242902 6
0.898547 0.00466632 8
0.939537 0.26366 3
0.929655 0.125205 4
0.922572 0.0586904 5
0.87326 1.17647e-05 15
0.866585 1.95031e-06 17
0.884045 3.51625e-05 14
0.940953 0.14797 4
0.917117 0.0138588 7
0.952376 0.306828 3
0.888694 8.67876e-05 13
0.867876 8.09853e-08 21
0.917202 0.0138857 7
0.892607 0.000206642 12
0.896422 0.000483632 11
0.89439 0.000457653 11
0.933755 0.0716248 5
0.961234 0.353406 3
0.968637 0.604085 2
0.894123 0.000454428 11
0.925052 0.0319403 6
0.943963 0.509633 2
0.891601 0.00893817 7
0.942418 0.506194 2
0.87404 0.000653819 10
0.920635 0.113191 4
0.994914 1 1
0.936067 0.255327 3
0.969724 1 1
0.956345 0.545718 2
0.967207 1 1
0.834714 1.53512e-10 27
0.90082 0.0453987 5
0.895723 0.0201973 6
0.957769 0.551089 2
0.898822 0.0209151 6
0.925112 0.0611059 5
0.907152 0.0113168 7
0.981999 1 1
0.894166 0.00203321 9
0.908622 0.011626 7
0.948749 0.292255 3
0.982087 1 1
0.960617 0.562798 2
0.947405 0.287387 3
0.959794 0.559276 2
0.855631 4.32294e-09 24
0.929834 0.125489 4
0.928154 0.122904 4
0.991428 1 1
0.944729 0.27846 3
0.906074 0.0111019 7
0.974724 0.645978 2
0.901682 0.00495015 8
0.987188 1 1
0.921359 0.0576244 5
0.871009 4.96586e-06 16
0.895869 0.00210406 9
0.896118 0.00211486 9
0.907488 0.011386 7
0.898489 0.00466147 8
0.958547 0.554157 2
0.947983 0.289448 3
0.943115 0.273525 3
0.880034 6.83362e-05 13
0.884318 0.000165606 12
8 3 10 11 12 13 15 22 23 
20 0 1 3 4 5 7 9 10 11 12 13 15 16 19 20 22 23 24 25 29 
27 0 1 2 3 4 5 7 9 10 11 12 13 14 15 16 17 18 19 20 21 22 23 24 25 26 27 29 
25 0 1 3 4 5 7 9 10 11 12 13 14 15 16 17 18 19 20 22 23 24 25 27 28 29 
8 3 10 11 12 13 15 22 23 
12 0 1 3 10 11 12 13 15 16 22 23 24 
29 0 1 2 3 4 5 7 8 9 10 11 12 13 14 15 16 17 18 19 20 21 22 23 24 25 26 27 28 29 
20 0 1 3 4 5 7 9 10 11 12 13 15 16 19 20 22 23 24 25 27 
13 0 3 9 10 11 12 13 15 16 22 23 24 27 
13 0 3 9 10 11 12 13 15 16 22 23 24 27 
26 0 1 3 4 5 6 7 8 9 10 11 13 14 16 17 18 19 20 21 22 23 24 25 27 28 29 
25 0 1 3 4 5 7 9 10 11 12 13 14 15 16 17 18 19 20 22 23 24 25 27 28 29 
25 0 1 3 4 5 7 9 10 11 12 13 14 15 16 17 18 19 20 22 23 24 25 27 28 29 
23 0 1 3 4 5 7 9 10 11 12 13 14 15 16 17 19 20 22 23 24 25 27 29 
30 0 1 2 3 4 5 6 7 8 9 10 11 12 13 14 15 16 17 18 19 20 21 22 23 24 25 26 27 28 29 
