30 15 6e+06
7.56911 133309
5.56208 186089
1.2879 190969
1.28672 109361
3.93983 129700
4.91709 152718
2.53939 133755
3.49735 169623
1.30136 164483
2.34499 124596
2.60374 193793
1.14825 178677
6.6129 140014
2.86955 163422
6.32423 126210
5.30954 181671
6.55229 151677
4.66407 168481
11.8004 191383
2.18141 128672
2.40287 141885
1.43956 157520
3.0771 176365
2.43991 180040
1.54961 187407
6.11265 173772
4.04707 160895
3.58389 162173
3.55941 191074
3.11232 145037
0.928752 0.0650549 5
0.911 0.0121687 7
0.925015 0.0610089 5
0.853204 1.41122e-10 28
0.936922 0.138582 4
0.931644 0.128479 4
0.896839 0.00102281 10
0.883078 7.39993e-05 13
0.921596 0.057829 5
0.869594 9.56867e-07 18
0.922518 0.058642 5
0.847509 8.75098e-12 0
0.887435 0.000179224 12
0.895977 0.00100171 10
0.850875 5.50138e-11 29
0.912726 0.0253096 6
0.912541 0.0125518 7
0.913376 0.0255787 6
0.853125 3.22872e-10 27
0.926241 0.0622646 5
0.916527 0.0269908 6
0.895768 0.000996692 10
0.878272 2.97798e-05 14
0.918577 0.0280168 6
0.869793 9.63221e-07 18
0.92711 0.0631966 5
0.845872 8.07803e-12 0
0.885063 0.000168689 12
0.898764 0.00223686 9
0.850323 5.36051e-11 29
0.956856 0.547611 2
0.94482 0.511624 2
0.974858 1 1
0.922669 0.231559 3
0.963666 0.576919 2
0.95985 0.559511 2
0.954814 0.540269 2
0.966401 1 1
0.960825 0.563709 2
0.93442 0.251743 3
0.932795 0.248418 3
0.92382 0.233192 3
0.957592 0.550405 2
0.936413 0.256109 3
0.922606 0.231471 3
0.903116 0.0984222 4
0.959133 0.556532 2
0.918345 0.225939 3
0.902761 0.0462171 5
0.928783 0.241012 3
0.909052 0.102535 4
0.939101 0.499417 2
0.913425 0.10608 4
0.948191 0.520103 2
0.919547 0.227425 3
0.976221 1 1
0.891948 0.0194124 6
0.926467 0.237195 3
0.952301 0.532006 2
0.898916 0.0446418 5
0.966139 0.589742 2
0.910081 0.0498159 5
0.960357 0.561672 2
0.889177 0.00399872 8
0.947734 0.51889 2
0.962704 0.572276 2
0.917349 0.109727 4
0.930899 0.244784 3
0.928225 0.240064 3
0.898588 0.0208583 6
0.901658 0.0216399 6
0.892868 0.009086 7
0.92021 0.112719 4
0.900188 0.0212552 6
0.889868 0.00874558 7
0.931497 0.128228 4
0.967221 0.595769 2
0.945918 0.282307 3
0.904262 0.00521335 8
0.957605 0.332173 3
0.937584 0.140015 4
0.948992 0.293164 3
0.92765 0.0637924 5
0.969863 0.611687 2
0.921932 0.0581213 5
0.980363 0.695628 2
0.896276 0.00100894 10
0.937035 0.138825 4
0.952055 0.305449 3
0.901252 0.00236517 9
0.936796 0.138313 4
0.960285 0.561362 2
0.957974 0.334185 3
0.944042 0.27632 3
0.952503 0.30738 3
0.941031 0.148168 4
0.976265 0.658396 2
0.985939 1 1
0.96814 0.601108 2
0.957369 0.330907 3
0.944172 0.276719 3
0.942875 0.272819 3
0.981309 0.705181 2
0.956368 0.32566 3
0.943335 0.274178 3
0.941559 0.269063 3
0.885341 0.000796784 10
0.933037 0.248902 3
0.872681 5.73335e-05 13
0.920926 0.113518 4
0.937045 0.257563 3
0.8943 0.00433457 8
0.911423 0.0505804 5
0.902402 0.021842 6
0.879374 0.00032415 11
0.876316 0.000137889 12
0.878621 0.000319366 11
0.89894 0.00989113 7
0.876818 0.00013938 12
0.874103 5.92141e-05 13
0.949638 0.52408 2
0.95558 0.542953 2
0.960505 0.562313 2
0.896698 0.00957354 7
0.974045 1 1
0.955619 0.543091 2
0.942599 0.506586 2
0.927422 0.238732 3
0.968764 0.604853 2
0.913768 0.0520096 5
0.962296 0.570357 2
0.890881 0.00410368 8
0.932841 0.248509 3
0.939304 0.263064 3
0.894351 0.00926721 7
0.936824 0.495198 2
0.982284 1 1
0.958538 0.554122 2
0.934805 0.491719 2
0.96085 1 1
0.942518 0.50641 2
0.982406 1 1
0.963975 1 1
0.989869 1 1
0.952214 0.531733 2
0.968054 1 1
0.928932 0.241268 3
0.972588 1 1
0.97065 1 1
0.93252 0.488049 2
0.885951 0.0017511 9
0.959734 0.559023 2
0.905532 0.0227543 6
0.934572 0.252065 3
0.910959 0.0503123 5
0.891679 0.00415499 8
0.950999 0.528029 2
0.926409 0.120393 4
0.939571 0.263746 3
0.94822 0.520179 2
0.95837 0.55345 2
0.921185 0.113811 4
0.941959 0.270184 3
0.970717 0.61722 2
0.930046 0.243228 3
0.89534 0.00441081 8
0.96319 0.574598 2
0.91644 0.053799 5
0.963925 0.578202 2
0.91765 0.0546722 5
0.900546 0.00484306 8
0.970034 0.612782 2
0.951985 0.531022 2
0.94674 0.285078 3
0.979256 1 1
0.949701 0.295867 3
0.95084 0.300384 3
0.966928 0.594109 2
0.979496 1 1
0.959469 0.557919 2
0.917799 0.0140782 7
0.935539 0.0743512 5
0.924605 0.0316309 6
0.874611 2.35327e-07 20
0.93788 0.0782855 5
0.922862 0.0304833 6
0.917252 0.0139017 7
0.897054 0.000236479 12
0.938433 0.0792795 5
0.891696 9.52104e-05 13
0.951487 0.303049 3
0.866426 3.06068e-09 25
0.905662 0.00129673 10
0.922194 0.0156768 7
0.87153 4.24915e-08 22
0.923804 0.0310925 6
0.934828 0.073237 5
0.940732 0.147412 4
0.946443 0.163727 4
0.93137 0.0683094 5
0.926206 0.0327699 6
0.953553 0.312055 3
0.981039 0.70242 2
0.94113 0.148421 4
0.951005 0.301061 3
0.918292 0.0142415 7
0.952445 0.307128 3
0.965009 0.37932 3
0.935006 0.0735124 5
0.948075 0.169203 4
0.944487 0.277698 3
0.930478 0.126528 4
0.944796 0.27867 3
0.872431 2.33386e-06 17
0.95765 0.33242 3
0.948638 0.291843 3
0.917089 0.0272634 6
0.903513 0.00513388 8
0.942648 0.272157 3
0.889049 0.000400066 11
0.940243 0.146197 4
0.866937 3.91398e-07 19
0.907787 0.0114481 7
0.914805 0.0261961 6
0.870167 9.75316e-07 18
0.938795 0.142742 4
0.939619 0.144681 4
0.943666 0.155281 4
0.879575 1.41362e-05 15
0.957231 0.33017 3
0.943771 0.15558 4
0.924391 0.0603933 5
0.908119 0.00566683 8
0.949232 0.294071 3
0.896586 0.00101652 10
0.951138 0.301605 3
0.873135 1.0797e-06 18
0.914101 0.0129672 7
0.924151 0.0601612 5
0.877023 5.96436e-06 16
0.93001 0.0665714 5
0.913477 0.0127975 7
0.926872 0.0629381 5
0.855486 6.87988e-11 29
0.938949 0.143101 4
0.933079 0.0706493 5
0.89923 0.00108594 10
0.885279 3.65197e-05 14
0.924017 0.0312333 6
0.87193 4.67353e-07 19
0.925017 0.0319159 6
0.849731 9.7767e-12 0
0.889756 8.9621e-05 13
0.898418 0.00106371 10
0.853139 1.16533e-11 0
0.91487 0.107366 4
0.932087 0.247031 3
0.921167 0.11379 4
0.871434 0.000279596 11
0.934416 0.251735 3
0.91982 0.112293 4
0.913734 0.10635 4
0.893481 0.0197203 6
0.934683 0.252301 3
0.888446 0.00859529 7
0.948217 0.520171 2
0.863164 4.6972e-05 13
0.902139 0.0459498 5
0.919003 0.11142 4
0.868328 0.000117507 12
0.919721 0.0286298 6
0.894451 0.000458404 11
0.912431 0.0125235 7
0.838084 5.61732e-12 0
0.923149 0.0306663 6
0.921468 0.0296285 6
0.880984 1.47691e-05 15
0.86858 8.3278e-08 21
0.905531 0.00262296 9
0.85409 2.80453e-11 30
0.905622 0.00536449 8
0.832855 4.45958e-12 0
0.872091 4.70144e-07 19
0.879633 6.49689e-06 16
0.835898 5.09486e-12 0
0.90089 0.0214364 6
0.94274 0.272426 3
0.912587 0.0512745 5
0.884735 0.00171621 9
0.924619 0.117989 4
0.906507 0.047948 5
0.922752 0.115651 4
0.898616 0.0208651 6
0.936793 0.256979 3
0.901447 0.0215835 6
0.960731 0.563297 2
0.874546 0.000295622 11
0.910302 0.0499393 5
0.933663 0.25017 3
0.88107 0.000736026 10
0.951966 0.530961 2
0.911178 0.104197 4
0.953637 0.536297 2
0.899811 0.0449922 5
0.940106 0.501388 2
0.95013 0.525485 2
0.921987 0.230619 3
0.9403 0.501776 2
0.927335 0.23859 3
0.907225 0.0483051 5
0.900168 0.0451347 5
0.90509 0.047268 5
0.927344 0.238605 3
0.903621 0.0465963 5
0.901039 0.0454886 5
0.926132 0.12001 4
0.98297 1 1
0.944152 0.510066 2
0.918949 0.111363 4
0.952971 0.53413 2
0.932279 0.247404 3
0.962965 0.573515 2
0.938748 0.261666 3
0.976862 1 1
0.936907 0.257242 3
0.993197 1 1
0.910207 0.0498865 5
0.95021 0.525715 2
0.968109 0.600928 2
0.915724 0.108157 4
0.979062 0.683099 2
0.90863 0.00284523 9
0.957933 0.333959 3
0.8665 1.37647e-09 26
0.957704 0.332711 3
0.975309 0.650597 2
0.905779 0.00130121 10
0.90635 0.00132357 10
0.927702 0.0339138 6
0.880056 1.39697e-06 18
0.908609 0.0028436 9
0.865965 1.33976e-09 26
0.902385 0.000576834 11
0.894302 0.000103656 13
0.865799 1.32864e-09 26
0.949102 0.17286 4
0.957633 0.332326 3
0.960877 0.35117 3
0.898602 0.00024858 12
0.974199 0.641929 2
0.95516 0.319623 3
0.944599 0.158004 4
0.929126 0.0350808 6
0.970755 0.61747 2
0.915723 0.00683797 8
0.96406 0.372398 3
0.892711 9.83648e-05 13
0.934746 0.0731109 5
0.941318 0.148904 4
0.896234 0.000230456 12
0.97177 1 1
0.949813 0.524579 2
0.990199 1 1
0.90501 0.0996583 4
0.994324 1 1
0.978014 1 1
0.947811 0.519091 2
0.944047 0.509824 2
0.970188 1 1
0.920167 0.228214 3
0.945829 0.514051 2
0.902629 0.0461599 5
0.943096 0.50768 2
0.935551 0.492978 2
0.903761 0.0988361 4
0.860949 2.37472e-09 25
0.920307 0.0289561 6
0.875578 1.17844e-06 18
0.881017 1.47845e-05 15
0.88536 3.66122e-05 14
0.866591 3.44141e-08 22
0.903777 0.00251103 9
0.878458 6.24847e-06 16
0.905586 0.00262659 9
0.8942 0.000455355 11
0.93287 0.0703524 5
0.868371 8.25878e-08 21
0.892697 0.000207183 12
0.921293 0.0295251 6
0.876735 2.69399e-06 17
0.930055 0.243245 3
0.900619 0.0101467 7
0.922106 0.11488 4
0.844868 1.24073e-09 25
0.932504 0.247845 3
0.93172 0.246326 3
0.888069 0.00181567 9
0.87676 0.000308096 11
0.913025 0.0515433 5
0.860813 1.6574e-06 17
0.91063 0.0501243 5
0.840096 8.00495e-11 28
0.879592 0.000325556 11
0.885462 0.0017369 9
0.842822 4.91227e-10 26
0.965018 0.583764 2
0.931574 0.128358 4
0.974892 0.647294 2
0.909852 0.0242018 6
0.961152 0.565149 2
0.965887 0.588375 2
0.940179 0.26533 3
0.953013 0.534264 2
0.949001 0.293198 3
0.920513 0.0569118 5
0.921257 0.0575376 5
0.912254 0.025119 6
0.943019 0.273243 3
0.922324 0.115138 4
0.910158 0.0243137 6
0.94559 0.513468 2
0.892078 0.0194379 6
0.939032 0.499285 2
0.879676 0.0035103 8
0.926484 0.237223 3
0.941561 0.504366 2
0.90144 0.0456547 5
0.918837 0.111245 4
0.909009 0.102503 4
0.886526 0.00840234 7
0.882605 0.00364579 8
0.885493 0.00830303 7
0.906235 0.047815 5
0.88374 0.00370155 8
0.881061 0.0035729 8
0.926197 0.0327632 6
0.960657 0.349805 3
0.939081 0.080476 5
0.898071 0.000244318 12
0.951309 0.181327 4
0.932123 0.0378138 6
0.941703 0.149905 4
0.919866 0.0147883 7
0.961551 0.355419 3
0.91562 0.00681904 8
0.97635 0.659102 2
0.889659 1.9866e-05 15
0.929594 0.0354825 6
0.946595 0.164222 4
0.894928 0.000105867 13
7 0 7 16 18 22 26 28 
26 0 1 2 3 4 5 7 8 9 12 14 15 16 17 18 19 20 21 22 23 24 25 26 27 28 29 
15 0 1 4 7 8 12 14 15 16 17 18 22 23 26 28 
29 0 1 2 3 4 5 6 7 8 9 10 11 12 13 14 15 16 17 19 20 21 22 23 24 25 26 27 28 29 
12 0 1 4 7 14 15 16 18 20 22 26 28 
8 0 1 7 14 16 18 22 26 
26 0 1 2 3 4 5 6 7 8 9 12 14 15 16 17 18 19 20 21 22 23 24 26 27 28 29 
29 0 1 2 3 4 5 6 7 8 9 10 11 12 14 15 16 17 18 19 20 21 22 23 24 25 26 27 28 29 
22 0 1 2 4 5 7 8 12 14 15 16 17 18 19 20 22 23 24 26 27 28 29 
30 0 1 2 3 4 5 6 7 8 9 10 11 12 13 14 15 16 17 18 19 20 21 22 23 24 25 26 27 28 29 
26 0 1 2 4 5 6 7 8 9 12 13 14 15 16 17 18 19 20 21 22 23 24 26 27 28 29 
26 2 3 4 5 6 7 8 9 10 11 12 13 14 15 17 19 20 21 22 23 24 25 26 27 28 29 
28 0 1 2 3 4 5 6 7 8 9 10 12 14 15 16 17 18 19 20 21 22 23 24 25 26 27 28 29 
26 0 1 2 3 4 5 7 8 9 10 12 14 15 16 17 18 19 21 22 23 24 25 26 27 28 29 
28 0 1 2 3 4 5 6 7 8 9 10 11 12 13 14 15 17 19 20 21 22 23 24 25 26 27 28 29 
