50 15 1e+07
2.0851 139980
2.99715 182772
1.80351 162680
2.42412 152007
1.24182 115408
1.29034 181944
1.0514 155308
2.8899 161995
2.42678 198734
1.54352 135226
2.09333 156063
2.59935 133899
1.35546 196917
1.67863 166068
1.53992 134770
2.77839 158495
1.56435 156951
2.01261 197380
1.50226 180490
1.35931 110438
2.57601 172776
1.56339 137004
1.70676 150199
1.56118 135738
2.25095 106650
1.19712 173145
1.87483 165637
2.40804 144279
2.96923 111831
1.68053 177994
1.60734 139090
2.40075 166607
2.02569 127305
1.7907 160637
1.5641 110556
1.01994 154319
2.86276 187550
1.66582 104856
1.97227 154247
1.13506 188394
2.20985 191763
1.01863 110499
1.60744 165531
1.38792 170705
1.57305 196894
2.88377 190361
1.96929 102701
1.12176 169494
1.53862 167778
2.37708 111749
0.942695 0.506796 2
0.940493 0.26616 3
0.948368 0.520577 2
0.950201 0.525689 2
0.973873 1 1
0.918413 0.110804 4
0.953869 0.537066 2
0.95488 0.540498 2
0.988609 1 1
0.953436 0.535637 2
0.912137 0.0510025 5
0.874603 0.000295929 11
0.9406 0.266447 3
0.936165 0.255547 3
0.988493 1 1
0.924245 0.233811 3
0.9157 0.108135 4
0.865033 0.000251178 11
0.87587 0.00150026 9
0.877916 0.0034342 8
0.956834 0.547527 2
0.908506 0.102126 4
0.85758 1.83766e-05 14
0.897027 0.0439314 5
0.878465 0.00345751 8
0.906962 0.101005 4
0.918618 0.226272 3
0.900047 0.0450863 5
0.914368 0.106912 4
0.898475 0.0444725 5
0.888179 0.0187102 6
0.881278 0.00358291 8
0.87704 0.00339768 8
0.878243 0.00344802 8
0.900487 0.0452634 5
0.914746 0.107254 4
0.955309 0.541996 2
0.887186 0.00846738 7
0.919884 0.227852 3
0.967586 1 1
0.853679 7.35185e-06 15
0.829408 1.26367e-10 27
0.97082 1 1
0.876718 0.00338444 8
0.924495 0.234179 3
0.985344 1 1
0.974618 1 1
0.923597 0.116689 4
0.935118 0.253235 3
0.935565 0.254211 3
0.948171 0.520048 2
0.936243 0.255723 3
0.914623 0.0525626 5
0.950683 0.527095 2
0.911686 0.0507346 5
0.950625 0.526923 2
0.926197 0.120099 4
0.920505 0.113046 4
0.971165 0.6202 2
0.950065 0.525298 2
0.935924 0.255008 3
0.925815 0.119576 4
0.89091 0.00191062 9
0.89891 0.0098867 7
0.911077 0.0246585 6
0.984636 1 1
0.962905 0.57323 2
0.890001 0.00187912 9
0.935793 0.254716 3
0.931171 0.127676 4
0.901724 0.0103241 7
0.888062 0.000840958 10
0.954884 0.540511 2
0.921791 0.114511 4
0.93931 0.263079 3
0.968259 0.60182 2
0.971398 0.62177 2
0.919193 0.0283432 6
0.931881 0.128886 4
0.919818 0.0286836 6
0.917008 0.0272236 6
0.901045 0.00235393 9
0.903942 0.00517907 8
0.924041 0.0600559 5
0.879601 1.41474e-05 15
0.983126 0.724651 2
0.956331 0.325469 3
0.88565 7.94348e-05 13
0.975123 0.649112 2
0.921632 0.0297266 6
0.919791 0.0563224 5
0.911124 0.0121987 7
0.861145 6.28905e-08 21
0.871816 5.0842e-06 16
0.874467 1.21665e-05 15
0.956493 0.546263 2
0.907425 0.0113729 7
0.854115 1.77494e-09 25
0.894015 0.000956604 10
0.877387 2.90741e-05 14
0.901967 0.00497777 8
0.913915 0.0258073 6
0.899733 0.00476938 8
0.909684 0.0118617 7
0.895641 0.00209426 9
0.936046 0.136746 4
0.940215 0.146127 4
0.983784 1 1
0.977729 0.670958 2
0.987378 1 1
0.891006 0.000419564 11
0.918328 0.027887 6
0.987131 1 1
0.960739 0.563331 2
0.920346 0.0289781 6
0.920047 0.0288103 6
0.875776 5.73318e-06 16
0.905212 0.00531791 8
0.93797 0.140868 4
0.956282 0.325222 3
0.914269 0.0523313 5
0.904223 0.0107544 7
0.864453 1.83369e-06 17
0.873017 2.59613e-05 14
0.883086 0.000349832 11
0.977945 1 1
0.935499 0.254065 3
0.862487 7.65282e-07 18
0.906717 0.0231279 6
0.906132 0.0229412 6
0.885181 0.000794331 10
0.882741 0.000347283 11
0.932947 0.13077 4
0.901019 0.01021 7
0.909977 0.0242472 6
0.941413 0.149148 4
0.935984 0.13662 4
0.881293 1.49142e-05 15
0.893286 0.000210777 12
0.888748 8.69288e-05 13
0.936082 0.136821 4
0.898512 0.00106625 10
0.86988 1.95013e-07 20
0.902246 0.00242058 9
0.870671 2.01043e-07 20
0.936843 0.138414 4
0.953674 0.312605 3
0.88621 3.76003e-05 14
0.936529 0.137751 4
0.902039 0.00240884 9
0.911622 0.00615395 8
0.901589 0.00115565 10
0.862965 2.60127e-09 25
0.871283 2.05886e-07 20
0.881973 7.03921e-06 16
0.975423 0.651505 2
0.936215 0.137097 4
0.8615 1.07802e-09 26
0.905798 0.00264082 9
0.907369 0.00275066 9
0.882077 7.06485e-06 16
0.879037 2.92187e-06 17
0.934662 0.0729824 5
0.898294 0.000509934 11
0.909201 0.00580891 8
0.897476 0.00217572 9
0.890847 0.000891462 10
0.887625 0.000386896 11
0.888826 0.000397947 11
0.911363 0.0247685 6
0.919147 0.0558111 5
0.964133 0.579242 2
0.897707 0.00218642 9
0.930809 0.127073 4
0.978847 0.681091 2
0.862834 6.68559e-08 21
0.836899 5.32662e-12 0
0.977178 0.666135 2
0.886238 0.000173768 12
0.93543 0.135497 4
0.977509 1 1
0.972971 1 1
0.944465 0.510791 2
0.954344 0.538659 2
0.960443 0.562045 2
0.935268 0.25356 3
0.945506 0.513265 2
0.938287 0.260529 3
0.975279 1 1
0.928063 0.239793 3
0.942283 0.505901 2
0.906787 0.0480864 5
0.928877 0.241173 3
0.967997 1 1
0.973289 1 1
0.902821 0.0105077 7
0.896192 0.00211806 9
0.89238 0.00196399 9
0.89384 0.00202018 9
0.916305 0.0537043 5
0.922851 0.0589434 5
0.969429 0.60895 2
0.902055 0.0103787 7
0.93626 0.137189 4
0.982659 1 1
0.868003 2.0341e-06 17
0.841646 6.61118e-12 0
0.98086 1 1
0.891556 0.0019337 9
0.940937 0.267354 3
0.998213 1 1
0.987243 1 1
0.933781 0.132304 4
0.945917 0.282303 3
0.942955 0.273055 3
0.936217 0.1371 4
0.930274 0.126196 4
0.922972 0.0590545 5
0.953378 0.311262 3
0.908948 0.0116971 7
0.959705 0.558903 2
0.927565 0.122037 4
0.914094 0.0258844 6
0.983266 1 1
0.951523 0.303201 3
0.921927 0.114669 4
0.911848 0.0508304 5
0.869958 5.40021e-05 13
0.879001 0.000321762 11
0.887854 0.00180888 9
0.984319 1 1
0.936004 0.255186 3
0.866999 2.24904e-05 14
0.911045 0.0503613 5
0.905662 0.0227944 6
0.893437 0.00427352 8
0.891266 0.00412824 8
0.931163 0.245276 3
0.908785 0.0491116 5
0.913991 0.0521522 5
0.922724 0.231636 3
0.91301 0.105722 4
0.883442 0.00368671 8
0.890242 0.00878626 7
0.904976 0.0472148 5
0.97253 1 1
0.966838 1 1
0.884808 0.00823871 7
0.930061 0.243255 3
0.937403 0.49624 2
0.888141 0.00856388 7
0.873821 0.000651552 10
0.964948 1 1
0.908821 0.102361 4
0.934223 0.251329 3
0.963613 1 1
0.971559 1 1
0.929542 0.242332 3
0.941986 0.505264 2
0.925687 0.235978 3
0.905044 0.0996817 4
0.895632 0.0434306 5
0.912477 0.105269 4
0.924643 0.234398 3
0.877392 0.00341224 8
0.996565 1 1
0.947798 0.519059 2
0.879947 0.00352231 8
0.976592 1 1
0.921409 0.22984 3
0.942221 0.505767 2
0.941043 0.503288 2
0.953735 0.536622 2
0.954843 0.540369 2
0.979381 1 1
0.913897 0.106493 4
0.948171 0.520048 2
0.960598 0.562715 2
0.986318 1 1
0.948936 0.522124 2
0.913447 0.106099 4
0.874567 0.000295736 11
0.93506 0.25311 3
0.936941 0.257321 3
0.984289 1 1
0.935202 0.253417 3
0.926212 0.236794 3
0.901896 0.0458462 5
0.908112 0.0487584 5
0.924395 0.234031 3
0.962903 0.573222 2
0.984686 1 1
0.904041 0.0467853 5
0.950013 0.525148 2
0.952109 0.531404 2
0.898785 0.0209061 6
0.877567 0.00153707 9
0.973015 1 1
0.921619 0.230121 3
0.95442 0.538919 2
0.972059 0.626318 2
0.969072 0.606741 2
0.948897 0.292807 3
0.95794 0.551757 2
0.966334 0.590804 2
0.931194 0.127714 4
0.946155 0.283097 3
0.943848 0.275727 3
0.980738 0.699374 2
0.931254 0.127815 4
0.938845 0.142857 4
0.901847 0.00496612 8
0.929697 0.125271 4
0.964305 0.580108 2
0.97802 0.673551 2
0.889639 0.000405765 11
0.880146 6.85316e-05 13
0.837687 5.51796e-12 0
0.846628 8.38049e-12 0
0.854784 1.82424e-09 25
0.947664 0.288303 3
0.904996 0.00529381 8
0.834719 4.83698e-12 0
0.877253 2.89693e-05 14
0.877439 2.91145e-05 14
0.865766 3.76178e-07 19
0.873135 5.2871e-06 16
0.904313 0.00521892 8
0.877668 2.92949e-05 14
0.88023 6.8679e-05 13
0.910954 0.00303566 9
0.905063 0.00127412 10
0.904655 0.00125912 10
0.905691 0.00129785 10
0.928827 0.0348293 6
0.922099 0.0156387 7
0.97223 0.627517 2
0.91474 0.00666131 8
0.947841 0.168391 4
0.994051 1 1
0.876502 5.56968e-07 19
0.847436 8.71946e-12 0
0.975179 0.649561 2
0.900414 0.000542843 11
0.952365 0.306781 3
0.899367 0.00108978 10
0.889765 8.96477e-05 13
0.846654 8.39136e-12 0
0.855776 3.05968e-11 30
0.863674 6.04216e-09 24
0.95745 0.331341 3
0.91255 0.006297 8
0.843366 7.16572e-12 0
0.886164 3.75455e-05 14
0.884028 1.63e-05 15
0.874955 1.15202e-06 18
0.880914 6.78564e-06 16
0.910563 0.00599814 8
0.887244 3.88616e-05 14
0.889051 8.77232e-05 13
0.926946 0.0630177 5
0.918239 0.0278412 6
0.89718 0.0010314 10
0.902582 0.00243988 9
0.920253 0.0289261 6
0.957357 0.330844 3
0.987651 1 1
0.90078 0.00233969 9
0.945463 0.280813 3
0.957072 0.329324 3
0.890763 0.000196082 12
0.869525 1.92395e-07 20
0.981534 0.707511 2
0.913636 0.0128403 7
0.950152 0.297633 3
0.970174 0.613678 2
0.974963 0.647849 2
0.924101 0.0601132 5
0.936832 0.138389 4
0.92398 0.0599975 5
0.915177 0.0263629 6
0.901902 0.00240113 9
0.908509 0.0116014 7
0.92696 0.0630328 5
0.881427 3.25398e-05 14
0.986893 1 1
0.952096 0.305624 3
0.886321 0.000174139 12
0.979196 0.684355 2
0.9243 0.0603052 5
0.932377 0.0696658 5
0.925245 0.0612389 5
0.871881 4.66511e-07 19
0.883408 3.44935e-05 14
0.881938 1.52237e-05 15
0.945318 0.280342 3
0.901765 0.00239347 9
0.862253 1.28191e-08 23
0.898271 0.00105977 10
0.872578 1.05889e-06 18
0.92153 0.0296654 6
0.937419 0.139654 4
0.891146 0.000198197 12
0.92487 0.0608638 5
0.898857 0.00107562 10
0.921964 0.0155845 7
0.921748 0.0154989 7
0.949428 0.174057 4
0.945146 0.159651 4
0.969903 0.611945 2
0.896614 0.000233214 12
0.936751 0.076335 5
0.964807 0.377823 3
0.964825 0.377954 3
0.949466 0.174198 4
0.896141 0.000229791 12
0.856359 1.38511e-11 0
0.927488 0.0337451 6
0.91806 0.0141641 7
0.963971 0.371768 3
0.906622 0.0230973 6
0.896764 0.00958252 7
0.855238 2.70701e-07 19
0.864082 9.2944e-06 15
0.873093 0.000128964 12
0.967857 0.599444 2
0.923929 0.117106 4
0.852636 1.08766e-07 20
0.896179 0.00950362 7
0.895083 0.00936007 7
0.879822 0.000719976 10
0.88164 0.000743591 10
0.921867 0.114599 4
0.893899 0.00430598 8
0.899262 0.00993883 7
0.935407 0.135452 4
0.925585 0.0615841 5
0.878403 2.98863e-05 14
0.888572 0.000395562 11
0.893925 0.000954629 10
0.979353 0.68584 2
0.930218 0.126106 4
0.872904 5.25059e-06 16
0.915196 0.0263717 6
0.899439 0.00474339 8
0.910005 0.0119349 7
0.91002 0.0119383 7
0.921488 0.0577359 5
0.923114 0.0591848 5
0.917226 0.0273308 6
0.923638 0.0309831 6
0.921387 0.0295804 6
0.937864 0.140633 4
0.936169 0.0753681 5
0.96146 0.35484 3
0.907422 0.00275452 9
0.951015 0.301099 3
0.950533 0.299147 3
0.968744 0.60473 2
0.964573 0.581473 2
0.893831 0.000214196 12
0.856863 7.37344e-11 29
0.942567 0.152213 4
0.917186 0.0138806 7
0.970205 0.613876 2
0.994914 1 1
0.99028 1 1
0.93973 0.264157 3
0.951904 0.530771 2
0.948552 0.521074 2
0.932109 0.247075 3
0.930344 0.243766 3
0.92873 0.240921 3
0.957232 0.549026 2
0.91076 0.0501986 5
0.959654 0.558688 2
0.923977 0.117167 4
0.914006 0.10659 4
0.985301 1 1
0.954876 0.540484 2
0.890442 9.15349e-05 13
0.880919 6.78674e-06 16
0.838616 5.7539e-12 0
0.847527 8.75867e-12 0
0.855805 6.99025e-11 29
0.94879 0.292406 3
0.906251 0.00267161 9
0.835724 5.05588e-12 0
0.878338 2.84974e-06 17
0.878676 2.88424e-06 17
0.866317 3.40295e-08 22
0.873265 4.91254e-07 19
0.905593 0.00262705 9
0.878405 2.85656e-06 17
0.881337 6.88528e-06 16
0.933006 0.24884 3
0.927857 0.122464 4
0.926233 0.120149 4
0.928581 0.123544 4
0.951142 0.528458 2
0.929009 0.124198 4
0.974176 0.641753 2
0.933728 0.250304 3
0.972661 0.630566 2
0.973077 0.633571 2
0.898651 0.00984861 7
0.866445 9.84599e-06 15
0.962743 0.572461 2
0.923152 0.116139 4
0.977343 1 1
0.903893 0.0467181 5
0.894578 0.0199497 6
0.848737 2.25344e-07 19
0.858454 8.15852e-06 15
0.864446 4.81783e-05 13
0.956328 0.545655 2
0.908183 0.0487955 5
0.84407 3.61926e-08 21
0.886014 0.00381944 8
0.878874 0.00156673 9
0.882022 0.00361783 8
0.891158 0.00888788 7
0.90423 0.0468708 5
0.892461 0.0090379 7
0.888479 0.00859871 7
0.891135 0.000420912 11
0.886165 8.06038e-05 13
0.894023 0.000453225 11
0.892733 0.000438255 11
0.916698 0.0270733 6
0.901256 0.00236535 9
0.949571 0.295368 3
0.907284 0.00556195 8
0.930571 0.0672759 5
0.980659 0.698576 2
0.858319 2.11651e-09 25
0.828121 3.64424e-12 0
0.956735 0.327557 3
0.881692 3.27902e-05 14
0.934386 0.133449 4
0.910626 0.0244879 6
0.905489 0.022741 6
0.909564 0.0240975 6
0.90969 0.024143 6
0.933546 0.24993 3
0.9163 0.0537008 5
0.966378 0.591049 2
0.920802 0.0571528 5
0.950288 0.525941 2
0.995734 1 1
0.876999 0.000139923 12
0.846086 5.57122e-10 26
0.966943 0.594197 2
0.900903 0.0101915 7
0.954424 0.538931 2
0.905162 0.0473021 5
0.897625 0.0206292 6
0.887488 0.00849764 7
0.890263 0.00878852 7
0.911347 0.104334 4
0.932902 0.248631 3
0.974046 1 1
0.895328 0.0201108 6
0.933507 0.24985 3
0.97124 1 1
0.8698 0.000271809 11
0.846346 9.04445e-08 20
0.990849 1 1
0.892999 0.00910167 7
0.938366 0.260721 3
0.950474 0.298913 3
0.95966 0.558712 2
0.973291 0.635136 2
0.984224 1 1
0.959304 0.557235 2
0.890793 0.000890436 10
0.902282 0.00500879 8
0.953615 0.312339 3
0.943479 0.274612 3
0.894581 0.00204999 9
0.95142 0.302769 3
0.904292 0.0107669 7
0.887069 0.000381968 11
0.960416 0.561928 2
0.938678 0.142473 4
0.921641 0.0297314 6
0.923935 0.0311792 6
0.964985 0.583592 2
0.957179 0.32989 3
0.976363 0.659211 2
0.886063 3.74262e-05 14
0.921124 0.029426 6
0.983594 0.72991 2
0.95719 0.329953 3
0.930753 0.0675086 5
0.901727 0.00115998 10
0.859177 1.8822e-10 28
0.910497 0.00598874 8
0.921072 0.0293952 6
0.954315 0.315579 3
0.954209 0.538206 2
0.961328 0.565935 2
0.921179 0.229534 3
0.933199 0.249226 3
0.915994 0.108412 4
0.898884 0.0446295 5
0.886729 0.00842223 7
0.903708 0.0466353 5
0.914628 0.107147 4
0.868064 0.000263957 11
0.992531 1 1
0.955238 0.541745 2
0.871272 0.000626189 10
0.966254 1 1
0.911468 0.104432 4
0.934386 0.251671 3
0.939656 0.500497 2
0.991096 1 1
0.981577 1 1
0.980575 1 1
0.88636 0.00383815 8
0.911747 0.104661 4
0.986423 1 1
0.954377 0.538774 2
0.913193 0.105879 4
0.92198 0.114731 4
0.876949 0.000685535 10
0.898471 0.0208301 6
0.937963 0.25974 3
0.949773 0.524464 2
0.911936 0.00620174 8
0.90393 0.00252043 9
0.889767 8.96527e-05 13
0.89349 0.000212046 12
0.913503 0.00645085 8
0.942011 0.150719 4
0.98059 0.697884 2
0.896151 0.000480016 11
0.937003 0.138754 4
0.96641 0.591224 2
0.876245 1.20769e-06 18
0.853917 1.21429e-11 0
0.996612 1 1
0.899308 0.00108813 10
0.941897 0.150417 4
0.897707 0.00971318 7
0.887822 0.0039196 8
0.85168 1.05679e-07 20
0.859385 3.64363e-06 16
0.871301 0.000124433 12
0.96049 0.562249 2
0.929483 0.242227 3
0.851395 1.04782e-07 20
0.895237 0.00937984 7
0.903291 0.0220907 6
0.868125 5.19405e-05 13
0.865661 2.18213e-05 14
0.931538 0.24598 3
0.88446 0.00170851 9
0.898931 0.0209416 6
0.9714 0.621783 2
0.961115 0.564988 2
0.920329 0.0567599 5
0.930237 0.126136 4
0.93716 0.139092 4
0.959278 0.557128 2
0.952776 0.308575 3
0.91515 0.0263507 6
0.958073 0.552275 2
0.926185 0.062206 5
0.934343 0.133368 4
0.910879 0.0245833 6
0.937003 0.138754 4
0.956762 0.54726 2
0.959136 0.556541 2
0.979717 0.689316 2
0.971999 0.625898 2
0.916235 0.0135852 7
0.928368 0.0646082 5
0.925221 0.0612149 5
0.943823 0.15573 4
0.924351 0.0314583 6
0.905378 0.00261277 9
0.938051 0.141049 4
0.899244 0.00108635 10
0.957125 0.329605 3
0.938826 0.142814 4
0.909227 0.00581249 8
0.970717 0.61722 2
0.937157 0.139085 4
0.97929 1 1
0.986673 1 1
0.954145 0.537991 2
0.966989 0.594457 2
0.958165 0.552638 2
0.917708 0.0547152 5
0.92274 0.0588425 5
0.940754 0.26686 3
0.958051 0.552189 2
0.907929 0.0235279 6
0.961249 0.565584 2
0.918135 0.0550334 5
0.906542 0.0111942 7
0.984369 1 1
0.954262 0.538382 2
0.918124 0.0550256 5
0.90816 0.023606 6
0.865386 4.24806e-06 16
0.874564 5.98478e-05 13
0.88288 0.000760602 10
0.978649 1 1
0.930415 0.126425 4
0.862114 1.71743e-06 17
0.905779 0.0228306 6
0.90035 0.0101047 7
0.890902 0.00191035 9
0.891049 0.00191552 9
0.925981 0.119803 4
0.905284 0.0226781 6
0.908641 0.0237715 6
0.930084 0.125889 4
0.929616 0.125144 4
0.952639 0.307974 3
0.95021 0.297862 3
0.975837 0.654863 2
0.903384 0.0106052 7
0.941586 0.269138 3
0.965047 0.58392 2
0.973303 0.63522 2
0.949925 0.296741 3
0.903319 0.0105939 7
0.863713 3.51478e-07 19
0.930778 0.127022 4
0.925796 0.119551 4
0.972116 0.626716 2
0.925561 0.0615604 5
0.928793 0.065103 5
0.973399 0.635926 2
0.964904 0.583177 2
0.980355 0.69555 2
0.885745 7.96474e-05 13
0.917854 0.0276445 6
0.991428 1 1
0.95691 0.328475 3
0.924774 0.0607689 5
0.907879 0.00563625 8
0.864438 3.15445e-08 22
0.906259 0.00543846 8
0.926262 0.062287 5
0.953317 0.310985 3
32 1 2 3 4 6 8 9 10 11 13 14 15 16 19 21 22 23 24 26 28 29 32 33 34 35 36 37 42 43 44 45 47 
25 1 3 4 5 6 8 9 10 14 15 16 17 21 23 25 26 28 29 32 34 40 43 44 45 47 
45 0 1 2 3 4 5 6 7 8 9 10 11 12 13 14 15 16 17 18 19 20 22 24 25 26 27 28 29 30 31 33 34 35 36 37 38 40 41 42 43 44 45 46 47 48 
38 0 1 2 3 4 5 6 8 9 10 11 12 13 14 15 16 17 19 20 22 23 24 25 26 28 29 31 33 34 37 38 40 42 43 44 45 46 47 
45 0 1 2 3 4 5 6 8 9 10 11 12 13 14 15 16 17 18 19 20 21 22 23 24 25 26 27 28 29 30 31 32 33 34 35 36 37 40 42 43 44 45 46 47 48 
15 1 6 8 9 10 15 21 23 26 28 29 32 34 43 47 
24 1 3 4 6 8 9 10 15 16 19 21 23 24 26 28 29 32 34 37 42 43 44 45 47 
47 0 1 2 3 4 5 6 7 8 9 10 11 12 13 14 15 16 17 18 19 20 22 24 25 26 27 28 29 30 31 33 34 35 36 37 38 39 40 41 42 43 44 45 46 47 48 49 
39 1 2 3 4 5 6 8 9 10 11 12 13 14 15 16 17 19 20 21 22 23 24 25 26 28 29 31 32 33 34 35 36 37 40 42 43 44 45 47 
38 1 2 3 4 5 6 8 9 10 11 12 13 14 15 16 17 19 20 21 22 23 24 25 26 28 29 31 32 33 34 37 40 42 43 44 45 46 47 
19 1 5 6 8 9 10 15 21 23 25 26 28 29 32 34 40 43 45 47 
0 
25 1 3 4 5 6 8 9 10 15 16 19 21 23 24 25 26 28 29 32 34 42 43 44 45 47 
36 1 2 3 4 5 6 8 9 10 11 12 13 14 15 16 19 21 22 23 24 25 26 28 29 31 32 33 34 35 36 37 42 43 44 45 47 
38 1 2 3 4 5 6 8 9 10 11 12 13 14 15 16 17 19 20 21 22 23 24 25 26 28 29 31 32 33 34 37 40 42 43 44 45 46 47 
