60 15 1e+07
1.62311 172155
1.78875 112991
1.89988 199857
2.30025 106885
1.00874 127530
2.88839 189644
2.7315 154353
2.99617 187772
1.35404 134263
1.93925 108929
1.23145 160243
2.38359 160791
1.30759 134990
2.6333 140442
1.00208 186903
2.34254 186729
2.15598 171992
2.81568 188582
1.38205 139149
1.72632 122202
1.83399 119333
1.02552 118930
2.34813 125443
2.04008 129699
1.76698 162609
1.76713 143799
2.80317 191337
2.66102 153166
2.91752 173459
2.07905 173916
2.09656 149960
1.34725 170102
1.17333 151473
1.83574 121300
2.59437 152553
1.24973 147907
2.49434 179635
2.34263 141506
2.12792 146204
1.31865 100689
1.11573 149542
1.4489 192482
1.6968 112154
2.78791 158829
2.01598 162794
1.48902 177168
2.89107 112119
2.31036 141569
1.11975 198328
2.85578 161388
2.54915 186460
1.95573 176296
2.17431 112196
1.24312 154104
1.77065 136743
2.06797 196381
1.005 112700
2.81903 151233
1.83593 195959
1.27748 153162
0.993559 1 1
0.943151 0.153826 4
0.93747 0.139766 4
0.986556 1 1
0.90073 0.00112934 10
0.888763 8.69665e-05 13
0.932028 0.0691891 5
0.890308 0.000193616 12
0.924237 0.0313809 6
0.895353 0.000469653 11
0.964595 0.581583 2
0.875833 2.61196e-06 17
0.949189 0.293905 3
0.951685 0.303879 3
0.896726 0.00102 10
0.935075 0.49217 2
0.972566 1 1
0.933031 0.488845 2
0.940468 0.502114 2
0.936729 0.49503 2
0.943308 0.508152 2
0.972188 1 1
0.940256 0.501688 2
0.945482 0.513206 2
0.907842 0.101637 4
0.949298 0.523127 2
0.933035 0.488853 2
0.929387 0.24206 3
0.910444 0.103611 4
0.930789 0.24458 3
0.892222 0.000918651 10
0.883162 0.00016101 12
0.853871 1.75739e-09 25
0.910102 0.0119573 7
0.947033 0.286087 3
0.905951 0.011078 7
0.879564 6.7528e-05 13
0.918486 0.0553 5
0.856922 4.55069e-09 24
0.988973 1 1
0.929943 0.125663 4
0.883796 0.000163501 12
0.858298 1.09546e-08 23
0.922554 0.0586749 5
0.950433 0.298747 3
0.917559 0.0140003 7
0.923458 0.0308653 6
0.889536 8.90225e-05 13
0.933612 0.0714159 5
0.973939 0.639954 2
0.941413 0.149148 4
0.921035 0.0293738 6
0.95107 0.301324 3
0.89635 0.000482657 11
0.958293 0.335949 3
0.955689 0.322228 3
0.919377 0.0146138 7
0.89118 9.36687e-05 13
0.92564 0.0323577 6
0.97081 0.617829 2
0.931259 0.245454 3
0.884802 0.00375558 8
0.876212 0.000677219 10
0.941365 0.503956 2
0.884476 0.00373877 8
0.856381 3.38847e-06 16
0.875357 0.000667808 10
0.863224 4.70274e-05 13
0.863975 4.77293e-05 13
0.903745 0.0466517 5
0.936959 0.257365 3
0.838535 9.88481e-10 25
0.888675 0.00861898 7
0.977352 1 1
0.883499 0.00368957 8
0.899422 0.0448387 5
0.913348 0.106013 4
0.877422 0.00341346 8
0.91443 0.106968 4
0.995001 1 1
0.953809 0.536867 2
0.913408 0.106065 4
0.966485 1 1
0.887827 0.0186484 6
0.957989 0.551946 2
0.935751 0.493319 2
0.930491 0.244035 3
0.877112 0.00340063 8
0.906467 0.100656 4
0.990778 1 1
0.959348 0.557414 2
0.909923 0.0497287 5
0.902641 0.0219082 6
0.968253 0.601784 2
0.894205 0.00924891 7
0.871613 0.0001252 12
0.899775 0.0211509 6
0.876564 0.000681159 10
0.889617 0.00402523 8
0.903384 0.0221173 6
0.956875 0.547683 2
0.855294 6.23367e-07 18
0.915283 0.107746 4
0.983704 1 1
0.891902 0.00897276 7
0.983666 0.730723 2
0.949682 0.295795 3
0.955844 0.323005 3
0.965938 0.588649 2
0.88888 8.72739e-05 13
0.883412 1.59708e-05 15
0.938341 0.141703 4
0.882731 1.56186e-05 15
0.937644 0.140148 4
0.878756 2.89254e-06 17
0.946839 0.16502 4
0.873623 4.97959e-07 19
0.96946 0.609145 2
0.932036 0.0691996 5
0.884353 1.64778e-05 15
0.929727 0.12532 4
0.952788 0.533544 2
0.915321 0.0530272 5
0.94051 0.266207 3
0.955817 0.543802 2
0.950957 0.527905 2
0.951633 0.529939 2
0.952691 0.533234 2
0.925549 0.119218 4
0.927246 0.121576 4
0.956543 0.546447 2
0.934189 0.251258 3
0.914037 0.052182 5
0.917512 0.0545704 5
0.949951 0.524971 2
0.971081 1 1
0.915273 0.107737 4
0.918722 0.226399 3
0.964381 1 1
0.878604 0.00156051 9
0.862728 0.000106134 12
0.904299 0.0469023 5
0.865325 0.000111164 12
0.900396 0.0452263 5
0.881259 0.00358207 8
0.943438 0.508442 2
0.849279 1.23706e-06 17
0.933678 0.2502 3
0.955957 0.544305 2
0.875431 0.00149104 9
0.90839 0.0489033 5
0.944395 0.510628 2
0.905564 0.0227639 6
0.917224 0.109603 4
0.956254 0.545383 2
0.973579 1 1
0.948733 0.521568 2
0.969616 0.610125 2
0.922313 0.115125 4
0.917445 0.109823 4
0.932228 0.247304 3
0.958569 0.554245 2
0.900651 0.0213743 6
0.894383 0.00927115 7
0.950195 0.525672 2
0.924726 0.118128 4
0.903069 0.0220277 6
0.878919 0.000321244 11
0.943194 0.273759 3
0.934621 0.252169 3
0.899974 0.0100466 7
0.896646 0.00956639 7
0.909404 0.0240403 6
0.876865 0.000139519 12
0.955289 0.541922 2
0.960049 0.560355 2
0.879179 0.000322897 11
0.885986 0.000806831 10
0.958705 0.554793 2
0.934456 0.251819 3
0.938438 0.260898 3
0.905191 0.0226497 6
0.886879 0.00177878 9
0.955787 0.543693 2
0.917557 0.0546035 5
0.887381 0.00179415 9
0.897036 0.00961971 7
0.8951 0.00936225 7
0.880531 0.000331766 11
0.934183 0.251246 3
0.96425 0.57983 2
0.868118 2.30764e-05 14
0.89622 0.00950904 7
0.980359 1 1
0.916476 0.0538245 5
0.883907 0.000775303 10
0.912559 0.0512572 5
0.875008 0.000134138 12
0.895761 0.00944822 7
0.971695 0.623796 2
0.981675 1 1
0.91656 0.0538838 5
0.995905 1 1
0.89118 0.00412275 8
0.929468 0.242202 3
0.91449 0.0524756 5
0.958878 0.555493 2
0.871036 5.52812e-05 13
0.881279 0.000738786 10
0.96838 0.602538 2
0.905263 0.00260525 9
0.951779 0.304276 3
0.914476 0.00661536 8
0.910422 0.0059781 8
0.936413 0.0757698 5
0.964185 0.373294 3
0.959827 0.34478 3
0.954275 0.315389 3
0.935426 0.0741709 5
0.898345 0.000510687 11
0.921324 0.015333 7
0.962207 0.359687 3
0.906604 0.00269611 9
0.883238 7.36138e-06 16
0.930561 0.0672638 5
0.899588 0.000529596 11
0.916561 0.00699543 8
0.88003 1.39555e-06 18
0.913947 0.00652496 8
0.994018 1 1
0.959416 0.342356 3
0.917202 0.0138857 7
0.971805 0.624556 2
0.891401 4.46818e-05 14
0.952245 0.306264 3
0.934806 0.0732033 5
0.935981 0.0750612 5
0.879075 1.34435e-06 18
0.903873 0.00123121 10
0.987604 0.779572 2
0.95276 0.308506 3
0.98349 1 1
0.971848 0.624852 2
0.945284 0.280232 3
0.900153 0.00480716 8
0.906277 0.0111418 7
0.973 0.633007 2
0.902106 0.0049914 8
0.970634 0.616671 2
0.878548 6.58353e-05 13
0.938262 0.260468 3
0.900787 0.00486532 8
0.96824 0.601706 2
0.908581 0.0116172 7
0.894677 0.00205392 9
0.874851 0.000133699 12
0.917254 0.0543817 5
0.881732 0.000340031 11
0.882303 0.00075259 10
0.936915 0.257262 3
0.979496 1 1
0.925341 0.118939 4
0.96557 0.586674 2
0.903481 0.0221449 6
0.895518 0.00442423 8
0.896629 0.00956416 7
0.995963 1 1
0.873727 5.87073e-05 13
0.860555 7.22918e-07 18
0.932767 0.248363 3
0.880013 3.02724e-06 17
0.918905 0.0144495 7
0.882093 7.06886e-06 16
0.888756 4.0832e-05 14
0.948207 0.169664 4
0.991209 1 1
0.925784 0.0324615 6
0.977194 0.666275 2
0.902197 0.00117494 10
0.906323 0.0026766 9
0.904386 0.00124941 10
0.984108 0.735807 2
0.875325 5.31693e-07 19
0.868623 1.68354e-08 23
0.944027 0.156321 4
0.98672 1 1
0.930626 0.244281 3
0.933887 0.25063 3
0.972732 1 1
0.885719 0.00832448 7
0.873428 0.000647504 10
0.919428 0.11187 4
0.874905 0.000662948 10
0.915943 0.108364 4
0.883177 0.00367362 8
0.949982 0.525059 2
0.861075 4.51086e-05 13
0.948456 0.520814 2
0.94932 0.523187 2
0.881972 0.00361547 8
0.917625 0.0140218 7
0.900135 0.00111177 10
0.874127 1.11828e-06 18
0.936054 0.136764 4
0.940518 0.146877 4
0.90379 0.00251181 9
0.89449 0.000458874 11
0.914038 0.01295 7
0.873659 4.98632e-07 19
0.964294 0.580052 2
0.954528 0.316585 3
0.882428 1.5466e-05 15
0.88036 6.65839e-06 16
0.949751 0.296063 3
0.940985 0.148053 4
0.933693 0.250232 3
0.916026 0.0535094 5
0.890381 0.00407223 8
0.952421 0.532381 2
0.941471 0.268818 3
0.909857 0.0496919 5
0.909658 0.0495828 5
0.918299 0.110687 4
0.889306 0.00400645 8
0.951846 0.530594 2
0.972246 0.627629 2
0.88949 0.00401753 8
0.896674 0.00957032 7
0.957608 0.550466 2
0.940096 0.26511 3
0.885137 0.00377299 8
0.883038 0.00366684 8
0.851438 5.62348e-07 18
0.902535 0.0461194 5
0.957275 0.549191 2
0.915914 0.108336 4
0.880796 0.00161262 9
0.929217 0.241762 3
0.857082 7.91376e-06 15
0.993755 1 1
0.923452 0.232663 3
0.893686 0.0197626 6
0.854352 3.23072e-06 16
0.910236 0.103447 4
0.961943 0.568724 2
0.960537 0.562449 2
0.936509 0.256327 3
0.915167 0.107639 4
0.979347 1 1
0.927839 0.239419 3
0.907136 0.0482603 5
0.927929 0.239568 3
0.911893 0.104782 4
0.910756 0.103858 4
0.926135 0.236673 3
0.995885 1 1
0.889987 0.00875847 7
0.922658 0.231543 3
0.962247 0.570131 2
0.924517 0.234211 3
0.944639 0.158121 4
0.900561 0.000545258 11
0.889226 1.95508e-05 15
0.957454 0.33136 3
0.898682 0.000249227 12
0.871713 1.94029e-08 23
0.891175 4.433e-05 14
0.878197 5.96489e-07 19
0.8785 6.03964e-07 19
0.913818 0.00650319 8
0.954469 0.316306 3
0.85388 1.21184e-11 0
0.90086 0.000550234 11
0.995623 1 1
0.8972 0.000237581 12
0.948189 0.290193 3
0.916124 0.0535777 5
0.89734 0.00456638 8
0.966465 0.591527 2
0.921437 0.0576912 5
0.894092 0.00431969 8
0.907733 0.0234618 6
0.900875 0.0101872 7
0.891235 0.00192217 9
0.931814 0.12877 4
0.975621 0.653105 2
0.875455 6.11026e-05 13
0.906355 0.0230118 6
0.978671 1 1
0.919566 0.0561421 5
0.886248 8.07947e-05 13
0.872006 1.03813e-06 18
0.844802 7.67251e-12 0
0.904019 0.00518732 8
0.931758 0.0688244 5
0.891323 0.000422884 11
0.867745 1.7997e-07 20
0.903687 0.00250554 9
0.846106 8.17026e-12 0
0.974093 0.641119 2
0.921966 0.0299278 6
0.869526 4.28358e-07 19
0.850307 1.00663e-11 0
0.922292 0.0301272 6
0.935226 0.135091 4
0.938806 0.498852 2
0.993965 1 1
0.953377 0.535445 2
0.937515 0.496444 2
0.915374 0.10783 4
0.926349 0.237009 3
0.991129 1 1
0.921011 0.229312 3
0.967289 1 1
0.888182 0.00856809 7
0.938425 0.49813 2
0.921424 0.22986 3
0.94674 0.516324 2
0.902959 0.0463034 5
0.909555 0.102919 4
0.964941 0.583365 2
0.940712 0.266747 3
0.920096 0.0565694 5
0.983143 1 1
0.925548 0.119216 4
0.907044 0.0232339 6
0.931749 0.128659 4
0.911074 0.0246575 6
0.915229 0.0529654 5
0.921767 0.057977 5
0.993232 1 1
0.89063 0.0019008 9
0.927641 0.122147 4
0.959661 0.558718 2
0.921938 0.114681 4
0.931964 0.0691017 5
0.958983 0.339848 3
0.920895 0.015169 7
0.941228 0.148673 4
0.949943 0.175987 4
0.949356 0.173794 4
0.957989 0.334266 3
0.949379 0.173876 4
0.931712 0.0687641 5
0.921169 0.0152735 7
0.955139 0.319521 3
0.934527 0.0727765 5
0.918983 0.0144766 7
0.915724 0.00683805 8
0.944026 0.156317 4
0.927971 0.239638 3
0.953984 0.537448 2
0.986098 1 1
0.915321 0.0530272 5
0.869192 5.31238e-05 13
0.881445 0.000740988 10
0.950968 0.527939 2
0.874955 0.000297851 11
0.975815 1 1
0.846405 7.13366e-09 23
0.904821 0.0225378 6
0.881427 0.000740748 10
0.969619 0.610145 2
0.880265 0.000725592 10
0.863731 9.21652e-06 15
0.884051 7.59792e-05 13
0.924751 0.0607462 5
0.887982 0.000181817 12
0.892078 0.000430996 11
0.945687 0.281545 3
0.987782 1 1
0.932008 0.129107 4
0.973232 0.634699 2
0.908538 0.00572105 8
0.903929 0.00517769 8
0.906874 0.00551184 8
0.984981 1 1
0.880831 3.19866e-05 14
0.87045 4.42773e-07 19
0.941029 0.148163 4
0.976061 1 1
0.95765 0.55063 2
0.940227 0.265454 3
0.981138 1 1
0.915997 0.0534893 5
0.906426 0.0230344 6
0.947136 0.286445 3
0.907488 0.0233802 6
0.933892 0.25064 3
0.904905 0.0225631 6
0.973452 0.636315 2
0.893393 0.00427044 8
0.947309 0.287051 3
0.944016 0.276239 3
0.911468 0.050607 5
0.915765 0.0533295 5
0.891664 0.00415401 8
0.868619 1.04006e-05 15
0.933709 0.250263 3
0.927028 0.121264 4
0.890752 0.00190508 9
0.885231 0.000795092 10
0.9008 0.0101753 7
0.865892 4.30591e-06 16
0.954911 0.540603 2
0.948568 0.521118 2
0.86978 2.39939e-05 14
0.876197 0.000137541 12
0.955745 0.543544 2
0.92773 0.122277 4
0.978048 1 1
0.940954 0.267401 3
0.927053 0.121299 4
0.9969 1 1
0.912974 0.0515116 5
0.89706 0.00962308 7
0.930726 0.244464 3
0.900043 0.0100572 7
0.918108 0.110491 4
0.909508 0.0495006 5
0.979451 1 1
0.882137 0.000750322 10
0.936714 0.256796 3
0.960574 0.562611 2
0.909264 0.0493681 5
0.932181 0.129409 4
0.889607 0.000868271 10
0.877512 6.41827e-05 13
0.94515 0.279801 3
0.895211 0.00207607 9
0.865724 1.90193e-06 17
0.880601 0.000151598 12
0.873102 2.60165e-05 14
0.867304 1.99212e-06 17
0.915289 0.0530056 5
0.944836 0.278798 3
0.847215 2.50611e-10 27
0.888986 0.000857077 10
0.983367 1 1
0.894404 0.00204278 9
0.95792 0.551679 2
0.91514 0.0529055 5
0.902614 0.0219007 6
0.972689 0.630771 2
0.906644 0.0231044 6
0.88253 0.00075573 10
0.905563 0.0227636 6
0.88809 0.00181632 9
0.892578 0.00421467 8
0.915651 0.0532514 5
0.968273 0.601898 2
0.865325 4.24119e-06 16
0.913693 0.0519621 5
0.988065 1 1
0.904411 0.0224156 6
0.964546 1 1
0.914965 0.107454 4
0.907556 0.10143 4
0.97353 1 1
0.896405 0.0437056 5
0.874973 0.00148152 9
0.904714 0.047093 5
0.87955 0.00350468 8
0.894625 0.0199595 6
0.903546 0.0465628 5
0.960509 0.562331 2
0.858964 4.3344e-05 13
0.920078 0.2281 3
0.98053 1 1
0.893855 0.0197977 6
0.929465 0.242197 3
0.91536 0.107817 4
0.888205 0.0085704 7
0.947995 0.519579 2
0.946788 0.516443 2
0.913897 0.106493 4
0.909603 0.102955 4
0.922834 0.231789 3
0.8884 0.00859054 7
0.956839 0.547546 2
0.968872 1 1
0.893086 0.0196396 6
0.893807 0.0197876 6
0.951927 0.530843 2
0.945592 0.513472 2
0.964509 0.581146 2
0.934986 0.252949 3
0.916153 0.0535981 5
0.983824 1 1
0.922545 0.115402 4
0.9022 0.0104028 7
0.925886 0.119674 4
0.906744 0.0231365 6
0.910088 0.0498199 5
0.922061 0.114826 4
0.990294 1 1
0.885433 0.000798206 10
0.924585 0.117945 4
0.965933 0.588622 2
0.919295 0.111729 4
0.880865 3.20175e-05 14
0.885942 0.000172466 12
0.852323 1.35495e-10 28
0.897484 0.00217608 9
0.968394 0.602624 2
0.928412 0.0646587 5
0.885107 0.000168876 12
0.942247 0.271003 3
0.860561 1.1973e-08 23
0.978164 0.674845 2
0.91891 0.0281921 6
0.906308 0.00544413 8
0.853655 3.30578e-10 27
0.900073 0.00230258 9
0.97426 0.642396 2
0.950304 0.298234 3
0.895891 0.00210499 9
0.898319 0.00221531 9
0.948884 0.292757 3
0.869494 2.1282e-06 17
0.849509 1.19314e-10 28
0.885251 0.000169483 12
0.853445 1.72727e-09 25
0.880364 6.89143e-05 13
0.878544 3.00025e-05 14
0.932088 0.129246 4
0.834801 4.85444e-12 0
0.913171 0.0254934 6
0.958984 0.555922 2
0.867084 8.81883e-07 18
0.883635 7.46721e-06 16
0.88899 4.11511e-05 14
0.855257 1.30453e-11 0
0.900226 0.000539777 11
0.971266 0.62088 2
0.930609 0.0673243 5
0.888116 1.87777e-05 15
0.944404 0.157423 4
0.863503 5.28213e-10 27
0.978328 0.676326 2
0.921743 0.015497 7
0.908305 0.00282028 9
0.856558 1.40023e-11 0
0.902099 0.00117179 10
0.976973 0.664372 2
0.965372 0.585625 2
0.923751 0.116882 4
0.910613 0.0501146 5
0.981686 1 1
0.91 0.0497713 5
0.88815 0.00393845 8
0.914015 0.0521675 5
0.892995 0.00910116 7
0.900975 0.0214588 6
0.914929 0.0527646 5
0.975042 1 1
0.871511 0.000124949 12
0.921291 0.113932 4
0.978826 1 1
0.907278 0.0483318 5
0.878368 2.85272e-06 17
0.922964 0.0305481 6
0.887942 8.48685e-05 13
0.884866 3.60562e-05 14
0.933087 0.0706604 5
0.974979 0.647977 2
0.931626 0.0686485 5
0.960578 0.349319 3
0.910402 0.00597519 8
0.891891 0.000202429 12
0.898095 0.0010551 10
0.992029 1 1
0.879347 6.43511e-06 16
0.861482 2.43198e-09 25
0.928514 0.0647769 5
0.897776 0.00972305 7
0.898977 0.00989654 7
0.866266 4.34943e-06 16
0.914897 0.0527438 5
0.971277 0.620956 2
0.929195 0.124485 4
0.896855 0.00452757 8
0.941975 0.27023 3
0.872628 2.57112e-05 14
0.982973 1 1
0.936666 0.256686 3
0.906471 0.023049 6
0.868594 1.03938e-05 15
0.917051 0.0542346 5
0.97426 0.64239 2
0.924588 0.0316193 6
0.911418 0.00612335 8
0.883788 1.61702e-05 15
0.94304 0.153516 4
0.948565 0.170928 4
0.91386 0.0065103 8
0.906019 0.00265573 9
0.923426 0.0308449 6
0.884482 1.65494e-05 15
0.961751 0.356707 3
0.963784 0.370443 3
0.892655 9.81845e-05 13
0.889188 4.14252e-05 14
0.948739 0.171549 4
0.947909 0.168626 4
0.964831 1 1
0.949897 0.524817 2
0.971075 1 1
0.947596 0.518528 2
0.877499 0.00153557 9
0.877213 0.00152924 9
0.939716 0.500616 2
0.874754 0.000661338 10
0.947133 0.517327 2
0.864014 0.000108576 12
0.930233 0.243565 3
0.870292 0.000274113 11
0.987465 1 1
0.914267 0.106822 4
0.872661 0.000639763 10
0.964587 0.581541 2
0.909702 0.0496065 5
0.909919 0.049726 5
0.963541 0.576308 2
0.880823 0.000732791 10
0.862149 3.90466e-06 16
0.898947 0.00989205 7
0.865694 2.18373e-05 14
0.893055 0.00910832 7
0.886707 0.00177359 9
0.945225 0.512588 2
0.847597 1.72862e-08 22
0.924306 0.117586 4
0.964926 0.583289 2
0.878046 0.000315801 11
0.9407 0.502585 2
0.962108 0.569484 2
0.925815 0.236175 3
0.950001 0.525114 2
0.944591 0.511087 2
0.940516 0.502211 2
0.958576 0.554273 2
0.941075 0.503355 2
0.933737 0.250321 3
0.920185 0.112692 4
0.962772 0.572595 2
0.925958 0.236398 3
0.925326 0.235426 3
0.922984 0.231999 3
0.938986 0.262262 3
0.905883 0.00539446 8
0.91994 0.0287509 6
0.883947 7.57625e-05 13
0.920693 0.0570611 5
0.988465 1 1
0.95433 0.31565 3
0.919652 0.028592 6
0.965552 0.586577 2
0.894004 0.000956362 10
0.954864 0.31819 3
0.941898 0.270011 3
0.931266 0.127836 4
0.883735 7.53258e-05 13
0.910917 0.0121489 7
0.983353 1 1
0.878447 0.000703067 10
0.924835 0.118271 4
0.890701 0.00409231 8
0.884104 0.00169868 9
0.928029 0.239736 3
0.969164 0.607308 2
0.93407 0.251009 3
0.954843 0.540369 2
0.913918 0.0521055 5
0.887167 0.00388264 8
0.8964 0.00953327 7
0.987107 1 1
0.881477 0.00162957 9
0.859606 3.66359e-06 16
0.92331 0.116333 4
0.871341 2.49108e-05 14
0.86672 4.40312e-06 16
0.836148 5.15174e-12 0
0.888723 0.00183663 9
0.940979 0.267469 3
0.901189 0.0102372 7
0.864397 1.8308e-06 17
0.914575 0.0525308 5
0.84119 1.51876e-11 30
0.978617 1 1
0.908646 0.0237734 6
0.879658 0.000148377 12
0.83952 5.99501e-12 0
0.900699 0.0101593 7
0.946197 0.283234 3
0.948751 0.171591 4
0.93402 0.072016 5
0.908158 0.00280914 9
0.966873 0.393771 3
0.939567 0.081399 5
0.915923 0.00687493 8
0.926921 0.0333065 6
0.921849 0.0155387 7
0.907009 0.00135015 10
0.937279 0.0772336 5
0.989912 1 1
0.897376 0.000238917 12
0.913986 0.00653155 8
0.955564 0.321609 3
0.936413 0.0757693 5
0.90497 0.0472121 5
0.887678 0.0039114 8
0.861578 8.76073e-06 15
0.923093 0.116066 4
0.936272 0.255788 3
0.897312 0.0205562 6
0.882474 0.00165509 9
0.90855 0.0489875 5
0.861469 8.73856e-06 15
0.970034 1 1
0.940833 0.502857 2
0.875626 0.000670742 10
0.867755 5.15401e-05 13
0.940634 0.266536 3
0.938065 0.259989 3
0.941368 0.268534 3
0.967143 0.595327 2
0.991032 1 1
0.929724 0.125316 4
0.881826 0.000340693 11
0.891265 0.00192322 9
0.961366 0.566107 2
0.885778 0.000803558 10
0.978318 1 1
0.859958 7.10508e-07 18
0.91968 0.0562335 5
0.88888 0.00184175 9
0.977212 1 1
0.893844 0.00430206 8
0.876372 0.000138053 12
0.962171 0.569777 2
0.975397 1 1
0.970272 1 1
0.953098 0.534539 2
0.898855 0.0209231 6
0.901314 0.021548 6
0.964114 0.579149 2
0.898272 0.0207823 6
0.961895 0.568505 2
0.880265 0.00159968 9
0.943305 0.508143 2
0.894262 0.00925607 7
0.972399 1 1
0.916079 0.108492 4
0.893595 0.00917372 7
0.971497 0.622444 2
0.952423 0.532387 2
0.966937 0.594164 2
0.954526 0.539282 2
0.883042 0.000762885 10
0.88127 0.00033681 11
0.941638 0.269282 3
0.879343 0.000323949 11
0.945712 0.281627 3
0.870233 2.42538e-05 14
0.93706 0.257599 3
0.873382 5.82474e-05 13
0.981577 1 1
0.920505 0.113046 4
0.878261 0.000317123 11
0.936659 0.25667 3
0.884602 0.000361449 11
0.883023 0.000349364 11
0.940303 0.265656 3
0.869813 1.07265e-05 15
0.84587 1.018e-10 28
0.874396 2.68823e-05 14
0.851186 3.6442e-09 24
0.867032 4.44071e-06 16
0.884388 0.000359766 11
0.928443 0.123336 4
0.829731 3.90082e-12 0
0.89711 0.00454784 8
0.964224 0.579702 2
0.868134 4.57728e-06 16
0.932696 0.130319 4
0.880935 6.99331e-05 13
0.879317 6.71096e-05 13
0.936541 0.137776 4
0.867554 8.95245e-07 18
0.843102 7.07704e-12 0
0.870793 4.93491e-06 16
0.848595 1.14584e-10 28
0.863364 1.53851e-07 20
0.883133 0.000160896 12
0.925254 0.0612485 5
0.826834 3.45295e-12 0
0.893384 0.000942897 10
0.961873 0.568406 2
0.866009 8.52383e-07 18
35 0 2 4 6 9 11 12 19 20 21 22 23 24 25 26 28 33 34 35 36 37 38 39 40 41 42 43 45 46 48 52 53 54 58 59 
50 0 1 2 3 4 5 6 7 8 9 11 12 15 16 19 20 21 22 23 24 25 26 28 29 32 33 34 35 36 37 38 39 40 41 42 43 45 46 47 48 49 50 52 53 54 55 56 57 58 59 
35 0 2 4 6 7 9 11 12 19 20 21 22 23 24 25 28 32 33 34 35 36 37 38 39 41 43 46 47 48 53 54 56 57 58 59 
27 2 4 6 9 11 12 19 20 21 22 24 25 26 33 35 36 37 38 39 41 43 46 48 52 54 58 59 
52 0 1 2 3 4 5 6 7 8 9 10 11 12 14 15 16 19 20 21 22 23 24 25 26 27 28 29 30 32 33 34 35 36 37 38 39 41 43 45 46 47 48 49 50 52 53 54 55 56 57 58 59 
50 0 1 2 3 4 5 6 7 8 9 10 11 12 13 15 16 19 20 21 22 23 24 25 26 28 29 32 33 34 35 36 37 38 39 40 41 42 43 45 46 47 48 49 50 52 53 54 56 57 58 
52 0 1 2 3 4 5 6 7 8 9 11 12 15 16 19 20 21 22 23 24 25 26 27 28 29 30 32 33 34 35 36 37 38 39 40 41 42 43 45 46 47 48 49 50 52 53 54 55 56 57 58 59 
57 0 1 2 3 4 5 6 7 8 9 10 11 12 14 15 16 19 20 21 22 23 24 25 26 27 28 29 30 31 32 33 34 35 36 37 38 39 40 41 42 43 44 45 46 47 48 49 50 51 52 53 54 55 56 57 58 59 
53 0 1 2 3 4 5 6 7 8 9 10 11 12 13 15 16 19 20 21 22 23 24 25 27 28 29 30 32 33 34 35 36 37 38 39 40 41 42 43 45 46 47 48 49 50 52 53 54 55 56 57 58 59 
35 0 2 4 6 7 9 11 12 19 20 21 23 24 25 26 28 32 33 34 35 36 37 38 39 41 43 46 47 48 53 54 56 57 58 59 
31 2 4 6 9 11 12 19 20 21 22 23 24 25 26 28 33 34 35 36 37 38 39 41 43 46 48 52 53 54 58 59 
54 0 1 2 3 4 5 6 7 8 9 10 11 12 13 14 15 16 17 18 19 20 21 22 23 25 26 27 28 29 30 31 32 33 34 35 36 37 38 39 40 42 43 45 46 47 48 49 50 52 53 54 55 56 57 
39 0 2 3 4 5 6 7 9 11 12 19 20 21 22 23 24 25 28 32 33 34 35 36 37 38 39 40 41 43 45 46 47 48 50 53 54 57 58 59 
9 4 24 26 33 35 52 54 58 59 
52 0 1 2 3 4 5 6 7 8 9 11 12 15 16 19 20 21 22 23 24 25 26 27 28 29 30 32 33 34 35 36 37 38 39 40 41 42 43 45 46 47 48 49 50 52 53 54 55 56 57 58 59 
