40 15 1e+07
1.58055 112841
1.90795 124177
1.21087 118313
1.15474 128193
2.8566 105427
2.73302 171894
2.00074 190526
1.8306 136235
1.70033 125734
2.38917 134454
2.92309 127967
1.77265 100579
2.97811 119618
1.48851 180186
2.95348 190032
1.22535 174890
1.58427 108420
2.03663 142568
1.32024 147308
1.4207 134804
1.20974 155288
1.96345 163603
2.04163 197362
1.45504 196951
2.43667 121022
1.82924 142565
1.21325 172922
1.50461 138579
1.50941 122668
1.24422 161803
2.42892 173729
1.27093 134763
2.12262 166341
1.12761 174272
1.24911 128777
1.60974 166697
2.6504 187621
2.85215 183541
2.44285 176567
1.18644 135246
0.918577 0.055369 5
0.970588 0.616372 2
0.893631 0.0042871 8
0.980163 1 1
0.972605 0.63017 2
0.936592 0.256518 3
0.948559 0.29155 3
0.895255 0.00440452 8
0.900769 0.0101704 7
0.886333 0.000812348 10
0.94893 0.29293 3
0.934613 0.252151 3
0.900524 0.0101317 7
0.895511 0.00442366 8
0.956255 0.545389 2
0.866754 0.000258293 11
0.930517 0.244082 3
0.933698 0.489906 2
0.896523 0.0437483 5
0.905743 0.100155 4
0.935585 0.493035 2
0.942583 0.506552 2
0.963286 1 1
0.925007 0.234942 3
0.940566 0.502314 2
0.910472 0.103633 4
0.953864 0.537049 2
0.920311 0.228399 3
0.96049 0.562247 2
0.922048 0.230703 3
0.938753 0.261678 3
0.920573 0.113121 4
0.867065 9.99936e-06 15
0.909288 0.0239988 6
0.947827 0.519133 2
0.894769 0.00436862 8
0.909597 0.0241094 6
0.930355 0.126328 4
0.964683 0.582036 2
0.935998 0.255172 3
0.889383 0.00185831 9
0.905834 0.0228479 6
0.966955 0.594265 2
0.932864 0.248557 3
0.969808 0.611337 2
0.906952 0.0232039 6
0.93475 0.252444 3
0.866861 4.42008e-06 16
0.971174 0.620258 2
0.942434 0.271539 3
0.909371 0.0240283 6
0.915924 0.0534389 5
0.856023 5.26746e-08 21
0.864499 1.83613e-06 17
0.84813 1.40214e-09 25
0.933676 0.250197 3
0.901221 0.0102424 7
0.865019 1.86365e-06 17
0.856303 5.31718e-08 21
0.919559 0.0561367 5
0.926597 0.237402 3
0.916074 0.108488 4
0.869461 5.34298e-05 13
0.900754 0.021401 6
0.936877 0.257175 3
0.893471 0.00915856 7
0.907912 0.0486552 5
0.941213 0.268108 3
0.977883 1 1
0.948814 0.521789 2
0.884943 0.00172207 9
0.906215 0.0478055 5
0.979375 1 1
0.944007 0.509734 2
0.960324 0.561529 2
0.956281 0.325215 3
0.921726 0.0579412 5
0.860287 1.18432e-08 23
0.917912 0.0276742 6
0.959464 0.557896 2
0.892241 0.000432783 11
0.90709 0.00553805 8
0.913507 0.0128057 7
0.946308 0.283608 3
0.91781 0.0276224 6
0.891656 0.000426424 11
0.900675 0.00233411 9
0.949124 0.293661 3
0.915759 0.0266294 6
0.973696 0.63813 2
0.902122 0.0217653 6
0.898935 0.00989028 7
0.866885 9.95432e-06 15
0.878754 0.0003202 11
0.911255 0.0504831 5
0.882668 0.000757649 10
0.895678 0.00943726 7
0.955796 0.543724 2
0.992692 1 1
0.972633 0.63037 2
0.869233 2.3685e-05 14
0.897766 0.00972152 7
0.987795 1 1
0.959288 0.557168 2
0.93479 0.25253 3
0.901361 0.00114855 10
0.964621 0.581717 2
0.917817 0.0140841 7
0.934102 0.0721385 5
0.946869 0.285521 3
0.947085 0.286268 3
0.962147 0.359293 3
0.941115 0.148384 4
0.932155 0.0693622 5
0.927774 0.0639321 5
0.934155 0.0722166 5
0.959915 0.345302 3
0.92957 0.0660317 5
0.940833 0.147667 4
0.96007 0.346232 3
0.943432 0.508429 2
0.934739 0.25242 3
0.860576 4.46814e-05 13
0.958977 0.555892 2
0.971398 1 1
0.902012 0.0458956 5
0.913541 0.106181 4
0.874426 0.00147033 9
0.892312 0.0194841 6
0.870806 0.000621753 10
0.917163 0.109543 4
0.900474 0.0452581 5
0.893783 0.0197828 6
0.875451 0.00149144 9
0.947312 0.517788 2
0.88094 3.20868e-05 14
0.974968 0.647892 2
0.922314 0.0584593 5
0.963906 0.578106 2
0.933513 0.131806 4
0.967022 0.594639 2
0.968982 0.606184 2
0.888461 0.000184146 12
0.879107 1.39352e-05 15
0.873659 2.42888e-06 17
0.989411 1 1
0.954381 0.31589 3
0.877447 6.04612e-06 16
0.887547 0.000179749 12
0.924577 0.0605753 5
0.915924 0.0534391 5
0.935971 0.136593 4
0.891223 0.000898747 10
0.914557 0.0260863 6
0.944001 0.276193 3
0.915554 0.0265347 6
0.930077 0.125878 4
0.951908 0.304822 3
0.963348 0.575364 2
0.9491 0.293571 3
0.904614 0.0108257 7
0.929076 0.124302 4
0.961296 0.565793 2
0.953619 0.536237 2
0.967881 0.599583 2
0.91064 0.05013 5
0.91817 0.110555 4
0.880561 0.00160688 9
0.897252 0.0205424 6
0.928641 0.24077 3
0.900202 0.0212589 6
0.913926 0.106519 4
0.958535 0.554108 2
0.981572 1 1
0.963864 0.5779 2
0.887666 0.00391075 8
0.914811 0.107313 4
0.978263 1 1
0.961341 0.565994 2
0.952798 0.533577 2
0.852273 1.11374e-11 0
0.942657 0.152459 4
0.97215 0.626952 2
0.909002 0.00578232 8
0.900231 0.00111457 10
0.969103 0.606927 2
0.964151 0.579332 2
0.920271 0.0289361 6
0.889131 0.000187488 12
0.899022 0.00108017 10
0.939115 0.143488 4
0.979118 0.683629 2
0.88531 3.65552e-05 14
0.917767 0.0276006 6
0.907044 0.00553251 8
0.835441 1.57743e-10 27
0.92491 0.234797 3
0.988621 1 1
0.892994 0.00910104 7
0.882461 0.00165474 9
0.954818 0.540281 2
0.946339 0.515315 2
0.910139 0.0498482 5
0.875206 0.000666183 10
0.888366 0.00858702 7
0.926473 0.237206 3
0.96011 0.560613 2
0.871151 0.000278218 11
0.907291 0.0483386 5
0.889272 0.00868174 7
0.918751 0.0281078 6
0.968679 0.604338 2
0.892008 0.000430229 11
0.982183 0.714356 2
0.97204 0.626184 2
0.935118 0.134877 4
0.94672 0.285007 3
0.892883 0.000439954 11
0.89879 0.00223811 9
0.884094 7.60692e-05 13
0.948566 0.291577 3
0.932629 0.130201 4
0.898622 0.00222994 9
0.893151 0.000937936 10
0.954512 0.316509 3
0.923297 0.116317 4
0.93051 0.244069 3
0.858892 6.89124e-07 18
0.964275 0.579958 2
0.951964 0.530958 2
0.90126 0.0102488 7
0.910073 0.0498115 5
0.85921 6.95418e-07 18
0.872727 5.73926e-05 13
0.853542 4.85331e-08 21
0.922161 0.114945 4
0.895846 0.00945944 7
0.873814 0.00013087 12
0.859866 7.08633e-07 18
0.927852 0.122457 4
0.968982 0.606188 2
0.908888 0.0238577 6
0.846543 1.04784e-10 28
0.909462 0.024061 6
0.950784 0.300158 3
0.878853 0.000145723 12
0.893401 0.00200293 9
0.900854 0.0101838 7
0.93775 0.259228 3
0.907412 0.023355 6
0.880114 0.00014992 12
0.886505 0.000815101 10
0.941561 0.269068 3
0.903289 0.0105886 7
0.959099 0.55639 2
0.977882 0.67232 2
0.916537 0.0269958 6
0.846997 1.98079e-11 30
0.927136 0.121419 4
0.964462 0.580907 2
0.883958 0.000164149 12
0.897715 0.00218681 9
0.884991 0.000168388 12
0.914746 0.0261701 6
0.887409 0.000384972 11
0.891354 0.000901316 10
0.88785 0.000388922 11
0.91768 0.0546939 5
0.886883 0.000380348 11
0.956586 0.546605 2
0.895427 0.00940452 7
0.939308 0.263076 3
0.875763 0.000302355 11
0.973625 1 1
0.935738 0.254593 3
0.917977 0.110357 4
0.922541 0.115397 4
0.856231 6.39612e-07 18
0.860507 3.74638e-06 16
0.846574 7.1746e-09 23
0.944565 0.511024 2
0.907762 0.0485779 5
0.86055 3.75034e-06 16
0.856205 6.39145e-07 18
0.914685 0.0526031 5
0.962068 1 1
0.891977 0.0194181 6
0.833559 1.98359e-09 24
0.891423 0.0193099 6
0.931936 0.487153 2
0.863414 0.000244794 11
0.877801 0.00342933 8
0.895948 0.0435424 5
0.938224 0.497754 2
0.906404 0.100612 4
0.863219 0.000244041 11
0.872098 0.0014246 9
0.943058 0.507594 2
0.898741 0.0445742 5
0.942167 0.505651 2
0.896101 0.000479349 11
0.951191 0.301821 3
0.886541 8.14763e-05 13
0.983385 0.727545 2
0.941336 0.148952 4
0.92957 0.0660317 5
0.934478 0.133627 4
0.866172 3.38286e-08 22
0.868282 8.22956e-08 21
0.855642 1.58305e-10 28
0.955608 0.321828 3
0.919504 0.0285112 6
0.868005 8.13974e-08 21
0.866021 3.36211e-08 22
0.921992 0.0299433 6
0.951191 0.528605 2
0.888522 0.00396004 8
0.83353 4.59217e-12 0
0.885111 0.00172684 9
0.925485 0.119132 4
0.86136 8.71662e-06 15
0.875726 0.000302149 11
0.901156 0.0215062 6
0.945486 0.513217 2
0.913409 0.0517826 5
0.859203 3.62738e-06 16
0.871136 0.000124031 12
0.950652 0.527005 2
0.904118 0.0223292 6
0.938769 0.261717 3
0.892027 0.000203217 12
0.898061 0.00105419 10
0.872538 4.78031e-07 19
0.875252 2.56103e-06 17
0.905141 0.00259726 9
0.884902 3.60966e-05 14
0.897146 0.00103053 10
0.965921 0.588555 2
0.980918 0.701185 2
0.984737 0.743214 2
0.86926 1.90473e-07 20
0.900844 0.00234312 9
0.975703 0.653773 2
0.969489 0.609325 2
0.928691 0.0649828 5
0.900937 0.00234812 9
0.935914 0.136477 4
0.870125 4.37629e-07 19
0.971862 0.624951 2
0.938417 0.141876 4
0.91247 0.0125336 7
0.91803 0.0277338 6
0.855006 3.51286e-10 27
0.861574 1.24706e-08 23
0.846302 8.24846e-12 0
0.937993 0.140921 4
0.90327 0.00510868 8
0.861884 1.26281e-08 23
0.855143 3.53488e-10 27
0.91628 0.0268735 6
0.917173 0.0273044 6
0.972612 0.630215 2
0.904021 0.00252602 9
0.953228 0.310584 3
0.968528 0.603426 2
0.941516 0.149418 4
0.956974 0.328811 3
0.921591 0.0297016 6
0.924265 0.0313999 6
0.91212 0.0124446 7
0.939798 0.145111 4
0.947618 0.288142 3
0.923192 0.0306934 6
0.921898 0.0298867 6
0.9728 0.631565 2
0.947889 0.519298 2
0.945156 0.512422 2
0.874538 0.000295576 11
0.946914 0.516765 2
0.989744 1 1
0.912108 0.0509851 5
0.926592 0.237394 3
0.905684 0.0475494 5
0.925288 0.235367 3
0.903225 0.0220719 6
0.916719 0.109108 4
0.916719 0.109108 4
0.926458 0.237181 3
0.90702 0.0482025 5
0.982403 1 1
0.967888 1 1
0.914359 0.106904 4
0.850951 6.94265e-06 15
0.914982 0.107469 4
0.956607 0.546682 2
0.883936 0.00815873 7
0.898531 0.0444936 5
0.902633 0.0461617 5
0.9374 0.496236 2
0.907917 0.101692 4
0.885521 0.00830565 7
0.891304 0.0192869 6
0.940818 0.502827 2
0.904938 0.0996107 4
0.964462 1 1
0.903241 0.00247865 9
0.991892 1 1
0.913213 0.0127272 7
0.967985 0.600196 2
0.957605 0.332173 3
0.956365 0.325643 3
0.96946 0.609145 2
0.906773 0.00549959 8
0.903448 0.00249103 9
0.894446 0.000458339 11
0.961611 0.35581 3
0.955255 0.320085 3
0.902126 0.00241376 9
0.906454 0.00268566 9
0.951668 0.303807 3
0.978218 0.675334 2
0.916159 0.0135621 7
0.84658 8.36092e-12 0
0.926968 0.0333429 6
0.964085 0.372583 3
0.883575 1.60567e-05 15
0.897307 0.000495765 11
0.884462 1.65382e-05 15
0.914249 0.0130083 7
0.886898 3.84322e-05 14
0.891073 9.33561e-05 13
0.887412 3.9074e-05 14
0.917195 0.0138835 7
0.886354 3.77721e-05 14
0.95603 0.323939 3
0.922053 0.0582278 5
0.971917 0.625329 2
0.895814 0.00210167 9
0.968698 0.604453 2
0.977584 0.669675 2
0.937067 0.138893 4
0.950829 0.300343 3
0.905322 0.00533036 8
0.911416 0.0122697 7
0.896822 0.00214596 9
0.943953 0.276049 3
0.938327 0.141671 4
0.911056 0.0121824 7
0.905702 0.00537358 8
0.966655 0.592583 2
0.945774 0.281831 3
0.908839 0.0238403 6
0.854532 9.50193e-09 23
0.900948 0.00488031 8
0.941078 0.267739 3
0.882319 0.0001578 12
0.896994 0.00453859 8
0.920308 0.0567426 5
0.960857 0.563847 2
0.929186 0.124472 4
0.878298 6.54301e-05 13
0.892867 0.00198236 9
0.964885 0.583076 2
0.92307 0.0591444 5
0.959416 0.557696 2
0.89599 0.00446006 8
0.980811 1 1
0.925434 0.119064 4
0.945917 0.282303 3
0.946839 0.285417 3
0.961701 0.567622 2
0.977708 1 1
0.926383 0.120357 4
0.915857 0.0533926 5
0.911746 0.0249174 6
0.95107 0.301324 3
0.970057 0.612926 2
0.913541 0.0256484 6
0.925704 0.119426 4
0.952054 0.531235 2
0.870825 2.46011e-05 14
0.9704 0.615144 2
0.948257 0.29044 3
0.93862 0.261347 3
0.922597 0.115465 4
0.992603 1 1
0.990918 1 1
0.908896 0.0238603 6
0.889668 0.00186784 9
0.890876 0.00190941 9
0.968661 0.604232 2
0.983985 1 1
0.886905 0.000821597 10
0.907318 0.0233239 6
0.923049 0.116013 4
0.895006 0.000106146 13
0.975279 0.650354 2
0.926339 0.0328683 6
0.940816 0.0838695 5
0.94443 0.1575 4
0.959629 0.343608 3
0.975192 0.649666 2
0.931581 0.0372902 6
0.919566 0.0146808 7
0.916549 0.00699317 8
0.946463 0.163791 4
0.970562 0.616197 2
0.917023 0.00708506 8
0.930852 0.036606 6
0.952111 0.18462 4
0.98059 0.697884 2
0.909201 0.00580891 8
0.843327 7.15273e-12 0
0.914767 0.0131538 7
0.954814 0.31795 3
0.877814 6.11843e-06 16
0.892043 0.000203309 12
0.89088 0.000196724 12
0.925366 0.061362 5
0.895996 0.000477968 11
0.882043 1.52751e-05 15
0.883747 3.48472e-05 14
0.928937 0.0652727 5
0.893115 0.000442601 11
0.955875 0.32316 3
0.8665 5.022e-05 13
0.927344 0.238605 3
0.93031 0.243705 3
0.893723 0.00918942 7
0.90423 0.0468708 5
0.931603 0.246104 3
0.938802 0.2618 3
0.967082 0.594979 2
0.927264 0.238474 3
0.944084 0.50991 2
0.906778 0.0480819 5
0.949819 0.524594 2
0.922452 0.11529 4
0.964167 0.579411 2
0.921267 0.113905 4
0.957833 0.551341 2
0.906736 0.100845 4
0.848336 1.20961e-06 17
0.903231 0.0464231 5
0.944371 0.510572 2
0.878342 0.00345224 8
0.892993 0.0196207 6
0.909118 0.102586 4
0.948659 0.521364 2
0.917342 0.224741 3
0.876989 0.00339558 8
0.887485 0.00849728 7
0.952788 0.533544 2
0.911761 0.104672 4
0.958017 0.552058 2
0.982973 1 1
0.889695 0.00872699 7
0.8259 3.3212e-12 0
0.896334 0.0203332 6
0.934599 0.252122 3
0.859078 1.89477e-05 14
0.873065 0.000643825 10
0.878583 0.00156004 9
0.917491 0.109868 4
0.886742 0.00842347 7
0.863256 0.000107126 12
0.865301 0.000111116 12
0.921899 0.230501 3
0.881097 0.00357454 8
0.936303 0.494278 2
0.941521 0.268957 3
0.893309 0.00199936 9
0.841778 6.65175e-12 0
0.886034 0.000373101 11
0.925959 0.119773 4
0.867727 2.01738e-06 17
0.882109 0.000157016 12
0.913421 0.0255977 6
0.958765 0.555035 2
0.926256 0.120181 4
0.863251 3.46242e-07 19
0.87868 6.60513e-05 13
0.964026 0.578708 2
0.916477 0.0538249 5
0.942991 0.27316 3
0.879781 0.000148791 12
0.964653 0.581879 2
0.941665 0.269358 3
0.928534 0.123473 4
0.927963 0.12262 4
0.966983 0.594421 2
0.978056 1 1
0.93448 0.25187 3
0.912844 0.0514319 5
0.916034 0.0535149 5
0.944668 0.278267 3
0.983926 1 1
0.909552 0.0240934 6
0.93294 0.130759 4
0.936541 0.2564 3
25 0 1 3 7 8 9 10 13 14 15 17 18 20 23 24 25 27 28 29 31 32 33 34 35 39 
9 3 9 12 13 15 18 20 23 32 
11 0 3 8 9 14 15 18 20 23 27 32 
7 3 9 13 18 20 23 32 
19 0 3 7 8 9 12 13 14 15 18 20 23 24 27 29 31 32 33 39 
4 9 18 20 23 
8 3 9 12 13 18 20 23 32 
40 0 1 2 3 4 5 6 7 8 9 10 11 12 13 14 15 16 17 18 19 20 21 22 23 24 25 26 27 28 29 30 31 32 33 34 35 36 37 38 39 
38 0 1 2 3 4 5 7 8 9 10 11 12 13 14 15 16 17 18 19 20 21 23 24 25 26 27 28 29 30 31 32 33 34 35 36 37 38 39 
39 0 1 2 3 4 5 6 7 8 9 10 11 12 13 14 15 16 17 18 19 20 21 22 24 25 26 27 28 29 30 31 32 33 34 35 36 37 38 39 
0 
9 3 9 12 13 15 18 20 23 32 
38 0 1 2 3 4 5 7 8 9 10 11 12 13 14 15 16 17 18 19 20 21 23 24 25 26 27 28 29 30 31 32 33 34 35 36 37 38 39 
36 0 1 2 3 4 5 7 8 9 10 11 12 13 14 15 16 17 18 19 20 23 24 25 26 27 28 29 30 31 32 33 34 35 36 37 39 
21 0 1 3 7 8 9 12 13 14 15 18 20 23 24 25 27 29 31 32 33 39 
