50 15 1e+07
1.63465 139900
2.7719 168144
1.33272 179048
1.68662 119682
2.77178 199444
1.93174 100729
1.72645 164265
1.44356 137815
2.21826 177716
2.63384 199913
2.03452 172789
1.39603 134128
2.99717 117378
1.70203 196172
1.00138 103953
1.48489 191486
1.97053 165336
1.45026 172202
2.76725 144176
1.07891 143092
1.00612 122059
1.99966 160650
1.71435 112092
1.85665 159442
1.06106 115779
1.6356 147189
2.30281 143081
1.91971 109867
1.47669 135636
1.02944 198292
1.50493 165365
1.57391 139623
2.99489 127150
1.04075 145055
2.6634 144183
2.81043 142780
1.14676 108282
2.71051 164915
2.9662 143552
1.07591 140872
1.81616 173665
2.1407 197468
2.32469 158165
1.25362 133993
1.81801 171030
2.53323 184067
2.33626 157289
2.02118 156647
1.68259 120492
2.38251 153461
0.968691 0.604409 2
0.916616 0.0270335 6
0.891523 0.000425002 11
0.907859 0.00563377 8
0.98142 0.706324 2
0.873425 2.41036e-06 17
0.872279 1.04795e-06 18
0.988457 1 1
0.937025 0.138802 4
0.977957 0.672985 2
0.992815 1 1
0.973286 0.635099 2
0.909079 0.0117261 7
0.911228 0.0122238 7
0.882143 3.32248e-05 14
0.868034 7.36531e-09 24
0.95765 0.33242 3
0.899515 0.000528454 11
0.851467 1.06823e-11 0
0.877337 5.75962e-07 19
0.878752 1.32767e-06 18
0.929862 0.035716 6
0.889054 4.12396e-05 14
0.857314 1.45984e-11 0
0.882297 3.29686e-06 17
0.884853 7.80625e-06 16
0.879478 1.36561e-06 18
0.967436 0.597003 2
0.858184 3.47617e-11 30
0.987758 0.781662 2
0.977365 1 1
0.907785 0.0485895 5
0.920447 0.112981 4
0.955723 0.543466 2
0.932305 0.247455 3
0.907936 0.0486672 5
0.887057 0.0038765 8
0.944011 0.509742 2
0.983974 1 1
0.929159 0.241662 3
0.953432 0.535624 2
0.975498 1 1
0.897792 0.0206685 6
0.958721 0.554857 2
0.867979 0.000116737 12
0.87869 0.000706005 10
0.921558 0.11424 4
0.968491 1 1
0.900969 0.0214571 6
0.858832 3.59463e-06 16
0.959521 0.558135 2
0.977026 1 1
0.874689 0.000296396 11
0.887899 0.00392401 8
0.860474 8.54031e-06 15
0.877252 0.000689009 10
0.886983 0.00387239 8
0.916408 0.108807 4
0.907309 0.0483473 5
0.900023 0.0212135 6
0.968311 1 1
0.912676 0.105437 4
0.888157 0.00856551 7
0.906434 0.0479121 5
0.982755 1 1
0.870406 0.000274651 11
0.868522 0.00011794 12
0.985054 1 1
0.936223 0.255678 3
0.978113 1 1
0.988568 1 1
0.971198 1 1
0.905257 0.0473466 5
0.909524 0.0495094 5
0.878629 0.00156108 9
0.879968 0.000328014 11
0.91307 0.0515712 5
0.973558 0.637105 2
0.908335 0.023666 6
0.856572 1.22861e-07 20
0.971697 0.62381 2
0.964034 0.578748 2
0.872393 2.55617e-05 14
0.892189 0.00418861 8
0.857713 2.91306e-07 19
0.875798 0.000136382 12
0.887351 0.0017932 9
0.907069 0.0232422 6
0.914309 0.0523577 5
0.889093 0.00184872 9
0.970504 0.615823 2
0.89898 0.00470338 8
0.918041 0.054963 5
0.963163 0.574467 2
0.924034 0.0600488 5
0.908052 0.0115038 7
0.882209 0.000157388 12
0.934624 0.133909 4
0.994734 1 1
0.920494 0.0568961 5
0.944142 0.276629 3
0.965794 0.587869 2
0.888991 0.000857176 10
0.964664 0.581937 2
0.859441 5.921e-08 21
0.935147 0.253298 3
0.945524 0.513308 2
0.961271 0.56568 2
0.935701 0.254512 3
0.912652 0.105417 4
0.939081 0.262499 3
0.935655 0.254409 3
0.92943 0.242135 3
0.937687 0.259078 3
0.913425 0.10608 4
0.933444 0.249722 3
0.944585 0.511072 2
0.935079 0.25315 3
0.943053 0.507583 2
0.905334 0.047383 5
0.886347 0.000375745 11
0.964559 0.581399 2
0.938108 0.260092 3
0.882607 0.000158884 12
0.88211 0.00015702 12
0.916945 0.0541587 5
0.966833 0.593577 2
0.897051 0.00454314 8
0.88275 0.000159427 12
0.885627 0.000369719 11
0.896003 0.00210984 9
0.897398 0.00457104 8
0.963396 0.575598 2
0.889625 0.00086859 10
0.94875 0.292259 3
0.979215 0.684539 2
0.909124 0.00288389 9
0.892286 9.70226e-05 13
0.91583 0.00685772 8
0.971586 0.623055 2
0.875697 2.46205e-07 20
0.869355 1.74006e-08 23
0.976286 0.658565 2
0.946616 0.164289 4
0.966751 0.392793 3
0.984635 0.741999 2
0.97907 0.683177 2
0.900986 0.00055235 11
0.918522 0.0143188 7
0.873351 1.01483e-07 21
0.924613 0.0316366 6
0.978455 0.677484 2
0.921028 0.0293699 6
0.895505 0.000471592 11
0.931085 0.067937 5
0.897558 0.00104107 10
0.921132 0.0294306 6
0.945768 0.161576 4
0.909153 0.00580241 8
0.935213 0.135064 4
0.942538 0.152136 4
0.936791 0.138303 4
0.969919 0.612046 2
0.901965 0.00240462 9
0.93885 0.142871 4
0.960756 0.350418 3
0.942412 0.151794 4
0.92922 0.0656093 5
0.928925 0.0652587 5
0.944229 0.15691 4
0.909132 0.00579967 8
0.90818 0.00567464 8
0.961432 0.354662 3
0.947245 0.166369 4
0.944581 0.157948 4
0.965863 0.588243 2
0.972952 0.632662 2
0.932337 0.0696108 5
0.934741 0.0731041 5
0.90154 0.00115414 10
0.913653 0.00647563 8
0.979219 0.684574 2
0.942936 0.153227 4
0.90162 0.000563218 11
0.908688 0.00284966 9
0.9188 0.0144134 7
0.94728 0.166487 4
0.92454 0.016681 7
0.907011 0.00135027 10
0.911851 0.00311533 9
0.923956 0.0164199 7
0.925234 0.0320686 6
0.969411 0.608841 2
0.908691 0.0028499 9
0.939527 0.0813227 5
0.935521 0.254115 3
0.968068 0.600685 2
0.933956 0.250773 3
0.911468 0.050607 5
0.93132 0.24557 3
0.910684 0.0501548 5
0.925521 0.119179 4
0.947948 0.519455 2
0.92374 0.116867 4
0.934044 0.250957 3
0.947732 0.518883 2
0.947712 0.518832 2
0.957486 0.549998 2
0.918103 0.0550094 5
0.925686 0.119401 4
0.915923 0.0134911 7
0.937627 0.14011 4
0.982459 0.71733 2
0.93135 0.0682832 5
0.892282 0.000204711 12
0.957867 0.333599 3
0.951444 0.302871 3
0.908718 0.00574469 8
0.924006 0.0312265 6
0.89319 0.000210182 12
0.912551 0.00629716 8
0.924279 0.0314094 6
0.92855 0.0648188 5
0.938632 0.142366 4
0.902309 0.00117857 10
0.930081 0.125885 4
0.91926 0.111691 4
0.871335 5.56439e-05 13
0.87394 5.89941e-05 13
0.974116 1 1
0.850915 1.92808e-08 22
0.863368 4.02881e-06 16
0.967792 0.599067 2
0.900307 0.010098 7
0.98047 1 1
0.958087 0.552332 2
0.936528 0.256371 3
0.915667 0.0532626 5
0.878014 0.000315602 11
0.895561 0.00442743 8
0.929131 0.124386 4
0.975077 0.64875 2
0.924949 0.11842 4
0.900904 0.0101917 7
0.932514 0.129995 4
0.90153 0.0102924 7
0.92213 0.058296 5
0.947983 0.289448 3
0.914439 0.0524419 5
0.936204 0.255636 3
0.945636 0.281378 3
0.941385 0.268581 3
0.965552 0.586577 2
0.907391 0.023348 6
0.934056 0.132822 4
0.894119 0.00923828 7
0.898795 0.0209084 6
0.972937 1 1
0.936688 0.256738 3
0.862031 8.85367e-06 15
0.991928 1 1
0.932856 0.248541 3
0.87729 0.000311228 11
0.91363 0.0519221 5
0.86178 8.80204e-06 15
0.882848 0.00166488 9
0.898769 0.0209021 6
0.890643 0.00408866 8
0.941569 0.26909 3
0.867721 5.15037e-05 13
0.927742 0.0339461 6
0.953483 0.311735 3
0.961802 0.357039 3
0.926557 0.033031 6
0.909613 0.00292308 9
0.937868 0.0782632 5
0.943415 0.154566 4
0.926427 0.0329341 6
0.928285 0.0343823 6
0.911045 0.00304355 9
0.929253 0.035189 6
0.937892 0.0783068 5
0.943234 0.154057 4
0.933882 0.0718125 5
0.91386 0.0065103 8
0.949601 0.523978 2
0.892647 0.0195511 6
0.927384 0.238669 3
0.984555 1 1
0.904787 0.0995093 4
0.922081 0.230748 3
0.887022 0.00845114 7
0.916389 0.223637 3
0.980671 1 1
0.901734 0.0457782 5
0.925382 0.235511 3
0.946791 0.516451 2
0.882554 0.00803584 7
0.985186 1 1
0.853507 7.32503e-06 15
0.965791 0.587854 2
0.882257 3.33359e-05 14
0.8996 0.00227839 9
0.953564 0.312107 3
0.920647 0.0291497 6
0.891562 0.000425425 11
0.863806 6.92988e-08 21
0.927296 0.0634 5
0.981955 0.71193 2
0.915924 0.026706 6
0.936912 0.138561 4
0.955659 0.322077 3
0.872637 2.34942e-06 17
0.951907 0.304817 3
0.843722 7.28759e-12 0
0.931462 0.0684305 5
0.951866 0.304641 3
0.960054 0.560377 2
0.929179 0.0655609 5
0.912422 0.0125213 7
0.936667 0.138041 4
0.93967 0.144805 4
0.929286 0.0656883 5
0.931853 0.068953 5
0.913675 0.012851 7
0.932422 0.129833 4
0.941568 0.149553 4
0.941432 0.1492 4
0.936486 0.13766 4
0.911643 0.0123255 7
0.952595 0.532932 2
0.920701 0.113265 4
0.884755 0.000787861 10
0.894156 0.00432425 8
0.989821 1 1
0.86534 9.58187e-06 15
0.870504 5.4644e-05 13
0.989728 1 1
0.921899 0.114637 4
0.992387 1 1
0.980848 1 1
0.95866 0.554611 2
0.914549 0.0525142 5
0.89795 0.00974763 7
0.889704 0.00186906 9
0.918645 0.0554213 5
0.926518 0.120545 4
0.983466 1 1
0.942447 0.271576 3
0.890155 0.00188437 9
0.964386 0.580517 2
0.941579 0.269117 3
0.906256 0.0229807 6
0.9312 0.127725 4
0.890367 0.00189167 9
0.911231 0.0247174 6
0.92553 0.119192 4
0.917186 0.0543324 5
0.949639 0.295628 3
0.890651 0.00190153 9
0.871187 0.000124155 12
0.959802 0.559312 2
0.895465 0.00940943 7
0.850829 1.0303e-07 20
0.883363 0.00167855 9
0.874089 0.000293164 11
0.922627 0.1155 4
0.894367 0.00926914 7
0.858589 1.56179e-06 17
0.888569 0.00396278 8
0.88954 0.00402058 8
0.882666 0.0016601 9
0.970585 1 1
0.857468 1.51665e-06 17
0.995701 1 1
0.977699 1 1
0.927012 0.121242 4
0.916133 0.0535839 5
0.930516 0.24408 3
0.954685 0.539823 2
0.898306 0.00979867 7
0.892151 0.00418607 8
0.969844 0.611566 2
0.955935 0.544224 2
0.953102 0.53455 2
0.978001 1 1
0.99056 1 1
0.917566 0.109944 4
0.934963 0.252899 3
0.887753 0.00180571 9
0.872635 0.000127778 12
0.958623 0.554462 2
0.919881 0.112359 4
0.865261 9.56328e-06 15
0.873641 0.000130408 12
0.899999 0.0100505 7
0.954461 0.539059 2
0.887367 0.00179371 9
0.866733 2.23548e-05 14
0.877785 0.000314205 11
0.885038 0.00172476 9
0.883853 0.0016918 9
0.963067 0.574005 2
0.872145 5.66497e-05 13
0.96264 0.571972 2
0.894811 0.00932527 7
0.972868 1 1
0.93983 0.264417 3
0.888141 0.0039379 8
0.890963 0.00410885 8
0.917278 0.109656 4
0.960765 0.563446 2
0.906091 0.0229284 6
0.890035 0.00405079 8
0.894464 0.00928135 7
0.905016 0.0225964 6
0.90607 0.0229216 6
0.969521 0.609525 2
0.895204 0.00937558 7
0.948782 0.521701 2
0.967046 0.594776 2
0.921465 0.114132 4
0.93429 0.25147 3
0.95368 0.536439 2
0.930024 0.125793 4
0.919202 0.0558544 5
0.902117 0.010389 7
0.944621 0.278118 3
0.970674 0.616936 2
0.928272 0.12308 4
0.95265 0.533105 2
0.972386 0.62861 2
0.911152 0.0504232 5
0.959087 0.556343 2
0.880875 0.000334092 11
0.883343 0.000351752 11
0.932668 0.13027 4
0.96676 0.593166 2
0.899673 0.0100007 7
0.866251 4.34763e-06 16
0.951554 0.5297 2
0.985668 1 1
0.882159 0.000343068 11
0.889798 0.00187223 9
0.868244 4.59128e-06 16
0.884103 0.000357548 11
0.892379 0.00196394 9
0.927712 0.122251 4
0.906361 0.0230139 6
0.910954 0.0246116 6
0.909724 0.0496191 5
0.890675 0.00409063 8
0.955196 0.541598 2
0.96289 0.573157 2
0.871661 5.60455e-05 13
0.963377 0.575507 2
0.910752 0.0501937 5
0.885825 0.00174744 9
0.934694 0.252324 3
0.87027 5.43666e-05 13
0.892919 0.00423781 8
0.911667 0.0507235 5
0.881408 0.000740496 10
0.966373 0.591021 2
0.855535 2.73062e-07 19
0.932775 0.130462 4
0.895968 0.00210831 9
0.944579 0.277989 3
0.984625 1 1
0.89149 0.00090398 10
0.942625 0.27209 3
0.901252 0.004909 8
0.904874 0.0108736 7
0.959706 0.558905 2
0.889393 0.000864373 10
0.912902 0.025382 6
0.933183 0.131199 4
0.886007 0.000372878 11
0.99123 1 1
0.857875 1.07773e-08 23
0.879941 6.81757e-05 13
0.969915 0.612018 2
0.903628 0.0106481 7
0.859764 1.36217e-07 20
0.890505 0.000884942 10
0.881673 0.000155418 12
0.92819 0.122957 4
0.902257 0.0104123 7
0.86763 2.01155e-06 17
0.89555 0.00209037 9
0.897786 0.0046028 8
0.891545 0.00193329 9
0.980698 1 1
0.866461 1.94319e-06 17
0.985408 1 1
0.915851 0.026672 6
0.977262 0.666863 2
0.909607 0.0118441 7
0.883454 7.47546e-05 13
0.929522 0.0659739 5
0.886305 0.000174067 12
0.914367 0.0260031 6
0.941977 0.150628 4
0.89816 0.00220777 9
0.934545 0.133755 4
0.936868 0.138468 4
0.927727 0.0638791 5
0.973704 0.63819 2
0.889753 0.000406882 11
0.94653 0.284358 3
0.932036 0.129155 4
0.967524 0.597509 2
0.942471 0.271645 3
0.91492 0.0527586 5
0.923564 0.116648 4
0.918805 0.0555451 5
0.933266 0.249362 3
0.940315 0.265687 3
0.923985 0.117176 4
0.925963 0.119779 4
0.941016 0.267569 3
0.943806 0.2756 3
0.956585 0.5466 2
0.921834 0.11456 4
0.925 0.118486 4
0.943491 0.274647 3
0.936791 0.256976 3
0.956763 0.547261 2
0.945221 0.280028 3
0.916038 0.0535178 5
0.937413 0.258428 3
0.926073 0.119929 4
0.932479 0.247795 3
0.948359 0.290812 3
0.916039 0.0535189 5
0.937819 0.259396 3
0.95184 0.530576 2
0.926271 0.120202 4
0.952503 0.532639 2
0.896274 0.00448194 8
0.877338 2.90361e-05 14
0.94773 0.28854 3
0.943336 0.274181 3
0.881615 7.11816e-05 13
0.868986 2.09543e-06 17
0.92527 0.0612648 5
0.98285 1 1
0.88419 0.000165084 12
0.877518 2.9177e-05 14
0.87208 5.12382e-06 16
0.884048 0.00016451 12
0.887734 0.00038788 11
0.946271 0.283483 3
0.888511 0.000394994 11
0.935383 0.135403 4
0.935514 0.254099 3
0.917453 0.0545272 5
0.872871 5.75782e-05 13
0.878174 0.000316586 11
0.980601 1 1
0.852823 4.74157e-08 21
0.862997 3.99046e-06 16
0.972588 0.630045 2
0.905238 0.0226639 6
0.986867 1 1
0.963186 0.574581 2
0.9414 0.268622 3
0.913181 0.0516405 5
0.882059 0.000749263 10
0.89187 0.00416751 8
0.867229 3.95331e-07 19
0.956325 0.325439 3
0.906483 0.00546487 8
0.854989 8.03386e-10 26
0.872991 2.3765e-06 17
0.886375 0.000174378 12
0.939762 0.145025 4
0.885569 0.000170846 12
0.858705 4.89221e-09 24
0.877623 1.33273e-05 15
0.882152 3.3233e-05 14
0.878589 1.3718e-05 15
0.964235 0.579755 2
0.86178 2.84334e-08 22
0.976204 0.65789 2
0.991539 1 1
0.898674 0.000249163 12
0.898099 0.000244536 12
0.93456 0.0728277 5
0.948362 0.17021 4
0.884749 7.77625e-06 16
0.868653 7.58317e-09 24
0.954459 0.316257 3
0.967422 0.398256 3
0.943505 0.154823 4
0.964144 0.373006 3
0.978649 0.679263 2
0.889557 1.9791e-05 15
0.935948 0.0750075 5
0.860807 4.01327e-11 30
0.989471 1 1
0.898777 0.0209039 6
0.902558 0.0218851 6
0.941118 0.267847 3
0.942668 0.272215 3
0.889902 0.00404262 8
0.871603 0.000125176 12
0.950103 0.525407 2
0.974209 1 1
0.938135 0.260158 3
0.959944 0.559909 2
0.977744 1 1
0.889397 0.00401192 8
0.942436 0.271544 3
0.860329 3.7298e-06 16
0.930895 0.0676902 5
0.927689 0.0339038 6
0.970507 0.61584 2
0.950057 0.176422 4
0.900629 0.000546396 11
0.953387 0.3113 3
0.931894 0.0690074 5
0.916662 0.0137162 7
0.942878 0.153068 4
0.900466 0.000543699 11
0.922247 0.0156983 7
0.937581 0.0777578 5
0.917692 0.0140434 7
0.957591 0.332102 3
0.889397 4.17158e-05 14
0.901912 0.00497246 8
0.970478 0.61565 2
0.897521 0.00458109 8
0.868729 2.0791e-06 17
0.920751 0.0571102 5
0.874496 1.21764e-05 15
0.908052 0.011504 7
0.930761 0.126992 4
0.883354 0.000161756 12
0.926399 0.120379 4
0.924459 0.0604604 5
0.913407 0.025592 6
0.973818 0.639046 2
0.874959 2.72732e-05 14
0.956772 0.547295 2
0.940646 0.147197 4
0.937672 0.140209 4
0.959466 0.557905 2
0.944086 0.276456 3
0.91379 0.0257539 6
0.939632 0.144714 4
0.928783 0.0650915 5
0.93028 0.126206 4
0.945885 0.282196 3
0.913924 0.0258112 6
0.9354 0.135436 4
0.949048 0.293373 3
0.927201 0.0632964 5
0.951449 0.30289 3
0.8974 0.00217224 9
0.907085 0.00553751 8
0.986607 1 1
0.935608 0.135854 4
0.892957 0.000440798 11
0.905945 0.00540171 8
0.91187 0.0123818 7
0.946328 0.283678 3
0.921096 0.0294093 6
0.898937 0.00224531 9
0.909614 0.0118457 7
0.919499 0.0285086 6
0.9188 0.0281337 6
0.978183 0.675021 2
0.899954 0.00229642 9
0.948659 0.291918 3
0.984692 1 1
0.895543 0.000991383 10
0.889859 0.000407934 11
0.925016 0.0610096 5
0.954621 0.317024 3
0.875996 1.27077e-05 15
0.862167 6.52512e-08 21
0.957442 0.54983 2
0.95765 0.55063 2
0.949087 0.29352 3
0.966283 0.590525 2
0.973951 0.640043 2
0.886884 0.000176678 12
0.926241 0.0622651 5
0.858818 1.11783e-08 23
0.957654 0.332441 3
0.87689 2.58998e-07 20
0.898676 0.000249186 12
0.957193 0.329965 3
0.912747 0.00632825 8
0.892371 4.62355e-05 14
0.861511 9.40475e-11 29
0.919461 0.0146436 7
0.979287 0.685218 2
0.908065 0.0028021 9
0.929012 0.0349843 6
0.948032 0.169055 4
0.86722 3.18086e-09 25
0.954293 0.315473 3
0.838418 5.70252e-12 0
0.913971 0.0258315 6
0.901341 0.00491749 8
0.965781 0.587801 2
0.959392 0.557596 2
0.877979 2.95427e-05 14
0.968468 0.603066 2
0.920513 0.0569118 5
0.89279 0.000930361 10
0.935945 0.13654 4
0.876999 2.8773e-05 14
0.89942 0.00474177 8
0.917315 0.0273745 6
0.892028 0.000914726 10
0.964814 0.582708 2
0.865933 8.50351e-07 18
0.929479 0.242221 3
0.933936 0.250731 3
0.97187 1 1
0.943666 0.508955 2
0.902041 0.0217433 6
0.95168 0.530085 2
0.936811 0.257021 3
0.918381 0.110771 4
0.938617 0.261339 3
0.902285 0.0218098 6
0.923322 0.116347 4
0.93716 0.257832 3
0.92395 0.117132 4
0.951166 0.528529 2
0.895606 0.00942789 7
0.911619 0.0123196 7
0.923855 0.0598785 5
0.990642 1 1
0.938131 0.141231 4
0.88364 7.51319e-05 13
0.970859 0.618155 2
0.945777 0.281839 3
0.899694 0.00228313 9
0.924779 0.0607743 5
0.883979 7.5829e-05 13
0.904454 0.00523414 8
0.918445 0.0279476 6
0.915 0.0262835 6
0.945028 0.27941 3
0.889707 0.000190444 12
41 1 2 3 5 6 7 8 10 11 12 13 14 16 17 18 19 20 21 23 24 25 26 27 28 29 30 31 32 33 34 35 36 38 41 42 43 44 46 47 48 49 
27 1 3 5 7 8 12 14 17 18 21 23 24 26 27 29 30 31 32 35 36 38 41 43 44 47 48 49 
9 1 3 5 8 17 26 29 36 38 
34 3 5 7 8 10 11 12 13 14 16 17 18 21 23 24 26 27 28 29 30 31 32 33 34 35 36 38 41 42 43 44 47 48 49 
50 0 1 2 3 4 5 6 7 8 9 10 11 12 13 14 15 16 17 18 19 20 21 22 23 24 25 26 27 28 29 30 31 32 33 34 35 36 37 38 39 40 41 42 43 44 45 46 47 48 49 
11 1 3 5 8 24 26 27 29 32 36 38 
0 
46 0 1 2 3 5 6 7 8 9 10 11 12 13 14 16 17 18 19 20 21 23 24 25 26 27 28 29 30 31 32 33 34 35 36 38 39 40 41 42 43 44 45 46 47 48 49 
38 2 3 5 6 7 8 10 11 12 13 14 16 17 18 19 21 23 24 25 26 27 28 29 30 31 32 33 34 35 36 38 41 42 43 44 47 48 49 
48 0 1 2 3 4 5 6 7 8 9 10 11 12 13 14 16 17 18 19 20 21 22 23 24 25 26 27 28 29 30 31 32 33 34 35 36 38 39 40 41 42 43 44 45 46 47 48 49 
44 1 2 3 5 6 7 8 10 11 12 13 14 16 17 18 19 20 21 23 24 25 26 27 28 29 30 31 32 33 34 35 36 38 39 40 41 42 43 44 45 46 47 48 49 
39 1 2 3 5 6 7 8 10 11 12 13 14 16 17 18 19 21 23 24 25 26 27 28 29 30 31 32 33 34 35 36 38 41 42 43 44 47 48 49 
31 1 3 5 6 7 8 12 14 17 18 19 21 23 24 26 27 28 29 30 31 32 34 35 36 38 41 43 44 47 48 49 
33 1 3 5 7 8 10 12 13 14 16 17 18 21 23 24 26 27 29 30 31 32 33 34 35 36 38 41 42 43 44 47 48 49 
29 1 3 5 7 8 12 14 17 18 19 21 23 24 26 27 29 30 31 32 34 35 36 38 41 43 44 47 48 49 
