30 15 6e+06
2.23512 127952
1.68988 174670
1.01233 106685
1.74878 128029
2.64166 122069
2.4973 129703
1.38116 169566
2.48027 198692
3.45255 197339
2.76087 112593
1.36716 169488
2.543 168744
2.16551 193406
5.45881 103636
1.97226 161663
3.98271 116593
1.6858 112494
4.59931 101794
2.15059 144164
2.74911 132724
1.67226 183663
2.39339 124044
1.21664 166884
3.48668 113404
2.40852 106380
9.14059 183437
2.6824 104534
1.96468 123261
8.15972 144453
1.23061 159161
0.936082 0.255361 3
0.899389 0.0448256 5
0.956345 0.545718 2
0.889984 0.00875813 7
0.901283 0.0455897 5
0.910325 0.103517 4
0.879165 0.0015735 9
0.899833 0.0450009 5
0.872462 0.000637785 10
0.978732 1 1
0.933171 0.24917 3
0.979152 1 1
0.910344 0.103532 4
0.964294 0.580052 2
0.977695 1 1
0.91886 0.0555873 5
0.911048 0.0246475 6
0.940224 0.265449 3
0.906098 0.0229307 6
0.894696 0.00436329 8
0.910381 0.0243963 6
0.890979 0.00191307 9
0.918353 0.0551988 5
0.884409 0.000782682 10
0.955131 0.541371 2
0.918805 0.0555451 5
0.954507 0.539216 2
0.916769 0.0540325 5
0.949558 0.295318 3
0.985624 1 1
0.919269 0.111701 4
0.974209 1 1
0.919317 0.111752 4
0.956562 0.546516 2
0.952315 0.532049 2
0.97243 1 1
0.97122 1 1
0.947249 0.517624 2
0.966332 0.590798 2
0.872528 0.000285041 11
0.927541 0.238927 3
0.900761 0.0214029 6
0.978361 1 1
0.918076 0.110459 4
0.904429 0.0469617 5
0.906425 0.0111709 7
0.976226 0.658071 2
0.917716 0.0275748 6
0.979534 0.687563 2
0.917884 0.0276597 6
0.943722 0.275342 3
0.959884 0.559655 2
0.99005 1 1
0.953657 0.31253 3
0.888978 0.000399386 11
0.91279 0.0253361 6
0.908954 0.0116986 7
0.963489 0.576052 2
0.92177 0.0579802 5
0.926943 0.0630145 5
0.92541 0.032193 6
0.897126 0.000237017 12
0.94604 0.162435 4
0.889551 4.1933e-05 14
0.893029 9.93867e-05 13
0.904041 0.0012371 10
0.876958 5.6723e-07 19
0.90047 0.000543767 11
0.870321 4.02929e-08 22
0.977543 0.669319 2
0.923075 0.0306186 6
0.967436 0.597003 2
0.906188 0.00266728 9
0.954541 0.316647 3
0.97927 0.685059 2
0.872682 2.57457e-05 14
0.956185 0.545133 2
0.87911 0.000146563 12
0.971754 0.624201 2
0.897686 0.00459453 8
0.919831 0.056355 5
0.970275 0.614329 2
0.95968 0.558796 2
0.973132 0.633966 2
0.84684 2.46744e-10 27
0.879962 0.000149405 12
0.867457 4.49262e-06 16
0.936807 0.257011 3
0.881343 0.000154223 12
0.882911 0.000348536 11
0.985058 1 1
0.925874 0.236268 3
0.974918 1 1
0.907908 0.101686 4
0.964165 1 1
0.959649 0.558669 2
0.909657 0.102997 4
0.909253 0.102688 4
0.903575 0.0465755 5
0.917183 0.224555 3
0.993768 1 1
0.950531 0.52665 2
0.945187 0.512498 2
0.966901 1 1
0.933318 0.4893 2
0.886043 0.000373176 11
0.943106 0.2735 3
0.90144 0.0102777 7
0.953896 0.537156 2
0.888928 0.000856055 10
0.913569 0.02566 6
0.931005 0.127398 4
0.968458 0.603004 2
0.926416 0.120403 4
0.889039 0.000858034 10
0.890861 0.0019089 9
0.900089 0.00480136 8
0.931757 0.128672 4
0.907836 0.0234965 6
0.926098 0.119963 4
0.864842 0.00025041 11
0.892756 0.019573 6
0.884229 0.00818539 7
0.899531 0.0448814 5
0.85263 7.19057e-06 15
0.873592 0.0014536 9
0.878372 0.00345353 8
0.913773 0.106384 4
0.873568 0.00145313 9
0.900605 0.0453111 5
0.866645 0.000584652 10
0.894446 0.0430199 5
0.887472 0.0185865 6
0.892738 0.0195692 6
0.924618 0.234361 3
0.957996 0.551974 2
0.951944 0.530895 2
0.958438 0.553723 2
0.932996 0.248819 3
0.969501 1 1
0.984541 1 1
0.935489 0.492871 2
0.932698 0.248227 3
0.929138 0.241625 3
0.905569 0.100036 4
0.966272 1 1
0.937108 0.495707 2
0.971993 1 1
0.955581 0.542957 2
0.932439 0.247717 3
0.934913 0.134473 4
0.908042 0.0115018 7
0.956382 0.325731 3
0.899429 0.00226977 9
0.904291 0.00521653 8
0.915899 0.0266944 6
0.887602 0.000180008 12
0.909787 0.0118849 7
0.880856 3.20095e-05 14
0.968761 0.604838 2
0.933391 0.131581 4
0.974584 0.644886 2
0.917855 0.0276448 6
0.965486 0.586229 2
0.989076 1 1
0.943772 0.155584 4
0.950046 0.176379 4
0.937418 0.0774743 5
0.930483 0.0671645 5
0.982783 0.72086 2
0.986352 0.763149 2
0.941108 0.148365 4
0.925295 0.0321117 6
0.936298 0.0755792 5
0.883762 7.50138e-06 16
0.952255 0.306308 3
0.915147 0.00673336 8
0.967444 0.59705 2
0.933113 0.0706969 5
0.909542 0.00291729 9
0.873397 2.62099e-05 14
0.927241 0.121568 4
0.889695 0.000869869 10
0.939272 0.262984 3
0.87405 2.66459e-05 14
0.898152 0.00463307 8
0.916597 0.05391 5
0.952823 0.533656 2
0.912617 0.0252656 6
0.884002 0.000356768 11
0.877676 6.44398e-05 13
0.890943 0.00191177 9
0.915883 0.053411 5
0.896642 0.00451069 8
0.918843 0.0555743 5
0.937866 0.140638 4
0.938087 0.14113 4
0.957419 0.549743 2
0.929185 0.124469 4
0.922088 0.0582591 5
0.939983 0.14556 4
0.916995 0.027217 6
0.939115 0.143488 4
0.910048 0.0119447 7
0.937704 0.14028 4
0.940521 0.266234 3
0.957386 0.549613 2
0.946368 0.283812 3
0.965404 0.58579 2
0.97636 0.659183 2
0.891552 0.000425319 11
0.974633 0.645268 2
0.896094 0.00100453 10
0.978502 0.677911 2
0.919232 0.0283639 6
0.941199 0.148599 4
0.993664 1 1
0.963179 0.574546 2
0.992429 1 1
0.858258 4.80351e-09 24
0.899234 0.00226 9
0.881931 3.30191e-05 14
0.957004 0.328967 3
0.897264 0.00216598 9
0.893642 0.000948458 10
0.907893 0.00563806 8
0.909575 0.011837 7
0.928906 0.0652355 5
0.907178 0.00554888 8
0.886725 8.19076e-05 13
0.904107 0.00519676 8
0.890218 0.000193136 12
0.920428 0.0290246 6
0.883881 3.49883e-05 14
0.945347 0.280436 3
0.908367 0.0056988 8
0.942102 0.15096 4
0.912691 0.0125905 7
0.938108 0.141177 4
0.973341 0.635501 2
0.94005 0.501277 2
0.964303 1 1
0.939163 0.499538 2
0.944283 0.51037 2
0.96867 1 1
0.994328 1 1
0.951972 0.530981 2
0.939908 0.500994 2
0.946134 0.514803 2
0.888734 0.0188092 6
0.948498 0.520928 2
0.918893 0.22661 3
0.982892 1 1
0.936907 0.495347 2
0.918184 0.225745 3
0.922079 0.114848 4
0.954405 0.538869 2
0.938339 0.260656 3
0.949778 0.524478 2
0.918591 0.110988 4
0.941674 0.269382 3
0.93389 0.250636 3
0.961444 0.566456 2
0.927109 0.121379 4
0.916746 0.109134 4
0.926638 0.120712 4
0.934657 0.252246 3
0.955373 0.542221 2
0.944679 0.278303 3
0.956062 0.544685 2
0.930229 0.0668449 5
0.968613 0.603938 2
0.942456 0.151912 4
0.957478 0.331488 3
0.934473 0.133617 4
0.959079 0.340404 3
0.94683 0.285386 3
0.964057 0.578861 2
0.939649 0.144754 4
0.90857 0.00572523 8
0.936277 0.137225 4
0.932162 0.0693709 5
0.973555 0.637083 2
0.946344 0.28373 3
0.945652 0.28143 3
0.881967 0.000748011 10
0.965542 0.586524 2
0.89018 0.00405971 8
0.985065 1 1
0.902809 0.0219549 6
0.926776 0.120907 4
0.970975 0.618929 2
0.975232 1 1
0.969762 0.611048 2
0.859932 1.61854e-06 17
0.888978 0.00184495 9
0.879774 0.000326744 11
0.945512 0.280972 3
0.893127 0.00425208 8
0.896732 0.00957808 7
0.933156 0.0707584 5
0.917579 0.00719595 8
0.954834 0.318047 3
0.909801 0.00293836 9
0.907611 0.00276837 9
0.921906 0.0155613 7
0.896974 0.000235876 12
0.92063 0.0150691 7
0.890196 4.28603e-05 14
0.957359 0.330853 3
0.933115 0.0706996 5
0.967179 0.39626 3
0.926046 0.0326521 6
0.964313 0.374221 3
0.998213 1 1
0.935421 0.135479 4
0.88642 8.11923e-05 13
0.952227 0.306184 3
0.876016 5.77652e-06 16
0.895848 0.000998602 10
0.901217 0.00236323 9
0.866625 7.71189e-08 21
0.885127 7.82747e-05 13
0.860018 5.16576e-09 24
0.986738 1 1
0.930612 0.0673286 5
0.976396 0.659484 2
0.898727 0.00107209 10
0.957605 0.332173 3
0.960768 0.563457 2
0.933776 0.250402 3
0.97383 1 1
0.9429 0.507246 2
0.958182 0.552706 2
0.943622 0.508857 2
0.969201 1 1
0.952333 0.532106 2
0.960862 0.563868 2
0.945082 0.512246 2
0.903176 0.046399 5
0.940672 0.502528 2
0.929193 0.24172 3
0.983979 1 1
0.945102 0.512294 2
0.938418 0.498117 2
0.95124 0.302023 3
0.949898 0.296633 3
0.965184 0.584636 2
0.935696 0.0746022 5
0.943293 0.154222 4
0.96131 0.353883 3
0.929083 0.0654463 5
0.941363 0.149019 4
0.922037 0.0299711 6
0.924595 0.0316245 6
0.956324 0.325434 3
0.952566 0.307653 3
0.963794 0.370509 3
0.968688 0.604394 2
0.957229 0.330158 3
0.901258 0.0102484 7
0.936282 0.255812 3
0.919351 0.055972 5
0.939139 0.262647 3
0.894796 0.00437054 8
0.917538 0.0545892 5
0.918876 0.0556001 5
0.953872 0.537075 2
0.912998 0.0515265 5
0.913365 0.0517553 5
0.904765 0.022521 6
0.921995 0.114749 4
0.93233 0.247503 3
0.927033 0.121271 4
0.950628 0.526934 2
0.853535 2.10761e-08 22
0.905242 0.0226652 6
0.87031 1.0867e-05 15
0.918532 0.0553351 5
0.85269 8.88381e-09 23
0.876178 6.21568e-05 13
0.896553 0.00450372 8
0.930743 0.126963 4
0.893359 0.00200131 9
0.871419 2.4958e-05 14
0.857322 1.25831e-07 20
0.873884 2.65338e-05 14
0.893527 0.00427979 8
0.877586 0.000141716 12
0.902676 0.0104831 7
0.960401 0.561862 2
0.902008 0.0217342 6
0.976975 1 1
0.888838 0.00397857 8
0.919423 0.111866 4
0.92251 0.115359 4
0.882532 0.00165659 9
0.895868 0.00946227 7
0.875903 0.000303151 11
0.961317 0.565889 2
0.955595 0.543005 2
0.99231 1 1
0.91693 0.109314 4
0.979679 1 1
0.9598 0.5593 2
0.988511 1 1
0.92254 0.231379 3
0.975502 1 1
0.904675 0.047075 5
0.962147 0.569668 2
0.956297 0.545542 2
0.906377 0.0478845 5
0.906149 0.0477733 5
0.900329 0.0212913 6
0.918121 0.110505 4
0.997373 1 1
0.951371 0.529145 2
0.941772 0.50481 2
0.966892 1 1
0.932577 0.247988 3
0.855064 1.29104e-11 0
0.907105 0.00273167 9
0.87179 9.49695e-08 21
0.92038 0.0149762 7
0.854409 1.24649e-11 0
0.877959 1.28788e-06 18
0.898342 0.000510645 11
0.932651 0.0700458 5
0.89511 0.000222606 12
0.872314 2.14427e-07 20
0.858901 1.85634e-10 28
0.875158 5.28232e-07 19
0.895359 0.0002243 12
0.879037 2.92181e-06 17
0.903897 0.00123206 10
0.907934 0.101705 4
0.928861 0.241147 3
0.927478 0.238824 3
0.928523 0.240568 3
0.895662 0.020184 6
0.916507 0.108902 4
0.910012 0.103272 4
0.942477 0.506321 2
0.90378 0.0466675 5
0.926875 0.237846 3
0.910438 0.103606 4
0.933289 0.249408 3
0.928659 0.2408 3
0.935909 0.493592 2
0.96368 1 1
29 0 1 2 3 4 5 6 7 8 9 10 11 12 13 14 15 16 17 18 19 20 21 22 23 24 25 26 27 29 
15 1 3 5 7 8 12 14 15 17 19 20 24 25 28 29 
24 0 1 3 4 5 7 8 10 12 13 14 15 17 18 19 20 21 22 23 24 25 26 28 29 
7 5 7 8 12 19 25 28 
28 0 1 2 3 4 5 6 7 8 9 10 11 12 13 14 15 16 17 18 19 20 21 22 23 24 25 26 29 
24 0 1 2 3 4 5 7 8 10 12 13 14 15 16 17 18 19 20 22 23 24 25 28 29 
8 5 7 8 12 14 19 25 28 
8 5 7 8 12 14 19 25 28 
14 1 3 5 7 8 12 14 15 17 19 24 25 28 29 
26 0 1 2 3 4 5 7 8 9 10 11 12 13 14 15 16 17 18 19 20 22 23 24 25 28 29 
30 0 1 2 3 4 5 6 7 8 9 10 11 12 13 14 15 16 17 18 19 20 21 22 23 24 25 26 27 28 29 
26 0 1 2 3 4 5 7 8 9 10 12 13 14 15 16 17 18 19 20 21 22 23 24 25 28 29 
14 2 3 5 7 8 12 14 17 18 19 24 25 28 29 
26 0 1 2 3 4 5 7 8 9 10 11 12 13 14 15 16 17 18 19 20 22 23 24 25 28 29 
17 1 3 5 7 8 12 13 14 15 17 18 19 22 24 25 28 29 
