50 15 1e+07
1.85622 175979
1.34207 147459
2.39268 101345
1.806 148589
2.15543 151133
1.41317 115256
1.5161 125346
2.45537 197453
2.54332 137920
1.46711 155709
2.42744 111630
1.87178 165693
1.6348 199988
1.93319 169820
2.31147 115576
2.45381 154574
2.66175 193437
1.90978 127262
1.94467 100911
2.74513 138263
2.52482 119669
1.29154 174335
1.41011 105094
1.1932 111875
2.54374 135272
1.33212 184351
2.71072 156432
1.85772 123198
1.87543 180335
2.47757 117211
2.65272 192556
1.96427 105712
2.92605 113983
2.09245 182431
1.03068 176586
1.47543 115304
2.0133 124447
2.28788 127772
1.8482 123412
2.09992 154760
2.1804 125932
2.4027 131204
1.89155 117557
2.23532 179279
2.60917 152417
1.81708 136770
1.11833 148160
2.48844 105850
1.89859 167684
1.4477 140282
0.902246 0.00500524 8
0.937206 0.139192 4
0.899492 0.00227291 9
0.901131 0.00489752 8
0.883471 7.47884e-05 13
0.919082 0.0282835 6
0.914094 0.0258844 6
0.902954 0.00507631 8
0.946976 0.28589 3
0.954734 0.317565 3
0.880471 3.16604e-05 14
0.925077 0.0610706 5
0.926183 0.0622037 5
0.903387 0.00512076 8
0.92822 0.0644386 5
0.961872 0.568399 2
0.911566 0.0248471 6
0.958478 0.553882 2
0.960843 0.563785 2
0.906533 0.0111924 7
0.91119 0.0247016 6
0.924006 0.0600226 5
0.934843 0.134335 4
0.910846 0.0245709 6
0.848131 2.60361e-10 27
0.91909 0.0557666 5
0.922654 0.0587648 5
0.937198 0.257921 3
0.908538 0.0237358 6
0.933179 0.131191 4
0.961388 0.566204 2
0.958649 0.554566 2
0.938216 0.260355 3
0.945547 0.281086 3
0.959605 0.558482 2
0.967764 0.598901 2
0.912676 0.051329 5
0.994689 1 1
0.950013 0.525148 2
0.892167 0.00418715 8
0.968133 0.601069 2
0.919872 0.112349 4
0.950667 0.527047 2
0.966943 0.594197 2
0.962395 0.570821 2
0.885842 0.00381025 8
0.936528 0.25637 3
0.871102 0.000277981 11
0.876139 0.0006764 10
0.917343 0.109722 4
0.937651 0.258991 3
0.867762 0.000116266 12
0.912286 0.105108 4
0.930974 0.244923 3
0.960505 0.562313 2
0.906827 0.0481062 5
0.879049 0.00157081 9
0.898628 0.0208679 6
0.932384 0.247609 3
0.910931 0.0502962 5
0.953669 0.536404 2
0.96166 0.567432 2
0.930914 0.244812 3
0.938149 0.260192 3
0.966728 0.592991 2
0.974663 1 1
0.907286 0.048336 5
0.994914 1 1
0.951191 0.528605 2
0.897018 0.0204884 6
0.972864 1 1
0.91517 0.107642 4
0.946098 0.514715 2
0.975716 1 1
0.959379 0.557542 2
0.917041 0.0542277 5
0.963419 0.575708 2
0.898501 0.00466249 8
0.904648 0.0108318 7
0.95437 0.538748 2
0.97509 0.648854 2
0.886767 0.000819342 10
0.949782 0.296183 3
0.951689 0.530113 2
0.932744 0.130406 4
0.944911 0.279035 3
0.897394 0.00457073 8
0.923681 0.116794 4
0.972076 0.626438 2
0.938446 0.260919 3
0.923705 0.116824 4
0.952187 0.531649 2
0.902148 0.0217723 6
0.909044 0.0492501 5
0.983353 1 1
0.973232 1 1
0.882656 0.00165984 9
0.963352 0.575384 2
0.938927 0.262113 3
0.905363 0.0473967 5
0.972337 1 1
0.891723 0.00895211 7
0.921225 0.113857 4
0.990167 1 1
0.935995 0.255165 3
0.896484 0.00954452 7
0.898344 0.00980418 7
0.9084 0.0489087 5
0.905199 0.022652 6
0.846049 3.02206e-09 24
0.879024 0.000321907 11
0.941207 0.26809 3
0.87526 0.000134848 12
0.911044 0.0503609 5
0.889879 0.0040412 8
0.84825 7.59702e-09 23
0.943456 0.274542 3
0.918249 0.110636 4
0.863526 4.04538e-06 16
0.90845 0.0489348 5
0.901488 0.0102856 7
0.921478 0.114147 4
0.905389 0.0227102 6
0.90493 0.0225705 6
0.866464 9.85066e-06 15
0.90175 0.0103284 7
0.929092 0.124325 4
0.891382 0.00413571 8
0.933794 0.250438 3
0.925881 0.119667 4
0.865949 9.72606e-06 15
0.937799 0.259346 3
0.926341 0.120299 4
0.885635 0.00174189 9
0.922355 0.115175 4
0.938227 0.497759 2
0.988163 1 1
0.920785 0.229016 3
0.926756 0.237655 3
0.948342 0.520508 2
0.986688 1 1
0.909695 0.103026 4
0.963458 1 1
0.974984 1 1
0.930533 0.24411 3
0.944907 0.511829 2
0.920484 0.228623 3
0.947505 0.51829 2
0.969666 1 1
0.962435 1 1
0.912949 0.0254011 6
0.957541 0.55021 2
0.904883 0.0108754 7
0.908168 0.0115286 7
0.905616 0.0110136 7
0.941318 0.268395 3
0.910847 0.0245711 6
0.921875 0.0580716 5
0.963751 0.577338 2
0.963394 0.57559 2
0.901429 0.00492586 8
0.922721 0.0588259 5
0.934149 0.132998 4
0.925948 0.0619582 5
0.941099 0.267796 3
0.865664 1.8986e-06 17
0.913193 0.0516475 5
0.856565 5.36435e-08 21
0.859932 3.11717e-07 19
0.878344 0.00014409 12
0.905278 0.0226761 6
0.863404 7.86651e-07 18
0.881847 0.000340846 11
0.914515 0.0524918 5
0.982242 1 1
0.869975 1.07719e-05 15
0.874456 5.96975e-05 13
0.884413 0.000359963 11
0.895395 0.00441498 8
0.892436 0.00196608 9
0.968385 0.60257 2
0.961185 0.353096 3
0.96347 0.575961 2
0.96698 0.594405 2
0.915242 0.0132902 7
0.945538 0.160858 4
0.956777 0.327776 3
0.949719 0.295937 3
0.969338 0.608386 2
0.905062 0.00259209 9
0.919957 0.0287607 6
0.967034 0.594708 2
0.99464 1 1
0.931275 0.0681842 5
0.985097 0.747544 2
0.975693 0.653689 2
0.933024 0.13091 4
0.957896 0.333757 3
0.964127 0.579213 2
0.929704 0.0661948 5
0.934927 0.134499 4
0.923863 0.0598862 5
0.959682 0.558805 2
0.93003 0.0665965 5
0.867107 3.93678e-07 19
0.941898 0.150418 4
0.926512 0.0625512 5
0.950119 0.297504 3
0.932728 0.130377 4
0.9514 0.302686 3
0.973477 1 1
0.97115 1 1
0.954512 0.539231 2
0.961174 0.565249 2
0.937754 0.259239 3
0.964116 0.579157 2
0.935416 0.253885 3
0.973672 1 1
0.969521 1 1
0.90354 0.0465601 5
0.943152 0.507803 2
0.944059 0.509851 2
0.975969 1 1
0.952421 0.532381 2
0.988845 1 1
0.979218 1 1
0.940463 0.502105 2
0.958082 0.55231 2
0.965026 0.583807 2
0.93478 0.252508 3
0.942252 0.505836 2
0.925549 0.235766 3
0.966754 0.593134 2
0.937109 0.257712 3
0.87397 0.000653092 10
0.946299 0.515213 2
0.929362 0.242016 3
0.955218 0.541674 2
0.939305 0.263066 3
0.958117 0.552449 2
0.948197 0.290224 3
0.951948 0.304992 3
0.950389 0.298571 3
0.951121 0.301534 3
0.899178 0.00472061 8
0.932638 0.130216 4
0.961859 0.568342 2
0.930958 0.127319 4
0.964476 0.580975 2
0.912341 0.0251541 6
0.902163 0.0103967 7
0.974469 0.643998 2
0.974167 0.641684 2
0.916845 0.0540867 5
0.96622 0.590183 2
0.96252 0.571405 2
0.911727 0.104644 4
0.960085 0.560509 2
0.962215 0.569983 2
0.905531 0.0474766 5
0.910908 0.10398 4
0.925693 0.235987 3
0.934313 0.251519 3
0.911287 0.104285 4
0.848484 1.21384e-06 17
0.917971 0.110352 4
0.924171 0.233703 3
0.938139 0.497594 2
0.907916 0.101692 4
0.933699 0.250243 3
0.961751 0.567846 2
0.96544 1 1
0.939083 0.499383 2
0.946334 0.515302 2
0.9579 0.551601 2
0.973057 1 1
0.915687 0.108123 4
0.995516 1 1
0.956683 0.546965 2
0.898208 0.0207671 6
0.964311 0.58014 2
0.923569 0.23283 3
0.954757 0.540073 2
0.968949 1 1
0.967707 1 1
0.945127 0.279727 3
0.979033 0.682831 2
0.935763 0.136169 4
0.939741 0.144974 4
0.920936 0.029316 6
0.957833 0.333416 3
0.934843 0.134334 4
0.947423 0.287451 3
0.992856 1 1
0.9316 0.0686134 5
0.920978 0.0293408 6
0.946817 0.285339 3
0.966314 0.590699 2
0.940752 0.147463 4
0.974099 0.64117 2
0.902278 0.00117755 10
0.943857 0.155828 4
0.882736 1.5621e-05 15
0.889092 8.7833e-05 13
0.957085 0.329393 3
0.959163 0.340886 3
0.869023 8.47693e-08 21
0.938451 0.141953 4
0.931936 0.0690645 5
0.921927 0.0299043 6
0.944109 0.156557 4
0.879214 2.94056e-06 17
0.905898 0.00264754 9
0.965551 0.586571 2
0.920635 0.0291427 6
0.939932 0.264682 3
0.991302 1 1
0.926132 0.0621505 5
0.931203 0.12773 4
0.933521 0.13182 4
0.971618 0.623272 2
0.920373 0.0567964 5
0.95437 0.315836 3
0.989044 1 1
0.936478 0.137644 4
0.931471 0.128182 4
0.93188 0.128885 4
0.955499 0.542666 2
0.954325 0.315627 3
0.968167 0.601268 2
0.956689 0.546989 2
0.965708 1 1
0.952039 0.531188 2
0.955003 0.540925 2
0.91321 0.105893 4
0.946862 0.516633 2
0.952338 0.532122 2
0.945103 0.512297 2
0.977119 1 1
0.91575 0.108182 4
0.916074 0.108488 4
0.964219 1 1
0.982173 1 1
0.931043 0.245052 3
0.980367 1 1
0.899788 0.0211542 6
0.902198 0.0217859 6
0.911268 0.0504904 5
0.90824 0.0488249 5
0.849656 9.95215e-08 20
0.882793 0.00166342 9
0.94368 0.508988 2
0.878907 0.000708643 10
0.914952 0.107441 4
0.892867 0.00908585 7
0.851816 2.45406e-07 19
0.946575 0.515905 2
0.921874 0.114607 4
0.867225 5.09757e-05 13
0.912212 0.0510479 5
0.886382 0.000376042 11
0.922454 0.0585851 5
0.866118 1.92381e-06 17
0.872621 1.15603e-05 15
0.95311 0.534576 2
0.939633 0.263908 3
0.850134 6.55053e-10 26
0.924088 0.0601013 5
0.910346 0.0243831 6
0.903614 0.0106456 7
0.938936 0.262135 3
0.859746 1.36139e-07 20
0.886837 0.000379948 11
0.95097 0.300914 3
0.901348 0.0049181 8
0.97322 0.634615 2
0.952785 0.187484 4
0.972566 0.629891 2
0.975403 0.651348 2
0.910971 0.0030371 9
0.938745 0.0798509 5
0.962943 0.364612 3
0.946434 0.163699 4
0.960138 0.346638 3
0.896582 0.000232983 12
0.916922 0.00706533 8
0.971416 0.621897 2
0.994523 1 1
0.925601 0.0323298 6
0.978599 0.678805 2
0.961233 0.565513 2
0.957395 0.549649 2
0.960445 0.562053 2
0.962514 0.571379 2
0.908452 0.023706 6
0.940025 0.264924 3
0.961343 0.566003 2
0.942059 0.270467 3
0.967712 0.598599 2
0.90705 0.0232357 6
0.912601 0.0252589 6
0.972825 0.631747 2
0.987713 1 1
0.925097 0.118615 4
0.977723 1 1
0.898528 0.000247975 12
0.925662 0.0323737 6
0.899549 0.000528996 11
0.899992 0.000536004 11
0.871054 1.88135e-08 23
0.906559 0.00133192 10
0.919651 0.0147113 7
0.893328 0.000100363 13
0.936994 0.076745 5
0.939003 0.0803306 5
0.869276 7.81133e-09 24
0.929415 0.0353273 6
0.923269 0.0161228 7
0.890613 4.34768e-05 14
0.921943 0.0155762 7
0.894853 0.0020612 9
0.93609 0.136838 4
0.875364 2.75605e-05 14
0.88169 0.000155477 12
0.952589 0.307754 3
0.951126 0.301553 3
0.861786 1.4575e-07 20
0.931141 0.127625 4
0.924443 0.0604445 5
0.919375 0.0559908 5
0.939034 0.262383 3
0.87194 1.13489e-05 15
0.898294 0.00464501 8
0.958334 0.553309 2
0.912901 0.0253817 6
0.953779 0.313087 3
0.958816 0.338894 3
0.930854 0.0676376 5
0.938117 0.141199 4
0.967159 0.595416 2
0.971824 0.624688 2
0.906361 0.00267925 9
0.993972 1 1
0.948564 0.170924 4
0.894307 0.000217264 12
0.974523 0.644418 2
0.913966 0.00652805 8
0.944797 0.158596 4
0.974093 0.641119 2
0.957618 0.332247 3
0.914814 0.0131671 7
0.949656 0.295694 3
0.911002 0.00606182 8
0.913055 0.0126856 7
0.894179 0.000455103 11
0.930546 0.0672444 5
0.922877 0.0304931 6
0.915395 0.0133346 7
0.960198 0.347 3
0.950698 0.299813 3
0.891867 0.000202292 12
0.934497 0.133664 4
0.938757 0.142654 4
0.914297 0.0130214 7
0.941388 0.149084 4
0.971326 0.621285 2
0.9732 0.634463 2
0.952449 0.532469 2
0.95906 0.556231 2
0.939 0.262295 3
0.96616 0.589852 2
0.933993 0.250849 3
0.974457 0.643905 2
0.971 0.619092 2
0.905226 0.0226603 6
0.943985 0.276145 3
0.94286 0.272775 3
0.974663 0.645504 2
0.95412 0.537904 2
0.988589 1 1
0.893384 0.000211382 12
0.934339 0.0724935 5
0.873861 2.28197e-07 20
0.880192 3.04715e-06 17
0.951948 0.304992 3
0.949463 0.174188 4
0.86019 1.98085e-10 28
0.929769 0.0662748 5
0.922702 0.0303824 6
0.918245 0.0142256 7
0.938281 0.0790029 5
0.870314 4.02814e-08 22
0.896661 0.000233558 12
0.956991 0.328901 3
0.91125 0.00609833 8
0.928108 0.122835 4
0.929362 0.242016 3
0.936931 0.257298 3
0.935091 0.253177 3
0.876517 0.000306676 11
0.909822 0.0496729 5
0.964022 0.578685 2
0.907404 0.0483957 5
0.942281 0.2711 3
0.904765 0.022521 6
0.879291 0.000713347 10
0.972452 1 1
0.95174 0.530268 2
0.894093 0.00923497 7
0.941853 0.269886 3
0.890591 0.00408534 8
0.927076 0.238169 3
0.870312 0.000122052 12
0.876827 0.000308489 11
0.956339 0.545694 2
0.944332 0.510483 2
0.8544 6.08427e-07 18
0.92833 0.240241 3
0.91488 0.107375 4
0.906454 0.0479221 5
0.942122 0.270645 3
0.864066 2.10643e-05 14
0.89127 0.00412852 8
0.955452 0.5425 2
0.905854 0.0476308 5
0.92749 0.238844 3
0.949329 0.523213 2
0.905392 0.0474106 5
0.912416 0.105217 4
0.99028 1 1
0.970159 1 1
0.883804 0.00370473 8
0.967624 1 1
0.936361 0.255991 3
0.898241 0.0207748 6
0.981176 1 1
0.892311 0.00902029 7
0.922286 0.231029 3
0.987548 1 1
0.936587 0.256507 3
0.920997 0.0573168 5
0.953804 0.53685 2
0.899915 0.0100375 7
0.906695 0.0231208 6
0.977455 1 1
0.97426 0.642396 2
0.881947 0.000341553 11
0.959829 0.559424 2
0.940528 0.266254 3
0.91055 0.0244594 6
0.966137 0.589729 2
0.891375 0.00192719 9
0.920394 0.056813 5
0.988045 1 1
0.935354 0.253749 3
0.930715 0.126916 4
0.964834 0.582811 2
0.924941 0.0609344 5
0.92773 0.122277 4
0.907365 0.0113606 7
0.944363 0.277311 3
0.931741 0.128644 4
0.931238 0.127789 4
0.976871 0.663499 2
0.941658 0.269338 3
0.906188 0.0111243 7
0.943931 0.275979 3
0.954234 0.315198 3
0.927504 0.121949 4
0.958232 0.552902 2
0.962289 1 1
0.960789 1 1
0.939206 0.499621 2
0.94653 0.515791 2
0.958536 0.554113 2
0.969142 1 1
0.914241 0.106799 4
0.995569 1 1
0.952273 0.531917 2
0.893945 0.0198163 6
0.966444 1 1
0.921622 0.230126 3
0.952564 0.532832 2
0.967123 1 1
0.964571 1 1
0.934148 0.132996 4
0.942856 0.272762 3
0.911549 0.0248405 6
0.918672 0.0554426 5
0.985484 1 1
0.961417 0.566336 2
0.886358 0.000174302 12
0.971975 0.625732 2
0.931016 0.127417 4
0.885962 0.000172552 12
0.995988 1 1
0.893713 0.000949992 10
0.923871 0.0598933 5
0.975003 0.648165 2
0.936729 0.138173 4
0.916067 0.0535381 5
0.905091 0.0109141 7
0.931805 0.128755 4
0.927348 0.121722 4
0.856193 1.01091e-08 23
0.886872 0.000380251 11
0.967131 0.595258 2
0.888352 0.000845963 10
0.917205 0.0543463 5
0.879969 6.82234e-05 13
0.860503 1.39596e-07 20
0.965066 0.584019 2
0.934458 0.133589 4
0.872174 1.14207e-05 15
0.921559 0.0577968 5
0.933339 0.0710205 5
0.944945 0.159041 4
0.936382 0.0757179 5
0.936539 0.0759798 5
0.88979 4.22733e-05 14
0.924659 0.0316685 6
0.954351 0.31575 3
0.919183 0.0145458 7
0.958284 0.335901 3
0.91927 0.0145764 7
0.891414 9.43639e-05 13
0.965938 0.386375 3
0.959005 0.339974 3
0.908346 0.00282339 9
0.953129 0.31014 3
0.914652 0.0525813 5
0.905784 0.0228322 6
0.92964 0.242505 3
0.925452 0.119087 4
0.856148 6.38138e-07 18
0.887301 0.00179166 9
0.964597 0.581593 2
0.88797 0.0039281 8
0.918071 0.110453 4
0.88251 0.000755451 10
0.86014 3.71231e-06 16
0.963735 0.577261 2
0.933847 0.250549 3
0.872417 0.00012722 12
0.921382 0.114037 4
0.960558 0.56254 2
0.940734 0.266807 3
0.938341 0.26066 3
0.945382 0.28055 3
0.952686 0.308181 3
0.949682 0.295795 3
0.907927 0.0114774 7
0.97589 0.6553 2
0.933418 0.13163 4
0.875109 2.73789e-05 14
0.965614 0.586906 2
0.913034 0.0254362 6
0.941557 0.269058 3
0.952352 0.306727 3
0.949506 0.295115 3
0.869196 1.72758e-08 23
0.914509 0.00662103 8
0.861944 4.88386e-10 27
0.864777 1.26275e-09 26
0.874173 2.31129e-07 20
0.90379 0.00122831 10
0.871593 4.26103e-08 22
0.881568 3.20701e-06 17
0.917959 0.014131 7
0.98181 0.710399 2
0.866956 7.005e-09 24
0.882488 3.32096e-06 17
0.889548 4.1928e-05 14
0.892222 9.68232e-05 13
0.896061 0.00022922 12
0.944231 0.510248 2
0.972109 1 1
0.923052 0.232096 3
0.929929 0.24302 3
0.966752 1 1
0.990562 1 1
0.904355 0.0469278 5
0.981039 1 1
0.959279 0.55713 2
0.911093 0.104128 4
0.965771 1 1
0.913636 0.106264 4
0.943867 0.509413 2
0.985681 1 1
0.959014 0.556045 2
0.958623 0.554462 2
0.985261 1 1
0.943711 0.275311 3
0.949282 0.523081 2
0.934976 0.252928 3
0.969348 0.608448 2
0.932847 0.248522 3
0.965194 0.584684 2
0.985877 1 1
0.91881 0.111216 4
0.936908 0.257245 3
0.943462 0.274558 3
0.972084 0.62649 2
0.953449 0.53568 2
0.986933 1 1
0.94901 0.522327 2
0.991795 1 1
0.931244 0.245427 3
0.937368 0.258322 3
0.947125 0.517305 2
0.984283 1 1
0.918377 0.110767 4
0.970523 1 1
0.979268 1 1
0.922818 0.115731 4
0.94663 0.516044 2
0.928821 0.241078 3
0.957463 0.549911 2
0.967207 0.59569 2
0.972915 1 1
0.935865 0.254874 3
0.941134 0.26789 3
0.941208 0.268094 3
0.940663 0.266615 3
0.887368 0.000829237 10
0.921312 0.0575839 5
0.961562 0.566991 2
0.918057 0.0549752 5
0.954209 0.538206 2
0.9122 0.0250974 6
0.88982 0.00187296 9
0.972912 0.632375 2
0.960981 0.564394 2
0.905327 0.0226913 6
0.952709 0.533291 2
0.950917 0.300698 3
0.990823 1 1
0.936912 0.138561 4
0.942156 0.151106 4
0.933863 0.132458 4
0.970608 0.6165 2
0.928906 0.0652355 5
0.960529 0.349015 3
0.992426 1 1
0.926281 0.0623066 5
0.934161 0.133021 4
0.94007 0.145772 4
0.966176 0.589941 2
0.953574 0.312149 3
0.979587 0.688071 2
39 0 3 5 6 7 8 9 10 11 12 14 16 18 19 20 21 22 23 24 25 26 27 28 30 31 32 33 34 36 37 40 41 42 44 45 46 47 48 49 
24 0 3 5 7 8 10 11 16 19 20 21 22 23 27 28 30 32 33 37 40 41 42 44 48 
46 0 2 3 4 5 6 7 8 9 10 11 12 14 16 18 19 20 21 22 23 24 25 26 27 28 29 30 31 32 33 34 35 36 37 38 39 40 41 42 43 44 45 46 47 48 49 
33 0 3 5 7 8 9 10 11 12 14 16 19 20 21 22 23 25 26 27 28 30 31 32 33 37 40 41 42 44 46 47 48 49 
49 0 1 2 3 4 5 6 7 8 9 10 11 12 13 14 15 16 17 18 19 20 21 22 23 24 25 26 27 28 29 30 31 32 33 34 35 36 37 38 40 41 42 43 44 45 46 47 48 49 
31 0 3 5 7 8 9 10 11 16 19 20 21 22 23 24 26 27 28 30 32 33 34 37 40 41 42 44 46 47 48 49 
23 0 3 5 7 8 10 11 16 19 21 22 23 26 27 30 33 37 40 41 42 44 48 49 
41 0 3 4 5 6 7 8 9 10 11 12 14 16 18 19 20 21 22 23 24 26 27 28 30 31 32 33 34 35 36 37 39 40 41 42 44 45 46 47 48 49 
19 0 3 7 8 10 11 16 19 21 23 27 30 33 37 40 41 42 44 48 
8 0 7 8 11 23 27 42 44 
45 0 2 3 4 5 6 7 8 9 10 11 12 14 16 18 19 20 21 22 23 24 25 26 27 28 29 30 31 32 33 34 35 36 37 38 39 40 41 42 44 45 46 47 48 49 
45 0 2 3 4 5 6 7 8 9 10 11 12 14 16 18 19 20 21 22 23 24 25 26 27 28 29 30 31 32 33 34 35 36 37 38 39 40 41 42 44 45 46 47 48 49 
39 0 3 4 5 6 7 8 9 10 11 12 14 16 19 20 21 22 23 24 26 27 28 30 31 32 33 34 35 36 37 40 41 42 44 45 46 47 48 49 
37 0 3 5 7 8 9 10 11 12 14 16 19 20 21 22 23 24 25 26 27 28 30 31 32 33 34 36 37 40 41 42 44 45 46 47 48 49 
35 0 3 5 6 7 8 9 10 11 12 16 19 20 21 22 23 24 26 27 28 30 32 33 34 36 37 40 41 42 44 45 46 47 48 49 
