70 15 1e+07
1.77881 108928
1.85088 122630
2.89409 180953
1.6497 127700
2.03247 183480
2.67887 177922
1.51664 163085
2.37992 124563
2.18134 139688
1.98258 166323
1.88466 157640
1.94124 140113
2.41698 130494
2.50797 192541
1.47312 117789
2.88707 193635
2.14905 183754
1.89332 180541
1.89995 106765
2.8056 173828
1.64843 190277
1.12209 181680
2.32671 108234
1.70033 156048
1.61418 144805
2.39901 189541
1.45979 139784
1.31498 184947
1.33555 175804
1.94211 171320
1.30112 185151
1.41174 113968
1.15112 163189
1.55079 194872
2.8413 185463
1.40395 187200
1.61913 161533
2.12335 178070
2.02097 194666
1.61284 106815
1.70497 100753
2.11935 165382
2.00548 104924
2.03624 184374
1.26286 119540
1.0704 189120
2.51643 164730
1.94899 158439
1.86597 184098
2.20551 117880
1.26951 119197
1.03514 160992
1.51314 190630
2.05932 149501
2.24924 128591
1.29301 142483
1.76693 132456
1.60972 113368
1.43208 111747
2.21927 166768
2.85998 138214
2.10215 174224
2.58812 126514
1.31617 166523
1.75893 162320
1.28187 172881
2.14074 162591
1.8063 154483
2.2844 163585
2.35586 185149
0.877785 0.00154194 9
0.90633 0.0478616 5
0.87147 0.000628091 10
0.899706 0.0449506 5
0.947116 0.517281 2
0.890565 0.00882175 7
0.874762 0.000661416 10
0.87823 0.00155197 9
0.886086 0.00835968 7
0.88096 0.00356825 8
0.869964 0.000272572 11
0.911942 0.104822 4
0.850195 5.44436e-07 18
0.900217 0.0451545 5
0.901434 0.0456524 5
0.885324 7.87088e-05 13
0.981905 0.711406 2
0.92332 0.0593751 5
0.953171 0.310331 3
0.876594 5.88307e-06 16
0.978623 0.679021 2
0.856272 8.49619e-10 26
0.975815 0.65468 2
0.902588 0.00244023 9
0.98529 1 1
0.928184 0.064397 5
0.975205 0.649765 2
0.892468 0.000435299 11
0.946094 0.282892 3
0.955564 0.321609 3
0.88699 0.00387277 8
0.948499 0.520931 2
0.896896 0.0204606 6
0.931185 0.245316 3
0.924812 0.23465 3
0.932205 0.24726 3
0.871918 0.000281984 11
0.916532 0.108927 4
0.900306 0.0212855 6
0.922144 0.114925 4
0.897272 0.020547 6
0.954547 0.53935 2
0.870138 0.000273387 11
0.929199 0.241731 3
0.933685 0.250214 3
0.95368 0.536439 2
0.898711 0.0445628 5
0.923525 0.232768 3
0.929734 0.242673 3
0.956394 0.545896 2
0.878529 0.00346024 8
0.950433 0.526362 2
0.894206 0.0198711 6
0.955362 0.54218 2
0.878308 0.00345083 8
0.918274 0.225854 3
0.900174 0.045137 5
0.913911 0.106506 4
0.935692 0.493219 2
0.92885 0.241128 3
0.892091 0.00195324 9
0.989076 1 1
0.919651 0.0562098 5
0.955946 0.544266 2
0.898163 0.00463404 8
0.96736 0.596567 2
0.867169 4.45731e-06 16
0.955543 0.542821 2
0.908743 0.023807 6
0.961354 0.566053 2
0.9225 0.115348 4
0.992092 1 1
0.889048 0.000858185 10
0.950335 0.298358 3
0.959006 0.556012 2
0.944364 0.277316 3
0.905628 0.0053652 8
0.92096 0.0293303 6
0.932666 0.130266 4
0.963249 0.574884 2
0.885216 7.84701e-05 13
0.939415 0.144196 4
0.897697 0.00104466 10
0.949008 0.293223 3
0.88388 7.56244e-05 13
0.916413 0.0269366 6
0.907617 0.00560332 8
0.90777 0.00562246 8
0.937939 0.1408 4
0.93224 0.129511 4
0.890714 4.36277e-05 14
0.968543 0.603517 2
0.933058 0.0706191 5
0.957493 0.331568 3
0.872382 4.41383e-08 22
0.965407 0.382308 3
0.859561 3.7461e-11 30
0.99024 1 1
0.908046 0.00280074 9
0.978072 0.674017 2
0.938686 0.0797425 5
0.961967 0.358111 3
0.902559 0.000579998 11
0.950465 0.177989 4
0.959149 0.340806 3
0.939832 0.145193 4
0.932359 0.069642 5
0.938538 0.142153 4
0.959762 0.344391 3
0.941696 0.149888 4
0.91143 0.00612511 8
0.920276 0.0149378 7
0.924789 0.0317579 6
0.953162 0.31029 3
0.910828 0.0060365 8
0.935757 0.0746999 5
0.93371 0.0715589 5
0.916626 0.0137052 7
0.964023 0.372139 3
0.959822 0.344747 3
0.939591 0.144614 4
0.931442 0.0684049 5
0.985309 0.750116 2
0.975384 0.651197 2
0.892624 0.000206741 12
0.916721 0.0137345 7
0.903869 0.00251664 9
0.952981 0.309483 3
0.956931 0.328585 3
0.925216 0.0320557 6
0.987254 1 1
0.927929 0.0641068 5
0.9522 0.306068 3
0.977946 0.672891 2
0.972393 0.628659 2
0.872926 2.37147e-06 17
0.969853 0.611626 2
0.895461 0.000989461 10
0.931226 0.127769 4
0.895087 0.000980754 10
0.961104 0.564936 2
0.852116 1.34214e-10 28
0.932133 0.129324 4
0.888378 0.000393762 11
0.947654 0.288268 3
0.89792 0.00219642 9
0.976213 0.657964 2
0.865979 1.68742e-07 20
0.926442 0.0624769 5
0.9342 0.133094 4
0.930941 0.0366881 6
0.907179 0.0013572 10
0.911236 0.00306029 9
0.927786 0.0339809 6
0.973779 0.638754 2
0.886886 1.79745e-05 15
0.928087 0.0342216 6
0.894537 0.000104476 13
0.936359 0.0756802 5
0.883843 3.49983e-06 17
0.907348 0.0013642 10
0.910016 0.00295607 9
0.895937 0.000228336 12
0.932074 0.069251 5
0.927913 0.0340821 6
0.93373 0.489958 2
0.930239 0.243577 3
0.929401 0.242085 3
0.951997 0.531058 2
0.949387 0.523374 2
0.909278 0.102707 4
0.918116 0.225663 3
0.918685 0.226354 3
0.945501 0.513252 2
0.907207 0.101179 4
0.926702 0.237569 3
0.932431 0.48791 2
0.908122 0.101842 4
0.955544 0.542827 2
0.952445 0.532457 2
0.923384 0.0594353 5
0.907403 0.0113683 7
0.905473 0.0109863 7
0.924241 0.0602487 5
0.977848 0.672017 2
0.887351 0.00038445 11
0.921316 0.0575874 5
0.892235 0.000918925 10
0.929138 0.124397 4
0.883347 0.000161728 12
0.901925 0.00497374 8
0.910705 0.0245175 6
0.889217 0.000861214 10
0.927975 0.122638 4
0.924648 0.060645 5
0.965786 0.58783 2
0.899857 0.0211715 6
0.934001 0.250866 3
0.935363 0.253767 3
0.943923 0.50954 2
0.879968 0.0015925 9
0.954763 0.540094 2
0.899529 0.0210892 6
0.967777 1 1
0.881223 0.00162321 9
0.928276 0.24015 3
0.900562 0.0213512 6
0.925941 0.236371 3
0.941906 0.505095 2
0.934008 0.250881 3
0.957354 0.549492 2
0.912296 0.0251356 6
0.938045 0.141036 4
0.946041 0.282715 3
0.94565 0.281422 3
0.892013 0.000914423 10
0.941407 0.26864 3
0.909818 0.0118921 7
0.965678 0.587251 2
0.892712 0.000928723 10
0.933205 0.131239 4
0.913183 0.0254983 6
0.92412 0.0601314 5
0.952188 0.306017 3
0.945036 0.279435 3
0.995203 1 1
0.889274 0.000402221 11
0.950878 0.300539 3
0.932339 0.129686 4
0.910661 0.012088 7
0.871498 2.26539e-06 17
0.955797 0.32277 3
0.9005 0.00483883 8
0.984541 1 1
0.876574 1.29224e-05 15
0.943711 0.275309 3
0.888119 0.000391377 11
0.95639 0.325775 3
0.939233 0.143764 4
0.929844 0.125505 4
0.944349 0.27727 3
0.916636 0.0539375 5
0.996874 1 1
0.95956 0.558297 2
0.884891 0.000789919 10
0.903068 0.0105502 7
0.907069 0.0232422 6
0.941148 0.267929 3
0.95901 0.556029 2
0.912513 0.0512294 5
0.99358 1 1
0.912978 0.0515146 5
0.967207 0.59569 2
0.962836 0.5729 2
0.956583 0.546594 2
0.927113 0.0631996 5
0.921567 0.0296877 6
0.979547 0.68769 2
0.957719 0.332792 3
0.873158 2.38946e-06 17
0.91109 0.0121905 7
0.890537 0.00041473 11
0.952184 0.306002 3
0.941899 0.150421 4
0.922507 0.0302608 6
0.986617 1 1
0.916918 0.0271797 6
0.954977 0.318733 3
0.957936 0.333979 3
0.955309 0.320352 3
0.905338 0.00128443 10
0.951088 0.180438 4
0.914179 0.00656427 8
0.947505 0.167244 4
0.933239 0.0708773 5
0.931037 0.0367777 6
0.888352 1.89385e-05 15
0.925975 0.0326003 6
0.9191 0.014517 7
0.924538 0.0315851 6
0.913953 0.00652589 8
0.955565 0.321611 3
0.887763 1.85421e-05 15
0.946606 0.164257 4
0.949691 0.175037 4
0.880358 0.0035408 8
0.90132 0.0456048 5
0.871075 0.00140539 9
0.897823 0.0442259 5
0.953644 0.536319 2
0.88497 0.00825384 7
0.879314 0.00349432 8
0.874673 0.00147537 9
0.887698 0.0186259 6
0.875956 0.00335365 8
0.869184 0.00060678 10
0.906715 0.10083 4
0.850972 6.94569e-06 15
0.898848 0.0446155 5
0.899367 0.044817 5
0.925097 0.0319724 6
0.916744 0.00703077 8
0.976474 0.660136 2
0.952022 0.184246 4
0.868658 7.5849e-09 24
0.907009 0.00135015 10
0.888478 1.90248e-05 15
0.948346 0.170151 4
0.938993 0.0803122 5
0.918842 0.0144278 7
0.982657 0.719478 2
0.911989 0.00312795 9
0.956466 0.326163 3
0.95231 0.185457 4
0.949632 0.174818 4
0.894772 0.00205784 9
0.96258 0.57169 2
0.938876 0.142931 4
0.960193 0.560968 2
0.871903 5.09714e-06 16
0.958227 0.552883 2
0.862724 1.50488e-07 20
0.997529 1 1
0.912073 0.0250467 6
0.971225 0.620602 2
0.944803 0.278693 3
0.956191 0.545155 2
0.908573 0.0116154 7
0.953425 0.311474 3
0.961392 0.566224 2
0.938305 0.260572 3
0.933844 0.250541 3
0.982749 1 1
0.977859 1 1
0.893514 0.0042789 8
0.918953 0.111367 4
0.902944 0.0219928 6
0.954825 0.540305 2
0.955865 0.543972 2
0.927286 0.121633 4
0.98491 1 1
0.930345 0.243768 3
0.949751 0.524402 2
0.980116 1 1
0.974881 1 1
0.990961 1 1
0.881446 3.25577e-05 14
0.938028 0.140999 4
0.922752 0.0588532 5
0.916234 0.0268517 6
0.863164 2.9998e-08 22
0.969087 0.606832 2
0.889921 0.000191565 12
0.973672 0.637951 2
0.867268 1.76836e-07 20
0.931001 0.0678274 5
0.880837 3.19922e-05 14
0.944562 0.277934 3
0.929684 0.0661708 5
0.920497 0.0290638 6
0.929789 0.242769 3
0.941995 0.505285 2
0.934941 0.252853 3
0.962513 0.571372 2
0.937817 0.25939 3
0.920767 0.113338 4
0.909747 0.0496313 5
0.930319 0.243721 3
0.944043 0.509815 2
0.91906 0.11148 4
0.933294 0.249419 3
0.943823 0.509312 2
0.910313 0.0499455 5
0.964857 0.582931 2
0.963428 0.575751 2
0.959839 0.34485 3
0.880683 3.10276e-06 17
0.916667 0.0137178 7
0.914768 0.00666614 8
0.945076 0.159438 4
0.861068 2.07177e-10 28
0.970859 0.61816 2
0.879755 1.38052e-06 18
0.952735 0.308393 3
0.861904 4.87398e-10 27
0.910516 0.002998 9
0.881706 3.22375e-06 17
0.914858 0.00668201 8
0.921224 0.0152945 7
0.913413 0.00643599 8
0.944457 0.277604 3
0.908341 0.0115654 7
0.92293 0.0590155 5
0.935392 0.135421 4
0.961585 0.567093 2
0.887868 0.000389089 11
0.9377 0.140269 4
0.900386 0.00482831 8
0.950067 0.297298 3
0.886573 0.00037767 11
0.918507 0.0553161 5
0.910294 0.024364 6
0.908913 0.0116895 7
0.94061 0.266474 3
0.934999 0.134641 4
0.973189 1 1
0.908925 0.0491864 5
0.96937 1 1
0.953629 0.536271 2
0.910642 0.103767 4
0.891262 0.00889962 7
0.93653 0.256376 3
0.921339 0.229747 3
0.991527 1 1
0.896838 0.0204473 6
0.962577 0.571676 2
0.907309 0.0483475 5
0.959559 0.55829 2
0.960548 0.562497 2
0.950961 0.527916 2
0.95248 0.532568 2
0.923233 0.116237 4
0.986228 1 1
0.969201 1 1
0.899931 0.0211901 6
0.907044 0.0482143 5
0.916238 0.108645 4
0.940755 0.266864 3
0.970047 1 1
0.914305 0.106856 4
0.981579 1 1
0.92052 0.113062 4
0.958627 0.554478 2
0.974706 1 1
0.96613 0.58969 2
0.94063 0.147157 4
0.910533 0.00299948 9
0.921249 0.0153041 7
0.935701 0.0746099 5
0.963538 0.368718 3
0.890015 4.2596e-05 14
0.93371 0.0715589 5
0.901136 0.000554901 11
0.946941 0.165357 4
0.88824 1.88618e-05 15
0.917104 0.00710112 8
0.912718 0.00632364 8
0.906132 0.00131494 10
0.940583 0.14704 4
0.935503 0.074294 5
0.951854 0.530618 2
0.912797 0.105539 4
0.93304 0.488859 2
0.943784 0.509224 2
0.951171 0.528544 2
0.892334 0.0194886 6
0.938853 0.498941 2
0.907926 0.101699 4
0.959633 0.558601 2
0.892214 0.0194648 6
0.928495 0.24052 3
0.914109 0.106681 4
0.918386 0.225989 3
0.949498 0.523686 2
0.943079 0.50764 2
0.949087 0.29352 3
0.933315 0.131441 4
0.958767 0.555042 2
0.97359 0.637343 2
0.923681 0.0597132 5
0.9136 0.0256733 6
0.920729 0.057091 5
0.936259 0.137186 4
0.966261 0.590405 2
0.916488 0.0269722 6
0.955828 0.322922 3
0.932693 0.130314 4
0.934727 0.134109 4
0.980199 0.694007 2
0.972164 0.627048 2
0.884409 3.55544e-05 14
0.935978 0.136607 4
0.889329 0.000188494 12
0.922026 0.0299644 6
0.93212 0.0693145 5
0.920103 0.0288419 6
0.872739 4.81627e-07 19
0.90501 0.00258868 9
0.896366 0.000482874 11
0.909969 0.00591424 8
0.889104 0.000187351 12
0.941938 0.150524 4
0.864067 1.38181e-08 23
0.920877 0.0292818 6
0.924295 0.0314202 6
0.898271 0.00979353 7
0.937629 0.258939 3
0.901063 0.0102171 7
0.932469 0.247776 3
0.941824 0.269802 3
0.919167 0.0558267 5
0.886081 0.000808331 10
0.910766 0.0245404 6
0.910147 0.0243099 6
0.911184 0.0504416 5
0.900286 0.0100947 7
0.942792 0.272575 3
0.876483 0.000138382 12
0.932246 0.247339 3
0.934456 0.251819 3
0.924665 0.118049 4
0.919594 0.0561647 5
0.913565 0.0518813 5
0.935477 0.254018 3
0.96508 0.58409 2
0.899201 0.00992984 7
0.916603 0.0539144 5
0.903929 0.0107015 7
0.933308 0.131429 4
0.895294 0.00440742 8
0.910604 0.0244795 6
0.922818 0.115731 4
0.894466 0.00434656 8
0.938701 0.261549 3
0.936118 0.255442 3
0.96415 0.579327 2
0.919018 0.111435 4
0.961423 0.566364 2
0.96135 0.566035 2
0.922939 0.231937 3
0.899951 0.0211951 6
0.933673 0.25019 3
0.925438 0.235597 3
0.981309 1 1
0.9037 0.0466314 5
0.95627 0.545442 2
0.918205 0.11059 4
0.944344 0.510511 2
0.968547 1 1
0.959271 0.557098 2
0.92391 0.233322 3
0.902942 0.0462962 5
0.903422 0.0465075 5
0.920756 0.228977 3
0.981723 1 1
0.882953 0.00366268 8
0.924036 0.233505 3
0.888417 0.00859223 7
0.928534 0.240586 3
0.879107 0.00348527 8
0.899631 0.0449211 5
0.906177 0.0477869 5
0.888351 0.00858541 7
0.924732 0.234531 3
0.921042 0.229353 3
0.929367 0.124753 4
0.940248 0.265511 3
0.975364 1 1
0.979839 1 1
0.889061 0.00184767 9
0.926533 0.120566 4
0.894572 0.00435427 8
0.963946 0.578307 2
0.946879 0.285555 3
0.935657 0.254413 3
0.980002 1 1
0.936176 0.255573 3
0.942675 0.272235 3
0.978758 1 1
0.977487 1 1
0.945712 0.281627 3
0.921915 0.029897 6
0.995203 1 1
0.966064 0.58933 2
0.890498 0.000194642 12
0.907425 0.0055794 8
0.908831 0.00575956 8
0.944227 0.27689 3
0.961873 0.568403 2
0.916161 0.0268171 6
0.991992 1 1
0.918502 0.0279773 6
0.962038 0.569162 2
0.969752 0.610984 2
0.96302 0.573782 2
0.873433 1.1821e-05 15
0.978387 0.676863 2
0.899741 0.00477013 8
0.935072 0.134785 4
0.888942 0.000856306 10
0.971642 0.623434 2
0.850625 6.68361e-10 26
0.940609 0.26647 3
0.88946 0.000865596 10
0.958014 0.552047 2
0.902785 0.0105017 7
0.983816 1 1
0.869703 4.78324e-06 16
0.929594 0.125109 4
0.938063 0.259983 3
0.955802 0.543749 2
0.921555 0.114237 4
0.983565 1 1
0.9676 0.597946 2
0.902487 0.010451 7
0.904952 0.0225773 6
0.919608 0.0561758 5
0.937784 0.25931 3
0.973602 0.637429 2
0.911807 0.0508059 5
0.978261 1 1
0.919082 0.05576 5
0.958809 0.55521 2
0.973627 0.637619 2
0.964588 0.58155 2
0.949369 0.523325 2
0.909382 0.0494324 5
0.990834 1 1
0.952839 0.533705 2
0.884224 0.00372595 8
0.895591 0.0201684 6
0.911776 0.104684 4
0.933256 0.249342 3
0.9622 0.569911 2
0.904857 0.0471597 5
0.985344 1 1
0.905923 0.0476641 5
0.975223 1 1
0.956839 0.547546 2
0.949824 0.52461 2
0.969355 0.608491 2
0.890185 0.00188541 9
0.929042 0.124249 4
0.926417 0.120404 4
0.940703 0.266722 3
0.870582 2.44579e-05 14
0.965276 0.585117 2
0.891096 0.00411736 8
0.965235 0.584902 2
0.872157 5.6665e-05 13
0.922865 0.115788 4
0.890792 0.00409803 8
0.925466 0.119106 4
0.933085 0.248997 3
0.924891 0.118344 4
0.923602 0.116696 4
0.932526 0.247887 3
0.974972 1 1
0.966614 0.592355 2
0.877266 0.000140733 12
0.921819 0.114542 4
0.88779 0.00180686 9
0.962955 0.573468 2
0.939862 0.2645 3
0.933017 0.248861 3
0.982186 1 1
0.927748 0.122304 4
0.94559 0.281226 3
0.965284 0.58516 2
0.964567 0.58144 2
0.87169 0.000280852 11
0.90072 0.0213922 6
0.864838 4.85568e-05 13
0.892945 0.00909525 7
0.943195 0.507898 2
0.885639 0.00379941 8
0.86976 0.000271624 11
0.87212 0.000282988 11
0.879624 0.00158431 9
0.875652 0.000671025 10
0.863344 4.71379e-05 13
0.906418 0.0479045 5
0.843825 1.53314e-08 22
0.893394 0.0091492 7
0.894688 0.0199731 6
0.902222 0.0217927 6
0.953744 0.536651 2
0.948716 0.52152 2
0.964223 0.579694 2
0.872511 0.000284958 11
0.947292 0.517736 2
0.868929 0.000118853 12
0.99084 1 1
0.919394 0.111834 4
0.960034 0.560292 2
0.95504 0.541053 2
0.947757 0.518949 2
0.918696 0.111097 4
0.958253 0.552988 2
0.964563 0.581421 2
0.983306 1 1
0.900456 0.0452505 5
0.952752 0.53343 2
0.942447 0.506255 2
0.92186 0.230448 3
0.881788 0.00796967 7
0.951602 0.529847 2
0.90821 0.101907 4
0.99051 1 1
0.885779 0.0083302 7
0.946097 0.514712 2
0.899751 0.0449684 5
0.948352 0.520533 2
0.949538 0.5238 2
0.940224 0.501625 2
0.891611 0.00415056 8
0.917858 0.110237 4
0.886552 0.00384862 8
0.914888 0.107383 4
0.953501 0.535849 2
0.900396 0.0213085 6
0.88583 0.00174758 9
0.891552 0.00414677 8
0.900804 0.0214141 6
0.891966 0.00898011 7
0.884982 0.00172316 9
0.923115 0.116093 4
0.864734 2.13762e-05 14
0.915631 0.10807 4
0.916546 0.10894 4
0.93595 0.136549 4
0.925096 0.0610894 5
0.988457 1 1
0.965887 0.588375 2
0.883344 3.44274e-05 14
0.912283 0.0124859 7
0.899359 0.00108957 10
0.951349 0.302477 3
0.951831 0.304494 3
0.922236 0.0300927 6
0.995538 1 1
0.921041 0.0293772 6
0.957226 0.330142 3
0.967457 0.597121 2
0.963121 0.574264 2
0.902246 0.00242058 9
0.935632 0.135904 4
0.903391 0.00248759 9
0.933854 0.132441 4
0.945825 0.281997 3
0.916643 0.0270468 6
0.890486 0.000194576 12
0.910398 0.0120262 7
0.913816 0.0128891 7
0.909324 0.00582553 8
0.902322 0.00242491 9
0.940494 0.146816 4
0.879385 1.40538e-05 15
0.934106 0.132917 4
0.935681 0.136002 4
0.875437 2.57706e-06 17
0.898385 0.00106282 10
0.866398 3.41419e-08 22
0.893393 0.000445803 11
0.949395 0.294693 3
0.882605 1.55549e-05 15
0.874787 1.14508e-06 18
0.871043 4.52392e-07 19
0.882713 1.56095e-05 15
0.873192 1.08185e-06 18
0.864598 1.41301e-08 23
0.903897 0.00251839 9
0.846234 8.22121e-12 0
0.89426 0.000456076 11
0.894989 0.000465055 11
0.927447 0.121865 4
0.955097 0.54125 2
0.949032 0.293313 3
0.983765 1 1
0.916806 0.054059 5
0.934555 0.133776 4
0.900321 0.0101002 7
0.951331 0.302401 3
0.944669 0.278269 3
0.93607 0.255334 3
0.949325 0.294425 3
0.954555 0.539378 2
0.919741 0.0562821 5
0.983223 1 1
0.985344 1 1
0.934463 0.133598 4
0.938884 0.142949 4
0.938186 0.141352 4
0.963458 0.5759 2
0.938023 0.140988 4
0.917777 0.0276055 6
0.913866 0.0129028 7
0.92966 0.0661409 5
0.948723 0.292159 3
0.916813 0.0271287 6
0.936139 0.136938 4
0.940334 0.146422 4
0.914276 0.0130156 7
0.96669 0.592777 2
0.963975 0.578454 2
0.961462 0.354856 3
0.917375 0.0274042 6
0.949783 0.296187 3
0.955409 0.320842 3
0.934306 0.133297 4
0.897479 0.00103902 10
0.937502 0.139834 4
0.918821 0.0281447 6
0.974373 0.643257 2
0.899583 0.00109589 10
0.944915 0.15895 4
0.91746 0.0274465 6
0.934008 0.132731 4
0.962106 0.569474 2
0.95396 0.313921 3
0.911737 0.050765 5
0.9467 0.516221 2
0.959724 0.558982 2
0.969309 0.608204 2
0.876209 0.000304899 11
0.937619 0.258917 3
0.877496 0.000312459 11
0.979875 1 1
0.928817 0.24107 3
0.94939 0.523384 2
0.966201 0.590076 2
0.941286 0.268309 3
0.929413 0.242105 3
0.964635 0.581791 2
0.968679 0.604338 2
0.950119 0.525455 2
0.870843 0.000622106 10
0.905292 0.0998487 4
0.903433 0.0465126 5
0.945349 0.512885 2
0.85134 3.01546e-06 16
0.97243 1 1
0.868813 0.000603447 10
0.94118 0.503571 2
0.851692 3.03953e-06 16
0.89914 0.0447285 5
0.872138 0.000634584 10
0.905113 0.0997278 4
0.909742 0.103063 4
0.902173 0.0459642 5
0.91138 0.0505557 5
0.954293 0.538486 2
0.956404 0.545934 2
0.974455 0.643888 2
0.881223 0.000336478 11
0.943713 0.275318 3
0.878123 0.000143389 12
0.983643 1 1
0.928877 0.123994 4
0.954325 0.538597 2
0.962092 0.56941 2
0.949005 0.522315 2
0.925012 0.118503 4
0.968632 0.604051 2
0.974503 0.64426 2
0.877383 2.75537e-06 17
0.98993 1 1
0.909379 0.005833 8
0.943054 0.153555 4
0.88175 1.51325e-05 15
0.985598 0.753671 2
0.851518 1.07102e-11 0
0.956133 0.324463 3
0.894138 0.00045461 11
0.97477 0.646335 2
0.913302 0.012751 7
0.988431 1 1
0.878754 6.30971e-06 16
0.936646 0.137997 4
0.945923 0.162063 4
0.973564 0.637148 2
0.892414 0.00196528 9
0.966218 0.590171 2
0.937011 0.257485 3
0.893792 0.00429837 8
0.876478 6.26021e-05 13
0.936009 0.255197 3
0.910205 0.0243313 6
0.977059 1 1
0.883753 0.000354856 11
0.959087 0.556343 2
0.890131 0.00188356 9
0.977798 1 1
0.943084 0.273433 3
0.934116 0.251107 3
0.868666 3.41587e-09 25
0.979496 0.687202 2
0.899163 0.000253218 12
0.932891 0.070383 5
0.878237 5.97466e-07 19
0.983849 0.732825 2
0.844063 7.40652e-12 0
0.945914 0.162038 4
0.885089 7.87473e-06 16
0.968485 0.407256 3
0.902972 0.000587645 11
0.981038 0.70241 2
0.868889 7.66859e-09 24
0.926727 0.0331595 6
0.935779 0.0747348 5
0.933309 0.13143 4
0.943826 0.275659 3
0.971866 0.624975 2
0.988873 1 1
0.8983 0.00464548 8
0.927757 0.122317 4
0.899818 0.00477704 8
0.960508 0.562323 2
0.951426 0.302796 3
0.934928 0.134501 4
0.974009 0.640484 2
0.940575 0.266379 3
0.939492 0.263545 3
0.989147 1 1
0.985932 1 1
0.895785 0.00210042 9
0.935506 0.13565 4
0.898015 0.00220088 9
0.929322 0.124682 4
0.941998 0.270294 3
0.917469 0.027451 6
0.884336 0.000165676 12
0.908053 0.0115041 7
0.907402 0.0113681 7
0.909115 0.011734 7
0.897226 0.00216426 9
0.940816 0.267026 3
0.873612 5.36366e-06 16
0.929076 0.124302 4
0.931316 0.127921 4
0.980593 0.697914 2
0.895897 0.00210527 9
0.942437 0.271546 3
0.935605 0.135849 4
0.929773 0.125393 4
0.876739 2.85746e-05 14
0.959343 0.557397 2
0.900657 0.00485329 8
0.979619 0.688381 2
0.879687 6.77385e-05 13
0.935971 0.136592 4
0.895767 0.00209967 9
0.938909 0.143007 4
0.942583 0.271968 3
0.933685 0.132124 4
0.98262 1 1
0.889725 0.000870416 10
0.95917 0.556682 2
0.933973 0.132665 4
0.89974 0.00477005 8
0.873018 1.16867e-05 15
0.944819 0.278744 3
0.904966 0.0108908 7
0.981113 1 1
0.879438 6.73149e-05 13
0.951925 0.304895 3
0.887892 0.000389304 11
0.969361 0.60853 2
0.940468 0.266094 3
0.931211 0.127743 4
0.955163 0.54148 2
0.898721 0.00468115 8
0.924676 0.118063 4
0.930305 0.126247 4
0.954903 0.540575 2
0.878563 6.58589e-05 13
0.951282 0.302199 3
0.894711 0.00205534 9
0.95678 0.547328 2
0.878518 6.57864e-05 13
0.919363 0.0559808 5
0.900095 0.00480185 8
0.915293 0.0530083 5
0.936341 0.255945 3
0.929365 0.124749 4
0.944147 0.156669 4
0.891375 4.464e-05 14
0.911818 0.00311237 9
0.919269 0.0145762 7
0.965884 0.385961 3
0.871283 1.90159e-08 23
0.949138 0.172991 4
0.884404 7.67861e-06 16
0.94375 0.15552 4
0.870074 1.79806e-08 23
0.906655 0.00133575 10
0.893363 0.00010048 13
0.903063 0.000589342 11
0.924875 0.0318174 6
0.918615 0.0143505 7
0.91617 0.0536096 5
0.879792 0.000326862 11
0.886257 0.00176014 9
0.898879 0.00988211 7
0.987011 1 1
0.860363 1.63738e-06 17
0.928204 0.122978 4
0.866367 9.82708e-06 15
0.915716 0.0532958 5
0.856566 2.81497e-07 19
0.88174 0.000744931 10
0.883024 0.000762636 10
0.876081 0.000137201 12
0.903378 0.0221153 6
0.898868 0.00988052 7
0.884505 0.000166369 12
0.959503 0.558058 2
0.899709 0.00476726 8
0.935296 0.135229 4
0.914513 0.0260672 6
0.943988 0.276154 3
0.866644 8.69629e-07 18
0.925296 0.0612906 5
0.898923 0.00469849 8
0.933296 0.131407 4
0.900863 0.00487243 8
0.965874 0.5883 2
0.871577 5.04865e-06 16
0.932181 0.129409 4
0.938054 0.259961 3
0.89527 0.000223696 12
0.983023 0.7235 2
0.931594 0.0686061 5
0.963825 0.370731 3
0.885825 8.09382e-06 16
0.969486 0.60931 2
0.866279 3.03913e-09 25
0.976935 0.664049 2
0.912689 0.00631907 8
0.973834 0.639162 2
0.935909 0.0749443 5
0.977012 0.664703 2
0.900246 0.000540102 11
0.956752 0.327647 3
0.966399 0.389988 3
0.963819 0.577674 2
0.919571 0.112024 4
0.964468 0.580937 2
0.962808 0.572769 2
0.920069 0.112565 4
0.900766 0.0214041 6
0.932057 0.246973 3
0.927284 0.238507 3
0.981783 1 1
0.904935 0.0471959 5
0.959276 0.557117 2
0.918526 0.110921 4
0.946721 0.516275 2
0.970052 1 1
0.960571 0.562598 2
48 0 1 2 3 4 5 7 9 10 11 12 13 14 18 19 23 24 25 26 29 30 31 32 33 34 35 36 39 42 44 46 47 49 50 51 52 53 55 57 59 61 62 64 65 66 67 68 69 
14 0 2 9 19 32 33 39 44 47 50 57 59 61 67 
62 0 1 2 3 4 5 6 7 8 9 10 11 12 13 14 15 18 19 21 22 23 24 25 26 27 28 29 30 31 32 33 34 35 36 37 38 39 40 42 44 46 47 49 50 51 52 53 55 56 57 58 59 60 61 62 63 64 65 66 67 68 69 
46 0 1 2 3 4 5 7 9 10 11 12 13 14 18 19 24 25 26 29 30 31 32 33 34 35 36 39 42 44 47 49 50 51 52 53 55 57 59 61 62 64 65 66 67 68 69 
14 0 2 9 19 32 33 39 44 47 49 50 59 61 67 
36 0 2 3 4 5 7 9 10 11 12 14 18 19 24 25 26 29 30 32 33 34 36 39 44 47 49 50 52 55 57 59 61 64 65 66 67 
66 0 1 2 3 4 5 6 7 8 9 10 11 12 13 14 15 16 17 18 19 20 21 22 23 24 25 26 27 28 29 30 31 32 33 34 35 36 37 38 39 40 41 42 43 44 45 46 47 48 49 50 51 52 53 54 55 56 60 61 62 64 65 66 67 68 69 
25 0 1 2 4 6 9 12 18 19 21 24 32 33 34 36 39 44 47 49 50 57 59 61 67 68 
47 0 2 3 4 5 7 9 10 11 12 13 14 18 19 23 24 25 26 29 30 31 32 33 34 35 36 39 42 44 46 47 49 50 51 52 53 55 57 59 61 62 64 65 66 67 68 69 
16 0 2 4 9 19 32 33 39 44 47 49 50 57 59 61 67 
65 0 1 2 3 4 5 6 7 8 9 10 11 12 13 14 15 18 19 21 22 23 24 25 26 27 28 29 30 31 32 33 34 35 36 37 38 39 40 42 44 45 46 47 48 49 50 51 52 53 54 55 56 57 58 59 60 61 62 63 64 65 66 67 68 69 
17 0 2 9 12 18 19 32 33 39 44 47 49 50 59 61 66 67 
64 0 1 2 3 4 5 6 7 8 9 10 11 12 13 14 15 16 18 19 21 22 23 24 25 26 27 28 29 30 31 32 33 34 35 36 37 38 39 40 41 42 44 46 47 48 49 51 52 53 55 56 57 58 59 60 61 62 63 64 65 66 67 68 69 
39 0 1 2 3 4 5 6 7 9 10 11 12 18 19 21 24 26 29 30 32 33 34 36 39 44 45 47 49 50 51 52 56 57 59 61 65 66 67 68 
46 0 2 3 4 5 7 9 10 11 12 13 14 18 19 23 24 25 26 29 30 31 32 33 34 35 36 39 42 44 46 47 49 50 51 52 53 55 57 59 61 62 64 65 66 67 69 
