40 15 1e+07
2.53647 129669
1.11179 102515
2.62225 198885
2.00566 165008
1.00923 171045
1.61776 185690
1.66851 155428
1.607 148579
1.27852 151823
2.92438 173002
1.15923 127507
1.27022 181769
2.64633 137434
2.42203 182518
1.93623 176232
2.28386 144401
2.03942 138918
2.43416 167078
2.00919 109868
1.55546 142649
1.23747 105712
2.47856 109736
1.90072 137444
1.02417 108920
2.69597 101269
1.84089 185325
2.39184 152004
2.30431 116052
2.25299 126652
1.03154 136963
2.09462 186309
1.97426 194932
1.25781 128274
1.57165 154773
1.92486 106583
2.74004 193545
2.01253 133309
1.17376 144667
1.16385 170655
1.00318 145049
0.901655 0.0103127 7
0.905359 0.0227009 6
0.935348 0.253736 3
0.914577 0.0525325 5
0.979411 1 1
0.975378 0.651147 2
0.947159 0.286524 3
0.881029 0.000335149 11
0.944585 0.278005 3
0.966562 0.592067 2
0.881811 0.000340593 11
0.942298 0.271148 3
0.936343 0.25595 3
0.900251 0.0100893 7
0.925166 0.118707 4
0.933712 0.0715625 5
0.964138 0.372961 3
0.946607 0.164259 4
0.866489 1.53221e-08 23
0.93384 0.0717494 5
0.942588 0.152271 4
0.976474 0.660136 2
0.881683 6.96831e-06 16
0.94297 0.153322 4
0.936843 0.0764894 5
0.876607 1.22399e-06 18
0.885472 1.71142e-05 15
0.918886 0.014443 7
0.895638 0.000473304 11
0.889823 8.98068e-05 13
0.903493 0.0221483 6
0.882699 0.000758078 10
0.925319 0.118909 4
0.982007 1 1
0.906132 0.0229412 6
0.905502 0.022745 6
0.897457 0.00967813 7
0.924592 0.117955 4
0.932946 0.24872 3
0.894504 0.00434933 8
0.931269 0.245474 3
0.973293 0.635146 2
0.954676 0.539792 2
0.940646 0.26657 3
0.985614 1 1
0.955113 0.541306 2
0.972177 0.62714 2
0.971336 0.621349 2
0.885378 0.000797344 10
0.933507 0.131794 4
0.941851 0.269879 3
0.973175 0.634285 2
0.90492 0.0108822 7
0.965763 0.587705 2
0.931795 0.128739 4
0.899909 0.0100366 7
0.90181 0.0103381 7
0.941669 0.269368 3
0.919487 0.0560797 5
0.91092 0.0245986 6
0.906602 0.0230907 6
0.907546 0.0484674 5
0.940604 0.266458 3
0.921682 0.114383 4
0.971887 1 1
0.969659 0.610394 2
0.946339 0.515314 2
0.888309 0.00394761 8
0.950386 0.526225 2
0.959247 0.557001 2
0.889312 0.00400681 8
0.949057 0.522458 2
0.944042 0.27632 3
0.907722 0.0485575 5
0.933261 0.249351 3
0.898298 0.000509993 11
0.879269 2.94637e-06 17
0.921849 0.029857 6
0.984692 0.742681 2
0.908781 0.0057529 8
0.907467 0.00275785 9
0.8969 0.00049011 11
0.917042 0.0138351 7
0.930112 0.0666989 5
0.896966 0.000491025 11
0.923589 0.0309507 6
0.980257 0.694577 2
0.950206 0.297844 3
0.93328 0.0709362 5
0.978408 0.677058 2
0.931336 0.2456 3
0.923662 0.232964 3
0.965141 1 1
0.931752 0.246388 3
0.948434 0.520755 2
0.951115 0.528377 2
0.947787 0.519028 2
0.915576 0.108018 4
0.975943 1 1
0.938 0.497336 2
0.915921 0.108343 4
0.951786 0.53041 2
0.972995 1 1
0.935487 0.25404 3
0.953285 0.535144 2
0.932799 0.248426 3
0.92737 0.121755 4
0.967396 0.596771 2
0.926675 0.120764 4
0.951688 0.530109 2
0.955053 0.541097 2
0.953003 0.534233 2
0.913193 0.0516477 5
0.97809 1 1
0.941733 0.269549 3
0.913005 0.0515309 5
0.947116 0.286373 3
0.96996 0.612306 2
0.932879 0.248586 3
0.948251 0.520262 2
0.935937 0.255035 3
0.900367 0.0452147 5
0.925634 0.235897 3
0.911961 0.104837 4
0.866945 0.00011451 12
0.870918 0.000277096 11
0.883471 0.00368813 8
0.997141 1 1
0.922894 0.231873 3
0.858674 1.8791e-05 14
0.989623 1 1
0.90173 0.0457764 5
0.938568 0.4984 2
0.976201 1 1
0.935076 0.253144 3
0.927095 0.0334398 6
0.959829 0.344791 3
0.938163 0.141302 4
0.858967 1.8625e-10 28
0.929686 0.0661733 5
0.938234 0.141462 4
0.969998 0.61255 2
0.874356 5.12089e-07 19
0.934496 0.07273 5
0.934087 0.0721149 5
0.869125 3.82681e-08 22
0.878214 1.3005e-06 18
0.910624 0.00600699 8
0.887872 3.96614e-05 14
0.881888 7.01824e-06 16
0.971336 0.621349 2
0.946805 0.2853 3
0.936236 0.137139 4
0.868117 9.11661e-07 18
0.872365 5.16705e-06 16
0.879375 3.06993e-05 14
0.906135 0.011114 7
0.93427 0.133228 4
0.926446 0.0624811 5
0.868716 9.29609e-07 18
0.92429 0.0602952 5
0.870953 2.2268e-06 17
0.920603 0.0569867 5
0.933294 0.131403 4
0.896077 0.00211304 9
0.968044 0.600544 2
0.989131 1 1
0.964264 0.579902 2
0.876413 1.28621e-05 15
0.91428 0.0259653 6
0.922452 0.0585828 5
0.954109 0.314615 3
0.910293 0.0120015 7
0.954923 0.318471 3
0.912797 0.0126181 7
0.903592 0.00514215 8
0.889352 0.000402976 11
0.934588 0.13384 4
0.921511 0.0577549 5
0.903549 0.00513765 8
0.959925 0.345361 3
0.926647 0.0330992 6
0.957716 0.332776 3
0.919452 0.0146405 7
0.895657 0.000108534 13
0.900296 0.000540913 11
0.914092 0.00654944 8
0.969192 0.607481 2
0.954699 0.317399 3
0.887689 1.8493e-05 15
0.964831 0.378002 3
0.918673 0.0143702 7
0.966694 0.392335 3
0.985028 0.746705 2
0.948583 0.170993 4
0.958569 0.337494 3
0.922352 0.0301644 6
0.934582 0.133827 4
0.890775 0.000196148 12
0.869349 1.91114e-07 20
0.874895 2.53047e-06 17
0.894524 0.0004593 11
0.969122 0.607049 2
0.927902 0.0640765 5
0.863007 1.32225e-08 23
0.958405 0.336575 3
0.887197 8.30353e-05 13
0.933735 0.132218 4
0.961392 0.566224 2
0.917538 0.0274853 6
0.887487 8.37414e-05 13
0.91019 0.0119777 7
0.912518 0.0125459 7
0.861313 5.45549e-09 24
0.960102 0.346425 3
0.963266 0.574964 2
0.954227 0.315167 3
0.847674 8.82252e-12 0
0.915833 0.0134641 7
0.972419 0.628846 2
0.845432 7.90817e-12 0
0.886643 8.17158e-05 13
0.896344 0.00101059 10
0.864539 3.16711e-08 22
0.875914 2.6191e-06 17
0.954879 0.318262 3
0.982687 0.71981 2
0.938738 0.14261 4
0.853782 2.76081e-11 30
0.89342 0.000446124 11
0.901719 0.00239087 9
0.93475 0.134154 4
0.896427 0.00101261 10
0.929281 0.0656822 5
0.893861 0.000451306 11
0.888417 8.60712e-05 13
0.865456 3.28592e-08 22
0.910693 0.00601687 8
0.903693 0.00250588 9
0.880743 1.4658e-05 15
0.95002 0.525168 2
0.915468 0.222598 3
0.94495 0.511933 2
0.920232 0.228297 3
0.885169 0.00827242 7
0.88937 0.0189241 6
0.901929 0.0458604 5
0.981879 1 1
0.942517 0.506408 2
0.876873 0.0033908 8
0.977814 1 1
0.915025 0.107509 4
0.957634 0.550567 2
0.993188 1 1
0.947436 0.518109 2
0.904684 0.0108385 7
0.895009 0.00206765 9
0.935871 0.136389 4
0.951499 0.303101 3
0.941523 0.268964 3
0.939488 0.263534 3
0.923222 0.0592848 5
0.903036 0.0105446 7
0.946194 0.283226 3
0.929215 0.124516 4
0.906457 0.0111773 7
0.979215 0.684539 2
0.954656 0.539726 2
0.922269 0.0584197 5
0.958724 0.554868 2
0.900478 0.000543891 11
0.917326 0.0139255 7
0.929426 0.0353369 6
0.881936 3.25191e-06 17
0.980975 0.701765 2
0.986259 0.761964 2
0.965778 0.385142 3
0.864943 1.27315e-09 26
0.934453 0.0726648 5
0.989178 1 1
0.863368 5.24603e-10 27
0.907648 0.00277111 9
0.916337 0.00695257 8
0.882744 3.35374e-06 17
0.896726 0.00023404 12
0.947577 0.518477 2
0.914055 0.106633 4
0.919891 0.22786 3
0.876788 0.00151993 9
0.855254 7.60432e-06 15
0.860979 4.5026e-05 13
0.88198 0.00361584 8
0.958237 0.552924 2
0.912681 0.105441 4
0.84945 1.2421e-06 17
0.947842 0.519173 2
0.872083 0.000634048 10
0.917505 0.224933 3
0.946041 0.514573 2
0.902411 0.0460661 5
0.93725 0.258044 3
0.957967 0.551862 2
0.91591 0.0534294 5
0.833983 4.68372e-12 0
0.871959 5.64166e-05 13
0.880127 0.000329069 11
0.912676 0.051329 5
0.883003 0.000762332 10
0.906395 0.0230247 6
0.87322 5.80335e-05 13
0.874255 5.94213e-05 13
0.844236 2.21872e-10 27
0.889469 0.00186116 9
0.887065 0.00178443 9
0.860698 7.25938e-07 18
0.917193 0.0543375 5
0.898412 0.00465495 8
0.941915 0.27006 3
0.964644 0.581835 2
0.919798 0.0563279 5
0.92012 0.056589 5
0.914054 0.0521925 5
0.928148 0.122895 4
0.950134 0.297562 3
0.908341 0.023668 6
0.932661 0.130256 4
0.972095 0.626567 2
0.970702 0.617121 2
0.946969 0.285866 3
0.986774 1 1
0.956353 0.325581 3
0.922319 0.0301437 6
0.92786 0.0640292 5
0.879836 1.425e-05 15
0.862553 1.29777e-08 23
0.868456 1.84794e-07 20
0.890057 0.00019228 12
0.95846 0.336884 3
0.920277 0.0289392 6
0.856904 8.73687e-10 26
0.947808 0.288818 3
0.876754 5.91327e-06 16
0.923685 0.0597176 5
0.949579 0.295397 3
0.906398 0.00545479 8
0.896511 0.00023246 12
0.879999 3.02559e-06 17
0.922423 0.0157698 7
0.977985 0.673236 2
0.916011 0.0068913 8
0.914112 0.00655286 8
0.90106 0.000553598 11
0.910366 0.00298539 9
0.93142 0.0683754 5
0.904026 0.0012366 10
0.916274 0.0135972 7
0.990008 1 1
0.949023 0.172573 4
0.927469 0.0337305 6
0.972138 0.62687 2
0.907514 0.0113912 7
0.892251 0.000919238 10
0.935083 0.134807 4
0.966175 0.589934 2
0.926021 0.0620344 5
0.924973 0.0609663 5
0.913638 0.0256895 6
0.915175 0.0263623 6
0.944443 0.277563 3
0.914058 0.0258688 6
0.919774 0.0563092 5
0.984806 1 1
0.960566 0.562578 2
0.933778 0.132298 4
0.975077 0.64875 2
0.908506 0.011601 7
0.903875 0.00517203 8
0.941884 0.150382 4
0.935968 0.136586 4
0.956981 0.328848 3
0.955226 0.319946 3
0.936901 0.138538 4
0.89753 0.0021782 9
0.952377 0.306833 3
0.944545 0.277881 3
0.899515 0.00227407 9
0.963241 0.574844 2
0.952824 0.308785 3
0.917128 0.0272826 6
0.946928 0.285722 3
0.902718 0.0050524 8
0.883582 7.50134e-05 13
0.926369 0.0623999 5
0.980435 0.696345 2
0.911175 0.0122112 7
0.91022 0.0119846 7
0.900651 0.00233287 9
0.920262 0.0289312 6
0.934588 0.13384 4
0.899406 0.00226861 9
0.926464 0.0625001 5
0.979496 0.687202 2
0.954923 0.318471 3
0.937046 0.138848 4
0.982464 1 1
0.89073 0.000889222 10
0.880162 6.85603e-05 13
0.920666 0.0570388 5
0.95814 0.552541 2
0.931642 0.128476 4
0.928112 0.122841 4
0.908831 0.0116715 7
0.894703 0.000971961 10
0.930726 0.126936 4
0.919478 0.0560724 5
0.899362 0.0022664 9
0.987707 1 1
0.941494 0.268881 3
0.912923 0.0253906 6
0.95413 0.314713 3
0.951769 0.304234 3
0.957886 0.333703 3
0.980601 0.697994 2
0.899066 0.00108139 10
0.942743 0.152694 4
0.950353 0.298429 3
0.973322 0.635358 2
0.910282 0.00595813 8
0.979355 0.685857 2
0.938493 0.14205 4
0.906593 0.00269535 9
0.916426 0.0136434 7
0.954321 0.315609 3
0.92696 0.0630328 5
0.92411 0.0312959 6
0.966873 0.393771 3
0.951253 0.181102 4
0.99347 1 1
0.91111 0.0030493 9
0.924472 0.0315403 6
0.930555 0.0363349 6
0.94822 0.169709 4
0.934378 0.072552 5
0.985928 0.757782 2
0.917906 0.0141136 7
0.93044 0.0362303 6
0.922206 0.0156816 7
0.971781 0.624388 2
0.951193 0.180857 4
0.939547 0.0813614 5
0.931556 0.128329 4
0.912105 0.0124408 7
0.956152 0.32456 3
0.950423 0.298709 3
0.922795 0.0588926 5
0.924711 0.0607071 5
0.924025 0.0600405 5
0.936057 0.13677 4
0.963645 0.576816 2
0.912127 0.0124463 7
0.938618 0.142334 4
0.958676 0.554675 2
0.986012 1 1
0.956251 0.325065 3
0.978644 0.679221 2
0.900796 0.021412 6
0.899714 0.0211354 6
0.934448 0.251802 3
0.927453 0.238784 3
0.965399 0.585764 2
0.961654 0.567407 2
0.93728 0.258113 3
0.886884 0.00386692 8
0.944567 0.51103 2
0.952749 0.53342 2
0.888679 0.00396926 8
0.955875 0.544009 2
0.941929 0.505144 2
0.906276 0.0478349 5
0.935821 0.254776 3
0.927433 0.238751 3
0.907618 0.101475 4
0.951441 0.529357 2
0.955116 0.541319 2
0.920685 0.228885 3
0.922151 0.230844 3
0.92007 0.228089 3
0.93526 0.253543 3
0.958972 0.555872 2
0.909774 0.103087 4
0.938581 0.498425 2
0.9621 0.569447 2
0.981362 1 1
0.955056 0.54111 2
0.983173 1 1
0.922615 0.115486 4
0.903012 0.0105405 7
0.94667 0.284838 3
0.959991 0.560109 2
0.919597 0.0561668 5
0.920539 0.113084 4
0.916689 0.0539751 5
0.932677 0.248184 3
0.954456 0.53904 2
0.908421 0.0236956 6
0.936679 0.256716 3
0.966464 0.591521 2
0.97623 1 1
0.95197 0.530975 2
0.986595 1 1
0.974516 0.644359 2
0.942966 0.15331 4
0.971557 0.622853 2
0.910324 0.00596409 8
0.904475 0.00125262 10
0.910102 0.00593283 8
0.927898 0.0340698 6
0.954061 0.314393 3
0.965411 0.382341 3
0.897623 0.000500228 11
0.948408 0.170372 4
0.914676 0.0066501 8
0.966708 0.592879 2
0.967878 0.599565 2
0.939908 0.145378 4
0.919891 0.0287236 6
0.937181 0.139138 4
0.947577 0.167489 4
0.886081 3.74477e-05 14
0.967831 0.599291 2
0.976929 0.663992 2
0.986676 1 1
0.880212 6.62503e-06 16
0.950818 0.300297 3
0.968967 0.606094 2
0.877648 2.7811e-06 17
0.909367 0.00583131 8
0.929378 0.0657996 5
0.897508 0.000498585 11
0.90517 0.00259914 9
0.916727 0.109116 4
0.940663 0.266615 3
0.939296 0.263045 3
0.87215 0.00028314 11
0.955797 0.543729 2
0.964235 0.579758 2
0.984116 1 1
0.871943 0.000126022 12
0.940191 0.265362 3
0.961058 0.564736 2
0.868511 5.23638e-05 13
0.894716 0.00931318 7
0.917434 0.109811 4
0.888095 0.00393524 8
0.891901 0.00897258 7
0.956514 0.326412 3
0.95153 0.303228 3
0.991805 1 1
0.909539 0.0118288 7
0.937236 0.139257 4
0.943674 0.275198 3
0.960576 0.562621 2
0.921889 0.0298813 6
0.992333 1 1
0.930944 0.0677536 5
0.918688 0.0280748 6
0.924747 0.0607427 5
0.967305 0.59625 2
0.939427 0.144224 4
0.935984 0.13662 4
0.979375 1 1
0.973045 0.633338 2
0.977072 1 1
0.889715 0.00186944 9
0.915056 0.0528492 5
0.922529 0.115382 4
0.949604 0.523986 2
0.925015 0.118507 4
0.966406 0.591202 2
0.91136 0.0505438 5
0.918643 0.0554201 5
0.900785 0.0101729 7
0.949025 0.52237 2
0.937226 0.257987 3
0.917802 0.0547844 5
0.93698 0.0767219 5
0.96036 0.347983 3
0.956447 0.326068 3
0.878388 6.01168e-07 19
0.944273 0.157038 4
0.953148 0.310226 3
0.988457 0.791284 2
0.888746 1.92108e-05 15
0.954469 0.316304 3
0.94535 0.160278 4
0.884417 3.5799e-06 17
0.897998 0.000243737 12
0.930133 0.0359555 6
0.90406 0.0012378 10
0.90143 0.000559927 11
6 10 13 15 19 20 22 
7 8 10 13 15 19 20 22 
16 1 3 8 9 10 11 12 13 15 19 20 22 29 34 38 39 
39 0 1 2 3 4 5 6 7 8 9 10 11 12 13 14 15 16 17 18 19 21 22 23 24 25 26 27 28 29 30 31 32 33 34 35 36 37 38 39 
24 1 3 7 8 9 10 11 12 13 14 15 16 18 19 20 22 28 29 34 35 36 37 38 39 
23 1 3 8 9 10 11 12 13 14 15 16 18 19 20 22 28 29 34 35 36 37 38 39 
14 1 3 9 10 11 13 15 19 20 22 34 36 38 39 
13 1 3 9 10 11 13 15 19 20 22 34 38 39 
21 1 3 8 9 10 11 12 13 15 16 19 20 22 28 29 34 35 36 37 38 39 
20 1 3 9 10 11 13 14 15 18 19 20 22 28 29 34 35 36 37 38 39 
22 1 3 8 9 10 11 12 13 15 16 18 19 20 22 28 29 34 35 36 37 38 39 
36 0 1 3 4 6 7 8 9 10 11 12 13 14 15 16 17 18 19 20 21 22 24 25 27 28 29 30 31 32 33 34 35 36 37 38 39 
23 1 3 8 9 10 11 12 13 14 15 16 18 19 20 22 28 29 34 35 36 37 38 39 
23 1 3 8 9 10 11 12 13 14 15 16 18 19 20 22 28 29 34 35 36 37 38 39 
35 0 1 3 4 6 7 8 9 10 11 12 13 14 15 16 17 18 19 20 21 22 24 25 28 29 30 31 32 33 34 35 36 37 38 39 
