70 15 1e+07
1.25092 135510
2.75821 163429
2.51914 118589
1.97347 181981
1.15035 188069
1.41559 170136
1.68999 179614
1.01053 114603
1.22082 130248
1.2017 100840
2.15541 134960
2.52993 127793
2.35715 187679
1.0403 150273
1.25583 149669
1.17883 106885
2.82515 137433
1.48292 132622
1.40956 191502
2.11223 126836
1.8526 104905
1.55185 123917
1.80437 151651
2.1612 180861
2.0225 190204
1.79861 102287
2.55237 117698
1.76698 175159
1.21449 151413
2.41364 158038
2.53391 114523
2.02139 124269
1.98905 156281
2.41127 127102
1.79358 169869
2.66437 112489
1.26574 121863
2.68681 176303
2.9939 165857
1.84863 176113
2.30372 188194
2.80694 190456
2.94573 166415
1.61241 155089
1.16393 115603
1.39367 117293
2.59356 130040
2.18812 146716
1.81018 102107
1.62909 182942
1.16696 159307
1.32254 179986
2.57739 110228
1.11045 188537
1.0575 175116
1.00457 195154
2.16698 130366
1.67444 134515
2.34834 180129
1.87758 186649
1.93275 150886
1.94296 193506
1.73402 132629
1.89834 158474
1.24882 134643
1.94718 154996
1.68786 120243
1.62576 157093
2.39645 187400
1.17123 180325
0.937536 0.258718 3
0.947901 0.289152 3
0.933831 0.132397 4
0.927635 0.122138 4
0.930182 0.126047 4
0.962798 0.572718 2
0.957805 0.551228 2
0.889373 0.000864014 10
0.976039 0.65652 2
0.918777 0.0555235 5
0.968571 0.603689 2
0.938 0.259831 3
0.960077 0.560475 2
0.919698 0.0562476 5
0.957463 0.54991 2
0.860753 2.35414e-09 25
0.936778 0.138275 4
0.898882 0.00107633 10
0.878015 6.15848e-06 16
0.846022 8.13705e-12 0
0.912051 0.0124272 7
0.929856 0.0663813 5
0.940821 0.147636 4
0.892685 0.000207109 12
0.917363 0.0139372 7
0.906373 0.00545186 8
0.862342 5.70146e-09 24
0.891604 0.000200781 12
0.915766 0.0134441 7
0.86735 7.93281e-08 21
0.93224 0.247327 3
0.889673 0.00872455 7
0.861865 8.81956e-06 15
0.973286 1 1
0.907176 0.0482807 5
0.889304 0.00400635 8
0.894605 0.00929918 7
0.919503 0.111951 4
0.898003 0.0207183 6
0.96855 1 1
0.892143 0.00900064 7
0.934879 0.25272 3
0.882545 0.00165695 9
0.856899 3.43056e-06 16
0.907545 0.0484669 5
0.862284 4.61723e-05 13
0.966043 1 1
0.936249 0.255736 3
0.867706 0.000262385 11
0.853433 3.16279e-06 16
0.939622 0.500431 2
0.955615 0.543077 2
0.90144 0.0456547 5
0.91336 0.106024 4
0.893071 0.0196365 6
0.931731 0.246348 3
0.86323 4.70327e-05 13
0.918893 0.111304 4
0.958227 0.552883 2
0.879716 0.0015865 9
0.981691 0.709145 2
0.893145 0.000442943 11
0.877443 6.04536e-06 16
0.97426 0.642396 2
0.95524 0.320011 3
0.904113 0.00519738 8
0.901385 0.00237242 9
0.881118 3.22513e-05 14
0.92379 0.0598165 5
0.927073 0.0631563 5
0.910066 0.011949 7
0.984469 1 1
0.906039 0.00541261 8
0.863955 3.0946e-08 22
0.948826 0.292539 3
0.907451 0.00558253 8
0.87571 2.60105e-06 17
0.844957 7.72947e-12 0
0.948253 0.290427 3
0.88295 3.40247e-05 14
0.871308 1.01362e-06 18
0.879014 1.38958e-05 15
0.930259 0.0668826 5
0.876562 5.8771e-06 16
0.968565 0.603648 2
0.873043 1.07622e-06 18
0.910019 0.0119381 7
0.862379 1.28853e-08 23
0.843345 7.15885e-12 0
0.883203 3.42824e-05 14
0.831997 4.29741e-12 0
0.905523 0.0474725 5
0.8711 0.000123941 12
0.85223 2.48288e-07 19
0.816722 2.28494e-12 0
0.88074 0.00161126 9
0.897926 0.0206999 6
0.933963 0.250788 3
0.861037 8.65176e-06 15
0.895864 0.00946182 7
0.874831 0.000297171 11
0.833668 1.09802e-11 30
0.8608 8.60453e-06 15
0.891178 0.00889019 7
0.836623 6.96702e-11 28
0.970287 0.614412 2
0.910415 0.024409 6
0.892632 0.00421829 8
0.968485 0.603167 2
0.948341 0.290749 3
0.920366 0.112891 4
0.918643 0.0554201 5
0.891867 0.00416735 8
0.937849 0.259467 3
0.935516 0.254103 3
0.925886 0.119674 4
0.97234 0.628292 2
0.920091 0.0565649 5
0.880171 0.000329361 11
0.954243 0.53832 2
0.873252 2.61144e-05 14
0.918892 0.055612 5
0.879994 0.000149512 12
0.898725 0.00468149 8
0.854567 2.1845e-08 22
0.899718 0.00476811 8
0.915709 0.0532912 5
0.974156 0.641599 2
0.887727 0.000835257 10
0.946156 0.283098 3
0.896371 0.00448952 8
0.875261 6.08253e-05 13
0.881591 0.000339043 11
0.890748 0.00190491 9
0.870932 1.10468e-05 15
0.911844 0.0508279 5
0.968613 0.603938 2
0.960498 0.562282 2
0.902148 0.0217723 6
0.90838 0.048898 5
0.990933 1 1
0.979003 1 1
0.882704 0.000758143 10
0.976083 1 1
0.902093 0.0217574 6
0.992999 1 1
0.912058 0.0509556 5
0.976623 1 1
0.945916 0.514266 2
0.938221 0.260368 3
0.923568 0.059607 5
0.928777 0.123842 4
0.896079 0.00211316 9
0.946386 0.283872 3
0.903267 0.0051084 8
0.923501 0.0595445 5
0.932542 0.130045 4
0.935571 0.135781 4
0.924021 0.0600369 5
0.969755 0.611 2
0.924323 0.0603278 5
0.925688 0.06169 5
0.911487 0.0248165 6
0.894395 0.000965036 10
0.917268 0.0273512 6
0.916261 0.0536735 5
0.963935 0.578252 2
0.931348 0.127975 4
0.9213 0.0575737 5
0.903804 0.0106793 7
0.959005 0.556006 2
0.969241 0.607784 2
0.914231 0.0523067 5
0.95106 0.528213 2
0.9335 0.131782 4
0.958117 0.552449 2
0.917465 0.0545355 5
0.943052 0.273339 3
0.928611 0.12359 4
0.927799 0.122378 4
0.949215 0.522895 2
0.931163 0.245276 3
0.908759 0.0490979 5
0.953177 0.534796 2
0.931983 0.24683 3
0.937742 0.259211 3
0.938924 0.262105 3
0.904836 0.0471496 5
0.948802 0.521757 2
0.942439 0.506238 2
0.941872 0.505022 2
0.950805 0.527454 2
0.932572 0.247978 3
0.898991 0.0209563 6
0.948499 0.520931 2
0.895556 0.00442707 8
0.959576 0.558361 2
0.981309 1 1
0.881415 0.00015448 12
0.896844 0.00452666 8
0.982327 1 1
0.965785 0.587821 2
0.863827 7.96808e-07 18
0.965723 0.587488 2
0.88009 0.000149839 12
0.980726 1 1
0.895342 0.00441099 8
0.98245 1 1
0.956349 0.545732 2
0.927157 0.121448 4
0.864035 3.55192e-07 19
0.960728 0.56328 2
0.97593 0.655622 2
0.856909 2.37332e-08 22
0.86258 3.38836e-07 19
0.955902 0.544107 2
0.956489 0.546248 2
0.863783 3.52286e-07 19
0.929456 0.124892 4
0.867427 1.99942e-06 17
0.948371 0.290858 3
0.86419 3.5701e-07 19
0.943709 0.275303 3
0.993317 1 1
0.891664 0.000907425 10
0.972558 0.629831 2
0.888789 0.000853592 10
0.870857 1.10249e-05 15
0.983562 1 1
0.946296 0.283567 3
0.897831 0.00460649 8
0.896517 0.0045009 8
0.885319 0.000367198 11
0.915857 0.0533926 5
0.932455 0.12989 4
0.903307 0.0105917 7
0.97526 0.650205 2
0.898327 0.00464776 8
0.858754 5.78111e-08 21
0.938957 0.262189 3
0.882814 0.00365588 8
0.944501 0.510877 2
0.904509 0.0469984 5
0.901017 0.0454796 5
0.86676 0.000258322 11
0.923851 0.233237 3
0.940803 0.502795 2
0.948254 0.520271 2
0.908901 0.102421 4
0.93873 0.498707 2
0.91974 0.227669 3
0.88452 0.00821211 7
0.904472 0.0469814 5
0.915056 0.107537 4
0.88699 0.00844795 7
0.862863 3.97671e-06 16
0.898892 0.00988402 7
0.860848 3.77838e-06 16
0.892445 0.00420573 8
0.842863 4.92002e-10 26
0.880562 0.000729401 10
0.895948 0.00947288 7
0.991812 1 1
0.870187 5.42696e-05 13
0.943196 0.273766 3
0.877615 0.000313178 11
0.865019 9.50722e-06 15
0.863247 9.11093e-06 15
0.871635 5.60136e-05 13
0.856528 6.44867e-07 18
0.880609 0.00160804 9
0.965235 0.584899 2
0.99201 1 1
0.87023 0.000273818 11
0.880359 0.00160195 9
0.973253 1 1
0.9663 1 1
0.864993 4.87084e-05 13
0.948534 0.521025 2
0.875141 0.000665482 10
0.966825 1 1
0.880601 0.00160783 9
0.963721 0.577194 2
0.974736 1 1
0.910107 0.103346 4
0.952738 0.30841 3
0.915101 0.0132492 7
0.891074 0.000420271 11
0.97097 0.618894 2
0.930182 0.0667857 5
0.919532 0.0285264 6
0.921939 0.0299114 6
0.909174 0.0117472 7
0.930977 0.0677963 5
0.953536 0.311975 3
0.923435 0.0594829 5
0.95505 0.319089 3
0.914565 0.0130965 7
0.882559 3.36332e-05 14
0.938345 0.141712 4
0.865783 1.48618e-08 23
0.959308 0.341728 3
0.980331 0.695316 2
0.857442 7.59429e-11 29
0.865036 6.41893e-09 24
0.957683 0.3326 3
0.956208 0.324845 3
0.861317 1.06874e-09 26
0.932067 0.069242 5
0.866372 1.52443e-08 23
0.95055 0.299217 3
0.865861 1.4912e-08 23
0.94703 0.165649 4
0.988406 1 1
0.894257 0.000216933 12
0.903319 0.00121209 10
0.966205 0.388456 3
0.92762 0.0338491 6
0.912628 0.00630945 8
0.890011 4.25905e-05 14
0.951533 0.182232 4
0.966828 0.393415 3
0.923779 0.031076 6
0.937995 0.0784896 5
0.934262 0.0723774 5
0.94838 0.170271 4
0.904668 0.0012596 10
0.93274 0.0701704 5
0.930904 0.0366545 6
0.913335 0.00642315 8
0.94275 0.152714 4
0.891838 0.000428382 11
0.866122 1.69615e-07 20
0.983906 1 1
0.917384 0.0274086 6
0.893801 0.000951913 10
0.897574 0.00104147 10
0.911531 0.0122979 7
0.904701 0.00526111 8
0.960682 0.563079 2
0.897295 0.00103432 10
0.94542 0.280671 3
0.888579 0.000184727 12
0.859357 5.02553e-09 24
0.916818 0.0271311 6
0.918423 0.055252 5
0.904439 0.0107937 7
0.872224 2.54552e-05 14
0.953311 0.53523 2
0.895042 0.00438868 8
0.899092 0.00471307 8
0.907736 0.0234627 6
0.9414 0.268622 3
0.901934 0.0103586 7
0.991716 1 1
0.900311 0.0100986 7
0.92091 0.0572436 5
0.888463 0.000847877 10
0.871008 1.10693e-05 15
0.902251 0.0104113 7
0.893255 0.0042609 8
0.918572 0.110969 4
0.881041 0.00073564 10
0.921325 0.113971 4
0.872897 5.76122e-05 13
0.904668 0.0224919 6
0.918277 0.110665 4
0.967881 0.599583 2
0.898129 0.00977316 7
0.969636 0.610247 2
0.903087 0.0220328 6
0.89543 0.00940494 7
0.888891 0.00184211 9
0.886604 0.00177049 9
0.886773 0.00177557 9
0.855357 1.75764e-05 14
0.901835 0.0458205 5
0.863765 0.000108095 12
0.882638 0.00804319 7
0.836446 5.16566e-09 23
0.881438 0.0035904 8
0.897667 0.0441678 5
0.97764 1 1
0.868517 0.000600814 10
0.931948 0.246764 3
0.877693 0.00342482 8
0.857402 1.83105e-05 14
0.863149 0.000106923 12
0.876853 0.00338999 8
0.851877 3.05226e-06 16
0.873159 4.89283e-07 19
0.976474 0.660136 2
0.970832 0.617981 2
0.868911 3.79206e-08 22
0.869371 8.59659e-08 21
0.964386 0.580517 2
0.970499 0.61579 2
0.878048 2.82056e-06 17
0.935914 0.074953 5
0.881734 6.98069e-06 16
0.955908 0.323322 3
0.873541 4.96398e-07 19
0.946929 0.165316 4
0.98613 0.760326 2
0.898224 0.000508901 11
0.859393 9.77399e-10 26
0.954325 0.315627 3
0.92021 0.0289019 6
0.869543 1.92527e-07 20
0.848171 9.04193e-12 0
0.927502 0.0636277 5
0.944932 0.159003 4
0.915403 0.013337 7
0.903528 0.00249584 9
0.900766 0.00113042 10
0.920347 0.0289789 6
0.8606 2.33817e-09 25
0.906495 0.0054664 8
0.940776 0.147523 4
0.872734 4.81529e-07 19
0.930258 0.243611 3
0.898231 0.00978787 7
0.869055 2.35863e-05 14
0.968173 0.601307 2
0.905781 0.0228312 6
0.896555 0.00955417 7
0.902818 0.0219573 6
0.926793 0.12093 4
0.903447 0.0221352 6
0.976771 1 1
0.898932 0.00988994 7
0.932853 0.248535 3
0.888517 0.00182997 9
0.865046 9.51335e-06 15
0.909438 0.0494627 5
0.886653 1.78283e-05 15
0.962495 0.361593 3
0.921738 0.015495 7
0.898822 0.00051781 11
0.873122 1.00489e-07 21
0.940301 0.14634 4
0.958099 0.334874 3
0.930617 0.0673348 5
0.922382 0.0157534 7
0.92839 0.0344679 6
0.935369 0.0740805 5
0.888069 3.99187e-05 14
0.919884 0.0147949 7
0.93191 0.0690288 5
0.896148 0.000229837 12
0.880357 1.44821e-05 15
0.945232 0.159915 4
0.905226 0.00531949 8
0.898067 0.00105437 10
0.864632 3.17886e-08 22
0.923752 0.0310582 6
0.940986 0.148055 4
0.946766 0.285167 3
0.907933 0.00564309 8
0.935602 0.135843 4
0.919349 0.028427 6
0.88203 1.5269e-05 15
0.904084 0.00252992 9
0.916632 0.0137071 7
0.885218 3.64511e-05 14
0.967967 0.600088 2
0.916641 0.0270459 6
0.900264 0.00231249 9
0.959934 0.559868 2
0.949739 0.296016 3
0.927994 0.0641808 5
0.925281 0.0612754 5
0.890031 0.000192145 12
0.946257 0.283438 3
0.931493 0.0684726 5
0.933808 0.132355 4
0.969429 0.60895 2
0.928309 0.0645403 5
0.886958 0.000177013 12
0.960682 0.563079 2
0.938343 0.497976 2
0.936168 0.494042 2
0.936045 0.493828 2
0.91693 0.109313 4
0.939511 0.500214 2
0.959153 0.556615 2
0.946459 0.515614 2
0.869435 0.000270124 11
0.987675 1 1
0.899829 0.0449992 5
0.9676 1 1
0.937868 0.497092 2
0.969406 1 1
0.91547 0.10792 4
0.971031 1 1
0.911374 0.00611679 8
0.9684 0.602657 2
0.933774 0.0716532 5
0.916517 0.0136714 7
0.899372 0.000526221 11
0.960326 0.347781 3
0.972661 0.630566 2
0.914612 0.0131099 7
0.949168 0.173102 4
0.930839 0.0676189 5
0.958348 0.336258 3
0.912545 0.00629624 8
0.942813 0.152888 4
0.932666 0.0700671 5
0.923851 0.0311236 6
0.845701 8.01154e-12 0
0.922331 0.0301516 6
0.886601 8.16161e-05 13
0.864118 1.38479e-08 23
0.830915 4.10245e-12 0
0.897221 0.00103244 10
0.91474 0.0131461 7
0.937168 0.13911 4
0.877169 5.99234e-06 16
0.905628 0.0053652 8
0.891251 0.000198784 12
0.84731 8.66536e-12 0
0.876929 2.71212e-06 17
0.905863 0.0053922 8
0.851792 1.08632e-11 0
0.874409 1.06251e-07 21
0.9728 0.631565 2
0.935004 0.0735094 5
0.881425 3.18981e-06 17
0.864114 5.44952e-10 27
0.945605 0.161067 4
0.963624 0.369317 3
0.912156 0.00623546 8
0.921502 0.0154023 7
0.907101 0.00273133 9
0.93851 0.0794191 5
0.87549 2.44084e-07 20
0.924126 0.0313066 6
0.951098 0.180481 4
0.889696 4.21385e-05 14
0.982878 1 1
0.901139 0.0102292 7
0.893455 0.00427475 8
0.947207 0.286691 3
0.975192 1 1
0.917954 0.0548976 5
0.91058 0.0500961 5
0.866813 9.93658e-06 15
0.94271 0.272336 3
0.908506 0.0237246 6
0.925288 0.118868 4
0.981729 1 1
0.925098 0.118616 4
0.875745 0.00013623 12
0.975967 1 1
0.957133 0.548653 2
0.925444 0.235606 3
0.918299 0.110687 4
0.935021 0.253025 3
0.953203 0.534879 2
0.943823 0.509312 2
0.935381 0.253806 3
0.875298 0.000667177 10
0.968501 1 1
0.911137 0.104164 4
0.951355 0.529097 2
0.956908 0.547806 2
0.949969 0.525022 2
0.900406 0.0213111 6
0.979895 1 1
0.888465 0.00395669 8
0.998439 1 1
0.958996 0.555969 2
0.88743 0.00389736 8
0.88175 0.00163647 9
0.972305 1 1
0.988771 1 1
0.894769 0.00931996 7
0.945446 0.51312 2
0.901489 0.0215946 6
0.964405 0.580617 2
0.889122 0.00399543 8
0.950371 0.526182 2
0.964417 0.580676 2
0.909786 0.0496528 5
0.92597 0.236416 3
0.914398 0.106939 4
0.882947 0.00807036 7
0.956166 0.545063 2
0.903393 0.0464949 5
0.910395 0.103572 4
0.918375 0.225976 3
0.935701 0.493235 2
0.913731 0.106348 4
0.980751 1 1
0.911875 0.104767 4
0.928359 0.24029 3
0.900038 0.0450827 5
0.880549 0.00354943 8
0.912829 0.105567 4
0.913949 0.10654 4
0.962535 0.571477 2
0.960755 0.5634 2
0.901561 0.0457056 5
0.912085 0.104941 4
0.988229 1 1
0.972645 1 1
0.877513 0.00153586 9
0.981733 1 1
0.89845 0.0208249 6
0.996513 1 1
0.913982 0.106569 4
0.98271 1 1
0.942922 0.507294 2
0.942484 0.506335 2
0.87662 5.88793e-06 16
0.954896 0.318342 3
0.99675 1 1
0.863885 3.08597e-08 22
0.878271 1.35875e-05 15
0.96595 0.588712 2
0.956377 0.325707 3
0.855749 3.63393e-10 27
0.945321 0.280351 3
0.866598 1.7256e-07 20
0.961213 0.565422 2
0.876425 5.85173e-06 16
0.96252 0.571405 2
0.970005 0.612595 2
0.907904 0.00563944 8
0.917692 0.0140435 7
0.967478 0.597242 2
0.951176 0.301759 3
0.910587 0.00600171 8
0.911827 0.00618505 8
0.981571 0.707895 2
0.97798 0.673197 2
0.890265 9.10359e-05 13
0.974116 0.641294 2
0.911283 0.00610321 8
0.983583 0.729788 2
0.918137 0.0141898 7
0.968543 0.603517 2
0.939447 0.144271 4
0.940607 0.147099 4
0.88547 0.00379046 8
0.88653 0.00840276 7
0.851143 5.58024e-07 18
0.921856 0.230442 3
0.86259 4.64472e-05 13
0.875355 0.000667794 10
0.887113 0.00846019 7
0.965579 1 1
0.873208 0.000645267 10
0.971286 1 1
0.874914 0.000663044 10
0.887911 0.00854038 7
0.861999 4.59179e-05 13
0.85521 3.29614e-06 16
0.869793 0.000271776 11
0.957061 0.329268 3
0.911461 0.0122806 7
0.912085 0.0124359 7
0.924368 0.0603715 5
0.965024 0.583798 2
0.933182 0.131197 4
0.921478 0.0296344 6
0.857798 9.09229e-10 26
0.961347 0.56602 2
0.894302 0.000456587 11
0.941426 0.149184 4
0.955652 0.322043 3
0.945536 0.28105 3
0.890837 0.000417818 11
0.997225 1 1
0.966752 0.593122 2
0.9174 0.0139492 7
0.900518 0.00112303 10
0.960224 0.347163 3
0.948371 0.170241 4
0.928375 0.0344556 6
0.925969 0.0325959 6
0.891301 9.40256e-05 13
0.946156 0.162804 4
0.932707 0.0701236 5
0.934073 0.0720941 5
0.968265 0.601855 2
0.92828 0.0343782 6
0.887493 3.91764e-05 14
0.959581 0.343323 3
0.864389 9.36333e-06 15
0.963241 0.574847 2
0.973625 1 1
0.858179 6.75328e-07 18
0.862323 3.92206e-06 16
0.956182 0.545121 2
0.95829 0.553132 2
0.866774 9.92697e-06 15
0.929115 0.124361 4
0.869729 2.39649e-05 14
0.948363 0.520564 2
0.864608 9.41296e-06 15
0.942691 0.272282 3
0.9966 1 1
0.891324 0.00413198 8
0.876385 2.53472e-07 20
0.958931 0.339554 3
0.995847 1 1
0.864943 5.68754e-10 27
0.877141 2.61798e-07 20
0.967436 0.398377 3
0.959674 0.343875 3
0.85929 1.63111e-11 0
0.944675 0.15823 4
0.86916 7.76801e-09 24
0.961783 0.356915 3
0.876284 2.52383e-07 20
0.961062 0.352325 3
0.974301 0.642705 2
0.906789 0.00134116 10
0.872034 2.3044e-06 17
0.894969 0.000978024 10
0.857545 2.04754e-09 25
0.904283 0.00521566 8
0.850831 5.49008e-11 29
0.879332 3.06628e-05 14
0.893464 0.00094461 10
0.991162 1 1
0.872108 2.30982e-06 17
0.956112 0.324353 3
0.87736 1.32241e-05 15
0.874312 5.47897e-06 16
0.863397 6.82571e-08 21
0.86563 1.66637e-07 20
0.862218 2.89161e-08 22
0.868353 0.000599369 10
0.955471 0.542567 2
0.986983 1 1
0.857852 4.24576e-05 13
0.868927 0.000604467 10
0.959364 1 1
0.954263 0.538387 2
0.856645 4.15277e-05 13
0.935871 0.493527 2
0.864009 0.000247106 11
0.953203 0.534879 2
0.868289 0.000598806 10
0.952088 0.531341 2
0.979798 1 1
0.898298 0.0444048 5
0.90904 0.023911 6
0.958893 0.55555 2
0.921988 0.114741 4
0.920167 0.112672 4
0.894427 0.0043437 8
0.947477 0.28764 3
0.960901 0.564039 2
0.926967 0.121176 4
0.937647 0.258983 3
0.941584 0.269131 3
0.945508 0.280958 3
0.910523 0.0500636 5
0.930283 0.126211 4
0.923559 0.116641 4
0.916384 0.0537593 5
0.848161 1.12418e-10 28
0.902262 0.00500685 8
0.864644 3.62384e-07 19
0.87375 1.1925e-05 15
0.830122 3.96613e-12 0
0.880394 6.89677e-05 13
0.89711 0.00215895 9
0.965991 0.588936 2
0.865547 8.40153e-07 18
0.921821 0.0580246 5
0.876034 2.80472e-05 14
0.850117 2.83211e-10 27
0.86149 1.44294e-07 20
0.879666 6.77021e-05 13
0.846756 4.55013e-11 29
0.913331 0.105999 4
0.973564 1 1
0.947798 0.519058 2
0.910755 0.103857 4
0.905265 0.0473504 5
0.976653 1 1
0.982783 1 1
0.898715 0.0208891 6
0.963993 0.57854 2
0.916975 0.109357 4
0.975304 1 1
0.914045 0.106624 4
0.959434 0.557771 2
0.941063 0.503329 2
0.932747 0.248324 3
0.890465 0.00881077 7
0.90749 0.0484392 5
0.870603 0.000275585 11
0.921868 0.230458 3
0.869065 0.000268433 11
0.89439 0.0199097 6
0.907428 0.0484078 5
0.973006 1 1
0.88932 0.00868686 7
0.973999 1 1
0.89318 0.0196587 6
0.892756 0.019573 6
0.879386 0.00157868 9
0.875841 0.0006731 10
0.880697 0.00161019 9
0.833641 4.61441e-12 0
0.909597 0.0241094 6
0.875406 0.00013526 12
0.852941 4.75966e-08 21
0.818763 2.4803e-12 0
0.884549 0.000784768 10
0.901775 0.0103324 7
0.931906 0.246682 3
0.864322 4.13025e-06 16
0.895674 0.00443603 8
0.878482 0.000318495 11
0.835268 4.95526e-12 0
0.864487 4.14815e-06 16
0.895834 0.00444815 8
0.839179 1.38987e-11 30
0.918564 0.0280096 6
0.965389 0.585714 2
0.935912 0.136472 4
0.920354 0.0567803 5
0.907487 0.0113857 7
0.96452 0.5812 2
0.97239 0.628644 2
0.908052 0.011504 7
0.957509 0.550086 2
0.928615 0.123596 4
0.964286 0.580012 2
0.919595 0.0561656 5
0.949343 0.294493 3
0.930931 0.127275 4
0.932654 0.130245 4
0.885888 1.73604e-05 15
0.943772 0.155584 4
0.903887 0.00123171 10
0.90459 0.00256176 9
0.869474 3.88453e-08 22
0.924165 0.0313325 6
0.940732 0.147413 4
0.94944 0.294862 3
0.910263 0.00595553 8
0.942334 0.151582 4
0.920407 0.0149861 7
0.88763 3.935e-05 14
0.905158 0.00259832 9
0.913399 0.00643367 8
0.889301 8.83884e-05 13
0.893913 0.00095435 10
0.930279 0.0669071 5
0.891908 0.00042915 11
0.917892 0.0276639 6
0.87501 5.59786e-06 16
0.915013 0.0262893 6
0.929483 0.0659255 5
0.960009 0.560187 2
0.90629 0.00544211 8
0.960631 0.56286 2
0.912844 0.0126304 7
0.895924 0.00100043 10
0.898179 0.00220866 9
0.898168 0.00220812 9
0.891421 0.000423922 11
0.937462 0.139748 4
0.900599 0.00112545 10
0.872813 4.82968e-07 19
0.974218 0.642077 2
0.912885 0.0126411 7
0.900603 0.00112556 10
0.905804 0.00264123 9
0.92111 0.0294176 6
0.908996 0.00578143 8
0.970518 0.615912 2
0.903444 0.00249081 9
0.940066 0.145763 4
0.893557 0.000447722 11
0.867509 3.57465e-08 22
0.916406 0.0136374 7
0.916202 0.0536318 5
0.953045 0.534366 2
0.918437 0.0552625 5
0.927925 0.122564 4
0.900683 0.0101567 7
0.945377 0.280534 3
0.956557 0.5465 2
0.926225 0.120139 4
0.939448 0.263432 3
0.946508 0.284283 3
0.944655 0.278227 3
0.917767 0.0547583 5
0.930079 0.125882 4
0.917764 0.0547563 5
0.921523 0.0577654 5
0.880561 6.70419e-06 16
0.99024 1 1
0.958482 0.337008 3
0.880166 6.61467e-06 16
0.874004 5.05236e-07 19
0.965531 0.586466 2
0.980085 0.692895 2
0.893058 0.00020937 12
0.937882 0.140673 4
0.896321 0.000482272 11
0.957251 0.330275 3
0.881222 6.85787e-06 16
0.944353 0.157274 4
0.970184 0.613744 2
0.901959 0.00116732 10
0.856483 1.39452e-11 0
0.93892 0.143032 4
0.902414 0.00118198 10
0.871899 9.54067e-08 21
0.84277 6.96736e-12 0
0.913229 0.00640589 8
0.931032 0.0678679 5
0.932205 0.06943 5
0.892188 9.67168e-05 13
0.909488 0.00291294 9
0.906999 0.00272404 9
0.857966 3.43555e-11 30
0.892532 9.77965e-05 13
0.921149 0.0152655 7
0.865058 2.86733e-09 25
0.880208 0.00159829 9
0.899436 0.0210661 6
0.862252 4.61432e-05 13
0.912554 0.105333 4
0.858774 1.88297e-05 14
0.885004 0.00376603 8
0.898606 0.0208627 6
0.983301 1 1
0.878921 0.00156782 9
0.964853 1 1
0.883417 0.00368549 8
0.882507 0.00364104 8
0.869563 0.000270712 11
0.869001 0.00026814 11
0.869953 0.000272521 11
0.881528 0.00015489 12
0.990714 1 1
0.95422 0.315131 3
0.882477 0.000158391 12
0.874135 1.20538e-05 15
0.963572 0.576459 2
0.979933 1 1
0.897309 0.00216803 9
0.936775 0.13827 4
0.899999 0.00479327 8
0.955608 0.543055 2
0.882277 0.000157642 12
0.942006 0.270316 3
0.965923 0.588564 2
0.901683 0.00495017 8
0.837599 5.49604e-12 0
0.912584 0.0252519 6
0.877691 2.93135e-05 14
0.857072 4.57821e-09 24
0.82254 2.89152e-12 0
0.887634 0.000386974 11
0.904955 0.0108888 7
0.935521 0.13568 4
0.867733 9.00402e-07 18
0.899897 0.00478406 8
0.88168 7.13036e-05 13
0.839243 5.91971e-12 0
0.86754 8.94827e-07 18
0.89754 0.00217866 9
0.842871 7.00057e-12 0
0.960459 0.562115 2
0.913432 0.0517975 5
0.911676 0.0507292 5
0.929199 0.124491 4
0.964922 0.583269 2
0.934131 0.251137 3
0.923425 0.116475 4
0.862304 1.72646e-06 17
0.96168 0.567523 2
0.899301 0.0099447 7
0.942221 0.270927 3
0.959282 0.557143 2
0.94484 0.27881 3
0.891379 0.00413551 8
0.995359 1 1
0.900263 0.0212744 6
0.972172 1 1
0.932734 0.248299 3
0.907761 0.0485775 5
0.888069 0.00393376 8
0.955521 0.542742 2
0.971941 1 1
0.919547 0.111998 4
0.939461 0.263464 3
0.928386 0.240335 3
0.95156 0.529718 2
0.901494 0.0215959 6
0.935764 0.254652 3
0.936787 0.256966 3
0.912426 0.0511769 5
0.905415 0.0474212 5
0.973454 1 1
0.936283 0.255813 3
0.910672 0.0501481 5
0.893912 0.00921261 7
0.960996 0.564458 2
0.975873 1 1
0.914685 0.107199 4
0.946236 0.515056 2
0.92725 0.238451 3
0.957704 0.550838 2
0.90655 0.0479694 5
0.941862 0.505001 2
0.937421 0.258447 3
0.918864 0.111273 4
0.892105 0.000916283 10
0.935524 0.135686 4
0.896591 0.00213564 9
0.914098 0.0258861 6
0.87405 1.20251e-05 15
0.919015 0.0557076 5
0.934153 0.133005 4
0.956454 0.546119 2
0.908687 0.01164 7
0.954656 0.539726 2
0.916373 0.0269177 6
0.894023 0.00202747 9
0.901459 0.0049287 8
0.903692 0.0106594 7
0.891729 0.000908723 10
0.954293 0.315473 3
0.93116 0.0680348 5
0.913995 0.00653303 8
0.947534 0.167343 4
0.940738 0.147428 4
0.94251 0.152059 4
0.940056 0.082349 5
0.893792 0.00010191 13
0.958388 0.336479 3
0.930528 0.0363105 6
0.948003 0.168954 4
0.955322 0.320412 3
0.940896 0.147827 4
0.901135 0.000554881 11
0.960331 0.34781 3
65 0 1 2 3 4 5 7 8 9 10 11 12 13 14 15 16 17 18 19 20 21 22 23 24 25 26 27 28 29 30 31 32 33 35 36 37 38 39 40 41 42 43 44 45 46 47 48 49 50 51 52 53 55 56 57 58 59 60 62 63 65 66 67 68 69 
23 1 3 6 14 18 20 25 26 27 30 34 35 38 41 46 47 49 51 54 60 61 63 64 
42 1 3 6 8 11 14 16 17 18 20 21 24 25 26 27 29 30 33 34 35 38 41 43 46 47 48 49 50 51 53 54 56 57 59 60 61 62 63 64 66 67 68 
65 0 1 2 3 5 6 7 8 9 10 11 12 13 14 16 17 18 19 20 21 22 23 24 25 26 27 28 29 30 31 32 33 34 35 37 38 39 40 41 42 43 45 46 47 48 49 50 51 52 53 54 55 56 57 58 59 60 61 62 63 64 66 67 68 69 
62 0 2 3 4 5 7 8 9 10 11 12 13 14 15 16 17 18 19 20 21 22 23 24 25 26 28 29 30 31 32 33 35 36 37 38 39 40 41 42 43 44 45 46 47 48 49 50 52 53 55 56 57 58 59 60 62 63 65 66 67 68 69 
49 1 3 5 6 8 10 11 14 16 17 18 20 21 23 24 25 26 27 28 29 30 33 34 35 38 39 41 43 46 47 48 49 50 51 52 53 54 55 56 57 59 60 61 62 63 64 66 67 68 
36 1 3 6 8 14 16 17 20 21 24 25 26 27 29 30 34 35 38 43 46 48 49 50 51 53 54 56 57 60 61 62 63 64 66 67 68 
41 1 3 6 8 9 11 13 14 16 17 18 20 21 25 26 27 29 30 33 34 35 38 40 41 42 46 49 50 51 52 54 55 56 57 60 61 63 64 66 67 68 
60 0 1 2 3 5 6 8 9 10 11 12 13 14 16 17 18 19 20 21 22 23 24 25 26 27 28 29 30 33 34 35 38 39 40 41 42 43 46 47 48 49 50 51 52 53 54 55 56 57 58 59 60 61 62 63 64 66 67 68 69 
37 1 3 6 8 14 16 17 20 21 24 25 26 27 29 30 33 34 35 38 43 46 48 49 50 51 53 54 56 57 60 61 62 63 64 66 67 68 
32 1 3 6 8 13 14 16 17 18 20 21 25 26 27 29 30 34 35 38 41 46 47 49 51 54 56 60 61 63 64 66 67 
64 0 1 2 3 4 5 6 7 8 9 10 11 12 13 14 15 16 17 18 19 20 21 22 23 24 25 26 27 28 29 30 31 32 33 35 37 38 39 40 41 42 43 45 46 47 48 49 50 51 52 53 55 56 57 58 59 60 61 62 63 66 67 68 69 
47 1 3 6 8 9 11 13 14 16 17 18 20 21 24 25 26 27 29 30 33 34 35 38 40 41 42 46 47 48 49 50 51 52 53 54 55 56 57 59 60 61 62 63 64 66 67 68 
0 
67 0 1 2 3 4 5 6 7 8 9 10 11 12 13 14 15 16 17 18 19 20 21 22 23 24 25 26 27 28 29 30 31 32 33 35 36 37 38 39 40 41 42 43 45 46 47 48 49 50 51 52 53 54 55 56 57 58 59 60 61 62 63 65 66 67 68 69 
