40 15 1e+07
2.5554 112440
1.04604 136469
1.05069 178963
1.43883 173424
1.08803 136101
1.13448 195828
1.10335 180231
1.80279 104354
1.48266 148066
2.83602 189330
1.3596 136255
1.78013 154997
1.37877 115240
1.17198 142801
2.47438 151620
1.20093 199491
2.56839 112324
2.94161 118328
1.71195 177570
2.82413 107608
1.31803 182175
1.45703 191736
2.17638 131248
1.50849 194437
1.83805 159811
1.25705 143274
2.37937 152780
2.01808 160759
2.12377 114314
1.60102 172933
1.53756 187177
2.81606 162432
1.90162 130534
1.04582 124779
1.74879 167825
1.2829 121572
2.26686 159465
2.9627 185454
2.30795 165732
1.76403 118762
0.932337 0.247518 3
0.96419 0.579531 2
0.881592 0.000742955 10
0.898338 0.00980321 7
0.941399 0.268619 3
0.931177 0.245301 3
0.891304 0.00413071 8
0.926875 0.121046 4
0.899869 0.0100305 7
0.92103 0.113635 4
0.971176 0.620271 2
0.952501 0.532634 2
0.919831 0.112305 4
0.909167 0.0239559 6
0.986421 1 1
0.966797 0.593375 2
0.950465 0.298877 3
0.893303 0.00199915 9
0.912744 0.0253171 6
0.957296 0.549271 2
0.965906 0.588477 2
0.90748 0.0233773 6
0.960537 0.562449 2
0.884772 0.000362797 11
0.914349 0.0523834 5
0.983968 1 1
0.925337 0.118934 4
0.948072 0.289768 3
0.905236 0.0109413 7
0.950846 0.300409 3
0.910572 0.0500915 5
0.908744 0.0490901 5
0.966117 0.589619 2
0.977118 1 1
0.942834 0.507101 2
0.913518 0.0518512 5
0.984645 1 1
0.906209 0.0478023 5
0.887659 0.00391035 8
0.920534 0.113078 4
0.893363 0.00914545 7
0.882804 0.00166372 9
0.884786 0.00171764 9
0.925001 0.118488 4
0.877839 0.000695842 10
0.948594 0.521188 2
0.968443 1 1
0.897779 0.0442094 5
0.915993 0.223187 3
0.961267 1 1
0.94814 0.519965 2
0.9094 0.1028 4
0.94215 0.505616 2
0.900719 0.0453575 5
0.928467 0.240473 3
0.976559 1 1
0.943645 0.508908 2
0.929964 0.243081 3
0.917995 0.225518 3
0.964775 1 1
0.987604 1 1
0.932337 0.247517 3
0.890496 0.0040794 8
0.910472 0.0500351 5
0.949898 0.524821 2
0.986289 1 1
0.906869 0.0231769 6
0.981126 1 1
0.869673 2.39328e-05 14
0.90098 0.0102039 7
0.968918 0.605793 2
0.906212 0.0229665 6
0.964421 0.580698 2
0.893477 0.00427634 8
0.931442 0.2458 3
0.848783 9.70144e-08 20
0.917644 0.110021 4
0.898166 0.020757 6
0.896444 0.00953912 7
0.896366 0.00952862 7
0.849661 9.95349e-08 20
0.889042 0.00399068 8
0.842438 2.66413e-09 24
0.985459 1 1
0.947334 0.517844 2
0.868788 0.000118535 12
0.930295 0.243678 3
0.827629 3.56973e-12 0
0.946792 0.516454 2
0.891851 0.00896688 7
0.882092 7.20805e-05 13
0.928706 0.0650004 5
0.960759 0.563417 2
0.956344 0.325537 3
0.934595 0.133853 4
0.884019 7.59124e-05 13
0.949624 0.295573 3
0.875883 1.26664e-05 15
0.945736 0.281705 3
0.968248 0.601752 2
0.886718 0.000175922 12
0.915966 0.0267257 6
0.856614 1.96847e-09 25
0.981027 0.702295 2
0.891549 0.000905154 10
0.883955 0.00169458 9
0.91991 0.112391 4
0.836604 1.64802e-10 27
0.850491 2.36488e-07 19
0.888745 0.0039731 8
0.882167 0.00164715 9
0.843217 6.41479e-09 23
0.880124 0.00159627 9
0.879216 0.000712426 10
0.884982 0.00376488 8
0.922998 0.11595 4
0.934088 0.251048 3
0.880518 0.0016058 9
0.872802 0.000286438 11
0.954571 0.539433 2
0.899091 0.00471304 8
0.942843 0.272725 3
0.960824 0.563701 2
0.96631 0.590674 2
0.95269 0.533231 2
0.901013 0.010209 7
0.957713 0.550872 2
0.892724 0.00197695 9
0.939944 0.264714 3
0.973721 0.638316 2
0.903175 0.0105688 7
0.924816 0.118246 4
0.87318 2.60676e-05 14
0.979336 1 1
0.90506 0.0109084 7
0.904473 0.0025543 9
0.965007 0.379304 3
0.936471 0.0758658 5
0.94594 0.162118 4
0.957001 0.328951 3
0.905755 0.00263791 9
0.937015 0.0767808 5
0.897735 0.000501823 11
0.950335 0.298358 3
0.987254 0.774894 2
0.917794 0.0140767 7
0.949199 0.173215 4
0.880197 3.0477e-06 17
0.976663 0.661733 2
0.926559 0.0330325 6
0.877151 6.36235e-05 13
0.93871 0.261572 3
0.934582 0.133827 4
0.93443 0.133534 4
0.929138 0.124397 4
0.878531 6.58072e-05 13
0.926601 0.12066 4
0.870651 4.9148e-06 16
0.971975 0.625732 2
0.981746 1 1
0.890268 0.000880496 10
0.935126 0.134891 4
0.853295 3.94737e-09 24
0.986861 1 1
0.903649 0.0106517 7
0.911366 0.0247696 6
0.949875 0.296545 3
0.864329 3.58646e-07 19
0.879501 6.74217e-05 13
0.919907 0.0564162 5
0.909906 0.0242216 6
0.872177 1.14216e-05 15
0.906603 0.0112063 7
0.896619 0.00213691 9
0.910071 0.024282 6
0.95139 0.302644 3
0.954348 0.538673 2
0.903008 0.0105399 7
0.897649 0.00459155 8
0.988143 1 1
0.970622 0.616594 2
0.905929 0.00539984 8
0.862417 2.91395e-08 22
0.881767 3.28623e-05 14
0.918765 0.0281151 6
0.967527 0.597526 2
0.87901 3.039e-05 14
0.974828 0.646789 2
0.843244 7.12473e-12 0
0.872328 2.32619e-06 17
0.953627 0.312392 3
0.883958 7.57853e-05 13
0.992032 1 1
0.864554 7.12627e-08 21
0.915817 0.0266563 6
0.952696 0.533251 2
0.950467 0.526463 2
0.929073 0.241513 3
0.949692 0.524233 2
0.988198 1 1
0.954806 0.540242 2
0.944655 0.511237 2
0.946019 0.51452 2
0.898882 0.0209297 6
0.934326 0.251545 3
0.945681 0.51369 2
0.919961 0.112446 4
0.924943 0.234846 3
0.929192 0.241719 3
0.926462 0.237187 3
0.960703 0.563173 2
0.926904 0.121088 4
0.922689 0.115575 4
0.942857 0.272768 3
0.9636 0.576594 2
0.963837 0.577765 2
0.941519 0.268951 3
0.956066 0.544698 2
0.877579 0.000312963 11
0.912763 0.0513818 5
0.935277 0.25358 3
0.897156 0.0096363 7
0.933405 0.249643 3
0.909567 0.0495329 5
0.907997 0.0486989 5
0.932084 0.247026 3
0.944283 0.51037 2
0.950873 0.527656 2
0.971748 1 1
0.979679 1 1
0.93448 0.25187 3
0.965579 1 1
0.925947 0.23638 3
0.908476 0.102104 4
0.945072 0.512223 2
0.925281 0.235357 3
0.915946 0.108366 4
0.904641 0.0470592 5
0.943642 0.508901 2
0.912668 0.10543 4
0.939586 0.50036 2
0.940567 0.502315 2
0.944932 0.511889 2
0.966139 1 1
0.979369 1 1
0.942162 0.50564 2
0.96182 0.568161 2
0.933661 0.250165 3
0.900308 0.0212861 6
0.936621 0.256583 3
0.928583 0.240671 3
0.911292 0.104289 4
0.911889 0.104778 4
0.934698 0.252333 3
0.911937 0.104818 4
0.881145 0.00073701 10
0.955573 0.542929 2
0.891178 0.0041226 8
0.898983 0.00989744 7
0.920422 0.112953 4
0.88127 0.000738658 10
0.890498 0.00407955 8
0.874826 0.000133631 12
0.955858 0.543948 2
0.951703 0.530155 2
0.90956 0.049529 5
0.980332 1 1
0.862905 3.98094e-06 16
0.940292 0.265626 3
0.939236 0.262893 3
0.896136 0.000229753 12
0.969026 0.606456 2
0.890046 4.26421e-05 14
0.901031 0.000553106 11
0.930242 0.0360525 6
0.895977 0.000109737 13
0.892621 4.66504e-05 14
0.889902 4.24329e-05 14
0.939644 0.081547 5
0.946976 0.165473 4
0.927213 0.0335312 6
0.998736 1 1
0.879009 6.16818e-07 19
0.934149 0.0722085 5
0.958153 0.335171 3
0.919375 0.0559908 5
0.941608 0.269198 3
0.859297 1.34141e-07 20
0.875639 6.13681e-05 13
0.917989 0.0549239 5
0.917487 0.0545522 5
0.868858 4.67061e-06 16
0.915365 0.0530574 5
0.883805 0.000355254 11
0.90016 0.0100752 7
0.959912 0.559772 2
0.940006 0.264876 3
0.914525 0.0524982 5
0.888152 0.000842512 10
0.980002 1 1
0.887346 0.000384409 11
0.943556 0.274843 3
0.94573 0.281684 3
0.947517 0.287782 3
0.940487 0.266143 3
0.888915 0.000398796 11
0.939361 0.144068 4
0.880842 6.97659e-05 13
0.958754 0.554991 2
0.986571 1 1
0.897404 0.00217238 9
0.933387 0.131574 4
0.862623 1.49969e-07 20
0.998869 1 1
0.906442 0.0111743 7
0.914466 0.05246 5
0.929895 0.125586 4
0.970899 0.618421 2
0.992439 1 1
0.959773 0.559186 2
0.917041 0.0542277 5
0.984819 1 1
0.908852 0.0238451 6
0.909377 0.0240305 6
0.943963 0.276079 3
0.906046 0.0229141 6
0.904695 0.0225001 6
0.887532 0.00179883 9
0.947394 0.517999 2
0.895981 0.00947722 7
0.89121 0.0192689 6
0.957236 0.549045 2
0.875549 0.0014935 9
0.886964 0.00844538 7
0.918659 0.226323 3
0.890632 0.0191587 6
0.878759 0.00347016 8
0.885402 0.00829441 7
0.927493 0.238848 3
0.931308 0.245546 3
0.925978 0.236428 3
0.984473 1 1
0.877017 0.00339672 8
0.918747 0.22643 3
0.96267 1 1
0.877659 6.08776e-06 16
0.949123 0.293659 3
0.87804 1.34938e-05 15
0.8867 8.18502e-05 13
0.911721 0.0123447 7
0.877432 6.04316e-06 16
0.878333 1.36129e-05 15
0.871622 1.02453e-06 18
0.942809 0.152877 4
0.93728 0.139351 4
0.909444 0.0118074 7
0.980151 0.693536 2
0.861667 1.25174e-08 23
0.925759 0.0617635 5
0.943526 0.154881 4
0.920888 0.113475 4
0.974218 1 1
0.886453 0.00384321 8
0.901657 0.0216396 6
0.941448 0.504129 2
0.920176 0.112681 4
0.893977 0.00922059 7
0.914973 0.107461 4
0.913816 0.106422 4
0.932194 0.24724 3
0.956452 0.546111 2
0.968274 1 1
0.906046 0.0477236 5
0.919672 0.112133 4
0.985027 1 1
0.950392 0.526244 2
0.96982 1 1
0.9062 0.0477981 5
0.924779 0.234602 3
0.970598 1 1
0.950523 0.526627 2
0.918207 0.110592 4
0.943521 0.508629 2
0.903597 0.0465855 5
0.933663 0.25017 3
0.969863 1 1
0.941433 0.504097 2
0.928691 0.240854 3
0.923914 0.233327 3
0.956683 0.546965 2
0.907576 0.101445 4
0.981555 1 1
0.897237 0.0440084 5
0.909794 0.103103 4
0.941964 0.505219 2
0.907506 0.101394 4
0.901442 0.0456559 5
0.901185 0.045549 5
0.935383 0.492691 2
0.950702 0.527152 2
0.937417 0.496265 2
0.985896 1 1
0.889425 0.0189343 6
0.937612 0.496622 2
0.963574 1 1
0.979126 1 1
0.941408 0.504044 2
0.897546 0.0206108 6
0.917582 0.10996 4
0.959012 0.556036 2
0.979053 1 1
0.913365 0.106028 4
0.972034 1 1
0.87856 0.00155949 9
0.910206 0.103423 4
0.971393 1 1
0.914283 0.106837 4
0.954689 0.539839 2
0.902512 0.0461094 5
0.937011 0.257485 3
0.924054 0.117264 4
0.979388 1 1
0.928324 0.24023 3
0.94347 0.508515 2
0.973965 1 1
0.925128 0.235125 3
0.935037 0.253059 3
0.917144 0.109524 4
0.931729 0.246345 3
0.965438 0.585973 2
0.938234 0.260399 3
0.951496 0.529523 2
0.899883 0.0211779 6
0.955558 0.542875 2
0.941385 0.268581 3
0.969092 0.606862 2
0.89597 0.00100153 10
0.862514 2.92486e-08 22
0.881617 7.11857e-05 13
0.914195 0.0259283 6
0.967054 0.594825 2
0.879964 3.121e-05 14
0.976039 0.65652 2
0.835318 4.96603e-12 0
0.865695 1.67031e-07 20
0.939731 0.144951 4
0.872348 2.32765e-06 17
0.990541 1 1
0.859032 1.12721e-08 23
0.90175 0.00495673 8
0.878147 0.00031642 11
0.935728 0.254572 3
0.942045 0.270427 3
0.94065 0.266582 3
0.930728 0.244468 3
0.879693 0.000326216 11
0.933075 0.248978 3
0.871706 5.61016e-05 13
0.964576 0.581484 2
0.979587 1 1
0.88881 0.00183947 9
0.929174 0.124453 4
0.853731 1.12453e-07 20
0.990714 1 1
0.899686 0.0100027 7
0.961624 0.567271 2
0.933028 0.130918 4
0.871524 5.04078e-06 16
0.890613 0.000886997 10
0.933842 0.132418 4
0.959005 0.556006 2
0.885764 0.000370848 11
0.958816 0.555241 2
0.867654 2.013e-06 17
0.894212 0.00203506 9
0.985664 1 1
0.913852 0.0257805 6
0.958388 0.553522 2
0.884537 0.000360932 11
0.948426 0.29106 3
0.889619 0.00402535 8
0.953077 0.53447 2
0.933974 0.250811 3
0.938532 0.261131 3
0.941528 0.268976 3
0.890881 0.00410368 8
0.929985 0.24312 3
0.882991 0.000762172 10
0.965113 0.58426 2
0.995958 1 1
0.90401 0.0222978 6
0.946142 0.514824 2
0.865837 9.69918e-06 15
0.986211 1 1
0.916824 0.10921 4
0.994015 1 1
0.91629 0.0536933 5
0.885239 0.00036655 11
0.904971 0.0108916 7
0.938538 0.261146 3
0.993027 1 1
0.902824 0.0105082 7
0.997396 1 1
0.856111 2.30663e-08 22
0.888092 0.000841471 10
0.952751 0.533426 2
0.88998 0.0018784 9
0.973739 0.638453 2
0.881747 0.000155688 12
0.914929 0.0527652 5
0.946874 0.516663 2
0.971029 1 1
0.9171 0.10948 4
0.935794 0.254718 3
0.981764 1 1
0.947702 0.518805 2
0.928979 0.241349 3
0.939804 0.264348 3
0.909258 0.0493652 5
0.941746 0.504756 2
0.95884 0.555337 2
0.940174 0.265317 3
0.922598 0.115465 4
0.932912 0.248651 3
0.947876 0.519262 2
0.898885 0.0209304 6
0.957734 0.550953 2
0.872291 0.000636096 10
0.885218 0.00377724 8
0.920625 0.228806 3
0.898029 0.0207245 6
0.877248 0.00153001 9
0.893337 0.0196907 6
0.916819 0.109205 4
0.924826 0.234671 3
0.935715 0.254542 3
0.975737 1 1
0.886333 0.00838352 7
0.912115 0.104966 4
0.974409 1 1
0.869681 2.39371e-05 14
0.941486 0.26886 3
0.875604 0.000135824 12
0.882955 0.000761668 10
0.905193 0.0226502 6
0.869533 2.38535e-05 14
0.874623 0.000133069 12
0.863638 4.05718e-06 16
0.946563 0.515874 2
0.935279 0.253585 3
0.900702 0.0101598 7
0.971346 0.621421 2
0.85346 1.11527e-07 20
0.924665 0.118049 4
0.934408 0.251717 3
0.952225 0.306177 3
0.952746 0.308445 3
0.928351 0.123198 4
0.948823 0.292528 3
0.989854 1 1
0.954209 0.315084 3
0.943499 0.274671 3
0.945446 0.280756 3
0.900368 0.00482674 8
0.935691 0.136022 4
0.947071 0.286218 3
0.922161 0.0583234 5
0.924673 0.0606694 5
0.930201 0.126078 4
0.92858 0.123543 4
0.927738 0.0638913 5
0.936313 0.137299 4
0.857932 4.7402e-09 24
0.875126 1.23953e-05 15
0.918417 0.0279335 6
0.925543 0.0615421 5
0.868836 9.33273e-07 18
0.924358 0.0603615 5
0.875503 1.25291e-05 15
0.894427 0.000965735 10
0.967159 0.595416 2
0.929999 0.125754 4
0.925475 0.0614721 5
0.882868 7.35837e-05 13
0.970686 0.617014 2
0.989852 1 1
0.929372 0.124761 4
0.888268 0.000392743 11
0.908207 0.0115368 7
0.946992 0.285943 3
0.987898 1 1
0.904794 0.00527138 8
0.983932 1 1
0.866827 3.89927e-07 19
0.898047 0.00220241 9
0.96737 0.596621 2
0.903518 0.00513447 8
0.967534 0.597566 2
0.890616 0.00041554 11
0.929359 0.12474 4
22 0 1 3 4 7 11 12 17 18 19 22 23 24 25 26 27 29 31 35 36 38 39 
23 0 1 3 4 7 11 12 17 18 19 22 23 24 25 26 27 29 31 33 35 36 38 39 
40 0 1 2 3 4 5 6 7 8 9 10 11 12 13 14 15 16 17 18 19 20 21 22 23 24 25 26 27 28 29 30 31 32 33 34 35 36 37 38 39 
38 0 1 3 4 5 6 7 8 9 10 11 12 13 15 16 17 18 19 20 21 22 23 24 25 26 27 28 29 30 31 32 33 34 35 36 37 38 39 
25 0 1 3 4 7 11 12 13 14 18 19 22 23 24 25 26 27 29 31 33 34 35 37 38 39 
15 0 1 4 7 11 12 19 22 24 29 31 33 35 38 39 
39 0 1 3 4 5 6 7 8 9 10 11 12 13 14 15 16 17 18 19 20 21 22 23 24 25 26 27 28 29 30 31 32 33 34 35 36 37 38 39 
9 0 7 11 12 19 29 31 35 38 
30 0 1 3 4 7 9 11 13 14 15 16 17 18 19 22 23 24 25 26 27 28 31 32 33 34 35 36 37 38 39 
31 0 1 3 4 7 9 11 12 13 14 15 16 17 18 19 22 23 24 25 26 27 28 29 31 33 34 35 36 37 38 39 
7 7 11 12 19 29 31 38 
18 0 1 3 4 7 11 12 19 22 24 25 27 29 31 33 35 38 39 
1 12 
31 0 1 3 4 5 7 9 10 11 12 13 17 18 19 22 23 24 25 26 27 28 29 31 32 33 34 35 36 37 38 39 
7 7 11 12 19 29 31 38 
