70 15 1e+07
1.49393 145351
2.9246 155562
2.44794 100357
1.39116 107950
2.20585 151095
1.82559 198907
1.66428 152061
1.44988 182115
1.92882 174315
1.31155 144551
2.45937 132882
2.66874 127199
2.59008 105813
1.33375 125957
1.73857 147839
2.49627 137740
2.65197 180932
1.77969 173834
1.29191 118493
2.11526 115585
1.65583 131224
1.70715 115060
2.15297 112573
1.16421 188111
2.43293 112010
2.62278 191874
1.2441 193766
2.44752 190412
1.01335 130784
1.01151 176598
2.95512 138700
1.11176 159511
1.04854 132366
1.34772 138846
1.77457 105847
2.87884 158406
1.60395 106850
1.26959 125979
2.81049 104128
1.88514 126539
1.15507 132058
2.40302 184568
1.21745 177489
1.09922 199380
2.03651 105035
1.50355 143198
1.13731 129184
1.81618 157477
1.73807 154706
1.3505 156307
2.97697 167141
1.31469 100016
1.66347 196838
1.17299 108580
1.91786 145360
1.15339 179634
2.58211 188164
2.06402 102850
2.75772 118052
2.26972 166407
2.2459 186288
1.35973 156307
2.98879 154583
2.94484 107159
2.21074 106434
1.9419 103140
2.78806 131251
2.50226 170088
2.5974 134897
2.01565 124387
0.858402 8.149e-06 15
0.88571 0.00380317 8
0.888623 0.00396595 8
0.918045 0.110428 4
0.966715 0.592917 2
0.897388 0.0205739 6
0.868492 0.000117871 12
0.88278 0.00166308 9
0.883437 0.00368645 8
0.841744 2.60154e-09 24
0.881564 0.00163178 9
0.837125 1.68084e-10 27
0.878011 0.000697876 10
0.875514 0.000669516 10
0.870887 0.000276946 11
0.975372 0.651103 2
0.958503 0.553983 2
0.921093 0.0573977 5
0.935266 0.13517 4
0.889703 0.000406396 11
0.881894 7.17054e-05 13
0.943553 0.274834 3
0.930575 0.126687 4
0.876198 1.27821e-05 15
0.974638 0.64531 2
0.972538 0.629692 2
0.971876 0.625045 2
0.938942 0.143084 4
0.978048 0.673804 2
0.935407 0.135452 4
0.965254 1 1
0.933439 0.489492 2
0.970097 1 1
0.955356 0.542161 2
0.908124 0.101844 4
0.86713 0.000588761 10
0.983377 1 1
0.903783 0.0988501 4
0.857577 4.2243e-05 13
0.92614 0.236682 3
0.970404 1 1
0.925682 0.235971 3
0.908831 0.102369 4
0.968889 1 1
0.902297 0.0460169 5
0.943818 0.275635 3
0.972063 0.626342 2
0.897992 0.0021998 9
0.927011 0.0630881 5
0.890246 0.000411794 11
0.903632 0.00514633 8
0.915275 0.0264076 6
0.956001 0.323793 3
0.900217 0.00231006 9
0.969192 0.607481 2
0.951919 0.304869 3
0.961554 0.566953 2
0.965555 0.586592 2
0.953714 0.312789 3
0.964544 0.581323 2
0.865655 6.60051e-09 24
0.889611 4.20182e-05 14
0.898526 0.000513359 11
0.925401 0.0321868 6
0.97124 0.620705 2
0.893641 0.000212992 12
0.877343 1.2582e-06 18
0.883941 7.55018e-06 16
0.879585 2.98028e-06 17
0.846873 8.48157e-12 0
0.888424 4.03871e-05 14
0.842518 6.88549e-12 0
0.879871 3.01149e-06 17
0.882338 7.12989e-06 16
0.872453 9.7661e-08 21
0.923045 0.0591213 5
0.949775 0.296156 3
0.874456 1.21629e-05 15
0.903186 0.00509998 8
0.870746 2.21239e-06 17
0.899227 0.00472487 8
0.89287 0.000932033 10
0.948672 0.291966 3
0.899462 0.0047454 8
0.960085 0.560509 2
0.926966 0.06304 5
0.953582 0.312187 3
0.957079 0.548449 2
0.929316 0.124674 4
0.961888 0.568471 2
0.9235 0.232732 3
0.951218 0.528684 2
0.932741 0.248311 3
0.984105 1 1
0.959057 0.556221 2
0.915187 0.107657 4
0.924958 0.234868 3
0.935008 0.252997 3
0.902753 0.0462138 5
0.907514 0.1014 4
0.949585 0.523931 2
0.902738 0.0462073 5
0.934344 0.251583 3
0.943156 0.507812 2
0.925899 0.236306 3
0.925334 0.0321396 6
0.964114 0.372791 3
0.92282 0.0159334 7
0.973827 0.639112 2
0.949686 0.17502 4
0.925496 0.0322543 6
0.920253 0.0149294 7
0.949895 0.175807 4
0.913887 0.00651481 8
0.916031 0.00689501 8
0.951769 0.304234 3
0.910513 0.0029978 9
0.949089 0.172815 4
0.945905 0.162009 4
0.940519 0.14688 4
0.876433 0.000679691 10
0.909755 0.049636 5
0.897657 0.0206366 6
0.936723 0.256817 3
0.985614 1 1
0.919758 0.112225 4
0.881887 0.00163996 9
0.908116 0.0487604 5
0.905255 0.0473459 5
0.863257 2.06962e-05 14
0.901067 0.0214828 6
0.858132 3.53391e-06 16
0.903093 0.0220345 6
0.894962 0.00934451 7
0.895837 0.00945815 7
0.912652 0.105416 4
0.960198 0.560989 2
0.874942 0.000663339 10
0.912973 0.10569 4
0.888866 0.00863901 7
0.926865 0.237829 3
0.887513 0.0085001 7
0.975551 1 1
0.926815 0.23775 3
0.939058 0.499335 2
0.925506 0.235701 3
0.931724 0.246334 3
0.981291 1 1
0.925361 0.235479 3
0.989529 1 1
0.965219 0.380889 3
0.973942 0.639977 2
0.928415 0.0344883 6
0.953582 0.312187 3
0.908521 0.00283677 9
0.896677 0.000233678 12
0.943681 0.155324 4
0.94261 0.152331 4
0.889415 4.17413e-05 14
0.957511 0.331666 3
0.983922 0.733661 2
0.95294 0.309299 3
0.949538 0.174468 4
0.983669 0.730764 2
0.943724 0.155446 4
0.912243 0.0124757 7
0.955955 0.323561 3
0.911735 0.0123484 7
0.962615 0.571855 2
0.95583 0.322931 3
0.936728 0.13817 4
0.907308 0.00556489 8
0.950968 0.300909 3
0.924045 0.0600593 5
0.90586 0.00539183 8
0.938211 0.141409 4
0.899992 0.00229838 9
0.947577 0.287994 3
0.932559 0.0699174 5
0.939386 0.144127 4
0.920615 0.0291313 6
0.960254 0.347344 3
0.87794 2.80984e-06 17
0.912006 0.00621248 8
0.883101 1.58083e-05 15
0.914653 0.0131214 7
0.893148 0.000209925 12
0.965015 0.58375 2
0.914297 0.0130215 7
0.950881 0.300555 3
0.930132 0.0667232 5
0.943595 0.155078 4
0.97316 0.634175 2
0.93105 0.0678909 5
0.978579 0.678622 2
0.942742 0.152693 4
0.996401 1 1
0.914045 0.00654143 8
0.952711 0.308291 3
0.917219 0.0138914 7
0.917871 0.0141019 7
0.923828 0.0311082 6
0.964427 0.375041 3
0.910675 0.00601428 8
0.946584 0.164186 4
0.963881 0.371131 3
0.940124 0.145905 4
0.970188 0.613769 2
0.961366 0.354239 3
0.962788 0.36356 3
0.934867 0.252693 3
0.940137 0.265218 3
0.95733 0.5494 2
0.988251 1 1
0.945473 0.280844 3
0.891839 0.00194398 9
0.945482 0.280874 3
0.916823 0.0540709 5
0.880023 0.000328376 11
0.908233 0.0236309 6
0.957236 0.549045 2
0.905025 0.0225992 6
0.918381 0.0552198 5
0.951012 0.528068 2
0.910304 0.0243679 6
0.940942 0.267368 3
0.968501 0.603262 2
0.934504 0.251922 3
0.980617 1 1
0.938836 0.261885 3
0.91185 0.0508316 5
0.935376 0.253797 3
0.944485 0.277694 3
0.901361 0.0102649 7
0.927166 0.121461 4
0.967904 0.599722 2
0.922294 0.115102 4
0.946579 0.284526 3
0.961725 0.567729 2
0.938284 0.260521 3
0.926256 0.120181 4
0.941112 0.267832 3
0.946507 0.284281 3
0.989574 1 1
0.9564 0.545919 2
0.900671 0.0101549 7
0.934232 0.133155 4
0.921298 0.0575722 5
0.888266 0.000844463 10
0.903597 0.0106426 7
0.950406 0.298638 3
0.899733 0.00476938 8
0.921613 0.0578436 5
0.943939 0.276006 3
0.913325 0.0255574 6
0.886123 0.000809 10
0.919269 0.0559073 5
0.905579 0.0110065 7
0.946853 0.285465 3
0.99068 1 1
0.921868 0.0580652 5
0.890902 0.00191035 9
0.91575 0.0533192 5
0.907378 0.0233436 6
0.872678 2.57432e-05 14
0.911074 0.0246575 6
0.867561 4.50546e-06 16
0.911247 0.0247236 6
0.904909 0.0108802 7
0.903694 0.0106598 7
0.936441 0.256172 3
0.959421 0.557719 2
0.939045 0.262409 3
0.989389 1 1
0.945966 0.514389 2
0.909389 0.049436 5
0.935679 0.254462 3
0.937399 0.258393 3
0.898081 0.0207367 6
0.919205 0.111633 4
0.962955 0.573468 2
0.914681 0.107195 4
0.93866 0.261446 3
0.956438 0.546058 2
0.930308 0.243701 3
0.948677 0.291987 3
0.948214 0.290284 3
0.958547 0.554157 2
0.983441 1 1
0.933495 0.131773 4
0.890014 0.000409471 11
0.955332 0.320461 3
0.921399 0.0576593 5
0.87923 3.05759e-05 14
0.921125 0.0574251 5
0.971304 0.621136 2
0.91817 0.0278057 6
0.924437 0.0604384 5
0.965123 0.584317 2
0.916697 0.0270727 6
0.968866 0.605475 2
0.969935 0.612143 2
0.931628 0.128451 4
0.953997 0.537491 2
0.907773 0.0234753 6
0.893304 0.00426427 8
0.947636 0.288204 3
0.93866 0.261446 3
0.885886 0.000805264 10
0.957004 0.548166 2
0.987575 1 1
0.953016 0.534273 2
0.945512 0.280972 3
0.98786 1 1
0.939732 0.264164 3
0.937628 0.496651 2
0.950699 0.527143 2
0.948602 0.521211 2
0.997141 1 1
0.945694 0.513723 2
0.900511 0.0452728 5
0.942079 0.505464 2
0.927478 0.238824 3
0.888992 0.00865215 7
0.915231 0.107698 4
0.96264 0.571972 2
0.911397 0.104375 4
0.929049 0.241471 3
0.956062 0.544684 2
0.920859 0.229112 3
0.86838 2.32174e-05 14
0.918474 0.110868 4
0.868139 2.30875e-05 14
0.915743 0.0533148 5
0.938869 0.261967 3
0.969692 0.610605 2
0.861992 3.88907e-06 16
0.934358 0.251613 3
0.954758 0.540076 2
0.870157 5.42346e-05 13
0.892509 0.00421003 8
0.86369 9.20749e-06 15
0.925861 0.119639 4
0.887605 0.00180109 9
0.921315 0.11396 4
0.910319 0.0499489 5
0.965794 0.587869 2
0.88057 0.000729509 10
0.923257 0.116268 4
0.904193 0.0223513 6
0.942002 0.270305 3
0.889242 0.00400261 8
0.993913 1 1
0.939426 0.263376 3
0.928904 0.24122 3
0.927893 0.239509 3
0.921543 0.114222 4
0.991476 1 1
0.926196 0.120098 4
0.991182 1 1
0.888667 1.91554e-05 15
0.92718 0.0335056 6
0.901447 0.000560215 11
0.947004 0.165565 4
0.97809 0.674184 2
0.933661 0.0714873 5
0.889892 4.24193e-05 14
0.926681 0.0331247 6
0.919052 0.0145004 7
0.878833 1.3318e-06 18
0.914084 0.00654816 8
0.873307 1.0129e-07 21
0.92153 0.0154132 7
0.908095 0.00280442 9
0.914158 0.00656066 8
0.945404 0.513019 2
0.96809 0.600815 2
0.937631 0.258944 3
0.980363 1 1
0.935412 0.253876 3
0.907791 0.0485926 5
0.939741 0.264185 3
0.942064 0.27048 3
0.897574 0.00969447 7
0.92994 0.243039 3
0.972498 1 1
0.925331 0.118925 4
0.944852 0.511699 2
0.966189 0.590014 2
0.936756 0.256894 3
0.920856 0.0292699 6
0.939434 0.144241 4
0.941243 0.148712 4
0.984713 0.742924 2
0.96245 0.571077 2
0.904249 0.00254021 9
0.928276 0.0645021 5
0.921814 0.0298356 6
0.891481 0.000200081 12
0.899747 0.00110056 10
0.94536 0.16031 4
0.895639 0.000473317 11
0.921407 0.0295925 6
0.938888 0.142958 4
0.913082 0.0126926 7
0.8804 0.000727322 10
0.895369 0.00939694 7
0.919923 0.112405 4
0.938186 0.260281 3
0.966935 0.594148 2
0.883151 0.000764436 10
0.896119 0.00949558 7
0.88369 0.00168737 9
0.869291 5.32363e-05 13
0.856678 6.47562e-07 18
0.901599 0.0216239 6
0.853032 1.10079e-07 20
0.88129 0.000738924 10
0.895594 0.00942629 7
0.873445 0.000129889 12
0.956674 0.327242 3
0.979519 0.687418 2
0.928873 0.0651975 5
0.96119 0.565322 2
0.917562 0.0274976 6
0.904349 0.00522279 8
0.939884 0.145319 4
0.947987 0.28946 3
0.896295 0.00100938 10
0.948785 0.292388 3
0.98051 0.697087 2
0.943733 0.275377 3
0.953722 0.312826 3
0.9771 0.665464 2
0.946816 0.285338 3
0.879334 1.35796e-06 18
0.934921 0.073381 5
0.858185 3.47638e-11 30
0.90442 0.00125061 10
0.902395 0.00118135 10
0.971995 0.625874 2
0.862092 4.91991e-10 27
0.965368 0.382014 3
0.973898 0.639649 2
0.89585 0.000227722 12
0.898859 0.00051836 11
0.888745 4.08181e-05 14
0.956497 0.326323 3
0.896156 0.000229894 12
0.957486 0.331531 3
0.950793 0.527418 2
0.967617 1 1
0.90158 0.0457132 5
0.92667 0.237518 3
0.887317 0.00848052 7
0.896234 0.0203108 6
0.920711 0.228919 3
0.948026 0.519662 2
0.892532 0.0195279 6
0.977037 1 1
0.955533 0.542785 2
0.969473 1 1
0.957428 0.549775 2
0.958356 0.553394 2
0.956127 0.544922 2
0.876689 0.000682581 10
0.920949 0.113543 4
0.884586 0.00374444 8
0.93096 0.244897 3
0.961664 0.567452 2
0.94811 0.519886 2
0.874884 0.000662722 10
0.928045 0.239762 3
0.933171 0.24917 3
0.871796 0.000281379 11
0.901762 0.0216677 6
0.865816 4.95245e-05 13
0.921157 0.11378 4
0.896176 0.0202979 6
0.914858 0.107356 4
0.944172 0.156741 4
0.907715 0.00561559 8
0.984201 0.736897 2
0.937346 0.139496 4
0.897608 0.00104237 10
0.846424 8.29759e-12 0
0.978396 0.676952 2
0.87928 6.42069e-06 16
0.8363 5.18663e-12 0
0.903209 0.00247671 9
0.943284 0.154197 4
0.90393 0.00252043 9
0.883796 3.48984e-05 14
0.942209 0.151248 4
0.877267 2.74421e-06 17
0.96641 0.591224 2
0.925071 0.0319541 6
0.968925 0.605834 2
0.944342 0.157243 4
0.898138 0.000507646 11
0.857617 7.66227e-11 29
0.994825 1 1
0.895298 0.000223885 12
0.848434 9.16106e-12 0
0.924632 0.0316495 6
0.962769 0.363436 3
0.925277 0.0320989 6
0.90081 0.00113176 10
0.963067 0.365459 3
0.894723 0.000220004 12
0.915338 0.053039 5
0.948933 0.522116 2
0.869602 2.38928e-05 14
0.901383 0.0215663 6
0.872144 5.66492e-05 13
0.906629 0.0230995 6
0.886379 0.00176376 9
0.954232 0.538283 2
0.907754 0.0234687 6
0.950288 0.525941 2
0.921743 0.114455 4
0.943642 0.275101 3
0.961581 0.567078 2
0.923388 0.116429 4
0.968014 0.600368 2
0.912966 0.0515071 5
0.970577 1 1
0.892674 0.00906295 7
0.939307 0.263072 3
0.923609 0.116703 4
0.947757 0.518949 2
0.89708 0.00962581 7
0.984872 1 1
0.940189 0.265356 3
0.921848 0.114577 4
0.934907 0.252779 3
0.914831 0.0526996 5
0.979421 1 1
0.931553 0.24601 3
0.971941 1 1
0.926661 0.237504 3
0.977679 1 1
0.912126 0.050996 5
0.959785 0.559237 2
0.935381 0.253807 3
0.932479 0.247795 3
0.914771 0.107276 4
0.966153 0.589815 2
0.922715 0.115606 4
0.925789 0.236136 3
0.951449 0.52938 2
0.919497 0.111944 4
0.965874 0.5883 2
0.946867 0.516644 2
0.957149 0.548714 2
0.892609 0.000206654 12
0.912889 0.00635101 8
0.924093 0.0312846 6
0.953782 0.3131 3
0.982186 0.714391 2
0.898903 0.00107689 10
0.904208 0.00253769 9
0.901703 0.00115923 10
0.88495 3.61495e-05 14
0.87163 2.08705e-07 20
0.915717 0.0134296 7
0.867506 3.57418e-08 22
0.899196 0.001085 10
0.909472 0.00584564 8
0.89121 0.000198556 12
0.987889 1 1
0.951799 0.304359 3
0.936046 0.136746 4
0.942837 0.272709 3
0.894797 0.00205887 9
0.876111 2.81042e-05 14
0.959349 0.557418 2
0.921629 0.0578575 5
0.869065 2.10047e-06 17
0.959829 0.559424 2
0.981929 1 1
0.958952 0.555792 2
0.929021 0.124216 4
0.98868 1 1
0.924251 0.0602578 5
0.955203 0.319832 3
0.961032 0.564621 2
0.902465 0.00502696 8
0.923608 0.059645 5
0.882605 7.30678e-05 13
0.889029 0.000399872 11
0.923497 0.0595401 5
0.940388 0.265882 3
0.885357 0.000169935 12
0.984729 1 1
0.955519 0.321386 3
0.977249 0.666752 2
0.949717 0.295931 3
0.959392 0.557596 2
0.948603 0.291711 3
0.984687 1 1
0.942256 0.505843 2
0.950734 0.527244 2
0.947309 0.517781 2
0.898468 0.0444696 5
0.869681 0.000611297 10
0.974709 1 1
0.911726 0.104643 4
0.861537 0.000103954 12
0.944788 0.511548 2
0.979979 1 1
0.944692 0.511324 2
0.918191 0.225753 3
0.983019 1 1
0.912628 0.105396 4
0.881528 0.00794752 7
0.932476 0.48798 2
0.878803 0.00347206 8
0.927587 0.239003 3
0.943092 0.507669 2
0.968198 1 1
0.874107 0.0014639 9
0.946769 0.516395 2
0.953156 0.534725 2
0.883248 0.00809699 7
0.905871 0.100243 4
0.876733 0.00338509 8
0.938623 0.498504 2
0.900995 0.0454706 5
0.933321 0.489305 2
0.971384 1 1
0.966373 1 1
0.923631 0.232919 3
0.942599 0.506586 2
0.897403 0.0205774 6
0.888945 0.00864725 7
0.943293 0.508117 2
0.937049 0.257573 3
0.882725 0.00365157 8
0.968544 1 1
0.978041 1 1
0.964503 0.581113 2
0.945039 0.512143 2
0.98196 1 1
0.94066 0.502504 2
0.972188 1 1
0.962989 0.573632 2
0.920829 0.113408 4
0.937938 0.259681 3
0.89289 0.00908863 7
0.886009 0.00381918 8
0.941898 0.505077 2
0.934776 0.252499 3
0.880222 0.00159862 9
0.973132 1 1
0.974025 1 1
0.969335 1 1
0.943089 0.507664 2
0.978732 1 1
0.939314 0.263091 3
0.969002 0.606309 2
0.951703 0.530155 2
0.954479 0.539119 2
0.964554 0.581375 2
0.914788 0.0526714 5
0.882464 0.000345262 11
0.966536 0.591923 2
0.921379 0.114033 4
0.873295 5.81332e-05 13
0.937998 0.259825 3
0.988268 1 1
0.935945 0.255054 3
0.926615 0.12068 4
0.984005 1 1
0.919926 0.0564311 5
0.951521 0.303192 3
0.953156 0.310261 3
0.954458 0.316251 3
0.982388 0.716564 2
0.93172 0.0687736 5
0.892558 0.0004363 11
0.954459 0.316257 3
0.925674 0.0616762 5
0.882088 1.52972e-05 15
0.925683 0.0616853 5
0.975687 0.653638 2
0.922504 0.0302588 6
0.929019 0.0653692 5
0.969242 0.607788 2
0.92133 0.0295469 6
0.926837 0.120993 4
0.953856 0.537023 2
0.934291 0.251473 3
0.986331 1 1
0.955558 0.542877 2
0.914123 0.0522372 5
0.927639 0.122144 4
0.936226 0.255685 3
0.901983 0.0103667 7
0.910718 0.0245223 6
0.953057 0.534407 2
0.905977 0.0228926 6
0.936027 0.255238 3
0.946613 0.284643 3
0.927572 0.122046 4
0.87743 0.00153402 9
0.901383 0.0456311 5
0.908553 0.102161 4
0.938115 0.497551 2
0.982943 1 1
0.899569 0.0448964 5
0.888368 0.00858714 7
0.8942 0.0198698 6
0.885381 0.00829243 7
0.858499 4.29697e-05 13
0.900643 0.0453265 5
0.854119 7.42118e-06 15
0.890548 0.0191428 6
0.894469 0.0199265 6
0.882898 0.00365997 8
0.91648 0.0136602 7
0.90737 0.00275076 9
0.969777 0.611144 2
0.953683 0.312649 3
0.933085 0.070657 5
0.864352 2.77373e-09 25
0.941063 0.14825 4
0.884537 7.71593e-06 16
0.852078 1.1025e-11 0
0.882773 7.24039e-06 16
0.930854 0.0676376 5
0.881013 3.14105e-06 17
0.88596 1.74038e-05 15
0.926073 0.0326722 6
0.878189 1.29926e-06 18
0.940449 0.266042 3
0.919522 0.111971 4
0.989169 1 1
0.957502 0.550059 2
0.919236 0.111666 4
0.863586 9.18464e-06 15
0.966801 0.593397 2
0.8926 0.00905418 7
0.852561 2.50626e-07 19
0.903332 0.0221022 6
0.950523 0.526627 2
0.902372 0.0218337 6
0.895896 0.00946596 7
0.946935 0.516818 2
0.888603 0.00396474 8
0.958816 0.338897 3
0.976871 0.663499 2
0.915324 0.00676514 8
0.941787 0.150125 4
0.900101 0.000537762 11
0.89925 0.000524339 11
0.932301 0.0695615 5
0.948936 0.172258 4
0.893555 0.000101114 13
0.967137 0.395919 3
0.9703 0.614495 2
0.96104 0.352182 3
0.957268 0.330366 3
0.971879 0.625064 2
0.95299 0.309524 3
0.872139 2.31216e-06 17
0.925059 0.0610528 5
0.865915 1.68351e-07 20
0.914179 0.0259214 6
0.929282 0.0656837 5
0.982783 1 1
0.862626 2.93764e-08 22
0.945182 0.279903 3
0.967281 0.596114 2
0.877785 1.33914e-05 15
0.895489 0.000990101 10
0.871071 1.00546e-06 18
0.936114 0.136886 4
0.891076 0.000420292 11
0.932487 0.129947 4
0.890192 0.00406047 8
0.923507 0.116576 4
0.908458 0.0489388 5
0.950975 0.527959 2
0.989015 1 1
0.922933 0.115871 4
0.89447 0.0092821 7
0.919245 0.111675 4
0.908511 0.0489669 5
0.876813 0.000308407 11
0.915308 0.107769 4
0.871681 0.000125371 12
0.914963 0.107452 4
0.909124 0.0492931 5
0.907296 0.0483408 5
0.941108 0.503422 2
0.985978 1 1
0.903068 0.0463512 5
0.937634 0.496662 2
0.902953 0.0463009 5
0.91437 0.106914 4
0.916679 0.109069 4
0.966287 1 1
0.90954 0.102907 4
0.956851 0.547592 2
0.955936 0.544229 2
0.94959 0.523945 2
0.975172 1 1
0.955727 0.543478 2
0.970875 1 1
0.914768 0.00666614 8
0.955163 0.319637 3
0.872506 9.78818e-08 21
0.907209 0.0027391 9
0.880056 1.39701e-06 18
0.916034 0.00689563 8
0.88742 1.8317e-05 15
0.964205 0.373439 3
0.916683 0.0137228 7
0.945849 0.161832 4
0.924259 0.031396 6
0.938745 0.0798509 5
0.971154 0.620128 2
0.925097 0.0319724 6
0.978158 0.674789 2
0.990054 1 1
0.940792 0.147564 4
0.928034 0.0341791 6
0.928688 0.0347131 6
0.881234 3.16707e-06 17
0.865417 2.91646e-09 25
0.955427 0.320932 3
0.912311 0.00625958 8
0.859278 8.35139e-11 29
0.964794 0.377732 3
0.96703 0.594685 2
0.966696 0.392348 3
0.920342 0.0149622 7
0.973662 0.63788 2
0.916739 0.0137404 7
0.99633 1 1
0.939902 0.264604 3
0.940805 0.266997 3
0.937212 0.257954 3
0.888873 0.000855084 10
0.865528 1.89114e-06 17
0.968098 0.600861 2
0.909967 0.0242439 6
0.858291 1.29815e-07 20
0.952937 0.53402 2
0.973509 0.636744 2
0.95397 0.537403 2
0.917226 0.0543611 5
0.979114 1 1
0.912554 0.0252397 6
0.882013 3.26147e-06 17
0.920743 0.0151116 7
0.895959 0.000228493 12
0.94026 0.146238 4
0.977361 0.667729 2
0.933762 0.0716356 5
0.88365 7.47129e-06 16
0.921886 0.0155535 7
0.919037 0.0144952 7
0.872491 9.78201e-08 21
0.907234 0.00274094 9
0.866945 7.00135e-09 24
0.916287 0.00694323 8
0.901285 0.000557429 11
0.909189 0.00288904 9
0.891537 0.000200398 12
0.936152 0.136965 4
0.896331 0.000482408 11
0.944932 0.159001 4
0.96329 0.575084 2
0.946761 0.285148 3
0.888513 8.63184e-05 13
0.939917 0.145399 4
0.932202 0.0694264 5
0.886322 8.09668e-05 13
0.91699 0.0138186 7
0.880338 1.44735e-05 15
0.933935 0.0718896 5
0.911376 0.0122598 7
0.926878 0.0629445 5
0.928524 0.24057 3
0.950865 0.527632 2
0.87844 0.00155676 9
0.905324 0.0473782 5
0.871009 0.000277533 11
0.895522 0.0201532 6
0.897735 0.020655 6
0.945861 0.51413 2
0.89511 0.0200636 6
0.966478 1 1
0.931045 0.245055 3
0.959953 0.559949 2
0.954732 0.539985 2
0.933798 0.250448 3
0.958477 0.553876 2
0.870888 4.49849e-07 19
0.91444 0.0130613 7
0.880489 1.4542e-05 15
0.925727 0.0617307 5
0.960553 0.349167 3
0.945619 0.28132 3
0.869865 1.94905e-07 20
0.921955 0.0299209 6
0.930882 0.0676741 5
0.865638 3.3101e-08 22
0.895824 0.00099803 10
0.859708 2.24805e-09 25
0.914938 0.0132024 7
0.890216 0.000193127 12
0.908825 0.00575876 8
0.934541 0.251999 3
0.900586 0.0213576 6
0.985261 1 1
0.933624 0.25009 3
0.897554 0.0206127 6
0.84222 2.64429e-09 24
0.968392 0.602613 2
0.872871 0.000286792 11
0.831723 4.2471e-12 0
0.894092 0.00923491 7
0.934973 0.252923 3
0.894719 0.00931359 7
0.876943 0.000685468 10
0.933435 0.249704 3
0.870244 0.000121891 12
0.887614 0.000180067 12
0.937614 0.140081 4
0.885718 0.000171488 12
0.934885 0.134418 4
0.948277 0.290513 3
0.961656 0.567414 2
0.880817 3.19739e-05 14
0.948754 0.292271 3
0.947048 0.286137 3
0.887728 0.000180605 12
0.912336 0.0124994 7
0.88131 3.24293e-05 14
0.941269 0.148779 4
0.907291 0.00556284 8
0.935226 0.13509 4
0.930146 0.12599 4
0.968178 0.601335 2
0.92491 0.0609038 5
0.974876 0.647167 2
0.945172 0.279872 3
0.922715 0.0588196 5
0.923953 0.0599717 5
0.950911 0.300673 3
0.911639 0.0123246 7
0.920782 0.0571354 5
0.956652 0.327126 3
0.915308 0.0264226 6
0.951062 0.301292 3
0.950849 0.300421 3
0.942474 0.271654 3
0.903481 0.0465338 5
0.96044 0.562033 2
0.88545 0.0037894 8
0.933018 0.248863 3
0.923903 0.233312 3
0.957758 0.551047 2
0.888469 0.00859764 7
0.981454 1 1
0.949822 0.524604 2
0.912912 0.105637 4
0.92553 0.235737 3
0.905883 0.0476446 5
0.972978 1 1
0.922026 0.230673 3
0.967458 1 1
0.942973 0.15333 4
0.914553 0.0130932 7
0.994025 1 1
0.948603 0.291714 3
0.909517 0.00585176 8
0.855883 3.07679e-11 30
0.973625 0.637603 2
0.886774 3.82809e-05 14
0.845266 7.84528e-12 0
0.903684 0.00250535 9
0.94818 0.29016 3
0.90347 0.00249239 9
0.890661 9.2161e-05 13
0.945727 0.161448 4
0.8837 1.61235e-05 15
0.86356 1.35289e-08 23
0.894196 0.000455309 11
0.88965 0.000190146 12
0.923547 0.0309238 6
0.973779 0.638754 2
0.908145 0.00567016 8
0.871419 4.58643e-07 19
0.892704 0.000437934 11
0.893993 0.000452867 11
0.84889 9.37202e-12 0
0.887427 8.35945e-05 13
0.843992 7.38147e-12 0
0.887594 8.40046e-05 13
0.88136 1.49458e-05 15
0.880534 1.45623e-05 15
0.942027 0.270377 3
0.958284 0.553111 2
0.890809 0.00190708 9
0.915395 0.0530772 5
0.87775 0.000142223 12
0.893289 0.00426323 8
0.910834 0.0502404 5
0.945013 0.279363 3
0.891107 0.00411807 8
0.97787 1 1
0.943881 0.275826 3
0.970373 0.614964 2
0.954479 0.539119 2
0.947053 0.286155 3
0.955563 0.542895 2
0.962459 0.571122 2
0.948087 0.289824 3
0.904264 0.00521357 8
0.917478 0.0274555 6
0.873993 2.45575e-06 17
0.875326 5.65305e-06 16
0.928671 0.0649596 5
0.925762 0.0617665 5
0.871524 1.02109e-06 18
0.993422 1 1
0.953413 0.311418 3
0.990778 1 1
0.934908 0.134462 4
0.958904 0.339394 3
0.933796 0.132332 4
0.914659 0.107175 4
0.955735 0.543506 2
0.915836 0.108262 4
0.966912 1 1
0.957521 0.550133 2
0.932451 0.24774 3
0.910824 0.103913 4
0.948052 0.519729 2
0.9198 0.227745 3
0.906444 0.10064 4
0.940816 0.502821 2
0.900763 0.0453754 5
0.945288 0.512739 2
0.93498 0.492012 2
0.936972 0.495462 2
53 0 2 4 6 7 8 10 11 13 14 15 16 17 18 19 20 21 22 23 24 25 26 27 28 29 31 32 33 35 36 37 38 40 41 44 45 46 47 48 49 51 52 56 57 58 60 61 62 63 64 65 66 69 
50 0 2 4 6 7 8 10 11 13 14 15 16 17 18 19 20 21 22 24 25 26 27 28 31 32 33 36 37 38 40 41 44 45 46 47 48 49 51 52 55 56 57 58 60 61 62 63 65 66 69 
8 0 4 27 37 47 48 61 66 
21 0 4 8 14 16 17 24 26 27 31 32 37 47 48 49 52 57 60 61 65 66 
8 0 4 27 37 47 48 61 66 
40 0 2 4 6 7 8 11 14 15 16 17 18 19 21 22 24 25 26 27 31 33 37 41 44 45 46 47 48 49 51 52 57 58 60 61 62 63 65 66 69 
53 0 2 4 6 7 8 9 10 11 13 14 15 16 17 18 19 20 21 22 23 24 25 26 27 28 29 31 32 33 35 36 37 41 44 45 46 47 48 49 50 51 52 53 57 58 60 61 62 63 64 65 66 69 
47 0 2 4 6 7 8 11 13 14 15 16 17 18 19 21 22 24 25 26 27 28 29 31 32 33 35 36 37 41 44 45 46 47 48 49 51 52 57 58 60 61 62 63 64 65 66 69 
37 0 2 4 6 7 8 11 14 15 16 17 18 19 21 22 24 25 26 27 31 36 37 41 44 45 46 47 49 51 52 57 58 60 62 63 66 69 
68 0 1 2 3 5 6 7 8 9 10 11 12 13 14 15 16 17 18 19 20 21 22 23 24 25 26 27 28 29 30 31 32 33 34 35 36 37 38 39 40 41 42 43 44 45 46 47 48 49 50 51 52 53 54 55 56 57 58 59 60 61 62 63 64 65 67 68 69 
47 0 2 4 6 7 8 11 13 14 15 16 17 18 19 21 22 23 24 25 26 27 28 29 31 32 35 36 37 41 44 45 46 47 48 49 51 52 57 58 60 61 62 63 64 65 66 69 
58 0 1 2 6 7 8 10 11 13 14 15 16 17 18 19 20 21 22 24 25 26 27 28 30 31 32 33 35 36 37 38 39 40 41 42 43 44 45 46 47 48 49 50 51 52 53 55 56 57 58 60 61 62 63 64 65 68 69 
60 0 1 2 4 6 7 8 10 11 13 14 15 16 17 18 19 20 21 22 24 25 26 27 28 30 31 32 33 35 36 37 38 39 40 41 42 43 44 45 46 47 48 49 50 51 52 53 55 56 57 58 60 61 62 63 64 65 66 68 69 
48 0 2 4 6 7 8 11 13 14 15 16 17 18 19 21 22 24 25 26 27 28 29 31 32 33 35 36 37 40 41 44 45 46 47 48 49 51 52 57 58 60 61 62 63 64 65 66 69 
51 0 2 4 6 7 8 10 11 13 14 15 16 17 18 19 20 21 22 23 24 25 26 27 28 29 31 32 33 35 36 37 40 41 44 45 46 47 48 49 51 52 57 58 60 61 62 63 64 65 66 69 
