70 15 1e+07
2.44684 118089
2.25517 151929
1.17992 184782
1.11607 193424
1.2898 150807
2.80861 113706
2.56735 104438
2.47336 115265
1.00987 166970
1.16872 155554
2.43877 117660
1.6835 100738
2.69671 134140
1.55847 116744
2.49783 172403
1.7624 136059
2.68498 109989
1.74042 128283
1.46511 162223
1.35928 190664
2.40042 198979
1.25725 195513
1.36926 195001
1.57461 128719
1.14621 173210
2.43222 147959
2.65987 142650
2.53834 134891
1.39985 143567
1.62626 132169
2.02478 182375
1.4547 112414
1.07249 145858
2.4672 159938
2.79325 199217
2.0547 138844
1.00056 154364
1.06588 148801
1.20837 190960
1.25468 178439
1.9487 115118
2.14 172584
1.34397 101717
1.90429 134011
2.5725 103014
1.36852 199660
2.99584 175700
2.81412 143273
2.91055 147655
2.93115 105101
1.50887 152486
1.54339 117825
2.3405 131276
1.18389 128271
1.67927 173126
1.67301 101162
1.49709 152263
1.09545 154629
2.12763 185756
1.58062 152784
1.82091 163889
1.31926 157756
1.95423 114503
1.92232 179643
1.15195 180669
1.82366 120614
1.01616 153022
1.1454 123676
1.78467 175186
1.12622 191796
0.931441 0.0684028 5
0.94672 0.164628 4
0.908553 0.00283926 9
0.907879 0.00278818 9
0.881978 3.25704e-06 17
0.908467 0.00283263 9
0.949124 0.172944 4
0.904809 0.00126475 10
0.932401 0.0696992 5
0.888945 4.10898e-05 14
0.964305 0.37416 3
0.955805 0.322806 3
0.921596 0.0154391 7
0.959635 0.343643 3
0.93179 0.0688679 5
0.956987 0.5481 2
0.925193 0.235224 3
0.918327 0.110715 4
0.970134 1 1
0.888241 0.00857409 7
0.933831 0.250515 3
0.967207 1 1
0.949263 0.523029 2
0.932109 0.247075 3
0.89197 0.00898064 7
0.917602 0.109979 4
0.893806 0.0091995 7
0.97654 1 1
0.897088 0.0205046 6
0.964627 0.581747 2
0.927603 0.0338359 6
0.919777 0.0147562 7
0.929807 0.0663212 5
0.996881 1 1
0.902657 0.00118992 10
0.908081 0.00280333 9
0.936434 0.0758047 5
0.973478 0.636508 2
0.934148 0.0722064 5
0.904486 0.00255516 9
0.904631 0.00256438 9
0.877695 1.27502e-06 18
0.951203 0.301872 3
0.880522 3.08438e-06 17
0.966717 0.592927 2
0.96863 1 1
0.920457 0.112992 4
0.892779 0.00907543 7
0.920152 0.112656 4
0.863583 4.73609e-05 13
0.946204 0.514977 2
0.979562 1 1
0.906096 0.0477476 5
0.914227 0.106787 4
0.869313 0.000269563 11
0.92919 0.241716 3
0.917952 0.110332 4
0.950761 0.527325 2
0.921621 0.230125 3
0.930585 0.244207 3
0.917513 0.054571 5
0.936029 0.136713 4
0.950419 0.298691 3
0.975758 0.654219 2
0.922152 0.0583152 5
0.895213 0.00207617 9
0.930922 0.127261 4
0.989646 1 1
0.952971 0.309439 3
0.924361 0.0603642 5
0.917402 0.05449 5
0.888861 0.00085487 10
0.9373 0.25816 3
0.891382 0.000901851 10
0.979999 1 1
0.877178 0.000310558 11
0.972239 1 1
0.952357 0.532181 2
0.897229 0.00964644 7
0.940614 0.266484 3
0.852523 1.08394e-07 20
0.896761 0.00958207 7
0.914432 0.0524375 5
0.961989 0.568936 2
0.948868 0.521936 2
0.959423 0.557724 2
0.939507 0.263582 3
0.8814 0.000740386 10
0.939374 0.263244 3
0.928629 0.240749 3
0.939312 0.263086 3
0.954556 0.539382 2
0.920577 0.113126 4
0.924138 0.117371 4
0.892004 0.00417635 8
0.91399 0.0521513 5
0.959469 0.557919 2
0.920842 0.113422 4
0.944363 0.277311 3
0.898581 0.00983846 7
0.963406 0.575648 2
0.944485 0.277693 3
0.934247 0.251379 3
0.94812 0.519911 2
0.948339 0.520498 2
0.92621 0.236791 3
0.889791 0.0190015 6
0.898666 0.0445453 5
0.967916 1 1
0.873842 0.00145859 9
0.915395 0.222516 3
0.92573 0.236045 3
0.942809 0.507046 2
0.902558 0.0461295 5
0.874909 0.0014802 9
0.877551 0.00341886 8
0.852996 7.24627e-06 15
0.951769 0.530357 2
0.856 1.78023e-05 14
0.935056 0.492139 2
0.924068 0.117282 4
0.893218 0.00199584 9
0.90354 0.0106326 7
0.972215 0.627411 2
0.878934 0.000145987 12
0.911809 0.0249423 6
0.925152 0.118687 4
0.948171 0.290128 3
0.906653 0.0112162 7
0.879883 0.000149136 12
0.880103 0.000149884 12
0.854994 2.21738e-08 22
0.949819 0.296326 3
0.857944 5.62177e-08 21
0.938824 0.261856 3
0.912551 0.0252387 6
0.988386 1 1
0.949897 0.296632 3
0.924522 0.117864 4
0.922707 0.0588126 5
0.886891 0.00038042 11
0.93292 0.130723 4
0.933576 0.131922 4
0.974576 0.644827 2
0.929908 0.125608 4
0.97589 0.6553 2
0.945032 0.279422 3
0.915831 0.0533747 5
0.947289 0.286978 3
0.957021 0.548231 2
0.867496 3.98979e-07 19
0.950337 0.298366 3
0.978361 0.676626 2
0.907352 0.0113579 7
0.979411 0.686393 2
0.843394 7.17538e-12 0
0.885628 0.000171098 12
0.932088 0.129246 4
0.961635 0.56732 2
0.987713 1 1
0.927219 0.0633155 5
0.902857 0.00506639 8
0.878709 1.37681e-05 15
0.903289 0.00511066 8
0.932643 0.130226 4
0.941344 0.268467 3
0.95139 0.529201 2
0.938706 0.26156 3
0.958601 0.554374 2
0.907366 0.0483764 5
0.915351 0.107809 4
0.959938 0.559886 2
0.954469 0.539084 2
0.95678 0.547328 2
0.912275 0.0510855 5
0.941769 0.269649 3
0.91508 0.107559 4
0.951763 0.530339 2
0.918172 0.110556 4
0.981896 1 1
0.967923 0.599833 2
0.912512 0.0125443 7
0.904004 0.00252499 9
0.960555 0.349176 3
0.874421 1.13009e-06 18
0.947409 0.287402 3
0.970086 0.61311 2
0.936159 0.136979 4
0.917985 0.0141393 7
0.878059 2.82162e-06 17
0.907539 0.00559359 8
0.886108 3.748e-05 14
0.99197 1 1
0.889504 8.89364e-05 13
0.949585 0.29542 3
0.974361 0.643171 2
0.919435 0.056038 5
0.905618 0.0227808 6
0.952911 0.533938 2
0.875495 6.11603e-05 13
0.94904 0.293345 3
0.982842 1 1
0.932322 0.129656 4
0.922199 0.11499 4
0.879799 0.000148854 12
0.917044 0.0542294 5
0.896777 0.00452138 8
0.984008 1 1
0.900263 0.0100912 7
0.950803 0.527449 2
0.890481 0.000414161 11
0.88214 7.21724e-05 13
0.905127 0.00530837 8
0.951546 0.303294 3
0.887715 0.000180543 12
0.87756 1.33024e-05 15
0.894425 0.000965707 10
0.946902 0.285632 3
0.899433 0.00226996 9
0.886341 0.000174226 12
0.864435 1.59716e-07 20
0.83779 5.54337e-12 0
0.915293 0.0264154 6
0.840291 6.21011e-12 0
0.924368 0.0603715 5
0.889252 8.82578e-05 13
0.95494 0.318557 3
0.914338 0.0130331 7
0.883453 1.59924e-05 15
0.896592 0.00048592 11
0.866405 3.41517e-08 22
0.907715 0.00561557 8
0.890819 0.000196389 12
0.934199 0.0722823 5
0.904458 0.00255339 9
0.977113 0.66558 2
0.986282 1 1
0.884116 3.52386e-05 14
0.985559 0.753185 2
0.913643 0.0128423 7
0.992931 1 1
0.908079 0.0487411 5
0.889979 0.0087576 7
0.935457 0.253974 3
0.860272 8.50103e-06 15
0.96514 0.584405 2
0.984215 1 1
0.914508 0.107039 4
0.907879 0.0486377 5
0.864876 4.85943e-05 13
0.910123 0.0498396 5
0.894171 0.00924469 7
0.976479 1 1
0.897746 0.0206576 6
0.93358 0.25 3
0.956305 0.545569 2
0.928641 0.240768 3
0.92073 0.113297 4
0.968817 0.605176 2
0.890406 0.00407381 8
0.932303 0.247451 3
0.968352 0.602372 2
0.949934 0.524922 2
0.935178 0.253364 3
0.894317 0.00926288 7
0.921132 0.113751 4
0.897141 0.00963429 7
0.973886 1 1
0.900423 0.0213154 6
0.967184 0.595561 2
0.870702 2.45285e-05 14
0.938715 0.261583 3
0.981759 1 1
0.920291 0.0567288 5
0.977847 1 1
0.847468 1.36734e-09 25
0.887303 0.00179173 9
0.947685 0.28838 3
0.956665 0.546899 2
0.97764 1 1
0.914145 0.0522514 5
0.887466 0.00179678 9
0.885602 0.000800818 10
0.888447 0.00182771 9
0.939148 0.262668 3
0.887468 8.36937e-05 13
0.980316 0.69516 2
0.969091 0.606855 2
0.914016 0.0129437 7
0.948994 0.29317 3
0.862431 2.53859e-09 25
0.906974 0.005524 8
0.932379 0.0696684 5
0.980198 0.693997 2
0.956994 0.328914 3
0.956933 0.328592 3
0.930499 0.0671851 5
0.894529 0.000459359 11
0.931321 0.0682454 5
0.945345 0.160262 4
0.940567 0.147 4
0.955183 0.319736 3
0.922431 0.0302132 6
0.927166 0.0632575 5
0.893494 0.000446984 11
0.914911 0.0131948 7
0.961059 0.352306 3
0.92373 0.0310433 6
0.946077 0.162553 4
0.899969 0.00110693 10
0.962139 0.359237 3
0.941977 0.150628 4
0.936539 0.137772 4
0.945564 0.160941 4
0.951313 0.302325 3
0.968211 1 1
0.888722 0.00397175 8
0.880357 0.0016019 9
0.941481 0.504198 2
0.851851 2.4565e-07 19
0.963676 0.576968 2
0.955233 0.541727 2
0.914738 0.107246 4
0.893504 0.00916263 7
0.855112 1.42769e-06 17
0.885839 0.00381008 8
0.867301 5.10555e-05 13
0.980575 1 1
0.870727 0.000123041 12
0.924577 0.2343 3
0.92513 0.0319955 6
0.96418 0.37326 3
0.925024 0.0319209 6
0.915843 0.00686008 8
0.898302 0.000510043 11
0.90032 0.000541315 11
0.945007 0.159228 4
0.917035 0.0138331 7
0.949285 0.173531 4
0.905409 0.00128712 10
0.978031 0.673646 2
0.957085 0.329393 3
0.920936 0.0151842 7
0.96055 0.349146 3
0.943752 0.155527 4
0.888972 0.00865006 7
0.89619 0.0203009 6
0.923218 0.232329 3
0.955257 0.541811 2
0.906808 0.0480966 5
0.872637 0.000639523 10
0.89647 0.0203638 6
0.961991 0.568945 2
0.914817 0.107319 4
0.905194 0.0473171 5
0.876508 0.000680531 10
0.848974 2.26803e-07 19
0.912881 0.105611 4
0.851269 5.59857e-07 18
0.935595 0.254278 3
0.887584 0.000179926 12
0.976691 0.661971 2
0.940094 0.145831 4
0.897347 0.0021698 9
0.923114 0.0591848 5
0.863067 6.74307e-08 21
0.907309 0.0113491 7
0.909973 0.0119277 7
0.957422 0.549753 2
0.931207 0.127737 4
0.977599 0.669812 2
0.958115 0.552442 2
0.888375 0.000393734 11
0.958295 0.553152 2
0.929316 0.124674 4
0.899963 0.010045 7
0.976636 1 1
0.976594 1 1
0.932181 0.129408 4
0.946382 0.283858 3
0.874789 6.01597e-05 13
0.919029 0.0557185 5
0.950403 0.298626 3
0.997766 1 1
0.952852 0.533748 2
0.95138 0.529172 2
0.921906 0.058099 5
0.909787 0.0241783 6
0.923531 0.116606 4
0.963575 0.576471 2
0.961086 0.564859 2
0.908715 0.0116462 7
0.903647 0.00514796 8
0.965367 0.585599 2
0.87459 5.52591e-06 16
0.943409 0.274402 3
0.961824 0.568182 2
0.938936 0.14307 4
0.91584 0.026667 6
0.877783 1.33907e-05 15
0.90211 0.00499181 8
0.879896 3.11503e-05 14
0.987662 1 1
0.883225 7.42922e-05 13
0.948682 0.292003 3
0.931016 0.245001 3
0.925219 0.118776 4
0.932771 0.24837 3
0.992878 1 1
0.904526 0.0224495 6
0.910237 0.0499029 5
0.941223 0.268135 3
0.973768 1 1
0.938914 0.262079 3
0.906835 0.0231658 6
0.910491 0.0500459 5
0.883492 0.00168201 9
0.953528 0.535938 2
0.886352 0.00176296 9
0.972493 1 1
0.952602 0.532954 2
0.924745 0.234551 3
0.920415 0.228533 3
0.975058 1 1
0.890552 0.0191437 6
0.930239 0.243577 3
0.962327 1 1
0.953337 0.535314 2
0.932962 0.488737 2
0.894025 0.019833 6
0.915789 0.108218 4
0.891321 0.0192903 6
0.97371 1 1
0.894538 0.0199411 6
0.966491 1 1
0.919195 0.111622 4
0.925597 0.23584 3
0.940129 0.501434 2
0.984929 1 1
0.913421 0.106076 4
0.898562 0.0208519 6
0.930159 0.243431 3
0.985345 1 1
0.941896 0.505074 2
0.915022 0.107505 4
0.908136 0.101853 4
0.880239 0.00353543 8
0.941308 0.503837 2
0.882868 0.00365853 8
0.971202 1 1
0.92025 0.112763 4
0.890163 0.00405869 8
0.901702 0.0216515 6
0.969004 0.60632 2
0.877779 0.000314172 11
0.908623 0.0490258 5
0.921071 0.113681 4
0.946528 0.515787 2
0.903965 0.0222846 6
0.878479 0.000703456 10
0.876697 0.000307724 11
0.851523 1.05182e-07 20
0.945851 0.514105 2
0.854441 2.64497e-07 19
0.935648 0.254394 3
0.888551 0.000395371 11
0.897082 0.00215771 9
0.924512 0.0605119 5
0.954982 0.31876 3
0.908267 0.0115496 7
0.871996 2.30156e-06 17
0.896306 0.00100966 10
0.962792 0.572692 2
0.915819 0.0266571 6
0.906616 0.00548081 8
0.877235 1.3175e-05 15
0.849646 2.24807e-11 30
0.912346 0.0125018 7
0.85192 1.33015e-10 28
0.93612 0.1369 4
0.960632 0.562862 2
0.921764 0.0579743 5
0.914182 0.0259227 6
0.967524 0.597509 2
0.884222 0.000165216 12
0.937902 0.140717 4
0.969113 0.606992 2
0.945398 0.280601 3
0.928129 0.122866 4
0.887945 0.000389787 11
0.915078 0.0263182 6
0.892004 0.000914234 10
0.980974 1 1
0.89533 0.00208107 9
0.960285 0.561364 2
0.966828 1 1
0.881601 0.0016327 9
0.872144 0.000283111 11
0.932544 0.247923 3
0.843813 1.53257e-08 22
0.969939 1 1
0.950443 0.526392 2
0.905975 0.0476891 5
0.885621 0.00379848 8
0.847122 9.24727e-08 20
0.879901 0.00159091 9
0.862678 4.65278e-05 13
0.972131 1 1
0.866114 0.000112773 12
0.916037 0.108453 4
0.889395 0.0189288 6
0.894433 0.0430155 5
0.920858 0.22911 3
0.95532 0.542034 2
0.904264 0.099164 4
0.873469 0.00145117 9
0.896439 0.0437178 5
0.960284 1 1
0.912883 0.105613 4
0.90269 0.0461865 5
0.875022 0.00148253 9
0.847589 1.18846e-06 17
0.913486 0.106133 4
0.849916 2.9207e-06 16
0.934372 0.491003 2
0.962576 0.571671 2
0.894515 0.0199363 6
0.889008 0.00865385 7
0.952592 0.53292 2
0.860603 4.47041e-05 13
0.952769 0.533484 2
0.954977 0.540833 2
0.925197 0.23523 3
0.900939 0.0454474 5
0.863602 4.73778e-05 13
0.889455 0.00870126 7
0.869026 0.000268258 11
0.984668 1 1
0.872397 0.000637144 10
0.933192 0.249213 3
0.978945 1 1
0.902911 0.0462828 5
0.878243 0.00155227 9
0.914755 0.107262 4
0.84914 5.29854e-07 18
0.963843 0.577796 2
0.973007 1 1
0.896607 0.0203947 6
0.898335 0.0207974 6
0.854422 3.23602e-06 16
0.910759 0.10386 4
0.900816 0.0453973 5
0.9535 0.535848 2
0.904389 0.0469435 5
0.918409 0.1108 4
0.965807 0.587944 2
0.924768 0.0607633 5
0.896593 0.00213574 9
0.921828 0.0580302 5
0.867362 1.99555e-06 17
0.942406 0.271458 3
0.979702 1 1
0.908804 0.0116657 7
0.918296 0.0551556 5
0.873173 1.17365e-05 15
0.933413 0.131622 4
0.921406 0.0576645 5
0.950094 0.297403 3
0.925096 0.0610894 5
0.933822 0.132382 4
0.946012 0.28262 3
0.953593 0.536152 2
0.928527 0.123463 4
0.941428 0.268699 3
0.89813 0.00977335 7
0.919363 0.111801 4
0.967077 0.594953 2
0.93643 0.256148 3
0.950577 0.526785 2
0.903971 0.0222863 6
0.952652 0.533111 2
0.929082 0.124311 4
0.947432 0.287481 3
0.932487 0.247812 3
0.964129 0.579223 2
0.899282 0.00994179 7
0.975764 1 1
0.933266 0.249362 3
0.901579 0.0216187 6
0.912288 0.0510932 5
0.874845 0.000133684 12
0.918996 0.111412 4
0.910352 0.0499673 5
0.954587 0.539489 2
0.920153 0.112656 4
0.993059 1 1
0.967342 0.59646 2
0.897803 0.00972679 7
0.968748 0.60476 2
0.932989 0.248805 3
0.904378 0.0107825 7
0.926957 0.121163 4
0.950803 0.300238 3
0.96824 0.601706 2
0.926914 0.121102 4
0.883404 0.000352207 11
0.916655 0.0539514 5
0.994324 1 1
0.945946 0.282399 3
0.927564 0.122035 4
0.906444 0.0111746 7
0.877874 6.47516e-05 13
0.925374 0.118983 4
0.880159 0.000150074 12
0.965495 0.586276 2
0.986636 1 1
0.897427 0.00103769 10
0.883288 3.43695e-05 14
0.936423 0.137528 4
0.853995 2.79087e-11 30
0.972092 0.626548 2
0.970443 0.615422 2
0.912389 0.012513 7
0.899272 0.00108713 10
0.85804 4.04239e-10 27
0.897635 0.00104306 10
0.881001 1.47775e-05 15
0.981593 0.708127 2
0.884518 3.5673e-05 14
0.92765 0.0637924 5
0.902747 0.00244948 9
0.904318 0.00254455 9
0.926367 0.0623976 5
0.97002 0.612693 2
0.905585 0.00262652 9
0.885795 3.71127e-05 14
0.910249 0.00595356 8
0.970608 0.6165 2
0.92197 0.0299303 6
0.905193 0.00260062 9
0.885896 3.72299e-05 14
0.85841 9.34624e-10 26
0.926919 0.0629891 5
0.860897 2.36925e-09 25
0.946994 0.285953 3
0.945772 0.513912 2
0.953235 0.534981 2
0.925176 0.11872 4
0.936018 0.255216 3
0.895249 0.0093814 7
0.91936 0.111798 4
0.966874 0.593809 2
0.931063 0.245088 3
0.947895 0.519315 2
0.901317 0.0215488 6
0.955382 0.542252 2
0.933296 0.249423 3
0.944541 0.277868 3
0.936794 0.256981 3
0.958705 0.554793 2
0.92919 0.124477 4
0.966668 0.592656 2
0.948677 0.521415 2
0.94723 0.286774 3
0.917431 0.0545109 5
0.903091 0.0105542 7
0.949017 0.522346 2
0.951264 0.528824 2
0.970184 0.613744 2
0.92315 0.116136 4
0.954481 0.539126 2
0.925745 0.119481 4
0.936988 0.257431 3
0.928569 0.123526 4
0.978835 1 1
0.872807 4.82864e-07 19
0.963664 0.576908 2
0.969741 0.610916 2
0.904079 0.00252961 9
0.961786 0.356937 3
0.84822 9.06431e-12 0
0.891832 0.00020209 12
0.925588 0.0323207 6
0.967068 0.594904 2
0.970235 0.614075 2
0.942676 0.152512 4
0.919514 0.028517 6
0.881019 1.47858e-05 15
0.919743 0.028642 6
0.933188 0.0708043 5
0.903408 0.00121512 10
0.965446 0.586016 2
0.978122 0.67447 2
0.942767 0.152762 4
0.945476 0.160668 4
0.878622 1.32101e-06 18
0.921506 0.0296514 6
0.962683 0.362852 3
0.986374 0.763425 2
0.950488 0.298966 3
0.941593 0.149617 4
0.911943 0.0062028 8
0.915986 0.0135099 7
0.913818 0.00650323 8
0.972125 0.626778 2
0.928294 0.123112 4
0.948495 0.291313 3
0.90954 0.024089 6
0.906397 0.0111653 7
0.883378 0.000352011 11
0.905311 0.0109555 7
0.946121 0.28298 3
0.90423 0.0107556 7
0.933405 0.131606 4
0.890441 0.000883734 10
0.967146 0.595347 2
0.959045 0.556171 2
0.918908 0.0556243 5
0.962887 0.573145 2
0.931112 0.127578 4
0.912537 0.105319 4
0.986062 1 1
0.957506 0.550074 2
0.931315 0.24556 3
0.928569 0.240646 3
0.886787 0.00386154 8
0.932648 0.248127 3
0.94213 0.505572 2
0.982638 1 1
0.935409 0.253869 3
0.966763 0.593182 2
0.936168 0.255554 3
0.918438 0.11083 4
0.938355 0.260695 3
0.964456 0.580877 2
0.88592 0.00381443 8
0.872048 0.000126287 12
0.894354 0.00926751 7
0.94294 0.507333 2
0.877555 0.000692526 10
0.875057 0.000298415 11
0.888134 0.00393748 8
0.935827 0.254791 3
0.888924 0.00398368 8
0.876021 0.000675099 10
0.854977 1.42282e-06 17
0.828819 3.75303e-12 0
0.91063 0.0501243 5
0.831358 4.18106e-12 0
0.914393 0.106935 4
0.899652 0.00109785 10
0.884038 3.51554e-05 14
0.903469 0.00249229 9
0.958004 0.334351 3
0.883698 3.47955e-05 14
0.887399 8.35259e-05 13
0.902485 0.00243428 9
0.94735 0.287195 3
0.900355 0.0011182 10
0.883009 1.57608e-05 15
0.867609 8.01386e-08 21
0.841352 6.52147e-12 0
0.924767 0.0317429 6
0.843998 7.38374e-12 0
0.9279 0.0640737 5
0.99223 1 1
0.896541 0.0203798 6
0.877144 0.00152772 9
0.923075 0.232127 3
0.84786 2.20033e-07 19
0.977636 1 1
0.972034 1 1
0.901447 0.045658 5
0.895222 0.0200878 6
0.852497 1.33745e-06 17
0.900653 0.0453304 5
0.887537 0.00850256 7
0.966297 1 1
0.891091 0.00888042 7
0.919952 0.227939 3
0.943707 0.155397 4
0.899251 0.00108654 10
0.901634 0.00115708 10
0.971298 0.621096 2
0.874381 5.12597e-07 19
0.930631 0.0673523 5
0.943194 0.153945 4
0.942699 0.152574 4
0.909589 0.00586158 8
0.876509 1.21957e-06 18
0.889484 8.88818e-05 13
0.86589 1.49305e-08 23
0.969909 0.611981 2
0.869058 3.8159e-08 22
0.943253 0.15411 4
0.92847 0.240478 3
0.909115 0.0492879 5
0.918831 0.111239 4
0.98962 1 1
0.892653 0.00906046 7
0.911602 0.0506855 5
0.933975 0.250814 3
0.963212 0.574705 2
0.92288 0.115807 4
0.894139 0.00924069 7
0.895095 0.00936157 7
0.869005 0.000119025 12
0.953751 0.536674 2
0.871912 0.000125945 12
0.955565 0.542899 2
0.878487 2.8649e-06 17
0.9353 0.0739725 5
0.976842 0.66325 2
0.932795 0.0702471 5
0.963187 0.366285 3
0.855812 1.34436e-11 0
0.89405 0.0002156 12
0.96105 0.352246 3
0.955447 0.321027 3
0.962518 0.361751 3
0.910859 0.00604095 8
0.882972 7.29195e-06 16
0.89532 0.000224036 12
0.884356 1.64794e-05 15
0.947318 0.166614 4
0.954232 0.31519 3
0.937983 0.140899 4
0.925806 0.0324776 6
0.961894 0.357633 3
0.894958 0.000221574 12
0.928428 0.0646774 5
0.97089 0.618364 2
0.948741 0.171556 4
0.942643 0.15242 4
0.899468 0.00109263 10
0.931393 0.0683398 5
0.907125 0.00273304 9
0.965996 0.588963 2
0.910423 0.00597818 8
0.971433 0.622006 2
0.913684 0.025709 6
0.943081 0.273425 3
0.901953 0.0049764 8
0.891514 0.000904458 10
0.878435 6.56506e-05 13
0.892276 0.00196012 9
0.930312 0.126257 4
0.891316 0.000900566 10
0.925113 0.0611066 5
0.885826 0.000371368 11
0.966977 0.594385 2
0.973057 0.633426 2
0.903165 0.010567 7
0.976805 0.662937 2
0.917409 0.0544948 5
0.984005 1 1
0.916772 0.10916 4
0.897107 0.020509 6
0.937792 0.259329 3
0.867165 5.09119e-05 13
0.956254 0.545383 2
0.993858 1 1
0.919076 0.111497 4
0.915868 0.108293 4
0.87203 0.000126241 12
0.919015 0.111432 4
0.902391 0.0218389 6
0.973211 1 1
0.905989 0.0476957 5
0.940144 0.265238 3
0.888937 0.0018436 9
0.875538 6.12232e-05 13
0.897503 0.00457962 8
0.946775 0.285195 3
0.880126 0.000149962 12
0.877564 0.000141646 12
0.891485 0.00193113 9
0.939461 0.263464 3
0.892396 0.00196459 9
0.878749 0.000145388 12
0.858473 1.30583e-07 20
0.832221 4.33918e-12 0
0.913748 0.0519972 5
0.834773 4.84855e-12 0
0.918137 0.0550353 5
0.892025 0.000203203 12
0.97591 0.655458 2
0.979159 0.684013 2
0.92421 0.0313628 6
0.952587 0.307746 3
0.867004 1.56701e-08 23
0.911118 0.00607888 8
0.943933 0.156048 4
0.98935 1 1
0.959732 0.344214 3
0.950361 0.298461 3
0.922114 0.0300177 6
0.901367 0.00114874 10
0.923344 0.0307913 6
0.954777 0.31777 3
0.889585 0.00040524 11
0.974718 0.645931 2
0.979549 0.687708 2
0.921958 0.0581446 5
0.954528 0.316585 3
0.864624 1.60783e-07 20
0.908656 0.0116334 7
0.94212 0.270638 3
0.986607 1 1
0.961861 0.568349 2
0.949422 0.294795 3
0.92165 0.057876 5
0.89887 0.00224204 9
0.922762 0.0588625 5
0.952234 0.306214 3
0.930791 0.244585 3
0.94464 0.511202 2
0.946197 0.514959 2
0.972365 1 1
0.915394 0.107849 4
0.906685 0.0480357 5
0.946226 0.515031 2
0.972446 1 1
0.957231 0.549025 2
0.919066 0.111485 4
0.929372 0.242033 3
0.901327 0.045608 5
0.947577 0.518477 2
0.904122 0.0468217 5
0.992625 1 1
0.930967 0.244911 3
0.902261 0.0218034 6
0.910453 0.0500244 5
0.981338 1 1
0.884441 0.00170798 9
0.916223 0.10863 4
0.933863 0.250582 3
0.954363 0.538726 2
0.915165 0.107637 4
0.885914 0.00381409 8
0.889469 0.00401626 8
0.864187 2.11204e-05 14
0.956894 0.547754 2
0.867174 5.09217e-05 13
0.948186 0.520087 2
0.882185 0.00075098 10
0.90918 0.0493231 5
0.942471 0.271645 3
0.947502 0.518281 2
0.929013 0.241408 3
0.862964 9.05001e-06 15
0.893201 0.00912595 7
0.968717 0.604571 2
0.929164 0.241671 3
0.926843 0.121001 4
0.887165 0.00178751 9
0.8591 1.58304e-06 17
0.903961 0.0222835 6
0.861049 3.79755e-06 16
0.941066 0.267705 3
0.96119 0.565322 2
0.938469 0.260974 3
0.916841 0.0271421 6
0.944363 0.277311 3
0.88638 0.000376026 11
0.934073 0.132854 4
0.982384 1 1
0.932563 0.130083 4
0.937125 0.139018 4
0.89171 0.000908348 10
0.938689 0.261519 3
0.918057 0.0549747 5
0.961059 0.564741 2
0.921596 0.057829 5
0.957847 0.551393 2
0.855849 2.75592e-07 19
0.941649 0.269314 3
0.964015 0.578653 2
0.894036 0.00922798 7
0.97922 1 1
0.831935 4.28598e-12 0
0.874032 0.000131456 12
0.918637 0.111036 4
0.949276 0.523066 2
0.986001 1 1
0.920885 0.113471 4
0.899424 0.00996321 7
0.866188 2.2081e-05 14
0.899363 0.00995404 7
0.919202 0.11163 4
0.894428 0.0092768 7
0.928639 0.240766 3
0.959141 0.556564 2
0.955889 0.544059 2
0.938022 0.259885 3
0.872985 0.000128683 12
0.907761 0.0485772 5
0.984245 1 1
0.948871 0.521944 2
0.937999 0.259829 3
0.906355 0.0230118 6
0.877677 0.000313554 11
0.914305 0.0523546 5
0.879683 0.000718223 10
0.959591 0.558424 2
0.878914 0.000321207 11
0.910647 0.0501339 5
0.94583 0.282016 3
0.943266 0.273973 3
0.934115 0.251105 3
0.859253 6.96256e-07 18
0.890566 0.00408379 8
0.966503 0.591737 2
0.930819 0.244635 3
0.93161 0.246118 3
0.888113 0.00181704 9
0.860082 1.62506e-06 17
0.900128 0.0100703 7
0.861918 3.88182e-06 16
0.939773 0.264268 3
0.902328 0.0460303 5
0.907283 0.101233 4
0.930032 0.243205 3
0.970057 1 1
0.909188 0.102638 4
0.884729 0.00823143 7
0.910581 0.103719 4
0.974045 1 1
0.925218 0.235261 3
0.908822 0.102362 4
0.888453 0.0187589 6
0.860777 0.000102601 12
0.926144 0.236688 3
0.863224 0.000107066 12
0.949392 0.523388 2
0.90497 0.0108915 7
0.919834 0.0563573 5
0.94278 0.27254 3
0.971691 0.623768 2
0.919926 0.0564313 5
0.885145 0.000365785 11
0.91574 0.0533125 5
0.987705 1 1
0.938291 0.260537 3
0.92021 0.0566626 5
0.900126 0.0100699 7
0.871891 2.5248e-05 14
0.927239 0.121565 4
0.874264 2.67913e-05 14
0.96063 0.562854 2
37 1 2 4 7 8 12 13 14 17 21 23 26 27 28 29 30 31 32 33 34 35 40 41 42 49 50 52 53 54 58 61 62 63 66 67 68 69 
62 1 2 3 4 6 7 8 9 10 11 12 13 14 16 17 18 19 20 21 23 25 26 27 28 29 30 31 32 33 34 35 36 37 38 40 41 42 43 44 45 46 48 49 50 51 52 53 54 55 57 58 59 60 61 62 63 64 65 66 67 68 69 
52 1 2 3 4 7 8 11 12 13 14 16 17 18 20 21 23 26 27 28 29 30 31 32 33 34 35 36 37 38 40 41 42 43 44 46 49 50 51 52 53 54 55 57 58 61 62 63 64 66 67 68 69 
20 7 8 14 21 23 26 30 31 33 34 35 41 42 49 50 52 53 58 62 68 
63 0 1 2 3 4 6 7 8 9 11 12 13 14 16 17 18 19 20 21 22 23 25 26 27 28 29 30 31 32 33 34 35 36 37 38 40 41 42 43 44 46 47 48 49 50 51 52 53 54 55 56 57 58 59 60 61 62 63 64 66 67 68 69 
32 2 4 7 8 12 14 21 23 26 27 28 29 30 31 32 33 34 35 40 41 42 49 50 52 53 58 62 63 66 67 68 69 
47 1 2 4 7 8 10 11 12 13 14 16 17 18 21 23 25 26 27 28 29 30 31 32 33 34 35 40 41 42 44 46 49 50 51 52 53 54 55 57 58 61 62 63 66 67 68 69 
31 1 2 7 8 12 14 21 23 26 27 28 29 30 31 32 33 34 35 40 41 42 49 50 52 53 58 62 63 67 68 69 
44 1 2 4 7 8 10 11 12 13 14 17 18 21 23 25 26 27 28 29 30 31 32 33 34 35 40 41 42 46 49 50 52 53 54 55 58 61 62 63 65 66 67 68 69 
64 0 1 2 3 4 6 7 8 9 10 11 12 13 14 16 17 18 19 20 21 22 23 25 26 27 28 29 30 31 32 33 34 35 36 37 38 40 41 42 43 44 46 47 48 49 50 51 52 53 54 55 56 57 58 59 60 61 62 63 64 66 67 68 69 
62 0 1 2 3 4 6 7 8 9 11 12 13 14 16 17 18 20 21 22 23 25 26 27 28 29 30 31 32 33 34 35 36 37 38 40 41 42 43 44 46 47 48 49 50 51 52 53 54 55 56 57 58 59 60 61 62 63 64 66 67 68 69 
66 0 1 2 3 4 5 6 7 8 9 10 11 12 13 15 16 17 18 19 20 21 22 23 24 25 26 27 28 29 30 31 32 33 34 35 36 37 38 39 40 41 42 43 44 45 46 47 48 51 52 53 54 55 56 57 59 60 61 62 63 64 65 66 67 68 69 
19 7 8 14 21 23 26 30 31 33 34 35 41 42 49 50 52 53 58 62 
66 0 1 2 3 4 5 6 7 8 9 10 11 12 13 15 16 17 18 19 20 21 22 23 24 25 26 27 28 29 30 31 32 33 34 35 36 37 38 39 40 41 42 43 44 45 46 47 48 51 52 53 54 55 56 57 59 60 61 62 63 64 65 66 67 68 69 
45 1 2 3 4 7 8 11 12 13 14 16 17 21 23 26 27 28 29 30 31 32 33 34 35 36 37 40 41 42 49 50 51 52 53 55 57 58 61 62 63 64 66 67 68 69 
