60 15 1e+07
2.68554 167363
1.21455 159519
1.03962 143237
2.44665 103651
1.11873 188461
2.7084 105835
1.82134 161460
2.66375 197168
2.4416 104721
1.73094 180457
2.53005 152534
1.4834 170165
1.31587 104609
1.68568 129928
1.72617 136002
1.33006 108523
2.49255 186335
1.85879 168310
1.90131 190424
1.60644 126374
2.49482 154573
2.68405 181751
2.75196 178887
1.47981 181844
2.45842 133075
1.89496 132376
1.7608 151549
1.63097 167810
2.2132 128088
1.91244 180945
1.05539 171310
2.83593 194573
1.19143 134572
2.65417 165979
2.39165 164391
1.5558 122052
2.02847 120804
1.78136 169352
2.50496 128538
1.08355 160566
1.84455 156932
2.12271 149884
1.68149 188030
1.679 144161
1.50317 141886
1.84563 166322
1.21407 175858
2.05897 131694
2.19402 130400
2.2062 124726
1.96762 107847
2.01334 180201
1.72346 118371
1.16202 116313
2.46722 160996
2.1274 182960
1.93524 171799
1.20261 144018
1.9787 185690
2.07926 141526
0.951331 0.3024 3
0.935289 0.135215 4
0.952127 0.305757 3
0.891157 0.000897469 10
0.991325 1 1
0.875784 2.78642e-05 14
0.894098 0.00203046 9
0.921238 0.0575213 5
0.916444 0.0538018 5
0.914794 0.0261912 6
0.918538 0.0553395 5
0.895246 0.00207756 9
0.896468 0.0021302 9
0.947325 0.287106 3
0.929761 0.125373 4
0.986998 1 1
0.959038 0.556141 2
0.962543 0.571515 2
0.946008 0.514493 2
0.93895 0.262171 3
0.930223 0.243548 3
0.945705 0.281604 3
0.96044 0.562033 2
0.911541 0.0506494 5
0.963171 0.574509 2
0.974493 1 1
0.951026 0.528109 2
0.950635 0.526953 2
0.957145 0.548699 2
0.973132 1 1
0.975108 1 1
0.953374 0.535436 2
0.96882 0.605195 2
0.913997 0.106582 4
0.971884 1 1
0.898476 0.0208312 6
0.916895 0.109279 4
0.940211 0.265413 3
0.917424 0.109802 4
0.937538 0.258723 3
0.941986 0.270259 3
0.918621 0.11102 4
0.919082 0.111503 4
0.962326 0.570497 2
0.952403 0.532324 2
0.908626 0.0116269 7
0.870679 9.92215e-07 18
0.884199 7.62877e-05 13
0.867168 1.76189e-07 20
0.912664 0.0125835 7
0.85151 2.46306e-11 30
0.850285 1.00552e-11 0
0.911211 0.0122197 7
0.968714 0.604553 2
0.864378 7.0792e-08 21
0.887918 0.000181513 12
0.863346 3.0212e-08 22
0.87464 2.50903e-06 17
0.878308 1.36025e-05 15
0.875009 2.54015e-06 17
0.910407 0.0499987 5
0.87097 0.000123626 12
0.883908 0.00169329 9
0.871811 0.000125692 12
0.909768 0.0496432 5
0.856251 1.46969e-06 17
0.853194 5.8905e-07 18
0.916141 0.108552 4
0.976796 1 1
0.866469 5.01885e-05 13
0.891624 0.00894087 7
0.867316 5.1072e-05 13
0.879383 0.000714495 10
0.877897 0.00069653 10
0.876491 0.000680336 10
0.937149 0.13907 4
0.943267 0.273978 3
0.932088 0.129247 4
0.966081 0.589421 2
0.895408 0.000988199 10
0.96297 0.573542 2
0.99231 1 1
0.932746 0.13041 4
0.872816 2.36304e-06 17
0.975502 0.652143 2
0.961849 0.568297 2
0.980601 0.697994 2
0.961423 0.566364 2
0.931345 0.127969 4
0.960703 0.563173 2
0.941942 0.50517 2
0.90464 0.0994119 4
0.918855 0.226563 3
0.891362 0.0192982 6
0.945713 0.513769 2
0.874898 0.00147998 9
0.879667 0.00350989 8
0.934195 0.490713 2
0.959538 0.558203 2
0.895973 0.0435513 5
0.915911 0.108333 4
0.889978 0.0190361 6
0.898561 0.0445051 5
0.912738 0.10549 4
0.907954 0.101719 4
0.897292 0.00216724 9
0.858141 2.48159e-08 22
0.86262 1.49954e-07 20
0.907211 0.0113289 7
0.862104 1.47333e-07 20
0.897626 0.00218266 9
0.871856 5.09013e-06 16
0.931508 0.128246 4
0.929966 0.125701 4
0.872645 5.21028e-06 16
0.907094 0.0113051 7
0.895196 0.00207544 9
0.913413 0.0255944 6
0.857121 1.04707e-08 23
0.873572 1.18663e-05 15
0.987025 1 1
0.965045 0.583908 2
0.973645 0.637749 2
0.932823 0.130548 4
0.951701 0.303945 3
0.917636 0.0275345 6
0.937171 0.139117 4
0.950288 0.29817 3
0.910505 0.0120513 7
0.957542 0.550215 2
0.960695 0.56314 2
0.938689 0.142498 4
0.93719 0.139157 4
0.967317 0.596317 2
0.97161 0.623217 2
0.960608 0.349504 3
0.962189 0.359569 3
0.979517 0.6874 2
0.904836 0.00257746 9
0.975116 0.649063 2
0.890786 9.25208e-05 13
0.915451 0.0133511 7
0.924122 0.0313039 6
0.900355 0.0011182 10
0.937463 0.13975 4
0.931434 0.0683945 5
0.91178 0.00617783 8
0.908705 0.00574292 8
0.975 0.648141 2
0.953013 0.309624 3
0.953767 0.536726 2
0.998439 1 1
0.983811 1 1
0.921055 0.113664 4
0.939741 0.264185 3
0.910409 0.0244067 6
0.943905 0.275902 3
0.921644 0.114339 4
0.879817 0.000327024 11
0.965992 0.588939 2
0.941872 0.269938 3
0.931946 0.128998 4
0.922159 0.114942 4
0.987011 1 1
0.978508 1 1
0.995445 1 1
0.953771 0.31305 3
0.960443 0.34849 3
0.94084 0.147685 4
0.943883 0.155904 4
0.924455 0.0315284 6
0.937356 0.139517 4
0.963415 0.367856 3
0.919132 0.0145282 7
0.954566 0.316766 3
0.96975 0.610968 2
0.944277 0.157049 4
0.946322 0.163337 4
0.954345 0.315721 3
0.965305 0.58527 2
0.984703 1 1
0.94276 0.272483 3
0.948076 0.519795 2
0.947532 0.518359 2
0.934337 0.251569 3
0.930278 0.243647 3
0.935955 0.255077 3
0.976087 1 1
0.925494 0.119143 4
0.949448 0.523546 2
0.975583 1 1
0.948032 0.519678 2
0.954155 0.538023 2
0.94219 0.270839 3
0.956929 0.547883 2
0.905673 0.0110244 7
0.865391 8.36075e-07 18
0.870566 4.90272e-06 16
0.910631 0.0244897 6
0.871281 1.11499e-05 15
0.899627 0.00476001 8
0.876336 2.82713e-05 14
0.939286 0.263018 3
0.939549 0.26369 3
0.878565 6.58636e-05 13
0.91329 0.025543 6
0.89924 0.00472598 8
0.917369 0.0544656 5
0.864916 8.23867e-07 18
0.880391 0.000150871 12
0.906373 0.00545186 8
0.871178 1.00914e-06 18
0.885497 0.000170534 12
0.860874 1.2124e-08 23
0.917748 0.0275912 6
0.845116 7.78886e-12 0
0.846797 8.45017e-12 0
0.904144 0.00520065 8
0.956258 0.3251 3
0.862099 2.87838e-08 22
0.882955 7.37556e-05 13
0.858128 4.77814e-09 24
0.868153 4.08157e-07 19
0.87985 3.11099e-05 14
0.873608 2.42484e-06 17
0.969752 1 1
0.934843 0.491782 2
0.936822 0.495195 2
0.961166 0.565214 2
0.919544 0.227422 3
0.94342 0.508402 2
0.941433 0.504097 2
0.983246 1 1
0.920927 0.229201 3
0.94953 0.523777 2
0.985217 1 1
0.95879 0.555132 2
0.968573 1 1
0.931638 0.246171 3
0.952224 0.531765 2
0.974858 1 1
0.95112 0.52839 2
0.96649 1 1
0.913414 0.10607 4
0.972193 1 1
0.897753 0.0206591 6
0.915399 0.107854 4
0.940838 0.502866 2
0.91948 0.111926 4
0.935824 0.254784 3
0.941446 0.504125 2
0.9177 0.110078 4
0.918659 0.11106 4
0.960017 0.560218 2
0.950536 0.526663 2
0.925656 0.032369 6
0.887256 3.88774e-05 14
0.900937 0.00113559 10
0.880841 6.76869e-06 16
0.928176 0.0643873 5
0.864724 6.33e-09 24
0.865605 6.58544e-09 24
0.925106 0.0319784 6
0.971253 0.620795 2
0.880476 6.68474e-06 16
0.903168 0.00120699 10
0.877862 1.28316e-06 18
0.888295 4.0216e-05 14
0.894897 0.000221168 12
0.891543 9.47489e-05 13
0.943214 0.273821 3
0.953013 0.309624 3
0.968011 0.600347 2
0.889074 0.00085866 10
0.975892 0.655314 2
0.875751 2.78404e-05 14
0.902546 0.010461 7
0.907584 0.0114057 7
0.88935 0.000863606 10
0.924374 0.060377 5
0.914805 0.0261961 6
0.896582 0.00213527 9
0.892578 0.00197144 9
0.966969 0.594343 2
0.939298 0.263048 3
0.938027 0.497387 2
0.924893 0.234771 3
0.941535 0.504311 2
0.878676 0.00156216 9
0.985735 1 1
0.863504 4.72871e-05 13
0.882127 0.00362286 8
0.909331 0.102747 4
0.911545 0.104495 4
0.902798 0.0462333 5
0.905676 0.0475456 5
0.882725 0.0036516 8
0.883961 0.00371267 8
0.937584 0.258833 3
0.917697 0.110075 4
0.963368 0.575459 2
0.958558 0.554202 2
0.975807 0.654622 2
0.905637 0.0227867 6
0.977926 1 1
0.891134 0.00191855 9
0.914092 0.0522171 5
0.927289 0.121638 4
0.90524 0.0226646 6
0.935849 0.254839 3
0.932728 0.130378 4
0.911906 0.0249806 6
0.909886 0.0242142 6
0.970616 0.616555 2
0.95138 0.529172 2
0.940419 0.265964 3
0.928962 0.241321 3
0.922381 0.115206 4
0.991129 1 1
0.892745 0.00907134 7
0.978389 1 1
0.966969 0.594343 2
0.949898 0.524819 2
0.887513 0.00390205 8
0.95818 0.552697 2
0.973466 1 1
0.99363 1 1
0.986204 1 1
0.919741 0.112207 4
0.948774 0.521679 2
0.929863 0.125536 4
0.898165 0.00977834 7
0.913506 0.0518436 5
0.876494 0.000138413 12
0.948268 0.520309 2
0.86032 7.17994e-07 18
0.867956 1.02263e-05 15
0.917478 0.0545454 5
0.946981 0.285906 3
0.88545 0.000798458 10
0.901572 0.0102992 7
0.876122 0.000137321 12
0.883354 0.000767326 10
0.907938 0.0235309 6
0.898387 0.00981036 7
0.941703 0.149905 4
0.950628 0.299531 3
0.96563 0.586991 2
0.887175 3.8776e-05 14
0.976925 0.663963 2
0.873789 5.01107e-07 19
0.900329 0.00111744 10
0.906297 0.00267482 9
0.889385 8.86156e-05 13
0.922106 0.0300131 6
0.912974 0.0126641 7
0.894551 0.00045963 11
0.890753 9.24244e-05 13
0.964549 0.58135 2
0.937021 0.138794 4
0.928055 0.122756 4
0.893428 0.00427289 8
0.908194 0.0236177 6
0.877604 0.00014177 12
0.940165 0.265291 3
0.861396 1.68394e-06 17
0.866435 9.84357e-06 15
0.92013 0.112631 4
0.95609 0.544786 2
0.882976 0.000761954 10
0.901754 0.0103289 7
0.876219 0.000137606 12
0.884725 0.000787405 10
0.90241 0.0104381 7
0.895246 0.00440384 8
0.954749 0.540044 2
0.909877 0.103167 4
0.918455 0.226073 3
0.926445 0.237162 3
0.922432 0.23123 3
0.909852 0.103148 4
0.904092 0.0468083 5
0.973553 1 1
0.959179 0.55672 2
0.914685 0.107198 4
0.945977 0.514416 2
0.921203 0.229565 3
0.934487 0.491191 2
0.91215 0.104995 4
0.921754 0.230304 3
0.942252 0.505836 2
0.926102 0.236621 3
0.942809 0.507046 2
0.882616 0.00165879 9
0.985978 1 1
0.867226 0.000115108 12
0.884819 0.00375645 8
0.914244 0.106801 4
0.916329 0.108732 4
0.905296 0.047365 5
0.909736 0.0496254 5
0.886295 0.00383465 8
0.88808 0.00855763 7
0.938388 0.260776 3
0.920121 0.112621 4
0.957051 0.548342 2
0.9258 0.0618059 5
0.925978 0.0619895 5
0.970272 0.614312 2
0.907457 0.0113795 7
0.952634 0.307953 3
0.941952 0.270163 3
0.980705 0.69904 2
0.916403 0.0269317 6
0.945028 0.27941 3
0.98212 1 1
0.963799 0.577578 2
0.978594 0.678763 2
0.921235 0.0575185 5
0.944374 0.277348 3
0.9614 0.354457 3
0.986849 0.769571 2
0.99473 1 1
0.919493 0.0146551 7
0.950351 0.177546 4
0.907257 0.00136042 10
0.937194 0.0770883 5
0.926597 0.0330613 6
0.888564 1.90842e-05 15
0.959835 0.344825 3
0.943182 0.153912 4
0.92897 0.0349494 6
0.92171 0.0154838 7
0.992374 1 1
0.974984 0.648019 2
0.928204 0.240029 3
0.896878 0.00959807 7
0.896665 0.009569 7
0.960361 0.56169 2
0.881528 0.000742091 10
0.950062 0.525288 2
0.921704 0.114409 4
0.962111 0.5695 2
0.912141 0.0510054 5
0.918491 0.110884 4
0.952168 0.53159 2
0.946976 0.516924 2
0.966106 0.589558 2
0.892066 0.00418048 8
0.915388 0.0530725 5
0.971266 0.62088 2
0.965712 0.587429 2
0.962062 0.569274 2
0.951962 0.530952 2
0.92893 0.124076 4
0.938356 0.260698 3
0.960494 0.562265 2
0.950891 0.527707 2
0.89751 0.00968553 7
0.978904 1 1
0.97534 1 1
0.960651 0.562946 2
0.954307 0.538536 2
0.958687 0.554719 2
0.985244 1 1
0.929027 0.241433 3
0.962704 1 1
0.965947 1 1
0.8875 0.00849885 7
0.945027 0.512116 2
0.877097 0.00152669 9
0.910822 0.103911 4
0.893993 0.0198264 6
0.865079 0.000110671 12
0.931118 0.24519 3
0.909166 0.102622 4
0.897822 0.0442258 5
0.888982 0.00865114 7
0.97123 1 1
0.942795 0.507015 2
0.914788 0.0526714 5
0.888975 0.00184485 9
0.904836 0.0108666 7
0.860068 3.13029e-07 19
0.944768 0.278583 3
0.84427 9.51149e-11 28
0.854474 2.17737e-08 22
0.899138 0.00992037 7
0.930048 0.125831 4
0.872801 2.58223e-05 14
0.885344 0.000796826 10
0.860605 3.18305e-07 19
0.866576 4.38595e-06 16
0.90002 0.0100537 7
0.886335 0.000812383 10
0.947404 0.166903 4
0.969393 0.608728 2
0.955628 0.321926 3
0.944702 0.158309 4
0.914585 0.00663415 8
0.937248 0.0771798 5
0.97481 0.646646 2
0.928251 0.0343549 6
0.874457 1.06475e-07 21
0.993936 1 1
0.956185 0.324727 3
0.957997 0.334312 3
0.943253 0.15411 4
0.956205 0.32483 3
0.982433 0.717042 2
0.933023 0.130909 4
0.909203 0.0239686 6
0.925453 0.119088 4
0.875338 6.09363e-05 13
0.965778 0.587786 2
0.859487 3.07462e-07 19
0.872522 2.56439e-05 14
0.912041 0.0250339 6
0.928584 0.123549 4
0.891761 0.00194115 9
0.901764 0.0103306 7
0.877104 6.35505e-05 13
0.881524 0.000338576 11
0.920541 0.056935 5
0.905857 0.0228549 6
0.930266 0.0668906 5
0.942651 0.152442 4
0.955916 0.323363 3
0.87691 2.71035e-06 17
0.969526 0.609561 2
0.863981 1.37683e-08 23
0.891573 0.000200603 12
0.89533 0.000469356 11
0.88095 1.47534e-05 15
0.913035 0.0126804 7
0.902145 0.00241484 9
0.884589 3.57506e-05 14
0.88026 1.44384e-05 15
0.956142 0.324508 3
0.927437 0.0635564 5
0.888518 0.00182999 9
0.848776 3.3336e-09 24
0.85405 4.93446e-08 21
0.894909 0.00437884 8
0.856381 1.22121e-07 20
0.88527 0.000795685 10
0.860358 7.18786e-07 18
0.921229 0.113861 4
0.930213 0.126098 4
0.861872 1.70602e-06 17
0.895946 0.00445671 8
0.883218 0.000765375 10
0.901161 0.0102328 7
0.848464 3.29595e-09 24
0.863475 1.78372e-06 17
0.948772 0.292341 3
0.91793 0.0141212 7
0.933484 0.0712298 5
0.891582 0.000200655 12
0.965143 0.584419 2
0.875293 1.16626e-06 18
0.885948 3.72916e-05 14
0.929943 0.0664889 5
0.940464 0.146742 4
0.904401 0.0025498 9
0.918105 0.0141792 7
0.892563 0.000206378 12
0.898108 0.000507202 11
0.927675 0.0638215 5
0.91791 0.0141147 7
0.978073 1 1
0.9337 0.250245 3
0.944848 0.278836 3
0.924915 0.118375 4
0.948946 0.522151 2
0.907919 0.0235245 6
0.914561 0.0525218 5
0.963668 0.576929 2
0.941237 0.268174 3
0.930586 0.126705 4
0.951754 0.530311 2
0.92487 0.118316 4
0.931847 0.24657 3
0.938237 0.260406 3
0.941606 0.269193 3
0.937612 0.140077 4
0.893478 0.000446792 11
0.902843 0.00245506 9
0.911921 0.0123946 7
0.912394 0.0125142 7
0.896194 0.00100692 10
0.88756 8.39192e-05 13
0.957366 0.330891 3
0.97529 0.650447 2
0.897478 0.00103901 10
0.928826 0.065142 5
0.90545 0.00534488 8
0.919901 0.0287295 6
0.89656 0.00101588 10
0.904519 0.00524122 8
0.938717 0.498684 2
0.922894 0.231873 3
0.939543 0.500275 2
0.879315 0.00349434 8
0.983144 1 1
0.863951 0.000246878 11
0.881442 0.00794022 7
0.911253 0.104258 4
0.915485 0.107933 4
0.90187 0.0458353 5
0.906328 0.100559 4
0.882913 0.00806735 7
0.8848 0.00823803 7
0.935279 0.492515 2
0.916657 0.223944 3
0.909331 0.0240141 6
0.866891 8.76457e-07 18
0.877372 2.90621e-05 14
0.884116 0.000164786 12
0.894146 0.00203238 9
0.8695 2.12862e-06 17
0.859164 5.86398e-08 21
0.927081 0.121339 4
0.984164 1 1
0.868912 2.09072e-06 17
0.899126 0.00471602 8
0.876998 2.87728e-05 14
0.891811 0.000910367 10
0.871222 4.99665e-06 16
0.876322 2.82607e-05 14
0.980101 1 1
0.937792 0.259329 3
0.943109 0.273509 3
0.94818 0.520072 2
0.931186 0.245317 3
0.930726 0.126936 4
0.933384 0.249601 3
0.981127 1 1
0.928877 0.123994 4
0.945593 0.281235 3
0.97481 1 1
0.947272 0.28692 3
0.955296 0.54195 2
0.937216 0.257965 3
0.952259 0.531873 2
0.938294 0.141597 4
0.896108 0.000479448 11
0.90191 0.00240156 9
0.931942 0.0690727 5
0.900711 0.00112878 10
0.91714 0.0138662 7
0.901674 0.00115832 10
0.971691 0.623772 2
0.950332 0.298345 3
0.907302 0.00556416 8
0.942491 0.152008 4
0.922957 0.0305437 6
0.939901 0.145361 4
0.896027 0.00047838 11
0.910829 0.00603664 8
0.909057 0.0492567 5
0.866873 0.000114357 12
0.874062 0.000654046 10
0.902127 0.0459444 5
0.880283 0.00160011 9
0.889344 0.00868947 7
0.870923 0.00027712 11
0.938386 0.260771 3
0.957047 0.548328 2
0.876128 0.000676283 10
0.910055 0.0498017 5
0.892247 0.00901279 7
0.909472 0.0494811 5
0.868123 0.000117056 12
0.880119 0.00159615 9
0.979798 0.690102 2
0.972112 0.626687 2
0.980245 0.694461 2
0.930673 0.0364423 6
0.951541 0.182264 4
0.916324 0.00695014 8
0.939295 0.0808798 5
0.944065 0.156431 4
0.904022 0.00123644 10
0.960857 0.351041 3
0.957416 0.331154 3
0.937862 0.0782523 5
0.934317 0.0724591 5
0.974165 0.641667 2
0.976114 0.657139 2
0.930882 0.244753 3
0.88784 0.00853311 7
0.894911 0.0200208 6
0.919761 0.112229 4
0.898367 0.0208049 6
0.905242 0.0473396 5
0.890342 0.00879726 7
0.960504 0.562307 2
0.960437 0.562016 2
0.896862 0.0204529 6
0.931085 0.24513 3
0.910998 0.104051 4
0.927617 0.239052 3
0.888882 0.00864063 7
0.901364 0.0456233 5
0.932075 0.129223 4
0.922945 0.115885 4
0.915403 0.0530831 5
0.989501 1 1
0.885018 0.000791836 10
0.986683 1 1
0.966286 0.590541 2
0.942685 0.272266 3
0.880903 0.000334284 11
0.953203 0.534879 2
0.964812 0.5827 2
0.98966 1 1
0.981262 1 1
0.913129 0.0516081 5
0.942304 0.271166 3
0.958298 0.553166 2
0.925055 0.235015 3
0.940121 0.501417 2
0.900543 0.0452858 5
0.965526 1 1
0.884118 0.00817524 7
0.894694 0.0199743 6
0.938433 0.498146 2
0.940636 0.502454 2
0.913017 0.105728 4
0.927405 0.238704 3
0.90162 0.04573 5
0.907067 0.10108 4
0.93398 0.490362 2
0.926349 0.237009 3
0.950583 0.29935 3
0.930089 0.125897 4
0.92655 0.12059 4
0.984997 1 1
0.901201 0.00490419 8
0.966912 0.594019 2
0.956754 0.547229 2
0.964213 0.579646 2
0.900887 0.00487469 8
0.955063 0.541133 2
0.984313 1 1
0.980494 1 1
0.991005 1 1
0.922878 0.0589686 5
0.949982 0.296962 3
0.935298 0.253626 3
0.892937 0.00909422 7
0.899011 0.0209611 6
0.928436 0.24042 3
0.898999 0.0209581 6
0.913863 0.106464 4
0.898078 0.020736 6
0.967921 1 1
0.952612 0.532984 2
0.90374 0.0466495 5
0.938742 0.498731 2
0.919342 0.111778 4
0.93633 0.25592 3
0.893098 0.00911357 7
0.90741 0.0483983 5
0.969429 0.60895 2
0.97053 0.615993 2
0.98701 1 1
0.915891 0.0266905 6
0.964559 0.581399 2
0.901874 0.00496877 8
0.926626 0.0626733 5
0.932317 0.129648 4
0.90126 0.00236562 9
0.948768 0.292325 3
0.942406 0.271458 3
0.92318 0.0592455 5
0.919548 0.0285355 6
0.980391 0.695903 2
0.964524 0.581222 2
0.937108 0.25771 3
0.922345 0.115163 4
0.93897 0.26222 3
0.877795 0.000314266 11
0.982891 1 1
0.862508 8.95331e-06 15
0.880365 0.000726865 10
0.909394 0.0494385 5
0.913698 0.0519652 5
0.900862 0.0214292 6
0.904768 0.0225218 6
0.881524 0.000742046 10
0.883218 0.00167467 9
0.934873 0.252706 3
0.915677 0.108113 4
0.946097 0.162617 4
0.944401 0.157416 4
0.960943 0.351578 3
0.88829 4.02086e-05 14
0.989782 1 1
0.873986 2.29368e-07 20
0.897284 0.000495431 11
0.912072 0.00622263 8
0.900116 0.000538005 11
0.918865 0.0144359 7
0.915027 0.0132279 7
0.894364 0.000217632 12
0.892614 9.80557e-05 13
0.957915 0.333864 3
0.934101 0.0721369 5
0.935903 0.0749347 5
0.94375 0.15552 4
0.958448 0.336815 3
0.880874 6.77633e-06 16
0.976915 0.663877 2
0.867445 3.56511e-08 22
0.893631 0.000212929 12
0.901157 0.0011423 10
0.887717 3.94624e-05 14
0.915244 0.0132908 7
0.906691 0.00270224 9
0.888024 3.98589e-05 14
0.884565 1.65958e-05 15
0.957546 0.331854 3
0.930046 0.0666169 5
0.903664 0.00250415 9
0.875364 1.16924e-06 18
0.890824 0.000196419 12
0.851832 1.08856e-11 0
0.929261 0.0656582 5
0.8361 5.14082e-12 0
0.843571 7.23562e-12 0
0.892462 0.000205774 12
0.932851 0.0703267 5
0.860979 1.05193e-09 26
0.876014 1.19742e-06 18
0.85127 1.05747e-11 0
0.858595 4.14995e-10 27
0.88587 3.72e-05 14
0.873933 5.03866e-07 19
0.959212 0.556856 2
0.950288 0.525941 2
0.944492 0.277715 3
0.96946 0.609145 2
0.912865 0.0514449 5
0.955946 0.544266 2
0.970092 0.613151 2
0.954061 0.537708 2
0.894087 0.00431935 8
0.976075 1 1
0.984319 1 1
0.9785 1 1
0.970591 0.616389 2
0.941624 0.269244 3
0.970737 0.617349 2
0.921781 0.230341 3
0.893448 0.0197135 6
0.891983 0.0194192 6
0.962327 0.570502 2
0.874692 0.00147575 9
0.955229 0.541714 2
0.922737 0.231653 3
0.95378 0.53677 2
0.903326 0.0464653 5
0.916981 0.109364 4
0.948318 0.520444 2
0.948171 0.520048 2
0.966261 1 1
0.887737 0.00852271 7
0.91231 0.105128 4
0.991005 1 1
0.94453 0.277834 3
0.952622 0.307898 3
0.938118 0.1412 4
0.943546 0.274811 3
0.921146 0.0294387 6
0.929699 0.0661889 5
0.969177 0.607385 2
0.928527 0.0647926 5
0.945501 0.280935 3
0.966369 0.591 2
0.939418 0.144202 4
0.94453 0.277834 3
0.946271 0.283483 3
0.955544 0.321509 3
0.922689 0.115575 4
0.881444 0.000338015 11
0.886917 0.000821788 10
0.922785 0.115691 4
0.886784 0.000819619 10
0.909832 0.0241944 6
0.889982 0.00187845 9
0.956462 0.546149 2
0.947629 0.288179 3
0.893774 0.0042971 8
0.928938 0.124089 4
0.912336 0.0251517 6
0.930194 0.126067 4
0.881147 0.000335958 11
0.896368 0.00448926 8
35 0 2 3 4 6 8 9 10 14 16 17 18 19 20 22 23 24 26 28 31 32 34 35 37 38 39 40 41 45 48 51 52 53 54 55 
38 0 2 3 4 6 8 9 10 11 14 16 17 18 19 20 22 23 24 25 26 28 31 32 34 35 37 38 39 40 41 45 48 51 52 53 54 55 58 
45 0 2 3 4 6 7 8 9 11 12 13 14 16 17 18 19 20 22 23 24 25 26 31 32 34 35 36 37 38 39 40 41 42 43 44 46 48 50 51 52 53 54 55 58 59 
58 0 1 2 3 4 5 6 7 8 9 10 11 12 13 14 15 16 17 18 19 20 21 22 23 24 25 26 27 28 29 30 31 32 33 34 35 36 37 38 39 40 41 42 43 44 45 46 48 49 50 51 52 53 54 56 57 58 59 
12 18 19 23 26 32 34 35 40 52 53 54 55 
56 0 1 2 3 4 6 7 8 9 10 11 12 13 15 16 17 18 19 20 21 22 23 24 25 26 27 28 29 30 31 32 34 35 36 37 38 39 40 41 42 43 44 45 46 47 48 49 50 51 52 53 54 56 57 58 59 
48 0 1 2 4 6 8 9 10 11 12 15 16 17 18 19 20 22 23 24 25 26 27 28 30 31 32 33 34 35 37 38 39 40 41 42 43 44 45 46 48 50 51 52 53 54 56 58 59 
46 0 1 2 3 4 6 8 9 10 11 12 14 16 17 18 19 20 22 23 24 25 26 28 30 31 32 34 35 37 38 39 40 41 42 43 44 45 46 48 50 51 52 53 54 55 58 
32 0 2 3 4 6 9 10 14 16 17 18 19 20 22 23 24 26 28 31 32 34 35 37 38 40 45 48 51 52 53 54 55 
55 0 1 2 3 4 6 7 8 9 10 11 12 13 14 15 16 17 18 19 20 22 23 24 25 26 27 28 29 30 31 32 34 35 36 37 38 39 40 41 42 43 44 45 46 48 49 50 51 52 53 54 55 56 58 59 
52 0 1 2 3 4 6 7 8 9 10 11 12 13 14 15 16 17 18 19 20 22 23 24 25 26 27 28 30 31 32 34 35 36 37 38 39 40 41 42 43 44 45 46 48 50 51 52 53 54 55 58 59 
53 0 1 2 3 4 5 6 8 9 10 11 12 13 14 15 16 17 18 19 20 22 23 24 25 26 27 28 30 31 32 33 34 35 37 38 39 40 41 42 43 44 45 46 48 49 50 51 52 53 54 56 58 59 
56 0 1 2 3 4 6 7 8 9 10 11 12 13 14 15 16 17 18 19 20 22 23 24 25 26 27 28 29 30 31 32 33 34 35 36 37 38 39 40 41 42 43 44 45 46 48 49 50 51 52 53 54 55 56 58 59 
50 0 1 2 3 4 6 7 8 9 11 12 13 14 15 16 17 18 19 20 22 23 24 25 26 27 28 29 32 34 35 36 37 38 39 40 41 42 43 44 45 46 48 50 51 52 53 54 55 58 59 
54 0 1 2 3 4 6 7 8 9 10 11 12 13 14 15 16 17 18 19 20 22 23 24 25 26 27 28 29 30 31 32 34 35 36 37 38 39 40 41 42 43 44 45 46 48 50 51 52 53 54 55 57 58 59 
