70 15 1e+07
2.63145 176477
2.64207 101836
1.55133 180577
1.58093 162141
1.43692 124947
1.11126 146701
2.1121 147342
2.61421 119424
1.35606 197041
2.14221 187519
2.9298 156958
1.02805 110196
1.11248 168194
1.00571 136770
2.3544 161129
2.36019 194159
1.94453 163466
2.58062 118915
2.37892 162805
1.87674 169875
1.25844 139354
1.93943 144251
1.10054 108329
2.23168 112648
1.40065 176637
1.36956 117806
1.23977 133978
2.28763 114269
2.19416 151648
1.66398 135447
1.07073 173110
1.14276 113410
2.97786 165384
2.60208 190364
1.36239 169762
2.86287 177260
1.05543 151915
2.61028 164051
2.23133 129089
1.8961 123579
1.01204 189782
1.9568 119948
2.73992 169502
2.56919 195264
2.39871 155850
1.6659 189595
1.23012 181201
1.43397 177554
1.17967 111308
1.44779 176955
1.33139 153169
2.03902 143696
1.8308 104076
1.90545 185251
2.31518 163912
2.79948 199624
1.60797 134094
1.71436 156251
2.26734 173754
1.16322 159159
2.28039 108086
2.29915 129147
1.90456 119992
1.44649 180911
1.94165 163795
2.60111 169293
1.55228 170813
1.21407 156275
1.82088 110121
2.92885 142339
0.992954 1 1
0.93996 0.264756 3
0.861703 1.69814e-06 17
0.870979 5.52123e-05 13
0.95794 0.551757 2
0.920515 0.113057 4
0.897703 0.00971271 7
0.956017 0.544521 2
0.91428 0.0523388 5
0.840788 3.50418e-11 29
0.875383 0.000135194 12
0.888985 0.00184517 9
0.884055 0.000777455 10
0.912888 0.0514587 5
0.91264 0.0513067 5
0.900732 0.00486019 8
0.94171 0.269484 3
0.888339 0.000393401 11
0.909322 0.0117802 7
0.925884 0.0618921 5
0.950237 0.297968 3
0.912136 0.0250718 6
0.930677 0.126855 4
0.95917 0.556682 2
0.916307 0.0268863 6
0.978387 0.676863 2
0.974283 0.642568 2
0.893467 0.000944692 10
0.978122 0.67447 2
0.902898 0.00507055 8
0.987805 1 1
0.948161 0.290093 3
0.863464 1.54384e-07 20
0.874849 1.22981e-05 15
0.96383 0.577731 2
0.928543 0.123487 4
0.899784 0.004774 8
0.971919 0.625343 2
0.923498 0.059541 5
0.848652 4.96026e-11 29
0.888266 0.000392721 11
0.899757 0.00477155 8
0.884304 0.000165547 12
0.926712 0.0627651 5
0.91191 0.0249821 6
0.866109 4.33104e-06 16
0.914557 0.0525196 5
0.946226 0.283332 3
0.966376 0.591037 2
0.898048 0.00976165 7
0.933912 0.250682 3
0.941745 0.269583 3
0.87955 0.000325286 11
0.937886 0.259557 3
0.97368 0.638016 2
0.923793 0.116934 4
0.94877 0.521668 2
0.933816 0.250483 3
0.911348 0.0505369 5
0.919982 0.0564769 5
0.883554 0.000770189 10
0.923568 0.116652 4
0.980587 1 1
0.980165 1 1
0.913318 0.0517255 5
0.936949 0.257341 3
0.978628 1 1
0.883363 0.000767442 10
0.933322 0.249474 3
0.924094 0.117315 4
0.891036 0.00411354 8
0.921687 0.114389 4
0.985058 1 1
0.896977 0.00961165 7
0.959518 0.558121 2
0.913187 0.0127205 7
0.96283 0.572873 2
0.93784 0.140579 4
0.955753 0.32255 3
0.946833 0.285395 3
0.981003 0.702045 2
0.969747 0.610952 2
0.922142 0.0300354 6
0.977883 0.672328 2
0.924973 0.0609663 5
0.926267 0.0622926 5
0.957486 0.331531 3
0.949369 0.294594 3
0.939597 0.144629 4
0.957797 0.33322 3
0.852042 7.1023e-06 15
0.898982 0.0446674 5
0.9029 0.0462778 5
0.922724 0.231635 3
0.881465 0.00359163 8
0.916442 0.223697 3
0.904697 0.0994497 4
0.87464 0.00147469 9
0.924417 0.234064 3
0.967228 1 1
0.947992 0.519571 2
0.951486 0.529493 2
0.89312 0.0196465 6
0.91677 0.224074 3
0.885925 0.00834419 7
0.937029 0.0768043 5
0.940025 0.0822875 5
0.854437 1.24832e-11 0
0.871223 4.19179e-08 22
0.93976 0.0817712 5
0.928489 0.0345491 6
0.887288 1.82308e-05 15
0.973779 0.638754 2
0.929897 0.0357466 6
0.86224 2.20147e-10 28
0.921899 0.0155589 7
0.919541 0.0146721 7
0.868774 7.62677e-09 24
0.958049 0.334597 3
0.890069 4.26756e-05 14
0.951714 0.304 3
0.948979 0.172416 4
0.860387 4.52362e-10 27
0.875989 5.45742e-07 19
0.952227 0.306184 3
0.934237 0.0723399 5
0.894802 0.000220529 12
0.988792 1 1
0.933696 0.0715382 5
0.861558 4.79101e-10 27
0.914967 0.0132108 7
0.918108 0.0141802 7
0.876649 1.22591e-06 18
0.953877 0.313538 3
0.899883 0.00053426 11
0.978644 0.679221 2
0.958996 0.339921 3
0.87105 2.04022e-07 20
0.883685 3.47811e-05 14
0.972305 0.628042 2
0.939483 0.144356 4
0.907522 0.00559147 8
0.98156 0.707785 2
0.934944 0.134534 4
0.859173 9.67637e-10 26
0.899705 0.00109937 10
0.911461 0.00612973 8
0.890909 0.000196884 12
0.938508 0.142082 4
0.917638 0.014026 7
0.987291 1 1
0.953998 0.537496 2
0.868837 2.34659e-05 14
0.88036 0.000726803 10
0.969895 0.611888 2
0.934215 0.251313 3
0.905378 0.0227067 6
0.973556 1 1
0.92894 0.124092 4
0.853693 1.12323e-07 20
0.891997 0.00417589 8
0.904579 0.0224653 6
0.889661 0.00402789 8
0.930353 0.243783 3
0.917263 0.109641 4
0.887665 3.9395e-05 14
0.931915 0.0690363 5
0.970478 0.61565 2
0.987007 1 1
0.919184 0.0145462 7
0.947805 0.168269 4
0.979564 0.687853 2
0.891599 0.000200752 12
0.945617 0.161104 4
0.934846 0.0732652 5
0.90517 0.00259914 9
0.936204 0.137074 4
0.971931 0.625428 2
0.909414 0.00583776 8
0.95651 0.326392 3
0.928867 0.123979 4
0.948071 0.289766 3
0.866914 3.91095e-07 19
0.885069 0.000168714 12
0.941744 0.269579 3
0.941209 0.268095 3
0.898265 0.00221275 9
0.96563 0.586991 2
0.944606 0.278073 3
0.879434 3.07498e-05 14
0.940369 0.26583 3
0.937854 0.14061 4
0.879147 3.05058e-05 14
0.977503 0.668965 2
0.897765 0.00218915 9
0.994018 1 1
0.94588 0.282181 3
0.863633 7.92121e-07 18
0.874155 2.67175e-05 14
0.962872 0.573074 2
0.926202 0.120107 4
0.899935 0.00478749 8
0.965526 0.586436 2
0.920569 0.056958 5
0.846129 1.02935e-10 28
0.8834 0.000352178 11
0.895991 0.00446015 8
0.885158 0.000365888 11
0.921453 0.057705 5
0.913274 0.0255362 6
0.916239 0.223465 3
0.949739 0.524367 2
0.879588 0.00350636 8
0.899261 0.0447757 5
0.937241 0.495946 2
0.950697 0.527135 2
0.908052 0.101791 4
0.949286 0.523094 2
0.957099 0.548523 2
0.898574 0.0445101 5
0.960213 0.561055 2
0.957895 0.551582 2
0.88874 0.0188101 6
0.995701 1 1
0.903271 0.0464406 5
0.872676 0.000285797 11
0.91107 0.10411 4
0.991354 1 1
0.974709 1 1
0.901444 0.0456567 5
0.924189 0.233728 3
0.965889 0.588384 2
0.87143 0.000279576 11
0.920818 0.113395 4
0.921153 0.113775 4
0.881029 0.00161839 9
0.910974 0.104033 4
0.980162 1 1
0.885103 0.0037712 8
0.949819 0.524594 2
0.966117 0.589619 2
0.97697 0.664343 2
0.895647 0.00209453 9
0.906873 0.0112605 7
0.995411 1 1
0.957875 0.551503 2
0.933324 0.131458 4
0.959382 0.557558 2
0.950195 0.297801 3
0.875271 2.74944e-05 14
0.902053 0.0103784 7
0.921844 0.0580444 5
0.917033 0.0542217 5
0.936628 0.2566 3
0.944908 0.279025 3
0.876594 0.000138709 12
0.909219 0.0239744 6
0.97352 0.636825 2
0.95762 0.550514 2
0.902726 0.0219317 6
0.918943 0.055652 5
0.962971 0.573544 2
0.870476 2.43954e-05 14
0.913817 0.0520406 5
0.903719 0.0222131 6
0.869435 2.37986e-05 14
0.899498 0.00997432 7
0.983969 1 1
0.878033 0.000315719 11
0.955923 0.544181 2
0.954944 0.540719 2
0.982261 1 1
0.89014 0.00188385 9
0.905292 0.010952 7
0.979655 1 1
0.964788 0.582575 2
0.926152 0.120038 4
0.97354 0.63697 2
0.961323 0.565915 2
0.883546 0.000353279 11
0.922096 0.0582657 5
0.937199 0.257923 3
0.907428 0.0233602 6
0.95967 0.558757 2
0.930864 0.127164 4
0.940233 0.146172 4
0.993365 1 1
0.910399 0.0120264 7
0.92604 0.0620548 5
0.974173 0.64173 2
0.9857 1 1
0.94659 0.284562 3
0.951709 0.303982 3
0.978688 0.679622 2
0.900416 0.00232044 9
0.926135 0.0621533 5
0.949215 0.294005 3
0.926925 0.0629947 5
0.955581 0.321692 3
0.947808 0.288817 3
0.891073 4.41729e-05 14
0.940967 0.148005 4
0.943264 0.154143 4
0.965845 0.385656 3
0.92391 0.0311626 6
0.960852 0.351014 3
0.958486 0.337028 3
0.90421 0.00124311 10
0.964235 0.373656 3
0.949088 0.172811 4
0.933756 0.0716272 5
0.965261 0.381209 3
0.943137 0.153785 4
0.932499 0.0698349 5
0.939206 0.0807125 5
0.940019 0.501214 2
0.961836 0.568234 2
0.876383 0.00151119 9
0.893738 0.0197734 6
0.95596 0.544315 2
0.952298 0.531995 2
0.909499 0.102875 4
0.974535 1 1
0.953906 0.537188 2
0.882366 0.00363426 8
0.935445 0.253947 3
0.940483 0.502146 2
0.890316 0.00879432 7
0.976087 1 1
0.910491 0.103648 4
0.925166 0.118706 4
0.973962 0.640133 2
0.906858 0.0231736 6
0.925797 0.119552 4
0.955783 0.54368 2
0.982349 1 1
0.938168 0.260238 3
0.946559 0.284459 3
0.988169 1 1
0.91184 0.0249544 6
0.946229 0.283342 3
0.967693 0.598489 2
0.918154 0.0550483 5
0.971659 0.62355 2
0.932944 0.130765 4
0.926799 0.12094 4
0.949297 0.294316 3
0.869684 1.06906e-05 15
0.888131 0.000842151 10
0.941621 0.269236 3
0.943752 0.275435 3
0.90061 0.0101453 7
0.962914 0.573271 2
0.947664 0.288302 3
0.883261 0.000351139 11
0.944295 0.277102 3
0.941911 0.270049 3
0.881403 0.000154439 12
0.981783 1 1
0.899334 0.0047342 8
0.99056 1 1
0.950595 0.526835 2
0.873521 0.00145221 9
0.882686 0.00804737 7
0.969366 1 1
0.93129 0.245512 3
0.90998 0.103247 4
0.957079 0.548449 2
0.924359 0.233978 3
0.850793 2.97853e-06 16
0.881714 0.00360332 8
0.897752 0.0441994 5
0.896176 0.0436237 5
0.91851 0.226141 3
0.925109 0.235097 3
0.904268 0.00254143 9
0.951228 0.301974 3
0.950848 0.30042 3
0.96811 0.600932 2
0.937109 0.0769417 5
0.967755 0.598846 2
0.98033 0.695306 2
0.910288 0.00595901 8
0.964742 0.377347 3
0.929039 0.0653938 5
0.917493 0.0139788 7
0.949225 0.294043 3
0.961059 0.352306 3
0.927148 0.0334812 6
0.962171 0.359447 3
0.850862 5.53945e-07 18
0.89871 0.0208877 6
0.9363 0.255852 3
0.952589 0.532911 2
0.882188 0.00362574 8
0.9178 0.110179 4
0.925442 0.235603 3
0.86557 0.000111658 12
0.922481 0.231298 3
0.989242 1 1
0.918263 0.11065 4
0.93781 0.259373 3
0.919776 0.112245 4
0.899771 0.0211497 6
0.903812 0.0466818 5
0.890278 0.00188861 9
0.912416 0.0251839 6
0.846635 2.44662e-10 27
0.866423 4.36786e-06 16
0.903116 0.0105586 7
0.912269 0.0251251 6
0.871863 2.52307e-05 14
0.926049 0.119897 4
0.918918 0.0556324 5
0.876971 6.33465e-05 13
0.950932 0.527831 2
0.9283 0.123121 4
0.853461 2.10226e-08 22
0.955439 0.542452 2
0.866696 4.40027e-06 16
0.96264 1 1
0.963375 1 1
0.898677 0.0445496 5
0.906565 0.100725 4
0.977882 1 1
0.947991 0.519568 2
0.935729 0.493282 2
0.944056 0.509845 2
0.939142 0.499496 2
0.869135 0.000606334 10
0.888218 0.0187171 6
0.910237 0.103448 4
0.922471 0.231284 3
0.920697 0.2289 3
0.952368 0.532215 2
0.904748 0.0471087 5
0.955223 0.541691 2
0.93838 0.498047 2
0.958852 0.555387 2
0.938103 0.497529 2
0.975186 1 1
0.963961 1 1
0.916799 0.109186 4
0.976733 1 1
0.934894 0.491867 2
0.93314 0.249107 3
0.965379 1 1
0.945105 0.512302 2
0.940566 0.502314 2
0.948518 0.520982 2
0.899461 0.0448541 5
0.947195 0.517487 2
0.952405 0.532331 2
0.971727 1 1
0.932341 0.247526 3
0.964932 1 1
0.976415 1 1
0.906945 0.100992 4
0.963497 1 1
0.934857 0.491805 2
0.919935 0.227917 3
0.95182 0.530514 2
0.959003 0.556001 2
0.926654 0.237493 3
0.956689 0.546989 2
0.896829 0.00959137 7
0.947508 0.518296 2
0.93232 0.247484 3
0.954392 0.538824 2
0.929489 0.242239 3
0.967499 0.597363 2
0.952032 0.531167 2
0.912914 0.0514751 5
0.973212 1 1
0.943972 0.276106 3
0.943674 0.275198 3
0.976201 1 1
0.934708 0.252354 3
0.943753 0.275436 3
0.935608 0.254305 3
0.938606 0.142308 4
0.958524 0.337242 3
0.920618 0.0291329 6
0.926202 0.0622242 5
0.962039 0.569169 2
0.952537 0.307528 3
0.9572 0.330002 3
0.925721 0.0617235 5
0.943021 0.153462 4
0.882661 3.37345e-05 14
0.888338 8.58703e-05 13
0.9149 0.0131915 7
0.945758 0.281778 3
0.914621 0.0131122 7
0.976609 0.661279 2
0.845452 7.9157e-12 0
0.891582 0.000905797 10
0.895078 0.00207052 9
0.914385 0.026011 6
0.874237 1.2088e-05 15
0.908545 0.0116094 7
0.896115 0.00211471 9
0.868924 2.09149e-06 17
0.916672 0.0270605 6
0.961635 0.56732 2
0.945563 0.281138 3
0.94433 0.277208 3
0.884789 0.000167544 12
0.911708 0.0249025 6
0.877538 2.91929e-05 14
0.930939 0.127289 4
0.978072 0.674017 2
0.92631 0.0623375 5
0.940447 0.266037 3
0.964928 0.5833 2
0.984276 1 1
0.963961 0.578383 2
0.93551 0.135657 4
0.974676 0.645605 2
0.906849 0.0112556 7
0.918 0.0277186 6
0.945852 0.282087 3
0.944103 0.276507 3
0.940966 0.267432 3
0.964029 0.578719 2
0.892646 9.8157e-05 13
0.939557 0.144533 4
0.904671 0.00125971 10
0.926475 0.0329699 6
0.921704 0.0154817 7
0.954389 0.315929 3
0.924187 0.0313476 6
0.917756 0.0140641 7
0.963993 0.371922 3
0.935862 0.0748685 5
0.973174 0.634279 2
0.993116 1 1
0.906541 0.00269175 9
0.960909 0.351365 3
0.911033 0.0060664 8
0.872424 9.75446e-08 21
0.921649 0.0297366 6
0.938417 0.141876 4
0.960182 0.346909 3
0.904419 0.00125059 10
0.941219 0.148648 4
0.941075 0.14828 4
0.888011 3.98423e-05 14
0.946377 0.163514 4
0.970246 0.614142 2
0.934734 0.0730926 5
0.960058 0.346161 3
0.92996 0.0665101 5
0.921805 0.0298304 6
0.920379 0.0149756 7
0.921075 0.113686 4
0.957839 0.551361 2
0.886312 0.00176176 9
0.905759 0.0228245 6
0.944335 0.277225 3
0.959039 0.556146 2
0.915779 0.0533391 5
0.952079 0.531312 2
0.965105 0.584223 2
0.901491 0.0215952 6
0.956799 0.547397 2
0.961407 0.566292 2
0.896263 0.00951476 7
0.995406 1 1
0.911298 0.050508 5
0.979906 0.691146 2
0.956024 0.323911 3
0.868485 3.72414e-08 22
0.880986 6.80231e-06 16
0.969558 0.609761 2
0.936574 0.137845 4
0.904879 0.00258027 9
0.980982 0.701837 2
0.932095 0.0692802 5
0.856565 7.2627e-11 29
0.897627 0.000500285 11
0.908874 0.00576521 8
0.888428 8.61001e-05 13
0.936459 0.137603 4
0.915255 0.0132938 7
0.865364 0.000111243 12
0.909512 0.102885 4
0.888322 0.00858249 7
0.909546 0.102912 4
0.892436 0.0195088 6
0.923903 0.233312 3
0.899617 0.0449153 5
0.892564 0.0195344 6
0.933128 0.249083 3
0.940655 0.502493 2
0.975656 1 1
0.962682 0.57217 2
0.884482 0.0037391 8
0.937946 0.497236 2
0.884262 0.00372789 8
0.841125 6.45329e-12 0
0.88832 0.000393225 11
0.907572 0.0114033 7
0.92512 0.0611137 5
0.871092 2.23656e-06 17
0.906515 0.0111887 7
0.902388 0.00501928 8
0.861295 2.79114e-08 22
0.913491 0.0256272 6
0.97922 0.684583 2
0.930341 0.126304 4
0.937539 0.139916 4
0.893736 0.000950489 10
0.901361 0.00491934 8
0.882252 7.23856e-05 13
0.921097 0.0574009 5
0.93819 0.260292 3
0.859397 5.91191e-08 21
0.877866 6.47386e-05 13
0.931988 0.129072 4
0.932317 0.129648 4
0.889692 0.000869816 10
0.958108 0.552414 2
0.936413 0.137508 4
0.875635 2.77556e-05 14
0.940899 0.26725 3
0.933288 0.131391 4
0.870713 4.92351e-06 16
0.972305 0.628042 2
0.888556 0.000849513 10
0.952411 0.306982 3
0.993806 1 1
0.901938 0.00497497 8
0.916017 0.0267494 6
0.986331 1 1
0.973152 0.634112 2
0.93907 0.143382 4
0.960451 0.562078 2
0.966469 0.591549 2
0.888904 0.000398688 11
0.917856 0.0276457 6
0.938191 0.141363 4
0.920497 0.0568983 5
0.951371 0.302566 3
0.94478 0.278621 3
0.893008 0.000209069 12
0.94252 0.152087 4
0.946791 0.16486 4
0.969038 0.606528 2
0.925952 0.0325839 6
0.96212 0.359113 3
0.963481 0.36832 3
0.904602 0.00256248 9
0.964235 0.373659 3
0.945793 0.161655 4
0.929652 0.0661313 5
0.961405 0.354491 3
0.947895 0.168581 4
0.930617 0.0673342 5
0.943889 0.15592 4
0.890075 4.26836e-05 14
0.905671 0.00129708 10
0.835854 5.08509e-12 0
0.855084 1.29244e-11 0
0.898663 0.000515408 11
0.903033 0.00120242 10
0.86225 2.20268e-10 28
0.925702 0.032402 6
0.908808 0.00285902 9
0.863686 5.33142e-10 27
0.9364 0.0757485 5
0.915298 0.00676055 8
0.8439 7.34948e-12 0
0.945801 0.161681 4
0.858737 3.58158e-11 30
0.881437 1.49826e-05 15
0.917439 0.0139616 7
0.979015 0.682658 2
0.968253 0.60178 2
0.909349 0.00582898 8
0.928622 0.0649031 5
0.972827 0.631763 2
0.877839 2.79984e-06 17
0.92397 0.0312022 6
0.913066 0.0126884 7
0.879957 6.56808e-06 16
0.910357 0.00596882 8
0.991911 1 1
0.887781 8.44661e-05 13
0.96055 0.349143 3
0.921749 0.230297 3
0.962772 1 1
0.939295 0.499792 2
0.950289 0.525946 2
0.953495 0.535832 2
0.970199 1 1
0.978673 1 1
0.921356 0.22977 3
0.962075 1 1
0.908335 0.102 4
0.907268 0.101223 4
0.936994 0.495502 2
0.959457 0.557867 2
0.926318 0.236961 3
0.978342 1 1
0.884323 7.65599e-06 16
0.925659 0.0323716 6
0.884302 7.65008e-06 16
0.905706 0.00129842 10
0.909493 0.00291333 9
0.936482 0.0758848 5
0.903238 0.00120934 10
0.914149 0.00655917 8
0.945841 0.161806 4
0.92335 0.0161572 7
0.995766 1 1
0.970376 0.614985 2
0.885774 8.07808e-06 16
0.961011 0.352 3
0.891462 4.47769e-05 14
0.919781 0.0563147 5
0.971275 0.620943 2
0.917307 0.0544201 5
0.936574 0.256476 3
0.952348 0.532151 2
0.98858 1 1
0.947876 0.28906 3
0.937293 0.258144 3
0.998587 1 1
0.91969 0.0562414 5
0.943156 0.273647 3
0.970473 0.61562 2
0.927782 0.122354 4
0.961553 0.566951 2
0.940129 0.265197 3
0.881952 0.000156436 12
0.915652 0.0265798 6
0.973839 0.6392 2
0.961654 0.567407 2
0.908777 0.0116596 7
0.925543 0.0615421 5
0.969884 0.61182 2
0.876525 2.84133e-05 14
0.920325 0.0567563 5
0.906841 0.0112538 7
0.875093 1.23835e-05 15
0.905397 0.0109718 7
0.99104 1 1
0.884296 0.000165514 12
0.961743 0.56781 2
0.8695 4.27964e-07 19
0.918451 0.0279509 6
0.941108 0.148365 4
0.962321 0.570476 2
0.901475 0.00237738 9
0.937964 0.140855 4
0.94091 0.147861 4
0.884337 7.65782e-05 13
0.942697 0.152568 4
0.972796 0.631539 2
0.930578 0.0672848 5
0.955508 0.32133 3
0.931023 0.0678557 5
0.917501 0.027467 6
0.919733 0.0286365 6
0.837869 5.56325e-12 0
0.885145 3.63679e-05 14
0.912288 0.00625595 8
0.92844 0.0646913 5
0.868142 3.67062e-08 22
0.903633 0.00250223 9
0.903615 0.00250115 9
0.856503 7.23999e-11 29
0.909986 0.0059165 8
0.984759 0.743474 2
0.922199 0.0300703 6
0.932031 0.0691931 5
0.896545 0.000485281 11
0.895166 0.000467278 11
0.882932 1.57214e-05 15
0.965506 0.586334 2
0.957282 0.330438 3
0.893868 0.000214433 12
0.900974 0.00113672 10
0.97316 0.634175 2
0.941483 0.149331 4
0.930319 0.0669579 5
0.942225 0.151288 4
0.932766 0.0702065 5
0.863159 2.62446e-09 25
0.8827 7.2218e-06 16
0.904103 0.00253112 9
0.918036 0.0141564 7
0.915731 0.0134337 7
0.947985 0.168892 4
0.887212 3.88217e-05 14
0.928899 0.0652284 5
0.975439 0.651637 2
0.982895 0.722084 2
0.917764 0.0140669 7
0.943069 0.153596 4
0.982447 0.717198 2
0.888461 8.61853e-05 13
0.939734 0.144957 4
0.927601 0.0637381 5
0.897247 0.000494924 11
0.928159 0.0643688 5
0.980786 0.699852 2
0.903222 0.00247751 9
0.960789 0.350623 3
0.894586 0.00929677 7
0.940859 0.267143 3
0.902291 0.0218115 6
0.923963 0.117149 4
0.92319 0.116185 4
0.954808 0.540248 2
0.922804 0.115714 4
0.920415 0.112945 4
0.964471 0.58095 2
0.932512 0.24786 3
0.974761 1 1
0.990985 1 1
0.904879 0.0225553 6
0.964222 0.579691 2
0.910369 0.0499773 5
0.937247 0.258035 3
0.969049 0.606596 2
0.924456 0.0604574 5
0.933456 0.1317 4
0.966852 0.593683 2
0.965605 0.586859 2
0.963113 0.574229 2
0.931315 0.127919 4
0.955987 0.544413 2
0.892902 0.00198371 9
0.900476 0.00483655 8
0.927531 0.121987 4
0.947355 0.287211 3
0.92583 0.119597 4
0.975516 0.652257 2
0.909979 0.0497597 5
0.958721 0.554857 2
0.909967 0.049753 5
0.930748 0.244505 3
0.940385 0.501946 2
0.973121 1 1
0.936112 0.255427 3
0.932698 0.248227 3
0.982943 1 1
0.925223 0.23527 3
0.958115 0.552442 2
0.983853 1 1
0.916824 0.10921 4
0.968737 1 1
0.926112 0.236637 3
0.900046 0.00479747 8
0.933283 0.131383 4
0.959416 0.557696 2
0.957856 0.551429 2
0.927311 0.121669 4
0.941066 0.267704 3
0.983158 1 1
0.89397 0.00202535 9
0.934473 0.133617 4
0.904435 0.0107929 7
0.884565 0.000361157 11
0.915031 0.0528331 5
0.98679 1 1
0.898437 0.00465704 8
0.981291 1 1
0.9771 0.665464 2
0.9638 0.370554 3
0.875594 5.37314e-07 19
0.888258 4.01662e-05 14
0.97731 0.667284 2
0.944058 0.156411 4
0.912249 0.00624999 8
0.979956 0.691635 2
0.939208 0.143707 4
0.863078 2.61473e-09 25
0.901992 0.00116837 10
0.914973 0.0132125 7
0.895493 0.00022523 12
0.940533 0.146913 4
0.922215 0.0300801 6
0.934501 0.251915 3
0.982436 1 1
0.922178 0.114964 4
0.936418 0.25612 3
0.968808 0.60512 2
0.985224 1 1
0.959719 0.558962 2
0.939699 0.264076 3
0.975351 1 1
0.904282 0.0223773 6
0.918876 0.111286 4
0.945694 0.513723 2
0.940066 0.265031 3
0.943672 0.50897 2
0.961019 0.564561 2
0.91217 0.105011 4
0.960201 0.561005 2
0.942282 0.505899 2
0.959061 0.556236 2
0.945524 0.513308 2
0.976584 1 1
0.975502 1 1
0.918899 0.11131 4
0.972352 1 1
0.923821 0.233193 3
0.920995 0.229292 3
0.952265 0.531893 2
0.95493 0.54067 2
0.934263 0.251413 3
0.962713 0.572316 2
0.886592 0.000816503 10
0.917667 0.0546842 5
0.96561 0.586885 2
0.955032 0.541023 2
0.912257 0.0251202 6
0.925815 0.119577 4
0.969348 0.608448 2
0.879142 0.000146667 12
0.919813 0.0563402 5
0.900394 0.0101115 7
0.872526 2.56465e-05 14
0.902765 0.0104983 7
0.988384 1 1
0.884037 0.000357038 11
0.966639 0.592494 2
0.874295 0.00146769 9
0.91402 0.106602 4
0.991021 1 1
0.979822 1 1
0.903688 0.0466261 5
0.927826 0.239398 3
0.968312 1 1
0.874221 0.00146619 9
0.924808 0.234644 3
0.925428 0.235581 3
0.885602 0.00831335 7
0.915631 0.10807 4
0.979257 1 1
0.889102 0.0188755 6
0.950356 0.526138 2
0.905134 0.0472888 5
0.941749 0.504762 2
0.956871 0.547665 2
0.9609 0.564037 2
0.934199 0.490718 2
0.950625 0.526923 2
0.991788 1 1
0.901494 0.0456774 5
0.9441 0.509946 2
0.909617 0.102966 4
0.893455 0.0197149 6
0.924127 0.233638 3
0.980705 1 1
0.907618 0.101475 4
0.983336 1 1
0.882281 0.00363021 8
0.925936 0.236364 3
0.976265 1 1
0.991826 1 1
0.913445 0.106097 4
0.941761 0.504788 2
0.975185 1 1
0.885867 0.00381159 8
0.939806 0.500792 2
0.936039 0.255264 3
0.901313 0.0456021 5
0.931904 0.24668 3
0.972438 1 1
0.904072 0.0467991 5
0.952706 0.533283 2
0.914525 0.0524985 5
0.946094 0.514705 2
0.875862 0.000302917 11
0.895539 0.00941906 7
0.934243 0.251371 3
0.946558 0.515863 2
0.904079 0.0223179 6
0.948453 0.520807 2
0.952915 0.533949 2
0.896073 0.00948951 7
0.960224 0.561102 2
0.954841 0.540363 2
0.884853 0.00171953 9
0.991492 1 1
0.899402 0.0210576 6
0.878355 1.36218e-05 15
0.927977 0.0641616 5
0.93162 0.128437 4
0.953956 0.313905 3
0.910232 0.0119874 7
0.947456 0.287565 3
0.939866 0.145275 4
0.89579 0.000997231 10
0.953724 0.312834 3
0.963458 0.5759 2
0.943911 0.275919 3
0.970097 0.613184 2
0.926395 0.0624273 5
0.931217 0.127753 4
0.920578 0.02911 6
0.96097 0.564345 2
0.984263 1 1
0.897837 0.00973156 7
0.91037 0.0499776 5
0.996186 1 1
0.964331 0.58024 2
0.935432 0.253918 3
0.961743 0.56781 2
0.957099 0.548523 2
0.880857 0.00073323 10
0.909147 0.0493054 5
0.928874 0.12399 4
0.918036 0.110418 4
0.943649 0.275122 3
0.944532 0.27784 3
0.948629 0.521284 2
0.985484 1 1
0.894432 0.00927734 7
0.910321 0.0499499 5
0.976204 1 1
0.970637 1 1
0.929958 0.243072 3
0.968117 0.600974 2
0.967831 0.599291 2
0.889633 0.00402622 8
0.927412 0.238715 3
0.943634 0.508884 2
0.910767 0.0502025 5
0.963856 0.577859 2
0.93282 0.248469 3
0.901045 0.000553355 11
0.940848 0.147705 4
0.885761 1.72847e-05 15
0.906644 0.00269896 9
0.925452 0.0322234 6
0.948487 0.170652 4
0.909849 0.00294234 9
0.931689 0.0687324 5
0.957215 0.330086 3
0.913728 0.00648817 8
0.978151 0.674733 2
0.971319 0.62124 2
0.891141 9.35553e-05 13
0.979425 0.686527 2
0.901031 0.000553118 11
65 1 2 3 4 5 6 7 8 9 10 11 12 14 15 16 17 18 19 20 21 22 23 24 25 26 27 28 29 30 31 32 34 35 36 37 38 39 41 42 43 44 45 46 47 48 49 50 52 53 54 55 56 57 58 59 60 61 62 63 64 65 66 67 68 69 
51 1 3 4 5 6 11 12 14 15 17 19 20 21 22 23 25 26 27 29 30 31 33 34 35 36 37 39 40 41 43 44 45 46 47 48 49 50 51 53 54 56 57 59 60 61 62 63 64 65 66 69 
36 1 3 5 6 11 12 14 20 21 22 23 25 26 27 29 30 31 33 35 36 37 39 40 41 43 47 48 50 51 54 56 60 64 65 66 69 
37 1 3 5 6 7 8 12 14 18 19 20 21 22 23 26 27 29 30 31 33 35 36 37 39 40 41 43 47 48 50 51 54 56 65 66 68 69 
57 1 3 4 5 6 11 12 14 15 17 18 19 20 21 22 23 25 26 27 29 30 31 32 33 34 35 36 37 39 40 41 42 43 44 45 46 47 48 49 50 51 53 54 55 56 57 59 60 61 62 63 64 65 66 67 68 69 
36 1 3 5 6 11 12 14 20 21 22 23 25 26 27 29 30 31 33 35 36 37 39 40 41 43 44 47 48 50 51 54 56 64 65 66 69 
38 1 3 4 5 6 11 14 15 17 20 25 26 27 29 30 31 33 35 36 39 40 43 44 45 47 48 49 50 51 53 54 56 60 62 64 65 66 69 
48 1 3 4 5 6 7 8 11 12 14 15 18 19 20 21 22 23 25 26 27 29 30 31 33 34 35 36 37 39 40 41 43 44 47 48 50 51 53 54 56 59 60 62 64 65 66 68 69 
31 1 3 6 7 12 14 20 21 22 23 26 27 31 33 35 36 37 39 40 41 43 44 47 48 50 51 54 56 65 66 69 
9 6 27 33 39 40 44 47 51 69 
7 6 27 33 39 40 44 51 
14 1 6 26 27 33 35 39 40 44 47 51 54 65 69 
55 1 3 4 5 6 7 8 9 11 12 14 15 18 19 20 21 22 23 25 26 27 29 30 31 33 34 35 36 37 38 39 40 41 42 43 45 46 47 48 50 51 53 54 56 58 59 60 62 63 64 65 66 67 68 69 
27 1 3 6 11 14 20 26 27 29 30 31 33 35 36 39 40 43 44 47 50 51 54 56 64 65 66 69 
65 0 1 2 3 4 5 6 7 8 9 10 11 12 13 14 15 16 18 19 20 21 22 23 24 25 26 27 28 29 30 31 33 34 35 36 37 38 39 40 41 42 43 44 45 46 47 48 50 51 53 54 55 56 57 58 59 60 62 63 64 65 66 67 68 69 
