60 15 1e+07
1.79234 179016
1.22515 129787
2.28758 102687
2.00736 151778
1.85954 118282
2.13554 193314
1.58876 164926
2.89978 167625
2.46556 137814
2.36027 155688
1.54976 157423
1.98394 130076
1.77973 135497
1.37148 126224
1.01866 118533
2.03339 128787
1.86625 115437
1.65071 112281
1.54657 130621
1.4318 167157
2.23472 195483
1.37549 118945
1.82106 171919
1.21433 132109
1.90415 145167
1.9184 135624
2.93626 128814
2.82145 105623
2.66987 110977
1.86437 187205
2.38983 106123
1.6545 173550
2.94366 114466
1.5517 160431
2.67131 153214
1.08687 186700
2.1913 126121
1.96866 108572
1.57075 178891
2.30857 153565
1.48059 106559
2.36117 185401
1.38362 139720
1.39884 172264
2.69016 107503
1.85382 102418
1.02999 177934
2.15652 178381
1.25247 193104
1.77602 105549
2.03513 196842
1.23141 133007
1.86051 165110
2.21352 177854
2.66468 137410
1.17727 180154
2.47166 180789
1.15785 161452
1.23406 174308
2.91104 136168
0.877502 0.000691905 10
0.916997 0.10938 4
0.871797 0.000125659 12
0.877658 0.000693725 10
0.834263 4.74126e-12 0
0.872869 0.000128382 12
0.915378 0.107835 4
0.868488 5.23381e-05 13
0.949736 0.524359 2
0.876983 0.000309406 11
0.868341 5.21763e-05 13
0.88073 0.000731582 10
0.910833 0.0502399 5
0.896941 0.00960674 7
0.868986 5.28923e-05 13
0.946167 0.283135 3
0.950878 0.527669 2
0.892111 0.00195399 9
0.936931 0.257298 3
0.894138 0.00432298 8
0.876784 0.000139276 12
0.981192 1 1
0.936204 0.255636 3
0.97423 0.642162 2
0.944332 0.277217 3
0.936054 0.255297 3
0.892791 0.00197948 9
0.963348 0.575364 2
0.967208 0.595696 2
0.91444 0.0524425 5
0.957006 0.548172 2
0.949904 0.296659 3
0.890486 0.00189579 9
0.943122 0.273547 3
0.902148 0.0103941 7
0.873032 2.59711e-05 14
0.986473 1 1
0.946504 0.284273 3
0.963375 0.575497 2
0.954019 0.537567 2
0.946358 0.283778 3
0.889722 0.00186967 9
0.963614 0.576665 2
0.978107 1 1
0.917367 0.0544643 5
0.869313 1.73673e-08 23
0.875109 2.40234e-07 20
0.924472 0.0315403 6
0.892642 9.81435e-05 13
0.850948 1.04011e-11 0
0.934414 0.0726061 5
0.892878 9.88981e-05 13
0.867233 3.18282e-09 25
0.93023 0.0360423 6
0.878284 5.98599e-07 19
0.86706 3.15609e-09 25
0.937805 0.0781514 5
0.921267 0.0153111 7
0.887961 1.86735e-05 15
0.900867 0.000550349 11
0.939814 0.264374 3
0.882986 0.000762092 10
0.923189 0.116184 4
0.983853 1 1
0.961061 0.564747 2
0.894123 0.00432187 8
0.917793 0.110172 4
0.952138 0.531496 2
0.908989 0.0492204 5
0.959845 0.559489 2
0.952021 0.531134 2
0.91269 0.0513375 5
0.949934 0.524923 2
0.940377 0.265853 3
0.972188 0.627217 2
0.895475 0.000107856 13
0.858884 1.59395e-11 0
0.976989 0.664509 2
0.940222 0.0826765 5
0.914459 0.00661239 8
0.945145 0.159648 4
0.891126 4.4255e-05 14
0.903256 0.000592991 11
0.903649 0.00122344 10
0.913457 0.00644329 8
0.903107 0.000590182 11
0.963401 0.367759 3
0.937171 0.0770486 5
0.904871 0.00126704 10
0.971539 0.622733 2
0.865445 1.46481e-08 23
0.892736 0.000207413 12
0.88658 3.8044e-05 14
0.875327 1.16767e-06 18
0.831899 4.27931e-12 0
0.89331 0.000210925 12
0.898702 0.00107139 10
0.859078 4.24654e-10 27
0.937803 0.140498 4
0.868834 8.41281e-08 21
0.858917 1.85784e-10 28
0.897959 0.000505043 11
0.9082 0.00567726 8
0.885145 3.63679e-05 14
0.873804 5.01384e-07 19
0.962123 0.569555 2
0.893985 0.00922167 7
0.893618 0.00917649 7
0.968879 1 1
0.965654 0.587121 2
0.866226 4.99394e-05 13
0.926212 0.236794 3
0.978392 1 1
0.903867 0.0467065 5
0.977072 1 1
0.978379 1 1
0.884465 0.00170865 9
0.938149 0.260192 3
0.951482 0.529482 2
0.940478 0.266121 3
0.941244 0.503704 2
0.884206 0.00372504 8
0.922282 0.115088 4
0.985075 1 1
0.96097 0.564345 2
0.893359 0.00914499 7
0.919038 0.111456 4
0.953542 0.535983 2
0.909797 0.0496588 5
0.961307 0.565843 2
0.953423 0.535596 2
0.911956 0.104833 4
0.950653 0.527006 2
0.94174 0.504744 2
0.971087 1 1
0.926078 0.0620945 5
0.906132 0.0111132 7
0.936287 0.137246 4
0.953243 0.310654 3
0.906673 0.0112203 7
0.918645 0.0280521 6
0.93753 0.139897 4
0.926206 0.062228 5
0.954801 0.317887 3
0.938178 0.141336 4
0.926021 0.0620344 5
0.936391 0.137461 4
0.983005 1 1
0.943431 0.274468 3
0.949728 0.295973 3
0.958872 0.555465 2
0.921185 0.113811 4
0.912299 0.105119 4
0.971999 1 1
0.925924 0.236345 3
0.890133 0.00877436 7
0.957589 0.550393 2
0.958306 0.553196 2
0.947912 0.519358 2
0.970324 1 1
0.958115 0.552442 2
0.908445 0.0489323 5
0.982108 1 1
0.974452 1 1
0.945698 0.513732 2
0.965315 0.585324 2
0.917226 0.109605 4
0.90895 0.0491996 5
0.97824 1 1
0.934754 0.252452 3
0.885152 0.00172801 9
0.953447 0.535675 2
0.967529 0.597539 2
0.938464 0.260962 3
0.979987 1 1
0.967336 0.596427 2
0.903669 0.0221987 6
0.972768 1 1
0.975492 1 1
0.947046 0.517102 2
0.930499 0.244049 3
0.909469 0.0494793 5
0.932689 0.24821 3
0.956137 0.544958 2
0.908972 0.0492114 5
0.914403 0.106944 4
0.941573 0.504392 2
0.930338 0.243756 3
0.956294 0.54553 2
0.942327 0.505996 2
0.930152 0.24342 3
0.932233 0.247314 3
0.987739 1 1
0.948001 0.519594 2
0.94946 0.523581 2
0.867167 2.2577e-05 14
0.903647 0.0221924 6
0.872545 0.000127548 12
0.870772 5.49628e-05 13
0.827456 3.54393e-12 0
0.876739 0.00030797 11
0.903588 0.0221755 6
0.859038 1.58043e-06 17
0.939804 0.264348 3
0.867946 2.29846e-05 14
0.858887 1.57411e-06 17
0.882742 0.000758681 10
0.90392 0.0222715 6
0.886654 0.00177197 9
0.865047 9.51354e-06 15
0.908325 0.0236623 6
0.937958 0.259729 3
0.88804 0.000840592 10
0.907219 0.0232911 6
0.862851 3.41807e-07 19
0.881891 0.000156213 12
0.946135 0.283029 3
0.899272 0.00472876 8
0.983005 1 1
0.908027 0.023561 6
0.899119 0.00471545 8
0.893916 0.00202322 9
0.94068 0.266661 3
0.928615 0.123597 4
0.894373 0.00204154 9
0.95437 0.538748 2
0.970562 1 1
0.857989 4.25653e-05 13
0.917434 0.22485 3
0.887336 0.0084824 7
0.840683 3.27827e-08 21
0.975426 1 1
0.938432 0.498144 2
0.936296 0.494265 2
0.938698 0.498646 2
0.938386 0.498057 2
0.856794 1.80875e-05 14
0.928596 0.240693 3
0.960662 0.562996 2
0.887979 0.00854725 7
0.928715 0.240895 3
0.903543 0.0465613 5
0.938353 0.260689 3
0.959212 0.556855 2
0.912734 0.105486 4
0.918402 0.110793 4
0.936174 0.255567 3
0.930098 0.243322 3
0.949473 0.523617 2
0.942173 0.505664 2
0.929913 0.242991 3
0.936809 0.257015 3
0.984276 1 1
0.944825 0.511636 2
0.955982 0.544396 2
0.923736 0.23307 3
0.898323 0.0207945 6
0.944027 0.509779 2
0.956813 0.547449 2
0.911643 0.104575 4
0.923885 0.233285 3
0.930529 0.244103 3
0.925825 0.236191 3
0.945473 0.513185 2
0.937832 0.259425 3
0.925642 0.235909 3
0.942492 0.506352 2
0.978318 1 1
0.939293 0.263036 3
0.958384 0.553507 2
0.905689 0.00263346 9
0.893552 0.000212432 12
0.945403 0.160439 4
0.934344 0.0725001 5
0.890532 9.17917e-05 13
0.934778 0.0731606 5
0.920946 0.0151883 7
0.905759 0.00263817 9
0.948276 0.169906 4
0.917491 0.0139784 7
0.905578 0.00262607 9
0.950451 0.298818 3
0.961413 0.354541 3
0.92328 0.0307501 6
0.940197 0.146084 4
0.886616 0.00841117 7
0.928047 0.239766 3
0.871794 0.000631221 10
0.883945 0.00371182 8
0.840643 1.38969e-08 22
0.870332 0.000274301 11
0.925556 0.235777 3
0.87692 0.00152281 9
0.957703 0.550836 2
0.885058 0.00376884 8
0.876776 0.00151969 9
0.879624 0.00158432 9
0.916841 0.109226 4
0.905965 0.0476842 5
0.872868 0.000641833 10
0.906426 0.011171 7
0.874527 2.69722e-05 14
0.967995 0.600256 2
0.948495 0.291313 3
0.913161 0.025489 6
0.941546 0.269026 3
0.906611 0.0112078 7
0.91212 0.0250654 6
0.921153 0.0574489 5
0.9233 0.0593569 5
0.911955 0.0249997 6
0.961478 0.566608 2
0.953744 0.536651 2
0.918377 0.0552167 5
0.97058 0.616316 2
0.87599 1.19636e-06 18
0.851844 1.08921e-11 0
0.987206 1 1
0.91623 0.0135837 7
0.885804 3.71229e-05 14
0.974694 0.645741 2
0.880595 6.71189e-06 16
0.881036 6.81403e-06 16
0.902867 0.0024565 9
0.891902 0.000202492 12
0.880875 6.77656e-06 16
0.995009 1 1
0.925297 0.0321131 6
0.888852 8.71995e-05 13
0.94211 0.150981 4
0.894446 0.000458335 11
0.863836 1.36851e-08 23
0.981089 0.702923 2
0.936822 0.13837 4
0.90545 0.00261759 9
0.952973 0.309448 3
0.895004 0.000465241 11
0.900474 0.00112171 10
0.911804 0.0123655 7
0.91135 0.00611319 8
0.900314 0.00111699 10
0.972882 0.632155 2
0.941481 0.149326 4
0.906127 0.00542293 8
0.963228 0.574784 2
0.897337 0.020562 6
0.887165 0.00846536 7
0.947988 0.51956 2
0.92662 0.237439 3
0.884045 0.0037169 8
0.941309 0.503839 2
0.913235 0.105915 4
0.897528 0.0206064 6
0.942691 0.506787 2
0.909165 0.102621 4
0.897349 0.0205648 6
0.955447 0.54248 2
0.952548 0.532782 2
0.914823 0.107324 4
0.935342 0.253722 3
0.880075 3.03403e-06 17
0.927171 0.0334989 6
0.861725 4.83086e-10 27
0.874851 5.21985e-07 19
0.832322 4.35811e-12 0
0.860844 4.62566e-10 27
0.91963 0.0147037 7
0.869716 3.92519e-08 22
0.948032 0.169054 4
0.877289 1.25562e-06 18
0.869581 3.90229e-08 22
0.869649 3.91374e-08 22
0.907042 0.00272716 9
0.898773 0.00051707 11
0.863001 1.15794e-09 26
0.868694 1.68891e-08 23
0.898334 0.000510519 11
0.883907 7.54101e-06 16
0.876605 5.59257e-07 19
0.832999 4.48743e-12 0
0.889195 4.14349e-05 14
0.903015 0.00120181 10
0.861766 2.14782e-10 28
0.941715 0.149937 4
0.871308 4.20755e-08 22
0.861607 2.13022e-10 28
0.894719 0.000219975 12
0.909797 0.00293803 9
0.888443 4.04123e-05 14
0.873471 1.0201e-07 21
0.932643 0.0700354 5
0.95756 0.33193 3
0.884288 1.64419e-05 15
0.922048 0.0299776 6
0.879531 2.97452e-06 17
0.872133 2.12892e-07 20
0.973246 0.634804 2
0.921672 0.0297502 6
0.980738 0.699374 2
0.929139 0.0655126 5
0.921532 0.0296664 6
0.886789 3.82989e-05 14
0.950825 0.300325 3
0.95253 0.307499 3
0.901779 0.00116161 10
0.905623 0.04752 5
0.897531 0.0206073 6
0.939386 0.49997 2
0.931315 0.24556 3
0.886774 0.00386085 8
0.930531 0.244106 3
0.923652 0.232949 3
0.904655 0.0470658 5
0.953445 0.535668 2
0.916285 0.108689 4
0.904474 0.0469825 5
0.945213 0.512558 2
0.960933 0.564184 2
0.92398 0.233424 3
0.934757 0.252459 3
0.884938 0.000790621 10
0.876566 0.000138627 12
0.950392 0.526245 2
0.915242 0.0529744 5
0.874628 5.99354e-05 13
0.950921 0.527797 2
0.901098 0.0102227 7
0.885436 0.000798244 10
0.932282 0.129585 4
0.896929 0.00453345 8
0.88526 0.000795533 10
0.961554 0.566953 2
0.939388 0.26328 3
0.902126 0.0103904 7
0.92759 0.122073 4
0.926121 0.119995 4
0.885393 0.000367798 11
0.947436 0.287495 3
0.970822 0.617912 2
0.931965 0.129033 4
0.919906 0.0564149 5
0.919721 0.0562666 5
0.93316 0.131158 4
0.92469 0.118081 4
0.944256 0.27698 3
0.932996 0.13086 4
0.939361 0.26321 3
0.965024 0.583798 2
0.935758 0.254638 3
0.982247 1 1
0.915662 0.0265844 6
0.873579 1.18689e-05 15
0.955827 0.543835 2
0.961866 0.568372 2
0.931731 0.128629 4
0.925913 0.061922 5
0.907459 0.0113798 7
0.92406 0.0600737 5
0.913578 0.0256637 6
0.934334 0.13335 4
0.923909 0.05993 5
0.945048 0.279474 3
0.952421 0.307023 3
0.923821 0.0598457 5
0.990652 1 1
0.867666 3.2511e-09 25
0.900321 0.000541329 11
0.878767 6.10658e-07 19
0.873735 1.03177e-07 21
0.830238 3.98568e-12 0
0.883682 3.47786e-06 17
0.902945 0.000587136 11
0.860215 3.88364e-11 30
0.94071 0.147356 4
0.869491 1.75084e-08 23
0.86006 3.85039e-11 30
0.889346 4.16442e-05 14
0.906945 0.00134752 10
0.887323 1.82539e-05 15
0.869509 1.75225e-08 23
0.929912 0.242989 3
0.864142 9.30778e-06 15
0.89533 0.00939192 7
0.951899 0.530758 2
0.997962 1 1
0.866017 9.74243e-06 15
0.896086 0.00949125 7
0.945795 0.513968 2
0.879168 0.000322823 11
0.945072 0.279551 3
0.945807 0.513999 2
0.883157 0.000764517 10
0.916995 0.054194 5
0.920468 0.113004 4
0.941911 0.270049 3
0.902778 0.0219461 6
0.865769 2.18742e-05 14
0.970755 1 1
0.947536 0.518369 2
0.918755 0.111159 4
0.940121 0.265176 3
0.898437 0.0208217 6
0.910308 0.0499426 5
0.909919 0.0497261 5
0.920756 0.113326 4
0.910155 0.0498572 5
0.959246 0.556995 2
0.944727 0.511405 2
0.912432 0.0511806 5
0.977241 1 1
0.925277 0.0320989 6
0.88071 6.73837e-06 16
0.946243 0.163084 4
0.972034 0.626141 2
0.938014 0.140967 4
0.917275 0.013909 7
0.915229 0.0132863 7
0.93382 0.0717205 5
0.91788 0.0141048 7
0.944214 0.156865 4
0.933667 0.0714965 5
0.936486 0.13766 4
0.958649 0.33795 3
0.932859 0.0703369 5
0.989256 1 1
0.928846 0.123948 4
0.899062 0.00471049 8
0.941704 0.269466 3
0.963563 0.576415 2
0.917899 0.0548569 5
0.91963 0.0561936 5
0.932401 0.129795 4
0.93172 0.128608 4
0.943092 0.273457 3
0.943764 0.275472 3
0.931537 0.128296 4
0.938563 0.261207 3
0.980865 1 1
0.943406 0.274393 3
0.962676 0.572141 2
0.876987 2.71759e-06 17
0.903863 0.00251628 9
0.890524 0.000194782 12
0.885444 3.67075e-05 14
0.841392 6.53368e-12 0
0.893901 0.000214641 12
0.910869 0.0060424 8
0.870249 1.97795e-07 20
0.950465 0.298877 3
0.879969 6.5708e-06 16
0.870088 1.96573e-07 20
0.900741 0.00112967 10
0.91898 0.0282292 6
0.896944 0.000490716 11
0.881829 1.5171e-05 15
0.92474 0.0607353 5
0.983679 1 1
0.858338 2.49956e-08 22
0.901397 0.00492278 8
0.863842 3.52964e-07 19
0.846694 1.95284e-11 30
0.965082 0.584101 2
0.910703 0.0245166 6
0.953778 0.313085 3
0.914841 0.0262121 6
0.910608 0.0244809 6
0.860714 6.19309e-08 21
0.924903 0.0608967 5
0.939461 0.263464 3
0.87793 2.95038e-05 14
0.891946 0.00897782 7
0.904056 0.022311 6
0.913828 0.106433 4
0.907118 0.0482513 5
0.862326 8.91512e-06 15
0.913399 0.106057 4
0.920569 0.113116 4
0.887341 0.00389238 8
0.960433 0.562002 2
0.898029 0.0207243 6
0.887169 0.00388272 8
0.923015 0.11597 4
0.940533 0.266266 3
0.91195 0.050891 5
0.905915 0.0476601 5
0.959546 0.558237 2
0.957301 0.549292 2
0.851737 2.44861e-07 19
0.916282 0.108686 4
0.892144 0.00900078 7
0.832755 4.44029e-12 0
0.963 0.573684 2
0.943649 0.508917 2
0.922589 0.115455 4
0.940782 0.266934 3
0.94365 0.508919 2
0.849269 9.84009e-08 20
0.921038 0.113644 4
0.95765 0.55063 2
0.885215 0.00377705 8
0.914823 0.107324 4
0.93706 0.495621 2
0.895002 0.0200403 6
0.915797 0.108226 4
0.870863 0.000276829 11
0.887208 0.00846962 7
0.950846 0.527574 2
0.90647 0.0479298 5
0.991699 1 1
0.915682 0.108117 4
0.906311 0.0478521 5
0.900159 0.0451309 5
0.94971 0.524286 2
0.935508 0.254086 3
0.90288 0.0462691 5
0.918916 0.111328 4
0.912784 0.105529 4
0.926973 0.238004 3
0.938139 0.260166 3
0.891679 0.00894707 7
0.915102 0.107579 4
0.939758 0.26423 3
0.916153 0.108563 4
0.967929 1 1
0.927588 0.239004 3
0.915972 0.108391 4
0.930596 0.244226 3
0.972493 1 1
0.938451 0.26093 3
0.933197 0.249222 3
0.914109 0.0129694 7
0.870384 9.82433e-07 18
0.955195 0.319791 3
0.960749 0.563373 2
0.93403 0.132772 4
0.924648 0.060645 5
0.904312 0.00521875 8
0.923181 0.0592461 5
0.909497 0.0118193 7
0.933048 0.130954 4
0.923037 0.0591137 5
0.943435 0.274479 3
0.948541 0.291481 3
0.921324 0.0295432 6
0.99362 1 1
0.92234 0.231103 3
0.930328 0.243737 3
0.907711 0.0485515 5
0.929249 0.241818 3
0.883231 0.00367631 8
0.897307 0.0205552 6
0.952645 0.53309 2
0.915911 0.108333 4
0.988472 1 1
0.926125 0.236658 3
0.91574 0.108172 4
0.9117 0.104622 4
0.96429 0.58003 2
0.943278 0.508083 2
0.917398 0.109776 4
0.941664 0.504582 2
0.956581 0.546587 2
0.886879 0.00386662 8
0.929895 0.242958 3
0.887756 0.00391584 8
0.872736 0.000286102 11
0.981178 1 1
0.930733 0.244478 3
0.975859 1 1
0.938192 0.260297 3
0.930592 0.244218 3
0.888217 0.00394229 8
0.95659 0.546619 2
0.961889 0.568478 2
0.907731 0.0485619 5
0.945377 0.280534 3
0.938741 0.142618 4
0.903552 0.00513795 8
0.9458 0.281916 3
0.900682 0.00485558 8
0.88733 0.000384271 11
0.970965 0.618863 2
0.938287 0.141581 4
0.973789 0.638831 2
0.948135 0.289996 3
0.938117 0.141199 4
0.903864 0.00517081 8
0.975545 0.652492 2
0.96682 0.593503 2
0.9255 0.0614979 5
0.955289 0.320254 3
0.967578 0.597824 2
0.855265 6.80435e-11 29
0.916205 0.013576 7
0.887865 8.46743e-05 13
0.837532 5.47964e-12 0
0.971266 0.62088 2
0.939223 0.143741 4
0.93175 0.0688141 5
0.938532 0.142139 4
0.939191 0.143666 4
0.853735 2.75419e-11 30
0.925556 0.0322974 6
0.959176 0.340958 3
0.886232 3.76263e-05 14
0.949298 0.523126 2
0.949215 0.522896 2
0.893265 0.0196761 6
0.940108 0.501391 2
0.8974 0.0205768 6
0.877188 0.00152868 9
0.981913 1 1
0.939571 0.50033 2
0.971408 1 1
0.947812 0.519095 2
0.939418 0.500032 2
0.893477 0.0197195 6
0.96542 1 1
0.97056 1 1
0.916901 0.109285 4
0.896012 0.0435651 5
0.86426 0.000248094 11
0.979596 1 1
0.938836 0.49891 2
0.907843 0.101638 4
0.95069 0.527116 2
0.895728 0.0434644 5
0.902297 0.0460169 5
0.911599 0.104539 4
0.913114 0.105811 4
0.902137 0.0459489 5
0.970452 1 1
0.942289 0.505915 2
0.907365 0.101292 4
0.965763 1 1
0.883444 0.0007686 10
0.872037 5.65148e-05 13
0.956814 0.547454 2
0.915897 0.0534205 5
0.876627 0.000138808 12
0.956945 0.547945 2
0.897501 0.00968423 7
0.884784 0.000788294 10
0.927079 0.121336 4
0.896262 0.00951465 7
0.884609 0.000785672 10
0.96831 0.602124 2
0.937611 0.258898 3
0.899951 0.010043 7
0.930756 0.244521 3
0.957626 0.332288 3
0.904467 0.00523555 8
0.915702 0.0266028 6
0.99197 1 1
0.945621 0.281328 3
0.889722 0.000406577 11
0.94016 0.145993 4
0.965358 0.585546 2
0.928183 0.0643953 5
0.97697 0.664343 2
0.965182 0.584624 2
0.908547 0.0116098 7
0.967242 0.595891 2
0.962704 0.572276 2
0.95824 0.552936 2
0.888153 0.00181834 9
0.865955 4.31317e-06 16
0.976256 1 1
0.926584 0.120638 4
0.891294 0.00192428 9
0.961861 0.568349 2
0.894877 0.00437656 8
0.892107 0.00195385 9
0.917735 0.0547349 5
0.903398 0.0106076 7
0.891939 0.00194764 9
0.981048 1 1
0.939741 0.264185 3
0.902215 0.0104053 7
0.947901 0.289153 3
0.862741 9.00242e-06 15
0.848161 1.76056e-08 22
0.963456 0.57589 2
0.898822 0.0209151 6
0.865438 2.17129e-05 14
0.982247 1 1
0.873472 0.00012996 12
0.865772 2.18754e-05 14
0.901748 0.021664 6
0.876837 0.000308543 11
0.865606 2.17944e-05 14
0.979764 1 1
0.914567 0.0525255 5
0.877602 0.000693071 10
0.920675 0.113235 4
0.992692 1 1
0.927176 0.0632687 5
0.871443 4.59046e-07 19
0.944871 0.158817 4
0.926801 0.0628607 5
0.84822 9.06431e-12 0
0.953151 0.31024 3
0.979771 0.689842 2
0.917428 0.013958 7
0.972887 0.632191 2
0.979811 0.690223 2
0.865968 3.35486e-08 22
0.935287 0.13521 4
0.971901 0.62522 2
0.911788 0.00617916 8
0.883787 0.000355119 11
0.859969 3.12072e-07 19
0.982885 1 1
0.923447 0.116502 4
0.890509 0.0018966 9
0.966754 0.593134 2
0.889051 0.00184733 9
0.888405 0.00182638 9
0.911152 0.0246872 6
0.899496 0.00997393 7
0.888241 0.00182112 9
0.986993 1 1
0.934093 0.251057 3
0.897138 0.00455011 8
0.947346 0.28718 3
0.938258 0.141515 4
0.907912 0.0114744 7
0.931547 0.128313 4
0.96776 0.598877 2
0.91994 0.0287509 6
0.909909 0.0119129 7
0.942167 0.151133 4
0.939907 0.145376 4
0.948498 0.291324 3
0.952109 0.305677 3
0.93972 0.144925 4
0.928518 0.0647821 5
0.990568 1 1
0.953659 0.312539 3
0.957159 0.329786 3
0.924783 0.118203 4
0.864722 2.13704e-05 14
0.917747 0.110125 4
0.962337 0.570551 2
0.973564 1 1
0.88763 0.00390869 8
0.8985 0.0208371 6
0.93918 0.262751 3
0.888976 0.00398677 8
0.943506 0.508594 2
0.939118 0.262593 3
0.904964 0.0472094 5
0.92923 0.241785 3
0.921575 0.11426 4
0.964507 0.581132 2
0.926625 0.237446 3
0.921746 0.230293 3
0.919254 0.227059 3
0.940771 0.502731 2
0.893941 0.0198156 6
0.906069 0.10038 4
0.949457 0.523571 2
0.922572 0.231423 3
0.974919 1 1
0.9337 0.48991 2
0.922392 0.231174 3
0.921863 0.230451 3
0.976566 1 1
0.946869 0.516651 2
0.930791 0.244584 3
0.93421 0.251302 3
0.875024 0.000298234 11
0.919998 0.112487 4
0.974093 1 1
0.96914 0.607156 2
0.890297 0.00406696 8
0.909316 0.0493967 5
0.947916 0.519369 2
0.899561 0.0210971 6
0.953668 0.536398 2
0.947829 0.51914 2
0.908372 0.0488942 5
0.940095 0.265109 3
0.932394 0.247628 3
0.968984 0.606196 2
0.90009 0.0212304 6
0.908322 0.048868 5
0.917774 0.110153 4
0.915759 0.10819 4
0.870462 0.000122408 12
0.914177 0.106742 4
0.92749 0.238844 3
0.895751 0.00944689 7
0.966247 0.590328 2
0.906599 0.0479933 5
0.895576 0.00942398 7
0.925611 0.235862 3
0.949589 0.523944 2
0.920149 0.112652 4
0.913436 0.0517995 5
56 0 1 2 3 4 5 6 8 9 10 11 12 13 14 15 16 17 18 19 20 21 22 23 24 25 26 27 28 29 30 31 33 34 35 36 37 38 40 41 42 43 44 45 46 47 48 49 50 51 52 54 55 56 57 58 59 
46 0 1 2 3 6 9 10 12 13 14 16 17 18 19 20 22 23 24 25 26 27 28 29 30 31 33 34 35 36 37 38 40 41 42 43 44 45 47 48 49 51 52 54 55 57 59 
33 0 1 3 6 9 12 13 14 18 19 21 23 24 25 26 27 28 31 36 37 38 40 41 43 44 45 47 49 51 52 54 57 59 
50 0 1 2 3 5 6 9 10 11 12 13 14 16 17 18 19 20 21 22 23 24 25 26 27 28 29 30 31 33 34 35 36 37 38 40 41 42 43 44 45 47 48 49 50 51 52 54 55 57 59 
52 1 2 4 5 7 8 9 10 11 12 14 15 16 17 18 19 20 21 22 23 26 27 28 29 30 32 33 34 35 37 38 39 40 41 42 43 44 45 46 47 48 49 50 51 52 53 54 55 56 57 58 59 
18 0 3 6 13 14 19 23 24 25 28 31 36 38 40 43 49 52 59 
35 0 1 3 6 9 12 13 14 16 17 18 19 21 23 24 25 26 27 28 31 36 37 38 40 41 43 44 45 47 49 51 52 54 57 59 
58 0 1 2 3 4 5 6 7 8 9 10 11 12 13 14 15 16 17 18 19 20 21 22 23 24 25 26 27 28 29 30 31 33 34 35 36 37 38 39 40 41 42 43 44 45 46 47 48 49 50 51 52 54 55 56 57 58 59 
20 0 3 6 13 14 18 19 21 23 24 25 27 28 31 36 38 40 49 52 59 
53 0 1 2 3 5 6 9 10 11 12 13 14 15 16 17 18 19 20 21 22 23 24 25 26 27 28 29 30 31 33 34 35 36 37 38 39 40 41 43 44 45 46 47 48 49 50 51 52 53 54 55 57 59 
49 0 1 2 3 6 9 10 11 12 13 14 15 16 17 18 19 20 21 22 23 24 25 26 27 28 29 31 35 36 37 38 39 40 41 43 44 45 46 47 48 49 50 51 52 53 54 55 57 59 
18 0 3 6 13 14 19 23 24 25 27 28 31 36 38 40 49 52 59 
37 0 1 2 3 6 9 12 13 14 15 16 17 18 19 21 23 24 25 26 27 28 31 36 37 38 40 41 43 44 45 47 49 51 52 54 57 59 
48 0 1 2 3 5 6 9 10 12 13 14 15 16 17 18 19 20 21 22 23 24 25 26 27 28 29 30 31 33 35 36 37 38 40 41 43 44 45 46 47 48 49 51 52 54 55 57 59 
43 0 3 5 6 9 12 13 14 16 17 18 19 20 21 22 23 24 25 26 27 28 29 30 31 33 34 35 36 38 40 41 42 43 44 45 48 49 51 52 54 55 57 59 
