40 15 1e+07
2.25911 157879
2.5259 125563
2.47629 117261
2.54176 109030
1.01661 128740
1.22561 166012
1.5991 104539
1.985 152154
1.71947 121150
1.86711 137092
1.3437 166010
2.36287 118692
2.73387 190320
1.71771 167977
2.9398 154135
1.96678 174272
2.56209 187476
2.26087 140593
1.26868 166146
1.23377 192905
1.13097 131581
2.32772 121519
1.29403 125277
2.75093 158142
2.49402 182221
1.53362 198829
2.28139 165781
1.06678 176823
2.29693 154682
2.46009 170566
1.44407 114041
2.03333 139728
1.47854 133642
1.22144 120378
1.81501 163171
2.92064 160812
2.07962 173465
2.64475 191593
2.07491 134031
1.41825 110898
0.960864 0.563878 2
0.932263 0.247372 3
0.923597 0.23287 3
0.929975 0.243101 3
0.9836 1 1
0.902654 0.0461707 5
0.910705 0.103818 4
0.970639 1 1
0.94076 0.502708 2
0.923851 0.233237 3
0.946382 0.515421 2
0.934774 0.252496 3
0.969393 1 1
0.993374 1 1
0.933737 0.250321 3
0.985458 1 1
0.920662 0.0570358 5
0.91136 0.0247672 6
0.906765 0.0112386 7
0.989232 1 1
0.88323 0.000161275 12
0.896189 0.00211794 9
0.949579 0.295399 3
0.92561 0.0616096 5
0.922561 0.0586805 5
0.92277 0.0588698 5
0.927241 0.121568 4
0.951803 0.304378 3
0.968852 0.605389 2
0.929143 0.124405 4
0.908964 0.00577724 8
0.931746 0.0688089 5
0.928347 0.064584 5
0.982951 0.722701 2
0.930941 0.0677496 5
0.938945 0.14309 4
0.926542 0.062584 5
0.961908 0.35773 3
0.945697 0.161355 4
0.904742 0.00257144 9
0.999553 1 1
0.921368 0.0295691 6
0.954859 0.318167 3
0.951837 0.304522 3
0.917399 0.0139486 7
0.898019 0.00220107 9
0.912518 0.0252252 6
0.90952 0.0118245 7
0.983069 1 1
0.92049 0.0568924 5
0.926868 0.0629331 5
0.909172 0.0117467 7
0.957231 0.549025 2
0.926183 0.0622042 5
0.886161 0.000173428 12
0.978973 0.68227 2
0.927393 0.0635074 5
0.936501 0.137691 4
0.94015 0.145969 4
0.898534 0.00222569 9
0.896073 0.00446647 8
0.923116 0.0591869 5
0.921138 0.0574358 5
0.997162 1 1
0.917931 0.0548808 5
0.941569 0.26909 3
0.922412 0.0585474 5
0.950766 0.300085 3
0.936793 0.256979 3
0.894434 0.00204404 9
0.985153 1 1
0.915145 0.0529088 5
0.941884 0.269972 3
0.938457 0.260945 3
0.906963 0.0112786 7
0.98535 1 1
0.900314 0.0212874 6
0.891153 0.00888738 7
0.889836 0.00874215 7
0.971394 1 1
0.863509 2.08099e-05 14
0.876022 0.000675106 10
0.935886 0.254923 3
0.904693 0.0470833 5
0.905468 0.0474464 5
0.905145 0.0472939 5
0.927706 0.239199 3
0.930322 0.243727 3
0.95024 0.525802 2
0.910373 0.0499791 5
0.950445 0.298794 3
0.939319 0.263102 3
0.930728 0.126938 4
0.887083 0.000382094 11
0.942289 0.271122 3
0.886289 0.000375253 11
0.912432 0.0251904 6
0.912757 0.0253226 6
0.934739 0.134132 4
0.961625 0.567273 2
0.901914 0.00497267 8
0.88143 7.08379e-05 13
0.943953 0.276049 3
0.934613 0.133887 4
0.959925 0.559828 2
0.96264 0.571972 2
0.920826 0.113405 4
0.911986 0.104858 4
0.878193 0.00155113 9
0.946414 0.5155 2
0.870717 0.000276132 11
0.894169 0.0198632 6
0.911061 0.104103 4
0.918284 0.110672 4
0.940882 0.502958 2
0.893569 0.0197385 6
0.886599 0.00385122 8
0.933121 0.24907 3
0.932546 0.247926 3
0.93972 0.500624 2
0.902866 0.0105154 7
0.95878 0.555096 2
0.958265 0.553036 2
0.960285 0.561362 2
0.920751 0.0571102 5
0.964693 0.582088 2
0.959275 0.557113 2
0.937403 0.258404 3
0.971825 0.624693 2
0.926203 0.120108 4
0.965893 0.588405 2
0.8935 0.00427794 8
0.960398 0.561848 2
0.939312 0.263086 3
0.938729 0.261619 3
0.915634 0.0134051 7
0.900417 0.0023205 9
0.894874 0.000463619 11
0.950645 0.299599 3
0.937704 0.14028 4
0.899303 0.00226342 9
0.889597 0.000189876 12
0.974968 0.647892 2
0.913076 0.0126909 7
0.881159 1.48509e-05 15
0.957723 0.332814 3
0.960387 0.34815 3
0.933604 0.131975 4
0.952111 0.305688 3
0.892612 0.000436902 11
0.894154 0.0198601 6
0.963859 0.577877 2
0.966937 1 1
0.947577 0.518477 2
0.910086 0.10333 4
0.974254 1 1
0.973293 1 1
0.923193 0.232294 3
0.972796 1 1
0.92979 0.242771 3
0.950974 0.527957 2
0.879658 0.00158511 9
0.951377 0.529162 2
0.927136 0.238267 3
0.941261 0.503738 2
0.930568 0.067272 5
0.976429 0.659758 2
0.967096 0.595061 2
0.91247 0.0125336 7
0.936057 0.13677 4
0.920846 0.0292643 6
0.94822 0.290306 3
0.922836 0.0589298 5
0.970388 0.615064 2
0.977308 0.667262 2
0.925499 0.0614962 5
0.882192 3.32723e-05 14
0.965546 0.586545 2
0.941115 0.148384 4
0.989865 1 1
0.904368 0.00522484 8
0.884419 0.000166017 12
0.879116 3.04791e-05 14
0.939129 0.143519 4
0.924956 0.0609495 5
0.886296 0.000174025 12
0.874512 1.21819e-05 15
0.958718 0.554842 2
0.896938 0.00215118 9
0.865599 3.74078e-07 19
0.942817 0.272649 3
0.965809 0.58795 2
0.917023 0.0272307 6
0.936681 0.138071 4
0.876771 1.29969e-05 15
0.926141 0.0327224 6
0.909692 0.0058758 8
0.903554 0.00122013 10
0.950785 0.300164 3
0.948857 0.171972 4
0.903239 0.00120939 10
0.896871 0.000489712 11
0.987291 0.775386 2
0.922053 0.0299805 6
0.891625 9.49943e-05 13
0.961733 0.356593 3
0.957922 0.333898 3
0.944389 0.15738 4
0.964142 0.372987 3
0.903017 0.0012019 10
0.956551 0.326605 3
0.899969 0.000535648 11
0.891704 9.52339e-05 13
0.913982 0.0065308 8
0.971624 0.623309 2
0.876253 5.51476e-07 19
0.879954 3.02071e-06 17
0.96399 0.371903 3
0.908681 0.00284913 9
0.893757 0.000213728 12
0.927826 0.0340129 6
0.961358 0.354193 3
0.936239 0.0754823 5
0.964784 0.377656 3
0.902314 0.00117871 10
0.888163 0.000391776 11
0.972305 0.628042 2
0.980908 1 1
0.905848 0.0110581 7
0.896305 0.00212301 9
0.942116 0.270628 3
0.979218 0.684565 2
0.89454 0.00204832 9
0.961275 0.565699 2
0.955108 0.54129 2
0.912341 0.0251541 6
0.852018 1.6312e-09 25
0.934343 0.133368 4
0.906536 0.0111929 7
0.959282 0.557145 2
0.9509 0.527734 2
0.956185 0.545133 2
0.946581 0.515921 2
0.907838 0.101634 4
0.952788 0.533545 2
0.905239 0.047338 5
0.928514 0.240552 3
0.93024 0.243578 3
0.954704 0.539891 2
0.964659 1 1
0.92281 0.231756 3
0.893636 0.0197523 6
0.965995 1 1
0.951656 0.530011 2
0.971033 1 1
0.92696 0.0630333 5
0.940006 0.145615 4
0.934304 0.133293 4
0.963559 0.576395 2
0.948931 0.292936 3
0.930438 0.126462 4
0.927696 0.0638442 5
0.97326 0.634909 2
0.953323 0.311014 3
0.917278 0.0273563 6
0.980705 0.69904 2
0.927177 0.0632695 5
0.971286 0.621015 2
0.970211 0.613918 2
0.929794 0.0663049 5
0.974597 0.644986 2
0.935722 0.254559 3
0.926149 0.120034 4
0.908513 0.0237272 6
0.976245 1 1
0.892844 0.00198149 9
0.909766 0.0241706 6
0.943649 0.275122 3
0.938767 0.261714 3
0.939891 0.264574 3
0.924625 0.117997 4
0.913342 0.0517408 5
0.961857 0.568333 2
0.966117 0.589619 2
0.946277 0.283503 3
0.896698 0.00101929 10
0.939562 0.144545 4
0.938812 0.142781 4
0.979566 0.687871 2
0.916952 0.0271965 6
0.959229 0.341267 3
0.941516 0.149418 4
0.942564 0.152205 4
0.952895 0.309103 3
0.908421 0.00570586 8
0.978541 0.678274 2
0.901739 0.00239199 9
0.949969 0.296914 3
0.937229 0.139241 4
0.920959 0.0293294 6
0.982732 1 1
0.907753 0.011441 7
0.898667 0.0022321 9
0.901701 0.00495199 8
0.983317 1 1
0.873524 5.34937e-06 16
0.884206 0.00016515 12
0.948403 0.290973 3
0.913439 0.0256055 6
0.909058 0.0117215 7
0.917134 0.0272852 6
0.935916 0.136481 4
0.940273 0.146271 4
0.962539 0.571493 2
0.915488 0.0265045 6
0.957493 0.331568 3
0.88958 8.91413e-05 13
0.881103 6.82971e-06 16
0.900217 0.00111417 10
0.964248 0.373747 3
0.863494 2.66531e-09 25
0.868637 3.7482e-08 22
0.949444 0.294879 3
0.89728 0.00049538 11
0.886646 3.81241e-05 14
0.913803 0.00650074 8
0.957284 0.33045 3
0.924591 0.0316214 6
0.951985 0.305147 3
0.89406 0.000215662 12
0.931453 0.0684194 5
0.936487 0.0758928 5
0.930244 0.0668629 5
0.959337 0.341898 3
0.953988 0.314055 3
0.92447 0.0315389 6
0.922705 0.0303846 6
0.979148 0.683908 2
0.949292 0.2943 3
0.915806 0.0134559 7
0.976239 0.658173 2
0.932451 0.0697684 5
0.970435 0.615371 2
0.975417 0.651461 2
0.928036 0.0642282 5
0.887631 1.84547e-05 15
0.965209 0.380816 3
0.970649 0.616773 2
0.893756 0.000101789 13
0.893008 9.93197e-05 13
0.92792 0.0340875 6
0.964447 0.375188 3
0.886828 1.79379e-05 15
0.951866 0.183598 4
0.961688 0.3563 3
0.901307 0.00055781 11
0.845291 7.85467e-12 0
0.927849 0.0340306 6
0.900785 0.000548979 11
0.961241 0.353452 3
0.97618 1 1
0.916372 0.0537512 5
0.907388 0.0233471 6
0.912676 0.051329 5
0.994244 1 1
0.883989 0.000776489 10
0.893481 0.0042766 8
0.958913 0.555634 2
0.923102 0.116076 4
0.91426 0.0523256 5
0.928394 0.123262 4
0.938795 0.261782 3
0.950753 0.527299 2
0.974467 1 1
0.921993 0.114746 4
0.895382 0.00939868 7
0.981768 1 1
0.991716 1 1
0.916158 0.108568 4
0.905055 0.0472521 5
0.948587 0.521168 2
0.985079 1 1
0.90497 0.0472121 5
0.972452 1 1
0.955777 0.543658 2
0.923153 0.116139 4
0.861854 8.8172e-06 15
0.944548 0.510986 2
0.916413 0.108812 4
0.963247 0.574876 2
0.964659 0.581912 2
0.944377 0.277356 3
0.934725 0.134104 4
0.907347 0.0233333 6
0.965253 0.584994 2
0.897529 0.00458169 8
0.917476 0.0545441 5
0.937003 0.257465 3
0.945462 0.280808 3
0.951146 0.301636 3
0.923106 0.116082 4
0.903714 0.0106633 7
0.964212 0.579638 2
0.959464 0.557896 2
0.957096 0.548513 2
0.888419 8.60777e-05 13
0.966737 0.593038 2
0.973155 0.634138 2
0.935284 0.135205 4
0.902531 0.00243692 9
0.97339 0.635862 2
0.985545 1 1
0.912272 0.012483 7
0.970292 0.614441 2
0.933666 0.0714953 5
0.938452 0.141956 4
0.868928 1.88099e-07 20
0.944092 0.156511 4
0.918109 0.0277742 6
0.943724 0.155446 4
0.913607 0.0519075 5
0.968259 0.60182 2
0.965007 0.583708 2
0.952152 0.53154 2
0.930361 0.126338 4
0.954209 0.538206 2
0.959861 0.55956 2
0.941325 0.268416 3
0.982641 1 1
0.937248 0.258038 3
0.96218 0.569818 2
0.896343 0.00448733 8
0.972215 0.627411 2
0.947593 0.288052 3
0.950206 0.525703 2
0.980252 1 1
0.928668 0.123676 4
0.919245 0.0558884 5
0.909746 0.0241632 6
0.985614 1 1
0.889331 0.000863256 10
0.903671 0.0106557 7
0.949207 0.293977 3
0.933145 0.131131 4
0.930629 0.126775 4
0.925928 0.119731 4
0.921911 0.0581032 5
0.958639 0.554524 2
0.970706 0.617143 2
0.937462 0.258544 3
0.912472 0.0512048 5
0.959572 0.558344 2
0.955735 0.543506 2
0.886727 0.00177419 9
0.911992 0.0509162 5
0.905353 0.022699 6
0.939254 0.262938 3
0.894885 0.00933467 7
0.947053 0.51712 2
0.991754 1 1
0.89832 0.0098006 7
0.856542 2.81294e-07 19
0.936039 0.255264 3
0.913501 0.0518405 5
0.978726 1 1
0.89112 9.3494e-05 13
0.9532 0.310459 3
0.955417 0.320883 3
0.957626 0.332288 3
0.9087 0.00285059 9
0.97731 0.667284 2
0.96227 0.3601 3
0.926639 0.0330926 6
0.963889 0.371183 3
0.919641 0.0147075 7
0.958248 0.335701 3
0.884071 7.58599e-06 16
0.948077 0.169211 4
0.927166 0.0334948 6
0.931439 0.0684004 5
0.986008 1 1
0.922932 0.115869 4
0.913553 0.0518732 5
0.905704 0.0228074 6
0.986096 1 1
0.883972 0.000776246 10
0.898019 0.00975745 7
0.94712 0.517292 2
0.927305 0.121661 4
0.925962 0.119777 4
0.921767 0.114482 4
0.923485 0.11655 4
0.952826 0.533665 2
0.967328 0.59638 2
0.932235 0.247319 3
0.899994 0.021206 6
0.896812 0.00958903 7
0.892612 0.00421699 8
0.960208 0.561033 2
0.922204 0.114995 4
0.905414 0.0227179 6
0.890185 0.00406006 8
0.960593 0.562696 2
0.91006 0.0498046 5
0.874047 0.000131497 12
0.960628 0.562848 2
0.945914 0.514261 2
0.925965 0.119781 4
0.938727 0.261612 3
0.885934 0.00175062 9
0.90141 0.0456422 5
0.925831 0.236201 3
0.923229 0.232345 3
0.99127 1 1
0.923406 0.232597 3
0.939697 0.500579 2
0.923203 0.232308 3
0.956093 0.544797 2
0.939659 0.500503 2
0.897916 0.044261 5
0.990795 1 1
0.918876 0.22659 3
0.946695 0.516209 2
0.944052 0.509837 2
0.910499 0.103654 4
0.946025 0.282661 3
0.951862 0.530641 2
0.943034 0.273287 3
0.896686 0.00957186 7
0.943246 0.273916 3
0.898107 0.00977003 7
0.924517 0.117857 4
0.918334 0.110723 4
0.947131 0.51732 2
0.970896 0.618404 2
0.911209 0.0504559 5
0.88338 0.000767694 10
0.953873 0.537079 2
0.939753 0.264216 3
0.971991 0.625841 2
0.886509 0.000377126 11
0.971919 0.625343 2
0.981923 1 1
0.9168 0.0540542 5
0.897209 0.00455581 8
0.956001 0.544464 2
0.99351 1 1
0.900235 0.00481462 8
0.965991 0.588936 2
0.945394 0.280589 3
0.921771 0.0579806 5
0.857165 2.39533e-08 22
0.937477 0.258579 3
0.90979 0.0241794 6
0.952462 0.307201 3
0.898871 0.00224209 9
0.87982 3.10836e-05 14
0.874752 5.55357e-06 16
0.936922 0.138582 4
0.919226 0.0283606 6
0.883664 7.51809e-05 13
0.870689 9.92543e-07 18
0.952886 0.309063 3
0.892398 0.000434513 11
0.860575 1.198e-08 23
0.939187 0.143656 4
0.962853 0.57298 2
0.911796 0.0123635 7
0.930899 0.127222 4
0.871761 2.28439e-06 17
0.93294 0.130759 4
0.908731 0.0238027 6
0.902018 0.00498274 8
0.943347 0.274215 3
0.955332 0.542074 2
0.898065 0.00462583 8
0.894081 0.00202978 9
0.989096 1 1
0.920468 0.0568743 5
0.892951 0.00198558 9
0.955393 0.542291 2
0.962289 0.570327 2
0.944728 0.278458 3
0.968122 0.601002 2
0.903915 0.0106991 7
0.891772 0.0193779 6
0.97177 1 1
0.978285 1 1
0.933266 0.249361 3
0.905284 0.0473596 5
0.968286 1 1
0.988161 1 1
0.913215 0.105898 4
0.974278 1 1
0.938612 0.498483 2
0.937663 0.496715 2
0.869636 0.00027105 11
0.946964 0.516893 2
0.920248 0.228317 3
0.948683 0.52143 2
8 6 7 11 16 23 26 30 35 
15 1 5 6 7 11 15 16 18 20 23 26 29 30 32 35 
19 0 1 5 6 7 11 14 16 18 20 21 23 24 26 29 30 32 35 38 
36 0 1 2 4 5 6 7 8 9 10 11 13 14 15 16 17 18 19 20 21 22 23 24 25 26 27 28 29 30 31 32 34 35 36 38 39 
14 1 5 6 7 11 16 18 20 23 26 29 30 32 35 
40 0 1 2 3 4 5 6 7 8 9 10 11 12 13 14 15 16 17 18 19 20 21 22 23 24 25 26 27 28 29 30 31 32 33 34 35 36 37 38 39 
24 0 1 5 6 7 11 14 15 16 18 20 21 22 23 24 25 26 28 29 30 32 35 36 38 
23 0 1 5 6 7 11 14 15 16 18 20 21 23 24 25 26 28 29 30 32 35 36 39 
20 0 1 5 6 7 11 14 15 16 18 20 21 23 24 25 26 29 30 32 35 
3 6 7 30 
26 0 1 5 6 7 9 11 12 13 14 16 17 18 20 21 22 24 26 28 29 30 32 33 35 37 38 
19 0 1 5 6 7 11 14 15 16 18 20 21 24 25 26 29 30 32 35 
18 1 5 6 7 11 15 16 18 20 23 24 25 26 29 30 32 35 36 
18 0 1 5 6 7 11 14 16 18 20 21 23 24 26 29 30 32 35 
5 6 7 23 30 35 
