40 15 1e+07
1.14676 177786
2.31203 170688
1.0298 175554
1.42863 181678
2.20698 122416
1.46715 176853
2.81118 116094
2.255 103342
1.87201 169439
1.39148 198090
1.62494 157785
1.61854 115941
2.17051 140940
2.20023 156710
1.03983 127619
1.35469 139585
2.93312 127097
1.74169 183999
1.70434 198043
2.34297 177687
2.53375 177341
1.2511 139391
2.49298 196397
1.86613 129237
1.70145 175069
1.63999 105216
1.31116 177607
1.00244 151378
1.3597 166625
2.03732 129572
2.08856 178593
2.72128 136395
2.04923 197994
1.64857 175308
2.5886 179592
1.78651 198350
1.15472 122881
1.01258 140269
2.51869 187417
1.12479 120351
0.916061 0.108476 4
0.860184 4.43502e-05 13
0.856944 1.81419e-05 14
0.897783 0.0206663 6
0.858953 1.88992e-05 14
0.869155 0.000268843 11
0.954814 0.540269 2
0.908336 0.102 4
0.890856 0.0192012 6
0.860423 4.45516e-05 13
0.887601 0.00850899 7
0.843734 8.40372e-08 20
0.908986 0.102486 4
0.919955 0.227942 3
0.885056 0.00826187 7
0.866768 8.73058e-07 18
0.936317 0.137307 4
0.946294 0.283563 3
0.911776 0.0249291 6
0.922008 0.0581887 5
0.954754 0.317659 3
0.873962 1.19957e-05 15
0.936331 0.137336 4
0.916144 0.0268094 6
0.941009 0.267549 3
0.961826 0.568188 2
0.932014 0.129117 4
0.849279 1.18098e-10 28
0.860058 2.66386e-08 22
0.932522 0.13001 4
0.877955 0.000142863 12
0.915903 0.0534247 5
0.870543 1.09338e-05 15
0.887961 0.000839233 10
0.861594 7.45258e-07 18
0.92017 0.0566293 5
0.910777 0.0245445 6
0.95792 0.551679 2
0.884388 0.000782376 10
0.915004 0.0528145 5
0.931714 0.128599 4
0.854843 5.06471e-08 21
0.864695 1.84641e-06 17
0.877363 0.00014103 12
0.887889 0.000838011 10
0.931024 0.245016 3
0.885166 0.0037745 8
0.893595 0.00917372 7
0.931506 0.24592 3
0.893957 0.00921822 7
0.897811 0.0206729 6
0.96376 0.577382 2
0.935849 0.254839 3
0.925319 0.235415 3
0.886414 0.00384109 8
0.919549 0.112001 4
0.879463 0.000715487 10
0.916641 0.109032 4
0.930194 0.243496 3
0.921767 0.114482 4
0.954963 0.540785 2
0.871096 1.1095e-05 15
0.927135 0.121416 4
0.980671 1 1
0.936523 0.25636 3
0.888053 0.000840814 10
0.950548 0.299207 3
0.9133 0.025547 6
0.972699 0.630837 2
0.873869 2.65238e-05 14
0.911365 0.024769 6
0.916291 0.0536946 5
0.935693 0.254494 3
0.947296 0.287004 3
0.961455 0.566505 2
0.863056 7.78427e-07 18
0.95026 0.298061 3
0.883354 0.000351834 11
0.88554 0.000369006 11
0.868836 4.66768e-06 16
0.952826 0.533665 2
0.889748 0.000870843 10
0.977646 0.670223 2
0.884223 0.00035848 11
0.949211 0.293989 3
0.957275 0.54919 2
0.86741 1.99841e-06 17
0.847832 2.57131e-10 27
0.860481 1.39494e-07 20
0.892421 0.00196552 9
0.850235 1.52062e-09 25
0.981749 1 1
0.899783 0.0100174 7
0.883853 0.000355618 11
0.879664 0.000148398 12
0.991546 1 1
0.869342 1.05959e-05 15
0.961233 0.565513 2
0.88514 0.000793699 10
0.984261 1 1
0.9732 0.634463 2
0.884784 0.00036289 11
0.833735 4.63338e-12 0
0.845801 1.01501e-10 28
0.897743 0.00459924 8
0.877097 1.2466e-06 18
0.949685 0.295806 3
0.906046 0.0026576 9
0.905566 0.00262526 9
0.891027 9.32196e-05 13
0.96207 0.358783 3
0.899372 0.00108992 10
0.993884 1 1
0.905026 0.00258974 9
0.951036 0.301186 3
0.978522 0.678101 2
0.889664 8.93716e-05 13
0.860604 1.03367e-09 26
0.873283 4.91572e-07 19
0.914563 0.0130961 7
0.921557 0.230039 3
0.864985 0.000250986 11
0.961323 1 1
0.970262 1 1
0.982731 1 1
0.883332 0.00810444 7
0.905219 0.0997991 4
0.89331 0.0196853 6
0.978552 1 1
0.868764 0.000603012 10
0.90299 0.0983421 4
0.957713 0.550872 2
0.905553 0.100025 4
0.912276 0.1051 4
0.978617 1 1
0.974313 0.642797 2
0.851688 1.31614e-10 28
0.913325 0.0255574 6
0.970768 0.617557 2
0.928336 0.064571 5
0.868195 4.08751e-07 19
0.952823 0.308784 3
0.893939 0.000954923 10
0.962705 0.572278 2
0.854358 7.81827e-10 26
0.891006 0.000419564 11
0.905488 0.00534915 8
0.955263 0.320125 3
0.965024 0.583798 2
0.946553 0.284438 3
0.989383 1 1
0.839394 1.83324e-10 27
0.899066 0.0209747 6
0.955356 0.542161 2
0.915378 0.107834 4
0.855308 6.23612e-07 18
0.954818 0.540282 2
0.882516 0.00165617 9
0.947779 0.519008 2
0.841869 1.11244e-09 25
0.877873 0.000696253 10
0.892222 0.00900987 7
0.971031 1 1
0.979308 1 1
0.931392 0.245706 3
0.907948 0.00279334 9
0.891246 4.44402e-05 14
0.977076 0.665261 2
0.959599 0.343432 3
0.969739 0.610904 2
0.910158 0.00296792 9
0.902843 0.00119609 10
0.916173 0.00692172 8
0.96636 0.38968 3
0.895225 0.000223388 12
0.929379 0.035297 6
0.9618 0.357027 3
0.890288 4.29957e-05 14
0.899581 0.000529487 11
0.98425 0.73746 2
0.890417 0.00189339 9
0.899874 0.0100313 7
0.984924 1 1
0.940963 0.267425 3
0.961195 0.565342 2
0.918643 0.0554201 5
0.887406 0.000829876 10
0.915973 0.0534733 5
0.947672 0.288334 3
0.904194 0.0107491 7
0.934202 0.133099 4
0.96734 0.59645 2
0.873029 2.59696e-05 14
0.882303 0.000344104 11
0.965139 0.584396 2
0.981478 1 1
0.831348 7.73444e-10 25
0.897534 0.0441183 5
0.951807 0.530473 2
0.916305 0.223541 3
0.847508 1.18619e-06 17
0.942904 0.507254 2
0.872891 0.00143984 9
0.945385 0.512974 2
0.833969 4.78412e-09 23
0.86975 0.000611923 10
0.892492 0.01952 6
0.97097 1 1
0.972902 1 1
0.928264 0.24013 3
0.922678 0.231571 3
0.855748 3.33809e-06 16
0.858068 8.08851e-06 15
0.901142 0.0455313 5
0.861388 1.98841e-05 14
0.865422 0.00011136 12
0.961144 0.565117 2
0.904203 0.0468585 5
0.893936 0.0198145 6
0.856182 3.3725e-06 16
0.88455 0.00374258 8
0.845288 8.77751e-08 20
0.916307 0.10871 4
0.927038 0.238108 3
0.887081 0.00845701 7
0.886001 0.00835144 7
0.897603 0.0441439 5
0.987848 1 1
0.936559 0.494728 2
0.961327 0.565933 2
0.916074 0.108488 4
0.882034 0.0036184 8
0.911171 0.104191 4
0.943604 0.508816 2
0.901995 0.0458884 5
0.930266 0.243625 3
0.97164 1 1
0.868857 0.000267493 11
0.8778 0.00154226 9
0.960668 0.563021 2
0.907095 0.0482396 5
0.874057 0.000653992 10
0.978086 1 1
0.957745 0.550996 2
0.99023 1 1
0.892549 0.00904819 7
0.894718 0.0199794 6
0.897262 0.0205447 6
0.966221 1 1
0.87809 0.00154881 9
0.910483 0.103642 4
0.973069 1 1
0.89075 0.00884228 7
0.898104 0.0207423 6
0.977047 1 1
0.879217 3.05647e-05 14
0.891719 0.000908521 10
0.987342 1 1
0.929542 0.125027 4
0.960933 0.564184 2
0.909597 0.0118418 7
0.873396 5.32875e-06 16
0.901953 0.00497645 8
0.937043 0.138842 4
0.896176 0.00211738 9
0.921883 0.0580783 5
0.978465 0.677574 2
0.862543 6.61494e-08 21
0.870866 2.22071e-06 17
0.95313 0.310147 3
0.941251 0.26821 3
0.861788 3.86905e-06 16
0.876363 0.000305786 11
0.922102 0.114875 4
0.881043 0.00073567 10
0.873711 0.000130593 12
0.981371 1 1
0.911256 0.0504834 5
0.914621 0.052561 5
0.862851 3.97549e-06 16
0.894811 0.00932527 7
0.863866 9.24642e-06 15
0.931467 0.245847 3
0.943959 0.276066 3
0.906835 0.0231661 6
0.902702 0.0104875 7
0.913355 0.0517487 5
0.957546 0.55023 2
0.948214 0.290284 3
0.943806 0.2756 3
0.932601 0.13015 4
0.907907 0.0235203 6
0.941164 0.267972 3
0.951331 0.529024 2
0.917133 0.0542938 5
0.95412 0.537904 2
0.940256 0.265532 3
0.884488 0.000360547 11
0.89566 0.00443493 8
0.966014 0.589057 2
0.888486 0.000184267 12
0.932036 0.129155 4
0.944434 0.277533 3
0.930156 0.0667539 5
0.926583 0.0626276 5
0.951656 0.303757 3
0.898946 0.00224573 9
0.95504 0.319041 3
0.93257 0.130094 4
0.935871 0.136389 4
0.973064 0.633472 2
0.92744 0.0635597 5
0.870601 9.89621e-07 18
0.882268 3.33468e-05 14
0.946658 0.284794 3
0.979669 0.688857 2
0.848051 8.98834e-12 0
0.908372 0.00282542 9
0.965482 0.382875 3
0.923672 0.0310057 6
0.864323 1.23483e-09 26
0.954977 0.318733 3
0.890804 9.25707e-05 13
0.957528 0.331758 3
0.850637 1.0237e-11 0
0.887085 1.8101e-05 15
0.900762 0.000548593 11
0.960496 0.348816 3
0.970246 0.614142 2
0.941374 0.149048 4
0.968016 0.600379 2
0.861703 7.47671e-07 18
0.914045 0.0521867 5
0.969664 0.610426 2
0.925169 0.118711 4
0.877913 0.000142732 12
0.961671 0.567485 2
0.905812 0.0228409 6
0.961144 0.565117 2
0.864203 1.82076e-06 17
0.901098 0.0102227 7
0.904068 0.0107265 7
0.948549 0.291512 3
0.960933 0.564184 2
0.947968 0.289393 3
0.886565 0.00840617 7
0.926191 0.236761 3
0.954759 0.540079 2
0.931613 0.486664 2
0.93463 0.491427 2
0.945829 0.514051 2
0.893402 0.0197041 6
0.943713 0.509064 2
0.935334 0.492607 2
0.930372 0.243817 3
0.963707 1 1
0.937841 0.497042 2
0.868671 0.000602181 10
0.879759 0.00351394 8
0.951142 0.528457 2
0.868735 4.16548e-07 19
0.936471 0.137629 4
0.946642 0.284741 3
0.913558 0.0128194 7
0.922737 0.0588396 5
0.95524 0.320011 3
0.87619 5.80824e-06 16
0.938315 0.141645 4
0.917796 0.0276151 6
0.94112 0.148396 4
0.963624 0.576714 2
0.931969 0.129039 4
0.851202 2.42588e-11 30
0.862059 1.27182e-08 23
0.934079 0.132866 4
0.879636 0.00350851 8
0.946065 0.514634 2
0.929897 0.242962 3
0.917446 0.109824 4
0.911669 0.104597 4
0.965451 1 1
0.894315 0.0198939 6
0.967165 1 1
0.919032 0.226782 3
0.949615 0.524015 2
0.988973 1 1
0.913372 0.106034 4
0.862141 4.60438e-05 13
0.874188 0.000655359 10
0.932025 0.246912 3
0.977954 0.672961 2
0.845063 7.7689e-12 0
0.909399 0.0117973 7
0.966 0.588984 2
0.926109 0.0621263 5
0.861524 1.24451e-08 23
0.949286 0.294276 3
0.886847 0.000176507 12
0.958623 0.337801 3
0.847747 8.85401e-12 0
0.884123 7.61291e-05 13
0.902679 0.00244553 9
0.960224 0.561104 2
0.968044 0.600544 2
0.941761 0.150059 4
0.901763 0.00495799 8
0.87983 3.10925e-05 14
0.985784 1 1
0.952924 0.30923 3
0.983999 1 1
0.898372 0.00221789 9
0.891632 0.000906795 10
0.900918 0.00487751 8
0.961135 0.565074 2
0.883957 0.000164145 12
0.915578 0.0265456 6
0.976925 0.663963 2
0.885139 0.000169011 12
0.892953 0.000933765 10
0.974975 0.647946 2
0.8891 0.000400552 11
0.916752 0.027099 6
0.88228 7.24389e-05 13
0.901022 0.0023527 9
0.87398 5.42375e-06 16
0.924179 0.0601883 5
0.920692 0.0291756 6
0.965163 0.584524 2
0.897424 0.00217333 9
0.916623 0.027037 6
0.939425 0.144219 4
0.866462 1.71713e-07 20
0.874969 5.59085e-06 16
0.887922 0.000181531 12
0.9008 0.00234076 9
0.876028 1.19805e-06 18
0.922063 0.0299866 6
0.961535 0.355319 3
0.923434 0.0308501 6
0.936894 0.138522 4
0.940804 0.147592 4
0.879633 2.98552e-06 17
0.929605 0.0660741 5
0.928602 0.0648794 5
0.926611 0.0330721 6
0.952504 0.307385 3
0.946485 0.163862 4
0.858452 1.81538e-10 28
0.868768 3.76915e-08 22
0.945647 0.161197 4
0.879999 6.82752e-05 13
0.936564 0.137824 4
0.891742 0.000908983 10
0.900579 0.00484604 8
0.879754 6.78536e-05 13
0.944498 0.277735 3
0.90728 0.011343 7
0.985153 1 1
0.898509 0.00466312 8
0.936659 0.138023 4
0.958201 0.55278 2
0.875538 2.76856e-05 14
0.864592 3.61764e-07 19
0.877493 2.91571e-05 14
0.905158 0.0109267 7
0.903384 0.0106052 7
0.921169 0.0574626 5
0.910283 0.0243599 6
0.926132 0.120011 4
0.901568 0.0102986 7
0.934913 0.252794 3
0.927265 0.121603 4
0.972782 0.631438 2
0.923586 0.116676 4
0.922744 0.115642 4
0.95718 0.548832 2
0.894025 0.00431489 8
0.8868 0.000819878 10
0.899948 0.0100426 7
0.928841 0.12394 4
0.918434 0.110826 4
0.877976 0.000697462 10
0.968949 1 1
0.970792 1 1
0.977882 1 1
0.896592 0.0203915 6
0.908 0.0487006 5
0.906109 0.0477541 5
0.97899 1 1
0.881791 0.00163751 9
0.916565 0.108959 4
0.959357 0.557452 2
0.901211 0.0215209 6
0.909552 0.0495246 5
0.991384 1 1
0.88986 0.000191246 12
0.874464 1.13184e-06 18
0.849258 9.54649e-12 0
0.881302 1.49187e-05 15
0.846711 8.41454e-12 0
0.880008 1.43262e-05 15
0.92774 0.0638932 5
0.918848 0.0281594 6
0.875513 2.58368e-06 17
0.873822 1.1062e-06 18
0.894691 0.000461344 11
0.834885 4.87233e-12 0
0.881145 1.48446e-05 15
0.892509 0.000435748 11
0.873337 1.08738e-06 18
0.961787 0.56801 2
0.846276 1.91496e-11 30
0.921293 0.0575678 5
0.974313 0.642797 2
0.940615 0.266488 3
0.863447 3.4845e-07 19
0.934372 0.133424 4
0.884768 0.000362766 11
0.969395 0.60874 2
0.849303 2.7356e-10 27
0.885555 0.000369126 11
0.916263 0.0268655 6
0.946374 0.28383 3
0.951985 0.30515 3
0.951708 0.303974 3
0.97044 0.615401 2
0.852101 1.10385e-11 0
0.917024 0.0138293 7
0.974482 0.644097 2
0.932734 0.0701626 5
0.868853 1.701e-08 23
0.948251 0.169818 4
0.893408 0.000100627 13
0.966708 0.592876 2
0.85488 1.27833e-11 0
0.891569 9.48259e-05 13
0.90958 0.00292038 9
0.952004 0.30523 3
0.960912 0.351386 3
0.950026 0.176302 4
0.884441 3.55884e-05 14
0.878759 6.3107e-06 16
0.84846 9.17312e-12 0
0.878258 6.20762e-06 16
0.844842 7.68711e-12 0
0.883453 3.45401e-05 14
0.921927 0.0299043 6
0.921781 0.0298155 6
0.872771 1.06601e-06 18
0.877911 6.13777e-06 16
0.897094 0.00102923 10
0.833866 4.65995e-12 0
0.875247 2.56062e-06 17
0.886743 8.19505e-05 13
0.871455 4.59255e-07 19
0.959364 0.557481 2
0.869814 2.40129e-05 14
0.917921 0.0548731 5
0.970272 0.614312 2
0.926457 0.12046 4
0.886079 0.00175488 9
0.960765 0.563446 2
0.914368 0.0523957 5
0.962249 0.570141 2
0.872304 5.68509e-05 13
0.909487 0.0494894 5
0.9067 0.0231223 6
0.940231 0.265467 3
0.95301 0.534254 2
0.951668 0.530047 2
0.969192 0.607481 2
0.860604 3.18299e-07 19
0.913425 0.0255995 6
0.96932 0.608274 2
0.92487 0.118316 4
0.876802 6.30906e-05 13
0.961676 0.567505 2
0.904662 0.0108344 7
0.960785 0.56353 2
0.863104 7.79559e-07 18
0.899956 0.00478939 8
0.903614 0.0106456 7
0.949685 0.295806 3
0.962 0.568986 2
0.947326 0.28711 3
0.920743 0.228961 3
0.88593 0.00834466 7
0.964503 1 1
0.972847 1 1
0.966705 1 1
0.904621 0.04705 5
0.914786 0.10729 4
0.916464 0.108861 4
0.97886 1 1
0.889622 0.00871906 7
0.925704 0.236004 3
0.951573 0.529757 2
0.902756 0.0462149 5
0.912299 0.105119 4
0.995885 1 1
34 0 1 2 3 4 5 6 7 9 11 12 14 15 17 18 19 20 21 22 23 24 25 27 28 29 30 31 32 33 35 36 37 38 39 
0 
33 0 2 3 4 5 6 7 8 9 10 11 12 13 14 16 18 19 20 21 22 23 25 26 27 28 30 31 32 34 35 37 38 39 
32 0 1 2 3 4 5 6 7 9 10 11 12 14 15 18 19 20 21 22 23 24 25 28 29 30 31 33 35 36 37 38 39 
38 0 1 2 3 4 5 6 7 8 9 10 11 12 13 14 15 16 17 18 19 20 21 22 23 24 25 26 27 28 29 30 31 32 34 35 37 38 39 
25 0 2 3 4 5 6 7 9 10 13 14 18 21 22 25 26 28 30 31 33 34 35 36 37 38 
18 0 1 2 3 5 6 7 14 18 20 23 24 25 28 30 31 33 36 
7 2 5 6 28 30 33 36 
28 0 2 3 4 5 6 7 9 10 13 14 18 19 20 21 22 23 25 26 28 30 31 33 34 35 36 37 38 
17 0 2 3 5 6 7 10 14 18 22 28 30 31 33 36 37 38 
10 0 2 5 6 7 14 28 30 33 36 
38 0 1 2 3 4 5 6 7 8 9 10 11 12 13 14 15 16 17 18 19 20 21 22 23 24 25 26 27 28 29 30 31 32 34 35 37 38 39 
17 0 2 3 5 7 14 18 20 22 25 28 30 31 33 36 37 38 
24 0 1 2 3 4 5 6 7 14 18 19 20 22 23 24 25 28 29 30 31 33 36 37 38 
29 0 2 3 4 5 6 7 9 10 13 14 18 19 20 21 22 23 25 26 28 30 31 33 34 35 36 37 38 39 
