70 15 1e+07
1.20351 144601
1.36178 161033
2.71227 107438
2.47328 146981
1.94356 198184
1.52202 197888
1.20023 188652
2.11541 149226
2.23711 110162
1.81425 117004
2.51409 187722
1.26699 111882
2.87535 168427
2.58881 128677
1.80526 171788
1.67013 140571
1.08461 184358
1.72268 187130
1.26125 185630
1.5138 101703
2.08525 124206
2.02205 120392
2.35683 126152
2.32891 109521
2.48795 193772
2.49961 105067
1.61013 115702
1.18097 127669
2.33025 144372
2.25458 110636
2.48677 105156
1.91207 147867
1.85233 134835
1.19044 140820
1.84311 171530
1.65691 154337
2.78359 167672
1.34724 123030
2.33931 161081
1.63186 150120
1.61596 179394
1.66651 103200
2.84664 138017
2.82674 122264
2.69476 167906
1.24758 133556
2.14904 119543
1.88457 158881
2.74813 177729
2.01826 112526
1.44915 140117
1.23387 103553
1.80827 169904
2.95067 151577
1.33135 119188
1.12779 105318
2.27056 173242
1.93769 122981
2.22175 106021
1.74475 178170
1.68257 188353
2.11548 114741
2.15231 114697
1.02353 167646
1.78666 154099
2.18823 146513
1.36542 104778
1.26161 192935
2.38794 148112
1.84873 173968
0.940172 0.26531 3
0.936466 0.25623 3
0.892624 0.00421778 8
0.978666 1 1
0.934586 0.252096 3
0.890767 0.00190558 9
0.935238 0.253495 3
0.888821 0.0018398 9
0.887841 0.00180848 9
0.896438 0.00449474 8
0.887818 0.00180773 9
0.896132 0.00447096 8
0.891413 0.00192854 9
0.936515 0.25634 3
0.90663 0.0231 6
0.930332 0.066974 5
0.980346 0.695462 2
0.934843 0.134334 4
0.907373 0.0055729 8
0.881287 3.24078e-05 14
0.956661 0.327173 3
0.897268 0.00103364 10
0.907378 0.00557357 8
0.953224 0.310568 3
0.958298 0.335976 3
0.895019 0.000979192 10
0.955422 0.320908 3
0.918279 0.027862 6
0.897211 0.00103218 10
0.897715 0.00104512 10
0.96953 0.609584 2
0.896407 0.00101213 10
0.921365 0.0576294 5
0.912262 0.0124806 7
0.946155 0.283097 3
0.890965 0.000419142 11
0.973393 0.635883 2
0.944803 0.278693 3
0.889625 0.000405628 11
0.900733 0.00233719 9
0.954922 0.318469 3
0.90378 0.00516196 8
0.937474 0.139773 4
0.971497 0.622444 2
0.981917 0.711531 2
0.969701 0.610661 2
0.908826 0.0116705 7
0.908691 0.0116409 7
0.940731 0.266797 3
0.965534 0.586483 2
0.887897 0.000389349 11
0.985372 1 1
0.921666 0.0578893 5
0.885855 0.000172086 12
0.896693 0.00214021 9
0.927513 0.0636406 5
0.898611 0.0022294 9
0.918334 0.0278905 6
0.9859 1 1
0.952158 0.305888 3
0.919594 0.112049 4
0.92778 0.122351 4
0.874579 0.000132948 12
0.982268 1 1
0.923041 0.116003 4
0.876711 0.000307808 11
0.91816 0.110544 4
0.869407 2.37826e-05 14
0.873696 0.000130553 12
0.881262 0.000738557 10
0.86844 2.32494e-05 14
0.880442 0.000727854 10
0.872242 5.67733e-05 13
0.919627 0.112084 4
0.887368 0.00179374 9
0.92655 0.0625923 5
0.878005 2.9564e-05 14
0.868333 9.18072e-07 18
0.939888 0.145329 4
0.988472 1 1
0.84959 5.18009e-11 29
0.960452 0.562082 2
0.884029 0.000164433 12
0.84746 8.7298e-12 0
0.857637 4.68386e-09 24
0.893434 0.00094398 10
0.8592 1.13464e-08 23
0.878937 3.03287e-05 14
0.962135 0.56961 2
0.91942 0.0284658 6
0.917589 0.0275109 6
0.961873 0.568406 2
0.939789 0.264311 3
0.887728 0.00038782 11
0.865108 3.68001e-07 19
0.974382 0.643332 2
0.88282 7.34888e-05 13
0.906303 0.0111469 7
0.97101 0.619162 2
0.971376 0.621625 2
0.89146 0.000903392 10
0.966935 0.594148 2
0.91894 0.0556498 5
0.882537 7.29359e-05 13
0.889385 0.000403299 11
0.952999 0.534219 2
0.922421 0.115254 4
0.982986 1 1
0.88801 0.00181378 9
0.89303 0.00424541 8
0.946786 0.516439 2
0.917818 0.110197 4
0.966828 0.593551 2
0.9463 0.515215 2
0.957321 0.549367 2
0.950594 0.526834 2
0.961608 0.5672 2
0.979137 1 1
0.916664 0.0539573 5
0.941977 0.270234 3
0.914172 0.106737 4
0.95691 0.547814 2
0.885534 0.00379384 8
0.94672 0.516271 2
0.895644 0.00943284 7
0.898696 0.0208844 6
0.898689 0.0208827 6
0.870516 0.000122536 12
0.895466 0.00940958 7
0.900864 0.0214298 6
0.86481 2.1412e-05 14
0.898811 0.0209123 6
0.876874 0.000684682 10
0.899662 0.0211224 6
0.878177 0.000699851 10
0.952428 0.307053 3
0.968872 0.605512 2
0.926522 0.0330048 6
0.93716 0.0770288 5
0.910873 0.006043 8
0.930196 0.0668037 5
0.924541 0.0315877 6
0.911866 0.00619092 8
0.927115 0.0334556 6
0.935746 0.0746822 5
0.904584 0.00256138 9
0.935021 0.0735362 5
0.918784 0.0144081 7
0.924816 0.0317767 6
0.914986 0.0132161 7
0.979587 0.688071 2
0.918782 0.0144074 7
0.953259 0.310727 3
0.9072 0.00273845 9
0.920505 0.0150225 7
0.922817 0.0304548 6
0.946451 0.163752 4
0.963618 0.369277 3
0.921553 0.0154221 7
0.933022 0.0705679 5
0.959663 0.343806 3
0.936304 0.075589 5
0.963906 0.371306 3
0.945197 0.159807 4
0.965936 0.386362 3
0.908535 0.0116071 7
0.925138 0.0611314 5
0.958722 0.55486 2
0.861467 2.80957e-08 22
0.851223 1.28861e-10 28
0.985507 1 1
0.872772 5.23003e-06 16
0.920478 0.0568831 5
0.988953 1 1
0.981826 1 1
0.902476 0.00502806 8
0.980942 0.701433 2
0.934572 0.133808 4
0.871989 2.30104e-06 17
0.891549 0.000905154 10
0.914771 0.0131549 7
0.898425 0.000511862 11
0.860888 4.63562e-10 27
0.978671 0.679463 2
0.945269 0.160028 4
0.854683 1.26488e-11 0
0.929465 0.0659049 5
0.864456 2.78727e-09 25
0.851958 1.09566e-11 0
0.860677 4.58797e-10 27
0.868014 3.65092e-08 22
0.860781 4.61148e-10 27
0.863959 2.72343e-09 25
0.931315 0.0682374 5
0.890912 9.28835e-05 13
0.912198 0.0250965 6
0.98164 1 1
0.917153 0.0543086 5
0.901203 0.00490432 8
0.868043 2.03653e-06 17
0.946792 0.285254 3
0.881552 0.000154976 12
0.888499 0.000394884 11
0.943545 0.274808 3
0.944702 0.278373 3
0.876164 2.81432e-05 14
0.940844 0.267103 3
0.89953 0.00475139 8
0.88168 0.000155443 12
0.879199 6.69114e-05 13
0.963674 0.57696 2
0.910452 0.050024 5
0.962873 0.573077 2
0.892485 0.0090407 7
0.907755 0.0485745 5
0.925467 0.119107 4
0.934009 0.250884 3
0.978978 1 1
0.924847 0.118286 4
0.935823 0.254781 3
0.9697 0.610653 2
0.939857 0.264487 3
0.979218 1 1
0.932565 0.247963 3
0.96375 0.577333 2
0.957442 0.54983 2
0.959921 0.559814 2
0.922511 0.115361 4
0.945225 0.512588 2
0.920007 0.112497 4
0.922052 0.114815 4
0.932734 0.248299 3
0.912029 0.0509379 5
0.919092 0.111513 4
0.92822 0.240056 3
0.906578 0.0479832 5
0.927937 0.239583 3
0.917512 0.10989 4
0.93314 0.249107 3
0.919447 0.111891 4
0.946027 0.282669 3
0.964595 0.581583 2
0.913319 0.0127555 7
0.949209 0.293981 3
0.914897 0.0262374 6
0.917636 0.0275345 6
0.924537 0.0605361 5
0.901055 0.00235445 9
0.914518 0.0130834 7
0.922585 0.0587021 5
0.895457 0.000989358 10
0.921672 0.0297502 6
0.906909 0.00551604 8
0.925154 0.0611481 5
0.908527 0.0116054 7
0.919256 0.0558967 5
0.994213 1 1
0.914666 0.0525908 5
0.914062 0.0521977 5
0.878479 0.00014452 12
0.938211 0.260342 3
0.890592 0.00189947 9
0.889562 0.000867451 10
0.934861 0.252682 3
0.938204 0.260326 3
0.878767 0.000145446 12
0.935034 0.253053 3
0.899492 0.00474811 8
0.890871 0.00190924 9
0.884461 0.000360334 11
0.91955 0.112001 4
0.99005 1 1
0.908744 0.0490901 5
0.921564 0.114246 4
0.882775 0.00166295 9
0.92958 0.2424 3
0.893214 0.00912747 7
0.885969 0.00175165 9
0.926245 0.120165 4
0.930213 0.24353 3
0.876301 0.000305425 11
0.927341 0.238599 3
0.89511 0.0093635 7
0.893641 0.00917929 7
0.883852 0.00169176 9
0.977074 0.665239 2
0.941744 0.26958 3
0.928232 0.123019 4
0.94207 0.270499 3
0.933905 0.132537 4
0.916829 0.054075 5
0.950911 0.300673 3
0.925976 0.119796 4
0.914325 0.0259848 6
0.92487 0.118316 4
0.923174 0.0592404 5
0.925884 0.11967 4
0.928903 0.124035 4
0.95103 0.301161 3
0.938557 0.261193 3
0.911902 0.104789 4
0.980748 1 1
0.917574 0.109952 4
0.900337 0.0452026 5
0.867453 0.000115595 12
0.947604 0.518549 2
0.881095 0.00162002 9
0.888677 0.00861923 7
0.944367 0.510563 2
0.945376 0.512951 2
0.876229 0.00067741 10
0.941476 0.504187 2
0.899784 0.0211531 6
0.88121 0.00357979 8
0.879058 0.00157101 9
0.935862 0.13637 4
0.887556 8.39104e-05 13
0.876869 2.7065e-06 17
0.946864 0.285502 3
0.991252 1 1
0.858809 9.51703e-10 26
0.967562 0.597729 2
0.891048 0.000197654 12
0.856625 3.78356e-10 27
0.866862 7.78301e-08 21
0.899376 0.00109005 10
0.868363 1.84153e-07 20
0.88666 8.17546e-05 13
0.969443 0.60904 2
0.925266 0.06126 5
0.903633 0.00250223 9
0.94024 0.14619 4
0.870952 2.03242e-07 20
0.950415 0.298675 3
0.894326 0.000456883 11
0.882937 1.57238e-05 15
0.893332 0.000211058 12
0.85813 1.78661e-10 28
0.879763 6.5254e-06 16
0.885131 3.63522e-05 14
0.853766 1.20458e-11 0
0.883183 1.58508e-05 15
0.863599 6.02219e-09 24
0.894523 0.00045928 11
0.868845 8.41648e-08 21
0.94894 0.522135 2
0.918788 0.111193 4
0.892438 0.00903519 7
0.972732 1 1
0.95818 0.552697 2
0.882192 0.00164779 9
0.956534 0.546414 2
0.89654 0.0203797 6
0.879593 0.00158357 9
0.88932 0.00868691 7
0.899173 0.0210009 6
0.889973 0.00875702 7
0.896262 0.0203171 6
0.9581 0.552384 2
0.921476 0.114145 4
0.915448 0.107899 4
0.90472 0.0470959 5
0.863217 4.70203e-05 13
0.985297 1 1
0.939588 0.500365 2
0.859026 1.89274e-05 14
0.926391 0.237076 3
0.864707 0.000109931 12
0.856223 7.76612e-06 15
0.864676 0.00010987 12
0.8672 0.000115052 12
0.864554 0.00010963 12
0.865005 0.000110523 12
0.928176 0.239982 3
0.889291 0.00868375 7
0.936137 0.0753147 5
0.946299 0.163262 4
0.967712 0.598599 2
0.888803 8.70701e-05 13
0.877974 2.81319e-06 17
0.976539 0.660688 2
0.899214 0.0010855 10
0.933726 0.0715825 5
0.974452 0.643865 2
0.986233 0.761638 2
0.917867 0.0141005 7
0.986902 1 1
0.946886 0.165174 4
0.89856 0.00051387 11
0.912957 0.00636181 8
0.916452 0.0136513 7
0.975108 0.648995 2
0.897428 0.00103771 10
0.931932 0.0690592 5
0.887319 8.33311e-05 13
0.915198 0.0132775 7
0.894583 0.000460021 11
0.87793 6.14154e-06 16
0.911907 0.012391 7
0.916395 0.0136341 7
0.869958 1.95597e-07 20
0.913845 0.012897 7
0.885897 3.72309e-05 14
0.895258 0.000468439 11
0.880149 6.61102e-06 16
0.916444 0.108842 4
0.969828 1 1
0.894183 0.0198661 6
0.93677 0.256926 3
0.890295 0.00879203 7
0.910353 0.103539 4
0.896386 0.0203449 6
0.876125 0.00150567 9
0.907077 0.0482306 5
0.911915 0.104799 4
0.868859 0.000267502 11
0.909539 0.102907 4
0.883586 0.00369389 8
0.89715 0.0205188 6
0.880076 0.0015951 9
0.93102 0.245008 3
0.990119 1 1
0.926762 0.120887 4
0.916109 0.108521 4
0.886039 0.00175368 9
0.945924 0.514285 2
0.900204 0.0212594 6
0.902224 0.021793 6
0.942526 0.271803 3
0.947829 0.51914 2
0.891261 0.00412793 8
0.945233 0.512608 2
0.912149 0.05101 5
0.900332 0.021292 6
0.896451 0.00954003 7
0.925685 0.0323903 6
0.980379 0.695785 2
0.932307 0.0695702 5
0.904282 0.00254227 9
0.877109 1.24716e-06 18
0.957336 0.330731 3
0.892821 0.000207927 12
0.903812 0.00251317 9
0.953895 0.313622 3
0.957746 0.332939 3
0.89115 9.35813e-05 13
0.954453 0.316228 3
0.914969 0.0132113 7
0.892775 0.000207653 12
0.893387 0.000211402 12
0.935673 0.254448 3
0.932623 0.248078 3
0.981751 1 1
0.881021 0.00161818 9
0.876247 0.00067761 10
0.97122 1 1
0.899089 0.0209803 6
0.944564 0.511023 2
0.970859 1 1
0.981835 1 1
0.927231 0.238421 3
0.986492 1 1
0.958624 0.554464 2
0.898203 0.0207658 6
0.918488 0.110882 4
0.957458 0.549891 2
0.913878 0.106477 4
0.9732 1 1
0.888286 0.0187293 6
0.899489 0.0448651 5
0.934385 0.491024 2
0.925229 0.235279 3
0.977791 1 1
0.933962 0.490333 2
0.944771 0.511509 2
0.962999 1 1
0.949034 0.522394 2
0.985539 1 1
0.923886 0.233287 3
0.95359 0.536143 2
0.968195 0.601438 2
0.954335 0.53863 2
0.942702 0.272313 3
0.92721 0.121523 4
0.914961 0.052786 5
0.936058 0.255307 3
0.9337 0.132153 4
0.930891 0.127209 4
0.933439 0.131669 4
0.943988 0.276154 3
0.923232 0.059294 5
0.944684 0.278318 3
0.937486 0.258599 3
0.933502 0.131785 4
0.931898 0.128915 4
0.896919 0.00102481 10
0.938637 0.142379 4
0.866808 7.76689e-08 21
0.942491 0.152008 4
0.886625 8.16732e-05 13
0.880999 1.47764e-05 15
0.885756 7.96728e-05 13
0.852622 2.60351e-11 30
0.877829 6.12133e-06 16
0.882546 3.36205e-05 14
0.847723 8.84378e-12 0
0.880345 1.44766e-05 15
0.858523 9.39433e-10 26
0.886919 8.23686e-05 13
0.862121 5.64753e-09 24
0.976946 1 1
0.918259 0.225835 3
0.91547 0.222599 3
0.942937 0.507328 2
0.956556 0.546493 2
0.896572 0.0437661 5
0.975498 1 1
0.924774 0.234593 3
0.894423 0.0430121 5
0.905263 0.0998292 4
0.9282 0.240023 3
0.907005 0.101036 4
0.923064 0.232113 3
0.97576 1 1
0.950581 0.526794 2
0.929972 0.125711 4
0.937967 0.140862 4
0.972131 0.626822 2
0.880269 6.87468e-05 13
0.871434 5.02757e-06 16
0.980881 1 1
0.893303 0.000941164 10
0.934908 0.134462 4
0.98001 0.692164 2
0.991831 1 1
0.917867 0.0548328 5
0.995683 1 1
0.948819 0.292514 3
0.892541 0.000925195 10
0.910167 0.0119724 7
0.941964 0.150594 4
0.886723 1.78719e-05 15
0.95084 0.179453 4
0.872219 9.67008e-08 21
0.896212 0.000230297 12
0.90889 0.0028654 9
0.922161 0.0156635 7
0.990427 1 1
0.909052 0.00287814 9
0.918607 0.0143478 7
0.988254 0.788465 2
0.923101 0.0306356 6
0.975502 0.652143 2
0.920425 0.0149928 7
0.962516 0.361735 3
0.909303 0.0117758 7
0.924591 0.0605887 5
0.866652 1.72902e-07 20
0.972777 0.631397 2
0.913407 0.012779 7
0.871343 1.0148e-06 18
0.907528 0.0113942 7
0.860035 1.17257e-08 23
0.868286 4.10055e-07 19
0.875212 5.63315e-06 16
0.858619 4.87511e-09 24
0.874083 5.44082e-06 16
0.8633 6.80124e-08 21
0.909002 0.011709 7
0.877053 1.3105e-05 15
0.919584 0.112037 4
0.905721 0.0475673 5
0.86649 0.000113553 12
0.986606 1 1
0.944065 0.509867 2
0.861232 1.98188e-05 14
0.931138 0.245228 3
0.868689 0.000118312 12
0.858461 8.15994e-06 15
0.867125 0.000114893 12
0.871429 0.000279572 11
0.867132 0.000114908 12
0.86876 0.00011847 12
0.932932 0.248692 3
0.893754 0.0197766 6
0.953793 0.536814 2
0.964559 0.581399 2
0.946609 0.284628 3
0.917493 0.054556 5
0.900473 0.00483632 8
0.94943 0.294827 3
0.918789 0.0555329 5
0.926206 0.120112 4
0.946513 0.284301 3
0.956255 0.545389 2
0.915563 0.0531913 5
0.955966 0.544339 2
0.935419 0.135475 4
0.918567 0.0553615 5
0.920262 0.0567053 5
0.919601 0.0561703 5
0.968392 0.602613 2
0.895056 0.00438969 8
0.940907 0.267273 3
0.894402 0.00434191 8
0.909494 0.0240725 6
0.900257 0.0100902 7
0.878106 0.000143335 12
0.906224 0.0229703 6
0.911545 0.0506522 5
0.871291 2.48804e-05 14
0.909371 0.0240283 6
0.885214 0.000794825 10
0.90105 0.010215 7
0.88312 0.000763987 10
0.997396 1 1
0.926894 0.237876 3
0.937938 0.259681 3
0.926292 0.23692 3
0.934872 0.252705 3
0.916124 0.108535 4
0.958524 0.554064 2
0.943891 0.509468 2
0.914208 0.106769 4
0.925531 0.235738 3
0.942805 0.507037 2
0.92777 0.239305 3
0.944404 0.510649 2
0.957815 0.55127 2
0.95812 0.552464 2
0.941728 0.269534 3
0.879881 6.80725e-05 13
0.885447 0.000170323 12
0.925121 0.0611144 5
0.981527 1 1
0.86092 6.23876e-08 21
0.980399 1 1
0.906211 0.0111287 7
0.859148 2.57514e-08 22
0.869821 2.14975e-06 17
0.917681 0.0275572 6
0.872089 5.12519e-06 16
0.899269 0.00472852 8
0.980933 1 1
0.944363 0.277311 3
0.932225 0.247298 3
0.87919 0.000712107 10
0.874135 0.000293407 11
0.935926 0.25501 3
0.995178 1 1
0.8536 5.95467e-07 18
0.96814 0.601112 2
0.89132 0.00890624 7
0.851572 2.43729e-07 19
0.861936 8.83403e-06 15
0.901313 0.0215477 6
0.863718 2.09044e-05 14
0.885697 0.00380251 8
0.969679 1 1
0.927566 0.238968 3
0.878572 2.87362e-06 17
0.929598 0.0660654 5
0.854374 2.84555e-11 30
0.921449 0.0296174 6
0.866427 3.41834e-08 22
0.8735 4.95628e-07 19
0.86579 1.48667e-08 23
0.837269 5.41553e-12 0
0.870405 1.98988e-07 20
0.873465 4.94978e-07 19
0.831227 4.15769e-12 0
0.870711 2.01356e-07 20
0.844078 7.41189e-12 0
0.866891 3.48414e-08 22
0.844056 7.40382e-12 0
0.957393 0.331034 3
0.887259 1.82122e-05 15
0.90544 0.00128828 10
0.915561 0.00680822 8
0.95963 0.34361 3
0.876755 5.62621e-07 19
0.983223 0.725724 2
0.929162 0.0351114 6
0.87528 2.41953e-07 20
0.886231 1.7568e-05 15
0.941161 0.148501 4
0.88903 4.12059e-05 14
0.9213 0.0153236 7
0.981345 0.705557 2
0.968552 0.603572 2
0.911969 0.0124067 7
0.932019 0.129125 4
0.957942 0.551763 2
0.866962 3.91738e-07 19
0.854895 1.83258e-09 25
0.992845 1 1
0.875978 1.27013e-05 15
0.919702 0.0562511 5
0.99616 1 1
0.987206 1 1
0.902113 0.00499209 8
0.984641 1 1
0.933755 0.132255 4
0.875269 1.24458e-05 15
0.892806 0.000930687 10
0.915553 0.013381 7
0.899978 0.00110721 10
0.861889 1.09804e-09 26
0.980391 0.695903 2
0.944711 0.158336 4
0.855974 3.09138e-11 30
0.929518 0.0659689 5
0.865102 6.43784e-09 24
0.853236 1.1713e-11 0
0.861928 1.10003e-09 26
0.86846 3.72024e-08 22
0.862001 1.10386e-09 26
0.864748 6.3366e-09 24
0.931357 0.0682925 5
0.891221 9.37887e-05 13
0.950001 0.525114 2
0.917024 0.109405 4
0.984097 1 1
0.883772 0.00370318 8
0.890976 0.00886753 7
0.943806 0.509274 2
0.916124 0.108535 4
0.97151 1 1
0.943629 0.508873 2
0.954131 0.537943 2
0.954174 0.538086 2
0.958649 0.554566 2
0.984717 1 1
0.91488 0.107375 4
0.942993 0.50745 2
0.985664 1 1
0.936619 0.137941 4
0.934034 0.13278 4
0.934799 0.134249 4
0.933772 0.132287 4
0.918401 0.0279249 6
0.953895 0.313622 3
0.934237 0.133165 4
0.916127 0.0268013 6
0.92711 0.0631966 5
0.931665 0.128515 4
0.92865 0.0649359 5
0.936567 0.137829 4
0.953669 0.312585 3
0.946559 0.284457 3
0.936869 0.257156 3
0.945314 0.512801 2
0.894394 0.00927259 7
0.971011 1 1
0.924737 0.118142 4
0.896203 0.00950677 7
0.92712 0.238241 3
0.887199 0.0038844 8
0.893164 0.00912147 7
0.901186 0.0215143 6
0.884618 0.00171293 9
0.900465 0.0213264 6
0.891007 0.00411168 8
0.928251 0.240108 3
0.901695 0.0216496 6
0.931014 0.244997 3
0.93675 0.495066 2
0.88619 0.00836971 7
0.979577 1 1
0.927019 0.238077 3
0.887327 0.00848147 7
0.925948 0.236381 3
0.880612 0.00355233 8
0.884318 0.00819353 7
0.892286 0.019479 6
0.879073 0.00348379 8
0.891612 0.0193467 6
0.883736 0.00814067 7
0.927265 0.238476 3
0.897372 0.0440584 5
0.922399 0.231184 3
0.911435 0.104406 4
0.870311 0.0002742 11
0.992904 1 1
0.941644 0.50454 2
0.866087 0.000112717 12
0.931068 0.245098 3
0.871199 0.00027845 11
0.863272 4.70717e-05 13
0.87184 0.000281595 11
0.873196 0.000288467 11
0.871737 0.000281085 11
0.871795 0.000281374 11
0.932798 0.248426 3
0.894931 0.020025 6
0.911958 0.0508961 5
0.959464 0.557896 2
0.885819 0.00174724 9
0.941892 0.269995 3
0.891528 0.00414515 8
0.900677 0.0101559 7
0.895211 0.00440121 8
0.869541 2.38579e-05 14
0.897436 0.00967516 7
0.902403 0.0218422 6
0.863273 4.01893e-06 16
0.900157 0.0100748 7
0.876324 0.000137912 12
0.896132 0.00949728 7
0.875897 0.000136668 12
0.96107 0.564788 2
0.888845 0.00397899 8
0.922491 0.115338 4
0.901061 0.0214813 6
0.937088 0.257664 3
0.888802 0.00397644 8
0.962983 0.573603 2
0.950974 0.527957 2
0.887772 0.00391675 8
0.898714 0.0208887 6
0.964222 0.579691 2
0.902137 0.0217693 6
0.941374 0.26855 3
0.961034 0.564627 2
0.99223 1 1
0.953225 0.310573 3
0.951597 0.182494 4
0.962374 0.36079 3
0.904723 0.0012616 10
0.894843 0.000105562 13
0.958405 0.336575 3
0.915879 0.00686672 8
0.93837 0.0791636 5
0.956066 0.324119 3
0.96743 0.398329 3
0.925378 0.0321706 6
0.968553 0.603575 2
0.949149 0.173034 4
0.915315 0.00676354 8
0.925458 0.0322277 6
0.916744 0.109133 4
0.941411 0.504052 2
0.878977 0.00156914 9
0.964788 0.582575 2
0.909084 0.0492713 5
0.886396 0.00384011 8
0.908148 0.0487771 5
0.869009 0.000119032 12
0.883257 0.00367756 8
0.889848 0.00874346 7
0.865731 4.9439e-05 13
0.888434 0.00859405 7
0.873575 0.000290442 11
0.909384 0.0494335 5
0.882112 0.00164574 9
0.922162 0.114946 4
0.89784 0.0206798 6
0.866315 5.00306e-05 13
0.974968 1 1
0.956425 0.546009 2
0.857327 1.51107e-06 17
0.939853 0.264475 3
0.872099 0.000126414 12
0.854703 6.13441e-07 18
0.863879 2.0978e-05 14
0.87658 0.000681347 10
0.864313 2.11787e-05 14
0.870828 0.000123283 12
0.941744 0.26958 3
0.90021 0.0212608 6
0.981682 0.709056 2
0.924779 0.0607736 5
0.920979 0.0573017 5
0.942168 0.270776 3
0.949403 0.294722 3
0.9033 0.00511176 8
0.968481 0.603146 2
0.927521 0.0636494 5
0.901091 0.00489373 8
0.91195 0.012402 7
0.929111 0.0654797 5
0.913594 0.0256706 6
0.927038 0.0631179 5
0.968573 0.6037 2
0.949436 0.294849 3
0.955063 0.541133 2
0.888632 0.00396647 8
0.937229 0.257994 3
0.887261 0.00388789 8
0.917126 0.109506 4
0.899051 0.0209709 6
0.943259 0.508041 2
0.97115 1 1
0.898532 0.0208448 6
0.909097 0.0492784 5
0.98544 1 1
0.913082 0.0515787 5
0.959276 0.557117 2
0.941411 0.268652 3
0.985799 1 1
0.958497 0.337089 3
0.960151 0.346718 3
0.948376 0.290875 3
0.918488 0.0279703 6
0.903974 0.0051825 8
0.947109 0.286349 3
0.922932 0.0305273 6
0.929998 0.0665574 5
0.944353 0.277281 3
0.954651 0.317171 3
0.919805 0.0286761 6
0.954882 0.318278 3
0.938721 0.142572 4
0.922654 0.0303523 6
0.924919 0.0609132 5
0.9155 0.0531483 5
0.944897 0.278991 3
0.951585 0.303461 3
0.876125 6.20778e-05 13
0.859743 1.36123e-07 20
0.992937 1 1
0.879573 0.000148095 12
0.91481 0.0526862 5
0.989501 1 1
0.986168 1 1
0.89828 0.00464383 8
0.981164 1 1
0.928426 0.12331 4
0.879037 6.66403e-05 13
0.892145 0.00195524 9
0.94365 0.275125 3
0.958061 0.334666 3
0.957799 0.33323 3
0.90156 0.00238204 9
0.887165 0.00017797 12
0.965845 0.588144 2
0.907076 0.00553635 8
0.929578 0.0660419 5
0.96302 0.573782 2
0.973169 0.634238 2
0.915873 0.0266821 6
0.972681 0.630711 2
0.941174 0.148535 4
0.90662 0.00548127 8
0.915328 0.0264313 6
0.987151 1 1
0.928928 0.241261 3
0.948916 0.522067 2
0.91745 0.109828 4
0.924351 0.233967 3
0.925215 0.235257 3
0.948603 0.521214 2
0.951924 0.530833 2
0.923479 0.232701 3
0.935006 0.252992 3
0.947559 0.518431 2
0.937577 0.496558 2
0.954272 0.538416 2
0.947717 0.518845 2
0.957282 0.549216 2
0.925504 0.061502 5
0.996063 1 1
0.915804 0.0266502 6
0.921395 0.0295851 6
0.88583 7.9839e-05 13
0.935319 0.135275 4
0.897625 0.0010428 10
0.892867 0.000439776 11
0.931953 0.0690877 5
0.936608 0.137916 4
0.882916 3.39904e-05 14
0.933914 0.132553 4
0.902148 0.00241498 9
0.897954 0.00105138 10
0.889924 0.000191581 12
0.895473 0.00941053 7
0.952002 0.531073 2
0.874613 0.000295985 11
0.926711 0.237583 3
0.875105 0.000298677 11
0.894416 0.00927539 7
0.878213 0.000700269 10
0.855756 6.31299e-07 18
0.891236 0.00412633 8
0.894515 0.00928777 7
0.848581 4.1478e-08 21
0.8917 0.0041564 8
0.863298 9.12191e-06 15
0.879121 0.000711252 10
0.859962 3.69591e-06 16
0.923969 0.233407 3
0.922106 0.230782 3
0.980723 1 1
0.86862 0.000601729 10
0.865182 0.00025178 11
0.971584 1 1
0.888334 0.00858374 7
0.941703 0.504665 2
0.972927 1 1
0.978981 1 1
0.923221 0.232335 3
0.983491 1 1
0.956117 0.544883 2
0.887357 0.00848448 7
0.910867 0.103946 4
0.978361 1 1
0.931395 0.24571 3
0.921112 0.113728 4
0.946125 0.514781 2
0.945127 0.512354 2
0.906577 0.0479825 5
0.961738 0.56779 2
0.924121 0.23363 3
0.904203 0.0468584 5
0.914851 0.107349 4
0.924175 0.233707 3
0.916147 0.108557 4
0.924941 0.234843 3
0.962023 0.569096 2
0.94304 0.507554 2
0.923652 0.232949 3
0.932162 0.247178 3
0.879148 0.00348703 8
0.981076 1 1
0.923735 0.233069 3
0.881297 0.00358381 8
0.920458 0.228589 3
0.873497 0.00145173 9
0.878272 0.00344928 8
0.88592 0.00834373 7
0.872169 0.00142594 9
0.885109 0.00826688 7
0.876556 0.00151491 9
0.92186 0.230448 3
0.890719 0.0191751 6
0.916867 0.0137802 7
0.972253 0.627673 2
0.895862 0.000476212 11
0.934951 0.0734279 5
0.889368 8.85699e-05 13
0.912581 0.012562 7
0.896004 0.000478077 11
0.877246 2.74219e-06 17
0.909296 0.0058218 8
0.914033 0.0129485 7
0.869693 1.93632e-07 20
0.911599 0.00615047 8
0.884908 3.6103e-05 14
0.896728 0.000487768 11
0.880495 6.68915e-06 16
56 0 1 4 6 8 9 11 12 13 15 16 17 18 19 20 21 22 23 24 25 26 27 28 29 30 32 33 34 35 37 38 39 40 41 44 46 47 49 50 51 52 53 55 56 57 58 60 61 62 63 64 65 66 67 68 69 
12 6 13 17 18 20 26 27 33 44 53 65 69 
63 0 1 3 4 5 6 7 8 9 10 11 12 13 15 16 17 18 19 20 21 22 23 24 25 26 27 28 29 30 32 33 34 35 37 38 39 40 41 42 43 44 45 46 47 49 50 51 52 53 55 56 57 58 60 61 62 63 64 65 66 67 68 69 
40 0 1 4 6 8 9 11 13 15 16 17 18 20 22 25 26 27 28 29 30 33 35 37 39 40 44 46 50 51 53 55 56 60 61 62 64 65 66 68 69 
56 0 1 3 4 5 6 8 9 11 12 13 15 16 17 18 19 20 21 22 23 24 25 26 27 28 29 30 32 33 34 35 37 38 39 40 41 44 46 47 49 50 51 52 53 55 56 57 58 60 61 62 64 65 67 68 69 
20 1 6 8 13 17 18 20 22 26 27 28 29 33 40 44 53 61 64 65 69 
62 0 1 3 4 6 7 8 9 10 11 12 13 14 15 16 17 18 19 20 21 22 23 24 25 26 27 28 29 30 31 32 33 34 35 37 38 39 40 41 44 46 47 48 49 50 51 52 53 55 56 57 58 60 61 62 63 64 65 66 67 68 69 
68 0 1 2 3 4 5 6 7 8 9 10 11 12 13 14 15 16 17 18 19 20 21 22 23 24 25 26 27 28 29 30 31 32 33 34 35 37 38 39 40 41 42 43 45 46 47 48 49 50 51 52 53 54 55 56 57 58 59 60 61 62 63 64 65 66 67 68 69 
21 1 6 8 13 17 18 20 22 26 27 28 29 33 40 44 53 56 61 64 65 69 
52 0 1 3 4 5 6 8 9 12 13 15 16 17 18 19 20 21 22 23 24 25 26 27 28 29 32 33 34 37 38 39 40 43 44 47 49 50 51 52 53 55 56 57 58 60 61 62 64 65 67 68 69 
67 0 1 2 3 4 5 6 7 8 9 10 11 12 13 14 15 16 17 18 19 20 21 23 24 25 26 27 28 29 30 31 32 34 35 36 37 38 39 40 41 42 43 45 46 47 48 49 50 51 52 53 54 55 56 57 58 59 60 61 62 63 64 65 66 67 68 69 
22 1 6 8 11 13 17 18 20 22 26 27 28 29 33 40 44 46 53 61 64 65 69 
68 0 1 2 3 4 5 6 7 8 9 10 11 12 13 14 15 16 17 18 19 20 21 22 23 24 25 26 27 28 29 30 31 32 33 34 35 37 38 39 40 41 42 43 45 46 47 48 49 50 51 52 53 54 55 56 57 58 59 60 61 62 63 64 65 66 67 68 69 
60 0 1 3 4 5 6 7 8 9 11 12 13 15 16 17 18 19 20 21 22 23 24 25 26 27 28 29 30 32 33 34 35 37 38 39 40 41 43 44 46 47 49 50 51 52 53 55 56 57 58 60 61 62 63 64 65 66 67 68 69 
67 0 1 2 3 4 5 6 7 8 9 10 11 12 13 14 15 16 17 18 19 20 21 22 23 24 25 26 27 28 29 30 31 32 33 34 35 37 38 39 40 41 42 43 45 46 47 48 49 50 51 52 53 54 55 56 57 58 60 61 62 63 64 65 66 67 68 69 
