100 10 500
6.16924 27
7.28702 66
5.93863 61
5.45613 57
4.97182 15
7.58227 3
5.69857 32
3.20628 10
5.96646 59
9.41726 77
5.38013 65
4.66784 48
7.39405 53
6.44984 28
5.77441 93
4.72145 59
9.28227 68
5.74672 23
9.09569 25
1.04334 93
8.72889 27
5.56138 12
7.32224 43
7.89557 9
4.10119 29
4.04659 33
6.15865 48
2.03027 97
5.42657 36
2.45983 15
2.34326 46
8.95334 42
6.86165 30
8.32975 89
9.11096 77
6.15198 3
5.69993 86
8.82545 58
8.30706 52
4.78034 57
8.92706 33
7.68813 71
1.65582 71
4.23441 8
4.75117 9
6.0635 81
7.92424 63
8.90572 48
4.39736 38
2.09566 7
5.29877 70
4.5187 97
7.13079 90
8.73292 79
1.6616 49
5.05661 49
9.39559 30
1.99017 8
4.6736 23
8.50127 19
2.76677 33
4.96241 58
4.31382 38
4.86525 14
9.95861 69
8.6435 81
4.36824 0
6.75152 64
8.19131 37
4.5055 33
2.30408 29
8.68929 31
6.42024 0
4.43759 51
3.3772 29
2.11952 63
5.12241 37
7.8027 66
8.15393 56
4.74004 32
7.4724 84
5.18506 37
1.66465 20
8.48372 42
3.63739 18
9.40699 58
5.16753 62
4.65208 5
6.36334 74
2.17921 10
8.5004 58
9.83829 1
2.75211 96
3.50916 71
8.53374 83
7.57403 64
5.81389 66
8.82269 44
3.49001 95
4.74407 83
0.9404 0.146585 4
0.993182 1 1
0.911132 0.0122005 7
0.931388 0.0683339 5
0.96751 0.597428 2
0.963249 0.574884 2
0.959327 0.341836 3
0.912059 0.0124292 7
0.95547 0.321143 3
0.990282 1 1
0.982318 0.715803 2
0.930171 0.0667722 5
0.985207 1 1
0.934323 0.133329 4
0.939496 0.144388 4
0.941327 0.148927 4
0.956466 0.326163 3
0.986975 1 1
0.966836 0.593596 2
0.924468 0.0604684 5
0.977567 0.669531 2
0.935423 0.135483 4
0.974527 0.644447 2
0.953013 0.309624 3
0.937148 0.139067 4
0.937712 0.140297 4
0.953251 0.310689 3
0.971174 0.620258 2
0.967736 0.598736 2
0.928001 0.0641878 5
0.96641 0.591224 2
0.964845 0.582867 2
0.94258 0.15225 4
0.962581 0.571693 2
0.954547 0.316673 3
0.952798 0.308674 3
0.963988 0.578517 2
0.9414 0.149116 4
0.975502 0.652143 2
0.955804 0.322802 3
0.958014 0.334408 3
0.961448 0.566476 2
0.929663 0.0661453 5
0.913429 0.0127848 7
0.988183 1 1
0.992606 1 1
0.982906 0.722209 2
0.933574 0.131918 4
0.967517 0.597471 2
0.96321 0.574697 2
0.99222 1 1
0.939865 0.145273 4
0.975488 0.652035 2
0.939168 0.143612 4
0.948246 0.290401 3
0.94975 0.296059 3
0.965379 0.585659 2
0.976818 0.663051 2
0.976832 0.663171 2
0.933999 0.132714 4
0.958776 0.338669 3
0.932086 0.129243 4
0.942823 0.152916 4
0.901371 0.00237165 9
0.955963 0.323602 3
0.960133 0.560714 2
0.96378 0.577485 2
0.948855 0.292649 3
0.956103 0.324307 3
0.932004 0.1291 4
0.966829 0.593554 2
0.968564 0.603641 2
0.941269 0.148779 4
0.958785 0.338721 3
0.958435 0.336742 3
0.956572 0.326712 3
0.967228 0.595812 2
0.940533 0.146914 4
0.977604 0.669858 2
0.959607 0.343479 3
0.993617 1 1
0.951939 0.304953 3
0.963326 0.575256 2
0.943461 0.154698 4
0.958384 0.336459 3
0.959238 0.341318 3
0.975198 0.649709 2
0.964413 0.580658 2
0.989015 1 1
0.945799 0.281913 3
0.97065 0.616778 2
0.974646 0.645369 2
0.940868 0.147754 4
0.945803 0.281925 3
0.971342 0.621394 2
0.9697 0.610653 2
0.979979 0.691861 2
0.941638 0.149734 4
0.985616 1 1
0.967332 0.596407 2
0.972605 0.63017 2
0.972461 0.629142 2
0.942937 0.153231 4
0.94674 0.285078 3
0.969966 0.612342 2
0.968572 0.603692 2
0.979871 0.69081 2
0.943634 0.155189 4
0.987282 1 1
0.965153 0.584473 2
0.941709 0.149922 4
0.978824 0.680878 2
0.911633 0.0123232 7
0.915427 0.0264764 6
0.983097 0.72433 2
0.979256 0.684927 2
0.96698 0.594405 2
0.914149 0.0129805 7
0.955831 0.322939 3
0.986375 1 1
0.983325 0.726874 2
0.933236 0.131296 4
0.982428 0.716994 2
0.941643 0.149747 4
0.939741 0.144974 4
0.941075 0.148282 4
0.956657 0.327152 3
0.981366 0.705772 2
0.969072 0.606741 2
0.926842 0.0629049 5
0.950506 0.299038 3
0.902695 0.00244643 9
0.979976 0.691824 2
0.92847 0.0647261 5
0.908346 0.00569603 8
0.909863 0.0119023 7
0.924762 0.0607577 5
0.974033 0.640669 2
0.936567 0.137829 4
0.896059 0.00100368 10
0.993374 1 1
0.948583 0.291639 3
0.963814 0.577651 2
0.934189 0.133073 4
0.960357 0.561672 2
0.962171 0.569777 2
0.977692 0.670628 2
0.966683 0.592736 2
0.98544 1 1
0.943791 0.275552 3
0.950467 0.298881 3
0.967501 0.597377 2
0.927384 0.0634968 5
0.964715 0.582201 2
0.948367 0.290843 3
0.945563 0.281138 3
0.95294 0.309302 3
0.925893 0.0619021 5
0.961096 0.564902 2
0.958099 0.334874 3
0.977723 0.670905 2
0.964405 0.580617 2
0.946678 0.284865 3
0.932601 0.13015 4
0.977338 0.667529 2
0.978354 0.67657 2
0.994556 1 1
0.949289 0.294287 3
0.989623 1 1
0.960608 0.56276 2
0.950079 0.297346 3
0.947207 0.286691 3
0.925449 0.0614456 5
0.900774 0.00233936 9
0.973851 0.639294 2
0.977944 0.672867 2
0.97021 0.613914 2
0.930344 0.0669886 5
0.955944 0.323504 3
0.950061 0.297274 3
0.950924 0.300727 3
0.902229 0.00241958 9
0.981565 0.707829 2
0.925589 0.0615883 5
0.908887 0.00576702 8
0.910565 0.0120653 7
0.925326 0.0613209 5
0.976271 0.658443 2
0.936613 0.137926 4
0.895826 0.000998089 10
0.963396 0.575598 2
0.938301 0.141613 4
0.956378 0.325713 3
0.972205 0.627338 2
0.932265 0.129556 4
0.931648 0.0686783 5
0.9458 0.281916 3
0.952284 0.30643 3
0.96074 0.563333 2
0.929635 0.066111 5
0.950575 0.299315 3
0.94215 0.151089 4
0.927841 0.0640068 5
0.89882 0.00223956 9
0.968565 0.603648 2
0.9728 0.631565 2
0.967727 0.598685 2
0.933084 0.131019 4
0.954522 0.316556 3
0.944485 0.277693 3
0.986782 1 1
0.941195 0.148587 4
0.966381 0.591065 2
0.926714 0.0627674 5
0.956047 0.324025 3
0.958595 0.33764 3
0.972528 0.629617 2
0.970759 0.617496 2
0.976656 0.66167 2
0.937216 0.139214 4
0.980639 0.698375 2
0.930441 0.0671109 5
0.98529 1 1
0.940395 0.146572 4
0.937127 0.139022 4
0.938535 0.142145 4
0.954029 0.314241 3
0.983691 0.731009 2
0.966211 0.590134 2
0.924073 0.0600862 5
0.925347 0.0613426 5
0.972002 0.625917 2
0.895717 0.00099549 10
0.908146 0.00567031 8
0.964685 0.582044 2
0.960997 0.564465 2
0.949297 0.294316 3
0.897814 0.0010477 10
0.939803 0.145123 4
0.981291 0.704999 2
0.961984 0.568915 2
0.918066 0.0277525 6
0.979137 0.683803 2
0.946385 0.283868 3
0.920263 0.0289314 6
0.921121 0.029424 6
0.936471 0.137629 4
0.97258 0.62999 2
0.950124 0.297523 3
0.910692 0.0120953 7
0.947718 0.288495 3
0.956723 0.327496 3
0.920348 0.0289797 6
0.904273 0.00521457 8
0.982783 0.72086 2
0.985791 1 1
0.972191 0.627241 2
0.924552 0.0605506 5
0.956952 0.328694 3
0.960796 0.563581 2
0.95711 0.329527 3
0.972949 0.632642 2
0.931824 0.068914 5
0.959224 0.341238 3
0.956262 0.325117 3
0.953603 0.312282 3
0.96133 0.565944 2
0.930956 0.0677691 5
0.968933 0.605883 2
0.963431 0.575769 2
0.988604 1 1
0.937417 0.139649 4
0.978328 0.676326 2
0.940857 0.147729 4
0.944747 0.278516 3
0.946135 0.283029 3
0.961778 0.56797 2
0.97869 0.679639 2
0.973883 0.639532 2
0.931259 0.0681633 5
0.96327 0.574984 2
0.979798 0.690102 2
0.932432 0.129851 4
0.932262 0.12955 4
0.985735 1 1
0.983297 0.726559 2
0.985681 1 1
0.934445 0.133563 4
0.978264 0.675752 2
0.976488 0.660253 2
0.942622 0.152365 4
0.992684 1 1
0.91379 0.012882 7
0.936407 0.137495 4
0.965524 0.586431 2
0.96141 0.566303 2
0.959581 0.343323 3
0.914391 0.0130476 7
0.957541 0.33183 3
0.985657 1 1
0.937312 0.139422 4
0.950052 0.297236 3
0.919762 0.0286525 6
0.976752 0.662485 2
0.930031 0.0665984 5
0.927306 0.0634111 5
0.935272 0.135182 4
0.916962 0.027201 6
0.94507 0.279543 3
0.94114 0.148446 4
0.950224 0.297915 3
0.982858 0.721683 2
0.919816 0.0286826 6
0.922564 0.0302963 6
0.988525 1 1
0.984115 1 1
0.975037 0.648433 2
0.922149 0.0300394 6
0.964678 0.582008 2
0.986008 1 1
0.985799 1 1
0.960228 0.56112 2
0.954962 0.318663 3
0.943629 0.155175 4
0.965506 0.586334 2
0.965805 0.587929 2
0.981371 0.705826 2
0.956174 0.324671 3
0.996978 1 1
0.954073 0.314446 3
0.95917 0.340929 3
0.934499 0.133668 4
0.941689 0.149868 4
0.902252 0.00242089 9
0.958671 0.33807 3
0.962873 0.573077 2
0.965929 0.588597 2
0.947566 0.287954 3
0.957486 0.331533 3
0.934588 0.133838 4
0.967939 0.599927 2
0.966218 0.590171 2
0.943101 0.153685 4
0.960208 0.561033 2
0.956828 0.328045 3
0.955131 0.319483 3
0.966401 0.591177 2
0.942187 0.151189 4
0.977723 0.670905 2
0.957317 0.330628 3
0.923307 0.0593631 5
0.929499 0.0659455 5
0.911989 0.0124117 7
0.980228 0.694296 2
0.910436 0.012035 7
0.907973 0.00564816 8
0.916967 0.0272038 6
0.907998 0.00565144 8
0.928159 0.0643688 5
0.920822 0.0292502 6
0.94892 0.292892 3
0.960288 0.561378 2
0.920846 0.0292641 6
0.907005 0.00552771 8
0.986282 1 1
0.98893 1 1
0.974209 0.642003 2
0.924816 0.060811 5
0.958984 0.339855 3
0.964303 0.5801 2
0.976124 0.657219 2
0.942381 0.151708 4
0.965206 0.584747 2
0.960368 0.561721 2
0.940901 0.147839 4
0.940866 0.147751 4
0.955946 0.323516 3
0.962318 0.57046 2
0.971142 0.620044 2
0.934409 0.133494 4
0.940331 0.146413 4
0.984759 1 1
0.91023 0.011987 7
0.91961 0.0285689 6
0.977957 0.672985 2
0.973724 0.638343 2
0.964078 0.578967 2
0.912245 0.0124762 7
0.955078 0.319224 3
0.993743 1 1
0.947879 0.289073 3
0.966322 0.590739 2
0.925183 0.0611773 5
0.965236 0.584908 2
0.946306 0.283604 3
0.943415 0.154566 4
0.95044 0.298774 3
0.923586 0.059624 5
0.958424 0.336684 3
0.957034 0.329123 3
0.954405 0.316004 3
0.908825 0.00575878 8
0.978978 0.682313 2
0.938002 0.140941 4
0.912297 0.0124895 7
0.913432 0.0127856 7
0.928613 0.0648926 5
0.9721 0.626606 2
0.941526 0.149444 4
0.901712 0.00239047 9
0.965425 0.585906 2
0.974482 0.644097 2
0.934615 0.133891 4
0.928906 0.0652355 5
0.988384 1 1
0.987323 1 1
0.990558 1 1
0.937115 0.138996 4
0.979372 0.686027 2
0.972363 0.628448 2
0.962189 0.569862 2
0.917588 0.0275104 6
0.980494 0.696928 2
0.945007 0.279341 3
0.920234 0.0289152 6
0.921166 0.0294506 6
0.936517 0.137724 4
0.973865 0.639399 2
0.950008 0.297065 3
0.910301 0.0120035 7
0.992335 1 1
0.948552 0.291524 3
0.96329 0.575084 2
0.933249 0.131319 4
0.960864 0.563878 2
0.962769 0.572583 2
0.978164 0.674845 2
0.966327 0.590767 2
0.985107 1 1
0.943916 0.275934 3
0.967035 0.594717 2
0.962165 0.569751 2
0.93798 0.140892 4
0.920478 0.0290533 6
0.984997 1 1
0.988263 1 1
0.991421 1 1
0.941641 0.149743 4
0.976272 0.65845 2
0.961625 0.567273 2
0.959238 0.341321 3
0.972164 0.627053 2
0.929082 0.0654451 5
0.921316 0.0295384 6
0.996234 1 1
0.995346 1 1
0.985939 1 1
0.932111 0.129286 4
0.971934 0.625447 2
0.972971 0.632801 2
0.975911 0.655471 2
0.92436 0.0603633 5
0.991812 1 1
0.932921 0.130724 4
0.933238 0.1313 4
0.935075 0.13479 4
0.950094 0.297403 3
0.992022 1 1
0.960636 0.562879 2
0.918512 0.0279828 6
0.930035 0.0666032 5
0.932088 0.129246 4
0.919394 0.0284517 6
0.988209 1 1
0.914553 0.0130932 7
0.912318 0.0124947 7
0.922187 0.0300629 6
0.915315 0.0264256 6
0.93408 0.132867 4
0.923151 0.0592192 5
0.954162 0.314861 3
0.951126 0.301553 3
0.937976 0.140882 4
0.980305 0.695053 2
0.937431 0.13968 4
0.935568 0.135774 4
0.946692 0.284913 3
0.935052 0.134746 4
0.959216 0.341193 3
0.941819 0.150211 4
0.974301 0.642711 2
0.926502 0.0625414 5
0.985762 1 1
0.943409 0.154551 4
0.93133 0.0682564 5
0.932501 0.129972 4
0.948001 0.289511 3
0.981304 0.705128 2
0.960977 0.564377 2
0.919687 0.0286115 6
0.938478 0.142015 4
0.958265 0.335796 3
0.917897 0.0276662 6
0.968169 0.601282 2
0.936578 0.137853 4
0.933548 0.13187 4
0.940054 0.145733 4
0.915761 0.0266301 6
0.948171 0.290128 3
0.94951 0.295133 3
0.969863 0.611691 2
0.952277 0.306402 3
0.943729 0.155461 4
0.916845 0.0271442 6
0.974895 0.647312 2
0.978644 0.679221 2
0.984733 1 1
0.94818 0.29016 3
0.973867 0.639416 2
0.951425 0.30279 3
0.956185 0.324727 3
0.988418 1 1
0.926923 0.0629931 5
0.942614 0.152343 4
0.971489 0.62239 2
0.968119 0.600985 2
0.971059 0.619489 2
0.927577 0.0637112 5
0.971216 0.620544 2
0.97938 0.686098 2
0.940594 0.147066 4
0.989032 1 1
0.910609 0.0120757 7
0.923393 0.0594433 5
0.975021 0.648311 2
0.970687 0.617018 2
0.963004 0.573703 2
0.912279 0.012485 7
0.9556 0.321786 3
0.998784 1 1
0.96803 0.600463 2
0.916487 0.0269717 6
0.989516 1 1
0.922399 0.0301934 6
0.928037 0.064229 5
0.930382 0.0670363 5
0.944442 0.277558 3
0.996124 1 1
0.952763 0.308518 3
0.911359 0.0122558 7
0.937732 0.140341 4
0.962991 0.57364 2
0.915457 0.0264902 6
0.962169 0.56977 2
0.939934 0.145442 4
0.93667 0.138046 4
0.941904 0.150434 4
0.913736 0.0128675 7
0.948615 0.291756 3
0.954512 0.316509 3
0.938889 0.14296 4
0.95501 0.318892 3
0.919572 0.0285484 6
0.972299 0.627999 2
0.934271 0.13323 4
0.931403 0.068353 5
0.938708 0.142542 4
0.917151 0.0272935 6
0.947703 0.288443 3
0.946121 0.28298 3
0.94289 0.1531 4
0.9739 0.639665 2
0.917831 0.0276327 6
0.954864 0.318188 3
0.950186 0.297768 3
0.946739 0.285073 3
0.950719 0.299895 3
0.916893 0.0271677 6
0.95545 0.321046 3
0.965204 0.584739 2
0.946059 0.282774 3
0.930489 0.067172 5
0.941154 0.148482 4
0.986987 1 1
0.919613 0.0285708 6
0.918386 0.0279172 6
0.931211 0.0681003 5
0.936374 0.137426 4
0.945379 0.28054 3
0.92143 0.0296062 6
0.948552 0.291524 3
0.954277 0.315399 3
0.930529 0.0672221 5
0.978261 0.67572 2
0.937422 0.13966 4
0.935096 0.134833 4
0.944631 0.278151 3
0.927891 0.0640639 5
0.955632 0.321947 3
0.944956 0.279178 3
0.944326 0.277196 3
0.935213 0.135065 4
0.935778 0.136198 4
0.994001 1 1
0.922088 0.0300023 6
0.920489 0.0290594 6
0.932387 0.129771 4
0.931483 0.0684587 5
0.945873 0.282155 3
0.926049 0.0620643 5
0.938322 0.141661 4
0.984903 1 1
0.908314 0.00569193 8
0.919536 0.0285287 6
0.975232 0.649981 2
0.971004 0.619123 2
0.961656 0.567414 2
0.910208 0.0119819 7
0.953145 0.310211 3
0.9946 1 1
0.950406 0.298638 3
0.973944 0.639993 2
0.920444 0.029034 6
0.916428 0.0269437 6
0.994352 1 1
0.990933 1 1
0.976785 0.662767 2
0.923441 0.0594881 5
0.963497 0.57609 2
0.977859 0.672118 2
0.978832 0.680955 2
0.959514 0.342929 3
0.948759 0.292291 3
0.928845 0.0651643 5
0.975523 0.652314 2
0.977509 0.669017 2
0.992755 1 1
0.951964 0.305061 3
0.986584 1 1
0.956382 0.325731 3
0.976626 0.661418 2
0.930603 0.067317 5
0.980958 0.701588 2
0.947502 0.287729 3
0.93426 0.13321 4
0.935194 0.135027 4
0.950779 0.30014 3
0.977178 0.666135 2
0.964427 0.580725 2
0.923551 0.0595913 5
0.951176 0.301759 3
0.933468 0.131722 4
0.945558 0.281121 3
0.983532 0.72921 2
0.923721 0.0597512 5
0.92263 0.0303371 6
0.93579 0.136224 4
0.940953 0.14797 4
0.950172 0.29771 3
0.924456 0.0604574 5
0.959038 0.340166 3
0.980726 0.699253 2
0.931145 0.0680154 5
0.950493 0.298989 3
0.965093 0.584158 2
0.962235 0.570076 2
0.968471 0.603087 2
0.931144 0.0680134 5
0.972961 0.632724 2
0.971376 0.621625 2
0.962798 0.572718 2
0.981154 0.703586 2
0.933741 0.13223 4
0.946727 0.285031 3
0.970097 0.613184 2
0.967472 0.597212 2
0.974167 0.641684 2
0.934217 0.133128 4
0.977508 0.66901 2
0.97264 0.630415 2
0.967091 0.595031 2
0.964193 0.579542 2
0.937573 0.13999 4
0.921909 0.0298928 6
0.986335 1 1
0.989147 1 1
0.992727 1 1
0.941043 0.148199 4
0.977232 0.666605 2
0.963468 0.575951 2
0.966478 0.591599 2
0.923019 0.0590978 5
0.978919 0.681764 2
0.949206 0.293971 3
0.924964 0.060958 5
0.925733 0.0617358 5
0.941149 0.148469 4
0.973015 0.633115 2
0.955055 0.319113 3
0.915599 0.0265556 6
0.976129 0.657266 2
0.969346 0.608437 2
0.944953 0.279171 3
0.938588 0.142267 4
0.975822 0.654739 2
0.975502 0.652143 2
0.989118 1 1
0.946721 0.285012 3
0.991532 1 1
0.964103 0.579093 2
0.932107 0.129278 4
0.946935 0.285747 3
0.91492 0.0131972 7
0.974642 0.645339 2
0.92597 0.0619815 5
0.923122 0.059192 5
0.930545 0.0672431 5
0.912029 0.0124217 7
0.93997 0.145529 4
0.938296 0.141601 4
0.952562 0.307636 3
0.961701 0.567622 2
0.931556 0.0685551 5
0.97081 0.617834 2
0.94478 0.278621 3
0.942339 0.151595 4
0.951328 0.30239 3
0.92958 0.066044 5
0.961382 0.566178 2
0.952284 0.30643 3
0.952181 0.305988 3
0.923812 0.0598377 5
0.940207 0.146109 4
0.894549 0.000968493 10
0.947805 0.288809 3
0.951991 0.305173 3
0.955173 0.319686 3
0.946597 0.284587 3
0.948106 0.289893 3
0.923937 0.0599563 5
0.968866 0.605478 2
0.962939 0.57339 2
0.945329 0.280376 3
0.962358 0.570645 2
0.954241 0.31523 3
0.952734 0.30839 3
0.964674 0.581989 2
0.944118 0.276553 3
0.977067 0.665181 2
0.954077 0.314467 3
0.981877 0.711111 2
0.931667 0.0687032 5
0.975657 0.653394 2
0.924941 0.0609344 5
0.945528 0.281024 3
0.948079 0.289793 3
0.961911 0.56858 2
0.980948 0.701495 2
0.96793 0.599875 2
0.927287 0.0633903 5
0.980275 0.694761 2
0.954361 0.315796 3
0.951804 0.30438 3
0.926303 0.0623303 5
0.971602 0.623161 2
0.974146 0.641526 2
0.987805 1 1
0.95551 0.321342 3
0.983589 0.729856 2
0.951441 0.302858 3
0.951306 0.302299 3
0.937628 0.140112 4
0.930645 0.0673698 5
0.897519 0.00104005 10
0.963645 0.576816 2
0.96794 0.599931 2
0.965261 0.585039 2
0.936197 0.137059 4
0.953339 0.311084 3
0.939415 0.144196 4
0.957713 0.332759 3
0.975319 0.650678 2
0.931613 0.0686313 5
0.95671 0.327429 3
0.958747 0.338503 3
0.956028 0.32393 3
0.96336 0.575424 2
0.930991 0.0678142 5
0.970185 0.613748 2
0.965805 0.587929 2
0.956828 0.328043 3
0.944487 0.277698 3
0.933778 0.132298 4
0.904007 0.00518603 8
0.97036 0.61488 2
0.974709 0.64586 2
0.972656 0.630535 2
0.938941 0.143081 4
0.96019 0.560958 2
0.945823 0.281993 3
0.962532 0.571462 2
0.978978 0.682313 2
0.931712 0.0687641 5
0.930273 0.0668997 5
0.987848 1 1
0.985393 1 1
0.986211 1 1
0.933909 0.132545 4
0.977222 0.666517 2
0.976543 0.660723 2
0.965911 0.588504 2
0.969969 0.612367 2
0.935514 0.135666 4
0.925292 0.0612869 5
0.98935 1 1
0.990149 1 1
0.992779 1 1
0.938476 0.14201 4
0.978349 0.676521 2
0.968799 0.605064 2
0.926401 0.0624343 5
0.931061 0.0679058 5
0.915226 0.0132854 7
0.983657 0.730628 2
0.912576 0.0125608 7
0.910197 0.0119794 7
0.919533 0.028527 6
0.91122 0.0122219 7
0.930991 0.0678152 5
0.922263 0.0301094 6
0.951243 0.302036 3
0.952258 0.306318 3
0.925135 0.0611288 5
0.904002 0.00518548 8
0.979023 0.682735 2
0.983025 0.723525 2
0.973462 0.636396 2
0.929698 0.0661873 5
0.958593 0.337632 3
0.955243 0.320025 3
0.977314 0.667314 2
0.963298 0.575124 2
0.946553 0.284437 3
0.930837 0.0676165 5
0.977785 0.671451 2
0.979158 0.684004 2
0.995445 1 1
0.949391 0.294677 3
0.988068 1 1
0.959899 0.345207 3
0.966804 0.593413 2
0.922178 0.0300569 6
0.965195 0.584693 2
0.909436 0.0118055 7
0.940467 0.14675 4
0.943848 0.275727 3
0.954454 0.316236 3
0.971958 0.625613 2
0.955602 0.321796 3
0.919345 0.028425 6
0.941015 0.148128 4
0.942492 0.152011 4
0.927621 0.0637602 5
0.989409 1 1
0.925895 0.0619033 5
0.923727 0.0597572 5
0.933874 0.132479 4
0.924064 0.0600784 5
0.945814 0.281961 3
0.933322 0.131454 4
0.970473 0.61562 2
0.918854 0.0281623 6
0.988364 1 1
0.923145 0.0592131 5
0.930659 0.0673883 5
0.933024 0.13091 4
0.947086 0.286272 3
0.995393 1 1
0.955217 0.319899 3
0.913803 0.0128857 7
0.970552 0.616133 2
0.934672 0.134001 4
0.968044 0.600544 2
0.960647 0.562927 2
0.93321 0.131249 4
0.933312 0.131435 4
0.948457 0.291173 3
0.963825 0.577705 2
0.963431 0.575769 2
0.926664 0.0627139 5
0.937051 0.138858 4
0.935185 0.135009 4
0.926663 0.0627131 5
0.995329 1 1
0.91926 0.0283789 6
0.917248 0.0273416 6
0.927902 0.0640765 5
0.922583 0.0303076 6
0.9404 0.146585 4
0.926075 0.0620907 5
0.943116 0.153728 4
0.990288 1 1
0.914683 0.0131298 7
0.939285 0.143888 4
0.963456 0.57589 2
0.959442 0.342505 3
0.958728 0.338397 3
0.915057 0.0132365 7
0.95784 0.333453 3
0.982504 0.717812 2
0.94708 0.286249 3
0.929175 0.0655561 5
0.929899 0.0664342 5
0.891743 0.000427358 11
0.954864 0.31819 3
0.959128 0.340682 3
0.957599 0.33214 3
0.935876 0.136399 4
0.946983 0.285914 3
0.930834 0.0676125 5
0.984621 1 1
0.935607 0.135852 4
0.979634 0.688518 2
0.944026 0.27627 3
0.941298 0.148853 4
0.942465 0.151936 4
0.95814 0.335102 3
0.978422 0.677181 2
0.971127 0.619941 2
0.929039 0.0653932 5
0.955442 0.321007 3
0.98051 0.697087 2
0.9249 0.0608944 5
0.92462 0.0606179 5
0.991872 1 1
0.987732 1 1
0.980569 0.697674 2
0.927327 0.0634349 5
0.969737 0.610888 2
0.981325 0.705342 2
0.943713 0.155416 4
0.985657 1 1
0.913498 0.0128031 7
0.921245 0.0294966 6
0.981178 0.703839 2
0.976864 0.663442 2
0.967621 0.598069 2
0.915564 0.0265396 6
0.958453 0.336843 3
0.992684 1 1
0.93905 0.143335 4
0.966381 0.591065 2
0.915847 0.0266704 6
0.95967 0.34385 3
0.942988 0.15337 4
0.939649 0.144754 4
0.944425 0.277504 3
0.914373 0.0130428 7
0.950499 0.29901 3
0.9579 0.333781 3
0.939651 0.144757 4
0.951588 0.303472 3
0.921814 0.0298356 6
0.977012 0.664703 2
0.931998 0.12909 4
0.929323 0.0657334 5
0.9375 0.139831 4
0.919082 0.0282835 6
0.947423 0.287451 3
0.942571 0.152226 4
0.95545 0.321044 3
0.932248 0.129525 4
0.951941 0.304963 3
0.976796 0.662859 2
0.924756 0.0607511 5
0.924006 0.0600226 5
0.937862 0.140629 4
0.947156 0.286513 3
0.952626 0.307919 3
0.92343 0.0594777 5
0.969629 0.610208 2
0.931897 0.0690117 5
0.970313 0.614575 2
0.95863 0.337842 3
0.931112 0.0679722 5
0.931355 0.0682898 5
0.946601 0.2846 3
0.965708 0.587408 2
0.961413 0.566318 2
0.923996 0.0600127 5
0.951985 0.305147 3
0.975888 0.655281 2
0.926318 0.0623462 5
0.956607 0.326891 3
0.955852 0.323041 3
0.952788 0.308631 3
0.958663 0.338027 3
0.925558 0.061557 5
0.96452 0.5812 2
0.966376 0.591037 2
0 
0 
0 
0 
1 45 
0 
0 
0 
0 
0 
