60 15 1e+07
2.58711 102775
1.01444 105455
2.29364 148757
1.55907 148158
1.11978 111130
1.24446 117221
1.82098 178554
1.63046 134566
2.35497 100048
1.10524 141682
2.54726 164761
1.01182 154740
2.11581 176021
2.2883 113054
1.77429 182317
2.65041 103122
1.31242 196252
2.33783 193152
2.29858 191628
1.13341 114995
1.66557 139987
1.77138 167966
2.73692 194588
2.6533 103072
2.62515 173041
1.76646 112008
1.71435 146903
1.54652 117823
1.84528 183858
1.11481 167822
2.59946 135112
1.47119 170965
1.10179 193550
1.57973 159879
1.28501 104616
2.88745 170689
2.93109 108672
1.5134 171361
1.99824 130290
2.05057 137782
1.19014 186023
2.71709 101217
1.83307 112612
1.17841 110356
1.9609 155649
1.49516 105100
1.85373 104428
2.61917 177071
1.1994 133115
1.22229 172161
2.25711 178458
2.52704 117803
1.21522 122574
1.72715 169218
1.09541 177118
1.69186 160728
2.53228 118403
2.00563 193442
1.70481 138868
1.5537 100973
0.950195 0.525672 2
0.930497 0.244044 3
0.91891 0.111321 4
0.896317 0.009522 7
0.864849 9.46802e-06 15
0.882778 0.00166303 9
0.919184 0.111611 4
0.938075 0.260013 3
0.974131 1 1
0.952686 0.533219 2
0.900069 0.0212249 6
0.923551 0.116632 4
0.969006 0.606335 2
0.913607 0.0519073 5
0.953314 0.53524 2
0.934588 0.2521 3
0.993374 1 1
0.989295 1 1
0.968822 0.605206 2
0.904084 0.0223191 6
0.951295 0.528915 2
0.992248 1 1
0.963932 0.578236 2
0.923559 0.116641 4
0.90255 0.0218828 6
0.941148 0.267929 3
0.90085 0.0214261 6
0.9409 0.267254 3
0.963167 0.574489 2
0.963609 0.57664 2
0.897092 0.00454647 8
0.951077 0.528264 2
0.958862 0.555426 2
0.987907 1 1
0.898243 0.0046407 8
0.965924 0.588573 2
0.963295 0.575106 2
0.934986 0.252949 3
0.884147 0.00035789 11
0.864662 1.84467e-06 17
0.924408 0.117716 4
0.867324 4.47624e-06 16
0.904961 0.0108899 7
0.940312 0.26568 3
0.922747 0.115645 4
0.928024 0.0341711 6
0.945679 0.161299 4
0.931289 0.0370131 6
0.917115 0.00710325 8
0.85881 1.58732e-11 0
0.894442 0.000104146 13
0.938097 0.0786726 5
0.969241 0.607784 2
0.940556 0.0833443 5
0.91683 0.00704741 8
0.89602 0.000228924 12
0.894812 0.00010545 13
0.990625 1 1
0.914847 0.00668002 8
0.950361 0.177584 4
0.938544 0.26116 3
0.887143 0.00178682 9
0.888965 0.0018445 9
0.863109 1.76551e-06 17
0.912002 0.050922 5
0.875254 0.000134828 12
0.877859 0.000142563 12
0.868256 1.03046e-05 15
0.921899 0.114637 4
0.935824 0.254784 3
0.920215 0.112724 4
0.972259 0.627721 2
0.879232 0.000323232 11
0.909609 0.0241139 6
0.909727 0.0241565 6
0.932282 0.247409 3
0.913256 0.105934 4
0.922184 0.230889 3
0.901745 0.0457827 5
0.970259 1 1
0.924278 0.233859 3
0.908541 0.0489826 5
0.885392 0.00378638 8
0.90556 0.0474902 5
0.903562 0.0465697 5
0.969579 1 1
0.932571 0.247977 3
0.88136 0.00358673 8
0.948452 0.520802 2
0.921445 0.229889 3
0.958734 0.55491 2
0.900292 0.00481981 8
0.897546 0.00217894 9
0.870216 4.85365e-06 16
0.891658 0.000907314 10
0.873906 1.19772e-05 15
0.889151 0.000860022 10
0.888167 0.00039181 11
0.953851 0.313417 3
0.972971 0.632801 2
0.913211 0.0255097 6
0.985028 1 1
0.906162 0.0111192 7
0.911393 0.0247799 6
0.927857 0.122464 4
0.927437 0.0635564 5
0.906536 0.0054712 8
0.915403 0.013337 7
0.89539 0.000470122 11
0.970936 0.618671 2
0.918538 0.0279963 6
0.901856 0.00239854 9
0.878953 6.35141e-06 16
0.901023 0.00235273 9
0.900427 0.00112034 10
0.962613 0.571845 2
0.931005 0.0678328 5
0.875483 2.5811e-06 17
0.941476 0.149313 4
0.915177 0.0132712 7
0.907722 0.0485573 5
0.93304 0.248906 3
0.947469 0.518196 2
0.944882 0.51177 2
0.948931 0.522111 2
0.978508 1 1
0.937052 0.257579 3
0.904072 0.0467991 5
0.885354 0.00378435 8
0.872696 0.000285898 11
0.960958 0.564292 2
0.888656 0.00396786 8
0.884708 0.00171543 9
0.958629 0.554486 2
0.919325 0.111761 4
0.897686 0.00104437 10
0.937595 0.140038 4
0.951132 0.30158 3
0.962179 0.3595 3
0.924779 0.0317505 6
0.989456 1 1
0.945826 0.161758 4
0.912527 0.0125484 7
0.878862 6.3322e-06 16
0.86307 5.88428e-09 24
0.941728 0.149971 4
0.873723 1.10232e-06 18
0.887758 8.44098e-05 13
0.948702 0.292078 3
0.916079 0.013538 7
0.946391 0.515444 2
0.934398 0.251697 3
0.94308 0.507644 2
0.920415 0.112945 4
0.957668 0.550699 2
0.939017 0.26234 3
0.929198 0.24173 3
0.905851 0.0476291 5
0.919524 0.111973 4
0.912697 0.0513418 5
0.987753 1 1
0.935019 0.25302 3
0.900251 0.0212715 6
0.969828 1 1
0.941374 0.268549 3
0.963946 0.578307 2
0.957628 0.332298 3
0.946692 0.284912 3
0.92192 0.0298999 6
0.887297 0.000178579 12
0.909746 0.0118756 7
0.945399 0.280602 3
0.955543 0.321502 3
0.96838 0.602538 2
0.94375 0.275427 3
0.92486 0.0608542 5
0.92819 0.0644041 5
0.970262 0.61425 2
0.940717 0.147375 4
0.982004 0.712445 2
0.922846 0.115765 4
0.939031 0.262374 3
0.952645 0.53309 2
0.940731 0.266797 3
0.956902 0.547782 2
0.968501 0.603262 2
0.939789 0.264311 3
0.908688 0.0490604 5
0.899038 0.0099055 7
0.887528 0.00179868 9
0.978493 1 1
0.904826 0.0225391 6
0.893265 0.00426161 8
0.971832 0.62474 2
0.930976 0.244926 3
0.913332 0.00642273 8
0.885981 1.74163e-05 15
0.894156 0.000216281 12
0.87443 2.33579e-07 20
0.958562 0.337458 3
0.897839 0.000503311 11
0.880951 3.13389e-06 17
0.859643 8.51285e-11 29
0.888475 4.04544e-05 14
0.892271 9.69752e-05 13
0.940051 0.145727 4
0.926388 0.032905 6
0.858616 3.55816e-11 30
0.919615 0.0146983 7
0.896781 0.000234445 12
0.961692 0.567579 2
0.932579 0.130111 4
0.922436 0.0585687 5
0.897795 0.00460347 8
0.873945 1.199e-05 15
0.887337 0.000384334 11
0.92066 0.0570338 5
0.934513 0.133695 4
0.986369 1 1
0.96266 0.572065 2
0.908585 0.0116179 7
0.935221 0.13508 4
0.961341 0.565994 2
0.920533 0.0569285 5
0.958952 0.555792 2
0.943305 0.274089 3
0.885892 0.000805358 10
0.882814 0.000347819 11
0.855936 5.25208e-08 21
0.879899 0.00014919 12
0.859534 3.07907e-07 19
0.874808 6.01866e-05 13
0.875374 6.09873e-05 13
0.942968 0.273092 3
0.966409 0.591221 2
0.89886 0.00469309 8
0.971843 0.624819 2
0.89531 0.0044086 8
0.896366 0.00448915 8
0.913377 0.0517629 5
0.94754 0.287863 3
0.981303 0.705117 2
0.986933 1 1
0.956966 0.328765 3
0.918522 0.0279881 6
0.95305 0.309788 3
0.974482 0.644097 2
0.950183 0.297756 3
0.931052 0.127477 4
0.912463 0.0125318 7
0.957549 0.331875 3
0.91553 0.0265236 6
0.935612 0.135862 4
0.979772 0.689852 2
0.970886 0.618334 2
0.994523 1 1
0.93835 0.260684 3
0.936054 0.255297 3
0.907551 0.0484703 5
0.91191 0.104795 4
0.909432 0.0494593 5
0.927037 0.238106 3
0.921632 0.114326 4
0.966083 0.589436 2
0.95807 0.552266 2
0.944147 0.510055 2
0.963663 0.576906 2
0.931746 0.246376 3
0.948367 0.520574 2
0.965363 0.585575 2
0.955639 0.543163 2
0.98173 1 1
0.977946 0.672891 2
0.948881 0.292746 3
0.9113 0.0247442 6
0.941511 0.268929 3
0.970305 0.614529 2
0.955573 0.542929 2
0.941731 0.269543 3
0.921812 0.0580165 5
0.950757 0.300048 3
0.921132 0.0574306 5
0.945868 0.282142 3
0.971128 0.61995 2
0.982633 1 1
0.897073 0.0205013 6
0.930695 0.244408 3
0.944841 0.511674 2
0.951041 0.528155 2
0.934775 0.252496 3
0.983999 1 1
0.937388 0.258369 3
0.904009 0.0467705 5
0.876518 0.000680643 10
0.862309 2.02781e-05 14
0.946328 0.515286 2
0.875836 0.00067305 10
0.881257 0.00162406 9
0.948487 0.520899 2
0.912296 0.105116 4
0.977622 1 1
0.960512 0.562342 2
0.955796 0.543724 2
0.92711 0.238225 3
0.908699 0.0490662 5
0.923256 0.232384 3
0.948457 0.520818 2
0.943332 0.508204 2
0.961766 0.567916 2
0.943228 0.507972 2
0.946521 0.515769 2
0.940848 0.502887 2
0.947787 0.519029 2
0.95975 0.559091 2
0.988424 1 1
0.932307 0.247459 3
0.972898 1 1
0.987894 1 1
0.968586 1 1
0.923434 0.232637 3
0.969851 1 1
0.975037 1 1
0.942195 0.505713 2
0.914773 0.107279 4
0.897077 0.0439498 5
0.958627 0.554478 2
0.903075 0.0463546 5
0.92201 0.230651 3
0.978726 1 1
0.953893 0.537145 2
0.939853 0.145244 4
0.974957 0.647801 2
0.987782 1 1
0.961888 0.568471 2
0.924618 0.0606153 5
0.963198 0.574638 2
0.973164 0.634201 2
0.943368 0.154433 4
0.921743 0.0297932 6
0.904257 0.00254075 9
0.962135 0.56961 2
0.910205 0.0119812 7
0.926129 0.0621472 5
0.984146 0.736251 2
0.960617 0.349557 3
0.928808 0.241055 3
0.961739 0.567794 2
0.976429 1 1
0.962672 0.572122 2
0.933278 0.249386 3
0.976751 1 1
0.96399 0.578527 2
0.93122 0.245382 3
0.908887 0.0491661 5
0.893001 0.00424344 8
0.965936 0.588637 2
0.902685 0.0219203 6
0.912118 0.0509912 5
0.980932 1 1
0.946253 0.515099 2
0.976925 0.663963 2
0.929912 0.06645 5
0.931072 0.12751 4
0.903302 0.00511205 8
0.925242 0.0612362 5
0.911104 0.0121939 7
0.919975 0.0287705 6
0.909136 0.0117387 7
0.949969 0.296914 3
0.947998 0.289499 3
0.95265 0.308022 3
0.968947 0.605973 2
0.915866 0.026679 6
0.949701 0.295867 3
0.952471 0.307242 3
0.917588 0.0546261 5
0.885538 0.000799822 10
0.892724 0.00422456 8
0.8716 5.59702e-05 13
0.950197 0.525678 2
0.893245 0.0042602 8
0.879676 0.000326104 11
0.860142 7.14314e-07 18
0.893441 0.00427383 8
0.898867 0.00988032 7
0.937213 0.257957 3
0.933951 0.250763 3
0.861137 1.67205e-06 17
0.917931 0.0548808 5
0.898589 0.00983959 7
0.912518 0.0252252 6
0.892693 0.00197575 9
0.902187 0.0104007 7
0.884305 0.000359117 11
0.973662 0.63788 2
0.909745 0.0241631 6
0.888827 0.000854273 10
0.865085 8.28171e-07 18
0.88671 0.000818422 10
0.887497 0.000831392 10
0.949277 0.294243 3
0.919465 0.0560621 5
0.861009 1.41978e-07 20
0.927724 0.122268 4
0.900098 0.00480214 8
0.96764 0.400068 3
0.961738 0.356628 3
0.963714 0.369946 3
0.934682 0.0730129 5
0.925204 0.0320477 6
0.937579 0.0777542 5
0.952176 0.184893 4
0.93614 0.0753198 5
0.945103 0.159522 4
0.930279 0.0360859 6
0.964432 0.375083 3
0.937455 0.0775388 5
0.93279 0.0702403 5
0.976973 0.664372 2
0.975382 0.651178 2
0.991788 1 1
0.931875 0.246623 3
0.927965 0.122623 4
0.899821 0.0100233 7
0.902586 0.0104677 7
0.899891 0.0100339 7
0.92016 0.112664 4
0.918803 0.0555434 5
0.974587 1 1
0.96881 0.605135 2
0.933658 0.25016 3
0.966921 0.594074 2
0.933368 0.249568 3
0.938217 0.260358 3
0.960611 0.562773 2
0.963151 0.574412 2
0.904837 0.00257756 9
0.901091 0.00235639 9
0.87371 1.10182e-06 18
0.888801 8.70653e-05 13
0.875496 2.58224e-06 17
0.893405 0.000445943 11
0.894279 0.000456314 11
0.961937 0.357914 3
0.981354 0.705643 2
0.9129 0.012645 7
0.979112 0.683568 2
0.913556 0.0128187 7
0.913122 0.0127032 7
0.933096 0.0706727 5
0.960624 0.562829 2
0.97648 0.660191 2
0.967881 0.599583 2
0.940667 0.147249 4
0.90298 0.00507896 8
0.930625 0.0673447 5
0.963755 0.577361 2
0.959312 0.34175 3
0.951191 0.301824 3
0.929593 0.0660595 5
0.942061 0.150852 4
0.924244 0.0602514 5
0.955865 0.323107 3
0.960755 0.5634 2
0.9925 1 1
0.921959 0.0581452 5
0.975675 0.653541 2
0.963993 0.57854 2
0.959312 0.557265 2
0.880805 3.19628e-05 14
0.93127 0.127843 4
0.976871 0.663499 2
0.985309 1 1
0.919126 0.0283072 6
0.895895 0.000999739 10
0.917182 0.027309 6
0.886817 0.000176372 12
0.952365 0.306781 3
0.938688 0.142495 4
0.953066 0.309862 3
0.983005 1 1
0.926519 0.237279 3
0.92133 0.229735 3
0.893646 0.0197544 6
0.893993 0.0198264 6
0.892037 0.0194298 6
0.914598 0.10712 4
0.916653 0.223939 3
0.981336 1 1
0.977798 1 1
0.924567 0.234285 3
0.965506 1 1
0.934843 0.491781 2
0.929741 0.242685 3
0.955852 0.543925 2
0.985978 1 1
0.928873 0.0651969 5
0.927463 0.0635848 5
0.899269 0.00226176 9
0.912934 0.0126539 7
0.903353 0.00511733 8
0.917909 0.0276723 6
0.911903 0.0123901 7
0.961825 0.568186 2
0.960559 0.562545 2
0.941557 0.149525 4
0.973724 0.638343 2
0.922975 0.0590572 5
0.94217 0.270782 3
0.955163 0.319637 3
0.939058 0.0804329 5
0.958004 0.334351 3
0.970376 0.614985 2
0.949765 0.175317 4
0.941312 0.148888 4
0.964807 0.377827 3
0.956164 0.324619 3
0.926982 0.0333536 6
0.916677 0.013721 7
0.902668 0.0011903 10
0.978726 0.679975 2
0.915017 0.00671011 8
0.912817 0.00633947 8
0.992585 1 1
0.951157 0.180716 4
0.936875 0.25717 3
0.970282 1 1
0.95548 0.542599 2
0.939872 0.264526 3
0.878354 0.000701956 10
0.917793 0.110172 4
0.96232 0.570469 2
0.985799 1 1
0.939308 0.263076 3
0.915056 0.107537 4
0.916305 0.108709 4
0.90109 0.0214888 6
0.97423 1 1
0.936666 0.256688 3
0.966426 0.591314 2
0.926646 0.237481 3
0.968953 1 1
0.983853 1 1
0.972304 1 1
0.923305 0.232453 3
0.975303 1 1
0.97352 1 1
0.939445 0.500085 2
0.909169 0.102624 4
0.891567 0.0193379 6
0.956337 0.545688 2
0.898023 0.0443009 5
0.917642 0.225096 3
0.974511 1 1
0.948174 0.520057 2
0.959895 0.559701 2
0.97193 1 1
0.961005 0.564499 2
0.935655 0.254409 3
0.895435 0.00940559 7
0.923186 0.116179 4
0.959347 0.557412 2
0.962708 0.572295 2
0.95574 0.543526 2
0.932617 0.248066 3
0.934099 0.25107 3
0.923091 0.116064 4
0.964103 0.579093 2
0.952297 0.531991 2
0.99072 1 1
0.912137 0.104983 4
0.960847 0.563804 2
0.973032 1 1
0.984116 1 1
0.914633 0.107151 4
0.979747 1 1
0.970429 1 1
0.93645 0.494537 2
0.896351 0.020337 6
0.878043 0.00154773 9
0.943043 0.507561 2
0.883413 0.0036853 8
0.910282 0.103483 4
0.958915 0.555639 2
0.935444 0.253944 3
0.912408 0.0125178 7
0.924245 0.0602523 5
0.937742 0.140362 4
0.928424 0.0646725 5
0.968581 0.603747 2
0.959512 0.342918 3
0.925347 0.0613426 5
0.894405 0.000457835 11
0.887786 8.44795e-05 13
0.878317 6.21954e-06 16
0.970518 0.615912 2
0.898934 0.00107774 10
0.879501 1.41042e-05 15
0.9573 0.330534 3
0.917319 0.0273764 6
0.9586 0.554371 2
0.960864 0.563878 2
0.966792 0.593346 2
0.939094 0.262533 3
0.933065 0.248958 3
0.94604 0.51457 2
0.953514 0.535891 2
0.932339 0.247521 3
0.935372 0.253787 3
0.921453 0.114118 4
0.973332 1 1
0.931782 0.246445 3
0.925215 0.118771 4
0.986584 1 1
0.966928 0.594113 2
0.895177 0.00207466 9
0.947376 0.287285 3
0.956437 0.546054 2
0.983306 1 1
0.901246 0.0102464 7
0.969641 0.610279 2
0.959176 0.556705 2
0.929784 0.125411 4
0.881236 0.000153841 12
0.862301 3.35829e-07 19
0.925659 0.119366 4
0.866304 1.9343e-06 17
0.900367 0.00482657 8
0.940234 0.265474 3
0.919804 0.0563331 5
0.940369 0.082968 5
0.940449 0.0831276 5
0.951051 0.180293 4
0.930529 0.0363107 6
0.957791 0.333184 3
0.950881 0.179619 4
0.936972 0.0767077 5
0.910571 0.00300274 9
0.914648 0.00664523 8
0.905242 0.00128081 10
0.999279 1 1
0.924595 0.0316245 6
0.901169 0.000555458 11
0.977791 0.671513 2
0.941794 0.150145 4
0.948041 0.289655 3
0.911812 0.0249434 6
0.917115 0.0542809 5
0.892517 0.00196914 9
0.945379 0.28054 3
0.908846 0.0238431 6
0.904295 0.0107674 7
0.887311 0.000828286 10
0.922304 0.0584508 5
0.924586 0.117946 4
0.956091 0.54479 2
0.956881 0.547702 2
0.889892 0.000873496 10
0.941458 0.268782 3
0.928051 0.12275 4
0.890785 4.37353e-05 14
0.940661 0.147233 4
0.950829 0.179413 4
0.97529 0.650447 2
0.903701 0.00122523 10
0.971917 0.625329 2
0.951957 0.305032 3
0.921977 0.0155897 7
0.875774 2.47004e-07 20
0.857545 1.47868e-11 0
0.925154 0.0320125 6
0.863167 5.19283e-10 27
0.893151 9.9782e-05 13
0.937679 0.0779293 5
0.914089 0.00654899 8
0.902588 0.00503928 8
0.917839 0.0276371 6
0.93171 0.128591 4
0.92636 0.0623907 5
0.964965 0.583491 2
0.959321 0.557305 2
0.920272 0.0567135 5
0.888559 0.000395443 11
0.878446 2.99214e-05 14
0.86874 2.07981e-06 17
0.959949 0.559929 2
0.889211 0.000401615 11
0.872029 5.11613e-06 16
0.948546 0.291503 3
0.908681 0.0116388 7
0.985112 1 1
0.931824 0.246526 3
0.931207 0.245358 3
0.90299 0.0463174 5
0.917451 0.109829 4
0.907966 0.0486826 5
0.921132 0.229472 3
0.913331 0.105999 4
0.958489 0.553925 2
0.955494 0.542647 2
0.946692 0.516201 2
0.970305 1 1
0.92246 0.231269 3
0.946941 0.516834 2
0.956954 0.547976 2
0.946348 0.515335 2
0.929041 0.241456 3
0.917099 0.224457 3
0.895209 0.0200851 6
0.86168 0.000104212 12
0.880794 0.00356064 8
0.91798 0.225499 3
0.938384 0.498053 2
0.970216 1 1
0.94946 0.523581 2
0.89698 0.043914 5
0.919853 0.227812 3
0.970436 1 1
0.910885 0.103962 4
0.950683 0.527094 2
0.953622 0.536248 2
0.932752 0.248333 3
0.921423 0.114084 4
0.898308 0.00979896 7
0.868013 2.30204e-05 14
0.885381 0.00173456 9
0.921254 0.11389 4
0.938882 0.261999 3
0.976978 1 1
0.954465 0.539073 2
0.903297 0.0220923 6
0.9263 0.120242 4
0.968618 0.603971 2
0.916689 0.109078 4
0.956373 0.54582 2
0.976272 1 1
0.953004 0.534235 2
0.94476 0.511483 2
0.917812 0.110191 4
0.894684 0.00930921 7
0.91004 0.0497935 5
0.940534 0.26627 3
0.944892 0.511795 2
0.974858 1 1
0.952171 0.5316 2
0.931414 0.245746 3
0.939868 0.264515 3
0.95849 0.553929 2
0.944594 0.511093 2
0.98276 1 1
0.921622 0.0297205 6
0.925347 0.0613426 5
0.937736 0.140349 4
0.923619 0.0309707 6
0.974116 0.641294 2
0.951512 0.303153 3
0.924396 0.0314889 6
0.895388 0.000470097 11
0.896038 0.000478517 11
0.888002 8.50188e-05 13
0.979921 0.691297 2
0.910293 0.00595967 8
0.883535 3.46247e-05 14
0.961228 0.353369 3
0.922873 0.0304902 6
0.931697 0.068744 5
0.973509 0.636744 2
0.958889 0.339314 3
0.946287 0.163225 4
0.878886 2.90602e-06 17
0.922179 0.0300577 6
0.967776 0.598974 2
0.991747 1 1
0.932273 0.0695232 5
0.908326 0.00282188 9
0.916515 0.0136707 7
0.895981 0.000477777 11
0.967252 0.595948 2
0.9375 0.139831 4
0.962287 0.360216 3
0.90801 0.0114951 7
0.894232 0.00203585 9
0.904757 0.0108521 7
0.888956 0.000399182 11
0.984082 1 1
0.916257 0.0268624 6
0.891473 0.000903649 10
0.865912 8.4978e-07 18
0.882006 0.000156638 12
0.88097 6.99967e-05 13
0.951542 0.303278 3
0.911373 0.0247721 6
0.859482 2.60723e-08 22
0.929769 0.125386 4
0.898735 0.00468236 8
0.906678 0.0231152 6
0.956725 0.547119 2
0.967854 0.599427 2
0.986211 1 1
0.910847 0.050248 5
0.978218 1 1
0.967308 0.596267 2
0.934465 0.251838 3
0.891449 0.00414008 8
0.872947 0.000128584 12
0.937742 0.259211 3
0.877951 0.000315217 11
0.907086 0.0232476 6
0.953019 0.534284 2
0.930421 0.243907 3
0.933691 0.132136 4
0.912708 0.0125949 7
0.921272 0.0295126 6
0.900324 0.00231564 9
0.967748 0.598808 2
0.922252 0.0301026 6
0.907671 0.00561008 8
0.885139 7.8302e-05 13
0.906997 0.00552671 8
0.905516 0.00535237 8
0.968119 0.600988 2
0.935003 0.134649 4
0.881828 3.29199e-05 14
0.947495 0.287704 3
0.921812 0.0298345 6
0.96846 1 1
0.968623 1 1
0.965938 0.588649 2
0.936666 0.256688 3
0.91426 0.106816 4
0.933498 0.249832 3
0.957205 0.548925 2
0.946291 0.515195 2
0.951264 0.528822 2
0.933018 0.248863 3
0.953425 0.535601 2
0.933733 0.250313 3
0.944148 0.510058 2
0.9694 1 1
0.987151 1 1
0.956917 0.547839 2
0.981303 1 1
0.974917 1 1
0.946664 0.516131 2
0.907839 0.0486175 5
0.937759 0.259251 3
0.969031 0.606487 2
0.958043 0.552161 2
0.944718 0.511384 2
0.924082 0.1173 4
0.947184 0.517457 2
0.921594 0.114281 4
0.949869 0.524736 2
0.967094 0.595051 2
0.986051 1 1
0.957372 0.549561 2
0.927787 0.122361 4
0.91746 0.0545321 5
0.893224 0.00425877 8
0.869478 2.38225e-05 14
0.882418 0.000754177 10
0.916011 0.0534993 5
0.93116 0.127658 4
0.984043 1 1
0.963272 0.574996 2
0.903684 0.0222032 6
0.933249 0.249328 3
0.959661 0.558718 2
0.915389 0.0530737 5
0.953644 0.536319 2
0.929377 0.124769 4
0.917431 0.0545109 5
0.927504 0.121949 4
0.908674 0.0237828 6
0.976051 1 1
0.932853 0.130601 4
0.913776 0.0520147 5
0.888656 0.00183446 9
0.902693 0.0104859 7
0.898609 0.00984248 7
0.975926 0.655596 2
0.925458 0.119096 4
0.882137 0.00034291 11
0.953669 0.536404 2
0.922431 0.115265 4
0.9524 0.532314 2
0.96452 1 1
0.951389 0.529199 2
0.929517 0.242287 3
0.883301 0.00367972 8
0.913199 0.105884 4
0.953183 0.534814 2
0.968097 1 1
0.956397 0.545908 2
0.931767 0.246417 3
0.921438 0.229879 3
0.916486 0.108883 4
0.977351 1 1
0.939676 0.500536 2
0.978151 1 1
39 2 4 5 6 7 8 9 10 12 13 15 16 17 19 21 22 23 24 25 26 27 29 33 34 36 38 39 40 41 42 43 44 45 46 50 52 53 54 58 
47 1 2 4 5 6 7 8 9 10 12 13 15 16 17 18 19 20 21 22 23 24 25 26 27 28 29 30 32 33 34 36 38 39 40 41 42 43 44 45 46 50 52 53 54 55 56 58 
49 0 4 5 6 7 8 9 10 11 12 13 14 15 16 17 18 19 20 21 22 23 24 25 26 27 28 29 30 32 33 34 36 37 39 40 42 43 45 46 47 48 49 50 52 54 55 56 57 58 
39 2 4 5 6 7 8 9 10 12 13 15 16 17 19 21 22 23 24 25 26 27 29 33 34 36 38 39 40 41 42 43 44 45 46 50 52 53 54 58 
8 4 7 13 15 25 26 43 52 
21 4 5 7 8 9 10 12 13 19 24 25 26 34 39 42 43 45 50 52 54 58 
51 1 4 5 6 7 8 9 10 11 12 13 14 15 16 17 18 19 20 21 22 23 24 25 26 27 28 29 30 32 33 34 36 37 38 39 40 41 42 43 44 45 46 49 50 52 53 54 55 56 57 58 
60 0 1 2 3 4 5 6 7 8 9 10 11 12 13 14 15 16 17 18 19 20 21 22 23 24 25 26 27 28 29 30 31 32 33 34 35 36 37 38 39 40 41 42 43 44 45 46 47 48 49 50 51 52 53 54 55 56 57 58 59 
48 1 2 4 5 6 7 8 9 10 12 13 15 16 17 18 19 20 21 22 23 24 25 26 27 28 29 30 32 33 34 36 38 39 40 41 42 43 44 45 46 49 50 52 53 54 55 56 58 
46 1 2 4 5 6 7 8 9 10 12 13 15 16 17 18 19 20 21 22 23 24 25 26 27 28 29 30 32 33 34 36 38 39 40 41 42 43 45 46 50 52 53 54 55 56 58 
16 4 5 6 7 10 13 15 25 26 39 43 45 50 52 54 58 
6 4 13 15 25 26 52 
59 0 1 2 4 5 6 7 8 9 10 11 12 13 14 15 16 17 18 19 20 21 22 23 24 25 26 27 28 29 30 31 32 33 34 35 36 37 38 39 40 41 42 43 44 45 46 47 48 49 50 51 52 53 54 55 56 57 58 59 
28 4 5 6 7 10 12 13 15 17 20 24 25 26 27 28 29 32 33 39 40 42 43 45 46 50 52 54 58 
35 4 5 6 7 8 10 12 13 14 15 17 20 24 25 26 27 28 29 32 33 34 39 40 42 43 45 46 48 49 50 52 54 55 57 58 
