30 15 6e+06
2.59319 182999
3.48389 167326
2.41289 123749
1.34491 132777
3.70684 141563
3.22394 138295
2.35523 184325
3.3295 186736
2.00535 165024
4.32965 145496
3.33734 125305
2.21613 112166
2.10143 166552
2.72396 143964
1.55128 102271
3.01825 135928
1.23061 163838
2.24541 129415
1.69073 171762
1.91372 123977
5.48935 177468
1.67909 193150
3.20016 100369
5.84653 126149
1.09469 189458
1.16427 154799
2.34204 197961
2.40582 186138
2.48766 187305
2.31866 182672
0.928061 0.239788 3
0.92631 0.120255 4
0.918118 0.110502 4
0.940672 0.266639 3
0.945549 0.51337 2
0.931464 0.24584 3
0.929942 0.243042 3
0.977249 1 1
0.959681 0.558804 2
0.961894 0.568499 2
0.96882 0.605195 2
0.928994 0.241375 3
0.943268 0.273981 3
0.934995 0.252968 3
0.941 0.267526 3
0.933316 0.131442 4
0.967212 0.595719 2
0.878717 1.37712e-05 15
0.946323 0.283659 3
0.978717 0.679891 2
0.909313 0.0117781 7
0.889941 0.000408743 11
0.94096 0.147989 4
0.929576 0.0660394 5
0.928607 0.0648859 5
0.983283 0.726402 2
0.968774 0.604916 2
0.911533 0.0122983 7
0.950294 0.298192 3
0.900571 0.00232858 9
0.930431 0.0670992 5
0.995009 1 1
0.848832 9.34486e-12 0
0.938941 0.143081 4
0.973089 0.633654 2
0.877783 6.11234e-06 16
0.859335 2.21172e-09 25
0.90637 0.00545151 8
0.904112 0.00253169 9
0.89446 0.000458505 11
0.952243 0.306254 3
0.993197 1 1
0.887034 8.26425e-05 13
0.950087 0.297376 3
0.868613 1.85881e-07 20
0.917368 0.027401 6
0.986975 1 1
0.845726 8.0214e-12 0
0.926854 0.0629183 5
0.963794 0.57755 2
0.883189 3.42675e-05 14
0.856518 3.76487e-10 27
0.906916 0.00551687 8
0.897206 0.00103204 10
0.896313 0.00100982 10
0.948085 0.289814 3
0.980957 0.701578 2
0.879895 1.42761e-05 15
0.93684 0.138407 4
0.866877 7.78771e-08 21
0.909734 0.00293289 9
0.900005 0.000536223 11
0.943058 0.153565 4
0.920415 0.0149889 7
0.918881 0.0144412 7
0.940328 0.146407 4
0.955482 0.321203 3
0.98117 0.703755 2
0.957886 0.333703 3
0.974316 0.642826 2
0.941341 0.148964 4
0.902565 0.00118689 10
0.949451 0.174144 4
0.912362 0.00626752 8
0.968298 0.602052 2
0.902668 0.0011903 10
0.87332 2.23242e-07 20
0.972717 0.630968 2
0.90916 0.00580344 8
0.894472 0.000218344 12
0.910411 0.00597652 8
0.980751 0.699496 2
0.942704 0.152588 4
0.957708 0.332735 3
0.939513 0.144428 4
0.914001 0.0129399 7
0.876829 1.23418e-06 18
0.966364 0.590972 2
0.897976 0.00050529 11
0.974452 0.643865 2
0.904008 0.00123594 10
0.890714 9.23109e-05 13
0.952971 0.309439 3
0.913868 0.00651163 8
0.909819 0.00589334 8
0.937816 0.0781721 5
0.965546 0.383364 3
0.972078 0.626447 2
0.955474 0.32116 3
0.969661 0.61041 2
0.931872 0.0689786 5
0.893365 0.000211263 12
0.950963 0.300887 3
0.905082 0.00259342 9
0.978584 0.678664 2
0.88541 1.70782e-05 15
0.898463 0.000512424 11
0.916839 0.0137715 7
0.897648 0.000241007 12
0.910239 0.00297469 9
0.97636 0.659183 2
0.928066 0.0342047 6
0.974374 0.643269 2
0.922666 0.0303595 6
0.985685 0.754753 2
0.931249 0.0681513 5
0.898999 0.000520482 11
0.91231 0.00625945 8
0.893465 0.000100816 13
0.943634 0.155189 4
0.915886 0.0534126 5
0.919622 0.0561873 5
0.920449 0.0568588 5
0.928403 0.123276 4
0.936445 0.256181 3
0.943843 0.27571 3
0.932579 0.130111 4
0.989178 1 1
0.950563 0.299268 3
0.974066 0.640916 2
0.959481 0.557967 2
0.921577 0.0578124 5
0.936239 0.255714 3
0.923262 0.0593214 5
0.945619 0.28132 3
0.875749 0.00013624 12
0.907715 0.0234557 6
0.885212 0.0017297 9
0.888551 0.00183107 9
0.911779 0.0507897 5
0.964444 0.580812 2
0.89619 0.00950504 7
0.948781 0.521698 2
0.900408 0.0101137 7
0.952895 0.533887 2
0.927535 0.121993 4
0.906401 0.0230266 6
0.887207 0.00178878 9
0.888078 0.00181594 9
0.91117 0.0504335 5
0.903337 0.0221038 6
0.927691 0.122221 4
0.898345 0.0098043 7
0.916509 0.0538477 5
0.937171 0.257859 3
0.95044 0.526383 2
0.910149 0.0498538 5
0.969329 0.608328 2
0.926593 0.12065 4
0.963749 0.57733 2
0.955967 0.544342 2
0.927783 0.122355 4
0.911441 0.0505911 5
0.915244 0.0529758 5
0.924251 0.117515 4
0.979703 1 1
0.924364 0.233985 3
0.896319 0.0203298 6
0.983144 1 1
0.947263 0.51766 2
0.878147 0.00155009 9
0.904434 0.0469644 5
0.922513 0.231342 3
0.961725 0.567729 2
0.908433 0.102072 4
0.95047 0.52647 2
0.92986 0.242896 3
0.949747 0.524389 2
0.969438 1 1
0.906992 0.101026 4
0.91955 0.112001 4
0.926292 0.120231 4
0.91444 0.0524425 5
0.932446 0.24773 3
0.942875 0.272819 3
0.940155 0.265266 3
0.926457 0.12046 4
0.982357 1 1
0.949444 0.523535 2
0.968044 0.600544 2
0.965911 0.588504 2
0.928206 0.122981 4
0.933856 0.250567 3
0.928162 0.122916 4
0.939067 0.262465 3
0.947052 0.286152 3
0.901035 0.00235337 9
0.926504 0.0625427 5
0.951012 0.301087 3
0.924428 0.0604294 5
0.889461 0.00018917 12
0.933647 0.132054 4
0.933709 0.132169 4
0.986369 1 1
0.921895 0.0298849 6
0.937438 0.139695 4
0.905819 0.00538707 8
0.983056 0.723869 2
0.938009 0.140957 4
0.933184 0.0707981 5
0.98059 1 1
0.94767 0.518721 2
0.872382 0.000284303 11
0.98561 1 1
0.966184 0.589987 2
0.87098 0.000123651 12
0.881386 0.00162729 9
0.91174 0.0507664 5
0.936191 0.255606 3
0.897437 0.0205854 6
0.955062 0.541129 2
0.953524 0.535927 2
0.921771 0.114487 4
0.997586 1 1
0.886386 0.00383959 8
0.86665 4.39482e-06 16
0.857876 2.92746e-07 19
0.95765 0.55063 2
0.875932 0.000136769 12
0.874333 5.95283e-05 13
0.941862 0.26991 3
0.963522 0.576212 2
0.942515 0.271773 3
0.917736 0.0547355 5
0.952608 0.532971 2
0.895927 0.00445521 8
0.859741 3.09884e-07 19
0.918782 0.0555268 5
0.867623 1.01405e-05 15
0.972528 0.629617 2
0.962076 0.569336 2
0.920215 0.0566664 5
0.911955 0.0249997 6
0.969629 0.610208 2
0.944094 0.27648 3
0.89221 0.00195767 9
0.920718 0.0570826 5
0.937631 0.258945 3
0.978931 1 1
0.923768 0.116903 4
0.955135 0.541384 2
0.925189 0.118737 4
0.963631 0.576747 2
0.957051 0.548342 2
0.92386 0.117018 4
0.900974 0.00488282 8
0.925021 0.0610146 5
0.899075 0.00225211 9
0.914092 0.0258836 6
0.934368 0.133415 4
0.95327 0.310773 3
0.910851 0.0121331 7
0.969828 0.611465 2
0.925383 0.0613787 5
0.965443 0.585999 2
0.953237 0.310625 3
0.925059 0.0610528 5
0.910576 0.0120679 7
0.912657 0.0252819 6
0.925154 0.0611481 5
0.991597 1 1
0.921907 0.114646 4
0.881609 0.00163291 9
0.980174 1 1
0.942025 0.270371 3
0.862887 9.03349e-06 15
0.88902 0.00398935 8
0.906176 0.0477862 5
0.944971 0.511981 2
0.892209 0.00900841 7
0.938741 0.261649 3
0.927601 0.239026 3
0.935537 0.254149 3
0.971315 1 1
0.890805 0.00409883 8
0.913344 0.10601 4
0.879999 0.00352463 8
0.961433 0.566406 2
0.919295 0.227109 3
0.901908 0.0458517 5
0.905315 0.047374 5
0.968627 1 1
0.942293 0.505923 2
0.968351 1 1
0.936287 0.494249 2
0.920429 0.228552 3
0.883834 0.00814951 7
0.978436 1 1
0.907627 0.101482 4
0.964459 1 1
0.87677 6.30411e-05 13
0.870849 1.10226e-05 15
0.952321 0.532068 2
0.886768 0.000819359 10
0.887121 0.000825151 10
0.951652 0.529999 2
0.961667 0.567467 2
0.956851 0.547592 2
0.926609 0.120673 4
0.967187 0.595577 2
0.909052 0.0239152 6
0.872632 2.5714e-05 14
0.92477 0.118186 4
0.878969 0.0001461 12
0.975911 0.655471 2
0.984832 1 1
0.94354 0.274795 3
0.873368 5.32425e-06 16
0.987542 1 1
0.962228 0.570041 2
0.869264 9.4648e-07 18
0.882144 7.21794e-05 13
0.910544 0.0120604 7
0.937446 0.139712 4
0.896234 0.00211991 9
0.952415 0.306997 3
0.949369 0.294592 3
0.923643 0.0596781 5
0.993806 1 1
0.886657 0.000175644 12
0.930963 0.127329 4
0.916967 0.0541745 5
0.928548 0.123494 4
0.942215 0.270911 3
0.938103 0.260081 3
0.924992 0.118476 4
0.940051 0.264994 3
0.97205 0.626256 2
0.972588 0.630045 2
0.95797 0.551874 2
0.959877 0.559628 2
0.920279 0.0567192 5
0.956957 0.547987 2
0.93398 0.132677 4
0.949081 0.293498 3
0.893242 0.000100082 13
0.920562 0.0150437 7
0.894935 0.000221418 12
0.906276 0.00267333 9
0.927912 0.0340811 6
0.957958 0.334096 3
0.906516 0.00269002 9
0.963973 0.37178 3
0.917578 0.0140063 7
0.962924 0.364484 3
0.945565 0.160944 4
0.920086 0.0148682 7
0.903278 0.00121071 10
0.905255 0.00128132 10
0.921172 0.0152745 7
0.974287 1 1
0.906179 0.047788 5
0.88676 0.00386007 8
0.964885 0.583076 2
0.926768 0.237675 3
0.857406 1.51417e-06 17
0.892866 0.00908579 7
0.901041 0.021476 6
0.946253 0.515099 2
0.887747 0.00391532 8
0.926641 0.237471 3
0.911761 0.0507792 5
0.941715 0.269498 3
0.954541 0.539332 2
0.892417 0.00903274 7
0.950843 0.300397 3
0.911313 0.0247489 6
0.923229 0.0592906 5
0.957708 0.550855 2
0.934913 0.134473 4
0.896927 0.0045333 8
0.931878 0.128881 4
0.942329 0.271238 3
0.990933 1 1
0.929383 0.124778 4
0.949095 0.293551 3
0.915981 0.0534783 5
0.974797 0.646544 2
0.945364 0.28049 3
0.934215 0.133124 4
0.90206 0.000570974 11
0.867293 3.19222e-09 25
0.97135 0.621444 2
0.907084 0.00135324 10
0.888903 1.93208e-05 15
0.899261 0.000254038 12
0.97408 0.641023 2
0.931828 0.0689193 5
0.955061 0.319143 3
0.928047 0.0341897 6
0.907188 0.00135754 10
0.871076 1.88334e-08 23
0.968596 0.603835 2
0.895298 0.000107207 13
0.963616 0.369263 3
0.88918 0.00399889 8
0.868699 5.25714e-05 13
0.977602 1 1
0.897116 0.00963082 7
0.888205 0.00394159 8
0.92457 0.117925 4
0.99023 1 1
0.947825 0.519129 2
0.943491 0.274647 3
0.949656 0.524131 2
0.90921 0.0493392 5
0.871559 0.000125067 12
0.947866 0.519237 2
0.8871 0.00387887 8
0.992937 1 1
0.913244 0.0255235 6
0.946433 0.284029 3
0.886062 0.000373337 11
0.926543 0.12058 4
0.953574 0.53609 2
0.93194 0.128989 4
0.897743 0.00459924 8
0.955163 0.54148 2
0.924819 0.118249 4
0.94613 0.283011 3
0.967954 0.600011 2
0.946204 0.283258 3
0.907866 0.0235066 6
0.927819 0.122408 4
0.9106 0.0244781 6
0.982858 1 1
0.918928 0.11134 4
0.89184 0.0193912 6
0.979015 1 1
0.940793 0.502776 2
0.869874 0.000272152 11
0.899249 0.0447709 5
0.91394 0.106531 4
0.955617 0.543085 2
0.900105 0.0451096 5
0.941841 0.504956 2
0.924518 0.234213 3
0.94639 0.515442 2
0.966564 1 1
0.900721 0.0453585 5
27 0 1 2 3 4 5 6 7 8 9 10 11 12 13 14 15 16 17 19 20 21 22 23 25 26 27 28 
21 0 1 3 4 5 6 7 8 9 10 12 15 17 19 20 22 23 25 26 27 28 
27 0 1 4 5 6 7 8 9 10 11 12 13 14 15 16 17 18 19 20 21 22 23 24 25 27 28 29 
25 0 1 2 3 4 5 6 7 8 9 10 11 12 13 15 16 17 19 20 22 23 25 26 27 28 
18 0 1 2 3 4 6 7 8 9 10 12 15 17 20 22 23 27 28 
1 15 
18 0 1 2 3 4 6 7 8 9 10 12 15 17 20 22 23 27 28 
8 7 9 10 15 17 20 23 27 
19 0 1 4 5 6 7 8 9 10 12 15 17 19 20 22 23 26 27 28 
4 7 9 15 20 
19 0 1 4 5 6 7 8 9 10 12 15 17 19 20 22 23 26 27 28 
16 0 1 2 3 4 6 7 8 9 10 12 15 17 20 23 28 
22 0 1 2 3 4 5 6 7 8 9 10 12 15 17 19 20 22 23 25 26 27 28 
23 0 1 2 3 4 5 6 7 8 9 10 12 15 16 17 19 20 22 23 25 26 27 28 
10 7 8 9 10 12 15 17 20 23 28 
