60 15 1e+07
1.79654 174589
1.93847 170271
1.40352 182839
1.11444 139212
1.00233 121144
1.95638 154404
1.17023 189437
1.44631 111899
2.55815 143571
1.01032 121836
1.90257 172507
1.82453 172216
1.17111 144640
1.45265 110245
1.54693 110826
1.73312 128050
2.28263 121189
1.99281 139410
1.4212 135259
2.43252 174679
2.86368 156643
2.86942 165361
1.45316 134379
1.55601 182195
2.99234 148169
2.604 120624
1.44507 108528
2.19986 177409
2.73038 165019
1.46684 123449
1.85171 149007
2.81234 163755
2.70188 104660
2.11298 146699
1.72948 113802
2.94777 134169
2.81492 124589
1.57293 162189
1.79534 114269
1.77061 130283
1.43289 104993
1.26692 159233
1.45686 110085
1.94901 155591
1.10088 127356
1.54533 183233
1.0595 126702
2.41605 115847
1.84148 115200
2.99847 186687
2.86227 150584
1.43362 133650
1.29932 166516
1.14556 114300
1.3618 185909
1.76605 143181
1.06047 169208
2.73712 144083
1.02368 149195
2.18645 184726
0.912881 0.01264 7
0.909019 0.00578458 8
0.936963 0.138671 4
0.947764 0.288662 3
0.898399 0.00106321 10
0.924292 0.0602979 5
0.964638 0.581802 2
0.904548 0.0025591 9
0.924386 0.0603889 5
0.934073 0.132854 4
0.942466 0.151939 4
0.952031 0.305344 3
0.951719 0.304023 3
0.909771 0.00588674 8
0.905699 0.00537329 8
0.922777 0.231709 3
0.898903 0.0209347 6
0.914725 0.107235 4
0.877191 0.000688308 10
0.874989 0.000663844 10
0.954644 0.539682 2
0.913477 0.106125 4
0.885216 0.00377709 8
0.931596 0.246092 3
0.978973 1 1
0.972304 1 1
0.879737 0.00158699 9
0.875542 0.000669827 10
0.967475 1 1
0.947359 0.51791 2
0.938077 0.141109 4
0.935994 0.13664 4
0.964768 0.582472 2
0.948495 0.291313 3
0.923685 0.0597173 5
0.942656 0.27218 3
0.98833 1 1
0.930783 0.127029 4
0.949068 0.293449 3
0.941943 0.270137 3
0.949647 0.295658 3
0.950152 0.297633 3
0.937538 0.139914 4
0.923088 0.0591612 5
0.924394 0.0603965 5
0.981176 0.703818 2
0.955544 0.321509 3
0.947204 0.16623 4
0.8829 1.57048e-05 15
0.92859 0.064866 5
0.965693 0.587331 2
0.920962 0.0293315 6
0.939319 0.143967 4
0.972642 0.63043 2
0.937734 0.140344 4
0.935339 0.0740346 5
0.882354 7.13396e-06 16
0.866338 1.5222e-08 23
0.953118 0.310091 3
0.974301 0.642705 2
0.881011 0.00357058 8
0.863099 4.69116e-05 13
0.885153 0.00377384 8
0.873767 0.000650991 10
0.843945 3.6059e-08 21
0.909319 0.102738 4
0.897826 0.0206763 6
0.852635 3.10539e-06 16
0.891721 0.0193679 6
0.936619 0.25658 3
0.937857 0.497072 2
0.877926 0.00154511 9
0.883607 0.00369493 8
0.915232 0.107699 4
0.897615 0.020627 6
0.862829 2.58514e-09 25
0.867174 3.52518e-08 22
0.89146 0.000199965 12
0.947331 0.166656 4
0.866852 3.47851e-08 22
0.868356 3.70387e-08 22
0.920425 0.0290233 6
0.86874 8.38129e-08 21
0.872438 4.76236e-07 19
0.87692 2.71135e-06 17
0.884755 3.59329e-05 14
0.9518 0.304364 3
0.976576 0.661001 2
0.853839 1.20927e-11 0
0.850974 1.04147e-11 0
0.957839 0.551361 2
0.929715 0.1253 4
0.931521 0.128268 4
0.873391 2.62061e-05 14
0.902903 0.0105218 7
0.974827 0.646783 2
0.913208 0.0255087 6
0.913734 0.0257299 6
0.958703 0.554785 2
0.955954 0.544293 2
0.950115 0.297486 3
0.874009 2.66186e-05 14
0.861966 3.32254e-07 19
0.980646 1 1
0.992999 1 1
0.921211 0.113841 4
0.91579 0.108219 4
0.943867 0.275785 3
0.943806 0.2756 3
0.903315 0.0220975 6
0.933361 0.249553 3
0.969031 0.606487 2
0.910178 0.0498703 5
0.932976 0.248779 3
0.942395 0.271427 3
0.950871 0.52765 2
0.947429 0.518091 2
0.943853 0.275743 3
0.918401 0.110792 4
0.914585 0.0525374 5
0.922748 0.115646 4
0.900626 0.0213678 6
0.918953 0.111366 4
0.885548 0.00173937 9
0.877706 0.00031373 11
0.954003 0.537514 2
0.92091 0.1135 4
0.887689 0.00180371 9
0.932754 0.248337 3
0.98226 1 1
0.978849 1 1
0.888334 0.00182411 9
0.884976 0.00172301 9
0.961115 0.564988 2
0.94308 0.273423 3
0.961241 0.353452 3
0.979182 0.684223 2
0.984703 0.742803 2
0.929514 0.0354131 6
0.968188 0.601396 2
0.93965 0.144756 4
0.958623 0.337801 3
0.977019 0.664768 2
0.962508 0.361681 3
0.920702 0.0150961 7
0.924711 0.0317041 6
0.927372 0.0336549 6
0.906218 0.00266934 9
0.916556 0.0136835 7
0.929499 0.0353999 6
0.964337 0.580272 2
0.936404 0.256089 3
0.942151 0.505619 2
0.884842 0.00375761 8
0.909607 0.0495548 5
0.987898 1 1
0.925221 0.235266 3
0.920603 0.113155 4
0.968545 1 1
0.964948 0.583404 2
0.960441 0.562035 2
0.885568 0.00379564 8
0.873524 0.000290176 11
0.981412 1 1
0.991306 1 1
0.866331 3.04679e-09 25
0.869955 3.96581e-08 22
0.894684 0.000219745 12
0.948471 0.170595 4
0.868771 1.69477e-08 23
0.872539 9.80196e-08 21
0.923924 0.0311717 6
0.871024 4.15525e-08 22
0.876139 5.48988e-07 19
0.881543 3.20406e-06 17
0.889406 4.17286e-05 14
0.953265 0.310754 3
0.978235 0.675486 2
0.858211 3.4812e-11 30
0.855044 1.28967e-11 0
0.87559 0.00067035 10
0.869277 0.000119643 12
0.895973 0.0202526 6
0.91924 0.11167 4
0.858964 8.25253e-06 15
0.892566 0.00905027 7
0.922281 0.115087 4
0.864681 4.84047e-05 13
0.8871 0.0038789 8
0.910768 0.103868 4
0.917778 0.110156 4
0.924551 0.234261 3
0.939636 0.500457 2
0.884618 0.00374608 8
0.875304 0.00066724 10
0.909912 0.0119135 7
0.894241 0.000455849 11
0.918402 0.0279254 6
0.904194 0.00253679 9
0.875681 2.5985e-06 17
0.935562 0.135763 4
0.932192 0.069413 5
0.884351 3.54912e-05 14
0.921686 0.0297589 6
0.960255 0.347349 3
0.965705 0.587393 2
0.90801 0.00565295 8
0.909492 0.00584841 8
0.933057 0.13097 4
0.919683 0.0286094 6
0.973332 0.635432 2
0.978208 0.675245 2
0.990278 1 1
0.923113 0.0306428 6
0.956825 0.328025 3
0.953562 0.312094 3
0.958804 0.338824 3
0.967448 0.59707 2
0.976656 0.66167 2
0.933268 0.0709187 5
0.936666 0.13804 4
0.92186 0.0298636 6
0.902736 0.00244883 9
0.930157 0.0667552 5
0.942983 0.153356 4
0.873387 2.62031e-05 14
0.85633 2.32471e-08 22
0.878863 6.63529e-05 13
0.871469 1.12061e-05 15
0.837956 5.58489e-12 0
0.901035 0.00488848 8
0.893086 0.00199074 9
0.846368 1.03999e-10 28
0.884176 0.000358115 11
0.927974 0.122637 4
0.929652 0.125201 4
0.875818 2.78886e-05 14
0.883149 0.000350301 11
0.906352 0.0111566 7
0.889064 0.000858476 10
0.935722 0.493271 2
0.908607 0.102201 4
0.908885 0.10241 4
0.852962 3.12874e-06 16
0.882539 0.00364257 8
0.952672 0.533174 2
0.891898 0.0194026 6
0.892976 0.0196172 6
0.935464 0.492828 2
0.942726 0.506863 2
0.935188 0.492361 2
0.853808 7.37207e-06 15
0.84319 8.27756e-08 20
0.970446 1 1
0.968918 1 1
0.929071 0.124293 4
0.901777 0.0103328 7
0.906964 0.0232079 6
0.855706 5.21186e-08 21
0.875795 6.15951e-05 13
0.953493 0.535825 2
0.894373 0.00433983 8
0.886355 0.000812703 10
0.931901 0.128921 4
0.952975 0.534143 2
0.94464 0.27818 3
0.857113 1.24995e-07 20
0.848604 1.4278e-09 25
0.977026 1 1
0.963373 0.575484 2
0.918796 0.111202 4
0.913478 0.0518263 5
0.941505 0.268912 3
0.943905 0.5095 2
0.901294 0.0215429 6
0.931176 0.245299 3
0.967141 0.595314 2
0.908033 0.0487173 5
0.930539 0.244122 3
0.940866 0.267163 3
0.949329 0.523213 2
0.947721 0.518854 2
0.945225 0.512588 2
0.916588 0.10898 4
0.912446 0.0511888 5
0.925009 0.234946 3
0.911073 0.104112 4
0.936317 0.494303 2
0.917752 0.225227 3
0.892828 0.0195875 6
0.947349 0.517883 2
0.949785 0.524498 2
0.901518 0.0456875 5
0.937248 0.495959 2
0.965799 1 1
0.97398 1 1
0.921055 0.229371 3
0.9185 0.226128 3
0.938604 0.498468 2
0.929365 0.242021 3
0.935863 0.254872 3
0.920702 0.113266 4
0.945047 0.512162 2
0.917287 0.109665 4
0.90105 0.0214784 6
0.958198 0.552768 2
0.953619 0.536237 2
0.910244 0.0499069 5
0.948202 0.520132 2
0.972887 1 1
0.981639 1 1
0.919967 0.112453 4
0.914277 0.106831 4
0.947131 0.517321 2
0.939633 0.263908 3
0.911961 0.104837 4
0.894764 0.0199893 6
0.917881 0.110261 4
0.899352 0.0210452 6
0.875153 0.000665605 10
0.939139 0.499492 2
0.929198 0.24173 3
0.88415 0.00372221 8
0.923495 0.232725 3
0.965339 1 1
0.969681 1 1
0.902968 0.0463074 5
0.903497 0.0465411 5
0.93856 0.498385 2
0.924078 0.233567 3
0.961832 0.568216 2
0.948697 0.52147 2
0.971944 1 1
0.922574 0.115436 4
0.927372 0.238651 3
0.970468 1 1
0.964679 0.582014 2
0.937324 0.258218 3
0.974479 1 1
0.960752 0.563389 2
0.965816 0.587992 2
0.923445 0.232653 3
0.910242 0.0499056 5
0.948454 0.520809 2
0.952085 0.531331 2
0.930067 0.066643 5
0.914226 0.00657232 8
0.938244 0.0789354 5
0.913294 0.0064165 8
0.894564 0.000218945 12
0.954227 0.315165 3
0.947838 0.168382 4
0.903708 0.00122548 10
0.942216 0.151265 4
0.973486 0.636573 2
0.981801 0.710309 2
0.91627 0.0135959 7
0.912313 0.00625989 8
0.946142 0.162761 4
0.936452 0.075835 5
0.914327 0.106876 4
0.889185 0.00867253 7
0.902382 0.0460536 5
0.862933 2.05517e-05 14
0.864695 4.84184e-05 13
0.945289 0.51274 2
0.899065 0.0209743 6
0.874996 0.00066392 10
0.921575 0.11426 4
0.964357 0.580374 2
0.956919 0.547845 2
0.865388 4.90967e-05 13
0.861304 1.98489e-05 14
0.964356 0.580366 2
0.943194 0.507896 2
0.922812 0.231759 3
0.941523 0.504287 2
0.954037 0.537628 2
0.960517 1 1
0.951011 0.528065 2
0.908154 0.101866 4
0.958994 0.555961 2
0.949916 0.524871 2
0.926697 0.237561 3
0.897115 0.0439636 5
0.903283 0.0464459 5
0.956178 0.545107 2
0.931775 0.246432 3
0.88594 0.00834565 7
0.894909 0.0431787 5
0.889462 0.00870197 7
0.877433 0.0015341 9
0.903138 0.046382 5
0.905924 0.0476643 5
0.862192 4.60898e-05 13
0.912103 0.104955 4
0.923468 0.232685 3
0.869681 0.000271255 11
0.901249 0.0455753 5
0.934968 0.252911 3
0.940793 0.502776 2
0.910603 0.103736 4
0.918613 0.226267 3
0.908403 0.10205 4
0.895882 0.0202324 6
0.902831 0.0219611 6
0.893608 0.00917525 7
0.920534 0.113078 4
0.925054 0.118559 4
0.879769 0.000719306 10
0.921593 0.11428 4
0.943355 0.274238 3
0.88689 0.00177912 9
0.914811 0.0526864 5
0.939654 0.263961 3
0.947234 0.517586 2
0.929613 0.242457 3
0.93475 0.252444 3
0.912842 0.0514302 5
0.903782 0.0222315 6
0.91169 0.0248955 6
0.919289 0.0559228 5
0.943724 0.27535 3
0.982885 1 1
0.918328 0.0551793 5
0.910105 0.0242944 6
0.971762 0.624257 2
0.921041 0.0573537 5
0.920338 0.0567672 5
0.909436 0.0240516 6
0.917209 0.0543492 5
0.984713 1 1
0.965324 0.585367 2
0.890619 0.00190041 9
0.893052 0.00198945 9
0.959324 0.557315 2
0.931227 0.12777 4
0.932075 0.129223 4
0.873233 5.30272e-06 16
0.904386 0.00522681 8
0.974015 0.640529 2
0.912982 0.0254148 6
0.915201 0.0263741 6
0.959464 0.557896 2
0.953863 0.313473 3
0.948254 0.290431 3
0.873751 5.38623e-06 16
0.861363 2.79839e-08 22
0.978045 0.673772 2
0.993491 1 1
0.955629 0.543128 2
0.966568 0.592099 2
0.989287 1 1
0.93999 0.501158 2
0.956772 0.547295 2
0.941184 0.50358 2
0.971944 1 1
0.964133 0.579242 2
0.960877 0.563938 2
0.926306 0.236942 3
0.93143 0.245777 3
0.938398 0.2608 3
0.917887 0.110267 4
0.917961 0.110342 4
0.927975 0.239646 3
0.914979 0.107466 4
0.895905 0.043527 5
0.917485 0.224911 3
0.893562 0.019737 6
0.875024 0.00148257 9
0.943911 0.509513 2
0.925546 0.235762 3
0.884408 0.00820178 7
0.926083 0.236592 3
0.971691 1 1
0.974004 1 1
0.896906 0.043887 5
0.896155 0.0436162 5
0.946011 0.5145 2
0.930133 0.243385 3
0.930402 0.0670617 5
0.939295 0.143911 4
0.963693 0.577055 2
0.9666 0.592276 2
0.936467 0.13762 4
0.924643 0.0606401 5
0.985313 1 1
0.940337 0.146427 4
0.938227 0.141445 4
0.918696 0.028079 6
0.925774 0.0617781 5
0.965678 0.587251 2
0.944769 0.278586 3
0.903277 0.00510941 8
0.908485 0.0115963 7
0.894054 0.000102801 13
0.897644 0.000240975 12
0.92343 0.0161914 7
0.969466 0.60918 2
0.894713 0.0001051 13
0.898692 0.000249317 12
0.953629 0.312401 3
0.897899 0.000242962 12
0.903964 0.00123441 10
0.90467 0.00125968 10
0.912802 0.00320397 9
0.975127 0.649149 2
0.983236 0.72588 2
0.882296 3.2967e-06 17
0.880861 1.44245e-06 18
0.885599 0.00379731 8
0.88777 0.00391662 8
0.913756 0.106369 4
0.959144 0.556577 2
0.884151 0.00169996 9
0.892461 0.00903784 7
0.943807 0.509276 2
0.887505 0.00390161 8
0.895841 0.00945873 7
0.90097 0.0214573 6
0.90905 0.0492533 5
0.964742 0.582339 2
0.982212 1 1
0.877526 0.000692183 10
0.874573 0.000295765 11
0.902257 0.00117687 10
0.913833 0.00650567 8
0.934766 0.0731419 5
0.995605 1 1
0.91801 0.0141477 7
0.897233 0.000494721 11
0.958294 0.335956 3
0.91855 0.0143284 7
0.909589 0.00586163 8
0.894789 0.000220443 12
0.90232 0.00117893 10
0.990425 1 1
0.965396 0.585752 2
0.877256 1.25408e-06 18
0.88105 3.14547e-06 17
0.961197 0.56535 2
0.982406 1 1
0.980666 1 1
0.92651 0.237264 3
0.972208 1 1
0.937603 0.258878 3
0.954351 0.538684 2
0.98145 1 1
0.961012 0.564531 2
0.91773 0.110108 4
0.921454 0.11412 4
0.924175 0.233707 3
0.902773 0.0462224 5
0.914736 0.107244 4
0.928485 0.240503 3
0.976985 1 1
0.94827 0.290488 3
0.94891 0.522051 2
0.887135 0.000825368 10
0.920927 0.113519 4
0.981163 1 1
0.927003 0.121228 4
0.932006 0.129103 4
0.976993 1 1
0.953156 0.534725 2
0.950288 0.525941 2
0.887246 0.00178999 9
0.873074 5.78425e-05 13
0.967524 0.597509 2
0.987024 1 1
0.904527 0.0470071 5
0.888424 0.00395434 8
0.912245 0.105074 4
0.899159 0.0209976 6
0.869797 0.000120843 12
0.93087 0.244731 3
0.926042 0.236528 3
0.878453 0.00155705 9
0.916127 0.108538 4
0.956614 0.54671 2
0.961115 0.564988 2
0.903095 0.046363 5
0.9057 0.047557 5
0.930166 0.243444 3
0.915744 0.108176 4
0.946294 0.163248 4
0.918949 0.0144648 7
0.918411 0.0142812 7
0.860659 4.58386e-10 27
0.8926 0.000206598 12
0.960827 0.350855 3
0.8999 0.00110494 10
0.903145 0.00120619 10
0.945463 0.160627 4
0.946025 0.162388 4
0.939226 0.143747 4
0.861283 4.72642e-10 27
0.84964 9.73205e-12 0
0.973672 0.637951 2
0.978944 0.681995 2
0.960268 0.561291 2
0.935473 0.254008 3
0.948502 0.291338 3
0.896391 0.00449105 8
0.909993 0.0242531 6
0.992746 1 1
0.937129 0.25776 3
0.920804 0.0571543 5
0.969592 0.609971 2
0.977789 1 1
0.975455 0.651764 2
0.897585 0.00458629 8
0.886797 0.00081983 10
0.976651 0.661635 2
0.974874 0.647149 2
0.960459 0.562115 2
0.984832 1 1
0.976375 1 1
0.923477 0.11654 4
0.976239 1 1
0.935158 0.253321 3
0.950065 0.525297 2
0.985963 1 1
0.958908 0.555611 2
0.914507 0.0524867 5
0.917975 0.110356 4
0.920959 0.113554 4
0.899337 0.0210415 6
0.912574 0.0512663 5
0.927046 0.238121 3
0.929617 0.0660893 5
0.939547 0.14451 4
0.963055 0.573949 2
0.96743 0.596969 2
0.937807 0.140507 4
0.922932 0.0590172 5
0.982773 1 1
0.941276 0.148797 4
0.937084 0.138928 4
0.916486 0.0269715 6
0.923488 0.0595323 5
0.966086 0.589449 2
0.944419 0.277487 3
0.901443 0.00237561 9
0.907022 0.00552977 8
0.909179 0.0028882 9
0.923049 0.0306024 6
0.941909 0.150448 4
0.983536 0.72925 2
0.928921 0.0349081 6
0.901016 0.00113798 10
0.960789 0.35062 3
0.928912 0.0349001 6
0.915529 0.013374 7
0.895668 0.000226441 12
0.902831 0.00119569 10
0.978692 0.679664 2
0.953747 0.312942 3
0.880095 3.0363e-06 17
0.885627 1.72054e-05 15
0.918331 0.11072 4
0.91738 0.109758 4
0.945361 0.512914 2
0.957144 0.548693 2
0.908425 0.102066 4
0.925559 0.235781 3
0.975192 1 1
0.914089 0.106663 4
0.929277 0.241867 3
0.930931 0.244843 3
0.939232 0.49967 2
0.960788 0.563543 2
0.954892 0.540539 2
0.908649 0.102232 4
0.907116 0.101115 4
0.951485 0.529492 2
0.930019 0.125785 4
0.948109 0.289902 3
0.903344 0.0105981 7
0.906312 0.0229982 6
0.980151 1 1
0.943432 0.274471 3
0.916686 0.0539734 5
0.962714 0.572321 2
0.985324 1 1
0.987266 1 1
0.90507 0.0109103 7
0.896036 0.00446357 8
0.968333 0.602257 2
0.961954 0.568778 2
0.99322 1 1
0.964142 0.579287 2
0.9601 0.560571 2
0.895079 0.00207055 9
0.936337 0.13735 4
0.97092 0.618561 2
0.933615 0.131995 4
0.947562 0.287943 3
0.9857 1 1
0.942817 0.272649 3
0.942028 0.27038 3
0.894542 0.00204842 9
0.878185 6.52479e-05 13
0.952127 0.305757 3
0.970739 0.617362 2
0.900393 0.0213078 6
0.895505 0.0201495 6
0.923034 0.115994 4
0.940149 0.26525 3
0.885032 0.00376748 8
0.914287 0.10684 4
0.950296 0.525965 2
0.890998 0.00886995 7
0.911984 0.0509115 5
0.927873 0.239476 3
0.935957 0.255081 3
0.945089 0.512264 2
0.951745 0.530282 2
0.902268 0.0218052 6
0.896013 0.0202614 6
0.918455 0.226073 3
0.904181 0.0991096 4
0.929237 0.241797 3
0.913903 0.106498 4
0.886104 0.00836141 7
0.941905 0.505093 2
0.943647 0.508913 2
0.89469 0.0431032 5
0.930554 0.24415 3
0.963027 1 1
0.970373 1 1
0.9175 0.224928 3
0.916922 0.224251 3
0.935397 0.492714 2
0.924586 0.234314 3
0.956006 0.544482 2
0.934232 0.251348 3
0.951541 0.529659 2
0.904008 0.0222972 6
0.910149 0.0498538 5
0.983926 1 1
0.944643 0.511209 2
0.920645 0.113202 4
0.967254 0.595961 2
0.981217 1 1
0.982608 1 1
0.9055 0.0474618 5
0.895502 0.00941432 7
0.968573 0.6037 2
0.964853 0.582909 2
0.949576 0.295386 3
0.921898 0.0580921 5
0.922411 0.058546 5
0.864808 3.6435e-07 19
0.895373 0.00208288 9
0.965566 0.58665 2
0.904254 0.01076 7
0.906026 0.0110927 7
0.949463 0.294951 3
0.950237 0.297968 3
0.943586 0.274931 3
0.865472 8.38182e-07 18
0.853851 4.03275e-09 24
0.977627 0.670055 2
0.983353 1 1
0.886984 3.85383e-05 14
0.865892 1.4932e-08 23
0.884936 3.61335e-05 14
0.862931 5.84881e-09 24
0.844445 7.54251e-12 0
0.917256 0.0139029 7
0.891945 0.000202739 12
0.85384 1.20934e-11 0
0.896582 0.000485787 11
0.944148 0.156673 4
0.942154 0.151099 4
0.866549 3.43548e-08 22
0.868955 8.45395e-08 21
0.928608 0.0648867 5
0.909 0.00578199 8
0.918698 0.1111 4
0.910522 0.103673 4
0.938039 0.497408 2
0.934767 0.25248 3
0.896381 0.0203438 6
0.934601 0.252126 3
0.960314 0.561488 2
0.903748 0.046653 5
0.930771 0.244548 3
0.947584 0.518495 2
0.956018 0.544527 2
0.938585 0.498432 2
0.937346 0.258269 3
0.922024 0.230671 3
0.915952 0.108372 4
0.924131 0.117362 4
0.914509 0.0524878 5
0.941677 0.269391 3
0.931367 0.128007 4
0.898997 0.00989956 7
0.941075 0.26773 3
0.961014 0.564542 2
0.906852 0.0231716 6
0.936355 0.255976 3
0.953939 0.537298 2
0.962476 0.5712 2
0.934817 0.252586 3
0.931832 0.128802 4
0.928443 0.123336 4
0.922332 0.115147 4
0.914309 0.00658658 8
0.888703 4.07612e-05 14
0.900733 0.000548111 11
0.859635 8.50943e-11 29
0.863937 1.2117e-09 26
0.944702 0.15831 4
0.89612 0.000229641 12
0.874289 2.32229e-07 20
0.920925 0.0151801 7
0.961327 0.353992 3
0.95351 0.311859 3
0.861967 4.88928e-10 27
0.857406 3.3342e-11 30
0.965377 0.38208 3
0.944425 0.157486 4
0.911669 0.00616109 8
0.917202 0.0138857 7
0.94284 0.152962 4
0.977622 0.670017 2
0.914342 0.00659209 8
0.912382 0.00627072 8
0.972734 0.631089 2
0.917756 0.0140641 7
0.920969 0.015197 7
0.913478 0.00644672 8
0.921427 0.0153731 7
0.980883 0.700835 2
0.966776 0.593259 2
0.89358 0.000212609 12
0.894891 0.000221124 12
0.924428 0.23408 3
0.946507 0.515734 2
0.952751 0.533426 2
0.949139 0.522683 2
0.96072 0.563249 2
0.90609 0.0477448 5
0.95045 0.526413 2
0.957591 0.550403 2
0.92644 0.237154 3
0.892428 0.00903396 7
0.898003 0.0207183 6
0.944663 0.511255 2
0.920532 0.113076 4
0.883692 0.00369915 8
0.894438 0.01992 6
0.905125 0.0997359 4
0.88733 0.00848181 7
0.909924 0.103203 4
0.892491 0.0195198 6
0.867584 0.000261854 11
0.933112 0.249051 3
0.921161 0.22951 3
0.87658 0.00151542 9
0.916373 0.108773 4
0.960325 0.561535 2
0.963221 1 1
0.896237 0.0436454 5
0.897997 0.0442914 5
0.935095 0.492203 2
0.919226 0.227023 3
0.927297 0.12165 4
0.940966 0.267432 3
0.960578 0.562627 2
0.967271 0.596054 2
0.943388 0.274339 3
0.917189 0.0543346 5
0.973462 1 1
0.94528 0.28022 3
0.933356 0.249544 3
0.908776 0.049107 5
0.915451 0.0531152 5
0.964403 0.580604 2
0.940788 0.266951 3
0.895288 0.00938653 7
0.902297 0.0218131 6
0.932072 0.129217 4
0.92989 0.0664232 5
0.958464 0.336906 3
0.95077 0.300103 3
0.918397 0.0279231 6
0.938251 0.141501 4
0.985097 1 1
0.925121 0.0611144 5
0.943182 0.153912 4
0.940149 0.145965 4
0.948189 0.290193 3
0.953054 0.309809 3
0.942396 0.15175 4
0.919745 0.0286432 6
0.919786 0.0286656 6
51 0 1 2 3 4 5 6 7 8 10 11 12 13 15 16 17 18 19 20 21 22 23 24 26 27 28 29 31 32 33 34 35 37 38 39 40 42 44 45 46 47 48 49 50 51 52 53 54 55 57 59 
60 0 1 2 3 4 5 6 7 8 9 10 11 12 13 14 15 16 17 18 19 20 21 22 23 24 25 26 27 28 29 30 31 32 33 34 35 36 37 38 39 40 41 42 43 44 45 46 47 48 49 50 51 52 53 54 55 56 57 58 59 
45 0 1 2 3 4 6 7 8 10 12 13 14 15 16 17 18 19 20 21 22 23 24 26 27 29 31 33 34 37 38 39 40 44 45 46 47 48 49 50 51 52 53 54 57 59 
52 0 1 2 3 4 5 6 7 8 10 11 12 13 14 15 16 17 18 19 20 21 22 23 24 26 27 28 29 30 31 32 33 34 37 38 39 40 42 44 45 46 47 48 49 50 51 52 53 54 55 57 59 
51 0 1 2 3 4 6 7 8 9 10 12 13 14 16 17 18 19 20 21 22 23 24 26 27 28 29 30 31 32 33 34 36 37 38 39 40 41 42 44 45 46 47 48 49 50 52 53 54 55 57 59 
24 1 4 6 8 10 13 15 16 17 21 23 24 26 29 31 38 39 40 45 48 50 51 54 57 
43 0 1 2 3 4 6 7 8 10 12 13 14 15 16 17 18 19 20 21 22 23 24 26 27 29 31 37 38 39 40 44 45 46 47 48 49 50 51 52 53 54 57 59 
56 0 1 2 3 4 5 6 7 8 9 10 11 12 13 14 15 16 17 18 19 20 21 22 23 24 26 27 28 29 30 31 32 33 34 35 36 37 38 39 40 41 42 44 45 46 47 48 49 50 52 53 54 55 57 58 59 
30 1 3 4 6 8 10 13 15 16 17 19 20 21 23 24 26 29 31 37 38 39 40 45 46 48 49 50 51 54 57 
15 1 4 6 8 15 16 17 24 29 31 39 50 51 54 57 
17 1 4 8 13 15 16 17 21 24 26 31 38 39 50 51 54 57 
53 0 1 2 3 4 5 6 7 8 9 10 11 12 13 14 15 16 17 18 19 20 21 22 23 24 26 27 28 29 30 31 32 33 34 37 38 39 40 42 44 45 46 47 48 49 50 51 52 53 54 55 57 59 
41 0 1 4 5 6 7 8 10 11 12 13 15 16 17 18 19 20 21 22 23 24 26 27 29 31 33 34 38 40 44 45 47 48 49 50 51 52 53 54 57 59 
14 1 4 8 13 15 16 17 21 24 31 38 51 54 57 
39 0 1 4 6 7 8 10 12 13 15 16 17 18 19 20 21 23 24 26 27 29 31 33 34 38 39 40 44 45 47 48 49 50 51 52 53 54 57 59 
