40 15 1e+07
2.15157 144874
2.7785 198038
1.77673 168897
1.24036 109588
1.41471 189510
1.92562 152845
1.38756 107826
2.8474 102862
2.86975 102538
1.10517 191162
1.1762 195498
1.15866 109002
1.89508 138756
2.57779 150599
2.50708 106844
2.24773 165860
1.0036 167410
2.80461 144809
2.36103 175365
1.86215 179026
2.7724 126826
1.86563 160773
2.02847 175194
1.13807 153106
2.16961 124714
2.45656 161524
1.44881 121625
1.37021 156196
2.89508 192436
2.00528 169796
1.75972 114689
1.7903 118590
2.51574 173932
1.42626 116461
2.4715 143151
2.27081 191420
1.36434 150184
2.54737 112266
1.68727 194225
1.29288 178514
0.957906 0.333813 3
0.957745 0.332932 3
0.953558 0.312077 3
0.888195 1.88312e-05 15
0.906192 0.00131731 10
0.937206 0.0771081 5
0.941851 0.150294 4
0.919417 0.0146282 7
0.903836 0.00122992 10
0.945412 0.160469 4
0.928119 0.0342473 6
0.949695 0.175055 4
0.898857 0.000250666 12
0.889439 4.17757e-05 14
0.988493 0.791785 2
0.931932 0.0690592 5
0.983931 0.733759 2
0.980932 0.70133 2
0.94019 0.146066 4
0.914676 0.0131279 7
0.924903 0.0318366 6
0.953824 0.313295 3
0.911044 0.00606798 8
0.958221 0.335549 3
0.996998 1 1
0.913464 0.00644435 8
0.930049 0.0666197 5
0.91254 0.00629549 8
0.900559 0.00112424 10
0.936814 0.0764404 5
0.946471 0.515645 2
0.919239 0.111669 4
0.904104 0.0223252 6
0.902744 0.0219368 6
0.992 1 1
0.967904 0.599722 2
0.95768 0.550747 2
0.979198 1 1
0.90444 0.0224241 6
0.915564 0.108007 4
0.96882 0.605195 2
0.95519 0.541577 2
0.981112 1 1
0.975995 1 1
0.899825 0.0211634 6
0.898622 0.0208665 6
0.917741 0.110119 4
0.908855 0.0491489 5
0.964903 0.583169 2
0.931162 0.245273 3
0.908837 0.0491394 5
0.93294 0.248708 3
0.908115 0.0487599 5
0.952181 0.53163 2
0.925173 0.235194 3
0.902123 0.0459426 5
0.903367 0.0464833 5
0.938292 0.260539 3
0.92957 0.242382 3
0.875408 0.000668365 10
0.961921 1 1
0.980659 1 1
0.964853 1 1
0.921619 0.230121 3
0.934046 0.49047 2
0.953167 0.534761 2
0.976187 1 1
0.937128 0.495743 2
0.935381 0.492688 2
0.97135 1 1
0.94135 0.503925 2
0.959848 0.559505 2
0.928845 0.241119 3
0.917525 0.224958 3
0.950734 0.527245 2
0.913361 0.0127667 7
0.937028 0.138809 4
0.927886 0.064058 5
0.969787 0.611204 2
0.935738 0.136118 4
0.920703 0.0291815 6
0.948627 0.291802 3
0.916563 0.0136858 7
0.965834 0.588084 2
0.944586 0.157963 4
0.912346 0.0125019 7
0.917135 0.027286 6
0.940207 0.146109 4
0.92921 0.0655972 5
0.893337 0.000445153 11
0.8802 0.000150216 12
0.916385 0.0537604 5
0.914169 0.025917 6
0.987465 1 1
0.897412 0.00457222 8
0.884257 0.000358741 11
0.91321 0.0255095 6
0.879001 0.000146207 12
0.970499 0.61579 2
0.927668 0.122187 4
0.875543 6.123e-05 13
0.882496 0.0003455 11
0.902465 0.0104474 7
0.892724 0.00197695 9
0.871568 1.12358e-05 15
0.905108 0.00127581 10
0.957867 0.333599 3
0.968953 0.606007 2
0.936649 0.0761638 5
0.887916 1.86436e-05 15
0.896792 0.000234527 12
0.924806 0.0317694 6
0.883226 7.35823e-06 16
0.95575 0.322533 3
0.96742 0.596909 2
0.885676 1.72344e-05 15
0.902434 0.00118261 10
0.886825 1.79357e-05 15
0.875124 2.40385e-07 20
0.921951 0.0155795 7
0.936523 0.494664 2
0.94951 0.52372 2
0.936372 0.4944 2
0.947419 0.518065 2
0.954286 0.538463 2
0.944484 0.510837 2
0.972556 1 1
0.938892 0.499017 2
0.951144 0.528462 2
0.95239 0.532282 2
0.935521 0.254115 3
0.940799 0.502786 2
0.955407 0.54234 2
0.942913 0.507274 2
0.910258 0.103465 4
0.90996 0.103231 4
0.96294 1 1
0.972936 1 1
0.938806 0.498852 2
0.89298 0.019618 6
0.9019 0.0458481 5
0.930155 0.243425 3
0.888322 0.0187357 6
0.958237 0.552924 2
0.972936 1 1
0.890727 0.0191767 6
0.907428 0.101338 4
0.891778 0.0193789 6
0.880012 0.00782132 7
0.924949 0.234856 3
0.958385 0.553509 2
0.951108 0.528354 2
0.94672 0.516271 2
0.882334 0.00165145 9
0.904411 0.0224156 6
0.936935 0.257308 3
0.93815 0.260195 3
0.919374 0.111813 4
0.897648 0.00970496 7
0.938789 0.261767 3
0.928651 0.240787 3
0.949756 0.524415 2
0.896658 0.00956806 7
0.887718 0.00391367 8
0.988116 1 1
0.891583 9.48684e-05 13
0.929171 0.0351187 6
0.926615 0.0330751 6
0.9946 1 1
0.905049 0.00127361 10
0.894601 0.000104704 13
0.924486 0.0315498 6
0.888166 1.88114e-05 15
0.983643 0.730465 2
0.940565 0.146994 4
0.885368 7.95672e-06 16
0.893528 0.000101028 13
0.909139 0.00288502 9
0.898601 0.000514484 11
0.883719 7.48992e-06 16
0.963851 0.370916 3
0.962983 0.364887 3
0.95631 0.325364 3
0.89398 0.000215151 12
0.913429 0.00643864 8
0.943812 0.1557 4
0.949668 0.295742 3
0.925843 0.0325041 6
0.909193 0.00288934 9
0.950373 0.298508 3
0.934159 0.0722228 5
0.956045 0.324016 3
0.906172 0.00266621 9
0.89655 0.000485343 11
0.980495 0.696938 2
0.950152 0.297633 3
0.937368 0.139544 4
0.922214 0.0300791 6
0.921791 0.029822 6
0.979152 0.683943 2
0.965845 0.588144 2
0.975716 0.653876 2
0.964916 0.583236 2
0.924878 0.0318195 6
0.935186 0.135011 4
0.959445 0.342527 3
0.957307 0.330574 3
0.975178 0.649555 2
0.963065 0.573998 2
0.91016 0.00594098 8
0.884809 0.000363088 11
0.908826 0.023836 6
0.902049 0.0103777 7
0.970213 0.61393 2
0.915234 0.0529687 5
0.893826 0.00201963 9
0.918911 0.055627 5
0.892602 0.00197233 9
0.952321 0.532067 2
0.91772 0.0547241 5
0.886903 0.000821556 10
0.889036 0.000857967 10
0.922451 0.0585822 5
0.914358 0.0523896 5
0.865415 1.885e-06 17
0.992107 1 1
0.952253 0.531854 2
0.939101 0.262551 3
0.896082 0.00446715 8
0.938464 0.260963 3
0.972549 0.629766 2
0.966229 0.590229 2
0.954086 0.53779 2
0.907573 0.0234084 6
0.941496 0.268889 3
0.962734 0.572417 2
0.985313 1 1
0.929834 0.125489 4
0.921254 0.11389 4
0.952906 0.53392 2
0.888612 0.000184889 12
0.937094 0.13895 4
0.942107 0.150974 4
0.959794 0.559276 2
0.886061 0.000172986 12
0.885475 7.90442e-05 13
0.915732 0.0266169 6
0.875081 5.61033e-06 16
0.973845 0.639245 2
0.949376 0.294617 3
0.875008 5.59757e-06 16
0.888044 0.000182116 12
0.887659 0.000180281 12
0.876366 5.8408e-06 16
0.89521 0.0009836 10
0.900274 0.00054057 11
0.946303 0.163277 4
0.947606 0.167589 4
0.969614 0.610109 2
0.900486 0.000544027 11
0.8986 0.000514462 11
0.929473 0.0659135 5
0.88872 4.07844e-05 14
0.988254 1 1
0.95884 0.339032 3
0.888179 4.00618e-05 14
0.900379 0.000542279 11
0.902159 0.00117373 10
0.890669 9.21835e-05 13
0.9014 0.00114977 10
0.932074 0.247006 3
0.934066 0.251002 3
0.920484 0.113022 4
0.938714 0.261581 3
0.96671 0.592889 2
0.945341 0.280415 3
0.964558 0.581397 2
0.945054 0.279492 3
0.937976 0.259772 3
0.935903 0.25496 3
0.938914 0.262079 3
0.938178 0.260262 3
0.970608 0.6165 2
0.958398 0.553561 2
0.898798 0.00987021 7
0.871828 2.5209e-05 14
0.888647 0.000851098 10
0.88072 0.000152014 12
0.94564 0.28139 3
0.911155 0.0246884 6
0.883846 0.000355565 11
0.904411 0.0107886 7
0.886122 0.000808979 10
0.928085 0.1228 4
0.896366 0.00448911 8
0.878805 0.000145569 12
0.87712 6.35755e-05 13
0.920135 0.0566013 5
0.91514 0.0529059 5
0.847473 5.88437e-10 26
0.884086 7.60527e-05 13
0.919855 0.028704 6
0.917156 0.0272959 6
0.991831 1 1
0.901211 0.00236293 9
0.88822 0.000182969 12
0.917287 0.0273606 6
0.882892 3.39662e-05 14
0.973634 0.637668 2
0.931029 0.0678635 5
0.879458 1.40853e-05 15
0.886431 8.12197e-05 13
0.906146 0.00542508 8
0.896237 0.00100798 10
0.874831 2.52506e-06 17
0.89813 0.00977335 7
0.949998 0.525105 2
0.958943 0.555754 2
0.944056 0.509846 2
0.885939 0.00175075 9
0.891556 0.004147 8
0.920653 0.113211 4
0.879015 0.000709961 10
0.962307 0.570411 2
0.96105 0.564698 2
0.880603 0.000729929 10
0.896166 0.00950179 7
0.885788 0.00174635 9
0.874159 0.000293536 11
0.91174 0.0507669 5
0.907617 0.101474 4
0.907481 0.101376 4
0.895027 0.0200458 6
0.931242 0.245423 3
0.95664 0.546806 2
0.923866 0.233258 3
0.936692 0.494964 2
0.929506 0.242269 3
0.923228 0.232344 3
0.910652 0.103776 4
0.920703 0.228908 3
0.914557 0.107082 4
0.966653 1 1
0.961517 0.566785 2
0.872541 0.000638566 10
0.950604 0.526864 2
0.990669 1 1
0.980117 1 1
0.918431 0.110823 4
0.917509 0.109886 4
0.937862 0.259497 3
0.959061 0.556236 2
0.9213 0.113942 4
0.934908 0.252782 3
0.977762 1 1
0.926417 0.237117 3
0.94636 0.515366 2
0.912667 0.0513232 5
0.901394 0.0215694 6
0.959682 0.558805 2
0.956006 0.544482 2
0.985866 1 1
0.969641 0.610283 2
0.925861 0.119639 4
0.930919 0.127254 4
0.947783 0.288727 3
0.973177 0.6343 2
0.932273 0.12957 4
0.940359 0.265803 3
0.977351 0.66764 2
0.936014 0.136681 4
0.954009 0.537533 2
0.926411 0.120395 4
0.914829 0.0262069 6
0.949001 0.293197 3
0.895189 0.0200808 6
0.897734 0.0206548 6
0.886152 0.00382689 8
0.930518 0.244084 3
0.944039 0.509806 2
0.911127 0.104156 4
0.924594 0.234326 3
0.91709 0.109471 4
0.919573 0.112026 4
0.901932 0.0458615 5
0.908185 0.0487963 5
0.901969 0.0458773 5
0.954243 0.53832 2
0.951155 0.528495 2
0.861595 1.99716e-05 14
0.97423 1 1
0.958797 0.555162 2
0.943179 0.507864 2
0.914554 0.10708 4
0.953187 0.534828 2
0.974167 1 1
0.988229 1 1
0.958644 0.554546 2
0.924326 0.23393 3
0.95153 0.529626 2
0.962126 0.569567 2
0.97697 1 1
0.946221 0.51502 2
0.935715 0.254542 3
0.938892 0.499017 2
0.924632 0.118006 4
0.919122 0.0557913 5
0.905405 0.0109733 7
0.927737 0.122288 4
0.973343 0.635517 2
0.941477 0.268834 3
0.952326 0.532084 2
0.946509 0.284287 3
0.924225 0.117481 4
0.920349 0.0567765 5
0.937984 0.259792 3
0.931866 0.128861 4
0.981883 1 1
0.971917 0.625329 2
0.886972 0.000822697 10
0.888764 0.00183795 9
0.938029 0.259902 3
0.943921 0.275951 3
0.956185 0.545133 2
0.88448 0.000783738 10
0.884968 0.000791075 10
0.915056 0.0528496 5
0.874184 5.93248e-05 13
0.970938 0.618684 2
0.950158 0.525567 2
0.874409 5.96328e-05 13
0.887922 0.000838568 10
0.8858 0.000803906 10
0.874454 5.96948e-05 13
0.896949 0.00453499 8
0.969177 0.607385 2
0.930494 0.0671779 5
0.915404 0.0133375 7
0.896673 0.000487008 11
0.968947 0.605973 2
0.991709 1 1
0.965526 0.383213 3
0.98767 0.780472 2
0.902577 0.00118729 10
0.923757 0.0310613 6
0.988493 1 1
0.97823 0.675438 2
0.958554 0.337412 3
0.952437 0.307094 3
0.919477 0.0146492 7
0.962905 0.57323 2
0.981076 1 1
0.965979 0.588869 2
0.918515 0.055322 5
0.931271 0.127845 4
0.952265 0.306348 3
0.972915 0.63239 2
0.935693 0.136027 4
0.932689 0.130308 4
0.970386 0.615052 2
0.940542 0.266292 3
0.959951 0.559939 2
0.925768 0.119513 4
0.914635 0.026121 6
0.954644 0.539682 2
0.880723 1.46488e-05 15
0.907791 0.00562511 8
0.902165 0.00241594 9
0.974229 0.642156 2
0.908539 0.00572122 8
0.888686 0.000185258 12
0.914734 0.0131443 7
0.886659 8.17532e-05 13
0.954907 0.318398 3
0.917383 0.0274084 6
0.881391 1.49607e-05 15
0.884533 3.56888e-05 14
0.915403 0.013337 7
0.907086 0.0055376 8
0.863861 1.36996e-08 23
0.94135 0.268485 3
0.952002 0.531073 2
0.938186 0.260281 3
0.943212 0.273812 3
0.956318 0.545619 2
0.949046 0.522427 2
0.977546 1 1
0.942676 0.27224 3
0.948106 0.519875 2
0.953699 0.536503 2
0.939775 0.264273 3
0.945612 0.281299 3
0.956297 0.545542 2
0.943688 0.27524 3
0.914084 0.0522118 5
0.944048 0.276338 3
0.953162 0.534745 2
0.938987 0.262263 3
0.940803 0.266991 3
0.957307 0.549313 2
0.951594 0.529821 2
0.980323 1 1
0.94476 0.278558 3
0.94625 0.515092 2
0.954146 0.537993 2
0.942144 0.27071 3
0.948308 0.520417 2
0.956621 0.546734 2
0.944002 0.276198 3
0.916141 0.0535899 5
0.966756 1 1
0.962713 0.572316 2
0.955043 0.541064 2
0.894448 0.019922 6
0.915966 0.108385 4
0.946658 0.516114 2
0.951794 0.530434 2
0.928636 0.24076 3
0.909349 0.102761 4
0.950088 0.525365 2
0.93699 0.495495 2
0.958943 0.555754 2
0.908589 0.102188 4
0.899035 0.0446876 5
0.977915 1 1
0.934516 0.1337 4
0.975809 0.654635 2
0.966557 0.592039 2
0.948918 0.292887 3
0.926605 0.0626504 5
0.931717 0.0687708 5
0.963143 0.57437 2
0.919686 0.0286106 6
0.964235 0.579758 2
0.983974 0.734264 2
0.920533 0.0290846 6
0.93449 0.133649 4
0.925366 0.061362 5
0.913161 0.0127134 7
0.928462 0.0647168 5
0.961611 0.567211 2
0.947805 0.288806 3
0.932216 0.12947 4
0.919953 0.0287582 6
0.968491 0.603207 2
0.973046 0.633343 2
0.987467 1 1
0.964984 0.58359 2
0.926194 0.0622159 5
0.943771 0.275492 3
0.963431 0.575769 2
0.967769 0.598929 2
0.962495 0.571287 2
0.951218 0.301933 3
0.922692 0.0587991 5
0.890287 4.29941e-05 14
0.922794 0.0159226 7
0.918299 0.0142438 7
0.992364 1 1
0.910165 0.00296848 9
0.895632 0.000226195 12
0.924225 0.0313727 6
0.891023 4.40972e-05 14
0.973 0.633007 2
0.933254 0.070899 5
0.887139 1.81351e-05 15
0.893138 9.97402e-05 13
0.915375 0.00677434 8
0.905475 0.0012896 10
0.877712 5.84772e-07 19
0.880721 1.46477e-05 15
0.886354 8.10397e-05 13
0.875821 5.74126e-06 16
0.928073 0.06427 5
0.928597 0.0648739 5
0.896118 0.00100509 10
0.910498 0.0120496 7
0.902044 0.00240909 9
0.914276 0.0130158 7
0.891599 0.000425818 11
0.893204 0.000443619 11
0.887261 0.000178413 12
0.938738 0.142612 4
0.936765 0.138249 4
0.849045 9.44478e-12 0
0.960111 0.560619 2
0.982986 1 1
0.967184 0.595561 2
0.922088 0.0582591 5
0.931961 0.129026 4
0.950911 0.300673 3
0.974113 0.641277 2
0.934868 0.134383 4
0.93627 0.13721 4
0.973298 0.635183 2
0.939129 0.26262 3
0.957769 0.551089 2
0.926904 0.121088 4
0.915543 0.0531776 5
0.951571 0.303402 3
38 0 1 3 4 5 6 7 8 9 10 11 12 13 14 15 16 17 18 19 20 21 22 23 24 25 26 27 28 30 31 32 33 34 35 36 37 38 39 
10 0 1 7 9 10 16 17 21 23 28 
5 7 9 16 21 28 
20 0 1 4 6 7 9 10 11 12 15 16 17 21 23 24 28 30 34 35 39 
38 0 1 3 4 5 6 7 8 9 10 11 12 13 14 15 16 17 18 19 20 21 22 23 24 25 26 27 28 30 31 32 33 34 35 36 37 38 39 
38 0 1 3 4 5 6 7 8 9 10 11 12 13 14 15 16 17 18 19 20 21 22 23 24 25 26 27 28 30 31 32 33 34 35 36 37 38 39 
28 0 1 3 4 5 6 7 8 9 10 11 12 14 16 17 20 21 23 24 28 30 31 32 33 34 35 37 39 
40 0 1 2 3 4 5 6 7 8 9 10 11 12 13 14 15 16 17 18 19 20 21 22 23 24 25 26 27 28 29 30 31 32 33 34 35 36 37 38 39 
12 0 1 7 9 10 12 16 17 21 23 28 34 
8 1 6 7 9 16 17 21 28 
34 0 1 3 4 5 6 7 8 9 10 11 12 13 14 15 16 17 18 20 21 23 24 26 28 29 30 31 32 33 34 35 36 37 39 
40 0 1 2 3 4 5 6 7 8 9 10 11 12 13 14 15 16 17 18 19 20 21 22 23 24 25 26 27 28 29 30 31 32 33 34 35 36 37 38 39 
39 0 1 3 4 5 6 7 8 9 10 11 12 13 14 15 16 17 18 19 20 21 22 23 24 25 26 27 28 29 30 31 32 33 34 35 36 37 38 39 
40 0 1 2 3 4 5 6 7 8 9 10 11 12 13 14 15 16 17 18 19 20 21 22 23 24 25 26 27 28 29 30 31 32 33 34 35 36 37 38 39 
12 1 6 7 9 11 16 17 20 21 23 28 37 
