40 15 1e+07
2.18965 160547
2.67262 116712
1.63192 138145
1.41671 177647
1.03908 198006
1.46817 147039
1.17302 171963
2.19216 189044
2.29941 122984
2.009 123200
2.22409 180062
2.78907 132088
1.37879 134359
2.17956 185311
2.51234 197822
1.34906 160440
1.65114 109926
2.9312 172776
1.1138 135653
2.02346 132697
2.47779 121737
2.95592 122370
1.71917 117235
1.1249 166973
2.15677 162249
1.35153 174416
1.82968 107925
2.11774 118633
1.35481 102475
2.47288 190910
2.07334 182746
2.56976 122549
2.58166 193289
2.42253 117751
2.14914 142657
1.47423 135964
2.28077 137595
1.85497 131850
2.24717 171917
1.10859 119764
0.873748 2.64426e-05 14
0.858328 5.69655e-08 21
0.863695 7.93629e-07 18
0.940978 0.267465 3
0.848859 6.22013e-10 26
0.966229 0.590229 2
0.897712 0.00459669 8
0.871447 1.11996e-05 15
0.991325 1 1
0.864995 1.86232e-06 17
0.87937 0.000147418 12
0.855721 2.27495e-08 22
0.839194 5.90658e-12 0
0.889429 0.00086504 10
0.971123 0.619919 2
0.875805 2.47327e-07 20
0.87635 2.53099e-07 20
0.884827 7.79864e-06 16
0.924935 0.0318589 6
0.896865 0.000235067 12
0.887837 1.8591e-05 15
0.879303 6.24418e-07 19
0.936399 0.0757466 5
0.877642 5.83115e-07 19
0.912601 0.00630519 8
0.866121 1.35031e-09 26
0.918539 0.0143247 7
0.907368 0.00136504 10
0.899424 0.000527036 11
0.881356 1.47147e-06 18
0.874188 5.93306e-05 13
0.860874 3.20996e-07 19
0.867281 4.47105e-06 16
0.955417 0.542375 2
0.856443 5.34233e-08 21
0.96044 0.562033 2
0.895931 0.00445558 8
0.88383 0.000355447 11
0.972376 0.628541 2
0.873751 2.6445e-05 14
0.876849 6.31621e-05 13
0.866339 4.35793e-06 16
0.84968 1.48821e-09 25
0.893411 0.00200335 9
0.960268 0.561291 2
0.9049 0.00528316 8
0.901662 0.00494822 8
0.910392 0.0120246 7
0.956945 0.328658 3
0.914517 0.026069 6
0.919295 0.0283977 6
0.912038 0.0124238 7
0.953637 0.312438 3
0.905134 0.00530919 8
0.933294 0.131402 4
0.896871 0.00214815 9
0.932677 0.130285 4
0.916521 0.0269883 6
0.930193 0.126066 4
0.912152 0.0124527 7
0.875288 0.000299693 11
0.861375 3.82876e-06 16
0.867537 2.27693e-05 14
0.953295 0.535178 2
0.855574 2.73378e-07 19
0.964193 0.579542 2
0.897707 0.00971318 7
0.881694 0.000744311 10
0.978631 1 1
0.872624 0.00012775 12
0.878695 0.00031983 11
0.864648 9.42195e-06 15
0.847967 7.52349e-09 23
0.893699 0.00918637 7
0.96501 0.583725 2
0.868068 1.8214e-07 20
0.86573 7.45099e-08 21
0.874158 2.46914e-06 17
0.932676 0.130284 4
0.88192 3.30088e-05 14
0.896471 0.00101371 10
0.875663 2.59686e-06 17
0.921315 0.029538 6
0.889887 0.000191385 12
0.898854 0.00107555 10
0.860507 5.27269e-09 24
0.902116 0.00241316 9
0.889356 0.000188634 12
0.892313 0.000433575 11
0.890622 0.000195314 12
0.995771 1 1
0.979152 0.683943 2
0.976804 0.66293 2
0.904011 0.00518642 8
0.945442 0.280742 3
0.901369 0.00237157 9
0.969501 0.6094 2
0.92585 0.0618568 5
0.878399 1.364e-05 15
0.94612 0.282978 3
0.982868 1 1
0.93068 0.126859 4
0.921223 0.0575085 5
0.968596 0.603835 2
0.89632 0.00100999 10
0.903517 0.00249523 9
0.904486 0.00523767 8
0.913238 0.0127339 7
0.936922 0.138582 4
0.924251 0.0602578 5
0.901013 0.00235221 9
0.905076 0.00530277 8
0.965526 0.586436 2
0.885929 8.00631e-05 13
0.941403 0.149123 4
0.892805 0.000439077 11
0.945539 0.281059 3
0.93143 0.0683893 5
0.927372 0.0634846 5
0.893847 0.00045114 11
0.906333 0.023005 6
0.888493 0.000848406 10
0.892542 0.00197007 9
0.941851 0.269879 3
0.872144 2.54054e-05 14
0.979468 1 1
0.932411 0.129814 4
0.886154 0.000809484 10
0.965366 0.585593 2
0.886238 0.000810828 10
0.914951 0.0527793 5
0.873977 2.65969e-05 14
0.857765 1.2763e-07 20
0.917125 0.0542878 5
0.982678 1 1
0.924283 0.031412 6
0.921916 0.0155657 7
0.930858 0.0366123 6
0.952171 0.305946 3
0.933914 0.0718589 5
0.919614 0.0146981 7
0.928485 0.0345458 6
0.970717 0.61722 2
0.901377 0.000559017 11
0.953432 0.311505 3
0.914801 0.00667202 8
0.9502 0.176965 4
0.932485 0.0698156 5
0.949747 0.175246 4
0.91214 0.00623301 8
0.957057 0.548365 2
0.976903 1 1
0.977382 1 1
0.889407 0.00401255 8
0.981503 1 1
0.87518 0.000299094 11
0.932864 0.248557 3
0.942099 0.505507 2
0.85304 5.86637e-07 18
0.96641 0.591224 2
0.940437 0.266013 3
0.958025 0.552089 2
0.95697 0.54804 2
0.951337 0.529042 2
0.869086 0.000119209 12
0.904224 0.0107546 7
0.90821 0.023623 6
0.916716 0.0539945 5
0.923924 0.117099 4
0.932557 0.130072 4
0.88967 0.000869415 10
0.901808 0.0103378 7
0.972147 0.626932 2
0.873617 2.63553e-05 14
0.94754 0.287863 3
0.891857 0.00194466 9
0.955422 0.542394 2
0.943545 0.274808 3
0.926166 0.120056 4
0.882494 0.000345483 11
0.942293 0.505923 2
0.961135 0.565074 2
0.963112 0.574224 2
0.884594 0.00374485 8
0.987225 1 1
0.866836 5.05675e-05 13
0.919912 0.112392 4
0.945701 0.513738 2
0.845301 1.60605e-08 22
0.96688 0.593841 2
0.925665 0.235945 3
0.965342 0.585463 2
0.970318 1 1
0.941113 0.503432 2
0.860486 8.54279e-06 15
0.884809 1.67325e-05 15
0.877688 2.78496e-06 17
0.885834 3.71575e-05 14
0.966515 0.591803 2
0.885122 3.63418e-05 14
0.931028 0.0678625 5
0.898304 0.000510072 11
0.921406 0.0295917 6
0.924566 0.0316045 6
0.903684 0.00250535 9
0.880589 6.71052e-06 16
0.901244 0.00114495 10
0.885231 3.64656e-05 14
0.909195 0.00580819 8
0.925243 0.0320749 6
0.876654 0.00338183 8
0.864481 0.000248971 11
0.871341 0.00141033 9
0.962781 1 1
0.862477 0.000105668 12
0.956167 0.545065 2
0.897002 0.0439221 5
0.891933 0.0194094 6
0.961969 1 1
0.880233 0.00353515 8
0.877836 0.00343079 8
0.873727 0.00145629 9
0.857066 4.18484e-05 13
0.897365 0.0440555 5
0.953964 0.537383 2
0.914986 0.0132163 7
0.909801 0.00589078 8
0.918439 0.0142909 7
0.966406 0.591202 2
0.918437 0.0142901 7
0.930064 0.0666388 5
0.924073 0.0312708 6
0.95426 0.315322 3
0.913833 0.0128937 7
0.937742 0.140364 4
0.907982 0.00564931 8
0.933939 0.071896 5
0.916593 0.0136949 7
0.940663 0.147239 4
0.922656 0.0303538 6
0.950507 0.52658 2
0.930257 0.243609 3
0.93133 0.245587 3
0.920264 0.112779 4
0.903745 0.0466517 5
0.936126 0.25546 3
0.974788 1 1
0.901656 0.0216393 6
0.914635 0.107153 4
0.912318 0.105135 4
0.964275 0.579958 2
0.89711 0.0205096 6
0.883388 0.00368403 8
0.947768 0.51898 2
0.933474 0.249784 3
0.932653 0.130243 4
0.934443 0.133559 4
0.943494 0.274656 3
0.935684 0.136008 4
0.951371 0.302566 3
0.906944 0.0112747 7
0.930277 0.126201 4
0.988134 1 1
0.887321 0.000178694 12
0.970823 0.61792 2
0.920329 0.0567599 5
0.968504 0.60328 2
0.9502 0.297821 3
0.955765 0.322609 3
0.899595 0.00227812 9
0.885056 7.81194e-05 13
0.87975 1.42122e-05 15
0.888136 0.000182561 12
0.958651 0.337957 3
0.89036 0.000412934 11
0.921413 0.0295957 6
0.896069 0.00100391 10
0.928426 0.0646751 5
0.913367 0.0127681 7
0.908763 0.0116566 7
0.879291 1.40135e-05 15
0.908024 0.00565475 8
0.892602 0.00043679 11
0.909835 0.011896 7
0.915273 0.0264064 6
0.906246 0.00267132 9
0.892453 0.000205721 12
0.898959 0.000519878 11
0.980002 0.692079 2
0.886097 3.74669e-05 14
0.979305 0.685386 2
0.928111 0.0643131 5
0.910432 0.00597948 8
0.963006 0.36504 3
0.903379 0.00248691 9
0.908276 0.00568698 8
0.894068 0.000215712 12
0.876793 1.23251e-06 18
0.926068 0.0326685 6
0.972188 0.627217 2
0.903189 0.00510031 8
0.910099 0.0119566 7
0.918094 0.055003 5
0.911088 0.0246626 6
0.938701 0.142526 4
0.878388 2.9874e-05 14
0.897123 0.00215957 9
0.971653 0.623513 2
0.861651 6.40429e-08 21
0.950197 0.297809 3
0.889508 0.000866472 10
0.96211 0.569495 2
0.954241 0.31523 3
0.922631 0.0587437 5
0.871256 5.00156e-06 16
0.959746 0.559076 2
0.949656 0.524133 2
0.957312 0.549332 2
0.944212 0.510206 2
0.941737 0.504736 2
0.930824 0.244646 3
0.967736 1 1
0.951524 0.529608 2
0.907585 0.0484872 5
0.95728 0.549211 2
0.953012 0.534263 2
0.943116 0.507724 2
0.926257 0.236864 3
0.985681 1 1
0.923984 0.233429 3
0.959478 0.557955 2
0.940557 0.502295 2
0.944195 0.510166 2
0.935926 0.493621 2
0.919344 0.22717 3
0.941608 0.504464 2
0.986547 1 1
0.921699 0.23023 3
0.917812 0.110191 4
0.930531 0.244106 3
0.965831 1 1
0.915471 0.107921 4
0.900418 0.0452353 5
0.96666 1 1
0.936687 0.494955 2
0.957794 0.551187 2
0.96458 0.581506 2
0.973645 0.637749 2
0.917499 0.0274659 6
0.975716 0.653876 2
0.898471 0.00222264 9
0.944839 0.278806 3
0.968446 0.602935 2
0.876463 1.28809e-05 15
0.990197 1 1
0.942089 0.270552 3
0.973393 0.635883 2
0.958722 0.554859 2
0.971551 0.622811 2
0.891696 0.000908069 10
0.929664 0.12522 4
0.947978 0.289429 3
0.950359 0.298452 3
0.878805 3.02182e-05 14
0.979133 0.683768 2
0.858709 1.11307e-08 23
0.908391 0.0115762 7
0.944707 0.278391 3
0.837761 5.53621e-12 0
0.961202 0.565374 2
0.913178 0.0254963 6
0.965874 0.5883 2
0.978144 0.674661 2
0.930713 0.126913 4
0.852232 3.10401e-10 27
0.884855 0.000167818 12
0.876165 1.27701e-05 15
0.884029 7.59344e-05 13
0.972133 0.626831 2
0.880744 3.19071e-05 14
0.939982 0.145558 4
0.900478 0.00232368 9
0.915147 0.0263495 6
0.93506 0.134762 4
0.899275 0.00226207 9
0.882078 7.20527e-05 13
0.895408 0.000988199 10
0.879 3.03812e-05 14
0.908595 0.0116201 7
0.934604 0.13387 4
0.977266 1 1
0.959481 0.557965 2
0.963541 0.576308 2
0.927567 0.12204 4
0.937304 0.258171 3
0.925134 0.118664 4
0.988465 1 1
0.933374 0.24958 3
0.901467 0.0215886 6
0.946607 0.515986 2
0.975764 1 1
0.930713 0.24444 3
0.916677 0.109067 4
0.98285 1 1
0.919592 0.112047 4
0.873656 0.000130447 12
0.87134 0.000124528 12
0.879821 0.000719961 10
0.936808 0.257013 3
0.887405 0.00389598 8
0.899958 0.0211968 6
0.881047 0.000735721 10
0.927021 0.121254 4
0.892245 0.00419236 8
0.904551 0.022457 6
0.86594 2.19579e-05 14
0.907553 0.0484711 5
0.894415 0.00927517 7
0.89804 0.00976048 7
0.893885 0.00920925 7
0.963038 0.573868 2
0.942583 0.506551 2
0.942758 0.506934 2
0.914979 0.107466 4
0.913768 0.10638 4
0.925635 0.235899 3
0.98262 1 1
0.907104 0.0482441 5
0.903468 0.0465281 5
0.920478 0.113016 4
0.978038 1 1
0.904896 0.0471776 5
0.89216 0.00900267 7
0.955108 0.54129 2
0.922239 0.230964 3
0.919826 0.028688 6
0.930108 0.0666941 5
0.937445 0.13971 4
0.904714 0.00526254 8
0.962211 0.569962 2
0.876631 5.8901e-06 16
0.908553 0.00572305 8
0.977995 0.67333 2
0.857516 8.97803e-10 26
0.969413 0.608852 2
0.904527 0.00524216 8
0.985184 1 1
0.977973 0.673134 2
0.935048 0.134737 4
0.869551 4.28739e-07 19
0.942222 0.151282 4
0.923921 0.0311699 6
0.928041 0.0642341 5
0.945197 0.159806 4
0.905468 0.00261875 9
0.95825 0.335709 3
0.968952 0.606003 2
0.913738 0.0064899 8
0.934343 0.0724985 5
0.918467 0.0143001 7
0.949326 0.294426 3
0.904487 0.0025552 9
0.888572 8.64704e-05 13
0.952611 0.30785 3
0.953673 0.312603 3
0.947655 0.167757 4
0.962307 0.360348 3
0.968273 0.601898 2
0.900026 0.00110859 10
0.995109 1 1
0.880358 3.06575e-06 17
0.929146 0.065521 5
0.96166 0.35612 3
0.858829 1.84969e-10 28
0.984186 0.736724 2
0.930828 0.0676045 5
0.979133 0.683768 2
0.9739 0.639665 2
0.953531 0.311953 3
0.873723 2.26919e-07 20
0.962614 0.36239 3
0.944573 0.157926 4
0.941762 0.150059 4
0.897752 0.00104609 10
0.911534 0.00614076 8
0.908281 0.00568764 8
0.968098 0.600861 2
0.89771 0.001045 10
0.887004 8.25717e-05 13
0.914302 0.013023 7
0.979884 0.690931 2
0.8989 0.00107681 10
0.888451 8.61587e-05 13
0.945033 0.159308 4
0.905338 0.00261017 9
0.935361 0.135359 4
0.932352 0.129709 4
0.941333 0.268436 3
0.950183 0.297756 3
0.941209 0.268097 3
0.921914 0.0581054 5
0.938927 0.262113 3
0.972092 0.626548 2
0.901879 0.00496923 8
0.960985 0.564414 2
0.925666 0.0616678 5
0.954286 0.315441 3
0.935889 0.136426 4
0.961132 0.565063 2
0.91444 0.0260349 6
0.947825 0.519129 2
0.927912 0.23954 3
0.92754 0.238926 3
0.909146 0.0493049 5
0.898822 0.0209151 6
0.926524 0.120553 4
0.967473 0.597215 2
0.893229 0.00912928 7
0.906277 0.0478357 5
0.905555 0.0227613 6
0.963891 0.578036 2
0.890258 0.00406457 8
0.877556 0.000312821 11
0.940051 0.264994 3
0.924607 0.117974 4
0.957468 0.54993 2
0.965102 0.584203 2
0.974025 0.640608 2
0.915951 0.0534574 5
0.977392 0.667998 2
0.89695 0.00453508 8
0.943789 0.275547 3
0.968001 0.600291 2
0.874966 2.7278e-05 14
0.99092 1 1
0.941557 0.269058 3
0.974167 0.641684 2
0.959974 0.560035 2
0.970259 0.614229 2
0.890194 0.000879103 10
0.889368 0.00401017 8
0.879623 0.00071747 10
0.88729 0.0038895 8
0.979097 1 1
0.882042 0.00164393 9
0.948341 0.520505 2
0.906279 0.0478364 5
0.914768 0.107274 4
0.942518 0.27178 3
0.900532 0.0213435 6
0.887472 0.00389973 8
0.895458 0.00940857 7
0.878688 0.000705972 10
0.912649 0.0513125 5
0.942849 0.272743 3
0.881791 0.00360691 8
0.870944 0.000623061 10
0.878263 0.00155271 9
0.971266 1 1
0.871508 0.000628452 10
0.951433 0.529334 2
0.900365 0.0452139 5
0.90297 0.0463086 5
0.950992 0.52801 2
0.889682 0.00872556 7
0.881309 0.00358437 8
0.884093 0.00371931 8
0.867425 0.000261166 11
0.903971 0.0467534 5
0.947349 0.517883 2
0.970739 0.617367 2
0.951335 0.302415 3
0.949514 0.295149 3
0.904836 0.00527602 8
0.919198 0.0283459 6
0.912713 0.0125963 7
0.976946 0.664142 2
0.906554 0.00547338 8
0.890621 0.000415595 11
0.922911 0.0589989 5
0.988358 1 1
0.907308 0.00556485 8
0.896252 0.00100835 10
0.95441 0.316025 3
0.909143 0.0117402 7
0.892257 0.00419311 8
0.887743 0.00180539 9
0.896268 0.00448155 8
0.95905 0.556191 2
0.899342 0.00995089 7
0.920702 0.113266 4
0.901874 0.0103488 7
0.937932 0.259666 3
0.910176 0.0243203 6
0.917858 0.0548259 5
0.885631 0.000801262 10
0.917323 0.054432 5
0.901725 0.0103242 7
0.917298 0.0544134 5
0.914102 0.0522238 5
31 0 1 2 3 4 5 7 9 10 11 12 13 14 15 17 18 19 20 21 23 24 25 26 27 29 31 33 35 36 37 39 
40 0 1 2 3 4 5 6 7 8 9 10 11 12 13 14 15 16 17 18 19 20 21 22 23 24 25 26 27 28 29 30 31 32 33 34 35 36 37 38 39 
34 0 1 2 3 4 5 7 8 9 11 13 14 15 16 17 18 19 20 21 22 23 24 25 26 27 28 29 30 31 33 35 36 37 39 
21 1 3 5 7 9 11 13 14 15 17 18 20 24 25 27 29 31 33 36 37 39 
27 0 1 2 3 4 5 7 9 11 13 14 15 17 18 19 20 23 24 25 27 29 31 33 35 36 37 39 
30 0 1 2 3 4 5 7 9 10 11 12 13 14 15 17 18 19 20 21 23 24 25 27 29 31 33 35 36 37 39 
33 0 1 2 3 4 5 7 8 9 11 12 13 14 15 17 18 19 20 21 22 23 24 25 26 27 29 30 31 33 35 36 37 39 
8 1 5 7 11 20 24 27 29 
29 0 1 2 3 4 5 7 9 10 11 12 13 14 15 17 18 19 20 21 23 25 27 29 31 33 35 36 37 39 
17 1 3 5 7 9 11 12 13 15 17 18 20 24 27 29 31 39 
38 0 1 2 3 4 5 6 7 8 9 10 11 12 13 14 15 16 17 18 19 20 21 22 23 24 25 26 27 28 29 30 31 33 34 35 36 37 39 
12 1 3 5 7 11 13 18 20 25 27 29 39 
5 1 5 11 20 29 
30 0 1 2 3 4 5 7 9 10 11 12 13 14 15 17 18 19 20 21 23 24 25 27 29 31 33 35 36 37 39 
30 0 1 2 3 4 5 7 9 10 11 12 13 14 15 17 18 19 20 21 23 24 25 27 29 31 33 35 36 37 39 
