30 15 1e+07
1.49246 177441
1.15217 114104
1.67293 101442
1.43394 140395
2.31015 165051
1.22814 155337
2.44506 194129
1.89585 183057
1.33006 109733
2.753 145190
1.28321 113427
1.88917 199315
1.42551 171452
1.23779 125182
1.60626 151598
2.79933 174297
2.64609 189020
1.38431 115332
1.85404 182701
2.17984 159869
1.91634 192554
1.62966 156452
2.94278 134176
1.2914 171490
1.53138 139501
1.07511 139735
1.79657 187774
1.19205 171726
2.3369 195056
2.31411 145656
0.974654 1 1
0.96289 1 1
0.955802 0.543749 2
0.97375 1 1
0.923117 0.232187 3
0.940174 0.501525 2
0.939805 0.500791 2
0.942541 0.50646 2
0.951714 0.530187 2
0.937533 0.496477 2
0.937433 0.496295 2
0.908239 0.101928 4
0.945599 0.51349 2
0.932041 0.246942 3
0.948868 0.521936 2
0.903969 0.0467525 5
0.920308 0.228395 3
0.888121 0.00856181 7
0.895724 0.0201975 6
0.874081 0.00146337 9
0.949494 0.523675 2
0.850076 1.26091e-06 17
0.910344 0.103532 4
0.857016 1.81684e-05 14
0.878001 0.00343776 8
0.910344 0.103532 4
0.986791 1 1
0.854018 7.40515e-06 15
0.943933 0.509563 2
0.859778 4.40108e-05 13
0.949955 0.524983 2
0.909152 0.0239505 6
0.96532 0.58535 2
0.922414 0.115246 4
0.878147 0.000143465 12
0.892168 0.00418723 8
0.920706 0.11327 4
0.935551 0.25418 3
0.976039 1 1
0.89268 0.00422152 8
0.885124 0.00079346 10
0.86769 1.01576e-05 15
0.983594 1 1
0.881691 0.000339744 11
0.922872 0.115797 4
0.915369 0.02645 6
0.942268 0.271061 3
0.8989 0.00224348 9
0.961723 0.56772 2
0.972915 0.63239 2
0.914734 0.0261647 6
0.961984 0.568915 2
0.885778 0.000171748 12
0.917956 0.0276963 6
0.985517 1 1
0.949713 0.295914 3
0.88057 6.92795e-05 13
0.909093 0.0117292 7
0.918979 0.0556796 5
0.969087 0.606832 2
0.956939 0.547922 2
0.966521 1 1
0.936372 0.4944 2
0.945454 0.513139 2
0.90808 0.101812 4
0.977734 1 1
0.898785 0.0445913 5
0.949333 0.523225 2
0.909041 0.102527 4
0.917359 0.224761 3
0.940792 0.502774 2
0.953313 0.535237 2
0.905276 0.0998374 4
0.96164 1 1
0.908699 0.10227 4
0.916388 0.0269246 6
0.964831 0.582797 2
0.894309 0.00203895 9
0.949186 0.293894 3
0.951779 0.304276 3
0.958014 0.552047 2
0.908648 0.0116316 7
0.896588 0.00213552 9
0.88851 0.000848702 10
0.952037 0.30537 3
0.988889 1 1
0.929139 0.124398 4
0.881496 0.000154773 12
0.971307 0.621159 2
0.918467 0.055285 5
0.974698 0.645771 2
0.965616 0.586921 2
0.954685 0.31733 3
0.974709 0.64586 2
0.923985 0.0600022 5
0.943045 0.273319 3
0.938133 0.141233 4
0.943019 0.273243 3
0.948833 0.292567 3
0.938193 0.141368 4
0.939575 0.144577 4
0.910908 0.0121468 7
0.942809 0.272626 3
0.934846 0.134341 4
0.947431 0.287477 3
0.949747 0.296046 3
0.933456 0.131701 4
0.940036 0.145688 4
0.917193 0.0273145 6
0.876786 1.30029e-05 15
0.947353 0.287205 3
0.87599 1.27055e-05 15
0.967096 0.595061 2
0.899869 0.00229208 9
0.886658 0.000175648 12
0.907789 0.0114484 7
0.94572 0.281652 3
0.899024 0.00224959 9
0.931374 0.128018 4
0.884823 0.000167686 12
0.948086 0.289818 3
0.904062 0.00252858 9
0.967736 0.598736 2
0.914948 0.0132054 7
0.869837 1.94695e-07 20
0.889534 8.90175e-05 13
0.910162 0.0059412 8
0.939649 0.144754 4
0.964659 0.581912 2
0.884199 3.53269e-05 14
0.878954 6.35153e-06 16
0.867323 3.54706e-08 22
0.972346 0.628331 2
0.878127 2.82847e-06 17
0.912651 0.0125801 7
0.964009 0.578622 2
0.931891 0.246655 3
0.959756 0.559117 2
0.921811 0.23038 3
0.876851 0.00152132 9
0.93676 0.256904 3
0.885521 0.00379316 8
0.988364 1 1
0.916309 0.108712 4
0.888422 0.00859274 7
0.903664 0.0466156 5
0.926945 0.237958 3
0.916495 0.108891 4
0.921011 0.229312 3
0.89357 0.0197387 6
0.901945 0.0103604 7
0.878459 0.000144457 12
0.909284 0.0239975 6
0.900259 0.0100905 7
0.872606 2.56969e-05 14
0.855011 2.2187e-08 22
0.931418 0.128092 4
0.881075 0.000335465 11
0.9526 0.532947 2
0.885411 0.00079786 10
0.863719 1.79597e-06 17
0.826342 3.38276e-12 0
0.953095 0.534529 2
0.849039 1.45182e-09 25
0.925412 0.119033 4
0.950826 0.300329 3
0.986644 1 1
0.928947 0.124103 4
0.985888 1 1
0.945827 0.282006 3
0.956262 0.545412 2
0.935814 0.136272 4
0.924014 0.0600297 5
0.925855 0.119631 4
0.957939 0.551754 2
0.966732 0.593013 2
0.920144 0.0566085 5
0.918748 0.0555009 5
0.954448 0.539013 2
0.946558 0.284455 3
0.937988 0.259802 3
0.961787 0.56801 2
0.920059 0.112553 4
0.985591 1 1
0.958108 0.552414 2
0.932248 0.247343 3
0.958622 0.554458 2
0.907897 0.023517 6
0.932362 0.247567 3
0.973779 1 1
0.956863 0.547635 2
0.89696 0.0096093 7
0.923812 0.116958 4
0.932949 0.248725 3
0.969496 0.609368 2
0.952854 0.308921 3
0.92406 0.0312621 6
0.950171 0.176856 4
0.912193 0.00624127 8
0.868679 7.59235e-09 24
0.93274 0.0701704 5
0.875362 2.42778e-07 20
0.980511 0.697097 2
0.906201 0.00131769 10
0.879687 1.37683e-06 18
0.8968 0.000234582 12
0.928671 0.0346998 6
0.906778 0.00134075 10
0.916879 0.00705703 8
0.883413 3.44156e-06 17
0.906391 0.100603 4
0.882989 0.00807399 7
0.913296 0.105968 4
0.904827 0.0995362 4
0.876412 0.00337202 8
0.859434 4.37271e-05 13
0.935163 0.492319 2
0.885018 0.00825835 7
0.957275 0.54919 2
0.889411 0.0189317 6
0.86801 0.000596359 10
0.83058 3.15242e-10 26
0.957335 0.54942 2
0.853421 7.31176e-06 15
0.929499 0.242257 3
0.934467 0.133606 4
0.956995 0.548133 2
0.917322 0.0544313 5
0.98086 1 1
0.959504 0.558063 2
0.927652 0.122163 4
0.962672 0.572122 2
0.904191 0.0107485 7
0.932305 0.129626 4
0.975385 0.651203 2
0.953864 0.537049 2
0.892539 0.00196997 9
0.923575 0.0596133 5
0.92872 0.123756 4
0.973395 0.635899 2
0.94323 0.507976 2
0.942466 0.506296 2
0.932279 0.247404 3
0.96808 1 1
0.934066 0.251002 3
0.914455 0.106991 4
0.97352 1 1
0.912071 0.104929 4
0.957952 0.551804 2
0.949276 0.523065 2
0.929763 0.242723 3
0.880806 0.00356119 8
0.948733 0.521568 2
0.911211 0.104223 4
0.981371 1 1
0.931504 0.245916 3
0.963835 0.577757 2
0.912345 0.105157 4
0.980118 1 1
0.967101 1 1
0.935426 0.253905 3
0.95095 0.527885 2
0.90272 0.0461994 5
0.922059 0.230718 3
0.981886 1 1
0.96613 1 1
0.900274 0.0451772 5
0.913664 0.106289 4
0.938535 0.498338 2
0.961218 0.565445 2
0.935974 0.0750502 5
0.980181 0.693833 2
0.914356 0.00659461 8
0.976733 0.662323 2
0.958271 0.335829 3
0.953888 0.313591 3
0.933031 0.0705801 5
0.910491 0.00299594 9
0.913903 0.00651744 8
0.967673 0.598373 2
0.980918 0.701185 2
0.918393 0.0142752 7
0.906386 0.00268097 9
0.957773 0.333084 3
0.943529 0.154889 4
0.962023 0.569096 2
0.98349 1 1
0.938865 0.498964 2
0.964633 1 1
0.924225 0.233782 3
0.971991 1 1
0.91656 0.108954 4
0.942292 0.505921 2
0.920917 0.229188 3
0.934845 0.252646 3
0.953483 0.53579 2
0.938155 0.497625 2
0.915752 0.108183 4
0.96166 0.567432 2
0.926796 0.23772 3
0.939507 0.500205 2
0.903812 0.0466819 5
0.951579 0.529776 2
0.920346 0.228444 3
0.879375 0.00157843 9
0.884318 0.00373074 8
0.927661 0.239124 3
0.922014 0.230656 3
0.98257 1 1
0.89384 0.0197945 6
0.88207 0.00362011 8
0.858139 1.85867e-05 14
0.991943 1 1
0.875121 0.000665266 10
0.927979 0.239653 3
0.920176 0.0566342 5
0.968571 0.603689 2
0.897951 0.00219786 9
0.950561 0.299261 3
0.947944 0.289305 3
0.963277 0.575019 2
0.908041 0.0115015 7
0.901042 0.00488914 8
0.89042 0.000883352 10
0.94952 0.295171 3
0.986719 1 1
0.933612 0.131989 4
0.883605 0.000162741 12
0.976245 0.658227 2
0.91805 0.0549699 5
0.924579 0.0605772 5
0.907157 0.00554625 8
0.925628 0.061629 5
0.930431 0.0670992 5
0.901037 0.00235347 9
0.881847 3.29388e-05 14
0.959661 0.343795 3
0.898523 0.00106655 10
0.971497 0.622444 2
0.914727 0.0131424 7
0.892969 0.000440929 11
0.851015 1.0437e-11 0
0.965385 0.585694 2
0.876733 5.90933e-06 16
0.955521 0.321392 3
0.990427 1 1
0.952351 0.306722 3
0.971898 0.625196 2
0.957306 0.54931 2
0.907481 0.0113845 7
0.936392 0.137464 4
0.927164 0.0632559 5
0.957645 0.55061 2
0.953324 0.311018 3
0.92151 0.0577545 5
0.924441 0.0604427 5
0.908754 0.0116548 7
0.949821 0.296334 3
0.925277 0.0612715 5
0.935084 0.134808 4
0.949756 0.296081 3
0.910979 0.0121638 7
0.957421 0.331185 3
0.903922 0.00517694 8
0.858367 4.82508e-09 24
0.914914 0.026245 6
0.873194 2.39226e-06 17
0.981912 0.711474 2
0.911624 0.0123209 7
0.870366 9.81821e-07 18
0.883037 7.3918e-05 13
0.908646 0.0116311 7
0.914118 0.0258949 6
0.89948 0.0022723 9
0.880118 3.13452e-05 14
0.929501 0.24226 3
0.932823 0.248475 3
0.919445 0.111889 4
0.958902 0.555589 2
0.93706 0.495621 2
0.904355 0.0469278 5
0.987874 1 1
0.898829 0.0446083 5
0.950289 0.525945 2
0.951162 0.528517 2
0.925124 0.235119 3
0.870535 0.000275265 11
0.94112 0.503447 2
0.902819 0.0462426 5
0.993299 1 1
0.932151 0.247156 3
0.958862 0.555426 2
0.914221 0.0523003 5
0.980108 1 1
0.963993 0.57854 2
0.929839 0.125498 4
0.958477 0.553876 2
0.902412 0.0104383 7
0.927488 0.121924 4
0.979863 1 1
0.958499 0.553963 2
0.894711 0.00436438 8
0.918857 0.0555853 5
0.931909 0.246688 3
0.968872 0.605512 2
0.90667 0.00548728 8
0.929993 0.0665507 5
0.888778 8.7007e-05 13
0.904741 0.00257139 9
0.886493 8.13638e-05 13
0.959347 0.341954 3
0.858678 9.46073e-10 26
0.908133 0.00566864 8
0.86119 2.40042e-09 25
0.889585 0.000189813 12
0.923178 0.0306848 6
0.990475 1 1
0.857427 3.92759e-10 27
0.95698 0.328839 3
0.86854 8.31466e-08 21
0.92718 0.238338 3
0.922487 0.231307 3
0.921011 0.229312 3
0.947929 0.519403 2
0.923836 0.233215 3
0.894923 0.0200233 6
0.983115 1 1
0.89758 0.0441351 5
0.958622 0.554458 2
0.937538 0.496486 2
0.912467 0.10526 4
0.862006 0.000104803 12
0.949824 0.52461 2
0.89211 0.0194442 6
0.979806 1 1
0.942979 0.273124 3
0.952409 0.532343 2
0.928296 0.123116 4
0.979015 1 1
0.944906 0.279019 3
0.923362 0.116397 4
0.968778 0.604942 2
0.911681 0.024892 6
0.946965 0.285852 3
0.960509 0.562331 2
0.941889 0.269985 3
0.888789 0.000853602 10
0.938062 0.259981 3
0.921506 0.057751 5
0.979547 1 1
7 1 2 7 8 9 13 24 
14 0 1 2 4 6 7 8 9 13 19 20 23 24 27 
6 1 7 9 13 24 27 
16 0 1 2 4 6 7 8 9 11 13 19 20 21 23 24 27 
28 0 1 2 3 4 6 7 8 9 10 11 12 13 14 15 16 17 18 19 20 22 23 24 25 26 27 28 29 
17 0 1 2 4 6 7 8 9 10 13 14 19 20 22 23 24 27 
29 0 1 2 4 5 6 7 8 9 10 11 12 13 14 15 16 17 18 19 20 21 22 23 24 25 26 27 28 29 
6 1 7 9 13 24 27 
14 0 1 2 4 6 7 8 9 13 19 20 23 24 27 
30 0 1 2 3 4 5 6 7 8 9 10 11 12 13 14 15 16 17 18 19 20 21 22 23 24 25 26 27 28 29 
29 0 1 2 3 4 6 7 8 9 10 11 12 13 14 15 16 17 18 19 20 21 22 23 24 25 26 27 28 29 
5 1 7 9 13 24 
18 0 1 2 4 5 6 7 8 9 11 13 18 19 20 21 23 24 27 
28 0 1 2 3 4 6 7 8 9 10 11 12 13 14 15 16 17 18 19 20 22 23 24 25 26 27 28 29 
23 0 1 2 4 6 7 8 9 10 11 12 13 14 16 19 20 22 23 24 25 27 28 29 
