70 15 1e+07
2.99515 176950
1.71933 121126
1.92196 183888
2.0173 113597
1.08307 184910
2.68751 121528
1.10505 172606
2.11935 131382
1.51334 164531
2.22788 162577
1.12657 136029
2.35037 190669
2.51863 173490
1.88251 120811
2.77634 143983
2.03494 133521
2.08029 115684
2.15828 140885
1.35876 131311
1.56407 143325
1.33095 139847
2.65557 169580
1.10573 135054
1.11096 148041
1.91385 154092
2.48758 114942
2.33064 141633
1.43486 179713
1.79082 174884
1.55719 151404
1.26164 195513
2.34327 103014
2.12107 128024
2.08614 179901
1.34504 147738
1.24838 127763
1.29761 174502
1.01059 181818
1.00314 146843
1.38437 163102
1.97936 198424
2.2676 173625
2.53063 137053
2.50342 167793
1.51561 119652
1.70219 172520
2.53335 105712
2.00003 180764
1.53711 177511
2.66321 105634
1.48531 143236
1.6527 123256
1.1872 129030
1.44639 134694
2.22156 181661
1.67723 136765
1.47301 110159
1.71755 177376
1.06183 118278
1.7062 184893
1.80419 119396
1.85463 100707
1.76861 146170
2.17318 148405
2.36492 193372
1.0671 134230
2.17533 170738
1.25262 150184
1.60907 172697
1.84148 184637
0.941113 0.267833 3
0.916669 0.027059 6
0.956159 0.545038 2
0.902785 0.00505914 8
0.949469 0.294976 3
0.905357 0.0109642 7
0.973809 0.63898 2
0.987928 1 1
0.89871 0.00223421 9
0.921503 0.0577483 5
0.940204 0.265394 3
0.98767 1 1
0.903546 0.00513737 8
0.994871 1 1
0.958359 0.553407 2
0.953444 0.535664 2
0.964358 0.580377 2
0.944631 0.278151 3
0.940248 0.265511 3
0.884561 0.000784947 10
0.970297 0.614475 2
0.910923 0.0245998 6
0.897193 0.00455457 8
0.959275 0.557113 2
0.979638 1 1
0.948077 0.289788 3
0.897606 0.004588 8
0.975185 0.649604 2
0.900651 0.0101518 7
0.880268 0.000330001 11
0.90308 0.0220308 6
0.883752 0.00168905 9
0.926542 0.120579 4
0.861215 3.81342e-06 16
0.966729 0.592994 2
0.877557 0.000312825 11
0.951343 0.529062 2
0.935265 0.253554 3
0.914321 0.0523654 5
0.908658 0.0490443 5
0.897176 0.00963905 7
0.935958 0.255082 3
0.87878 0.000320365 11
0.930695 0.244408 3
0.950574 0.526776 2
0.927076 0.0334253 6
0.902843 0.00119609 10
0.94559 0.16102 4
0.887537 1.83931e-05 15
0.964756 0.377446 3
0.892223 9.68256e-05 13
0.977013 0.664718 2
0.994095 1 1
0.894342 0.000103794 13
0.911923 0.00619965 8
0.925166 0.0320209 6
0.994203 1 1
0.890924 4.39458e-05 14
0.987171 0.773796 2
0.975687 0.653644 2
0.942553 0.506487 2
0.934633 0.252194 3
0.9544 0.538851 2
0.908182 0.0487947 5
0.915584 0.108026 4
0.933371 0.249574 3
0.935221 0.253459 3
0.916028 0.108445 4
0.978432 1 1
0.968066 0.600674 2
0.934675 0.252283 3
0.916653 0.109043 4
0.936488 0.25628 3
0.91706 0.109441 4
0.907152 0.0482684 5
0.868528 2.0665e-06 17
0.860872 6.22788e-08 21
0.884388 0.00016589 12
0.8366 5.25614e-12 0
0.889151 0.000860033 10
0.86139 1.43811e-07 20
0.886247 0.000374898 11
0.867093 8.8213e-07 18
0.923946 0.0599654 5
0.891806 0.000910252 10
0.861272 6.31763e-08 21
0.867787 2.02099e-06 17
0.865046 3.67242e-07 19
0.864822 3.64521e-07 19
0.874704 1.2248e-05 15
0.877837 2.94291e-05 14
0.867613 8.96933e-07 18
0.895696 0.00209664 9
0.843064 7.06444e-12 0
0.905847 0.0110579 7
0.866733 8.72088e-07 18
0.901142 0.00489859 8
0.882035 7.19725e-05 13
0.926954 0.0630262 5
0.898614 0.00222956 9
0.870604 2.20262e-06 17
0.88274 7.33306e-05 13
0.869984 2.16061e-06 17
0.87937 3.06947e-05 14
0.891002 0.00089446 10
0.93675 0.0763321 5
0.944177 0.156756 4
0.934144 0.0721999 5
0.920685 0.0150895 7
0.882297 3.29679e-06 17
0.950249 0.177154 4
0.905042 0.00127334 10
0.88887 1.9298e-05 15
0.974578 0.644845 2
0.967933 0.402531 3
0.930493 0.0362786 6
0.889371 1.96558e-05 15
0.955296 0.320289 3
0.891364 4.46231e-05 14
0.875726 2.46511e-07 20
0.898547 0.0444997 5
0.888995 0.0188561 6
0.915471 0.107921 4
0.863836 0.000246428 11
0.913126 0.105821 4
0.888248 0.0187224 6
0.915403 0.107858 4
0.895217 0.0432853 5
0.94925 0.522992 2
0.920834 0.229079 3
0.891073 0.0192427 6
0.89593 0.0435359 5
0.89158 0.0193404 6
0.893451 0.0197141 6
0.899359 0.0448142 5
0.938865 0.0800734 5
0.914338 0.00659156 8
0.957702 0.332701 3
0.898166 0.000245073 12
0.959238 0.341321 3
0.903677 0.00122439 10
0.984263 0.73762 2
0.991409 1 1
0.903974 0.00123475 10
0.923408 0.0308334 6
0.936622 0.0761178 5
0.99196 1 1
0.902403 0.0011816 10
0.991416 1 1
0.965998 0.386847 3
0.882706 0.0080491 7
0.889482 0.0189446 6
0.884783 0.0082364 7
0.869193 0.000606859 10
0.850621 2.96709e-06 16
0.896792 0.0438457 5
0.864686 0.000249785 11
0.846627 1.16194e-06 17
0.944279 0.51036 2
0.912886 0.105615 4
0.876444 0.00337331 8
0.84721 1.17791e-06 17
0.901816 0.0458127 5
0.847594 1.18861e-06 17
0.840607 7.71112e-08 20
0.911118 0.0121973 7
0.896473 0.0021304 9
0.931978 0.129055 4
0.871659 2.27698e-06 17
0.939043 0.143318 4
0.892907 0.000932799 10
0.939736 0.144963 4
0.919431 0.0284716 6
0.942198 0.270862 3
0.926449 0.0624849 5
0.903954 0.00518043 8
0.920167 0.0566271 5
0.895255 0.000984648 10
0.91701 0.0272246 6
0.925004 0.0609975 5
0.913448 0.0256092 6
0.926083 0.0620988 5
0.908273 0.0115509 7
0.907703 0.0114305 7
0.858432 2.50822e-08 22
0.935556 0.135749 4
0.879742 6.7832e-05 13
0.863955 3.54274e-07 19
0.954821 0.317982 3
0.941948 0.270153 3
0.908251 0.0115461 7
0.86444 3.59947e-07 19
0.940798 0.266979 3
0.866446 8.64196e-07 18
0.851487 6.92589e-10 26
0.965021 0.583784 2
0.988303 1 1
0.941289 0.268316 3
0.982668 1 1
0.875779 1.26287e-05 15
0.984516 1 1
0.906093 0.0111058 7
0.900147 0.00480662 8
0.919395 0.0560068 5
0.954403 0.315994 3
0.967506 0.597404 2
0.900284 0.00481906 8
0.979008 0.682597 2
0.905512 0.0109938 7
0.876597 2.84672e-05 14
0.960795 0.350659 3
0.940332 0.146416 4
0.984501 0.740411 2
0.916577 0.00699846 8
0.938469 0.0793436 5
0.932649 0.0700428 5
0.966668 0.392129 3
0.949199 0.173215 4
0.943689 0.155345 4
0.961478 0.354952 3
0.953895 0.313622 3
0.949782 0.175379 4
0.933127 0.0707169 5
0.951018 0.180159 4
0.93443 0.0726298 5
0.884406 0.00373523 8
0.869497 0.000270409 11
0.905619 0.0475184 5
0.845523 8.83591e-08 20
0.932355 0.247553 3
0.866026 0.000112592 12
0.920718 0.228928 3
0.903044 0.0463407 5
0.917376 0.109754 4
0.898589 0.0208584 6
0.877642 0.00153875 9
0.903741 0.0466498 5
0.868373 0.000265322 11
0.899254 0.021021 6
0.916667 0.109057 4
0.947071 0.517166 2
0.96267 0.572113 2
0.935752 0.254624 3
0.94199 0.270271 3
0.875373 0.000135167 12
0.971946 0.625532 2
0.901763 0.0216681 6
0.888701 0.00183592 9
0.952612 0.532984 2
0.96971 0.610716 2
0.94274 0.272425 3
0.889086 0.0018485 9
0.977405 1 1
0.892347 0.00419913 8
0.87134 5.56503e-05 13
0.884259 7.63793e-06 16
0.879147 6.20364e-07 19
0.897608 0.000240698 12
0.854661 1.26337e-11 0
0.888952 1.93555e-05 15
0.880809 1.43941e-06 18
0.892612 4.66354e-05 14
0.872793 4.49655e-08 22
0.945547 0.160886 4
0.910392 0.00298753 9
0.876869 2.58758e-07 20
0.873482 1.02058e-07 21
0.88482 7.79665e-06 16
0.871525 1.92325e-08 23
0.875626 2.45475e-07 20
0.919334 0.11177 4
0.900278 0.0100935 7
0.942927 0.272972 3
0.876986 0.000309424 11
0.962363 0.57067 2
0.894156 0.00432428 8
0.961711 0.567667 2
0.941985 0.270258 3
0.929198 0.124491 4
0.925858 0.119636 4
0.913019 0.0515399 5
0.942735 0.272409 3
0.895437 0.00940576 7
0.938761 0.261699 3
0.948725 0.521545 2
0.889939 4.24863e-05 14
0.901427 0.000559879 11
0.887057 1.80829e-05 15
0.883958 7.55481e-06 16
0.843763 7.30161e-12 0
0.910726 0.00301597 9
0.861854 2.15767e-10 28
0.845215 7.82609e-12 0
0.940816 0.147623 4
0.918865 0.0144359 7
0.884561 7.72299e-06 16
0.845735 8.02481e-12 0
0.915814 0.00685464 8
0.847108 8.57983e-12 0
0.835476 5.00084e-12 0
0.929929 0.125641 4
0.919545 0.0561257 5
0.946016 0.28263 3
0.893563 0.000946742 10
0.922848 0.0589409 5
0.9177 0.0275667 6
0.936603 0.137906 4
0.916089 0.0267835 6
0.970036 0.612795 2
0.95206 0.305469 3
0.922173 0.0583341 5
0.916777 0.0271111 6
0.920666 0.0570388 5
0.915867 0.0266796 6
0.912191 0.0250939 6
0.894174 0.000103215 13
0.900445 0.000543358 11
0.8963 0.000230927 12
0.879287 1.3555e-06 18
0.860084 8.71344e-11 29
0.907388 0.00275206 9
0.875312 2.42268e-07 20
0.85722 1.4523e-11 0
0.956282 0.325222 3
0.924774 0.0317473 6
0.887774 1.85492e-05 15
0.857802 1.50002e-11 0
0.912435 0.00627895 8
0.858331 3.5038e-11 30
0.850377 1.01022e-11 0
0.887872 0.000181293 12
0.895121 0.000981527 10
0.889298 0.000188338 12
0.874841 2.52591e-06 17
0.853087 1.40359e-10 28
0.902589 0.00244026 9
0.868139 1.82621e-07 20
0.850233 1.00285e-11 0
0.948516 0.291391 3
0.918154 0.0277977 6
0.881663 3.27629e-05 14
0.850808 2.37925e-11 30
0.90765 0.00560738 8
0.851379 2.44718e-11 30
0.843405 7.17914e-12 0
0.917111 0.054278 5
0.9319 0.12892 4
0.909598 0.0241098 6
0.914982 0.0262754 6
0.856695 2.35524e-08 22
0.942247 0.271003 3
0.879378 6.72128e-05 13
0.864462 8.12431e-07 18
0.950005 0.297054 3
0.943792 0.275555 3
0.912461 0.025202 6
0.864913 8.2377e-07 18
0.947436 0.287496 3
0.867325 1.99335e-06 17
0.85056 6.66562e-10 26
0.914745 0.052643 5
0.893066 0.00198998 9
0.938508 0.261072 3
0.872104 2.53805e-05 14
0.984072 1 1
0.885242 0.000795254 10
0.970278 0.61435 2
0.955991 0.544427 2
0.910765 0.0245401 6
0.913853 0.0520639 5
0.909713 0.0241515 6
0.956683 0.546965 2
0.885677 0.000801989 10
0.951024 0.528105 2
0.969664 0.610426 2
0.954203 0.538184 2
0.931023 0.245013 3
0.978769 1 1
0.909745 0.103065 4
0.95026 0.525862 2
0.921975 0.230604 3
0.981291 1 1
0.963751 1 1
0.929993 0.243134 3
0.947577 0.518477 2
0.94891 0.522051 2
0.96437 1 1
0.92177 0.230326 3
0.965019 1 1
0.948116 0.519902 2
0.908766 0.00575095 8
0.904741 0.00257139 9
0.92011 0.0288459 6
0.879611 6.4922e-06 16
0.897571 0.000499482 11
0.906533 0.0026912 9
0.908324 0.0056933 8
0.888373 8.59589e-05 13
0.973074 0.63355 2
0.936701 0.138112 4
0.901234 0.00114464 10
0.889042 8.76989e-05 13
0.910623 0.00600688 8
0.888163 8.54242e-05 13
0.885996 3.73481e-05 14
0.977706 1 1
0.962967 0.573527 2
0.981127 1 1
0.937066 0.257613 3
0.915766 0.108196 4
0.956001 0.544464 2
0.945146 0.512398 2
0.931863 0.2466 3
0.949506 0.523708 2
0.982186 1 1
0.969519 0.609514 2
0.932285 0.247416 3
0.95655 0.546473 2
0.935421 0.253895 3
0.913124 0.0516046 5
0.881704 0.0016353 9
0.869388 5.33469e-05 13
0.901143 0.0215028 6
0.844932 6.78956e-09 23
0.91766 0.110037 4
0.867368 5.11265e-05 13
0.910441 0.0500174 5
0.891715 0.00415737 8
0.924259 0.117525 4
0.899857 0.0211715 6
0.874609 0.00029596 11
0.892421 0.00903318 7
0.870243 0.000121888 12
0.888606 0.00396496 8
0.902436 0.0218513 6
0.964243 1 1
0.942996 0.507458 2
0.988457 1 1
0.919627 0.227526 3
0.936933 0.495392 2
0.934817 0.252586 3
0.966406 1 1
0.950219 0.525742 2
0.941659 0.504572 2
0.962177 0.569807 2
0.957493 0.550023 2
0.950764 0.527334 2
0.935035 0.253055 3
0.952522 0.532699 2
0.933808 0.250467 3
0.954723 0.317511 3
0.965914 0.588519 2
0.945377 0.280534 3
0.9417 0.269456 3
0.884776 0.000167491 12
0.971754 0.624201 2
0.911382 0.0247756 6
0.897867 0.00219392 9
0.958043 0.552161 2
0.980108 1 1
0.949446 0.294886 3
0.898272 0.00464316 8
0.976586 0.661084 2
0.901397 0.00492278 8
0.880664 6.94465e-05 13
0.985176 1 1
0.96556 0.586618 2
0.968265 0.601855 2
0.95331 0.310955 3
0.906971 0.00552355 8
0.95273 0.308374 3
0.938639 0.142383 4
0.936327 0.137329 4
0.916462 0.0269597 6
0.952545 0.307563 3
0.99092 1 1
0.93638 0.137438 4
0.949422 0.294795 3
0.942271 0.151413 4
0.910266 0.0119954 7
0.927866 0.239463 3
0.908802 0.049121 5
0.951504 0.529549 2
0.885231 0.00377791 8
0.958531 0.554093 2
0.902586 0.0461413 5
0.965924 0.588573 2
0.944924 0.51187 2
0.935262 0.253548 3
0.934377 0.251652 3
0.92138 0.114034 4
0.945679 0.513686 2
0.903826 0.0466879 5
0.942566 0.506514 2
0.946879 0.516676 2
0.913385 0.106045 4
0.889655 0.00872267 7
0.933786 0.250423 3
0.873184 0.000645021 10
0.978478 1 1
0.879729 0.00158681 9
0.970126 1 1
0.976744 1 1
0.889484 0.00870435 7
0.902091 0.0459293 5
0.910735 0.103841 4
0.976991 1 1
0.878883 0.00156696 9
0.969909 1 1
0.993027 1 1
0.96039 0.348165 3
0.949934 0.296776 3
0.970391 0.615081 2
0.92326 0.0307371 6
0.917685 0.0140412 7
0.946339 0.163392 4
0.942932 0.153217 4
0.92587 0.0325242 6
0.964859 0.58294 2
0.981426 0.706389 2
0.952352 0.306727 3
0.926417 0.0329265 6
0.948483 0.170636 4
0.928076 0.0642734 5
0.912029 0.00621595 8
0.893445 0.00427409 8
0.895157 0.00439721 8
0.90004 0.0100567 7
0.872034 2.53367e-05 14
0.872205 2.54433e-05 14
0.899989 0.0100489 7
0.884041 0.000357065 11
0.864939 1.85936e-06 17
0.960593 0.562694 2
0.923593 0.116684 4
0.886441 0.000814082 10
0.86557 1.89342e-06 17
0.904733 0.0108476 7
0.865254 1.87626e-06 17
0.861178 7.36186e-07 18
0.930341 0.126304 4
0.906563 0.0230783 6
0.952488 0.532594 2
0.888081 0.00181604 9
0.974009 0.640484 2
0.896966 0.00453638 8
0.99037 1 1
0.980641 1 1
0.907601 0.0234176 6
0.920967 0.113564 4
0.926719 0.120827 4
0.981403 1 1
0.896407 0.00449232 8
0.976136 1 1
0.975511 1 1
0.91859 0.110987 4
0.898867 0.0209261 6
0.942416 0.506188 2
0.876022 0.000675106 10
0.966916 0.594045 2
0.892348 0.0090246 7
0.964255 0.579854 2
0.945171 0.51246 2
0.92528 0.235355 3
0.923458 0.116515 4
0.912523 0.0512356 5
0.945917 0.514268 2
0.893443 0.00915514 7
0.941608 0.504464 2
0.953103 0.534555 2
0.920294 0.0289492 6
0.931052 0.127476 4
0.91642 0.0269401 6
0.910729 0.0121041 7
0.866844 1.74117e-07 20
0.939491 0.144377 4
0.888197 0.000182854 12
0.872052 2.3057e-06 17
0.963781 0.577488 2
0.949969 0.296914 3
0.914661 0.0261322 6
0.87255 2.34288e-06 17
0.944775 0.278605 3
0.874443 5.50098e-06 16
0.859777 1.16063e-08 23
0.979426 1 1
0.965863 0.588243 2
0.96036 0.561684 2
0.958535 0.554108 2
0.900425 0.0213159 6
0.953045 0.534366 2
0.931733 0.246352 3
0.930901 0.244787 3
0.910805 0.0502239 5
0.947415 0.518055 2
0.987275 1 1
0.93089 0.244768 3
0.949097 0.522567 2
0.937044 0.257562 3
0.904368 0.046934 5
0.941986 0.150652 4
0.954982 0.31876 3
0.933624 0.0714338 5
0.933565 0.0713479 5
0.875994 2.62631e-06 17
0.963386 0.575547 2
0.901115 0.00235774 9
0.886883 8.22827e-05 13
0.959592 0.343388 3
0.968661 0.604232 2
0.936934 0.138608 4
0.887311 8.33109e-05 13
0.968761 0.604838 2
0.89013 0.000192671 12
0.871011 4.5186e-07 19
0.956488 0.546244 2
0.968342 0.602311 2
0.932446 0.24773 3
0.988138 1 1
0.870573 0.000122672 12
0.96164 0.567342 2
0.901007 0.0214671 6
0.899566 0.0210985 6
0.899592 0.0211049 6
0.93548 0.254024 3
0.962914 0.573271 2
0.899543 0.0210927 6
0.956256 0.545392 2
0.90556 0.0474902 5
0.873916 0.000292239 11
0.952543 0.532765 2
0.930729 0.24447 3
0.977412 1 1
0.908169 0.0236092 6
0.949189 0.522822 2
0.922554 0.115413 4
0.977013 1 1
0.957604 0.550453 2
0.936017 0.255215 3
0.950602 0.526856 2
0.946477 0.515658 2
0.95826 0.553016 2
0.92282 0.115734 4
0.958331 0.553296 2
0.944953 0.279171 3
0.921258 0.113894 4
0.923146 0.116131 4
0.925843 0.236219 3
0.89879 0.0209072 6
0.886734 0.00385861 8
0.92738 0.238664 3
0.904215 0.0468643 5
0.885748 0.00380522 8
0.988143 1 1
0.952579 0.532881 2
0.914159 0.106726 4
0.886342 0.00383719 8
0.932068 0.246996 3
0.886972 0.00387179 8
0.877604 0.000693096 10
0.957317 0.549352 2
0.96638 1 1
0.948949 0.522159 2
0.941144 0.503497 2
0.888307 0.00858088 7
0.970717 1 1
0.91499 0.107476 4
0.90129 0.0455926 5
0.959579 0.558373 2
0.984005 1 1
0.951648 0.529986 2
0.901703 0.0457651 5
0.975135 1 1
0.904768 0.0471181 5
0.884164 0.00817946 7
0.880661 0.00355455 8
0.874839 0.00147877 9
0.894735 0.0199831 6
0.850372 2.9506e-06 16
0.889473 0.0189431 6
0.876187 0.00150699 9
0.891519 0.0193285 6
0.871789 0.000631174 10
0.940459 0.502096 2
0.906074 0.100383 4
0.873289 0.00144763 9
0.872482 0.00143193 9
0.880105 0.00352942 8
0.870263 0.000616658 10
0.875818 0.00149915 9
0.963969 0.578422 2
0.97504 0.648457 2
0.939614 0.14467 4
0.985924 1 1
0.876662 5.8959e-06 16
0.966636 0.592478 2
0.907341 0.00556893 8
0.904996 0.00529385 8
0.906149 0.00542549 8
0.942574 0.152234 4
0.970157 0.613566 2
0.90501 0.0052953 8
0.961284 0.565739 2
0.910908 0.0121468 7
0.879563 1.41308e-05 15
0.875252 0.000134824 12
0.862499 3.93973e-06 16
0.895032 0.00935357 7
0.838296 1.33745e-11 30
0.916209 0.0536371 5
0.860279 1.63369e-06 17
0.906377 0.023019 6
0.888318 0.00182357 9
0.916396 0.0537681 5
0.892561 0.0042135 8
0.86828 2.31634e-05 14
0.889013 0.00184608 9
0.86307 3.99789e-06 16
0.884883 0.00172038 9
0.900815 0.0101776 7
0.918652 0.028056 6
0.926767 0.0628245 5
0.917445 0.0274389 6
0.905058 0.00530066 8
0.871306 1.01353e-06 18
0.934023 0.13276 4
0.891254 0.000422161 11
0.874268 2.47818e-06 17
0.970755 0.617466 2
0.949519 0.295166 3
0.912494 0.0125399 7
0.874801 2.5225e-06 17
0.939206 0.143702 4
0.876264 5.82191e-06 16
0.863461 3.03495e-08 22
0.900275 0.00481822 8
0.902675 0.00504803 8
0.905873 0.0110629 7
0.879501 3.08077e-05 14
0.874393 5.49256e-06 16
0.907713 0.0114327 7
0.887961 0.00038993 11
0.869058 9.401e-07 18
0.967365 0.596597 2
0.930855 0.127149 4
0.893314 0.000941404 10
0.869677 9.59491e-07 18
0.912515 0.0252242 6
0.869677 9.59495e-07 18
0.863917 1.56842e-07 20
0.944253 0.276972 3
0.961896 0.568508 2
0.931647 0.128484 4
0.943368 0.274278 3
0.870915 1.00018e-06 18
0.972538 0.629692 2
0.897448 0.00217442 9
0.884838 7.76466e-05 13
0.948119 0.289938 3
0.964885 0.583076 2
0.940487 0.146799 4
0.885205 7.84468e-05 13
0.977957 0.672985 2
0.888608 0.000184871 12
0.86712 3.93854e-07 19
0.961495 0.355065 3
0.963927 0.371455 3
0.957231 0.33017 3
0.937141 0.0769966 5
0.897412 0.000497231 11
0.964778 0.377609 3
0.92397 0.0312022 6
0.909466 0.0058448 8
0.963633 0.369379 3
0.993229 1 1
0.954717 0.317486 3
0.909912 0.00590621 8
0.968205 0.601499 2
0.912683 0.00631809 8
0.892957 0.000208756 12
0.981896 1 1
0.957373 0.549566 2
0.977009 0.664682 2
0.942314 0.271194 3
0.917814 0.0547935 5
0.945102 0.279646 3
0.949845 0.29643 3
0.946928 0.285723 3
0.918916 0.0556313 5
0.952581 0.307718 3
0.982353 1 1
0.947028 0.28607 3
0.942567 0.271921 3
0.952711 0.308291 3
0.921007 0.0573249 5
0.891227 0.00192186 9
0.895869 0.00445083 8
0.895073 0.00439098 8
0.87405 5.91421e-05 13
0.862475 1.73466e-06 17
0.902105 0.0103869 7
0.876139 0.000137371 12
0.857629 2.90571e-07 19
0.955847 0.543908 2
0.921759 0.114473 4
0.884597 0.000785484 10
0.858231 2.95897e-07 19
0.907058 0.0232387 6
0.8584 2.97416e-07 19
0.852168 2.01135e-08 22
0.8762 2.64489e-06 17
0.864669 3.18356e-08 22
0.895087 0.000466285 11
0.840269 6.20375e-12 0
0.910876 0.0121391 7
0.863106 1.32765e-08 23
0.903558 0.00249769 9
0.884932 3.61293e-05 14
0.921359 0.0295638 6
0.895252 0.000468361 11
0.869087 1.8923e-07 20
0.885633 7.93956e-05 13
0.866127 3.37666e-08 22
0.881869 1.51901e-05 15
0.895717 0.000474327 11
0.980316 1 1
0.957144 0.548693 2
0.972912 1 1
0.94398 0.509672 2
0.915314 0.107775 4
0.94462 0.511155 2
0.947111 0.51727 2
0.945606 0.513508 2
0.915518 0.107964 4
0.949663 0.524152 2
0.982611 1 1
0.945652 0.51362 2
0.941761 0.269628 3
0.95162 0.529902 2
0.919116 0.111538 4
0.911175 0.0504368 5
0.919272 0.111704 4
0.91056 0.0500845 5
0.898083 0.00976661 7
0.866764 2.23704e-05 14
0.92673 0.120842 4
0.885555 0.00173957 9
0.868304 2.31762e-05 14
0.966459 0.591496 2
0.941909 0.270043 3
0.905027 0.0225999 6
0.868848 2.34719e-05 14
0.931902 0.246675 3
0.870098 5.41659e-05 13
0.858445 6.80436e-07 18
0.902567 0.00243899 9
0.907547 0.00559455 8
0.905527 0.00262267 9
0.885314 3.6559e-05 14
0.868912 8.43928e-08 21
0.913749 0.0128711 7
0.884581 3.57412e-05 14
0.866299 3.40048e-08 22
0.966388 0.591102 2
0.933502 0.0712561 5
0.895934 0.000477161 11
0.866888 3.48376e-08 22
0.918743 0.0281036 6
0.8674 3.55851e-08 22
0.859263 4.28446e-10 27
0.879545 0.000148002 12
0.87266 2.57316e-05 14
0.894581 0.00205 9
0.848121 6.0383e-10 26
0.892907 0.00198389 9
0.873484 2.62674e-05 14
0.893384 0.00200227 9
0.873728 2.64297e-05 14
0.937134 0.257772 3
0.903967 0.0107083 7
0.872181 2.54287e-05 14
0.874425 2.69022e-05 14
0.877255 6.37834e-05 13
0.871929 1.13455e-05 15
0.878934 0.000145987 12
0.875782 6.1575e-05 13
0.86191 7.52245e-07 18
0.89632 0.00448555 8
0.837917 5.57511e-12 0
0.922188 0.114976 4
0.859066 3.03516e-07 19
0.910216 0.0243352 6
0.892711 0.00197647 9
0.912947 0.0514951 5
0.8914 0.00192809 9
0.868956 1.04909e-05 15
0.8934 0.0020029 9
0.861631 7.46073e-07 18
0.888962 0.00184442 9
0.90663 0.0231 6
0.943461 0.154697 4
0.922305 0.0301351 6
0.968044 0.600544 2
0.89957 0.00109552 10
0.955902 0.323297 3
0.914661 0.0131236 7
0.978226 0.675406 2
0.956754 0.327656 3
0.934694 0.134044 4
0.944084 0.156485 4
0.937372 0.139553 4
0.957481 0.331504 3
0.915211 0.0132811 7
0.956017 0.323872 3
0.949362 0.294566 3
0.909932 0.024231 6
0.903487 0.0106233 7
0.92354 0.116618 4
0.878061 6.50496e-05 13
0.905882 0.0110647 7
0.904081 0.0107288 7
0.915015 0.0528223 5
0.894753 0.00205704 9
0.968654 0.604187 2
0.935903 0.25496 3
0.902319 0.0104227 7
0.89544 0.00441834 8
0.907837 0.0234968 6
0.89414 0.00203215 9
0.893798 0.00201852 9
0.973274 1 1
0.96622 1 1
0.971453 1 1
0.939068 0.499354 2
0.908125 0.101845 4
0.96182 0.568161 2
0.936446 0.494529 2
0.922729 0.231642 3
0.955402 0.542322 2
0.991872 1 1
0.965526 1 1
0.923156 0.232242 3
0.963326 0.575256 2
0.926197 0.23677 3
0.904774 0.0471208 5
0.884146 0.00372199 8
0.882428 0.00363725 8
0.894361 0.0199036 6
0.858614 8.18794e-06 15
0.877092 0.00152658 9
0.885751 0.00380541 8
0.88426 0.00372778 8
0.864668 4.83918e-05 13
0.949792 0.524519 2
0.912538 0.10532 4
0.876903 0.00152244 9
0.865333 0.00011118 12
0.890165 0.00877783 7
0.864097 4.7845e-05 13
0.864686 4.84098e-05 13
0.878294 6.54229e-05 13
0.876656 6.28698e-05 13
0.888602 0.00085031 10
0.853066 3.91289e-09 24
0.873088 1.17091e-05 15
0.880083 0.000149816 12
0.879269 6.70286e-05 13
0.859755 1.36176e-07 20
0.943531 0.274767 3
0.906502 0.0111861 7
0.871096 1.1095e-05 15
0.86042 1.39213e-07 20
0.884502 0.000360659 11
0.859055 5.84177e-08 21
0.860479 1.39484e-07 20
0.933244 0.249318 3
0.937815 0.259384 3
0.933831 0.250514 3
0.913574 0.0518864 5
0.886093 0.00175527 9
0.942757 0.272473 3
0.907232 0.0232955 6
0.890076 0.00405332 8
0.983158 1 1
0.965176 0.58459 2
0.926502 0.120523 4
0.890616 0.00408692 8
0.947592 0.518517 2
0.892112 0.00418351 8
0.87862 0.00031936 11
0.957416 0.549728 2
0.982318 1 1
0.937203 0.257932 3
0.968728 0.604634 2
0.872061 0.000126319 12
0.995203 1 1
0.901273 0.0215372 6
0.892503 0.00904277 7
0.929758 0.242714 3
0.960314 0.561488 2
0.956851 0.547592 2
0.892735 0.00907026 7
0.993491 1 1
0.897293 0.00965529 7
0.871038 0.000123791 12
0.918862 0.0144348 7
0.895355 0.000224275 12
0.940769 0.147505 4
0.877277 5.74551e-07 19
0.984097 0.735679 2
0.885906 1.73713e-05 15
0.978272 0.675824 2
0.975545 0.652492 2
0.899228 0.000523997 11
0.910181 0.00296984 9
0.915403 0.00677952 8
0.976107 0.657079 2
0.885405 7.96759e-06 16
0.969287 0.608065 2
0.987084 0.772649 2
0.901279 0.00236665 9
0.882625 3.36991e-05 14
0.924512 0.0605112 5
0.859723 2.24954e-09 25
0.961513 0.566767 2
0.876861 5.93345e-06 16
0.947349 0.287189 3
0.9307 0.0674409 5
0.916193 0.0268324 6
0.90844 0.00570832 8
0.895173 0.00098273 10
0.931399 0.0683478 5
0.87828 6.21205e-06 16
0.926318 0.0623462 5
0.945442 0.280742 3
0.893686 0.00918483 7
0.887816 0.00391925 8
0.90745 0.0484188 5
0.862945 9.04587e-06 15
0.896836 0.00959239 7
0.888982 0.00398712 8
0.901911 0.021708 6
0.881869 0.000746672 10
0.953925 0.537253 2
0.919549 0.112001 4
0.886209 0.00175871 9
0.882561 0.00165736 9
0.892879 0.00908735 7
0.880736 0.000731654 10
0.883762 0.00168933 9
62 0 1 2 3 4 5 6 7 8 9 10 11 12 14 15 17 18 19 20 21 22 23 24 25 26 27 28 29 30 32 33 34 35 36 37 38 40 42 43 44 45 47 48 49 51 52 53 54 55 56 57 58 59 60 61 62 63 64 65 67 68 69 
66 0 1 2 3 4 5 6 7 8 9 10 11 12 14 15 16 17 18 19 20 21 22 23 24 25 26 27 28 29 30 31 32 33 34 35 36 37 38 39 40 42 43 44 45 47 48 49 50 51 52 53 54 55 56 57 58 59 60 61 62 63 64 65 67 68 69 
59 1 2 4 5 6 7 8 10 11 12 14 15 16 17 18 19 20 21 22 23 24 25 26 27 28 29 30 32 33 34 35 36 37 38 40 42 43 44 45 47 48 49 50 51 53 54 56 57 58 59 60 61 62 63 64 65 67 68 69 
65 0 1 2 3 4 7 8 9 10 11 12 13 14 15 16 18 19 20 21 22 23 24 25 26 27 28 29 30 31 32 33 34 35 36 37 38 39 40 41 42 43 44 45 46 47 48 49 50 51 52 53 55 56 57 58 60 61 62 63 64 65 66 67 68 69 
49 1 2 4 5 6 7 8 10 11 12 15 16 17 18 20 21 22 23 24 26 28 30 32 34 35 37 38 40 43 44 45 47 48 49 50 51 53 54 56 57 58 59 60 61 63 64 65 68 69 
66 0 1 2 3 4 5 6 7 8 9 10 11 12 14 15 16 17 18 19 20 21 22 23 24 25 26 27 28 29 30 31 32 33 34 35 36 37 38 39 40 42 43 44 45 47 48 49 50 51 52 53 54 55 56 57 58 59 60 61 62 63 64 65 67 68 69 
44 2 4 5 6 8 10 11 12 15 17 18 19 20 21 22 24 26 28 32 33 35 36 37 38 42 43 45 47 48 49 53 54 56 57 58 59 60 61 63 64 65 67 68 69 
59 1 2 3 4 5 6 7 8 9 10 11 12 14 15 16 17 18 20 23 24 25 26 27 28 29 30 32 33 34 35 36 37 38 40 42 43 44 45 47 48 49 50 51 53 54 56 57 58 59 60 61 62 63 64 65 66 67 68 69 
29 5 6 8 10 11 15 17 19 21 22 26 28 35 43 45 47 48 49 53 54 56 57 58 59 61 63 64 68 69 
50 1 2 4 5 6 7 8 10 11 12 15 16 17 18 19 20 21 22 23 24 26 28 30 32 34 35 37 38 40 43 44 45 47 48 49 50 51 53 54 56 57 58 59 60 61 63 64 65 68 69 
60 1 2 4 5 6 7 8 10 11 12 13 14 15 16 17 18 19 20 21 22 23 24 25 26 27 28 29 30 32 34 35 36 37 38 40 42 43 44 45 47 48 49 50 51 53 54 56 57 58 59 60 61 62 63 64 65 66 67 68 69 
48 2 3 4 5 6 7 8 10 11 12 14 15 17 18 20 22 24 25 26 28 29 32 33 34 35 36 37 38 42 43 45 47 48 49 53 54 56 57 58 59 60 61 63 64 65 67 68 69 
55 1 2 4 5 6 7 8 10 11 12 14 15 16 17 18 19 20 21 22 23 24 26 27 28 29 30 32 34 35 37 38 40 42 43 44 45 47 48 49 50 51 53 54 56 57 58 59 60 61 62 63 64 65 68 69 
65 1 2 3 4 5 6 7 8 9 10 11 12 13 14 15 16 17 18 20 21 22 23 24 25 26 27 28 29 30 31 32 33 34 35 36 37 38 40 42 43 44 45 47 48 49 50 51 52 53 54 55 56 57 58 59 60 61 62 63 64 65 66 67 68 69 
56 1 2 4 5 6 7 8 10 11 12 14 15 16 17 18 20 23 24 25 26 27 28 29 30 32 34 35 36 37 38 40 42 43 44 45 47 48 49 50 51 53 54 56 57 58 59 60 61 62 63 64 65 66 67 68 69 
