50 15 1e+07
1.6809 180449
1.67385 127122
1.76547 193198
2.53488 190414
1.76043 137028
1.35699 143347
1.66807 118329
1.40405 198943
1.3072 163210
2.5345 128084
2.90671 191519
2.46047 181971
1.85491 105427
1.14613 115747
1.22357 180229
1.17792 103214
1.82872 133581
1.21517 100316
2.42096 130177
2.31254 130121
1.66327 140452
1.43441 100759
1.23945 143482
2.71463 100848
2.30488 186119
2.54605 153713
1.12205 162885
2.31 140319
2.97025 108512
2.04488 192211
1.25358 152646
2.8695 130802
1.62713 114005
2.84616 197402
1.82706 188500
1.73088 135886
2.44271 168803
2.59521 135706
2.69977 133938
2.69174 130141
2.20105 190709
2.11327 147922
1.13814 146527
1.35388 143057
1.90183 194465
1.62676 102033
1.54147 148496
2.31452 135239
2.40024 181529
1.16333 182695
0.990778 1 1
0.912437 0.105235 4
0.924751 0.23456 3
0.890689 0.0191694 6
0.882825 0.00805958 7
0.894691 0.0199736 6
0.95108 0.528272 2
0.950711 0.527178 2
0.944384 0.510603 2
0.91575 0.108181 4
0.977455 1 1
0.876141 0.00150602 9
0.968351 1 1
0.980162 1 1
0.985685 1 1
0.971368 0.62157 2
0.926872 0.121043 4
0.946164 0.283125 3
0.924708 0.118104 4
0.916942 0.0541559 5
0.902078 0.0103825 7
0.925928 0.11973 4
0.91804 0.0549625 5
0.961431 0.566397 2
0.948225 0.290323 3
0.972853 0.631946 2
0.909999 0.0242553 6
0.980729 1 1
0.944177 0.276734 3
0.949559 0.295322 3
0.929594 0.12511 4
0.917058 0.0542399 5
0.952347 0.532148 2
0.959921 0.559814 2
0.955201 0.541616 2
0.902057 0.010379 7
0.893261 0.00426129 8
0.881402 0.000740408 10
0.940458 0.266068 3
0.96561 0.586885 2
0.932591 0.248016 3
0.950751 0.527294 2
0.942759 0.272481 3
0.903532 0.0221593 6
0.909448 0.024056 6
0.926469 0.237199 3
0.901614 0.0457275 5
0.967581 1 1
0.947158 0.51739 2
0.945713 0.513769 2
0.91752 0.224951 3
0.898176 0.0443587 5
0.883606 0.00812894 7
0.927301 0.238534 3
0.948254 0.520271 2
0.925998 0.23646 3
0.947155 0.517381 2
0.934793 0.491699 2
0.900954 0.0454537 5
0.908538 0.10215 4
0.981303 1 1
0.904569 0.0108174 7
0.92071 0.0570754 5
0.882424 0.000344973 11
0.87483 2.71828e-05 14
0.894816 0.00205964 9
0.958509 0.554006 2
0.959974 0.560035 2
0.935594 0.254276 3
0.906942 0.0232008 6
0.968388 0.602588 2
0.868678 4.64714e-06 16
0.958994 0.555961 2
0.985506 1 1
0.995241 1 1
0.956168 0.545069 2
0.892957 0.000933855 10
0.969421 0.608899 2
0.906266 0.0111395 7
0.902044 0.00498532 8
0.935146 0.134932 4
0.943853 0.275743 3
0.926816 0.0628775 5
0.92629 0.0623168 5
0.920838 0.0571829 5
0.946118 0.28297 3
0.901254 0.00490918 8
0.948054 0.289705 3
0.935706 0.136054 4
0.946411 0.283955 3
0.981022 0.702243 2
0.909044 0.00287755 9
0.946985 0.165501 4
0.904352 0.00124819 10
0.897707 0.000501414 11
0.912571 0.0063004 8
0.948383 0.170282 4
0.938558 0.142199 4
0.943358 0.154406 4
0.925817 0.0324853 6
0.969489 0.609325 2
0.893022 0.00020915 12
0.968361 0.602426 2
0.957703 0.332708 3
0.966896 0.593928 2
0.96373 0.577238 2
0.931114 0.127581 4
0.945463 0.280813 3
0.932544 0.130049 4
0.924473 0.1178 4
0.899062 0.00471052 8
0.918115 0.0550187 5
0.910197 0.0243281 6
0.964595 0.581583 2
0.956338 0.54569 2
0.967774 0.59896 2
0.916824 0.0540714 5
0.977729 1 1
0.93697 0.25739 3
0.941726 0.269529 3
0.936331 0.137336 4
0.932859 0.130611 4
0.940675 0.266649 3
0.959942 0.5599 2
0.951435 0.302834 3
0.890777 0.000890132 10
0.893522 0.000945869 10
0.884431 0.000166067 12
0.955786 0.322711 3
0.978968 0.682219 2
0.94248 0.27167 3
0.941885 0.269974 3
0.953455 0.31161 3
0.910603 0.0120743 7
0.91484 0.026212 6
0.89081 0.000890755 10
0.85004 1.2217e-10 28
0.958158 0.552612 2
0.899908 0.0047851 8
0.903641 0.00514731 8
0.954424 0.316091 3
0.888093 0.000391136 11
0.867829 9.03209e-07 18
0.876697 2.85427e-05 14
0.893771 0.00201744 9
0.88442 0.000166022 12
0.914745 0.0261696 6
0.889866 0.000873024 10
0.870622 2.20387e-06 17
0.880776 6.96469e-05 13
0.90401 0.0051864 8
0.851974 1.33344e-10 28
0.965945 0.588685 2
0.89026 0.000411928 11
0.891632 0.000426172 11
0.976282 0.658538 2
0.909493 0.0118183 7
0.888024 0.000182019 12
0.881509 3.26167e-05 14
0.890722 0.000416632 11
0.895097 0.000980978 10
0.899566 0.00227667 9
0.898609 0.00222929 9
0.886418 0.000174569 12
0.897327 0.00216888 9
0.927646 0.239099 3
0.857464 7.98085e-06 15
0.947562 0.518439 2
0.871466 0.000279753 11
0.868984 0.000268066 11
0.95711 0.548566 2
0.954289 0.538474 2
0.930952 0.244881 3
0.889858 0.00874453 7
0.88292 0.00366106 8
0.914215 0.106776 4
0.871394 0.000279399 11
0.912738 0.10549 4
0.918988 0.111403 4
0.930605 0.244243 3
0.891578 0.00893562 7
0.880391 0.000727202 10
0.941639 0.269285 3
0.949074 0.522503 2
0.956072 0.544721 2
0.904164 0.0223426 6
0.866475 5.01945e-05 13
0.851101 1.03865e-07 20
0.898882 0.0209297 6
0.930879 0.244746 3
0.892113 0.00899722 7
0.969963 1 1
0.901302 0.0215448 6
0.866927 5.06633e-05 13
0.874234 0.000293935 11
0.968744 0.604734 2
0.917441 0.0139623 7
0.955298 0.320297 3
0.922313 0.0301403 6
0.915661 0.00682651 8
0.91157 0.00614615 8
0.93067 0.0674015 5
0.920159 0.0148948 7
0.951472 0.302986 3
0.942679 0.15252 4
0.965674 0.384343 3
0.910614 0.00600551 8
0.971475 0.622294 2
0.942033 0.150778 4
0.949319 0.173658 4
0.952158 0.305888 3
0.916537 0.0136777 7
0.962243 0.359925 3
0.936519 0.0759456 5
0.930769 0.0675289 5
0.912834 0.00634219 8
0.916679 0.0137215 7
0.904689 0.00256806 9
0.947592 0.167541 4
0.952372 0.30681 3
0.951782 0.304287 3
0.926642 0.0330954 6
0.960209 0.347069 3
0.925665 0.0323756 6
0.932687 0.0700963 5
0.962575 1 1
0.887532 0.018597 6
0.91282 0.105559 4
0.866741 0.00025824 11
0.859783 0.000100874 12
0.89575 0.0434723 5
0.972924 1 1
0.97896 1 1
0.917436 0.224853 3
0.889894 0.0190206 6
0.949567 0.523881 2
0.854829 1.73937e-05 14
0.940388 0.501953 2
0.97775 1 1
0.984706 1 1
0.929067 0.0350314 6
0.858983 1.6029e-11 0
0.949017 0.172551 4
0.873005 4.53987e-08 22
0.870472 1.83126e-08 23
0.956763 0.327701 3
0.954481 0.31636 3
0.931194 0.0369238 6
0.891428 4.47232e-05 14
0.884546 7.71874e-06 16
0.915687 0.00683132 8
0.872789 4.49572e-08 22
0.914302 0.00658535 8
0.92 0.0148368 7
0.931654 0.0373599 6
0.890449 0.000883897 10
0.866406 8.63112e-07 18
0.951648 0.303723 3
0.927951 0.122602 4
0.933696 0.132145 4
0.923315 0.0593708 5
0.873828 1.1951e-05 15
0.856233 1.01241e-08 23
0.888734 0.000852625 10
0.914872 0.0262261 6
0.888062 0.000840958 10
0.946933 0.28574 3
0.895927 0.00210655 9
0.86703 1.97601e-06 17
0.875664 2.7777e-05 14
0.904545 0.0108131 7
0.8397 6.04447e-12 0
0.942339 0.271264 3
0.863612 7.91611e-07 18
0.863091 3.44462e-07 19
0.979426 1 1
0.930035 0.12581 4
0.9073 0.0113471 7
0.871028 1.10752e-05 15
0.870101 4.83778e-06 16
0.892224 0.00195818 9
0.868526 4.62739e-06 16
0.892169 0.00195616 9
0.894439 0.00204424 9
0.905782 0.0110454 7
0.963551 0.576357 2
0.913591 0.0256695 6
0.960997 0.564465 2
0.923836 0.0598605 5
0.917827 0.0276307 6
0.916051 0.0267655 6
0.929443 0.0658781 5
0.91751 0.0274714 6
0.947007 0.285996 3
0.942136 0.270686 3
0.959852 0.559519 2
0.913768 0.0257444 6
0.965791 0.587854 2
0.937375 0.139558 4
0.945242 0.280097 3
0.900247 0.00481568 8
0.871946 1.13508e-05 15
0.9627 0.572256 2
0.92862 0.123604 4
0.932663 0.130262 4
0.930184 0.12605 4
0.88395 0.000356365 11
0.866219 1.9295e-06 17
0.896078 0.00446683 8
0.919452 0.0560515 5
0.897257 0.00455965 8
0.943452 0.274531 3
0.904826 0.0108647 7
0.876817 6.31135e-05 13
0.885684 0.000370189 11
0.961703 0.567628 2
0.883351 0.00167822 9
0.929848 0.242875 3
0.874319 0.000294394 11
0.868468 5.2316e-05 13
0.914939 0.10743 4
0.981421 1 1
0.967365 0.596597 2
0.915584 0.108026 4
0.894585 0.00929658 7
0.946538 0.515812 2
0.865417 2.17024e-05 14
0.94026 0.265542 3
0.962068 0.5693 2
0.973768 1 1
0.928925 0.241256 3
0.915094 0.107572 4
0.95395 0.537334 2
0.95901 0.556029 2
0.954814 0.540269 2
0.90368 0.0466225 5
0.893484 0.0197209 6
0.88129 0.00358348 8
0.938676 0.498605 2
0.963588 1 1
0.931524 0.245954 3
0.951163 0.528518 2
0.941559 0.504362 2
0.90288 0.0462689 5
0.908998 0.102495 4
0.962476 0.5712 2
0.951229 0.528719 2
0.905599 0.022775 6
0.905585 0.0227707 6
0.895323 0.00939095 7
0.865798 2.18883e-05 14
0.911082 0.0503829 5
0.914445 0.0524461 5
0.976659 1 1
0.935535 0.254146 3
0.977392 1 1
0.883731 0.00168848 9
0.975714 1 1
0.951535 0.529642 2
0.947069 0.51716 2
0.955872 0.323143 3
0.882258 7.2397e-05 13
0.951528 0.303222 3
0.886765 0.000176136 12
0.882228 7.23403e-05 13
0.934416 0.133508 4
0.964716 0.582207 2
0.945121 0.279709 3
0.915602 0.0265568 6
0.903196 0.00510104 8
0.941959 0.270184 3
0.881242 7.0493e-05 13
0.939767 0.145036 4
0.944277 0.277046 3
0.956254 0.325076 3
0.987374 1 1
0.926829 0.237772 3
0.934027 0.250922 3
0.910294 0.103492 4
0.901994 0.0458879 5
0.89534 0.0201134 6
0.934621 0.252168 3
0.930611 0.244254 3
0.961424 0.566368 2
0.936031 0.255246 3
0.988055 1 1
0.894357 0.0199028 6
0.987467 1 1
0.960494 0.562265 2
0.964332 0.580248 2
0.948217 0.520171 2
0.870962 0.000623229 10
0.924157 0.233682 3
0.863794 0.000108152 12
0.858513 1.87293e-05 14
0.917767 0.110146 4
0.993516 1 1
0.970618 1 1
0.9027 0.0461908 5
0.882792 0.00365483 8
0.9333 0.24943 3
0.856475 1.79721e-05 14
0.927038 0.238108 3
0.951977 0.530996 2
0.962404 0.570863 2
0.969108 0.606961 2
0.941612 0.149668 4
0.931196 0.0369255 6
0.925166 0.0320209 6
0.915866 0.0068644 8
0.887238 1.81991e-05 15
0.91721 0.00712205 8
0.913215 0.00640353 8
0.977133 0.665748 2
0.953076 0.309906 3
0.979285 0.685201 2
0.906209 0.00131798 10
0.990849 1 1
0.944727 0.158384 4
0.946692 0.164537 4
0.970208 0.613901 2
0.916749 0.0540179 5
0.954814 0.540269 2
0.920586 0.113135 4
0.913935 0.0521163 5
0.911863 0.0508392 5
0.932372 0.247586 3
0.921896 0.114632 4
0.950924 0.527806 2
0.941089 0.267769 3
0.966464 0.591521 2
0.908934 0.0238737 6
0.971697 0.62381 2
0.943583 0.274924 3
0.951015 0.528077 2
0.937095 0.495683 2
0.942845 0.507124 2
0.931757 0.246397 3
0.958146 0.552564 2
0.948032 0.519677 2
0.882534 0.00364232 8
0.891023 0.019233 6
0.883762 0.00814299 7
0.964026 1 1
0.985372 1 1
0.945493 0.513234 2
0.93612 0.493959 2
0.956652 0.54685 2
0.912287 0.105109 4
0.915245 0.107711 4
0.916521 0.0538564 5
0.886199 0.00175841 9
0.974131 1 1
0.935804 0.254739 3
0.937003 0.257465 3
0.929198 0.124491 4
0.896061 0.00948793 7
0.879315 0.000323765 11
0.912072 0.0509641 5
0.93252 0.247876 3
0.913879 0.0520804 5
0.943214 0.273821 3
0.921626 0.114318 4
0.892253 0.00419287 8
0.900884 0.0101886 7
0.956404 0.325845 3
0.931467 0.0684382 5
0.946717 0.284997 3
0.939549 0.144514 4
0.931541 0.0685363 5
0.898598 0.00106857 10
0.912175 0.0124584 7
0.903593 0.00249979 9
0.962959 0.573486 2
0.962299 0.570371 2
0.960893 0.351265 3
0.923776 0.0310737 6
0.971326 0.621285 2
0.929847 0.0663706 5
0.93463 0.13392 4
0.906448 0.0230414 6
0.851584 3.69902e-09 24
0.964747 0.582364 2
0.886828 0.00082034 10
0.887689 0.000834615 10
0.980784 1 1
0.914736 0.0526368 5
0.892937 0.00198503 9
0.881692 0.000339751 11
0.8888 0.000853796 10
0.896841 0.00452644 8
0.894931 0.00438048 8
0.899743 0.0100114 7
0.889837 0.00187355 9
0.900919 0.0101941 7
0.957141 0.548685 2
0.884416 0.000166005 12
0.906452 0.0111762 7
0.861186 6.29835e-08 21
0.854121 1.77542e-09 25
0.890786 0.000890306 10
0.970812 0.617847 2
0.983537 1 1
0.913303 0.0255484 6
0.884638 0.000166918 12
0.945077 0.279565 3
0.848982 1.16555e-10 28
0.935447 0.135531 4
0.976461 0.660033 2
0.979902 0.691109 2
0.910892 0.0502738 5
0.948912 0.522058 2
0.906404 0.0478976 5
0.968404 1 1
0.956556 0.546493 2
0.858303 8.13103e-06 15
0.864054 4.78039e-05 13
0.858403 8.14935e-06 15
0.949123 0.52264 2
0.983173 1 1
0.921494 0.114166 4
0.939189 0.262774 3
0.931824 0.246525 3
0.888537 0.00860472 7
0.88976 0.00873398 7
0.905691 0.0475528 5
0.85897 3.60672e-06 16
0.9728 1 1
0.901468 0.0215891 6
0.903283 0.0220883 6
0.963289 0.575076 2
0.904259 0.0223708 6
0.883716 0.00168807 9
0.887602 0.00390708 8
0.900143 0.0212439 6
0.898241 0.0207748 6
0.911669 0.0507249 5
0.902932 0.0219892 6
0.885975 0.00381739 8
0.896468 0.0095423 7
0.951671 0.303819 3
0.875885 5.75271e-06 16
0.941924 0.150488 4
0.877084 5.97595e-06 16
0.87247 1.05494e-06 18
0.931808 0.0688923 5
0.974764 0.646288 2
0.953246 0.310668 3
0.908798 0.00575516 8
0.894038 0.000453414 11
0.936972 0.138689 4
0.871454 1.01865e-06 18
0.93325 0.131322 4
0.945536 0.28105 3
0.957458 0.331381 3
0.923123 0.232196 3
0.948749 0.521611 2
0.917827 0.225316 3
0.966171 1 1
0.954423 0.53893 2
0.869103 0.000606044 10
0.876277 0.00336654 8
0.870066 0.000614838 10
0.958291 0.553139 2
0.996186 1 1
0.933101 0.488956 2
0.93905 0.499319 2
0.943837 0.509345 2
0.899776 0.0449784 5
0.901616 0.0457283 5
0.881957 0.00164175 9
0.875339 0.000667614 10
0.93097 0.244915 3
0.947778 0.519006 2
0.956855 0.547606 2
0.895839 0.0202229 6
0.856473 3.39593e-06 16
0.84133 2.56507e-09 24
0.891557 0.0089332 7
0.925578 0.235811 3
0.883055 0.00167034 9
0.973891 1 1
0.892397 0.00903039 7
0.857461 3.47712e-06 16
0.864492 4.8222e-05 13
0.940614 0.147116 4
0.904116 0.00519767 8
0.974795 0.646532 2
0.935876 0.136399 4
0.932518 0.130003 4
0.923206 0.0592694 5
0.913094 0.0126958 7
0.898475 0.00222284 9
0.933613 0.131992 4
0.944667 0.278264 3
0.938262 0.141525 4
0.932005 0.129101 4
0.945942 0.282384 3
0.915175 0.0263623 6
0.923342 0.0593956 5
0.953856 0.537023 2
0.962038 0.569162 2
0.903787 0.0106762 7
0.912888 0.0253761 6
0.902183 0.0104 7
0.861756 3.3005e-07 19
0.901793 0.0103355 7
0.904114 0.0107347 7
0.98529 1 1
0.943346 0.274212 3
0.969176 0.607381 2
0.889514 0.000866574 10
0.971697 0.62381 2
0.940582 0.266398 3
0.936773 0.256933 3
0.923516 0.0309032 6
0.856201 7.13087e-11 29
0.953271 0.310777 3
0.874935 1.15121e-06 18
0.873119 4.88551e-07 19
0.965754 0.587655 2
0.945403 0.160439 4
0.922362 0.0301707 6
0.888362 8.59301e-05 13
0.884501 3.56548e-05 14
0.910829 0.00603664 8
0.876521 2.67415e-06 17
0.910418 0.00597751 8
0.912621 0.0125726 7
0.924232 0.0313778 6
0.985372 0.750884 2
0.932075 0.0692528 5
0.926101 0.0326926 6
0.907886 0.00278874 9
0.899013 0.000520706 11
0.887718 3.94636e-05 14
0.930885 0.0676778 5
0.929562 0.0660218 5
0.965771 0.58775 2
0.935132 0.0737098 5
0.996582 1 1
0.890337 9.12384e-05 13
0.990026 1 1
0.962875 0.364155 3
0.963993 0.371922 3
0.950753 0.300032 3
0.894952 0.000221532 12
0.977611 0.669918 2
0.914596 0.00663608 8
0.910873 0.00604297 8
0.935296 0.0739659 5
0.933882 0.0718121 5
0.917202 0.0138857 7
0.92752 0.0337705 6
0.927124 0.0334624 6
0.942996 0.153394 4
0.910658 0.00601181 8
0.946932 0.165325 4
0.928217 0.0343271 6
0.938253 0.0789518 5
0.945834 0.282027 3
0.951453 0.302909 3
0.926737 0.0627925 5
0.94599 0.282544 3
0.935528 0.135693 4
0.878864 3.02675e-05 14
0.896496 0.00213145 9
0.891326 0.000900769 10
0.977291 0.667114 2
0.976265 0.658396 2
0.956276 0.545464 2
0.92332 0.0593749 5
0.967305 0.59625 2
0.922145 0.0583097 5
0.923869 0.0598916 5
0.958919 0.339481 3
0.892488 0.000435514 11
0.964751 0.582387 2
0.902626 0.00244242 9
0.898126 0.00220612 9
0.933696 0.132145 4
0.948568 0.291584 3
0.931574 0.128358 4
0.926051 0.0620656 5
0.918205 0.0278235 6
0.947825 0.288879 3
0.896968 0.00102603 10
0.948745 0.292238 3
0.939644 0.144741 4
0.950628 0.299531 3
0.906537 0.0479629 5
0.889062 0.0086596 7
0.956021 0.544536 2
0.949639 0.524084 2
0.952956 0.534081 2
0.913227 0.105908 4
0.881009 0.00357048 8
0.865638 0.000111797 12
0.910762 0.103863 4
0.938909 0.499049 2
0.906436 0.0479134 5
0.961086 0.564859 2
0.915419 0.107872 4
0.881591 0.00359754 8
0.88916 0.00866989 7
0.918112 0.225659 3
0.849079 1.23117e-06 17
0.943158 0.507817 2
0.865694 0.000253872 11
0.863837 0.000108235 12
0.963431 1 1
0.947174 0.517432 2
0.924006 0.233462 3
0.881116 0.00357543 8
0.875663 0.00149588 9
0.904862 0.0471617 5
0.86725 0.000260412 11
0.903579 0.0465776 5
0.909953 0.103226 4
0.921401 0.22983 3
0.902079 0.00498873 8
0.847261 8.64478e-12 0
0.960017 0.560218 2
0.883195 7.4233e-05 13
0.884348 7.66012e-05 13
0.984501 1 1
0.911953 0.0124026 7
0.890033 0.000409663 11
0.877188 1.31571e-05 15
0.884566 7.70632e-05 13
0.892376 0.000921801 10
0.892053 0.000430723 11
0.895181 0.000982933 10
0.885932 0.00017242 12
0.897018 0.00215478 9
0.929083 0.0654463 5
0.936922 0.0766232 5
0.932279 0.0695308 5
0.967298 0.59621 2
0.957409 0.331119 3
0.882775 7.24086e-06 16
0.88512 1.691e-05 15
0.876796 1.23266e-06 18
0.954825 0.318 3
0.98798 1 1
0.936616 0.0761077 5
0.945379 0.160368 4
0.947672 0.167813 4
0.904052 0.00252795 9
0.907523 0.00276192 9
36 0 2 3 4 5 6 9 10 11 12 13 14 15 16 17 18 19 20 21 22 24 26 28 30 32 33 35 36 38 39 41 43 45 46 47 48 
47 0 1 2 3 4 5 6 7 8 9 10 11 12 13 14 15 17 19 20 21 22 23 24 25 26 27 28 29 30 31 32 33 34 35 36 37 38 39 40 41 42 43 44 45 46 47 49 
14 9 10 12 17 18 20 30 32 35 38 41 46 47 48 
21 2 3 9 10 11 12 16 17 18 20 22 30 32 35 38 39 41 43 46 47 48 
44 0 1 2 3 4 5 6 7 8 9 10 11 12 13 14 15 16 17 18 19 20 21 22 24 25 26 27 28 30 31 32 33 35 36 38 39 41 42 43 45 46 47 48 49 
3 9 17 38 
23 3 5 9 10 11 12 16 17 18 20 24 26 30 32 35 36 38 41 43 45 46 47 48 
25 3 5 9 10 11 12 16 17 18 20 21 24 26 30 32 35 36 38 39 41 43 45 46 47 48 
48 0 1 2 3 4 5 6 7 8 9 10 11 12 13 14 15 16 17 18 19 20 21 22 23 24 25 26 27 28 29 30 31 32 33 35 36 37 38 39 41 42 43 44 45 46 47 48 49 
38 1 2 3 5 6 7 8 9 10 11 12 13 14 16 17 18 19 20 21 22 24 26 28 29 30 31 32 35 36 38 39 41 43 45 46 47 48 49 
48 0 1 2 3 4 5 6 7 8 9 10 11 12 13 14 15 16 17 18 19 20 21 22 24 25 26 27 28 29 30 31 32 33 34 35 36 37 38 39 41 42 43 44 45 46 47 48 49 
35 2 3 4 5 6 9 10 11 12 13 14 15 16 17 18 19 20 21 22 24 26 28 30 32 33 35 36 38 39 41 43 45 46 47 48 
41 0 1 2 3 4 5 6 7 9 10 11 12 13 14 15 16 17 18 19 20 21 22 24 25 26 28 30 31 32 33 35 36 38 39 41 42 43 45 46 47 48 
37 0 1 2 3 4 5 6 9 10 11 12 13 14 15 16 17 18 19 20 21 22 24 26 28 30 32 33 35 36 38 39 41 43 45 46 47 48 
47 0 1 2 3 4 5 6 7 8 9 10 11 12 13 14 15 16 17 18 19 20 21 22 24 25 26 27 28 29 30 31 32 34 35 36 37 38 39 41 42 43 44 45 46 47 48 49 
