40 15 1e+07
1.16273 132403
1.25652 174732
1.28259 168464
1.86781 131774
1.15289 161328
2.24316 188209
2.59749 197856
1.57107 193046
1.50174 194933
1.7482 129123
1.83463 116430
2.32952 156286
2.18625 166927
1.84042 130930
2.58519 102387
2.03748 107734
2.4604 109300
2.91464 119495
2.45731 135556
2.05811 112663
1.63025 157475
1.00795 139947
2.7943 187243
1.74289 160520
1.76543 167799
1.45751 131946
1.21701 197254
2.85472 151625
2.26416 151278
2.49003 194591
1.09894 148697
2.80415 195211
1.41096 163478
2.44363 163273
1.56678 151794
2.89169 134271
1.39861 179229
1.09776 158600
2.32768 116610
1.03661 106612
0.930628 0.126773 4
0.926267 0.120196 4
0.879598 0.000148179 12
0.879685 0.000148469 12
0.935709 0.254529 3
0.908115 0.0235907 6
0.895761 0.00444259 8
0.87919 0.000146825 12
0.856115 2.30694e-08 22
0.980851 1 1
0.939387 0.263275 3
0.995009 1 1
0.968852 0.605389 2
0.921797 0.0580039 5
0.90347 0.0106203 7
0.984778 0.743704 2
0.988694 1 1
0.939412 0.144187 4
0.952551 0.30759 3
0.957574 0.332009 3
0.985517 0.752668 2
0.970174 0.613682 2
0.942109 0.150979 4
0.914303 0.0130232 7
0.90061 0.00112577 10
0.962078 0.358839 3
0.915879 0.0134778 7
0.939549 0.144514 4
0.968307 0.602106 2
0.912222 0.0124705 7
0.948905 0.292838 3
0.953222 0.310561 3
0.970549 0.616116 2
0.946277 0.163191 4
0.939223 0.143741 4
0.972149 0.626947 2
0.987282 1 1
0.927344 0.0336328 6
0.904073 0.0025293 9
0.869616 8.68237e-08 21
0.938973 0.143156 4
0.883943 1.62537e-05 15
0.902054 0.00117037 10
0.956178 0.32469 3
0.878479 2.86407e-06 17
0.917964 0.0277005 6
0.919056 0.0282696 6
0.879623 3.09122e-05 14
0.954234 0.315198 3
0.889973 0.000409066 11
0.918776 0.0281214 6
0.910379 0.0120216 7
0.974566 0.644745 2
0.970759 0.617496 2
0.862324 2.90346e-08 22
0.895566 0.000991923 10
0.875109 5.61506e-06 16
0.90686 0.00551013 8
0.897626 0.00218266 9
0.946908 0.285654 3
0.911336 0.0122502 7
0.910359 0.0120171 7
0.859754 5.10907e-09 24
0.920692 0.0291756 6
0.88638 8.10997e-05 13
0.902089 0.00241163 9
0.890078 0.000192392 12
0.937241 0.139267 4
0.930524 0.0672168 5
0.881635 3.27359e-05 14
0.892814 0.000439169 11
0.892004 0.000430187 11
0.922753 0.0588546 5
0.888366 0.000183678 12
0.988083 1 1
0.943812 0.509288 2
0.948185 0.520085 2
0.967331 1 1
0.948204 0.520137 2
0.933008 0.248844 3
0.967331 1 1
0.981538 1 1
0.9287 0.24087 3
0.906528 0.100699 4
0.864274 0.00010908 12
0.932906 0.24864 3
0.878581 0.0034625 8
0.897394 0.0440665 5
0.949854 0.524694 2
0.876856 0.00152142 9
0.928925 0.241257 3
0.925405 0.235545 3
0.869066 0.000268439 11
0.89919 0.0210051 6
0.915141 0.107615 4
0.908727 0.102291 4
0.894474 0.0199276 6
0.906 0.0477012 5
0.887278 0.0084766 7
0.936239 0.255714 3
0.921445 0.229889 3
0.945127 0.512355 2
0.969891 1 1
0.908798 0.102344 4
0.949893 0.524806 2
0.941374 0.503974 2
0.945815 0.514019 2
0.956571 0.546549 2
0.957326 0.549385 2
0.926596 0.2374 3
0.964756 1 1
0.975656 1 1
0.937287 0.49603 2
0.916052 0.108467 4
0.860679 4.47689e-05 13
0.92736 0.238631 3
0.875126 0.00148469 9
0.896135 0.0202888 6
0.943158 0.507817 2
0.881471 0.00359191 8
0.984419 1 1
0.980422 1 1
0.930143 0.243404 3
0.924067 0.233551 3
0.979451 1 1
0.962576 1 1
0.950057 0.525276 2
0.916663 0.223951 3
0.889759 0.0189957 6
0.926675 0.237526 3
0.986619 1 1
0.942123 0.505558 2
0.957896 0.551583 2
0.974651 1 1
0.906565 0.100725 4
0.968097 0.600857 2
0.966455 0.591474 2
0.90879 0.0491145 5
0.943416 0.508393 2
0.941453 0.26877 3
0.953238 0.534992 2
0.938598 0.261293 3
0.944597 0.511099 2
0.919046 0.111465 4
0.912941 0.0514913 5
0.948156 0.520007 2
0.927654 0.239114 3
0.95957 0.558338 2
0.943626 0.508866 2
0.941368 0.268533 3
0.9627 0.572256 2
0.967094 0.595048 2
0.963835 0.577757 2
0.949327 0.294433 3
0.950269 0.298096 3
0.986168 1 1
0.998002 1 1
0.93216 0.129371 4
0.906724 0.00549368 8
0.881636 3.2737e-05 14
0.95097 0.300914 3
0.896275 0.00100892 10
0.915183 0.0263657 6
0.967184 0.595561 2
0.888798 0.000185812 12
0.87896 1.38732e-05 15
0.877121 1.3131e-05 15
0.825478 3.26349e-12 0
0.8805 3.16862e-05 14
0.858292 2.11403e-09 25
0.866377 1.71185e-07 20
0.853959 3.35097e-10 27
0.896527 0.00101508 10
0.893758 0.00095097 10
0.874159 2.46923e-06 17
0.864596 7.13744e-08 21
0.880198 3.14165e-05 14
0.904164 0.0052028 8
0.856957 1.99713e-09 25
0.962559 0.571588 2
0.993211 1 1
0.995804 1 1
0.936537 0.494689 2
0.945003 0.512057 2
0.963835 1 1
0.979863 1 1
0.96467 1 1
0.936103 0.493928 2
0.908445 0.102081 4
0.908406 0.102052 4
0.969097 1 1
0.923798 0.23316 3
0.946674 0.516156 2
0.971673 1 1
0.913104 0.105802 4
0.912038 0.0250327 6
0.91448 0.0260523 6
0.88881 0.000397803 11
0.967142 0.595324 2
0.885137 0.000169003 12
0.920805 0.057155 5
0.917002 0.0272208 6
0.979884 0.690931 2
0.987171 1 1
0.845326 7.86811e-12 0
0.889629 0.000868665 10
0.85882 2.54419e-08 22
0.888995 0.000399548 11
0.896236 0.00211998 9
0.918183 0.0550699 5
0.945736 0.161477 4
0.949556 0.295308 3
0.931493 0.0684726 5
0.985978 1 1
0.921642 0.0297324 6
0.962267 0.570224 2
0.961135 0.352778 3
0.965786 0.58783 2
0.941799 0.150158 4
0.866306 3.40138e-08 22
0.924878 0.0608723 5
0.880963 1.47598e-05 15
0.907359 0.00557114 8
0.9357 0.13604 4
0.905696 0.00537291 8
0.964715 1 1
0.966295 1 1
0.963024 1 1
0.921582 0.230072 3
0.975636 1 1
0.968525 1 1
0.968014 1 1
0.907495 0.101386 4
0.881288 0.00358339 8
0.900095 0.0451054 5
0.972183 1 1
0.913858 0.106459 4
0.923638 0.232929 3
0.98906 1 1
0.87928 0.00349281 8
0.967874 1 1
0.97216 1 1
0.944405 0.510652 2
0.965102 0.584203 2
0.944572 0.511041 2
0.985696 1 1
0.977985 1 1
0.949994 0.525094 2
0.922961 0.231966 3
0.884856 0.00375837 8
0.947765 0.518971 2
0.899857 0.0211715 6
0.923833 0.23321 3
0.958688 0.554721 2
0.906065 0.0477325 5
0.937315 0.258196 3
0.941192 0.268049 3
0.929064 0.241497 3
0.984872 1 1
0.914182 0.0522749 5
0.954892 0.540539 2
0.956067 0.544704 2
0.964427 0.580725 2
0.944042 0.27632 3
0.858366 1.55264e-06 17
0.917105 0.109485 4
0.872891 0.000128439 12
0.899109 0.0209853 6
0.928648 0.24078 3
0.900356 0.0212982 6
0.873487 0.00145153 9
0.872 0.00142272 9
0.821921 2.81926e-12 0
0.880636 0.00355341 8
0.851656 7.04525e-06 15
0.862582 0.000105863 12
0.850724 2.97397e-06 16
0.89772 0.0441875 5
0.898179 0.0443597 5
0.863443 0.000244903 11
0.857926 4.25159e-05 13
0.870004 0.000614262 10
0.895041 0.0432243 5
0.851443 7.01396e-06 15
0.958389 0.553525 2
0.922936 0.115875 4
0.919417 0.0560239 5
0.863484 1.78415e-06 17
0.894024 0.0043148 8
0.90978 0.0241757 6
0.902827 0.0105087 7
0.888666 0.00183478 9
0.901399 0.0102712 7
0.883567 0.000353444 11
0.935648 0.254394 3
0.915971 0.0534714 5
0.94313 0.273571 3
0.964807 0.582672 2
0.903116 0.0105585 7
0.949172 0.293844 3
0.927963 0.0341223 6
0.930143 0.0667376 5
0.898004 0.000505694 11
0.976755 0.662513 2
0.900149 0.000538538 11
0.934447 0.0726565 5
0.928366 0.0344483 6
0.997396 1 1
0.972801 0.631575 2
0.860987 2.06314e-10 28
0.905016 0.0012724 10
0.874769 2.36867e-07 20
0.9054 0.00128677 10
0.910468 0.00598457 8
0.929132 0.0350857 6
0.890094 0.0190576 6
0.89256 0.0195335 6
0.871466 0.00141266 9
0.94564 0.513591 2
0.864017 0.000247138 11
0.899641 0.044925 5
0.897292 0.0440285 5
0.956314 0.545605 2
0.982321 1 1
0.825699 1.90839e-11 29
0.868286 0.000598777 10
0.838695 3.09683e-08 21
0.868489 0.000600566 10
0.875279 0.00332679 8
0.904312 0.0991952 4
0.961599 0.567158 2
0.960941 0.564218 2
0.906254 0.0478243 5
0.950236 0.52579 2
0.933615 0.250071 3
0.951157 0.528502 2
0.937323 0.258216 3
0.95356 0.536042 2
0.9283 0.24019 3
0.904324 0.0223898 6
0.940068 0.265039 3
0.918698 0.1111 4
0.95095 0.527885 2
0.937596 0.258861 3
0.945831 0.514058 2
0.94071 0.266742 3
0.942558 0.271897 3
0.904344 0.0107764 7
0.976429 0.659758 2
0.912195 0.0250952 6
0.944426 0.277508 3
0.936065 0.255322 3
0.987061 1 1
0.95917 0.556684 2
0.873696 2.64081e-05 14
0.917409 0.0544947 5
0.887739 0.000835471 10
0.918659 0.0554326 5
0.921596 0.057829 5
0.935503 0.135644 4
0.986679 1 1
0.990442 1 1
0.947866 0.289026 3
0.941451 0.149249 4
0.969169 0.607339 2
0.986473 1 1
0.973497 0.636653 2
0.929607 0.0660769 5
0.902268 0.00242183 9
0.904041 0.00518971 8
0.972381 0.628581 2
0.919147 0.0283185 6
0.938103 0.141167 4
0.981764 0.709916 2
0.90187 0.00239933 9
0.897051 0.000492194 11
0.897404 0.000497117 11
0.855338 1.31027e-11 0
0.927347 0.0336349 6
0.870181 4.0049e-08 22
0.894653 0.000219536 12
0.885505 1.71334e-05 15
0.947226 0.166304 4
0.954686 0.317336 3
0.853955 1.21672e-11 0
0.876076 5.47631e-07 19
0.865123 2.87615e-09 25
0.896174 0.000230024 12
0.875792 5.41525e-07 19
0.954495 0.31643 3
0.947236 0.517591 2
0.951569 0.529746 2
0.945632 0.513571 2
0.970833 1 1
0.927378 0.238661 3
0.968593 1 1
0.97298 1 1
0.950781 0.527384 2
0.927888 0.239501 3
0.86578 0.000112087 12
0.929442 0.242156 3
0.880449 0.00354491 8
0.904063 0.0467953 5
0.943028 0.507527 2
0.894063 0.0198411 6
0.895758 0.00209927 9
0.893631 0.000948224 10
0.840187 6.18045e-12 0
0.891392 0.000902055 10
0.875566 1.25517e-05 15
0.881664 7.12735e-05 13
0.868628 9.2694e-07 18
0.905875 0.0110633 7
0.898371 0.00221784 9
0.891076 0.000420292 11
0.881978 7.18628e-05 13
0.897913 0.00219608 9
0.922887 0.0589768 5
0.87355 5.35361e-06 16
0.975498 0.652111 2
0.906546 0.0111949 7
0.909475 0.0240658 6
0.891543 0.000905032 10
0.965342 0.585463 2
0.880955 6.99706e-05 13
0.918567 0.0553615 5
0.917323 0.054432 5
0.969321 0.608282 2
0.977064 0.665152 2
0.836531 5.24005e-12 0
0.884842 0.00036335 11
0.850181 2.83992e-10 27
0.879323 6.71207e-05 13
0.893346 0.00200082 9
0.904404 0.0107872 7
0.900348 0.0212962 6
0.903469 0.0221414 6
0.890089 0.00876958 7
0.959237 0.556957 2
0.875644 0.000301687 11
0.9138 0.106408 4
0.913993 0.106578 4
0.960274 0.561315 2
0.969714 1 1
0.829415 3.84876e-12 0
0.879196 0.000712179 10
0.84305 2.72093e-09 24
0.871617 0.000125211 12
0.888578 0.0039633 8
0.895697 0.00943982 7
0.9508 0.527439 2
0.954026 0.53759 2
0.924833 0.234682 3
0.987151 1 1
0.924098 0.233596 3
0.962231 1 1
0.956583 0.546594 2
0.972983 1 1
0.945606 0.513508 2
0.873644 0.00145465 9
0.928227 0.240068 3
0.888314 0.0187342 6
0.916328 0.223567 3
0.936468 0.494568 2
0.916978 0.224315 3
0.986233 1 1
0.983198 1 1
0.923033 0.115993 4
0.938864 0.261954 3
0.959891 0.559685 2
0.965353 0.58552 2
0.950294 0.525958 2
0.934277 0.251443 3
0.907271 0.0483282 5
0.918431 0.110823 4
0.9666 0.592276 2
0.933956 0.250773 3
0.960196 0.560982 2
0.961692 0.567579 2
0.923587 0.116676 4
0.969775 0.611128 2
0.965882 0.385948 3
0.922425 0.0157708 7
0.910409 0.00298895 9
0.980163 0.69366 2
0.949083 0.172791 4
0.93788 0.0782855 5
0.903784 0.00122809 10
0.87744 5.78365e-07 19
0.938514 0.0794256 5
0.985149 0.748165 2
0.953603 0.312282 3
0.960889 0.351238 3
0.966763 0.392885 3
0.900559 0.000545227 11
0.92189 0.114626 4
0.920598 0.113149 4
0.867942 2.29825e-05 14
0.924408 0.117716 4
0.897321 0.00965925 7
0.91092 0.0502899 5
0.898191 0.00978211 7
0.938836 0.261885 3
0.92714 0.121424 4
0.892417 0.00420387 8
0.903872 0.0222576 6
0.90329 0.0220902 6
0.934717 0.252373 3
0.898589 0.00983959 7
0.987477 1 1
0.91452 0.0524949 5
0.91115 0.0504223 5
0.855552 6.27788e-07 18
0.888998 0.00398806 8
0.900843 0.0214243 6
0.895078 0.00935941 7
0.881041 0.000735642 10
0.897685 0.00971018 7
0.881593 0.000742961 10
0.929478 0.242219 3
0.907001 0.0481928 5
0.935494 0.254055 3
0.955295 0.541946 2
0.894488 0.00928444 7
0.951579 0.529776 2
0.944182 0.276753 3
0.946936 0.28575 3
0.915569 0.0531959 5
0.989256 1 1
0.916669 0.0539609 5
0.953086 0.534499 2
0.946936 0.285751 3
0.982833 1 1
0.954619 0.539598 2
0.870611 1.09534e-05 15
0.921179 0.0574709 5
0.885035 0.000364897 11
0.914333 0.0259884 6
0.928112 0.122841 4
0.922762 0.0588625 5
0.960953 0.564269 2
0.964995 0.583649 2
0.970417 0.615253 2
0.941753 0.269605 3
0.953612 0.312324 3
0.981706 1 1
0.993176 1 1
0.924722 0.0607175 5
0.899471 0.00227188 9
0.882488 7.28414e-05 13
0.953251 0.310689 3
0.896898 0.00214939 9
0.913607 0.0256761 6
0.970828 0.617951 2
0.883355 7.45531e-05 13
0.974984 0.648019 2
0.978816 0.68081 2
0.938876 0.142931 4
0.961968 0.358117 3
0.948568 0.291584 3
0.984521 0.740649 2
0.971815 0.624627 2
0.950111 0.297468 3
0.92226 0.0301077 6
0.892293 0.000204778 12
0.952689 0.308194 3
0.907427 0.00275494 9
0.932392 0.0696871 5
0.96071 0.350133 3
0.912757 0.0063299 8
0.94667 0.516146 2
0.9508 0.527439 2
0.938761 0.261699 3
0.978144 1 1
0.924595 0.234327 3
0.965914 0.588516 2
0.967396 1 1
0.95794 0.551757 2
0.934683 0.252301 3
0.865876 4.95845e-05 13
0.927244 0.238443 3
0.880561 0.00160688 9
0.90556 0.0474902 5
0.939535 0.263654 3
0.899503 0.0210828 6
0.931759 0.2464 3
0.931538 0.24598 3
0.882356 0.00363377 8
0.944908 0.511832 2
0.904458 0.0469753 5
0.925341 0.235449 3
0.913654 0.10628 4
0.959822 0.559393 2
0.944799 0.511574 2
0.885314 0.00828613 7
0.910743 0.103848 4
0.897882 0.0442482 5
0.930497 0.244046 3
0.908846 0.10238 4
0.966728 1 1
16 0 4 6 8 9 11 18 19 22 25 27 31 32 33 34 39 
31 0 1 3 4 6 9 11 12 13 14 16 17 18 19 20 21 22 23 25 26 27 28 29 30 31 33 34 35 37 38 39 
36 0 1 2 3 4 5 6 7 8 9 10 12 13 14 15 16 17 19 20 21 22 23 24 26 28 29 30 31 32 33 34 35 36 37 38 39 
25 0 3 4 6 8 9 11 12 13 18 19 20 21 22 23 25 27 28 30 31 32 33 34 35 39 
19 0 3 4 6 8 9 11 12 18 19 22 23 25 27 31 32 33 34 39 
31 0 1 3 4 6 9 11 12 13 14 16 17 18 19 20 21 22 23 25 26 27 28 29 30 31 33 34 35 37 38 39 
35 0 1 3 4 6 8 9 10 11 12 13 14 16 17 18 19 20 21 22 23 24 25 26 27 28 29 30 31 32 33 34 35 37 38 39 
20 0 3 4 6 8 9 11 12 18 19 20 22 23 25 27 31 32 33 34 39 
20 0 3 4 6 8 9 11 12 18 19 20 22 23 25 27 31 32 33 34 39 
5 11 18 19 27 34 
35 0 1 3 4 6 7 8 9 11 12 13 14 16 17 18 19 20 21 22 23 24 25 26 27 28 29 30 31 32 33 34 35 37 38 39 
7 0 6 11 18 19 27 34 
10 0 4 6 11 18 19 25 27 33 34 
36 0 1 3 4 6 7 8 9 10 11 12 13 14 16 17 18 19 20 21 22 23 24 25 26 27 28 29 30 31 32 33 34 35 37 38 39 
7 0 6 11 18 19 27 34 
