30 15 6e+06
4.02917 122834
2.09391 109330
3.37277 192729
2.39095 132141
1.98046 145253
2.01757 147141
2.97503 189965
2.38259 167522
3.1723 176767
1.91572 114342
1.45509 156983
2.28595 196925
3.43991 163706
4.33101 130960
8.37813 197008
5.18084 171103
4.97596 119817
3.77635 185051
3.10264 158423
1.06409 171299
2.77705 191020
3.7893 196888
7.21329 166548
2.21907 189258
2.41367 138579
8.03586 124415
5.23041 195969
2.40472 150033
1.04646 145479
1.91904 132016
0.862399 1.12501e-09 26
0.890337 9.1238e-05 13
0.886937 1.80065e-05 15
0.968398 0.602646 2
0.964294 0.374079 3
0.878691 1.32452e-06 18
0.973177 0.6343 2
0.936754 0.0763398 5
0.905502 0.00262103 9
0.885961 1.74046e-05 15
0.884148 7.60729e-06 16
0.909306 0.0028983 9
0.894231 0.000216765 12
0.881014 3.14115e-06 17
0.90905 0.00287798 9
0.926611 0.120675 4
0.977194 1 1
0.955708 0.54341 2
0.919414 0.0560211 5
0.893088 0.00199084 9
0.958002 0.552 2
0.870964 1.10562e-05 15
0.95331 0.535226 2
0.972847 0.631905 2
0.98935 1 1
0.891725 0.00193984 9
0.983507 1 1
0.999 1 1
0.917298 0.0544134 5
0.983765 1 1
0.916698 0.0539818 5
0.887512 0.000831648 10
0.906397 0.0230252 6
0.887316 0.000828368 10
0.895874 0.00445117 8
0.897819 0.00460548 8
0.856173 5.29397e-08 21
0.887545 0.000832205 10
0.85441 2.17253e-08 22
0.869741 1.07063e-05 15
0.974893 0.6473 2
0.877973 0.000142919 12
0.870354 1.08796e-05 15
0.945482 0.280873 3
0.87061 1.09533e-05 15
0.944523 0.510926 2
0.935663 0.254427 3
0.952026 0.531147 2
0.930067 0.243267 3
0.926021 0.236495 3
0.940932 0.503059 2
0.885747 0.00380519 8
0.938658 0.49857 2
0.904515 0.0470015 5
0.917682 0.11006 4
0.968774 1 1
0.929195 0.241724 3
0.919734 0.1122 4
0.974608 1 1
0.921526 0.229997 3
0.926071 0.236573 3
0.910523 0.103673 4
0.927107 0.23822 3
0.919335 0.227159 3
0.925491 0.235677 3
0.916652 0.109042 4
0.883963 0.00371273 8
0.91851 0.110905 4
0.88178 0.00360642 8
0.893034 0.0196291 6
0.98578 1 1
0.905219 0.0473288 5
0.895241 0.020092 6
0.959389 0.557586 2
0.897975 0.0442828 5
0.943492 0.154785 4
0.988281 1 1
0.975545 0.652492 2
0.928597 0.0648739 5
0.905578 0.00262607 9
0.972418 0.628841 2
0.877449 2.76178e-06 17
0.961388 0.354379 3
0.955098 0.319321 3
0.973991 0.64035 2
0.913335 0.0127597 7
0.980883 0.700835 2
0.976632 0.661474 2
0.939009 0.14324 4
0.972937 0.632554 2
0.908747 0.0490918 5
0.911376 0.104358 4
0.921608 0.114297 4
0.94858 0.52115 2
0.958294 0.55315 2
0.910533 0.103681 4
0.915278 0.107741 4
0.936851 0.257113 3
0.894759 0.0199882 6
0.896704 0.0204168 6
0.952115 0.531424 2
0.91492 0.107412 4
0.901464 0.0456648 5
0.938049 0.259949 3
0.908969 0.0492097 5
0.923164 0.232253 3
0.895517 0.0201521 6
0.914358 0.106903 4
0.894636 0.019962 6
0.901869 0.0458349 5
0.905466 0.0474454 5
0.861622 4.55847e-05 13
0.895731 0.0201991 6
0.862409 4.62839e-05 13
0.87762 0.00153826 9
0.983999 1 1
0.886177 0.00836843 7
0.878369 0.00155512 9
0.953358 0.535382 2
0.878753 0.00346989 8
0.911324 0.00610933 8
0.887991 3.9816e-05 14
0.90567 0.00263217 9
0.896896 0.000235301 12
0.907851 0.00278616 9
0.896213 0.000230306 12
0.868032 1.6397e-08 23
0.893671 0.000101505 13
0.858036 3.44866e-11 30
0.870518 4.06409e-08 22
0.976586 0.661084 2
0.881096 3.15085e-06 17
0.872052 9.60201e-08 21
0.942583 0.152257 4
0.873937 2.28904e-07 20
0.940546 0.502273 2
0.9621 0.569447 2
0.967146 1 1
0.946294 0.515202 2
0.928148 0.239935 3
0.956759 0.547247 2
0.894479 0.0199286 6
0.969565 1 1
0.937784 0.496937 2
0.946727 0.516289 2
0.934343 0.251581 3
0.962903 1 1
0.950963 0.527923 2
0.952187 0.531649 2
0.955213 0.541657 2
0.906802 0.0480937 5
0.95098 0.527974 2
0.937672 0.496732 2
0.951264 0.528824 2
0.921617 0.230119 3
0.933476 0.249787 3
0.904092 0.0468083 5
0.980545 1 1
0.971931 1 1
0.952296 0.53199 2
0.894115 0.0198518 6
0.975962 1 1
0.961573 0.56704 2
0.910441 0.103609 4
0.978168 1 1
0.885855 0.000371607 11
0.915843 0.0266684 6
0.911992 0.0250146 6
0.991597 1 1
0.962934 0.573366 2
0.903761 0.0106716 7
0.94672 0.285007 3
0.963493 0.57607 2
0.927525 0.121979 4
0.910667 0.0245032 6
0.900367 0.00482657 8
0.934695 0.134046 4
0.918954 0.0556607 5
0.902412 0.00502166 8
0.933647 0.132054 4
0.909217 0.0058111 8
0.895785 0.000997115 10
0.911081 0.0121883 7
0.916799 0.0271217 6
0.929448 0.065884 5
0.90059 0.00232959 9
0.888667 0.000185159 12
0.909499 0.0118198 7
0.870784 4.4816e-07 19
0.879068 1.39186e-05 15
0.972371 0.628507 2
0.892926 0.000440443 11
0.881939 3.30272e-05 14
0.941944 0.150541 4
0.886145 8.05587e-05 13
0.886099 0.00836088 7
0.863579 4.73569e-05 13
0.880376 0.00354163 8
0.88131 0.0035844 8
0.89779 0.0206681 6
0.871063 0.000624192 10
0.861216 4.5231e-05 13
0.873029 0.000643453 10
0.836421 9.18552e-10 25
0.846769 2.13662e-07 19
0.949138 0.52268 2
0.858285 1.86421e-05 14
0.848686 5.23739e-07 18
0.916099 0.108512 4
0.851528 1.30604e-06 17
0.953347 0.31112 3
0.907343 0.0055692 8
0.927833 0.0639982 5
0.872934 4.85158e-07 19
0.870325 1.98376e-07 20
0.923857 0.0311273 6
0.831725 4.24738e-12 0
0.886641 3.81185e-05 14
0.865352 1.45901e-08 23
0.890096 9.05628e-05 13
0.949159 0.293793 3
0.889169 8.8036e-05 13
0.887368 8.34499e-05 13
0.959967 0.345611 3
0.881665 1.50917e-05 15
0.882679 0.00166043 9
0.869647 0.000120493 12
0.883941 0.0016942 9
0.901532 0.0216061 6
0.921876 0.114609 4
0.873702 0.000291112 11
0.886002 0.00381883 8
0.887635 0.00390896 8
0.848245 9.55122e-08 20
0.853814 5.98896e-07 18
0.946279 0.515164 2
0.868667 0.000118262 12
0.857125 3.44918e-06 16
0.914388 0.106931 4
0.862461 2.0344e-05 14
0.876826 5.92678e-06 16
0.879058 1.39144e-05 15
0.888124 0.000182504 12
0.933212 0.131252 4
0.959899 0.559719 2
0.87746 6.04863e-06 16
0.925099 0.0610925 5
0.909893 0.0119091 7
0.868339 1.83992e-07 20
0.865878 7.49304e-08 21
0.92893 0.0652641 5
0.885171 7.83729e-05 13
0.87122 1.01058e-06 18
0.906678 0.00548819 8
0.880307 1.44598e-05 15
0.91621 0.0268403 6
0.939023 0.143273 4
0.940782 0.147537 4
0.971815 0.624627 2
0.953245 0.310662 3
0.930902 0.127227 4
0.919417 0.028464 6
0.975679 0.653574 2
0.931403 0.128068 4
0.92792 0.0640964 5
0.928466 0.0647211 5
0.949961 0.29688 3
0.934497 0.133664 4
0.934277 0.133241 4
0.944939 0.279124 3
0.96432 0.580183 2
0.916698 0.0539818 5
0.937115 0.257727 3
0.876736 6.29895e-05 13
0.871794 1.13042e-05 15
0.933891 0.132511 4
0.833659 4.618e-12 0
0.892842 0.0019814 9
0.873669 2.63903e-05 14
0.899606 0.00475814 8
0.946197 0.283234 3
0.897406 0.0045717 8
0.896461 0.00449654 8
0.964907 0.583191 2
0.889936 0.000874299 10
0.989055 1 1
0.957527 0.550155 2
0.974536 1 1
0.893972 0.00922002 7
0.879411 0.00157928 9
0.97714 1 1
0.845276 3.75163e-08 21
0.91972 0.112184 4
0.911357 0.0505424 5
0.941663 0.50458 2
0.925962 0.236404 3
0.933856 0.250567 3
0.936902 0.257231 3
0.959655 0.558694 2
0.926925 0.237926 3
0.850743 1.02928e-11 0
0.876362 1.2129e-06 18
0.873947 5.04133e-07 19
0.954368 0.315828 3
0.960815 0.350784 3
0.865483 6.54939e-09 24
0.989337 1 1
0.921883 0.0298772 6
0.890816 9.26068e-05 13
0.871599 9.42127e-08 21
0.87711 1.24721e-06 18
0.894585 0.000219084 12
0.879693 2.99201e-06 17
0.870863 9.1371e-08 21
0.894215 0.000216662 12
0.883343 0.00368182 8
0.872248 0.000283633 11
0.886001 0.00381874 8
0.906565 0.0479767 5
0.927383 0.238669 3
0.875623 0.000670707 10
0.891295 0.00890344 7
0.891773 0.00895792 7
0.851938 1.31922e-06 17
0.856635 7.83649e-06 15
0.946115 0.514756 2
0.872082 0.0002828 11
0.860202 1.93945e-05 14
0.91514 0.107614 4
0.865986 0.000112508 12
0.889175 0.000187709 12
0.887328 8.33524e-05 13
0.898298 0.00106049 10
0.931606 0.0686218 5
0.953067 0.309864 3
0.887493 8.3756e-05 13
0.914034 0.0129488 7
0.913498 0.0128031 7
0.871948 4.6767e-07 19
0.872878 1.07003e-06 18
0.943939 0.156066 4
0.890828 0.000196439 12
0.877548 6.06584e-06 16
0.920093 0.0288359 6
0.885249 3.64851e-05 14
0.914745 0.107253 4
0.894642 0.0199633 6
0.911761 0.104673 4
0.90574 0.100153 4
0.916131 0.108542 4
0.901868 0.0458346 5
0.875654 0.00149569 9
0.902232 0.0459893 5
0.865743 0.000254074 11
0.877247 0.0034062 8
0.981387 1 1
0.888765 0.0188147 6
0.879161 0.00348762 8
0.94712 0.517292 2
0.881639 0.00359976 8
0.961172 0.353013 3
0.979566 0.687871 2
0.993374 1 1
0.92164 0.0297313 6
0.903277 0.00248077 9
0.983079 0.724125 2
0.870812 4.48604e-07 19
0.949862 0.296493 3
0.93638 0.137438 4
0.95989 0.345151 3
0.927653 0.0637958 5
0.961846 0.357324 3
0.959279 0.341556 3
0.956605 0.326884 3
0.95389 0.3136 3
0.901273 0.0023663 9
0.899283 0.00108743 10
0.910783 0.00602997 8
0.937192 0.139161 4
0.953018 0.309647 3
0.899833 0.00110302 10
0.91123 0.0122245 7
0.923218 0.0307103 6
0.881694 1.51053e-05 15
0.884278 3.54123e-05 14
0.953574 0.312149 3
0.901732 0.0023916 9
0.888701 8.68064e-05 13
0.93224 0.0694773 5
0.895768 0.000474992 11
0.959016 0.556051 2
0.909223 0.0493462 5
0.928017 0.239716 3
0.861975 8.84212e-06 15
0.855735 1.45044e-06 17
0.927554 0.238948 3
0.818625 2.46656e-12 0
0.880126 0.000723816 10
0.865522 2.17533e-05 14
0.893758 0.00919363 7
0.928314 0.240214 3
0.888016 0.00393073 8
0.889368 0.00401022 8
0.94794 0.519433 2
0.88096 0.00161668 9
0.908033 0.0487173 5
0.953625 0.536259 2
0.939039 0.499298 2
0.946752 0.516353 2
0.917339 0.109717 4
0.935558 0.254195 3
0.899826 0.0211636 6
0.977059 1 1
0.976309 1 1
0.956262 0.545412 2
0.892511 0.0195239 6
0.979126 1 1
0.965631 1 1
0.910068 0.103316 4
0.982428 1 1
0.97328 0.635051 2
0.969777 0.61114 2
0.979033 0.682831 2
0.896941 0.00215133 9
0.879176 6.68727e-05 13
0.988609 1 1
0.847405 2.01937e-11 30
0.925817 0.0618227 5
0.923695 0.0597264 5
0.955946 0.544266 2
0.915281 0.0264102 6
0.944562 0.277934 3
0.950173 0.297715 3
0.948294 0.290577 3
0.938322 0.14166 4
0.970515 0.615891 2
0.947297 0.517749 2
0.96838 0.602538 2
0.91231 0.0511067 5
0.903221 0.0220709 6
0.9595 0.558048 2
0.865326 9.57859e-06 15
0.93027 0.243633 3
0.906589 0.0230867 6
0.92828 0.240157 3
0.955995 0.544441 2
0.931961 0.246789 3
0.927483 0.121917 4
0.98935 1 1
0.92397 0.117157 4
26 0 2 3 4 5 6 7 8 9 10 11 12 13 14 15 16 17 18 21 22 23 24 25 26 27 29 
29 0 2 3 4 5 6 7 8 9 10 11 12 13 14 15 16 17 18 19 20 21 22 23 24 25 26 27 28 29 
24 0 2 3 4 6 7 8 9 11 12 13 14 15 16 17 18 20 21 22 23 24 25 26 29 
15 0 2 4 6 7 8 12 13 15 16 20 21 22 23 25 
6 13 15 16 20 21 22 
28 0 2 3 4 5 6 7 8 9 10 11 12 13 14 15 16 17 18 19 20 21 22 23 24 25 26 27 29 
0 
24 2 3 4 5 6 7 8 9 12 13 14 15 16 17 18 19 21 22 23 24 25 26 28 29 
30 0 1 2 3 4 5 6 7 8 9 10 11 12 13 14 15 16 17 18 19 20 21 22 23 24 25 26 27 28 29 
30 0 1 2 3 4 5 6 7 8 9 10 11 12 13 14 15 16 17 18 19 20 21 22 23 24 25 26 27 28 29 
14 2 4 6 7 8 12 13 15 16 20 21 22 23 25 
27 0 2 3 4 5 6 7 8 9 11 12 13 14 15 16 17 18 19 20 21 22 23 24 25 26 28 29 
29 0 2 3 4 5 6 7 8 9 10 11 12 13 14 15 16 17 18 19 20 21 22 23 24 25 26 27 28 29 
16 2 3 4 6 7 8 12 13 14 15 16 18 21 22 23 25 
28 0 2 3 4 5 6 7 8 9 10 11 12 13 14 15 16 17 18 19 20 21 22 23 24 25 26 27 29 
