30 15 1e+07
1.92293 108634
1.90359 192880
1.14466 125436
1.35685 126615
1.9139 130042
1.29014 196165
2.14011 172274
1.31778 138077
1.37937 141845
1.29006 132219
1.80151 157389
2.46217 101093
1.64156 154705
1.80784 109311
1.19132 146399
1.06618 163313
2.99082 125261
1.69648 184822
1.62446 132283
2.43646 104408
2.59303 165860
1.58058 190805
2.21645 192078
1.85524 119326
1.88251 152898
1.63278 141378
2.59837 154380
1.14465 115735
1.4758 101728
1.30762 157508
0.885113 0.00172689 9
0.931309 0.245549 3
0.87317 0.000129165 12
0.9312 0.245344 3
0.828844 3.757e-12 0
0.988989 1 1
0.914496 0.0524794 5
0.947289 0.517728 2
0.880812 0.000732639 10
0.914545 0.0525111 5
0.869334 5.32852e-05 13
0.953362 0.535396 2
0.950385 0.526222 2
0.892113 0.00418357 8
0.894592 0.0092975 7
0.905389 0.0474092 5
0.94217 0.505659 2
0.886876 0.00843673 7
0.950363 0.526158 2
0.848357 2.23021e-07 19
0.970915 1 1
0.935576 0.254236 3
0.969246 1 1
0.901061 0.0454978 5
0.928477 0.24049 3
0.887646 0.00851354 7
0.975501 1 1
0.961968 0.56884 2
0.912654 0.105418 4
0.906334 0.0478634 5
0.930688 0.244395 3
0.939592 0.263802 3
0.996429 1 1
0.931891 0.246655 3
0.884304 0.00373001 8
0.879194 0.000712157 10
0.925621 0.235876 3
0.909574 0.0495367 5
0.928496 0.240522 3
0.853738 5.97684e-07 18
0.95199 0.531038 2
0.895662 0.020184 6
0.921632 0.114326 4
0.929147 0.241641 3
0.975875 1 1
0.995592 1 1
0.919198 0.111626 4
0.926977 0.121191 4
0.944442 0.277558 3
0.936131 0.255472 3
0.88087 0.000334061 11
0.965972 0.58883 2
0.932451 0.24774 3
0.99616 1 1
0.902734 0.021934 6
0.965255 0.585005 2
0.92305 0.116013 4
0.915789 0.0533461 5
0.990113 1 1
0.921635 0.114328 4
0.933908 0.0718508 5
0.911234 0.00609603 8
0.881912 1.52113e-05 15
0.940788 0.147553 4
0.891005 0.000197417 12
0.910519 0.00599196 8
0.954044 0.314312 3
0.954834 0.318045 3
0.931438 0.068399 5
0.965 0.583671 2
0.905188 0.00260033 9
0.960217 0.347117 3
0.922389 0.030187 6
0.940731 0.147409 4
0.889911 9.00489e-05 13
0.918662 0.111062 4
0.909141 0.102603 4
0.872469 0.000637856 10
0.935426 0.253906 3
0.8746 0.000659697 10
0.920425 0.112957 4
0.942373 0.506096 2
0.954686 0.539826 2
0.915824 0.108251 4
0.976039 1 1
0.891426 0.00891822 7
0.965473 1 1
0.923356 0.232526 3
0.925768 0.236103 3
0.883325 0.00368093 8
0.971966 1 1
0.931025 0.245017 3
0.917039 0.10942 4
0.96203 0.569128 2
0.913991 0.106577 4
0.903183 0.0464021 5
0.987226 1 1
0.957075 0.548434 2
0.968291 1 1
0.925693 0.235987 3
0.943474 0.508523 2
0.949189 0.522822 2
0.933495 0.249827 3
0.979798 1 1
0.920524 0.113067 4
0.958702 0.554778 2
0.885382 0.000797418 10
0.907314 0.0233225 6
0.908204 0.023621 6
0.9731 0.633737 2
0.847291 5.84205e-10 26
0.929308 0.124661 4
0.8974 0.00457128 8
0.963599 0.576591 2
0.880457 0.000151099 12
0.951607 0.52986 2
0.889616 0.00186608 9
0.880768 0.000333363 11
0.95211 0.531408 2
0.894481 0.00434761 8
0.891982 0.00898199 7
0.928524 0.24057 3
0.872869 0.000286779 11
0.935122 0.253243 3
0.83702 7.07712e-11 28
0.974554 1 1
0.92174 0.11445 4
0.954684 0.539822 2
0.887818 0.00391935 8
0.928571 0.24065 3
0.873605 0.000290599 11
0.964061 0.578882 2
0.948181 0.520076 2
0.899241 0.0210176 6
0.892587 0.00905266 7
0.976149 1 1
0.935672 0.254446 3
0.95353 0.535944 2
0.951735 0.530253 2
0.918977 0.111392 4
0.885949 0.003816 8
0.961307 0.565843 2
0.93225 0.247348 3
0.973564 1 1
0.88705 0.0038761 8
0.980872 1 1
0.919572 0.112025 4
0.926512 0.237266 3
0.973795 1 1
0.946752 0.516352 2
0.976363 0.659211 2
0.901657 0.00494768 8
0.919754 0.0562929 5
0.924881 0.0608755 5
0.955477 0.321179 3
0.862388 6.57766e-08 21
0.945769 0.281812 3
0.913024 0.0254324 6
0.981354 0.705643 2
0.889782 0.00040717 11
0.964043 0.57879 2
0.904328 0.00522055 8
0.897015 0.00215464 9
0.969338 0.608386 2
0.909178 0.011748 7
0.917964 0.0277002 6
0.887988 0.000181849 12
0.861744 2.83944e-08 22
0.916898 0.0271698 6
0.888116 0.000182463 12
0.892319 0.000433639 11
0.931876 0.128878 4
0.930935 0.127281 4
0.916624 0.0270375 6
0.973871 0.639444 2
0.888675 0.0001852 12
0.938174 0.141326 4
0.899292 0.0022629 9
0.923539 0.0595802 5
0.867956 4.05375e-07 19
0.939942 0.264709 3
0.896064 0.00948828 7
0.8787 0.000319857 11
0.926738 0.120853 4
0.91072 0.0501754 5
0.887014 0.0017829 9
0.947111 0.51727 2
0.934289 0.251467 3
0.939225 0.262865 3
0.950652 0.527005 2
0.909905 0.0497185 5
0.936239 0.255714 3
0.903688 0.0222042 6
0.944654 0.278223 3
0.881592 0.000742944 10
0.920319 0.0567519 5
0.962295 0.570355 2
0.966994 0.594483 2
0.942269 0.271065 3
0.865829 8.47597e-07 18
0.901117 0.00489618 8
0.926929 0.121124 4
0.921676 0.0578983 5
0.916855 0.0540939 5
0.860345 6.11243e-08 21
0.931965 0.129031 4
0.908064 0.0115065 7
0.942393 0.27142 3
0.921581 0.0578155 5
0.993314 1 1
0.97264 1 1
0.90111 0.045518 5
0.924737 0.234538 3
0.922149 0.230841 3
0.955309 0.541996 2
0.858895 1.88766e-05 14
0.941243 0.503702 2
0.908557 0.0489911 5
0.977255 1 1
0.882178 0.00362526 8
0.969895 1 1
0.899089 0.0209804 6
0.894925 0.0200237 6
0.964845 1 1
0.911942 0.104821 4
0.983988 1 1
0.935158 0.253321 3
0.931405 0.24573 3
0.962189 0.569862 2
0.918873 0.111283 4
0.897255 0.0205432 6
0.98313 1 1
0.949177 0.522789 2
0.979101 1 1
0.910311 0.103506 4
0.95905 0.556191 2
0.938473 0.498221 2
0.932908 0.248644 3
0.991198 1 1
0.93188 0.246633 3
0.957065 0.548396 2
0.887761 0.000835842 10
0.916921 0.0541413 5
0.907514 0.0113912 7
0.966268 0.590442 2
0.845148 1.81712e-11 30
0.926194 0.120096 4
0.894023 0.00202747 9
0.961666 0.567461 2
0.870659 4.91582e-06 16
0.960576 0.562621 2
0.884876 0.000363624 11
0.880932 0.000152758 12
0.949444 0.294879 3
0.901304 0.00491394 8
0.93616 0.136982 4
0.945852 0.16184 4
0.989465 1 1
0.939405 0.144172 4
0.886557 3.80162e-05 14
0.88533 3.65775e-05 14
0.932781 0.0702283 5
0.916898 0.0137897 7
0.93362 0.071427 5
0.860535 1.03037e-09 26
0.954854 0.318143 3
0.902876 0.00245701 9
0.928264 0.064489 5
0.935175 0.134989 4
0.979698 0.689141 2
0.893571 0.000101169 13
0.928342 0.0344287 6
0.873241 1.01003e-07 21
0.936111 0.075273 5
0.83882 5.8071e-12 0
0.972111 0.626678 2
0.923356 0.0161599 7
0.956199 0.324797 3
0.889431 4.17644e-05 14
0.931023 0.0678557 5
0.87477 2.36878e-07 20
0.966139 0.387946 3
0.947985 0.168892 4
0.900867 0.000550349 11
0.892634 9.81171e-05 13
0.987171 1 1
0.9237 0.233018 3
0.922384 0.231164 3
0.951709 0.530174 2
0.928045 0.239762 3
0.889574 0.0189616 6
0.975551 1 1
0.942283 0.505901 2
0.984323 1 1
0.913141 0.105834 4
0.955916 0.544159 2
0.933583 0.489722 2
0.922652 0.231536 3
0.992904 1 1
0.920773 0.228999 3
0.901853 0.0103453 7
0.96774 0.598764 2
0.906285 0.0229898 6
0.951836 0.530562 2
0.841603 3.62827e-11 29
0.96565 0.587098 2
0.928165 0.12292 4
0.953132 0.534648 2
0.897268 0.00965177 7
0.894986 0.00438457 8
0.8934 0.00427097 8
0.947249 0.286838 3
0.981631 1 1
0.907806 0.0234862 6
0.930324 0.126277 4
0.931259 0.0681636 5
0.88821 8.55427e-05 13
0.870178 8.88329e-08 21
0.918498 0.0143108 7
0.906907 0.00271752 9
0.882449 1.54765e-05 15
0.938092 0.141141 4
0.927428 0.0635455 5
0.930787 0.0675522 5
0.953747 0.312942 3
0.90158 0.00115536 10
0.930802 0.0675715 5
0.896538 0.000485184 11
0.935679 0.0745738 5
0.873116 4.88491e-07 19
0.943111 0.273514 3
0.975488 1 1
0.95394 0.537303 2
0.972493 0.629369 2
0.881828 0.000746126 10
0.916748 0.0540171 5
0.956572 0.546554 2
0.949898 0.524819 2
0.938767 0.261714 3
0.888114 0.0018171 9
0.943195 0.273762 3
0.935437 0.25393 3
0.96137 0.566127 2
0.946526 0.284348 3
0.970873 0.618247 2
0.96223 0.57005 2
0.898194 0.0207637 6
0.895741 0.0202013 6
0.927748 0.239269 3
0.938204 0.260326 3
0.874225 0.000655745 10
0.952176 0.531616 2
0.925786 0.236131 3
0.963522 0.576212 2
0.921579 0.114263 4
0.933512 0.249861 3
0.922009 0.114766 4
0.900369 0.0213017 6
0.963481 0.576014 2
0.892957 0.00909667 7
0.924302 0.11758 4
0.955499 0.542666 2
0.976322 1 1
0.939881 0.264549 3
0.871787 5.6202e-05 13
0.894107 0.00432072 8
0.927364 0.121746 4
0.918325 0.0551774 5
0.921165 0.113788 4
0.858431 6.80166e-07 18
0.93882 0.261844 3
0.904472 0.0224335 6
0.936082 0.255361 3
0.92474 0.118146 4
0.994719 1 1
0.924898 0.0608918 5
0.952915 0.309188 3
0.902695 0.00244645 9
0.969848 0.61159 2
0.865927 7.50714e-08 21
0.953311 0.31096 3
0.955665 0.32211 3
0.989854 1 1
0.920435 0.029029 6
0.930112 0.0666989 5
0.90662 0.00548125 8
0.985702 1 1
0.969872 0.611743 2
0.932261 0.069506 5
0.92008 0.028829 6
0.923193 0.232294 3
0.897594 0.0441403 5
0.869082 0.000605858 10
0.926462 0.237187 3
0.887472 0.00849598 7
0.901614 0.0457277 5
0.940153 0.501483 2
0.941258 0.503734 2
0.921334 0.22974 3
0.975108 1 1
0.894085 0.0198456 6
0.948569 0.521121 2
0.90928 0.102708 4
0.929371 0.242032 3
0.876403 0.00151162 9
0.939527 0.263635 3
0.900889 0.0101893 7
0.880342 0.000150701 12
0.931539 0.128299 4
0.905502 0.0109918 7
0.893667 0.00201335 9
0.950559 0.29925 3
0.940564 0.266351 3
0.938246 0.260427 3
0.955533 0.542785 2
0.909499 0.0240741 6
0.943156 0.273647 3
0.909371 0.0240285 6
0.944989 0.279286 3
0.884619 0.000361584 11
0.971784 0.624411 2
0.935428 0.135492 4
0.957862 0.55145 2
0.949186 0.293894 3
0.91746 0.0274465 6
0.883991 0.000164281 12
0.957044 0.548317 2
0.929031 0.124231 4
0.969605 0.610057 2
0.882812 0.000159665 12
0.983126 1 1
0.916126 0.0268009 6
0.925124 0.0611173 5
0.969032 0.60649 2
0.949395 0.294693 3
0.977161 0.665989 2
0.906804 0.00134177 10
0.909635 0.00292482 9
0.934863 0.0732918 5
0.941841 0.150268 4
0.876014 2.4952e-07 20
0.959149 0.340806 3
0.928311 0.0344036 6
0.978978 0.682313 2
0.911961 0.00312536 9
0.948577 0.170969 4
0.921826 0.0155296 7
0.906435 0.00132695 10
0.976675 0.661838 2
0.90526 0.00128147 10
15 3 4 5 7 10 11 12 14 16 19 21 23 26 27 29 
26 0 1 3 4 5 6 7 8 9 10 11 12 14 15 16 18 19 20 21 22 23 25 26 27 28 29 
30 0 1 2 3 4 5 6 7 8 9 10 11 12 13 14 15 16 17 18 19 20 21 22 23 24 25 26 27 28 29 
22 1 3 4 5 6 7 8 9 10 11 12 14 15 16 18 19 21 23 25 26 27 29 
22 1 3 4 5 6 7 8 9 10 11 12 14 15 19 20 21 22 23 25 26 27 29 
22 0 1 3 4 5 6 7 8 10 11 12 14 15 16 18 19 21 23 25 26 27 29 
18 0 1 4 5 6 7 8 10 11 12 18 19 21 23 25 26 27 29 
19 3 4 5 6 7 9 10 11 12 14 15 16 19 21 23 26 27 28 29 
15 3 4 5 7 10 11 12 14 16 19 21 23 26 27 29 
3 11 12 21 
17 3 4 5 6 7 10 11 12 14 15 16 19 21 23 26 27 29 
16 3 4 5 6 7 10 11 12 14 16 19 21 23 26 27 29 
20 0 1 3 4 5 6 7 8 10 11 12 15 18 19 21 23 25 26 27 29 
16 0 1 4 5 6 8 11 12 18 19 21 23 25 26 27 29 
26 0 1 3 4 5 6 7 8 9 10 11 12 14 15 16 18 19 20 21 22 23 25 26 27 28 29 
