70 15 1e+07
1.69097 165051
1.56325 168919
1.55838 157715
1.18628 115950
1.99668 169714
2.40544 161108
1.7288 110397
2.0581 174299
2.1142 143823
2.45593 108777
1.75544 180440
1.87322 163538
1.95198 105780
1.49341 101083
2.70564 109737
2.75965 152832
1.65616 176573
2.32133 117663
2.03676 119766
1.49004 135110
1.2764 104048
2.04079 197845
2.43825 137539
1.63547 186401
1.21046 108202
1.02254 164935
1.1667 187435
1.69865 171219
1.85295 174725
1.03445 179551
1.60945 143148
2.42711 160358
1.27636 166870
1.12214 183741
1.23531 185406
2.10756 166866
1.87297 132327
2.35037 107573
1.54386 163156
1.21018 153977
1.84519 104103
1.90715 177418
1.43193 162593
1.61684 130105
1.4761 178890
1.51579 168200
1.57014 186646
1.07242 110724
1.54188 161846
1.784 172835
2.70248 148884
1.242 163981
2.10487 192796
2.93014 145893
2.52725 165519
1.52248 173554
2.80625 190630
2.62879 188917
1.29921 192760
1.12439 136604
1.036 130782
1.50624 108320
2.23143 142143
2.44279 151602
1.94406 165787
1.90791 159743
1.03562 193897
2.8456 153479
2.86452 104077
2.14498 171081
0.959633 0.34363 3
0.977259 0.666841 2
0.936757 0.0763437 5
0.885354 7.95254e-06 16
0.968734 0.604675 2
0.916436 0.00697154 8
0.934784 0.0731696 5
0.942155 0.151101 4
0.975526 0.65234 2
0.869533 1.75414e-08 23
0.957606 0.332183 3
0.990475 1 1
0.960826 0.35085 3
0.89526 0.000107067 13
0.932578 0.0699442 5
0.96866 0.604221 2
0.94768 0.288362 3
0.951033 0.301174 3
0.923602 0.0596395 5
0.92288 0.0589701 5
0.946159 0.283107 3
0.957312 0.3306 3
0.991272 1 1
0.970246 0.614142 2
0.911517 0.0122943 7
0.938398 0.141832 4
0.949107 0.293597 3
0.969031 0.606487 2
0.943853 0.275743 3
0.943847 0.275722 3
0.947431 0.166993 4
0.904739 0.00126218 10
0.956282 0.325222 3
0.906818 0.00271122 9
0.883604 7.45891e-06 16
0.976576 0.661001 2
0.91682 0.0137654 7
0.950766 0.300085 3
0.927757 0.0339577 6
0.905146 0.00127723 10
0.894102 0.00021593 12
0.915841 0.0134666 7
0.923156 0.0306704 6
0.946839 0.16502 4
0.902257 0.00117687 10
0.9353 0.135237 4
0.927478 0.0636015 5
0.921964 0.0299263 6
0.956262 0.325117 3
0.901225 0.0023637 9
0.925813 0.0618188 5
0.965546 0.586545 2
0.973739 0.638453 2
0.943089 0.153653 4
0.943933 0.156046 4
0.926775 0.0628331 5
0.919046 0.0282643 6
0.95352 0.311902 3
0.96891 0.605744 2
0.950119 0.297504 3
0.927103 0.238214 3
0.97755 1 1
0.903597 0.0465855 5
0.883751 0.00814199 7
0.983974 1 1
0.885948 0.00834643 7
0.93533 0.4926 2
0.924167 0.233697 3
0.953353 0.535367 2
0.864909 0.000250679 11
0.977291 1 1
0.95442 0.538917 2
0.952753 0.533431 2
0.881258 0.00358199 8
0.941686 0.504629 2
0.940734 0.266807 3
0.937015 0.257493 3
0.930708 0.244431 3
0.849587 9.93217e-08 20
0.946322 0.515271 2
0.90642 0.0479056 5
0.895314 0.0093898 7
0.908874 0.0491589 5
0.936921 0.257277 3
0.835905 2.85856e-11 29
0.919376 0.111815 4
0.962289 0.570327 2
0.920515 0.113057 4
0.865107 2.15534e-05 14
0.892763 0.00907349 7
0.919754 0.112222 4
0.968341 1 1
0.89689 0.0204592 6
0.875867 0.000673387 10
0.984645 1 1
0.87861 0.00156066 9
0.926738 0.237627 3
0.915222 0.107689 4
0.944665 0.51126 2
0.856981 7.89616e-06 15
0.968992 1 1
0.948587 0.521168 2
0.943461 0.508494 2
0.872676 0.000639918 10
0.933916 0.250691 3
0.99187 1 1
0.954052 0.537677 2
0.96639 0.591112 2
0.894764 0.0199893 6
0.937268 0.258085 3
0.94724 0.517601 2
0.935296 0.253621 3
0.959968 0.560011 2
0.975127 1 1
0.882541 0.00165682 9
0.937066 0.257613 3
0.973515 1 1
0.958459 0.553804 2
0.915326 0.107785 4
0.926376 0.237051 3
0.93968 0.144827 4
0.965893 0.588405 2
0.916588 0.0270201 6
0.929062 0.0654211 5
0.939692 0.144857 4
0.907838 0.0114588 7
0.983551 1 1
0.961996 0.56897 2
0.966847 0.593654 2
0.909835 0.0118959 7
0.970598 0.616436 2
0.943737 0.275389 3
0.985308 1 1
0.924991 0.0609845 5
0.980771 0.699699 2
0.942945 0.507345 2
0.965052 1 1
0.920079 0.2281 3
0.930118 0.243358 3
0.938276 0.497851 2
0.911709 0.104629 4
0.983968 1 1
0.966219 1 1
0.969103 1 1
0.911393 0.104371 4
0.96751 1 1
0.945039 0.512144 2
0.987795 1 1
0.928168 0.239969 3
0.977724 1 1
0.954755 0.540066 2
0.944708 0.278394 3
0.937733 0.259189 3
0.936844 0.257097 3
0.918408 0.0552401 5
0.935835 0.254808 3
0.968265 0.601855 2
0.993816 1 1
0.96332 0.575226 2
0.923453 0.11651 4
0.939853 0.264475 3
0.939295 0.263041 3
0.970188 0.613769 2
0.952091 0.53135 2
0.953171 0.534775 2
0.927192 0.0632857 5
0.933413 0.131622 4
0.910032 0.0119412 7
0.961079 0.564827 2
0.907393 0.0113663 7
0.910299 0.012003 7
0.980315 0.69515 2
0.964427 0.580725 2
0.943111 0.273514 3
0.942411 0.271472 3
0.937405 0.139623 4
0.918198 0.0278199 6
0.95837 0.55345 2
0.953353 0.311149 3
0.966708 0.592879 2
0.938957 0.0802437 5
0.979249 0.684856 2
0.914577 0.00663273 8
0.914594 0.00663572 8
0.95442 0.316073 3
0.902268 0.00117724 10
0.968207 0.601506 2
0.951461 0.302943 3
0.969279 0.608015 2
0.895362 0.000224325 12
0.985668 0.754532 2
0.951546 0.303294 3
0.981478 0.706932 2
0.910955 0.00303572 9
0.97167 0.623628 2
0.905826 0.0110539 7
0.949327 0.294433 3
0.882503 0.000345549 11
0.913515 0.0256371 6
0.935933 0.255026 3
0.872286 2.54947e-05 14
0.955489 0.54263 2
0.924248 0.117511 4
0.934917 0.252801 3
0.892286 0.00196048 9
0.968545 0.603528 2
0.919702 0.0562511 5
0.949165 0.293817 3
0.895078 0.00439135 8
0.970978 0.618947 2
0.908094 0.00566362 8
0.897638 0.00104314 10
0.89988 0.00110437 10
0.970644 0.616739 2
0.872213 4.72283e-07 19
0.910319 0.00596338 8
0.939502 0.144403 4
0.943386 0.154484 4
0.912362 0.0125061 7
0.971805 0.624556 2
0.898856 0.00107559 10
0.889386 0.000188785 12
0.922817 0.0304548 6
0.982499 0.717763 2
0.926831 0.0628938 5
0.989728 1 1
0.956419 0.54599 2
0.963901 0.578085 2
0.896829 0.00959137 7
0.938741 0.261649 3
0.94559 0.281226 3
0.938018 0.259874 3
0.961928 0.568658 2
0.977999 1 1
0.884268 0.000780601 10
0.939651 0.263952 3
0.974134 1 1
0.961363 0.566092 2
0.916517 0.0538534 5
0.929172 0.12445 4
0.963537 0.576286 2
0.954245 0.538327 2
0.947838 0.519163 2
0.871121 5.53841e-05 13
0.952485 0.532584 2
0.924059 0.11727 4
0.916652 0.109042 4
0.932367 0.247576 3
0.960036 0.560298 2
0.857431 6.61293e-07 18
0.935048 0.253083 3
0.984663 1 1
0.942401 0.271442 3
0.887332 0.00179263 9
0.912324 0.0511148 5
0.88105 6.81745e-06 16
0.87937 2.95717e-06 17
0.871199 2.0521e-07 20
0.978644 0.679221 2
0.855023 2.94229e-11 30
0.880695 6.7348e-06 16
0.924938 0.031861 6
0.916967 0.0138117 7
0.889765 8.9646e-05 13
0.993845 1 1
0.884771 1.67111e-05 15
0.866448 1.52949e-08 23
0.902971 0.00120034 10
0.951142 0.301622 3
0.916866 0.0137798 7
0.908047 0.00565765 8
0.946427 0.163677 4
0.885295 3.65375e-05 14
0.924804 0.0317684 6
0.929083 0.0654463 5
0.876955 2.71458e-06 17
0.964507 0.581132 2
0.930672 0.0674042 5
0.936194 0.137053 4
0.903297 0.00248196 9
0.963889 0.578022 2
0.917985 0.0141393 7
0.952452 0.307159 3
0.904763 0.00257282 9
0.980575 0.697734 2
0.939967 0.264772 3
0.935477 0.254017 3
0.924408 0.117716 4
0.951642 0.529967 2
0.908986 0.049219 5
0.925604 0.23585 3
0.972566 1 1
0.978871 1 1
0.950511 0.526592 2
0.937315 0.258196 3
0.934731 0.252404 3
0.925924 0.236345 3
0.961751 0.567846 2
0.96072 0.563249 2
0.9567 0.547029 2
0.897457 0.0096782 7
0.886716 0.00177385 9
0.890467 0.00189514 9
0.968774 0.604916 2
0.861611 1.69384e-06 17
0.90237 0.0104313 7
0.928954 0.124113 4
0.931847 0.246571 3
0.901087 0.010221 7
0.979611 1 1
0.888441 0.00182753 9
0.878431 0.000318179 11
0.911556 0.0506585 5
0.975024 1 1
0.917159 0.0543124 5
0.961483 0.566635 2
0.949893 0.296614 3
0.947901 0.289152 3
0.867487 2.00297e-06 17
0.949456 0.294924 3
0.923685 0.0597173 5
0.912474 0.0252075 6
0.928918 0.124057 4
0.955726 0.543476 2
0.854099 4.07168e-09 24
0.930819 0.127089 4
0.980041 1 1
0.938074 0.26001 3
0.884448 0.000360235 11
0.90805 0.0115034 7
0.97335 0.635564 2
0.921374 0.0576377 5
0.995406 1 1
0.885096 0.000168831 12
0.90597 0.0110817 7
0.977646 0.670223 2
0.912937 0.0253963 6
0.946104 0.282923 3
0.943196 0.273766 3
0.878125 2.96606e-05 14
0.905704 0.0110304 7
0.942589 0.271986 3
0.93025 0.126158 4
0.916795 0.0271201 6
0.901189 0.00490301 8
0.970797 0.617747 2
0.920346 0.0567736 5
0.992746 1 1
0.875903 6.17522e-05 13
0.907839 0.0234975 6
0.968727 0.60463 2
0.906338 0.0111538 7
0.93777 0.259276 3
0.940395 0.265901 3
0.868351 4.60488e-06 16
0.903549 0.0106341 7
0.944797 0.278675 3
0.925651 0.119354 4
0.906276 0.0111415 7
0.895604 0.00443066 8
0.94767 0.288325 3
0.956452 0.32609 3
0.926606 0.0626514 5
0.936303 0.137279 4
0.929373 0.0657929 5
0.920839 0.02926 6
0.983283 1 1
0.977667 0.670414 2
0.968001 0.600291 2
0.919082 0.0282835 6
0.955617 0.32187 3
0.942464 0.271626 3
0.983144 1 1
0.939507 0.144414 4
0.969863 0.611691 2
0.935815 0.254763 3
0.982581 1 1
0.911303 0.0247454 6
0.90807 0.0235753 6
0.960688 0.563106 2
0.897713 0.00459678 8
0.9611 0.564919 2
0.944792 0.278659 3
0.966192 0.590027 2
0.888736 0.00183705 9
0.992957 1 1
0.952362 0.532195 2
0.974975 0.647946 2
0.903893 0.0106951 7
0.966491 0.591674 2
0.923966 0.233404 3
0.877552 0.00341892 8
0.94232 0.50598 2
0.880803 0.00788657 7
0.85916 4.35031e-05 13
0.967018 1 1
0.886173 0.00836805 7
0.919164 0.226945 3
0.89993 0.0450396 5
0.883017 0.00807654 7
0.865749 0.000254098 11
0.892787 0.0195792 6
0.893345 0.0196924 6
0.922381 0.23116 3
0.872108 0.00142478 9
0.88278 0.00365426 8
0.896155 0.0202932 6
0.86718 0.000115011 12
0.974567 1 1
0.873529 0.000648543 10
0.870341 0.000274345 11
0.942086 0.505479 2
0.918597 0.110995 4
0.899891 0.0211799 6
0.956657 0.546869 2
0.906466 0.0479279 5
0.876494 0.00151357 9
0.916342 0.108744 4
0.930882 0.244753 3
0.940674 0.502533 2
0.944955 0.279175 3
0.936486 0.13766 4
0.936058 0.136772 4
0.851537 1.3071e-10 28
0.94331 0.274104 3
0.911607 0.0123166 7
0.896436 0.00212878 9
0.911759 0.0123541 7
0.938618 0.142334 4
0.838302 5.67261e-12 0
0.91836 0.0279038 6
0.963641 0.576798 2
0.921687 0.0579077 5
0.868388 4.11523e-07 19
0.893093 0.000936722 10
0.927459 0.121883 4
0.885661 0.000369998 11
0.939334 0.26314 3
0.900584 0.0101412 7
0.864697 1.84653e-06 17
0.963551 0.576357 2
0.901268 0.01025 7
0.932779 0.130469 4
0.908104 0.023587 6
0.903388 0.0106059 7
0.875932 6.17947e-05 13
0.896338 0.00448692 8
0.904658 0.0108337 7
0.943397 0.274364 3
0.886609 0.000816776 10
0.898848 0.000518197 11
0.947001 0.165556 4
0.875309 5.3136e-07 19
0.897412 0.000497241 11
0.941325 0.148923 4
0.862955 1.15541e-09 26
0.940129 0.145917 4
0.912031 0.0062162 8
0.928033 0.0341783 6
0.876547 5.57961e-07 19
0.965964 0.58879 2
0.91754 0.013994 7
0.939139 0.143544 4
0.880202 3.04824e-06 17
0.954678 0.317299 3
0.983028 1 1
0.940112 0.5014 2
0.975497 1 1
0.87949 0.00350204 8
0.929111 0.241578 3
0.950803 0.527448 2
0.917656 0.225112 3
0.943927 0.50955 2
0.957716 0.550884 2
0.868767 0.000603038 10
0.922057 0.230715 3
0.966861 1 1
0.940575 0.502331 2
0.903475 0.0465313 5
0.908994 0.102491 4
0.977293 0.667136 2
0.964079 0.372534 3
0.954277 0.315399 3
0.888689 4.07417e-05 14
0.950912 0.17974 4
0.933456 0.0711893 5
0.933907 0.0718488 5
0.95115 0.180688 4
0.978154 0.674757 2
0.874822 2.37387e-07 20
0.945253 0.159979 4
0.988406 0.790572 2
0.959649 0.343726 3
0.904731 0.00126189 10
0.927833 0.034018 6
0.923929 0.117106 4
0.974033 1 1
0.900591 0.0213588 6
0.881448 0.00162885 9
0.983727 1 1
0.882848 0.00166487 9
0.932731 0.248292 3
0.92091 0.1135 4
0.949928 0.524905 2
0.862511 8.95385e-06 15
0.97508 1 1
0.95161 0.529869 2
0.949506 0.523708 2
0.878325 0.000701608 10
0.939635 0.263911 3
0.902905 0.00507129 8
0.953834 0.313343 3
0.879438 3.07536e-05 14
0.882354 3.34308e-05 14
0.958057 0.334644 3
0.864079 7.00074e-08 21
0.929518 0.0659689 5
0.908 0.0114929 7
0.930974 0.127347 4
0.862181 2.88753e-08 22
0.967793 0.59907 2
0.927056 0.0631379 5
0.93694 0.13862 4
0.870826 9.97168e-07 18
0.941424 0.149178 4
0.956425 0.325951 3
0.967621 0.598069 2
0.936287 0.0755609 5
0.875724 2.4649e-07 20
0.967809 0.599167 2
0.914208 0.00656918 8
0.924332 0.0314455 6
0.933426 0.0711455 5
0.965566 0.383516 3
0.860398 8.8597e-11 29
0.948678 0.171332 4
0.989623 1 1
0.950147 0.176765 4
0.887069 1.80908e-05 15
0.92228 0.0157116 7
0.893518 0.0197279 6
0.9321 0.247058 3
0.871262 0.000278759 11
0.921898 0.230499 3
0.917384 0.109762 4
0.863728 4.74963e-05 13
0.951817 0.530505 2
0.917193 0.109573 4
0.921142 0.113762 4
0.900485 0.0452624 5
0.950249 0.525828 2
0.903622 0.0465967 5
0.937241 0.258022 3
0.896167 0.0202959 6
0.967038 1 1
0.934415 0.251734 3
0.942339 0.506021 2
0.91576 0.108191 4
0.951825 0.53053 2
0.915952 0.108372 4
0.913859 0.10646 4
0.98718 1 1
0.970237 1 1
0.952085 0.531331 2
0.933527 0.249892 3
0.94536 0.512914 2
0.926956 0.237976 3
0.967693 0.598489 2
0.94827 0.520313 2
0.971393 1 1
0.924224 0.0602317 5
0.903633 0.0106489 7
0.919288 0.0559223 5
0.949654 0.295686 3
0.878432 6.56471e-05 13
0.931783 0.128717 4
0.937655 0.259003 3
0.955195 0.541593 2
0.922142 0.0583071 5
0.949601 0.295484 3
0.900783 0.00486492 8
0.900961 0.0048816 8
0.928477 0.123387 4
0.993027 1 1
0.922844 0.0589376 5
0.983838 1 1
0.962086 0.569382 2
0.958309 0.553207 2
0.897015 0.0204878 6
0.944195 0.510166 2
0.939983 0.501143 2
0.940437 0.502053 2
0.961012 0.564531 2
0.982773 1 1
0.883603 0.00369471 8
0.944911 0.51184 2
0.978623 1 1
0.965018 1 1
0.914391 0.106933 4
0.932559 0.247952 3
0.923988 0.117181 4
0.976103 1 1
0.900018 0.0100533 7
0.890583 0.00189915 9
0.973541 0.636976 2
0.883923 0.000775537 10
0.941852 0.269882 3
0.926209 0.120116 4
0.952282 0.531946 2
0.871135 2.47865e-05 14
0.985121 1 1
0.948223 0.520188 2
0.955736 0.543511 2
0.885124 0.000793451 10
0.949932 0.524916 2
0.915471 0.0264967 6
0.931668 0.128519 4
0.896724 0.00214159 9
0.960843 0.563785 2
0.907217 0.0113301 7
0.895384 0.00208337 9
0.979902 0.691109 2
0.950099 0.297422 3
0.935704 0.136049 4
0.939069 0.14338 4
0.940318 0.265697 3
0.911581 0.024853 6
0.953076 0.309906 3
0.939651 0.144757 4
0.97504 0.648457 2
0.964358 0.580377 2
0.931358 0.245641 3
0.963646 0.576824 2
0.862967 9.05076e-06 15
0.927109 0.238223 3
0.938603 0.261306 3
0.902355 0.0218291 6
0.926173 0.120066 4
0.943994 0.509704 2
0.852174 1.07257e-07 20
0.912639 0.0513063 5
0.961303 0.565826 2
0.926257 0.120182 4
0.886327 0.00176222 9
0.8952 0.00937505 7
0.982284 1 1
0.942423 0.506205 2
0.972363 1 1
0.87913 0.00348627 8
0.931978 0.487217 2
0.947849 0.519192 2
0.918336 0.225929 3
0.94352 0.508626 2
0.959241 0.556976 2
0.868003 0.000596297 10
0.924148 0.233668 3
0.969775 1 1
0.941764 0.504794 2
0.902167 0.0459616 5
0.910094 0.103336 4
0.935814 0.0747906 5
0.979152 0.683943 2
0.913052 0.0063771 8
0.879304 2.95017e-06 17
0.99219 1 1
0.893725 0.000213523 12
0.93087 0.067659 5
0.926349 0.0328756 6
0.958459 0.336876 3
0.861476 1.07679e-09 26
0.968269 0.601877 2
0.966082 0.589427 2
0.952452 0.307159 3
0.881415 6.90367e-06 16
0.934368 0.0725371 5
0.97265 0.63049 2
0.949116 0.29363 3
0.954174 0.314918 3
0.919791 0.0147614 7
0.924906 0.0318391 6
0.947721 0.16798 4
0.954695 0.317381 3
0.987183 1 1
0.972446 0.629038 2
0.907754 0.00277892 9
0.938667 0.142448 4
0.952433 0.307074 3
0.968788 0.604997 2
0.940391 0.146561 4
0.941819 0.150209 4
0.927787 0.0639463 5
0.941824 0.150222 4
0.908364 0.0115703 7
0.952943 0.309315 3
0.916153 0.0268135 6
0.905761 0.00538042 8
0.991182 1 1
0.961951 0.56876 2
0.948015 0.289563 3
0.932897 0.130681 4
0.947787 0.288742 3
0.923332 0.059387 5
0.965169 0.584556 2
0.942253 0.27102 3
0.978286 0.675946 2
0.920978 0.0152002 7
0.907163 0.00135652 10
0.912797 0.00633628 8
0.961468 0.35489 3
0.881524 1.4815e-06 18
0.922631 0.0158555 7
0.945788 0.161639 4
0.955897 0.323271 3
0.923609 0.0162685 7
0.958146 0.335134 3
0.906467 0.00132821 10
0.90092 0.000551242 11
0.932595 0.0699683 5
0.989287 0.803103 2
0.931549 0.0372594 6
0.884317 0.000359208 11
0.8797 6.77611e-05 13
0.875523 2.7675e-05 14
0.975799 0.65455 2
0.855089 9.69979e-09 23
0.886006 0.000372867 11
0.924509 0.0605091 5
0.919812 0.0563394 5
0.891362 0.000901471 10
0.998213 1 1
0.884002 0.000164327 12
0.868224 2.04762e-06 17
0.903761 0.0106717 7
0.957282 0.54922 2
0.915258 0.0263997 6
0.95001 0.297072 3
0.986566 1 1
0.926434 0.0624687 5
0.887345 8.33935e-05 13
0.977622 0.670017 2
0.907368 0.00557227 8
0.93858 0.142247 4
0.939245 0.143793 4
0.972572 0.62993 2
0.87033 1.9841e-07 20
0.967825 0.59926 2
0.978585 0.678672 2
0.963105 0.57419 2
0.892998 0.000441267 11
0.938897 0.14298 4
0.942814 0.27264 3
0.995701 1 1
0.918237 0.0551106 5
0.898296 0.00464513 8
0.97177 0.624318 2
0.902078 0.00498866 8
0.950976 0.300938 3
0.943043 0.273312 3
0.971781 0.624393 2
0.87998 6.82425e-05 13
0.983887 1 1
0.964509 0.581146 2
0.971846 0.624838 2
0.898805 0.00468839 8
0.953691 0.312686 3
0.971222 1 1
0.924899 0.23478 3
0.974424 1 1
0.90402 0.0467758 5
0.904788 0.0471274 5
0.976908 1 1
0.927504 0.238867 3
0.962928 0.573339 2
0.94848 0.520879 2
0.897412 0.0205795 6
0.912025 0.0509357 5
0.938678 0.261492 3
0.940207 0.265404 3
0.936839 0.257085 3
0.914112 0.106684 4
0.984102 1 1
0.932044 0.487317 2
0.986047 1 1
0.893382 0.0197 6
0.914929 0.107421 4
0.970353 1 1
0.924015 0.233475 3
0.956744 0.547192 2
0.954635 0.539653 2
0.884898 0.00824711 7
0.916684 0.223975 3
0.951143 0.528459 2
0.9419 0.505081 2
0.922452 0.231258 3
0.912374 0.105182 4
0.966802 1 1
0.942269 0.50587 2
0.951958 0.530938 2
0.924924 0.234819 3
0.917683 0.225145 3
0.949589 0.523944 2
0.954495 0.539175 2
0.990901 1 1
0.964828 1 1
0.913971 0.106559 4
0.933261 0.489209 2
0.944591 0.511087 2
0.963864 1 1
0.948015 0.519633 2
0.940403 0.501983 2
0.91561 0.0532238 5
0.89164 0.0041525 8
0.914058 0.0521951 5
0.942447 0.271575 3
0.866965 2.2473e-05 14
0.929904 0.242975 3
0.924613 0.117982 4
0.943157 0.273651 3
0.910636 0.0501276 5
0.94781 0.519089 2
0.888312 0.0018234 9
0.89065 0.00408908 8
0.915914 0.0534322 5
0.986233 1 1
0.9101 0.0498266 5
0.891351 0.019296 6
0.886627 0.00841226 7
0.882064 0.00361985 8
0.980545 1 1
0.861765 4.57106e-05 13
0.891956 0.0194138 6
0.931467 0.245847 3
0.927244 0.238443 3
0.898589 0.0445159 5
0.991354 1 1
0.890583 0.0191494 6
0.875276 0.00148779 9
0.910967 0.104027 4
0.963256 1 1
0.921604 0.230102 3
0.97787 1 1
0.926173 0.236733 3
0.995093 1 1
0.882559 0.00803629 7
0.912083 0.104938 4
0.969669 1 1
0.913591 0.106224 4
0.945241 0.512627 2
0.947097 0.517234 2
0.874489 0.00147162 9
0.909704 0.103034 4
0.949164 0.522753 2
0.932735 0.248301 3
0.912177 0.105017 4
0.902652 0.04617 5
0.968827 0.605239 2
0.930895 0.127214 4
0.962856 0.572997 2
0.915867 0.0266796 6
0.908406 0.0115794 7
0.964794 0.582606 2
0.939443 0.26342 3
0.97551 0.652207 2
0.954454 0.316236 3
0.908055 0.0115044 7
0.919958 0.056457 5
0.939441 0.263415 3
0.949587 0.295427 3
0.946452 0.284095 3
0.925405 0.0614007 5
0.947664 0.518705 2
0.923927 0.117103 4
0.939599 0.263818 3
0.937765 0.259265 3
0.898831 0.00987497 7
0.946669 0.516142 2
0.949252 0.522999 2
0.977818 1 1
0.944541 0.277868 3
0.9307 0.244418 3
0.918128 0.110511 4
0.92384 0.116994 4
0.947972 0.519518 2
0.968852 0.605389 2
0.933735 0.250318 3
0.91877 0.0144032 7
0.923686 0.0310148 6
0.903057 0.00120323 10
0.971368 0.62157 2
0.898066 0.000506599 11
0.905371 0.00261233 9
0.971134 0.61999 2
0.956471 0.32619 3
0.933236 0.070873 5
0.952122 0.305733 3
0.928503 0.0647644 5
0.908582 0.00572679 8
0.948221 0.290311 3
0.957054 0.329231 3
0.959799 0.344613 3
0.987046 0.77215 2
0.940282 0.0827958 5
0.978236 0.675494 2
0.883162 3.40828e-06 17
0.927611 0.0338423 6
0.954258 0.315313 3
0.920431 0.0149949 7
0.947824 0.168333 4
0.959312 0.341752 3
0.872662 4.46992e-08 22
0.922655 0.0158653 7
0.965385 0.382146 3
0.942713 0.152613 4
0.907736 0.00138058 10
0.911211 0.0030581 9
0.908477 0.0115946 7
0.929476 0.0659172 5
0.889065 0.000400215 11
0.957072 0.329324 3
0.906404 0.00545555 8
0.886898 0.000176739 12
0.974428 0.643685 2
0.941573 0.149566 4
0.930478 0.126528 4
0.934793 0.134238 4
0.940553 0.146964 4
0.907179 0.0113225 7
0.948276 0.29051 3
0.931045 0.127464 4
0.976083 0.656886 2
0.897083 0.00215775 9
0.944639 0.278175 3
0.873623 1.18831e-05 15
0.898631 0.00467351 8
0.938353 0.260689 3
0.861669 1.45172e-07 20
0.940172 0.26531 3
0.911234 0.0247188 6
0.926231 0.120146 4
0.877701 2.9321e-05 14
0.963755 0.577361 2
0.915144 0.0263481 6
0.937868 0.140641 4
0.880402 6.89816e-05 13
0.955047 0.541075 2
0.877367 2.75384e-06 17
0.884897 3.60906e-05 14
0.864097 1.38356e-08 23
0.979474 0.686994 2
0.861621 2.44723e-09 25
0.87003 1.96141e-07 20
0.931289 0.0682031 5
0.913689 0.0128548 7
0.89121 0.000198555 12
0.970464 0.615557 2
0.893494 0.00021207 12
0.867708 8.04506e-08 21
0.906556 0.00547356 8
0.935921 0.136491 4
0.927218 0.0633147 5
0.951521 0.303192 3
0.979717 0.689316 2
0.926958 0.0333347 6
0.9155 0.0133654 7
0.951976 0.305111 3
0.914554 0.0130935 7
0.968066 0.600674 2
0.962261 0.360044 3
0.981723 0.709491 2
0.897687 0.00050114 11
0.974301 0.642711 2
0.959861 0.344981 3
0.992617 1 1
0.918018 0.0141503 7
0.965021 0.379413 3
0.911581 0.0506733 5
0.927222 0.121542 4
0.893316 0.00426515 8
0.96452 0.5812 2
0.903012 0.0220117 6
0.892706 0.00422331 8
0.975179 1 1
0.946658 0.516114 2
0.931271 0.245478 3
0.94236 0.271325 3
0.936174 0.255567 3
0.907212 0.0232891 6
0.948499 0.52093 2
0.93992 0.26465 3
0.971118 0.619884 2
0.968436 1 1
0.950437 0.526374 2
0.954361 0.538717 2
0.872178 0.00142612 9
0.946286 0.515181 2
0.930194 0.243496 3
0.916151 0.223365 3
0.934626 0.491421 2
0.959639 1 1
0.8592 9.98842e-05 12
0.931254 0.486127 2
0.981269 1 1
0.941567 0.504377 2
0.890387 0.0191126 6
0.91072 0.103829 4
0.960931 0.564173 2
0.913296 0.051712 5
0.972961 1 1
0.89831 0.0207913 6
0.894016 0.00922541 7
0.988183 1 1
0.917026 0.109408 4
0.952232 0.53179 2
0.936536 0.25639 3
0.89397 0.00921976 7
0.900445 0.0213212 6
0.928354 0.240282 3
0.928388 0.240339 3
0.934633 0.252194 3
0.903376 0.022115 6
0.893172 0.00425517 8
0.943106 0.2735 3
0.869789 2.39986e-05 14
0.883905 0.000775267 10
0.944592 0.278027 3
0.855787 1.1986e-07 20
0.927434 0.121847 4
0.902057 0.010379 7
0.921682 0.114383 4
0.863379 1.77893e-06 17
0.959676 0.55878 2
0.915298 0.0530122 5
0.930094 0.125905 4
0.868227 1.0297e-05 15
0.941126 0.26787 3
0.930617 0.0673342 5
0.969893 0.61188 2
0.90902 0.00287563 9
0.870929 4.1379e-08 22
0.99616 1 1
0.888746 4.08189e-05 14
0.922013 0.0156041 7
0.918296 0.0142429 7
0.950658 0.178742 4
0.853274 1.17365e-11 0
0.959968 0.34562 3
0.962412 0.36104 3
0.943533 0.1549 4
0.873435 1.01852e-07 21
0.925794 0.0324686 6
18 2 5 16 21 22 23 26 28 29 31 42 43 51 52 56 60 66 67 
38 0 1 2 3 5 7 10 15 16 19 21 22 23 26 28 29 31 32 35 38 39 42 43 44 45 47 49 51 52 53 54 56 57 58 60 66 67 69 
4 23 26 28 42 
46 0 1 2 3 5 7 10 11 14 15 16 17 19 20 21 22 23 24 26 28 29 31 32 35 37 38 39 42 43 45 47 48 49 51 52 53 54 55 56 57 58 59 60 64 66 67 
66 0 1 2 3 4 5 7 8 9 10 11 12 13 14 15 16 17 18 19 20 21 22 23 24 25 26 27 28 29 30 31 32 33 35 36 37 38 39 40 41 42 43 44 45 46 47 48 49 50 51 52 53 54 55 56 57 58 59 60 61 62 63 64 65 66 67 
4 23 26 28 42 
51 0 1 2 3 4 5 6 7 8 9 10 12 14 15 16 19 21 22 23 24 25 26 28 29 31 32 33 35 37 38 39 40 42 43 44 45 47 49 50 51 52 53 54 56 57 58 60 64 66 67 69 
30 1 2 5 7 15 16 21 22 23 26 28 29 31 32 38 39 42 43 45 47 51 52 53 54 56 57 58 60 66 67 
33 0 1 2 5 7 10 15 16 21 22 23 26 28 29 31 32 35 38 39 42 43 45 47 51 52 53 54 56 57 58 60 66 67 
64 0 1 2 3 4 5 6 7 8 9 10 11 12 13 14 15 16 18 19 20 21 22 23 24 25 26 29 30 31 32 33 34 35 37 38 39 40 41 42 43 44 45 46 47 48 49 50 51 52 53 54 55 56 57 58 59 60 61 62 64 65 66 67 68 
52 0 1 2 3 4 5 6 7 8 9 10 12 14 15 16 19 20 21 22 23 24 25 26 28 29 31 32 33 35 37 38 39 40 42 43 44 45 47 49 50 51 52 53 54 56 57 58 60 64 66 67 69 
33 1 2 5 7 10 14 15 16 20 21 22 23 26 28 29 31 32 38 39 42 43 45 47 51 52 53 54 56 57 58 60 66 67 
44 0 1 2 3 5 7 10 11 14 15 16 17 19 20 21 22 23 24 26 28 29 31 32 35 37 38 39 42 43 45 47 48 51 52 53 54 55 56 57 58 59 60 66 67 
34 0 1 2 5 7 10 15 16 21 22 23 26 28 29 31 32 35 38 39 42 43 45 49 51 52 53 54 56 57 58 60 66 67 69 
53 0 1 2 3 5 7 8 9 10 11 14 15 16 17 19 20 21 22 23 24 26 27 28 29 31 32 35 37 38 39 41 42 43 45 46 47 48 51 52 53 54 55 56 57 58 59 60 61 63 64 65 66 67 
