40 15 1e+07
2.41534 106591
1.31662 176520
2.80921 174884
2.13125 129722
1.48563 191155
1.01819 153596
1.2836 133109
1.90428 161835
1.59768 188127
1.91342 123394
2.61479 181815
2.73805 101812
1.71613 157388
2.33869 174645
2.1562 188424
2.55944 166466
2.58847 163933
2.30612 140799
1.00053 196671
2.5812 171528
2.35178 188095
1.91599 178892
1.29431 177697
1.37099 151848
1.91088 184326
1.99949 137219
2.03377 198148
1.11677 174237
1.17189 189241
1.95561 174220
2.29718 135550
2.01217 169114
1.22866 142484
2.8241 164256
1.28737 145168
1.53886 185857
2.69422 119936
2.6149 102481
2.24009 132609
1.05461 132135
0.951573 0.303408 3
0.918423 0.0279365 6
0.954321 0.315609 3
0.945293 0.280262 3
0.868919 4.1926e-07 19
0.982284 0.715437 2
0.993276 1 1
0.897457 0.00217486 9
0.986462 1 1
0.935954 0.136558 4
0.95603 0.323939 3
0.951401 0.302691 3
0.891449 0.000424217 11
0.893434 0.00094398 10
0.961554 0.566953 2
0.989426 1 1
0.955608 0.543055 2
0.994891 1 1
0.956167 0.545065 2
0.87708 0.000687028 10
0.950207 0.525707 2
0.957251 0.5491 2
0.898377 0.0208073 6
0.946932 0.51681 2
0.898081 0.0207367 6
0.957284 0.549225 2
0.991797 1 1
0.910752 0.0501937 5
0.905447 0.0474365 5
0.958589 0.554325 2
0.942307 0.151509 4
0.938341 0.141703 4
0.955098 0.319321 3
0.978813 0.680777 2
0.905593 0.00262706 9
0.943182 0.153911 4
0.955649 0.322029 3
0.934819 0.134287 4
0.967082 0.594979 2
0.934963 0.134569 4
0.926241 0.0622651 5
0.955231 0.31997 3
0.926567 0.0626102 5
0.930677 0.0674104 5
0.930636 0.0673586 5
0.890786 0.00884632 7
0.890518 0.00881659 7
0.901947 0.0217176 6
0.929827 0.242837 3
0.906326 0.0478594 5
0.907671 0.0485314 5
0.91686 0.109245 4
0.938294 0.260545 3
0.935537 0.254149 3
0.960331 0.561559 2
0.882848 0.00166488 9
0.901877 0.0216987 6
0.903018 0.0463295 5
0.916628 0.109019 4
0.887807 0.00391876 8
0.924106 0.0601186 5
0.972692 0.630792 2
0.935796 0.136236 4
0.950961 0.300878 3
0.924992 0.0609852 5
0.891735 0.000427277 11
0.902117 0.00499246 8
0.929972 0.0665244 5
0.903803 0.00516436 8
0.872125 2.3111e-06 17
0.892378 0.000434296 11
0.939501 0.1444 4
0.967961 0.600057 2
0.952372 0.30681 3
0.893808 0.000952066 10
0.886667 1.78369e-05 15
0.923597 0.0162634 7
0.900432 0.00054315 11
0.933087 0.0706604 5
0.977778 0.671397 2
0.869774 1.77355e-08 23
0.881284 3.17305e-06 17
0.969639 0.610267 2
0.891002 4.40653e-05 14
0.879299 1.35614e-06 18
0.860464 8.89106e-11 29
0.903296 0.00121132 10
0.976471 0.660115 2
0.989324 1 1
0.863354 5.24228e-10 27
0.874781 0.000133506 12
0.909292 0.0240002 6
0.888541 0.00183074 9
0.922359 0.11518 4
0.991805 1 1
0.861337 1.68122e-06 17
0.872767 5.74446e-05 13
0.971699 0.623828 2
0.883952 0.000775961 10
0.878124 0.000316283 11
0.850132 8.11077e-09 23
0.891183 0.0041229 8
0.960953 0.564269 2
0.975611 1 1
0.853265 4.80988e-08 21
0.910165 0.0498631 5
0.943951 0.509604 2
0.924417 0.117728 4
0.958117 0.552449 2
0.953542 0.535986 2
0.892664 0.00906178 7
0.904418 0.0224175 6
0.96792 0.599816 2
0.913189 0.0516455 5
0.894667 0.00930701 7
0.883651 0.00168631 9
0.927243 0.23844 3
0.978744 1 1
0.984245 1 1
0.886618 0.00385225 8
0.927446 0.0337122 6
0.969349 0.608452 2
0.940805 0.147596 4
0.963666 0.369609 3
0.931512 0.0372241 6
0.900095 0.000537666 11
0.911181 0.00305548 9
0.942039 0.150793 4
0.914966 0.00670112 8
0.885318 7.94189e-06 16
0.897147 0.000237179 12
0.944283 0.157069 4
0.972034 0.626141 2
0.961323 0.35397 3
0.899237 0.000524146 11
0.968109 0.600928 2
0.96831 0.602124 2
0.983261 1 1
0.975511 0.652219 2
0.896468 0.00449704 8
0.939031 0.262375 3
0.949298 0.294322 3
0.917502 0.0545629 5
0.946593 0.284573 3
0.902862 0.0105147 7
0.938248 0.260433 3
0.986233 1 1
0.930296 0.126232 4
0.925461 0.119099 4
0.940498 0.266175 3
0.875074 0.000664752 10
0.883848 0.00370694 8
0.887387 0.00389496 8
0.919777 0.112246 4
0.922239 0.115037 4
0.885745 0.00380506 8
0.895574 0.0201646 6
0.950474 0.526483 2
0.913294 0.105967 4
0.935804 0.254739 3
0.863213 2.06764e-05 14
0.888019 0.00393088 8
0.90838 0.048898 5
0.924715 0.234506 3
0.867872 0.000116505 12
0.886618 0.00385225 8
0.930933 0.244847 3
0.899228 0.0210145 6
0.925161 0.235175 3
0.958015 0.552051 2
0.86183 2.00715e-05 14
0.872855 0.000641704 10
0.943573 0.508745 2
0.879253 0.00157558 9
0.860337 1.94495e-05 14
0.857513 7.98944e-06 15
0.90257 0.0461346 5
0.980979 1 1
0.969548 1 1
0.859591 1.91497e-05 14
0.94427 0.157031 4
0.94604 0.162435 4
0.958203 0.335452 3
0.987518 0.778425 2
0.910266 0.00595594 8
0.938334 0.0790984 5
0.950775 0.300123 3
0.937987 0.0784755 5
0.959762 0.344391 3
0.927066 0.033418 6
0.924478 0.0315446 6
0.959038 0.340166 3
0.933865 0.0717863 5
0.936698 0.0762444 5
0.928474 0.0345368 6
0.917139 0.224503 3
0.899825 0.0449978 5
0.924794 0.234623 3
0.937892 0.497137 2
0.881293 0.00358363 8
0.945558 0.51339 2
0.952918 0.533959 2
0.913223 0.105905 4
0.971804 1 1
0.973614 1 1
0.917322 0.224719 3
0.923296 0.232441 3
0.891899 0.0194026 6
0.899999 0.0450671 5
0.922667 0.231556 3
0.937841 0.497042 2
0.916114 0.108526 4
0.945035 0.512134 2
0.951197 0.528622 2
0.881592 0.00359757 8
0.962518 1 1
0.972566 1 1
0.912089 0.104944 4
0.992413 1 1
0.952325 0.532079 2
0.936217 0.494128 2
0.943196 0.507901 2
0.899289 0.0447866 5
0.904202 0.0468582 5
0.941566 0.504376 2
0.870672 4.46335e-07 19
0.906575 0.00547588 8
0.884286 3.54204e-05 14
0.917351 0.0273925 6
0.995766 1 1
0.856144 1.62167e-10 28
0.867507 7.98163e-08 21
0.965098 0.584183 2
0.878329 6.222e-06 16
0.87216 4.71343e-07 19
0.845591 7.96897e-12 0
0.88701 8.25862e-05 13
0.959504 0.342872 3
0.971683 0.623717 2
0.848608 9.24064e-12 0
0.953932 0.537275 2
0.957105 0.548547 2
0.968744 1 1
0.991109 1 1
0.906727 0.100839 4
0.938873 0.498981 2
0.950872 0.527654 2
0.93142 0.245758 3
0.954939 0.5407 2
0.916656 0.223943 3
0.929955 0.243066 3
0.97022 1 1
0.935494 0.49288 2
0.934863 0.491815 2
0.933348 0.489348 2
0.864955 1.62675e-07 20
0.884342 7.659e-05 13
0.878258 1.35821e-05 15
0.913465 0.0256163 6
0.947435 0.287491 3
0.866842 3.9013e-07 19
0.877502 1.32795e-05 15
0.965289 0.585186 2
0.893402 0.00094329 10
0.907051 0.0112963 7
0.848004 8.96764e-12 0
0.879714 3.0991e-05 14
0.921578 0.0578132 5
0.93954 0.144493 4
0.85218 1.34609e-10 28
0.916674 0.109064 4
0.915008 0.107493 4
0.92847 0.240478 3
0.955918 0.544163 2
0.909641 0.102985 4
0.928377 0.24032 3
0.93928 0.499763 2
0.942546 0.50647 2
0.957103 0.548539 2
0.953669 0.536404 2
0.905747 0.100158 4
0.92845 0.240444 3
0.918135 0.225686 3
0.928133 0.239909 3
0.910603 0.103736 4
0.911263 0.0504873 5
0.906699 0.0231221 6
0.922212 0.115005 4
0.947262 0.286885 3
0.903567 0.0221695 6
0.927674 0.122196 4
0.937669 0.259036 3
0.936487 0.256278 3
0.956487 0.546239 2
0.962516 0.571387 2
0.903172 0.0220568 6
0.921876 0.114609 4
0.909786 0.0496528 5
0.920357 0.112882 4
0.908191 0.0236167 6
0.924791 0.0607857 5
0.968443 0.602917 2
0.937868 0.140642 4
0.959833 0.344816 3
0.932451 0.0697684 5
0.896711 0.00101961 10
0.907701 0.0056138 8
0.941011 0.148118 4
0.911336 0.01225 7
0.882003 1.52556e-05 15
0.894258 0.000456053 11
0.941393 0.149098 4
0.974158 0.641616 2
0.961751 0.567848 2
0.896241 0.00100809 10
0.979257 0.684935 2
0.935261 0.13516 4
0.975831 0.65481 2
0.947038 0.286102 3
0.866408 3.84418e-07 19
0.97135 0.621444 2
0.976175 0.657641 2
0.890949 0.000418975 11
0.960415 0.561922 2
0.909621 0.0118474 7
0.973205 0.634504 2
0.971971 0.625708 2
0.896013 0.00211028 9
0.893498 0.000945347 10
0.976663 0.661733 2
0.932228 0.247304 3
0.947655 0.518683 2
0.946858 0.516622 2
0.985174 1 1
0.926292 0.23692 3
0.921979 0.11473 4
0.934203 0.251287 3
0.953145 0.534689 2
0.943933 0.509563 2
0.919208 0.111636 4
0.909499 0.049496 5
0.948681 0.521426 2
0.948992 0.522279 2
0.953248 0.535023 2
0.91316 0.10585 4
0.948391 0.52064 2
0.986491 1 1
0.954832 0.540329 2
0.945392 0.280582 3
0.892583 0.00421502 8
0.906161 0.0229504 6
0.91423 0.0523062 5
0.902705 0.0219258 6
0.909221 0.049345 5
0.867796 2.29052e-05 14
0.915221 0.0529598 5
0.958313 0.553225 2
0.933573 0.249985 3
0.920507 0.113047 4
0.915245 0.0529765 5
0.887924 0.00181107 9
0.88098 0.000334809 11
0.8975 0.00968411 7
0.920394 0.112922 4
0.889708 0.00186919 9
0.911789 0.0507953 5
0.919256 0.0558967 5
0.921226 0.113858 4
0.93795 0.259709 3
0.976461 1 1
0.884795 0.000788469 10
0.896832 0.00452569 8
0.888108 0.00181689 9
0.900704 0.0101601 7
0.889926 0.00187658 9
0.932273 0.12957 4
0.982891 1 1
0.942238 0.270977 3
0.948208 0.290263 3
0.911441 0.0122758 7
0.895493 0.000990211 10
0.905062 0.00530113 8
0.917774 0.0276042 6
0.904091 0.00519505 8
0.868245 9.15436e-07 18
0.899604 0.00227858 9
0.946008 0.282605 3
0.953775 0.31307 3
0.93875 0.14264 4
0.900455 0.00232249 9
0.871441 9.3592e-08 21
0.868435 1.66943e-08 23
0.881496 3.19841e-06 17
0.906946 0.0027203 9
0.890321 9.1193e-05 13
0.893632 0.000212939 12
0.90105 0.00113903 10
0.91962 0.0147003 7
0.919435 0.0146346 7
0.960496 0.348816 3
0.86726 1.58467e-08 23
0.881117 3.15327e-06 17
0.882064 7.06165e-06 16
0.896382 0.000231527 12
0.872279 9.69448e-08 21
0.918464 0.110857 4
0.90891 0.0491783 5
0.928501 0.240531 3
0.94904 0.522411 2
0.896234 0.0203108 6
0.937785 0.496939 2
0.947571 0.518461 2
0.928672 0.240822 3
0.966801 1 1
0.964664 0.581937 2
0.912407 0.10521 4
0.927744 0.239262 3
0.906019 0.0477101 5
0.91496 0.107449 4
0.917547 0.109924 4
0.909067 0.102547 4
0.949456 0.523568 2
0.922689 0.231586 3
0.95156 0.529718 2
0.951121 0.528394 2
0.886268 0.018381 6
0.897683 0.0441737 5
0.95598 0.54439 2
0.904363 0.0992289 4
0.882434 0.00802536 7
0.880429 0.00785556 7
0.925911 0.236324 3
0.991005 1 1
0.980425 1 1
0.882878 0.00806427 7
0.888583 0.000395668 11
0.917025 0.0272319 6
0.902688 0.00504933 8
0.93874 0.142616 4
0.969895 0.611888 2
0.879297 3.0633e-05 14
0.890915 0.000418621 11
0.993419 1 1
0.903375 0.00511955 8
0.898354 0.00221701 9
0.86578 1.67535e-07 20
0.904962 0.00528999 8
0.959229 0.556927 2
0.977848 0.672017 2
0.869314 9.48055e-07 18
0.902443 0.0460797 5
0.911451 0.104418 4
0.915502 0.107949 4
0.949327 0.523209 2
0.92821 0.240039 3
0.908018 0.101766 4
0.919139 0.226915 3
0.962008 0.569025 2
0.935778 0.493366 2
0.939276 0.499756 2
0.887614 0.00851029 7
0.916319 0.108722 4
0.928531 0.240582 3
0.942162 0.50564 2
0.892138 0.0194497 6
0.920637 0.0570148 5
0.955706 0.543402 2
0.934861 0.13437 4
0.966218 0.590171 2
0.94231 0.271181 3
0.89982 0.00477717 8
0.911472 0.0248107 6
0.956873 0.547674 2
0.918377 0.055217 5
0.894326 0.00203963 9
0.89278 0.00197908 9
0.937892 0.259571 3
0.975882 0.655235 2
0.973074 0.63355 2
0.895503 0.00442306 8
0.920234 0.0289152 6
0.964562 0.581416 2
0.933198 0.131227 4
0.95575 0.322533 3
0.935777 0.136197 4
0.892386 0.00043438 11
0.903382 0.0051203 8
0.942132 0.15104 4
0.907367 0.00557223 8
0.879308 1.4021e-05 15
0.889799 0.000190925 12
0.936712 0.138136 4
0.978412 0.677091 2
0.964458 0.580885 2
0.891772 0.000427679 11
0.928571 0.12353 4
0.96539 0.58572 2
0.942598 0.272013 3
0.969942 0.612192 2
0.933361 0.131526 4
0.904404 0.0107873 7
0.915824 0.0533701 5
0.947505 0.28774 3
0.920842 0.0571859 5
0.892435 0.00196605 9
0.899433 0.00474289 8
0.945849 0.282078 3
0.970457 0.615515 2
0.963814 0.577651 2
0.901877 0.0103492 7
0.943804 0.275594 3
0.936567 0.256459 3
0.955996 0.544445 2
0.975872 1 1
0.90196 0.0217212 6
0.946886 0.516693 2
0.959371 0.557512 2
0.931265 0.245465 3
0.970996 0.619066 2
0.936729 0.256831 3
0.929169 0.124444 4
0.955792 0.543712 2
0.922936 0.115874 4
0.926889 0.121067 4
0.933685 0.250214 3
0.886722 8.19006e-05 13
0.883762 3.48622e-05 14
0.897196 0.0010318 10
0.923081 0.0306224 6
0.898432 0.00106408 10
0.906899 0.00551483 8
0.915261 0.0132956 7
0.929852 0.0663766 5
0.934033 0.132778 4
0.966482 0.591624 2
0.881001 1.47775e-05 15
0.896873 0.00102365 10
0.894733 0.000461861 11
0.908176 0.00567423 8
0.886042 8.0322e-05 13
0.889963 0.0190333 6
0.888258 0.00857585 7
0.900803 0.0453917 5
0.927665 0.239132 3
0.902734 0.0462057 5
0.908388 0.102039 4
0.917239 0.22462 3
0.934564 0.491318 2
0.936013 0.493772 2
0.963726 1 1
0.883046 0.00807908 7
0.900603 0.0453102 5
0.89966 0.0449325 5
0.913082 0.105783 4
0.888051 0.0085546 7
0.847383 8.69686e-12 0
0.874967 1.08891e-07 21
0.860811 9.05737e-11 29
0.895546 0.00010812 13
0.962039 0.358584 3
0.842738 6.95702e-12 0
0.853575 1.19246e-11 0
0.953274 0.310791 3
0.867691 3.25505e-09 25
0.876497 2.54683e-07 20
0.827124 3.495e-12 0
0.862847 2.27272e-10 28
0.92197 0.0155869 7
0.938114 0.0787021 5
0.830807 4.08371e-12 0
0.872872 5.75802e-05 13
0.85985 1.61501e-06 17
0.880378 0.000727032 10
0.898057 0.00976289 7
0.865922 9.71949e-06 15
0.904144 0.0223367 6
0.908633 0.0490312 5
0.896149 0.00949961 7
0.925429 0.119056 4
0.977097 1 1
0.875782 0.000136334 12
0.879147 0.000322692 11
0.863679 4.06147e-06 16
0.875825 0.000136459 12
0.880886 0.000733616 10
0.965015 0.58375 2
0.980832 0.700312 2
0.976871 0.663499 2
0.966696 0.592809 2
0.896264 0.00048151 11
0.928096 0.0642964 5
0.937384 0.139578 4
0.913541 0.0128148 7
0.93341 0.0711231 5
0.890431 0.000194282 12
0.931929 0.0690545 5
0.980786 0.699852 2
0.93356 0.07134 5
0.925535 0.061533 5
0.933219 0.0708479 5
39 0 1 2 3 4 5 6 7 8 9 10 11 12 13 14 15 16 17 18 19 20 21 22 23 24 25 26 27 28 29 30 31 32 33 34 35 36 38 39 
29 3 4 5 6 7 8 10 11 12 15 17 18 19 20 22 24 25 26 27 28 29 30 31 32 33 35 36 37 38 
37 0 2 3 4 5 6 7 8 9 10 11 12 13 14 15 16 17 18 19 20 22 24 25 26 27 28 29 30 31 32 33 34 35 36 37 38 39 
30 2 3 5 6 7 8 10 11 12 13 15 17 18 19 20 22 24 26 27 28 29 30 31 32 33 34 35 36 37 38 
9 3 10 17 24 26 35 36 37 38 
38 0 1 2 3 4 5 6 7 8 9 10 11 12 13 14 15 16 17 18 19 20 22 23 24 25 26 27 28 29 30 31 32 33 34 35 36 38 39 
37 0 2 3 4 5 6 7 8 9 10 11 12 13 14 15 16 17 18 19 20 22 23 24 25 26 27 28 29 30 31 32 33 34 35 36 38 39 
6 6 10 15 17 26 37 
37 2 3 4 5 6 7 8 9 10 11 12 13 14 15 16 17 18 19 20 22 23 24 25 26 27 28 29 30 31 32 33 34 35 36 37 38 39 
15 3 5 6 10 11 15 17 24 26 29 30 35 36 37 38 
37 0 1 2 3 4 5 6 7 8 9 10 11 12 13 14 16 18 19 20 21 22 23 24 25 26 27 28 29 30 31 32 33 34 35 36 38 39 
37 0 2 3 4 5 6 7 8 9 10 11 12 13 14 15 16 17 18 19 20 22 24 25 26 27 28 29 30 31 32 33 34 35 36 37 38 39 
15 3 5 6 10 11 15 17 24 26 29 30 35 36 37 38 
17 3 5 6 10 15 17 18 19 24 26 27 29 30 35 36 37 38 
37 0 1 2 3 4 5 6 7 8 9 10 11 12 13 14 16 17 18 19 20 21 22 24 25 26 27 28 29 30 31 32 33 34 35 36 38 39 
