30 15 6e+06
4.90137 140407
1.38971 174925
5.03944 162400
1.35366 126188
4.45719 162288
1.06371 103183
1.42877 139416
2.30108 104506
1.30257 178734
1.48329 178873
1.9583 157683
1.36579 174611
1.74062 117583
2.51864 159499
2.60532 144394
2.68548 128329
1.85529 179777
2.29765 180286
1.55978 168522
1.49559 178313
1.19253 104682
1.76723 154445
5.93454 142827
1.86246 118076
2.1271 101678
1.13047 176584
1.97924 156249
1.67735 155541
4.37802 167150
2.17148 159051
0.980921 0.701216 2
0.946374 0.28383 3
0.893268 0.000444358 11
0.93588 0.136407 4
0.90896 0.00577664 8
0.936767 0.138253 4
0.973348 0.635549 2
0.912929 0.0126524 7
0.92739 0.0635044 5
0.905897 0.00539618 8
0.904082 0.00252982 9
0.941068 0.148263 4
0.952711 0.308291 3
0.967691 0.598479 2
0.98262 0.719074 2
0.940033 0.264946 3
0.962253 0.570159 2
0.930209 0.12609 4
0.951619 0.529898 2
0.905597 0.0227743 6
0.971851 0.624876 2
0.983526 1 1
0.94135 0.268485 3
0.967557 0.597698 2
0.939352 0.263188 3
0.926535 0.120568 4
0.953457 0.535706 2
0.976301 1 1
0.96638 0.591062 2
0.944397 0.277418 3
0.957801 0.551216 2
0.89773 0.0021875 9
0.851737 6.99803e-10 26
0.921209 0.0574963 5
0.868321 2.05363e-06 17
0.891335 0.000900942 10
0.926473 0.120483 4
0.892483 0.000923994 10
0.889647 0.00086899 10
0.861262 1.43191e-07 20
0.857612 2.43436e-08 22
0.927007 0.121234 4
0.922731 0.0588346 5
0.918076 0.0549893 5
0.965262 0.585045 2
0.907749 0.0485711 5
0.966075 0.589391 2
0.926848 0.237803 3
0.885509 0.00379255 8
0.959549 0.558249 2
0.948563 0.521103 2
0.93183 0.246538 3
0.881841 0.0016388 9
0.921266 0.113904 4
0.94868 0.521423 2
0.975376 1 1
0.887119 0.00387995 8
0.908376 0.048896 5
0.94789 0.5193 2
0.902046 0.0217444 6
0.910094 0.0119554 7
0.931057 0.127485 4
0.935982 0.136615 4
0.964758 0.582423 2
0.874861 5.57227e-06 16
0.953243 0.310654 3
0.947757 0.288635 3
0.975157 0.649388 2
0.979106 0.683516 2
0.932921 0.130724 4
0.908313 0.0115594 7
0.961378 0.56616 2
0.971551 0.622811 2
0.93018 0.126044 4
0.917946 0.027691 6
0.881727 0.00360391 8
0.899626 0.0449189 5
0.921946 0.230565 3
0.950519 0.526615 2
0.845505 2.06579e-07 19
0.922972 0.231982 3
0.915403 0.107857 4
0.981259 1 1
0.950608 0.526874 2
0.911214 0.104226 4
0.88313 0.00808654 7
0.944684 0.511304 2
0.942187 0.505696 2
0.897931 0.0442665 5
0.89088 0.0192057 6
0.916698 0.0539818 5
0.914058 0.0521951 5
0.906041 0.0229125 6
0.99379 1 1
0.860571 3.17967e-07 19
0.929598 0.125115 4
0.941639 0.269286 3
0.974587 0.644915 2
0.94917 0.293835 3
0.904746 0.0225153 6
0.884072 0.000777705 10
0.987473 1 1
0.972321 0.628155 2
0.920962 0.0572873 5
0.927841 0.122439 4
0.885748 0.000171618 12
0.925683 0.0616853 5
0.964467 0.580931 2
0.930935 0.127281 4
0.873442 5.33619e-06 16
0.952043 0.305396 3
0.926733 0.0627883 5
0.950892 0.300599 3
0.97367 0.637934 2
0.95148 0.303019 3
0.920245 0.0289211 6
0.927406 0.0635216 5
0.939919 0.145405 4
0.915703 0.0266036 6
0.891078 0.000420317 11
0.857301 3.46374e-06 16
0.915061 0.107542 4
0.97361 1 1
0.87974 0.00158707 9
0.883024 0.00166953 9
0.931403 0.245725 3
0.895907 0.020238 6
0.895132 0.00936639 7
0.928361 0.240293 3
0.962267 0.570224 2
0.941569 0.504382 2
0.87757 0.000692697 10
0.894476 0.00928293 7
0.896053 0.0202705 6
0.858145 3.53496e-06 16
0.998924 1 1
0.932145 0.129345 4
0.876321 2.82599e-05 14
0.921834 0.0580355 5
0.905531 0.0109972 7
0.919299 0.0559306 5
0.954424 0.538931 2
0.897071 0.00454478 8
0.909129 0.0239425 6
0.889679 0.000869582 10
0.89104 0.000895198 10
0.927413 0.121816 4
0.935408 0.135452 4
0.953851 0.537006 2
0.986375 1 1
0.986867 1 1
0.922214 0.0583703 5
0.869352 4.73592e-06 16
0.923169 0.11616 4
0.894675 0.00205384 9
0.911555 0.0248428 6
0.947404 0.287383 3
0.896659 0.00451208 8
0.90416 0.010743 7
0.88153 0.000154897 12
0.881236 0.000153841 12
0.928998 0.12418 4
0.933348 0.131502 4
0.943627 0.275058 3
0.988031 1 1
0.916847 0.224163 3
0.9441 0.509946 2
0.888535 0.0187735 6
0.869546 0.000610056 10
0.988055 1 1
0.918643 0.226303 3
0.920294 0.228376 3
0.8586 4.30504e-05 13
0.8925 0.0195217 6
0.909381 0.102785 4
0.934166 0.490664 2
0.872691 0.00143596 9
0.891573 0.0193391 6
0.941028 0.503257 2
0.906632 0.100772 4
0.931506 0.24592 3
0.915744 0.108176 4
0.895391 0.00939988 7
0.986358 1 1
0.865196 2.15962e-05 14
0.925815 0.236175 3
0.947643 0.518649 2
0.955447 0.54248 2
0.939043 0.262403 3
0.89756 0.0206139 6
0.881041 0.00161868 9
0.992142 1 1
0.97255 1 1
0.927108 0.238221 3
0.943763 0.509177 2
0.887024 0.0017832 9
0.947114 0.517277 2
0.97944 1 1
0.901169 0.0215097 6
0.907872 0.0486343 5
0.962637 0.571957 2
0.926048 0.119894 4
0.910241 0.0499055 5
0.95074 0.527263 2
0.996063 1 1
0.964896 0.583132 2
0.900089 0.0212302 6
0.919743 0.112209 4
0.927498 0.121939 4
0.887223 0.00178928 9
0.882292 3.33695e-05 14
0.927019 0.0630976 5
0.974099 0.641164 2
0.922499 0.0302552 6
0.87687 5.93514e-06 16
0.952906 0.309148 3
0.923625 0.0309744 6
0.94123 0.148677 4
0.968837 0.605299 2
0.958725 0.338379 3
0.926597 0.0626421 5
0.919317 0.0284099 6
0.933316 0.0709871 5
0.914786 0.0131591 7
0.88671 8.18724e-05 13
0.870601 2.44691e-05 14
0.926446 0.120444 4
0.991824 1 1
0.896297 0.00448377 8
0.886987 0.00178205 9
0.946205 0.283262 3
0.910623 0.0244868 6
0.911503 0.0506272 5
0.945755 0.281769 3
0.973358 0.635628 2
0.944332 0.277217 3
0.894059 0.00431732 8
0.911012 0.0503425 5
0.908628 0.0237668 6
0.872283 5.68254e-05 13
0.943766 0.275476 3
0.931493 0.128221 4
0.904102 0.0107326 7
0.976343 0.65904 2
0.880583 0.000151539 12
0.939247 0.26292 3
0.964456 0.580877 2
0.949982 0.296962 3
0.947376 0.287285 3
0.909023 0.0239051 6
0.894808 0.00437148 8
0.98158 1 1
0.984141 1 1
0.943595 0.27496 3
0.954754 0.54006 2
0.938929 0.143054 4
0.941078 0.148289 4
0.917153 0.0138703 7
0.972732 0.631074 2
0.887054 3.86252e-05 14
0.952064 0.305484 3
0.970849 0.61809 2
0.954749 0.317638 3
0.960749 0.35037 3
0.921982 0.0299373 6
0.906233 0.0026704 9
0.975228 0.64995 2
0.996553 1 1
0.949559 0.295322 3
0.947743 0.168055 4
0.963901 0.578085 2
0.918734 0.0554898 5
0.877377 6.39721e-05 13
0.948187 0.290186 3
0.879127 0.000146619 12
0.916647 0.0539451 5
0.951349 0.302477 3
0.919247 0.0558898 5
0.917372 0.0544674 5
0.885685 0.000370197 11
0.878319 6.5464e-05 13
0.954277 0.538433 2
0.951812 0.530487 2
0.937583 0.258831 3
0.977609 1 1
0.953057 0.309822 3
0.960567 0.56258 2
0.91818 0.0278111 6
0.949869 0.296521 3
0.908157 0.0115262 7
0.961378 0.56616 2
0.994633 1 1
0.933635 0.132032 4
0.95447 0.316308 3
0.928877 0.0652016 5
0.920354 0.0289831 6
0.953243 0.310654 3
0.973332 0.635437 2
0.972734 0.631094 2
0.957268 0.330366 3
0.931152 0.245255 3
0.996384 1 1
0.935152 0.253308 3
0.917175 0.109555 4
0.937016 0.257497 3
0.975714 1 1
0.964413 0.580658 2
0.910836 0.0502414 5
0.948344 0.520513 2
0.953853 0.537011 2
0.956462 0.546149 2
0.919015 0.111432 4
0.940954 0.2674 3
0.975135 1 1
0.928584 0.240672 3
0.881047 0.00357225 8
0.94248 0.506327 2
0.974314 1 1
0.892255 0.0194728 6
0.909293 0.102718 4
0.954512 0.539231 2
0.918722 0.2264 3
0.901296 0.0455949 5
0.941263 0.503744 2
0.987431 1 1
0.968866 1 1
0.891263 0.0192791 6
0.910931 0.103998 4
0.921998 0.230635 3
0.880537 0.0035489 8
0.872992 2.59453e-05 14
0.901377 0.0102676 7
0.937046 0.257567 3
0.934084 0.251039 3
0.848602 1.42767e-09 25
0.926638 0.120712 4
0.910266 0.0243537 6
0.963001 0.573691 2
0.953225 0.53495 2
0.922454 0.115293 4
0.892178 0.00195649 9
0.928861 0.123971 4
0.932273 0.12957 4
0.895476 0.00442102 8
0.880638 0.00015173 12
0.948904 0.292831 3
0.983152 0.724935 2
0.918234 0.0278384 6
0.920058 0.0288167 6
0.937784 0.140455 4
0.961711 0.567664 2
0.97339 0.635862 2
0.907718 0.00561592 8
0.939125 0.143511 4
0.935618 0.135874 4
0.939919 0.145405 4
0.923137 0.0306582 6
0.943489 0.154776 4
0.993317 1 1
0.944803 0.158613 4
0.904558 0.00125559 10
0.950376 0.177642 4
0.905786 0.00130151 10
0.870478 4.05706e-08 22
0.980982 0.701837 2
0.928627 0.0346632 6
0.919279 0.0145794 7
0.864091 1.22089e-09 26
0.901599 0.000562854 11
0.927066 0.0334178 6
0.955944 0.323504 3
0.872718 9.87707e-08 21
0.893101 9.96213e-05 13
0.938369 0.0791631 5
0.896496 0.000232355 12
0.866773 4.40954e-06 16
0.92357 0.116655 4
0.986055 1 1
0.890968 0.00191266 9
0.886638 0.000817253 10
0.942006 0.270316 3
0.906312 0.0229984 6
0.90608 0.0229249 6
0.940224 0.265448 3
0.97116 0.620164 2
0.944766 0.278575 3
0.888787 0.00085356 10
0.905829 0.0228463 6
0.905203 0.0109351 7
0.868111 4.5743e-06 16
0.933737 0.250321 3
0.998104 1 1
0.930333 0.126293 4
0.914621 0.052561 5
0.941205 0.268085 3
0.970457 0.615515 2
0.963868 0.577921 2
0.907014 0.0232242 6
0.943565 0.274869 3
0.949394 0.523396 2
0.954977 0.540833 2
0.916762 0.0540277 5
0.938396 0.260794 3
0.977835 1 1
0.930267 0.126184 4
0.989015 1 1
0.92328 0.116296 4
0.867431 2.27137e-05 14
0.915338 0.053039 5
0.900644 0.0213726 6
0.909986 0.0497635 5
0.94478 0.51153 2
0.889792 0.00403589 8
0.900149 0.0212454 6
0.880769 0.000732081 10
0.882881 0.00166575 9
0.921034 0.11364 4
0.927187 0.121491 4
0.944728 0.511409 2
0.980784 1 1
0.95905 0.340235 3
0.95399 0.31406 3
0.889093 8.78334e-05 13
0.900448 0.00112096 10
0.945075 0.159436 4
0.930332 0.066974 5
0.950724 0.299914 3
0.883104 1.581e-05 15
0.909334 0.00582688 8
0.907232 0.0055555 8
0.918876 0.0281741 6
0.904722 0.00257014 9
0.920949 0.0293238 6
0.968572 0.603692 2
0.94798 0.289435 3
0.884378 0.000359688 11
0.917471 0.0545404 5
0.951059 0.301281 3
0.938063 0.259983 3
0.864084 3.55765e-07 19
0.943369 0.274282 3
0.923832 0.0598563 5
0.962054 0.569235 2
0.969526 0.609561 2
0.938446 0.260919 3
0.908107 0.0115155 7
0.933722 0.132194 4
0.942318 0.271206 3
0.910247 0.0243466 6
0.891023 0.000894855 10
23 0 1 2 4 5 6 7 8 9 10 12 13 14 15 16 17 18 19 20 21 22 25 29 
18 1 4 5 6 7 8 12 13 14 15 16 17 19 20 21 22 25 29 
8 5 7 8 14 15 22 25 29 
10 4 5 6 7 8 14 15 22 25 29 
30 0 1 2 3 4 5 6 7 8 9 10 11 12 13 14 15 16 17 18 19 20 21 22 23 24 25 26 27 28 29 
14 4 5 6 7 8 12 13 14 15 17 21 22 25 29 
18 1 4 5 6 7 8 12 13 14 15 16 17 18 19 21 22 25 29 
4 5 7 22 29 
11 4 5 7 8 13 14 15 21 22 25 29 
12 4 5 6 7 8 12 13 14 15 22 25 29 
27 0 1 2 4 5 6 7 8 9 10 12 13 14 15 16 17 18 19 20 21 22 23 25 26 27 28 29 
12 4 5 6 7 8 13 14 15 21 22 25 29 
11 4 5 6 7 8 12 14 15 22 25 29 
21 0 1 4 5 6 7 8 12 13 14 15 16 17 18 19 20 21 22 25 26 29 
18 1 2 4 5 6 7 8 12 13 14 15 16 17 18 19 22 25 29 
