40 15 1e+07
1.04953 199607
1.43607 129201
1.31064 182145
1.79382 157333
2.09245 123505
1.03408 107002
2.6041 198220
1.0446 157982
1.53366 183242
2.98672 123248
2.6974 137025
1.19751 169541
1.27251 175010
2.38311 187715
2.54712 161344
2.87393 104567
1.43349 199053
2.56085 190280
1.24923 146629
2.02264 185046
2.89133 167410
1.0805 115395
1.71349 165822
1.36371 152430
2.47585 199617
1.63717 104104
1.6604 110239
2.55745 183117
2.67976 198626
1.6979 174612
2.37188 168187
1.8054 163132
1.97176 121582
1.08686 145648
2.75449 193847
1.1034 176222
2.78819 122981
2.23448 102589
1.03486 176527
2.60663 118801
0.953311 0.53523 2
0.933475 0.131736 4
0.970275 0.614329 2
0.952069 0.531282 2
0.95351 0.535879 2
0.949844 0.296424 3
0.977316 1 1
0.911965 0.0250037 6
0.966829 0.593554 2
0.91277 0.0513865 5
0.896755 0.00451966 8
0.927311 0.121668 4
0.911244 0.0247224 6
0.91797 0.0549096 5
0.960931 0.564173 2
0.912416 0.105217 4
0.878585 0.00346265 8
0.883664 0.00813419 7
0.851598 7.03665e-06 15
0.839853 7.55513e-08 20
0.852774 7.21235e-06 15
0.863562 0.000245363 11
0.938555 0.498376 2
0.850905 6.93602e-06 15
0.920086 0.22811 3
0.892575 0.0195365 6
0.942451 0.506265 2
0.939067 0.499353 2
0.878967 0.00347918 8
0.860894 0.000102807 12
0.903125 0.00247171 9
0.865264 7.31982e-08 21
0.895229 0.000984047 10
0.923892 0.0599135 5
0.894861 0.000463451 11
0.927841 0.0640068 5
0.916495 0.0269757 6
0.882724 3.37978e-05 14
0.897803 0.00104743 10
0.969844 0.611566 2
0.977567 0.669531 2
0.940301 0.14634 4
0.882412 3.3488e-05 14
0.854345 1.48853e-10 28
0.929694 0.0661833 5
0.961476 0.35494 3
0.954963 0.318667 3
0.939806 0.145131 4
0.874675 5.18433e-07 19
0.879275 2.94705e-06 17
0.87331 2.23149e-07 20
0.897323 0.000495981 11
0.975699 0.653741 2
0.893595 0.000212705 12
0.888453 4.04249e-05 14
0.860875 4.63254e-10 27
0.922549 0.0302867 6
0.975112 0.649026 2
0.959451 0.342562 3
0.88367 1.61074e-05 15
0.934014 0.250893 3
0.920293 0.11281 4
0.955173 0.541517 2
0.967046 0.594776 2
0.972771 1 1
0.963446 0.57584 2
0.994359 1 1
0.893356 0.00914469 7
0.983306 1 1
0.902985 0.0220041 6
0.891943 0.00417231 8
0.911823 0.0508158 5
0.892646 0.00905969 7
0.904285 0.0223784 6
0.972868 1 1
0.925727 0.119458 4
0.886196 0.00175831 9
0.898788 0.00986871 7
0.875198 0.000134673 12
0.860503 7.21818e-07 18
0.876739 0.000139142 12
0.885218 0.000794898 10
0.937484 0.258595 3
0.87078 2.45747e-05 14
0.947237 0.286797 3
0.917814 0.0547931 5
0.969091 0.606855 2
0.937664 0.259023 3
0.882965 0.000761806 10
0.884546 0.000784725 10
0.911969 0.0250056 6
0.871133 1.11062e-05 15
0.897039 0.00454217 8
0.907585 0.0234124 6
0.882836 0.000347984 11
0.910743 0.0245318 6
0.906841 0.0231678 6
0.899372 0.00995534 7
0.888667 0.000851442 10
0.996582 1 1
0.970292 0.614441 2
0.959938 0.559886 2
0.899178 0.00472057 8
0.862216 7.59116e-07 18
0.915228 0.0529648 5
0.970297 1 1
0.983236 1 1
0.968501 1 1
0.896165 0.0202953 6
0.906488 0.0479385 5
0.8939 0.019807 6
0.921267 0.229651 3
0.9469 0.516729 2
0.92132 0.229722 3
0.886323 0.00838262 7
0.861975 4.58961e-05 13
0.91628 0.108685 4
0.946135 0.514807 2
0.97322 1 1
0.904323 0.0469135 5
0.97609 0.656939 2
0.9574 0.549667 2
0.951296 0.302256 3
0.887678 0.000834429 10
0.890899 0.000892461 10
0.886405 0.000376241 11
0.910207 0.024332 6
0.973672 0.637951 2
0.905265 0.0109468 7
0.899598 0.00475743 8
0.872299 1.14595e-05 15
0.933327 0.131462 4
0.972861 0.632007 2
0.95603 0.544568 2
0.896909 0.00453187 8
0.951651 0.303738 3
0.931314 0.0682361 5
0.923584 0.0309476 6
0.867091 7.8529e-08 21
0.866447 3.42112e-08 22
0.866502 3.42886e-08 22
0.887085 8.27654e-05 13
0.994949 1 1
0.880109 6.60193e-06 16
0.898309 0.00106081 10
0.869266 1.90511e-07 20
0.933183 0.0707969 5
0.995605 1 1
0.935028 0.134698 4
0.876545 2.67636e-06 17
0.917471 0.0545405 5
0.875934 6.1797e-05 13
0.900126 0.01007 7
0.90358 0.0106396 7
0.880792 0.000333528 11
0.906383 0.0230207 6
0.905421 0.0227202 6
0.907639 0.0234304 6
0.887696 0.00180393 9
0.992954 1 1
0.960752 0.563389 2
0.968521 0.603382 2
0.90748 0.0233773 6
0.867753 1.01739e-05 15
0.911819 0.0508135 5
0.935106 0.0736689 5
0.895656 0.000108531 13
0.925382 0.0321733 6
0.933647 0.0714671 5
0.911504 0.00308406 9
0.936001 0.0750943 5
0.936977 0.0767161 5
0.910958 0.003036 9
0.918486 0.0143068 7
0.966636 0.391874 3
0.947671 0.16781 4
0.963666 0.369609 3
0.910542 0.00300023 9
0.884605 7.73526e-06 16
0.942792 0.152828 4
0.91989 0.0147969 7
0.881463 3.19436e-06 17
0.892564 9.78958e-05 13
0.86819 1.65124e-08 23
0.853663 1.19805e-11 0
0.86974 1.77082e-08 23
0.878165 1.29804e-06 18
0.935175 0.0737765 5
0.863952 1.21263e-09 26
0.941611 0.149664 4
0.913225 0.00640523 8
0.961311 0.353896 3
0.935444 0.0741993 5
0.879036 1.3423e-06 18
0.877452 5.78632e-07 19
0.958644 0.554546 2
0.919874 0.227839 3
0.950249 0.525828 2
0.936741 0.495051 2
0.923835 0.233214 3
0.937253 0.495969 2
0.950392 0.526245 2
0.926607 0.237417 3
0.93427 0.251428 3
0.944192 0.510159 2
0.92258 0.231435 3
0.96049 0.562249 2
0.926034 0.236516 3
0.90801 0.10176 4
0.947169 0.517418 2
0.93563 0.254354 3
0.899177 0.00472049 8
0.906332 0.0230046 6
0.871317 1.11608e-05 15
0.86088 3.21055e-07 19
0.872184 2.54306e-05 14
0.884933 0.000790548 10
0.956363 0.545782 2
0.872483 2.56191e-05 14
0.930878 0.127187 4
0.90092 0.0101943 7
0.961347 0.56602 2
0.956657 0.546869 2
0.897908 0.00461281 8
0.880953 0.000152836 12
0.932206 0.0694318 5
0.894392 0.000217815 12
0.903632 0.0025022 9
0.872689 2.17649e-07 20
0.860682 4.58916e-10 27
0.8738 5.01314e-07 19
0.885046 1.68677e-05 15
0.949446 0.294886 3
0.871831 2.10359e-07 20
0.936817 0.0764448 5
0.906948 0.00272045 9
0.96501 0.583725 2
0.949695 0.295844 3
0.892379 0.000205281 12
0.88225 7.10783e-06 16
0.938277 0.260504 3
0.900684 0.010157 7
0.909201 0.0239679 6
0.875301 0.000134962 12
0.864489 4.14841e-06 16
0.876203 0.000137559 12
0.888734 0.00183697 9
0.955877 0.544016 2
0.876012 0.000136999 12
0.934598 0.25212 3
0.90439 0.0224092 6
0.965805 0.587929 2
0.956091 0.54479 2
0.898739 0.00986152 7
0.88497 0.00079111 10
0.945382 0.28055 3
0.904483 0.00523733 8
0.93267 0.130273 4
0.929195 0.124485 4
0.910767 0.012113 7
0.930879 0.127188 4
0.936912 0.138561 4
0.921725 0.0579408 5
0.919435 0.056038 5
0.962247 0.570131 2
0.938705 0.142536 4
0.97167 0.623628 2
0.921294 0.0575685 5
0.893957 0.000955332 10
0.938995 0.143206 4
0.953342 0.53533 2
0.959207 0.556836 2
0.984724 1 1
0.926644 0.120722 4
0.94352 0.274734 3
0.923305 0.116326 4
0.953176 0.534792 2
0.9145 0.0524816 5
0.958678 0.554681 2
0.886929 0.000821982 10
0.868469 1.03607e-05 15
0.908051 0.0235691 6
0.913724 0.0519816 5
0.942276 0.271085 3
0.933014 0.130892 4
0.915659 0.108096 4
0.88982 0.00403758 8
0.924886 0.118338 4
0.980087 1 1
0.948477 0.520872 2
0.983637 1 1
0.965906 0.588477 2
0.880172 0.000724404 10
0.948109 0.519882 2
0.924052 0.117262 4
0.92183 0.114556 4
0.918377 0.110767 4
0.879586 0.000717018 10
0.875263 0.000299555 11
0.985505 1 1
0.97192 0.625348 2
0.928172 0.0643833 5
0.944506 0.277759 3
0.905948 0.00540203 8
0.8983 0.00106056 10
0.906087 0.00541827 8
0.922852 0.0589443 5
0.957486 0.331531 3
0.910759 0.0121113 7
0.936323 0.137319 4
0.90774 0.00561875 8
0.970567 0.616235 2
0.956994 0.328914 3
0.921291 0.0295237 6
0.916047 0.0267635 6
0.917557 0.109935 4
0.908146 0.0487763 5
0.940543 0.266293 3
0.97216 1 1
0.989242 1 1
0.967305 0.59625 2
0.982198 1 1
0.877494 0.000691807 10
0.986318 1 1
0.891302 0.00890417 7
0.883905 0.00169321 9
0.896776 0.0204331 6
0.87679 0.000683722 10
0.892133 0.00899954 7
0.97162 1 1
0.915931 0.108352 4
0.893038 0.0091063 7
0.928176 0.239981 3
0.98809 1 1
0.956994 0.548128 2
0.990169 1 1
0.972516 1 1
0.878994 0.000709696 10
0.955817 0.543802 2
0.916734 0.109122 4
0.913607 0.106239 4
0.913486 0.106133 4
0.878378 0.000702246 10
0.878062 0.000698482 10
0.993806 1 1
0.892902 0.000932694 10
0.854526 7.87497e-10 26
0.883282 7.44061e-05 13
0.911264 0.0122326 7
0.882127 7.21467e-05 13
0.915307 0.0264221 6
0.903248 0.0051064 8
0.875929 5.76082e-06 16
0.884831 7.76331e-05 13
0.969226 0.607692 2
0.991831 1 1
0.934571 0.133807 4
0.875686 5.71701e-06 16
0.844294 7.48841e-12 0
0.916575 0.0270141 6
0.931005 0.127398 4
0.890023 0.00187986 9
0.905184 0.0226475 6
0.884247 0.000780286 10
0.868821 1.04545e-05 15
0.885855 0.000804766 10
0.893834 0.00430134 8
0.936851 0.257113 3
0.878883 0.000321014 11
0.955373 0.542221 2
0.924897 0.118351 4
0.97892 1 1
0.936904 0.257237 3
0.885539 0.000799842 10
0.893646 0.00428816 8
0.937794 0.259335 3
0.895176 0.00439864 8
0.917952 0.0548966 5
0.90842 0.0236951 6
0.890128 0.00188345 9
0.910339 0.0499602 5
0.91575 0.0533192 5
0.926849 0.12101 4
0.899089 0.00991317 7
0.972466 0.629176 2
0.941611 0.269207 3
0.988905 1 1
0.926617 0.120683 4
0.887228 0.00178944 9
0.917818 0.0547965 5
0.962341 0.57057 2
0.965959 0.58876 2
0.992263 1 1
0.921669 0.0297486 6
0.935369 0.135374 4
0.918734 0.0280991 6
0.948122 0.289948 3
0.923851 0.0311236 6
0.950628 0.299531 3
0.890703 0.000195752 12
0.870535 4.44125e-07 19
0.914109 0.0129694 7
0.923068 0.0306142 6
0.949156 0.293782 3
0.928928 0.065262 5
0.923597 0.0162635 7
0.883697 3.47996e-06 17
0.912362 0.00316245 9
0.925382 0.0321734 6
0.900832 0.00054976 11
0.928347 0.0344328 6
0.925323 0.0321315 6
0.903682 0.00122457 10
0.906729 0.00133874 10
0.978717 0.679891 2
0.960822 0.350823 3
0.961546 0.355391 3
0.903351 0.0005948 11
0.87331 4.60345e-08 22
0.933551 0.0713278 5
0.974881 0.647203 2
0.972233 0.627532 2
0.960751 0.563381 2
0.891494 0.000904065 10
0.898619 0.00222979 9
0.889672 0.000406092 11
0.915598 0.026555 6
0.959262 0.557061 2
0.913321 0.0255558 6
0.891578 0.000905729 10
0.865777 3.76312e-07 19
0.923453 0.0594993 5
0.958489 0.553927 2
0.96831 0.602124 2
0.900202 0.00481158 8
0.923751 0.116882 4
0.902941 0.0219917 6
0.938327 0.260625 3
0.984309 1 1
0.964294 0.580052 2
0.982614 1 1
0.983863 1 1
0.885316 0.00173269 9
0.965903 0.588459 2
0.913693 0.0519617 5
0.907188 0.0232812 6
0.915002 0.0528135 5
0.884667 0.00171429 9
0.887636 0.00180206 9
0.994001 1 1
0.978581 1 1
0.950992 0.52801 2
0.982073 1 1
0.927893 0.122517 4
0.930332 0.243746 3
0.926225 0.120139 4
0.951818 0.530506 2
0.935767 0.254659 3
0.944776 0.511521 2
0.91364 0.0519282 5
0.891658 0.00415365 8
0.937775 0.25929 3
0.935008 0.252997 3
0.937247 0.258035 3
0.937213 0.257957 3
0.90795 0.00279351 9
0.8827 3.34807e-06 17
0.917499 0.0139808 7
0.980119 0.693229 2
0.946108 0.162653 4
0.984915 0.745342 2
0.959951 0.345518 3
0.872945 9.97324e-08 21
0.943617 0.15514 4
0.920709 0.0150985 7
0.921582 0.0154335 7
0.912361 0.00626733 8
0.872371 4.41175e-08 22
0.868152 7.40595e-09 24
0.980941 0.701423 2
0.91765 0.0546718 5
0.87609 2.8089e-05 14
0.900208 0.00481213 8
0.903393 0.0106067 7
0.88068 0.000151875 12
0.906182 0.0111232 7
0.905327 0.0109587 7
0.907942 0.0114807 7
0.887623 0.000386878 11
0.992561 1 1
0.96039 0.561813 2
0.96882 0.605195 2
0.907785 0.0114476 7
0.867942 2.03037e-06 17
0.911651 0.0248804 6
0.963613 0.57666 2
0.940933 0.267344 3
0.977437 0.668386 2
0.942327 0.271231 3
0.944035 0.276299 3
0.940411 0.265944 3
0.966847 0.593654 2
0.921714 0.0579307 5
0.958027 0.552098 2
0.914387 0.0260117 6
0.895723 0.00443968 8
0.932844 0.130585 4
0.920979 0.0573017 5
0.925904 0.119698 4
0.95152 0.303188 3
0.957837 0.551353 2
0.939792 0.264318 3
0.930809 0.244617 3
0.871551 0.000125048 12
0.872407 0.000127195 12
0.870722 5.49026e-05 13
0.892453 0.00420623 8
0.992263 1 1
0.886321 0.00176204 9
0.896869 0.0095968 7
0.868209 5.20317e-05 13
0.931803 0.246485 3
0.991773 1 1
0.943225 0.273853 3
0.880923 0.000734095 10
0.919475 0.05607 5
0.886159 0.000173418 12
0.890308 0.00041241 11
0.855284 1.8622e-09 25
0.844723 7.64324e-12 0
0.856254 4.43103e-09 24
0.868327 9.179e-07 18
0.9469 0.285626 3
0.856158 1.93115e-09 25
0.919615 0.0561814 5
0.891164 0.000897601 10
0.94532 0.28035 3
0.947419 0.287436 3
0.886742 0.000176032 12
0.864707 1.61255e-07 20
0.969329 0.608328 2
0.925234 0.0612283 5
0.945705 0.281604 3
0.91313 0.0127054 7
0.903789 0.00251173 9
0.913452 0.012791 7
0.929001 0.0653483 5
0.949145 0.29374 3
0.915756 0.0134411 7
0.941802 0.150164 4
0.913987 0.0129359 7
0.973399 0.635926 2
0.948646 0.29187 3
0.916952 0.0271965 6
0.923315 0.0307729 6
0.954522 0.539265 2
0.92592 0.11972 4
0.924473 0.1178 4
0.873357 5.82142e-05 13
0.869932 2.40803e-05 14
0.873134 5.79208e-05 13
0.89197 0.00194878 9
0.988792 1 1
0.883196 0.000765072 10
0.910411 0.0244076 6
0.880883 0.000334149 11
0.94559 0.281226 3
0.989015 1 1
0.92699 0.121209 4
0.883022 0.000349355 11
0.91561 0.0265607 6
0.874205 1.20775e-05 15
0.89865 0.00467511 8
0.903562 0.00513901 8
0.880329 6.88537e-05 13
0.90645 0.0111758 7
0.904816 0.0108629 7
0.905526 0.0109964 7
0.887 0.000381363 11
0.995009 1 1
0.962946 0.573427 2
0.966286 0.590541 2
0.905367 0.0109661 7
0.865934 8.50374e-07 18
0.911658 0.0248832 6
0.945006 0.279338 3
0.970019 0.61268 2
0.971078 0.619617 2
0.909531 0.0240857 6
0.93002 0.125787 4
0.906008 0.0229023 6
0.935238 0.253495 3
0.912114 0.0509892 5
0.943865 0.275778 3
0.871677 2.5116e-05 14
0.852271 8.75076e-09 23
0.89511 0.00439371 8
0.911359 0.0247669 6
0.95399 0.537469 2
0.915173 0.0529278 5
25 1 2 3 5 6 8 9 10 11 12 14 15 16 17 20 23 24 25 27 32 34 35 36 37 38 
29 1 2 3 5 6 7 8 9 10 11 12 13 14 15 16 17 20 23 24 25 27 28 30 32 34 35 36 37 38 
30 1 2 3 5 6 7 8 9 10 11 12 13 14 15 16 17 20 23 24 25 27 28 30 32 33 34 35 36 37 38 
40 0 1 2 3 4 5 6 7 8 9 10 11 12 13 14 15 16 17 18 19 20 21 22 23 24 25 26 27 28 29 30 31 32 33 34 35 36 37 38 39 
38 0 1 2 3 4 5 6 7 8 9 10 11 13 14 15 16 17 18 19 20 21 22 23 24 25 26 27 28 29 30 31 32 33 34 36 37 38 39 
40 0 1 2 3 4 5 6 7 8 9 10 11 12 13 14 15 16 17 18 19 20 21 22 23 24 25 26 27 28 29 30 31 32 33 34 35 36 37 38 39 
35 0 1 2 3 4 5 6 7 8 9 10 11 12 13 14 15 16 17 18 20 23 24 25 26 27 28 30 32 33 34 35 36 37 38 39 
22 1 2 5 6 9 10 11 12 14 15 16 17 20 23 24 25 27 32 35 36 37 38 
40 0 1 2 3 4 5 6 7 8 9 10 11 12 13 14 15 16 17 18 19 20 21 22 23 24 25 26 27 28 29 30 31 32 33 34 35 36 37 38 39 
6 1 5 12 23 35 38 
0 
15 1 2 5 6 10 12 14 15 16 23 24 25 32 35 38 
18 1 2 5 6 9 10 12 14 15 16 23 24 25 27 32 35 37 38 
34 0 1 2 3 5 6 7 8 9 10 11 12 13 14 15 16 17 19 20 22 24 25 27 28 29 30 31 32 33 34 35 36 37 38 
36 0 1 2 3 5 6 7 8 9 10 11 12 13 14 15 16 17 19 20 22 23 24 25 26 27 28 29 30 31 32 33 34 35 36 37 38 
