40 15 1e+07
2.11064 188402
2.60548 133025
2.62427 148521
1.21022 142836
1.95446 157904
1.01289 152041
1.14236 180737
2.6357 133823
1.21883 140572
2.54188 172652
1.00178 164566
1.08596 127520
1.40167 134917
2.23879 109363
2.45578 196353
2.78353 178011
1.36128 126045
1.54327 148739
1.57329 181872
1.23585 133992
1.29834 173029
1.12745 130333
1.06346 103240
2.294 141227
1.80998 119057
1.31866 142805
2.86058 167314
1.40014 134444
2.08611 135864
1.44497 111864
1.0977 156062
2.50527 167784
2.63025 107779
1.97521 189613
2.96214 107329
2.95777 162783
1.98512 194153
2.65528 113532
1.05178 124444
1.86084 154275
0.91666 0.0137157 7
0.955043 0.319053 3
0.929255 0.0656515 5
0.938482 0.142025 4
0.909777 0.00588746 8
0.948253 0.290427 3
0.932493 0.0698264 5
0.917952 0.0276941 6
0.978673 0.679488 2
0.941308 0.148879 4
0.944216 0.156872 4
0.883035 1.57743e-05 15
0.916718 0.0137336 7
0.912339 0.0125002 7
0.932976 0.0705027 5
0.932235 0.247319 3
0.923648 0.116753 4
0.97398 1 1
0.924668 0.118053 4
0.939472 0.263493 3
0.909349 0.0494144 5
0.935335 0.253707 3
0.912085 0.0509718 5
0.896683 0.00957148 7
0.917636 0.110013 4
0.940268 0.265564 3
0.900308 0.0212861 6
0.929164 0.241671 3
0.917183 0.109563 4
0.958746 0.554956 2
0.972034 0.626146 2
0.970484 0.615688 2
0.968962 0.606064 2
0.974066 1 1
0.96995 0.612241 2
0.957317 0.549352 2
0.923677 0.116789 4
0.957141 0.548685 2
0.919221 0.11165 4
0.915315 0.0530233 5
0.936272 0.255788 3
0.931756 0.246396 3
0.970036 0.612795 2
0.958907 0.555609 2
0.98985 1 1
0.965243 0.584945 2
0.929271 0.06567 5
0.914575 0.0260942 6
0.945666 0.281475 3
0.964484 0.581015 2
0.931656 0.1285 4
0.867221 3.95217e-07 19
0.964443 0.580806 2
0.869229 9.45377e-07 18
0.859004 1.12594e-08 23
0.878698 3.01296e-05 14
0.992067 1 1
0.966557 0.592039 2
0.972549 0.629766 2
0.93255 0.13006 4
0.936915 0.495361 2
0.976851 1 1
0.938774 0.498792 2
0.960005 0.560169 2
0.928986 0.241362 3
0.969506 1 1
0.925349 0.23546 3
0.939226 0.499658 2
0.956655 0.546861 2
0.928604 0.240707 3
0.938846 0.498928 2
0.903437 0.0465142 5
0.937244 0.495953 2
0.933374 0.249581 3
0.948152 0.519996 2
0.938836 0.49891 2
0.915592 0.108034 4
0.953139 0.534672 2
0.922425 0.231221 3
0.94953 0.523777 2
0.904274 0.046891 5
0.907232 0.101197 4
0.917191 0.224564 3
0.876053 0.00150414 9
0.890831 0.0191965 6
0.913331 0.105999 4
0.916347 0.108749 4
0.935705 0.49324 2
0.92485 0.234708 3
0.950093 0.525378 2
0.89358 0.0427281 5
0.885532 0.00830673 7
0.935365 0.492661 2
0.885535 0.008307 7
0.901607 0.0457249 5
0.87137 0.00141087 9
0.922425 0.231221 3
0.873782 0.00145738 9
0.870294 0.00139107 9
0.902822 0.0982361 4
0.919834 0.227788 3
0.866098 0.000580079 10
0.890577 0.0191483 6
0.879201 0.00348937 8
0.918309 0.225897 3
0.958237 0.552924 2
0.98164 1 1
0.931056 0.245075 3
0.981801 1 1
0.947124 0.517303 2
0.995963 1 1
0.90062 0.0101469 7
0.969667 0.610446 2
0.92447 0.117796 4
0.899856 0.0100285 7
0.914181 0.0522742 5
0.932011 0.246886 3
0.960083 0.560499 2
0.961306 0.565839 2
0.948867 0.521933 2
0.895318 0.00939032 7
0.928081 0.239823 3
0.925785 0.23613 3
0.912802 0.105544 4
0.891294 0.00890326 7
0.917579 0.109957 4
0.955053 0.541097 2
0.891418 0.0089173 7
0.978617 1 1
0.971539 1 1
0.960808 0.563633 2
0.859487 8.35051e-06 15
0.894542 0.00929121 7
0.887754 0.00391573 8
0.920201 0.11271 4
0.987908 0.783704 2
0.96068 0.349946 3
0.935933 0.0749828 5
0.977627 0.670055 2
0.976436 0.65982 2
0.961502 0.355112 3
0.891721 9.52867e-05 13
0.988854 1 1
0.898574 0.000514073 11
0.885396 1.707e-05 15
0.904324 0.00124718 10
0.962094 0.35894 3
0.991252 1 1
0.993617 1 1
0.956344 0.325537 3
0.932451 0.0697684 5
0.949042 0.172642 4
0.976925 0.663963 2
0.940469 0.146755 4
0.932385 0.0696772 5
0.93304 0.0705927 5
0.962932 0.364539 3
0.919879 0.0147929 7
0.938714 0.142555 4
0.952407 0.306964 3
0.975739 0.654064 2
0.893897 0.000214618 12
0.930489 0.0671723 5
0.920133 0.0148853 7
0.965219 0.380889 3
0.895252 0.000107039 13
0.890468 4.32614e-05 14
0.940602 0.0834352 5
0.889191 1.95256e-05 15
0.90248 0.000578558 11
0.875893 2.48244e-07 20
0.932313 0.0695775 5
0.875995 2.4932e-07 20
0.878618 6.06894e-07 19
0.912518 0.00629197 8
0.929082 0.0350433 6
0.865688 1.32126e-09 26
0.892301 4.6121e-05 14
0.880797 1.43873e-06 18
0.922183 0.0156723 7
0.974049 1 1
0.961991 0.568945 2
0.970134 1 1
0.968136 0.601087 2
0.975593 1 1
0.949969 0.525024 2
0.920719 0.113284 4
0.955256 0.541809 2
0.911529 0.0506426 5
0.91072 0.0501754 5
0.932516 0.247868 3
0.934744 0.25243 3
0.971319 1 1
0.959067 0.556261 2
0.990119 1 1
0.918626 0.0143542 7
0.925948 0.0325804 6
0.9721 0.626606 2
0.920427 0.0149936 7
0.921989 0.0155946 7
0.910266 0.00297696 9
0.966184 0.388298 3
0.902459 0.000578164 11
0.918517 0.0143173 7
0.947272 0.166459 4
0.969261 0.607903 2
0.882345 3.30291e-06 17
0.916089 0.00690581 8
0.904727 0.00126174 10
0.951631 0.182636 4
0.892266 0.00419373 8
0.923999 0.117194 4
0.924948 0.118418 4
0.909024 0.0492394 5
0.888679 0.00396926 8
0.913091 0.0515843 5
0.95823 0.552897 2
0.887637 0.00180209 9
0.973343 1 1
0.976127 1 1
0.962345 0.570589 2
0.856256 6.40042e-07 18
0.891376 0.00413536 8
0.884275 0.00170339 9
0.91809 0.110473 4
0.967384 1 1
0.979557 1 1
0.934368 0.251633 3
0.988845 1 1
0.955939 0.544241 2
0.986597 1 1
0.899436 0.044844 5
0.978429 1 1
0.917952 0.110333 4
0.896947 0.0204722 6
0.912889 0.105618 4
0.940473 0.502124 2
0.969399 1 1
0.970598 1 1
0.953545 0.535995 2
0.893271 0.00426198 8
0.900004 0.0100512 7
0.945113 0.279683 3
0.894185 0.00432629 8
0.897516 0.00968634 7
0.88475 0.000787791 10
0.962527 0.571439 2
0.876901 0.000139627 12
0.902898 0.0219798 6
0.942659 0.272188 3
0.955151 0.541441 2
0.858963 6.90518e-07 18
0.890684 0.00409119 8
0.879466 0.000324743 11
0.92489 0.118343 4
0.967541 0.59761 2
0.991016 1 1
0.949637 0.29562 3
0.990169 1 1
0.958631 0.554495 2
0.979955 1 1
0.914903 0.0527475 5
0.966779 0.593272 2
0.927675 0.122198 4
0.911391 0.0247793 6
0.928518 0.123449 4
0.931894 0.128908 4
0.967925 0.599844 2
0.962822 0.572834 2
0.967708 0.598575 2
0.907882 0.00278842 9
0.918765 0.0144016 7
0.960337 0.347844 3
0.911595 0.00614994 8
0.910609 0.00600479 8
0.903238 0.00120936 10
0.97646 0.660026 2
0.892843 9.87866e-05 13
0.9209 0.0151707 7
0.956021 0.323894 3
0.974367 0.643217 2
0.871539 9.39751e-08 21
0.905493 0.00129027 10
0.894487 0.000218441 12
0.940792 0.147564 4
0.922852 0.0589449 5
0.940853 0.267126 3
0.969201 0.607534 2
0.931334 0.12795 4
0.922932 0.0590172 5
0.925199 0.0611931 5
0.972936 0.632544 2
0.910647 0.0244956 6
0.94066 0.266608 3
0.96137 0.566127 2
0.985582 1 1
0.884703 0.000167188 12
0.920913 0.057246 5
0.910714 0.0245207 6
0.95542 0.542387 2
0.916441 0.0538001 5
0.898907 0.00469709 8
0.944541 0.277868 3
0.903036 0.0105447 7
0.926294 0.120234 4
0.886239 0.000810847 10
0.910279 0.0243584 6
0.895345 0.00441121 8
0.868983 1.04983e-05 15
0.891853 0.0019445 9
0.912835 0.0253543 6
0.893114 0.00199181 9
0.913335 0.0517366 5
0.902296 0.0104189 7
0.933956 0.132632 4
0.887202 3.88093e-05 14
0.871012 2.03718e-07 20
0.917573 0.0140048 7
0.874285 5.10702e-07 19
0.896949 0.000490793 11
0.858311 1.8027e-10 28
0.895056 0.000465893 11
0.866752 3.46428e-08 22
0.847488 8.74171e-12 0
0.876071 1.19996e-06 18
0.894079 0.000215782 12
0.866627 3.4465e-08 22
0.884203 1.63951e-05 15
0.873651 4.98485e-07 19
0.904897 0.00258138 9
0.920249 0.228319 3
0.903225 0.0464205 5
0.949058 0.522459 2
0.907211 0.048298 5
0.929947 0.243052 3
0.890429 0.00880678 7
0.913478 0.106126 4
0.899108 0.0447161 5
0.872954 0.000642701 10
0.895183 0.0200794 6
0.916493 0.108889 4
0.895858 0.0202271 6
0.917124 0.109505 4
0.905929 0.0476667 5
0.938445 0.498168 2
0.93015 0.125995 4
0.910917 0.0121489 7
0.95396 0.313921 3
0.915973 0.0267292 6
0.94016 0.145993 4
0.898589 0.00222831 9
0.912652 0.0252798 6
0.908725 0.0116483 7
0.876474 1.28849e-05 15
0.8952 0.000983352 10
0.917309 0.0273718 6
0.905828 0.0110542 7
0.926999 0.0630758 5
0.91581 0.0266529 6
0.946257 0.283438 3
0.870887 2.22218e-06 17
0.882431 7.273e-05 13
0.921524 0.0577664 5
0.87453 5.51579e-06 16
0.874091 5.44222e-06 16
0.867713 8.99821e-07 18
0.95823 0.552895 2
0.856284 4.43627e-09 24
0.898887 0.00224286 9
0.944516 0.277789 3
0.945229 0.280054 3
0.836486 5.22966e-12 0
0.868533 9.24069e-07 18
0.857893 1.07849e-08 23
0.902358 0.00501632 8
0.988406 1 1
0.94778 0.288718 3
0.939304 0.143932 4
0.963326 0.367244 3
0.99021 1 1
0.944932 0.159001 4
0.890579 9.19263e-05 13
0.97124 0.620705 2
0.88832 8.58243e-05 13
0.881541 6.93407e-06 16
0.902168 0.00117402 10
0.966171 0.589913 2
0.987415 1 1
0.980954 0.701547 2
0.957716 0.332776 3
0.933215 0.0708421 5
0.910067 0.00296033 9
0.948828 0.171868 4
0.916746 0.00703102 8
0.943969 0.156151 4
0.898723 0.000249569 12
0.904905 0.00126829 10
0.911718 0.00310331 9
0.8718 4.30052e-08 22
0.888054 1.8736e-05 15
0.910288 0.00297878 9
0.912017 0.0031305 9
0.930116 0.0359404 6
0.919452 0.0146405 7
0.944564 0.157897 4
0.856645 1.66141e-10 28
0.875508 1.17542e-06 18
0.90422 0.0025384 9
0.864813 1.42596e-08 23
0.857774 3.99196e-10 27
0.861938 2.48248e-09 25
0.953682 0.312644 3
0.845182 7.81358e-12 0
0.90782 0.00562879 8
0.952928 0.309246 3
0.939917 0.145399 4
0.821468 2.76768e-12 0
0.854723 2.89704e-11 30
0.845106 7.78525e-12 0
0.887489 8.37458e-05 13
0.962559 1 1
0.992812 1 1
0.942547 0.506473 2
0.987713 1 1
0.952669 0.533164 2
0.987848 1 1
0.910979 0.104037 4
0.966763 1 1
0.929429 0.242133 3
0.909019 0.102511 4
0.924664 0.234429 3
0.930078 0.243286 3
0.963537 1 1
0.960847 1 1
0.959952 0.559941 2
0.939901 0.145361 4
0.978067 0.67397 2
0.929155 0.0655322 5
0.964587 0.581541 2
0.93022 0.0668339 5
0.980948 0.701495 2
0.91067 0.0120901 7
0.947532 0.287833 3
0.944882 0.278943 3
0.913704 0.0128589 7
0.92408 0.0600934 5
0.910717 0.0121012 7
0.941013 0.148124 4
0.939972 0.145534 4
0.942251 0.15136 4
0.904749 0.0108505 7
0.933313 0.131438 4
0.941411 0.268652 3
0.91944 0.0560418 5
0.902156 0.00499636 8
0.920311 0.0567455 5
0.970834 0.61799 2
0.897721 0.00218709 9
0.964596 0.581591 2
0.980336 0.695364 2
0.978849 0.681116 2
0.867597 8.96486e-07 18
0.903535 0.00513618 8
0.895369 0.00208271 9
0.932933 0.130746 4
0.889922 0.00404385 8
0.88338 0.00167902 9
0.933179 0.249185 3
0.88274 0.00166202 9
0.897635 0.0206316 6
0.869065 0.00011916 12
0.924253 0.117517 4
0.870411 0.000122285 12
0.870669 0.000122902 12
0.904669 0.0470726 5
0.920724 0.11329 4
0.861862 8.81875e-06 15
0.88695 0.00387055 8
0.87557 0.00030127 11
0.915492 0.10794 4
0.92774 0.122291 4
0.96682 0.593503 2
0.935774 0.254674 3
0.950062 0.525288 2
0.920437 0.11297 4
0.959442 0.557803 2
0.930143 0.243403 3
0.929252 0.241823 3
0.966944 0.5942 2
0.935717 0.254546 3
0.943081 0.273425 3
0.893944 0.00921657 7
0.927887 0.122508 4
0.923608 0.116703 4
0.94214 0.270697 3
0.912725 0.0253096 6
0.923241 0.0593019 5
0.965396 0.585752 2
0.916325 0.0268946 6
0.9154 0.0264644 6
0.907614 0.0114119 7
0.974274 0.642505 2
0.897577 0.00218039 9
0.922386 0.0585239 5
0.95463 0.317069 3
0.975228 0.64995 2
0.876147 1.27635e-05 15
0.910327 0.0120095 7
0.899262 0.00472789 8
0.945815 0.281967 3
0.8759 0.00150089 9
0.892335 0.0194887 6
0.925414 0.23556 3
0.882626 0.00364676 8
0.877622 0.0015383 9
0.877905 0.00154464 9
0.972556 1 1
0.863122 4.69328e-05 13
0.915529 0.107975 4
0.962583 0.571705 2
0.95818 0.552697 2
0.840218 5.82007e-09 23
0.873803 0.000651362 10
0.863649 4.74225e-05 13
0.907644 0.0485173 5
0.919672 0.112132 4
0.917029 0.109411 4
0.96865 1 1
0.915381 0.107837 4
0.925785 0.23613 3
0.902012 0.0458956 5
0.946284 0.515177 2
0.900747 0.0453689 5
0.899821 0.0449963 5
0.927076 0.238169 3
0.948301 0.520397 2
0.886594 0.00840903 7
0.916753 0.109141 4
0.904926 0.0471918 5
0.949223 0.522919 2
0.951485 0.529492 2
0.983466 1 1
0.93099 0.127374 4
0.976158 0.657507 2
0.940929 0.267334 3
0.995174 1 1
0.904749 0.0108505 7
0.961166 0.565214 2
0.932251 0.129531 4
0.905327 0.0109586 7
0.918345 0.0551921 5
0.923822 0.11697 4
0.953002 0.534228 2
0.953156 0.534726 2
0.947186 0.286618 3
0.920156 0.0566184 5
0.958693 0.554741 2
0.93172 0.128608 4
0.942068 0.270491 3
0.913193 0.0516476 5
0.951616 0.529888 2
0.932349 0.129703 4
0.921402 0.0576614 5
0.97513 0.649167 2
0.940106 0.265138 3
0.944516 0.277791 3
0.886395 0.000813343 10
0.920224 0.0566734 5
0.915817 0.0533654 5
0.936111 0.255426 3
0.936683 0.256725 3
0.974467 0.643987 2
0.926073 0.119929 4
0.961296 0.565795 2
0.926929 0.121124 4
0.978428 1 1
0.909088 0.0239281 6
0.944967 0.279213 3
0.945765 0.281801 3
0.912833 0.051425 5
0.92236 0.11518 4
0.908255 0.0236385 6
0.937859 0.259491 3
0.937182 0.257883 3
0.938853 0.261927 3
0.960789 0.563551 2
0.983043 1 1
0.962957 0.573478 2
0.975882 1 1
0.955409 0.542347 2
0.966737 0.593038 2
0.92912 0.241593 3
0.953457 0.535706 2
0.93426 0.251408 3
0.924274 0.117545 4
0.942814 0.272641 3
0.921993 0.114746 4
0.95993 0.55985 2
0.951671 0.530057 2
0.977485 1 1
12 1 3 5 6 11 20 21 22 23 25 26 31 
29 1 2 3 5 6 9 10 11 12 13 15 16 17 18 19 20 21 22 23 24 25 26 27 28 31 33 34 35 39 
15 1 3 5 6 9 11 12 20 21 22 23 25 26 31 35 
29 1 2 3 5 6 9 10 11 12 13 14 16 17 18 19 20 21 22 23 24 25 26 27 30 31 33 34 35 39 
10 3 5 6 20 21 22 23 25 26 31 
37 0 1 2 3 4 5 6 7 8 9 10 11 12 13 14 15 16 17 18 19 20 21 22 23 24 25 26 27 28 30 31 32 33 34 35 37 39 
23 1 2 3 5 6 10 11 12 13 16 18 20 21 22 23 24 25 26 27 31 33 34 35 
24 1 2 3 5 6 9 10 11 12 13 16 18 19 20 21 22 23 24 25 26 31 33 34 35 
39 0 1 2 3 4 5 6 7 8 9 10 11 12 13 14 15 16 17 18 19 20 22 23 24 25 26 27 28 29 30 31 32 33 34 35 36 37 38 39 
29 1 2 3 5 6 9 10 11 12 13 15 16 17 18 19 20 21 22 23 24 25 26 27 28 31 33 34 35 39 
28 1 2 3 5 6 9 10 11 12 13 15 16 17 18 19 20 21 22 23 24 25 26 28 31 33 34 35 39 
17 1 3 5 6 11 13 16 18 20 21 22 23 25 26 31 33 35 
21 1 3 5 6 11 12 13 16 18 20 21 22 23 24 25 26 27 31 33 34 35 
28 1 2 3 5 6 8 9 10 11 12 13 14 16 18 19 20 21 22 23 24 25 26 30 31 33 34 35 39 
15 1 3 5 6 9 11 12 20 21 22 23 25 26 31 35 
