50 15 1e+07
2.98489 165045
2.49366 179874
1.17466 189114
1.67423 198351
2.33076 100293
2.19835 171121
1.61732 105040
1.51643 186451
2.03926 177376
1.28578 142944
2.65134 114225
1.66254 159819
1.99388 183628
2.5291 102451
1.01113 121028
1.53881 183605
1.67437 100079
1.15589 155435
1.96847 144452
1.97873 167631
1.99209 102410
1.05521 148032
1.00774 191985
2.19826 109190
1.54291 125841
2.54741 167985
2.44752 127139
1.54507 166294
2.41093 124875
1.5456 121659
1.99667 140706
1.44243 182870
1.5352 153273
1.49651 186738
2.39442 144512
1.60444 113523
1.98266 188844
2.49935 119922
2.85478 131787
1.04629 106818
2.39741 157269
1.02616 156442
1.75882 180359
2.19742 169191
2.12862 111660
2.00207 164133
2.49385 184596
1.88176 130230
2.54286 108238
1.7516 171408
0.951905 0.530775 2
0.881402 0.00033772 11
0.937108 0.25771 3
0.888792 0.000853647 10
0.923458 0.116515 4
0.938149 0.260192 3
0.926966 0.121176 4
0.956507 0.546314 2
0.978533 1 1
0.894646 0.00435964 8
0.953882 0.537108 2
0.966152 0.589812 2
0.873892 2.65394e-05 14
0.904787 0.0108576 7
0.910113 0.0242971 6
0.976842 1 1
0.916698 0.223991 3
0.980666 1 1
0.894345 0.0429854 5
0.966469 1 1
0.979144 1 1
0.923366 0.23254 3
0.925952 0.236389 3
0.936281 0.494239 2
0.923388 0.232572 3
0.971898 1 1
0.980199 1 1
0.876986 0.00339543 8
0.944487 0.510843 2
0.892119 0.0194461 6
0.921916 0.230524 3
0.862535 4.63983e-05 13
0.910244 0.103453 4
0.889323 0.00868715 7
0.89662 0.0203977 6
0.913042 0.105749 4
0.928732 0.240925 3
0.974654 1 1
0.98966 1 1
0.879602 0.0015838 9
0.934458 0.251824 3
0.935746 0.254612 3
0.877256 0.00153018 9
0.882003 0.00361694 8
0.926301 0.236933 3
0.927561 0.238961 3
0.915493 0.107941 4
0.940695 0.266702 3
0.939242 0.262908 3
0.928845 0.241119 3
0.94913 0.522659 2
0.974048 1 1
0.953035 0.534334 2
0.940337 0.265745 3
0.937189 0.2579 3
0.975011 1 1
0.937766 0.259267 3
0.922171 0.114956 4
0.928025 0.239729 3
0.937589 0.258844 3
0.95294 0.534029 2
0.945404 0.513019 2
0.984884 1 1
0.897141 0.00963429 7
0.988348 1 1
0.984717 1 1
0.915018 0.0528244 5
0.902443 0.0218532 6
0.907023 0.0482038 5
0.944101 0.2765 3
0.957726 0.550923 2
0.94879 0.521722 2
0.879477 0.000715652 10
0.976297 1 1
0.878658 0.000705611 10
0.914358 0.106903 4
0.864372 0.000109273 12
0.906858 0.100931 4
0.898967 0.0446614 5
0.893219 0.0196667 6
0.910909 0.10398 4
0.938192 0.497695 2
0.986636 1 1
0.978165 1 1
0.883319 0.00368064 8
0.93475 0.491627 2
0.928294 0.24018 3
0.887728 0.00852177 7
0.88155 0.00359563 8
0.939379 0.499957 2
0.968341 0.602307 2
0.928507 0.123433 4
0.988224 1 1
0.883896 0.000163901 12
0.989757 1 1
0.978579 0.678622 2
0.906132 0.0111132 7
0.901928 0.004974 8
0.911566 0.0248471 6
0.926518 0.120545 4
0.952924 0.309229 3
0.960242 0.561177 2
0.86642 8.63484e-07 18
0.959538 0.558203 2
0.872286 5.15511e-06 16
0.962822 0.572834 2
0.869107 1.05318e-05 15
0.932547 0.130054 4
0.857187 1.25287e-07 20
0.922939 0.115878 4
0.928111 0.122839 4
0.892091 0.00195324 9
0.91873 0.0554867 5
0.944597 0.278043 3
0.875323 6.09142e-05 13
0.929207 0.124504 4
0.966668 0.592656 2
0.84181 3.66065e-11 29
0.896748 0.00451904 8
0.873592 5.85262e-05 13
0.871273 0.00140906 9
0.843509 1.9601e-07 19
0.870294 0.000616949 10
0.904905 0.0995886 4
0.85771 4.2347e-05 13
0.876263 0.003366 8
0.932127 0.487443 2
0.95294 0.534029 2
0.929239 0.241801 3
0.866372 0.000256684 11
0.901703 0.0457651 5
0.884429 0.00820373 7
0.901166 0.0455409 5
0.853196 7.27688e-06 15
0.964863 1 1
0.883731 1.61399e-05 15
0.853376 1.18001e-11 0
0.88256 7.18599e-06 16
0.909993 0.00591747 8
0.869728 3.92715e-08 22
0.888455 4.04283e-05 14
0.941494 0.149359 4
0.966535 0.591916 2
0.941469 0.149295 4
0.875878 5.43355e-07 19
0.914162 0.00656139 8
0.897057 0.000492276 11
0.903869 0.00123106 10
0.864355 2.77418e-09 25
0.966873 0.593799 2
0.965637 0.58703 2
0.916265 0.0536762 5
0.97187 0.625003 2
0.904593 0.0224695 6
0.957268 0.549166 2
0.975392 1 1
0.935618 0.254327 3
0.937285 0.258126 3
0.944168 0.276708 3
0.927132 0.121412 4
0.983719 1 1
0.974236 1 1
0.887282 0.0017911 9
0.941089 0.267769 3
0.904339 0.0223941 6
0.980837 0.700363 2
0.916109 0.0267928 6
0.982295 0.715555 2
0.889994 0.00019195 12
0.969187 0.60745 2
0.978151 0.674733 2
0.918357 0.0279021 6
0.921352 0.0295598 6
0.932804 0.130514 4
0.921138 0.0294339 6
0.966752 0.593122 2
0.98063 0.698284 2
0.872655 1.06172e-06 18
0.944824 0.278761 3
0.887212 0.000178184 12
0.900961 0.0454568 5
0.963458 1 1
0.929638 0.242501 3
0.942538 0.506453 2
0.928352 0.240278 3
0.937881 0.497116 2
0.93489 0.491861 2
0.896538 0.0203791 6
0.88583 0.00833506 7
0.991626 1 1
0.938005 0.497345 2
0.903502 0.0465431 5
0.926282 0.236904 3
0.95143 0.529325 2
0.897694 0.0441777 5
0.87923 1.35245e-06 18
0.882757 3.3554e-06 17
0.890561 4.33992e-05 14
0.95814 0.335102 3
0.88006 1.39723e-06 18
0.898906 0.00025107 12
0.9712 0.620436 2
0.941158 0.148492 4
0.914159 0.00656084 8
0.908571 0.00284062 9
0.922803 0.0159266 7
0.890338 4.30681e-05 14
0.952743 0.308429 3
0.884923 7.82654e-06 16
0.978382 0.676822 2
0.901773 0.0216707 6
0.860037 3.70286e-06 16
0.897073 0.0205013 6
0.904035 0.0223049 6
0.88369 0.00168737 9
0.901997 0.0217311 6
0.94135 0.268485 3
0.984413 1 1
0.963122 0.574269 2
0.880655 0.00160918 9
0.927076 0.238169 3
0.915506 0.107954 4
0.894594 0.0092978 7
0.874693 0.000296417 11
0.951313 0.52897 2
0.935796 0.254722 3
0.919829 0.112303 4
0.949704 0.524267 2
0.932622 0.248076 3
0.937555 0.258765 3
0.958096 0.552367 2
0.964896 0.583132 2
0.948961 0.522192 2
0.940782 0.266934 3
0.939513 0.263598 3
0.984301 1 1
0.945401 0.280611 3
0.915138 0.0529044 5
0.934979 0.252935 3
0.928952 0.12411 4
0.937164 0.257842 3
0.961079 0.564827 2
0.969123 0.607053 2
0.907999 0.0486998 5
0.971941 1 1
0.973985 1 1
0.920019 0.11251 4
0.899439 0.0210667 6
0.899576 0.0211009 6
0.960538 0.562455 2
0.954666 0.539758 2
0.935028 0.25304 3
0.890425 0.00407499 8
0.987795 1 1
0.882024 0.000748775 10
0.897331 0.00216906 9
0.972775 0.631382 2
0.927035 0.0631147 5
0.933463 0.131714 4
0.9279 0.0640737 5
0.934416 0.133508 4
0.924225 0.0602324 5
0.887012 0.000177265 12
0.877541 2.91946e-05 14
0.99222 1 1
0.930609 0.126743 4
0.898523 0.00222514 9
0.918303 0.027874 6
0.954093 0.314543 3
0.887465 0.000385464 11
0.914179 0.0259214 6
0.852793 1.68252e-09 25
0.900771 0.00486387 8
0.881292 7.05838e-05 13
0.88736 0.000384535 11
0.903188 0.0051002 8
0.920029 0.0565148 5
0.967134 0.595274 2
0.980511 1 1
0.869733 2.14393e-06 17
0.923947 0.0599656 5
0.92759 0.122073 4
0.870081 2.16707e-06 17
0.872236 5.14743e-06 16
0.92195 0.0581374 5
0.895433 0.00208542 9
0.85687 1.0371e-08 23
0.891632 0.000906795 10
0.904971 0.0108916 7
0.8784 6.55944e-05 13
0.896832 0.00214639 9
0.940731 0.266797 3
0.978601 0.678821 2
0.956089 0.544783 2
0.878092 6.50988e-05 13
0.922152 0.0583152 5
0.909052 0.0117201 7
0.896582 0.00213527 9
0.870435 4.88436e-06 16
0.95576 0.543597 2
0.877298 1.31998e-05 15
0.917602 0.0275174 6
0.899091 0.00225291 9
0.989395 1 1
0.893012 0.000935013 10
0.908244 0.0115446 7
0.954653 0.317181 3
0.907736 0.0114374 7
0.887336 0.000178763 12
0.944027 0.276276 3
0.922626 0.0587393 5
0.88444 0.000166103 12
0.972612 0.630215 2
0.908773 0.0116589 7
0.929529 0.125007 4
0.965676 0.587239 2
0.871007 0.000277521 11
0.934775 0.252496 3
0.856829 3.42487e-06 16
0.925593 0.235834 3
0.929923 0.243008 3
0.891231 0.00889616 7
0.916421 0.10882 4
0.941715 0.504691 2
0.876558 0.000681092 10
0.929588 0.242413 3
0.96812 1 1
0.841286 2.56125e-09 24
0.898953 0.020947 6
0.871768 0.000281239 11
0.883542 7.49315e-05 13
0.873592 5.36033e-06 16
0.890473 0.000414082 11
0.940786 0.266947 3
0.878807 3.02202e-05 14
0.898078 0.00220385 9
0.966151 0.589803 2
0.955319 0.320402 3
0.926941 0.0630121 5
0.898341 0.00221639 9
0.923652 0.0596857 5
0.895727 0.00209793 9
0.934767 0.134186 4
0.879594 3.08875e-05 14
0.99104 1 1
0.895493 0.000990208 10
0.888499 0.000394884 11
0.904809 0.00527306 8
0.949562 0.295331 3
0.893325 0.000941651 10
0.912825 0.0253505 6
0.982786 1 1
0.957842 0.551373 2
0.931349 0.127976 4
0.913367 0.0255749 6
0.938306 0.141623 4
0.907179 0.0113225 7
0.939089 0.143426 4
0.894894 0.000976307 10
0.974428 0.643685 2
0.909875 0.103166 4
0.856131 1.78488e-05 14
0.900062 0.0450921 5
0.890621 0.0191565 6
0.886526 0.00840234 7
0.90355 0.0465645 5
0.929164 0.241671 3
0.977194 1 1
0.976382 1 1
0.874603 0.00147394 9
0.926417 0.237117 3
0.923625 0.23291 3
0.880004 0.00352488 8
0.873788 0.00145751 9
0.933716 0.489936 2
0.921096 0.0574004 5
0.97633 0.658931 2
0.951843 0.304547 3
0.900452 0.00483435 8
0.959794 0.559276 2
0.954566 0.539418 2
0.905527 0.0109966 7
0.881465 0.000154662 12
0.880865 0.000152523 12
0.961212 0.565419 2
0.935096 0.134833 4
0.917146 0.054303 5
0.883939 0.000356282 11
0.989854 1 1
0.867714 2.01656e-06 17
0.885234 0.000366504 11
0.85897 5.82452e-08 21
0.885888 0.000371879 11
0.917349 0.0544508 5
0.873211 1.17488e-05 15
0.892195 0.00195711 9
0.948491 0.2913 3
0.967198 0.59564 2
0.940004 0.26487 3
0.88197 0.000156502 12
0.91816 0.0550522 5
0.898413 0.00465499 8
0.911051 0.0246485 6
0.869065 4.69779e-06 16
0.973957 0.640093 2
0.965019 0.583773 2
0.906792 0.0480886 5
0.962745 0.572468 2
0.901636 0.045737 5
0.948296 0.520382 2
0.9652 1 1
0.935581 0.254246 3
0.944523 0.510926 2
0.953993 0.53748 2
0.918665 0.111065 4
0.978261 1 1
0.977291 1 1
0.884866 0.00375888 8
0.931106 0.245169 3
0.907586 0.0484878 5
0.919205 0.111632 4
0.874519 0.000132783 12
0.914934 0.0527679 5
0.908718 0.0237984 6
0.901253 0.0102475 7
0.919731 0.112197 4
0.948805 0.521763 2
0.994258 1 1
0.975232 1 1
0.894023 0.00431478 8
0.944767 0.278579 3
0.933136 0.249099 3
0.896556 0.0095543 7
0.891061 0.00411511 8
0.944277 0.277044 3
0.974048 1 1
0.893008 0.0196239 6
0.955023 0.540994 2
0.884334 0.00819499 7
0.942102 0.505512 2
0.953475 0.535764 2
0.919056 0.226811 3
0.937555 0.496518 2
0.956265 0.545425 2
0.90215 0.0459541 5
0.959165 0.55666 2
0.988611 1 1
0.868138 0.000597478 10
0.919462 0.227318 3
0.895396 0.0201258 6
0.965804 1 1
0.884146 0.00372199 8
0.944963 0.511963 2
0.880576 0.00355066 8
0.932194 0.24724 3
0.943703 0.509039 2
0.916783 0.10917 4
0.941304 0.503828 2
0.963621 1 1
0.894222 0.0198745 6
0.952218 0.531746 2
0.979093 1 1
0.864972 0.000110457 12
0.909945 0.103219 4
0.896615 0.0203967 6
0.954008 0.537529 2
0.895497 0.00442263 8
0.947816 0.288848 3
0.902148 0.0103941 7
0.93358 0.25 3
0.950764 0.527334 2
0.939553 0.263701 3
0.958149 0.552577 2
0.968571 0.603689 2
0.909831 0.0241941 6
0.96995 0.612241 2
0.96816 0.601229 2
0.886367 0.000812895 10
0.917845 0.0548169 5
0.916793 0.0540497 5
0.90086 0.00234397 9
0.891186 0.000421444 11
0.909834 0.0118957 7
0.947226 0.286757 3
0.898112 0.00220548 9
0.91777 0.0276021 6
0.984993 1 1
0.961574 0.567042 2
0.935871 0.136389 4
0.915644 0.026576 6
0.943618 0.27503 3
0.912633 0.0125755 7
0.935472 0.135581 4
0.898798 0.00223847 9
0.969681 0.610533 2
0.892632 0.019548 6
0.959062 0.556238 2
0.920883 0.229143 3
0.94647 0.515642 2
0.91965 0.227556 3
0.929112 0.241579 3
0.932861 0.248549 3
0.892257 0.0194732 6
0.880048 0.00352685 8
0.984076 1 1
0.930514 0.244076 3
0.895466 0.0201411 6
0.931418 0.245753 3
0.94321 0.507933 2
0.897247 0.044012 5
0.900202 0.00111372 10
0.935914 0.136477 4
0.923662 0.0309988 6
0.966161 0.589861 2
0.917518 0.0274755 6
0.933037 0.0705896 5
0.961376 0.354308 3
0.917454 0.0139665 7
0.901572 0.00238271 9
0.963541 0.576308 2
0.94545 0.160585 4
0.906498 0.00546671 8
0.947359 0.287225 3
0.932285 0.0695396 5
0.924553 0.0315953 6
0.918841 0.226546 3
0.871893 0.000632185 10
0.913375 0.106036 4
0.905516 0.0474693 5
0.899675 0.0449383 5
0.917878 0.110258 4
0.945417 0.513051 2
0.992387 1 1
0.977599 1 1
0.891096 0.019247 6
0.942456 0.506275 2
0.932823 0.248475 3
0.893522 0.0197288 6
0.888822 0.00863437 7
0.942164 0.505645 2
0.86077 1.40846e-07 20
0.890183 0.000878889 10
0.878444 6.56667e-05 13
0.979994 1 1
0.870793 1.10063e-05 15
0.887363 0.000829156 10
0.949556 0.295308 3
0.907934 0.0235295 6
0.883416 0.000352302 11
0.916007 0.0534964 5
0.905922 0.0110725 7
0.869662 4.77772e-06 16
0.989287 1 1
0.883297 0.000351403 11
0.943927 0.275969 3
0.920871 0.0292787 6
0.875743 2.60398e-06 17
0.916588 0.02702 6
0.908812 0.00575705 8
0.902876 0.00245702 9
0.92135 0.0295587 6
0.949023 0.293279 3
0.992651 1 1
0.976049 0.656606 2
0.89509 0.000466317 11
0.946332 0.283688 3
0.93482 0.13429 4
0.896412 0.00101226 10
0.892511 0.000435776 11
0.943205 0.153976 4
0.906829 0.0112514 7
0.868448 9.21509e-07 18
0.904193 0.00520593 8
0.911735 0.0123484 7
0.890813 0.000417568 11
0.909575 0.0118369 7
0.950174 0.297721 3
0.991831 1 1
0.963885 0.578002 2
0.88939 0.000403339 11
0.935284 0.135206 4
0.920524 0.0569212 5
0.901367 0.00491988 8
0.882752 7.33559e-05 13
0.954969 0.318693 3
0.893807 0.00429949 8
0.900883 0.0101884 7
0.907939 0.023531 6
0.965924 0.588573 2
0.897812 0.00972814 7
0.916706 0.0539872 5
0.988736 1 1
0.943253 0.273935 3
0.919462 0.0560593 5
0.926935 0.121132 4
0.939731 0.26416 3
0.904102 0.0223247 6
0.952625 0.533026 2
0.903674 0.0106561 7
0.961825 0.568186 2
0.894792 0.000973998 10
0.936204 0.137074 4
0.918797 0.0281323 6
0.96891 0.605744 2
0.913331 0.0255601 6
0.928061 0.0642564 5
0.956931 0.328585 3
0.912177 0.0124591 7
0.895834 0.000998275 10
0.963875 0.577955 2
0.939394 0.144144 4
0.900785 0.00486512 8
0.950703 0.299831 3
0.929722 0.125312 4
0.921915 0.058107 5
0.925312 0.118901 4
0.897733 0.00459842 8
0.930545 0.126638 4
0.929365 0.124749 4
0.917423 0.0545048 5
0.937431 0.258469 3
0.970216 0.613951 2
0.972213 0.627396 2
0.956105 0.54484 2
0.918701 0.0554648 5
0.96473 0.582276 2
0.937832 0.259425 3
0.914577 0.026095 6
0.912058 0.0250408 6
0.94649 0.284225 3
0.979776 0.689889 2
0.918031 0.0277347 6
0.984686 1 1
0.890025 0.000409576 11
0.971673 0.623647 2
0.979884 0.690931 2
0.917676 0.0275547 6
0.919504 0.0285112 6
0.930529 0.0672224 5
0.922499 0.0586255 5
0.966183 0.589977 2
0.978293 0.67601 2
0.872628 2.34872e-06 17
0.947006 0.285992 3
0.886048 8.03354e-05 13
0.943099 0.273479 3
0.867348 4.47919e-06 16
0.923854 0.117011 4
0.876934 6.32902e-05 13
0.910837 0.0245672 6
0.923982 0.117172 4
0.915408 0.053086 5
0.952029 0.531157 2
0.980778 1 1
0.880212 0.000150256 12
0.938482 0.261008 3
0.955899 0.544096 2
0.862947 7.75897e-07 18
0.890924 0.00191113 9
0.903937 0.0107029 7
0.898521 0.0208422 6
0.93928 0.499763 2
0.922909 0.231894 3
0.964794 0.582608 2
0.917506 0.109883 4
0.932194 0.24724 3
0.956752 0.547223 2
0.913146 0.105839 4
0.897734 0.0206547 6
0.967087 1 1
0.942868 0.507174 2
0.904288 0.0468975 5
0.946485 0.515679 2
0.933804 0.25046 3
0.920417 0.112947 4
0.895506 0.000990516 10
0.871323 1.01413e-06 18
0.897972 0.00105187 10
0.926344 0.062373 5
0.885295 7.8644e-05 13
0.904631 0.00525352 8
0.961152 0.565151 2
0.974516 0.644359 2
0.945469 0.280831 3
0.894409 0.000965337 10
0.930991 0.0678142 5
0.908551 0.00572273 8
0.917699 0.0275663 6
0.881671 3.27707e-05 14
0.974173 0.64173 2
0.873369 0.000289365 11
0.855802 1.45295e-06 17
0.876564 0.000306948 11
0.922652 0.11553 4
0.864468 2.12511e-05 14
0.883444 0.00168072 9
0.946617 0.516012 2
0.952391 0.532289 2
0.924929 0.118394 4
0.879818 0.000719919 10
0.909108 0.0492845 5
0.886115 0.00382488 8
0.919335 0.111771 4
0.863026 9.06323e-06 15
0.984157 1 1
0.942425 0.271513 3
0.909027 0.0239065 6
0.94902 0.293267 3
0.921844 0.0580444 5
0.935418 0.253888 3
0.955597 0.543014 2
0.958253 0.552988 2
0.958074 0.552282 2
0.954003 0.537514 2
0.926848 0.121009 4
0.982929 1 1
0.9541 0.537839 2
0.905276 0.010949 7
0.927241 0.121568 4
0.928338 0.123178 4
0.906504 0.00268915 9
0.872282 9.69589e-08 21
0.905757 0.00263805 9
0.917407 0.0139514 7
0.892511 9.77296e-05 13
0.911595 0.00614994 8
0.955923 0.323399 3
0.989495 1 1
0.960029 0.345983 3
0.89379 0.000213938 12
0.937765 0.0780818 5
0.920032 0.0148483 7
0.906912 0.00271785 9
0.885703 1.72505e-05 15
0.959399 0.342256 3
0.893148 0.00911955 7
0.859177 3.62512e-06 16
0.891193 0.00889191 7
0.910572 0.0500915 5
0.878119 0.000699157 10
0.896858 0.0204518 6
0.945377 0.512954 2
0.976872 1 1
0.951288 0.528896 2
0.881082 0.00161969 9
0.9226 0.115468 4
0.906642 0.0480147 5
0.902623 0.0219031 6
0.871569 0.000125092 12
0.962637 0.571957 2
35 0 2 3 5 7 8 9 10 13 14 15 18 19 21 22 23 24 26 27 28 29 30 31 32 35 37 38 39 41 43 45 46 47 48 49 
49 0 1 2 3 4 5 6 7 8 10 11 12 13 14 15 16 17 18 19 20 21 22 23 24 25 26 27 28 29 30 31 32 33 34 35 36 37 38 39 40 41 42 43 44 45 46 47 48 49 
43 0 1 2 3 5 7 8 9 10 11 13 14 15 18 19 20 21 22 23 24 26 27 28 29 30 31 32 34 35 36 37 38 39 40 41 42 43 44 45 46 47 48 49 
39 0 1 2 3 5 7 8 9 10 11 13 14 15 18 19 21 22 23 24 26 27 28 29 30 31 32 35 36 37 38 39 41 42 43 45 46 47 48 49 
45 0 1 2 3 4 5 6 7 8 9 10 11 13 14 15 18 19 20 21 22 23 24 26 27 28 29 30 31 32 34 35 36 37 38 39 40 41 42 43 44 45 46 47 48 49 
38 0 1 2 3 5 6 7 8 9 10 11 13 14 15 18 19 21 22 23 24 26 27 28 29 30 31 32 35 37 38 41 42 43 45 46 47 48 49 
31 0 2 5 7 8 9 13 14 18 19 21 22 23 24 26 27 28 29 30 31 32 35 37 38 41 43 45 46 47 48 49 
18 0 2 5 7 8 14 18 19 21 24 28 29 30 35 37 38 43 49 
6 2 7 18 21 24 43 
48 0 1 2 3 4 5 6 7 8 9 10 11 12 13 14 15 16 18 19 20 21 22 23 24 26 27 28 29 30 31 32 33 34 35 36 37 38 39 40 41 42 43 44 45 46 47 48 49 
36 0 2 3 5 7 8 9 10 13 14 15 18 19 21 22 23 24 26 27 28 29 30 31 32 35 36 37 38 39 41 43 45 46 47 48 49 
21 0 2 5 7 8 9 14 18 19 21 24 26 28 29 30 35 37 38 43 48 49 
40 0 1 2 3 5 6 7 8 9 10 11 13 14 15 18 19 21 22 23 24 26 27 28 29 30 31 32 35 36 37 38 39 41 42 43 45 46 47 48 49 
49 0 1 2 3 4 5 6 7 8 9 10 11 12 13 14 15 16 17 18 19 20 21 22 23 24 26 27 28 29 30 31 32 33 34 35 36 37 38 39 40 41 42 43 44 45 46 47 48 49 
24 0 2 5 7 8 9 14 18 19 21 24 26 28 29 30 31 35 37 38 43 45 46 48 49 
