40 15 1e+07
2.6307 111886
1.91523 144381
2.43698 136317
2.99193 148177
2.95336 189859
2.66502 123790
1.17466 189114
1.67423 198351
2.33076 100293
2.19835 171121
1.61732 105040
1.51643 186451
2.03926 177376
1.28578 142944
2.65134 114225
1.66254 159819
1.99388 183628
2.5291 102451
1.01113 121028
1.53881 183605
1.67437 100079
1.15589 155435
1.96847 144452
1.97873 167631
1.99209 102410
1.05521 148032
1.00774 191985
2.19826 109190
1.54291 125841
2.54741 167985
2.44752 127139
1.54507 166294
2.41093 124875
1.5456 121659
1.99667 140706
1.44243 182870
1.5352 153273
1.49651 186738
2.39442 144512
1.60444 113523
0.923234 0.116239 4
0.933037 0.130933 4
0.97426 0.642396 2
0.888792 0.000853647 10
0.923458 0.116515 4
0.938149 0.260192 3
0.926966 0.121176 4
0.956507 0.546314 2
0.978533 1 1
0.894646 0.00435964 8
0.953882 0.537108 2
0.966152 0.589812 2
0.873892 2.65394e-05 14
0.904787 0.0108576 7
0.910113 0.0242971 6
0.889121 0.0188789 6
0.97648 1 1
0.979353 1 1
0.894345 0.0429854 5
0.966469 1 1
0.979144 1 1
0.923366 0.23254 3
0.925952 0.236389 3
0.936281 0.494239 2
0.923388 0.232572 3
0.971898 1 1
0.980199 1 1
0.876986 0.00339543 8
0.944487 0.510843 2
0.892119 0.0194461 6
0.951644 0.529973 2
0.905788 0.0475991 5
0.944056 0.509845 2
0.889323 0.00868715 7
0.89662 0.0203977 6
0.913042 0.105749 4
0.928732 0.240925 3
0.974654 1 1
0.98966 1 1
0.879602 0.0015838 9
0.934458 0.251824 3
0.935746 0.254612 3
0.877256 0.00153018 9
0.882003 0.00361694 8
0.926301 0.236933 3
0.918167 0.110552 4
0.935317 0.253667 3
0.945929 0.514298 2
0.939242 0.262908 3
0.928845 0.241119 3
0.94913 0.522659 2
0.974048 1 1
0.953035 0.534334 2
0.940337 0.265745 3
0.937189 0.2579 3
0.975011 1 1
0.937766 0.259267 3
0.922171 0.114956 4
0.928025 0.239729 3
0.937589 0.258844 3
0.866263 2.21183e-05 14
0.985539 1 1
0.94663 0.516044 2
0.897141 0.00963429 7
0.988348 1 1
0.984717 1 1
0.915018 0.0528244 5
0.902443 0.0218532 6
0.907023 0.0482038 5
0.944101 0.2765 3
0.957726 0.550923 2
0.94879 0.521722 2
0.879477 0.000715652 10
0.976297 1 1
0.878658 0.000705611 10
0.961992 0.568949 2
0.902073 0.0459213 5
0.937319 0.496087 2
0.898967 0.0446614 5
0.893219 0.0196667 6
0.910909 0.10398 4
0.938192 0.497695 2
0.986636 1 1
0.978165 1 1
0.883319 0.00368064 8
0.93475 0.491627 2
0.928294 0.24018 3
0.887728 0.00852177 7
0.88155 0.00359563 8
0.939379 0.499957 2
0.865848 8.48082e-07 18
0.99358 1 1
0.955043 0.541064 2
0.883896 0.000163901 12
0.989757 1 1
0.978579 0.678622 2
0.906132 0.0111132 7
0.901928 0.004974 8
0.911566 0.0248471 6
0.926518 0.120545 4
0.952924 0.309229 3
0.960242 0.561177 2
0.86642 8.63484e-07 18
0.959538 0.558203 2
0.872286 5.15511e-06 16
0.890443 0.0018943 9
0.931238 0.127789 4
0.962875 0.573089 2
0.857187 1.25287e-07 20
0.922939 0.115878 4
0.928111 0.122839 4
0.892091 0.00195324 9
0.91873 0.0554867 5
0.944597 0.278043 3
0.875323 6.09142e-05 13
0.929207 0.124504 4
0.966668 0.592656 2
0.84181 3.66065e-11 29
0.896748 0.00451904 8
0.873592 5.85262e-05 13
0.979729 1 1
0.865323 0.000252353 11
0.893508 0.0197259 6
0.904905 0.0995886 4
0.85771 4.2347e-05 13
0.876263 0.003366 8
0.932127 0.487443 2
0.95294 0.534029 2
0.929239 0.241801 3
0.866372 0.000256684 11
0.901703 0.0457651 5
0.884429 0.00820373 7
0.901166 0.0455409 5
0.853196 7.27688e-06 15
0.964863 1 1
0.981462 0.706769 2
0.877536 1.26742e-06 18
0.906282 0.00267375 9
0.909993 0.00591747 8
0.869728 3.92715e-08 22
0.888455 4.04283e-05 14
0.941494 0.149359 4
0.966535 0.591916 2
0.941469 0.149295 4
0.875878 5.43355e-07 19
0.914162 0.00656139 8
0.897057 0.000492276 11
0.903869 0.00123106 10
0.864355 2.77418e-09 25
0.966873 0.593799 2
0.899722 0.0100082 7
0.966614 0.592355 2
0.979369 1 1
0.904593 0.0224695 6
0.957268 0.549166 2
0.975392 1 1
0.935618 0.254327 3
0.937285 0.258126 3
0.944168 0.276708 3
0.927132 0.121412 4
0.983719 1 1
0.974236 1 1
0.887282 0.0017911 9
0.941089 0.267769 3
0.904339 0.0223941 6
0.884851 7.76753e-05 13
0.979178 0.684188 2
0.977191 0.666253 2
0.889994 0.00019195 12
0.969187 0.60745 2
0.978151 0.674733 2
0.918357 0.0279021 6
0.921352 0.0295598 6
0.932804 0.130514 4
0.921138 0.0294339 6
0.966752 0.593122 2
0.98063 0.698284 2
0.872655 1.06172e-06 18
0.944824 0.278761 3
0.887212 0.000178184 12
0.866298 0.000256375 11
0.927076 0.238169 3
0.906924 0.100978 4
0.942538 0.506453 2
0.928352 0.240278 3
0.937881 0.497116 2
0.93489 0.491861 2
0.896538 0.0203791 6
0.88583 0.00833506 7
0.991626 1 1
0.938005 0.497345 2
0.903502 0.0465431 5
0.926282 0.236904 3
0.95143 0.529325 2
0.897694 0.0441777 5
0.93102 0.0367612 6
0.88554 8.00766e-06 16
0.899088 0.000521845 11
0.95814 0.335102 3
0.88006 1.39723e-06 18
0.898906 0.00025107 12
0.9712 0.620436 2
0.941158 0.148492 4
0.914159 0.00656084 8
0.908571 0.00284062 9
0.922803 0.0159266 7
0.890338 4.30681e-05 14
0.952743 0.308429 3
0.884923 7.82654e-06 16
0.978382 0.676822 2
0.974828 1 1
0.892143 0.00900064 7
0.924691 0.118082 4
0.904035 0.0223049 6
0.88369 0.00168737 9
0.901997 0.0217311 6
0.94135 0.268485 3
0.984413 1 1
0.963122 0.574269 2
0.880655 0.00160918 9
0.927076 0.238169 3
0.915506 0.107954 4
0.894594 0.0092978 7
0.874693 0.000296417 11
0.951313 0.52897 2
0.912612 0.0512896 5
0.94426 0.276992 3
0.953056 0.534402 2
0.932622 0.248076 3
0.937555 0.258765 3
0.958096 0.552367 2
0.964896 0.583132 2
0.948961 0.522192 2
0.940782 0.266934 3
0.939513 0.263598 3
0.984301 1 1
0.945401 0.280611 3
0.915138 0.0529044 5
0.934979 0.252935 3
0.928952 0.12411 4
0.864059 9.28915e-06 15
0.968421 0.602787 2
0.934701 0.25234 3
0.907999 0.0486998 5
0.971941 1 1
0.973985 1 1
0.920019 0.11251 4
0.899439 0.0210667 6
0.899576 0.0211009 6
0.960538 0.562455 2
0.954666 0.539758 2
0.935028 0.25304 3
0.890425 0.00407499 8
0.987795 1 1
0.882024 0.000748775 10
0.856612 4.49458e-09 24
0.925211 0.0612053 5
0.90108 0.00489271 8
0.933463 0.131714 4
0.9279 0.0640737 5
0.934416 0.133508 4
0.924225 0.0602324 5
0.887012 0.000177265 12
0.877541 2.91946e-05 14
0.99222 1 1
0.930609 0.126743 4
0.898523 0.00222514 9
0.918303 0.027874 6
0.954093 0.314543 3
0.887465 0.000385464 11
0.95444 0.316166 3
0.896493 0.00213131 9
0.935261 0.13516 4
0.881292 7.05838e-05 13
0.88736 0.000384535 11
0.903188 0.0051002 8
0.920029 0.0565148 5
0.967134 0.595274 2
0.980511 1 1
0.869733 2.14393e-06 17
0.923947 0.0599656 5
0.92759 0.122073 4
0.870081 2.16707e-06 17
0.872236 5.14743e-06 16
0.92195 0.0581374 5
0.980538 1 1
0.886675 0.000378551 11
0.918233 0.0551074 5
0.904971 0.0108916 7
0.8784 6.55944e-05 13
0.896832 0.00214639 9
0.940731 0.266797 3
0.978601 0.678821 2
0.956089 0.544783 2
0.878092 6.50988e-05 13
0.922152 0.0583152 5
0.909052 0.0117201 7
0.896582 0.00213527 9
0.870435 4.88436e-06 16
0.95576 0.543597 2
0.887109 0.00017771 12
0.895039 0.000979649 10
0.89098 0.000419293 11
0.989395 1 1
0.893012 0.000935013 10
0.908244 0.0115446 7
0.954653 0.317181 3
0.907736 0.0114374 7
0.887336 0.000178763 12
0.944027 0.276276 3
0.922626 0.0587393 5
0.88444 0.000166103 12
0.972612 0.630215 2
0.908773 0.0116589 7
0.929529 0.125007 4
0.887537 0.00390342 8
0.933711 0.250268 3
0.963302 0.575139 2
0.856829 3.42487e-06 16
0.925593 0.235834 3
0.929923 0.243008 3
0.891231 0.00889616 7
0.916421 0.10882 4
0.941715 0.504691 2
0.876558 0.000681092 10
0.929588 0.242413 3
0.96812 1 1
0.841286 2.56125e-09 24
0.898953 0.020947 6
0.871768 0.000281239 11
0.948936 0.292952 3
0.885325 0.000169799 12
0.90492 0.00528533 8
0.940786 0.266947 3
0.878807 3.02202e-05 14
0.898078 0.00220385 9
0.966151 0.589803 2
0.955319 0.320402 3
0.926941 0.0630121 5
0.898341 0.00221639 9
0.923652 0.0596857 5
0.895727 0.00209793 9
0.934767 0.134186 4
0.879594 3.08875e-05 14
0.99104 1 1
0.939261 0.143831 4
0.89961 0.00227889 9
0.916231 0.0268503 6
0.949562 0.295331 3
0.893325 0.000941651 10
0.912825 0.0253505 6
0.982786 1 1
0.957842 0.551373 2
0.931349 0.127976 4
0.913367 0.0255749 6
0.938306 0.141623 4
0.907179 0.0113225 7
0.939089 0.143426 4
0.894894 0.000976307 10
0.974428 0.643685 2
0.964509 1 1
0.895463 0.0433713 5
0.932132 0.247119 3
0.890621 0.0191565 6
0.886526 0.00840234 7
0.90355 0.0465645 5
0.929164 0.241671 3
0.977194 1 1
0.976382 1 1
0.874603 0.00147394 9
0.926417 0.237117 3
0.923625 0.23291 3
0.880004 0.00352488 8
0.873788 0.00145751 9
0.933716 0.489936 2
0.887838 0.000837136 10
0.88199 0.000156577 12
0.88065 0.000151772 12
0.990763 1 1
0.879622 0.000148258 12
0.895185 0.00207499 9
0.949159 0.293795 3
0.903852 0.0106878 7
0.881367 0.00015431 12
0.929536 0.125017 4
0.911133 0.0246801 6
0.873687 2.64024e-05 14
0.988031 1 1
0.894605 0.002051 9
0.933185 0.131203 4
0.923085 0.059158 5
0.88781 0.000836668 10
0.898401 0.00465397 8
0.966828 0.593551 2
0.882836 0.000159756 12
0.901365 0.00491975 8
0.972993 0.632956 2
0.935879 0.136405 4
0.909892 0.0242162 6
0.91511 0.0263329 6
0.92418 0.0601898 5
0.889931 0.000874212 10
0.960284 0.561358 2
0.889497 0.000866265 10
0.969585 0.609931 2
0.953699 0.536502 2
0.911202 0.104216 4
0.940695 0.502576 2
0.917088 0.109469 4
0.902866 0.046263 5
0.921983 0.230614 3
0.957475 0.549955 2
0.992159 1 1
0.967212 1 1
0.900238 0.0451627 5
0.948109 0.519882 2
0.931022 0.245013 3
0.904778 0.0471227 5
0.894791 0.0199949 6
0.950775 0.527366 2
0.927993 0.122664 4
0.933361 0.249553 3
0.953501 0.535849 2
0.928119 0.122851 4
0.925597 0.119282 4
0.945789 0.281881 3
0.967146 0.595347 2
0.965377 0.585648 2
0.954428 0.538947 2
0.924218 0.117473 4
0.97333 0.635416 2
0.944261 0.276995 3
0.912284 0.0510911 5
0.919751 0.112218 4
0.938873 0.261979 3
0.870086 0.000615024 10
0.950976 0.52796 2
0.926439 0.237152 3
0.926618 0.237436 3
0.952243 0.531823 2
0.961303 0.565826 2
0.93304 0.248906 3
0.90391 0.0467259 5
0.898528 0.0444927 5
0.979152 1 1
0.954633 0.539645 2
0.924281 0.233863 3
0.908971 0.102474 4
0.972276 1 1
0.894066 0.0198417 6
0.913601 0.106233 4
0.951024 0.528105 2
0.982783 1 1
0.903049 0.0463432 5
0.941536 0.504314 2
0.958849 0.555374 2
0.938722 0.498692 2
0.951214 0.528672 2
0.960456 0.5621 2
0.915523 0.107969 4
0.976078 1 1
0.973 1 1
0.886665 0.00841595 7
0.925426 0.235578 3
0.912674 0.105435 4
0.894613 0.0043572 8
0.970706 0.617143 2
0.969242 0.607788 2
0.910067 0.0242803 6
0.962533 0.571465 2
0.983061 1 1
0.937859 0.259491 3
0.932028 0.129142 4
0.935599 0.254285 3
0.936915 0.257262 3
0.987206 1 1
0.965561 0.586624 2
0.892333 0.00419824 8
0.95024 0.525802 2
0.903707 0.0222096 6
0.98111 0.703143 2
0.883643 7.51386e-05 13
0.918036 0.0277373 6
0.893158 0.000938093 10
0.87505 5.60496e-06 16
0.892698 0.000928448 10
0.929428 0.0658597 5
0.973057 0.633426 2
0.960206 0.561023 2
0.869543 9.55258e-07 18
0.91685 0.0271467 6
0.909303 0.0117758 7
0.884563 7.70583e-05 13
0.864766 7.18321e-08 21
0.94322 0.273838 3
0.889674 0.01898 6
0.919578 0.227464 3
0.912397 0.105201 4
0.966161 1 1
0.917518 0.224949 3
0.933037 0.248902 3
0.961376 0.566153 2
0.917454 0.224874 3
0.901572 0.04571 5
0.963541 1 1
0.94545 0.513129 2
0.906498 0.100678 4
0.947359 0.51791 2
0.932285 0.247416 3
0.924553 0.234264 3
0.956908 0.328464 3
0.908446 0.00570901 8
0.942213 0.151258 4
0.905516 0.00262194 9
0.899675 0.0010985 10
0.917878 0.0276568 6
0.945417 0.160485 4
0.992387 1 1
0.977599 0.669812 2
0.891096 0.000197921 12
0.942456 0.151912 4
0.932823 0.0702874 5
0.893522 0.000447309 11
0.888822 8.71209e-05 13
0.942164 0.151126 4
0.896646 0.0204037 6
0.874024 0.00146222 9
0.877247 0.00152998 9
0.979994 1 1
0.870793 0.00062163 10
0.887363 0.00848507 7
0.949556 0.523849 2
0.907934 0.101705 4
0.883416 0.00368544 8
0.916007 0.108424 4
0.905922 0.0476636 5
0.869662 0.000611121 10
0.989287 1 1
0.883297 0.00367952 8
0.943927 0.50955 2
0.953974 0.537415 2
0.911584 0.0248542 6
0.944365 0.277319 3
0.908812 0.023831 6
0.902876 0.0105172 7
0.92135 0.057617 5
0.949023 0.293279 3
0.992651 1 1
0.976049 0.656606 2
0.89509 0.00207101 9
0.946332 0.283688 3
0.93482 0.13429 4
0.896412 0.00449274 8
0.892511 0.00196891 9
0.943205 0.273793 3
0.966776 0.593259 2
0.899138 0.00108339 10
0.929972 0.0665244 5
0.911735 0.0123484 7
0.890813 0.000196358 12
0.909575 0.00585974 8
0.950174 0.297721 3
0.991831 1 1
0.963885 0.578002 2
0.88939 0.000188805 12
0.935284 0.135206 4
0.920524 0.0290795 6
0.901367 0.00237142 9
0.882752 3.3826e-05 14
0.954969 0.318693 3
0.922432 0.058565 5
0.902924 0.0050732 8
0.912459 0.0252015 6
0.965924 0.588573 2
0.897812 0.00219136 9
0.916706 0.0270769 6
0.988736 1 1
0.943253 0.273935 3
0.919462 0.0284882 6
0.926935 0.0630063 5
0.939731 0.144951 4
0.904102 0.00519622 8
0.952625 0.307914 3
0.903674 0.00515074 8
0.961825 0.568186 2
0.885497 0.000799183 10
0.914906 0.0527497 5
0.906525 0.0230662 6
0.96891 0.605744 2
0.913331 0.0517341 5
0.928061 0.122765 4
0.956931 0.547893 2
0.912177 0.0510268 5
0.895834 0.00444815 8
0.963875 0.577955 2
0.939394 0.263293 3
0.900785 0.0101729 7
0.950703 0.527153 2
0.929722 0.125312 4
0.921915 0.114655 4
5 7 18 21 24 32 
37 0 1 2 3 5 7 8 9 10 11 12 13 14 15 17 18 19 20 21 22 23 24 25 26 27 28 29 30 31 32 33 34 35 36 37 38 39 
15 0 2 5 7 8 9 14 18 19 21 24 32 34 36 37 
30 0 1 2 3 5 7 8 9 10 11 13 14 15 18 19 21 22 23 24 26 27 28 30 31 32 34 35 36 37 38 
36 0 1 2 3 4 5 6 7 8 9 10 11 13 14 15 18 19 20 21 22 23 24 25 26 27 28 30 31 32 33 34 35 36 37 38 39 
28 0 1 2 3 5 6 7 8 9 10 11 13 14 15 18 19 21 22 23 24 27 28 30 31 32 34 36 37 
22 0 2 5 7 8 9 13 14 18 19 21 22 23 24 26 27 28 30 32 34 36 37 
14 0 2 5 7 8 14 18 19 21 24 32 34 36 37 
6 2 7 18 21 24 32 
39 0 1 2 3 4 5 6 7 8 9 10 11 12 13 14 15 16 18 19 20 21 22 23 24 25 26 27 28 29 30 31 32 33 34 35 36 37 38 39 
28 0 2 3 5 7 8 9 10 13 14 15 18 19 21 22 23 24 25 26 27 28 30 32 34 35 36 37 38 
15 0 2 5 7 8 9 14 18 19 21 24 32 34 36 37 
31 0 1 2 3 5 6 7 8 9 10 11 13 14 15 18 19 21 22 23 24 26 27 28 30 31 32 34 35 36 37 38 
40 0 1 2 3 4 5 6 7 8 9 10 11 12 13 14 15 16 17 18 19 20 21 22 23 24 25 26 27 28 29 30 31 32 33 34 35 36 37 38 39 
16 0 2 5 7 8 9 14 18 19 21 24 27 32 34 36 37 
