70 15 1e+07
2.03687 181916
1.16457 115053
1.19542 119190
1.68568 129928
1.72617 136002
1.33006 108523
2.49255 186335
1.85879 168310
1.90131 190424
1.60644 126374
2.49482 154573
2.68405 181751
2.75196 178887
1.47981 181844
2.45842 133075
1.89496 132376
1.7608 151549
1.63097 167810
2.2132 128088
1.91244 180945
1.05539 171310
2.83593 194573
1.19143 134572
2.65417 165979
2.39165 164391
1.5558 122052
2.02847 120804
1.78136 169352
2.50496 128538
1.08355 160566
1.84455 156932
2.12271 149884
1.68149 188030
1.679 144161
1.50317 141886
1.84563 166322
1.21407 175858
2.05897 131694
2.19402 130400
2.2062 124726
1.96762 107847
2.01334 180201
1.72346 118371
1.16202 116313
2.46722 160996
2.1274 182960
1.93524 171799
1.20261 144018
1.9787 185690
2.07926 141526
1.27661 143838
1.17762 146441
1.64915 124612
1.6431 198136
1.75806 100367
1.30034 152306
2.26518 120508
2.52663 172984
1.22961 100578
1.00305 101898
2.39793 180002
1.29453 175312
1.74621 186078
1.28415 170632
2.42516 152141
1.32514 133059
1.21898 175459
2.04242 101648
1.83457 127644
1.22542 131426
0.960443 0.562043 2
0.94084 0.267092 3
0.943883 0.275834 3
0.924455 0.0604556 5
0.937356 0.139517 4
0.963415 0.575688 2
0.919132 0.0557993 5
0.954566 0.539418 2
0.96975 0.610968 2
0.944277 0.277044 3
0.946322 0.283656 3
0.954345 0.538665 2
0.965305 0.58527 2
0.964685 0.582044 2
0.954495 0.539175 2
0.948076 0.519795 2
0.947532 0.518359 2
0.934337 0.251569 3
0.930278 0.243647 3
0.935955 0.255077 3
0.976087 1 1
0.925494 0.119143 4
0.949448 0.523546 2
0.975583 1 1
0.948032 0.519678 2
0.954155 0.538023 2
0.94219 0.270839 3
0.956929 0.547883 2
0.959295 0.557198 2
0.943328 0.274158 3
0.870566 0.000122655 12
0.910631 0.0501251 5
0.871281 0.000124383 12
0.899627 0.0211137 6
0.876336 0.00030563 11
0.939286 0.263018 3
0.939549 0.26369 3
0.878565 0.000704496 10
0.91329 0.0517085 5
0.89924 0.0210175 6
0.917369 0.109747 4
0.864916 2.14624e-05 14
0.880391 0.0007272 10
0.885864 0.00381142 8
0.865834 2.19057e-05 14
0.885497 7.90915e-05 13
0.860874 1.2124e-08 23
0.917748 0.0275912 6
0.845116 7.78886e-12 0
0.846797 8.45017e-12 0
0.904144 0.00520065 8
0.956258 0.3251 3
0.862099 1.27388e-08 23
0.882955 3.40303e-05 14
0.858128 2.09919e-09 25
0.868153 1.82716e-07 20
0.87985 1.42562e-05 15
0.873608 2.42484e-06 17
0.871163 1.00861e-06 18
0.872399 1.05234e-06 18
0.936822 0.257047 3
0.961166 0.565214 2
0.919544 0.111995 4
0.94342 0.508402 2
0.941433 0.268713 3
0.983246 1 1
0.920927 0.113518 4
0.94953 0.523777 2
0.985217 1 1
0.95879 0.555132 2
0.968573 0.6037 2
0.931638 0.246171 3
0.952224 0.531765 2
0.95807 0.552266 2
0.935105 0.253206 3
0.96649 0.591665 2
0.913414 0.0127806 7
0.972193 0.627256 2
0.897753 0.00218855 9
0.915399 0.0264641 6
0.940838 0.147679 4
0.91948 0.0284982 6
0.935824 0.136292 4
0.941446 0.149235 4
0.9177 0.0275667 6
0.918659 0.0280598 6
0.960017 0.560218 2
0.950536 0.299159 3
0.944585 0.278006 3
0.952465 0.307216 3
0.900937 0.0454468 5
0.880841 0.00356279 8
0.928176 0.239981 3
0.864724 0.000249939 11
0.865605 0.000253504 11
0.925106 0.235092 3
0.971253 1 1
0.880476 0.00354614 8
0.903168 0.0463955 5
0.877862 0.00343191 8
0.888295 0.0187309 6
0.894897 0.0200179 6
0.891543 0.0193332 6
0.889801 0.0190033 6
0.888426 0.018754 6
0.968011 0.600347 2
0.889074 0.000400309 11
0.975892 0.655314 2
0.875751 1.26187e-05 15
0.902546 0.0050351 8
0.907584 0.0114057 7
0.88935 0.000402957 11
0.924374 0.060377 5
0.914805 0.0261961 6
0.896582 0.00213527 9
0.892578 0.00092596 10
0.966969 0.594343 2
0.939298 0.263048 3
0.929631 0.125168 4
0.95441 0.316025 3
0.941535 0.268996 3
0.878676 3.01111e-05 14
0.985735 1 1
0.863504 6.85275e-08 21
0.882127 7.21472e-05 13
0.909331 0.011782 7
0.911545 0.0123013 7
0.902798 0.00506043 8
0.905676 0.00537066 8
0.882725 7.33032e-05 13
0.883961 7.57934e-05 13
0.937584 0.140015 4
0.917697 0.0275653 6
0.910331 0.0120104 7
0.926339 0.0623679 5
0.975807 0.654622 2
0.905637 0.00263002 9
0.977926 0.672711 2
0.891134 9.35335e-05 13
0.914092 0.0129648 7
0.927289 0.0335902 6
0.90524 0.00260371 9
0.935849 0.0748471 5
0.932728 0.0701539 5
0.911906 0.00619711 8
0.909886 0.00590264 8
0.970616 0.616555 2
0.95138 0.302604 3
0.943058 0.153565 4
0.960047 0.346091 3
0.922381 0.115206 4
0.991129 1 1
0.892745 0.00422593 8
0.978389 1 1
0.966969 0.594343 2
0.949898 0.524819 2
0.887513 0.00179822 9
0.95818 0.552697 2
0.973466 0.636422 2
0.99363 1 1
0.986204 1 1
0.919741 0.0562821 5
0.948774 0.292347 3
0.95936 0.557464 2
0.928438 0.123328 4
0.913506 0.00645125 8
0.876494 1.21885e-06 18
0.948268 0.16988 4
0.86032 4.50876e-10 27
0.867956 3.64209e-08 22
0.917478 0.0139742 7
0.946981 0.165488 4
0.88545 1.71013e-05 15
0.901572 0.00115511 10
0.876122 1.2022e-06 18
0.883354 1.59405e-05 15
0.907938 0.00279265 9
0.898387 0.000511306 11
0.894463 0.00021828 12
0.899478 0.00109292 10
0.96563 0.586991 2
0.887175 0.00178781 9
0.976925 1 1
0.873789 0.000130802 12
0.900329 0.0101014 7
0.906297 0.0229936 6
0.889385 0.00185839 9
0.922106 0.11488 4
0.912974 0.0515116 5
0.894551 0.00435274 8
0.890753 0.00409555 8
0.964549 0.58135 2
0.937021 0.257508 3
0.927419 0.121824 4
0.952021 0.531134 2
0.908194 0.0236177 6
0.877604 6.43258e-05 13
0.940165 0.265291 3
0.861396 3.26315e-07 19
0.866435 1.94174e-06 17
0.92013 0.0565968 5
0.95609 0.544786 2
0.882976 0.000160291 12
0.901754 0.0103289 7
0.876219 2.81845e-05 14
0.884725 0.000362421 11
0.90241 0.0104381 7
0.895246 0.00207755 9
0.892155 0.00195563 9
0.894691 0.0020545 9
0.918455 0.027953 6
0.926445 0.0624808 5
0.922432 0.058565 5
0.909852 0.0118999 7
0.904092 0.00519513 8
0.973553 0.637067 2
0.959179 0.55672 2
0.914685 0.0261428 6
0.945977 0.282503 3
0.921203 0.0574909 5
0.934487 0.133644 4
0.91215 0.0124522 7
0.921754 0.0579662 5
0.924012 0.0600277 5
0.910642 0.0120835 7
0.942809 0.507046 2
0.882616 0.00364631 8
0.985978 1 1
0.867226 0.000260308 11
0.884819 0.0082398 7
0.914244 0.106801 4
0.916329 0.108732 4
0.905296 0.047365 5
0.909736 0.103058 4
0.886295 0.00837988 7
0.88808 0.00855763 7
0.938388 0.498061 2
0.920121 0.228154 3
0.913143 0.105836 4
0.927546 0.238935 3
0.925978 0.236428 3
0.970272 1 1
0.907457 0.0484224 5
0.952634 0.533055 2
0.941952 0.505192 2
0.980705 1 1
0.916403 0.108802 4
0.945028 0.512118 2
0.98212 1 1
0.963799 0.577578 2
0.978594 1 1
0.921235 0.113868 4
0.944374 0.510581 2
0.952003 0.531078 2
0.925882 0.23628 3
0.99473 1 1
0.919493 0.0146551 7
0.950351 0.298419 3
0.907257 0.00274259 9
0.937194 0.139167 4
0.926597 0.0330613 6
0.888564 4.05737e-05 14
0.959835 0.344825 3
0.943182 0.153912 4
0.92897 0.0653121 5
0.92171 0.029773 6
0.992374 1 1
0.974984 0.648019 2
0.964443 0.375157 3
0.988348 1 1
0.896665 0.00213893 9
0.960361 0.56169 2
0.881528 0.00015489 12
0.950062 0.297276 3
0.921704 0.0579229 5
0.962111 0.5695 2
0.912141 0.025074 6
0.918491 0.0553033 5
0.952168 0.305933 3
0.946976 0.28589 3
0.966106 0.589558 2
0.892066 0.00195235 9
0.915388 0.0264588 6
0.92374 0.0597688 5
0.89688 0.00452953 8
0.962062 0.569274 2
0.951962 0.530952 2
0.92893 0.241265 3
0.938356 0.498002 2
0.960494 0.562265 2
0.950891 0.527707 2
0.89751 0.0206023 6
0.978904 1 1
0.97534 1 1
0.960651 0.562946 2
0.954307 0.538536 2
0.958687 0.554719 2
0.985244 1 1
0.989287 1 1
0.965637 1 1
0.965947 0.588694 2
0.8875 0.000831449 10
0.945027 0.279406 3
0.877097 0.00014022 12
0.910822 0.0245616 6
0.893993 0.00431265 8
0.865079 1.86684e-06 17
0.931118 0.127586 4
0.909166 0.0239555 6
0.897822 0.00460577 8
0.888982 0.00184507 9
0.97123 0.620633 2
0.942795 0.272585 3
0.932369 0.129739 4
0.963385 0.575545 2
0.904836 0.0225422 6
0.860068 3.70563e-06 16
0.944768 0.511502 2
0.84427 2.83861e-09 24
0.854474 2.64747e-07 19
0.899138 0.0209923 6
0.930048 0.243232 3
0.872801 0.000128206 12
0.885344 0.0017335 9
0.860605 3.7555e-06 16
0.866576 2.22752e-05 14
0.90002 0.0212127 6
0.886335 0.00176246 9
0.881301 0.000739074 10
0.890338 0.00406952 8
0.955628 0.543125 2
0.944702 0.278373 3
0.914585 0.0525374 5
0.937248 0.258038 3
0.97481 1 1
0.928251 0.123048 4
0.874457 0.000132611 12
0.993936 1 1
0.956185 0.545133 2
0.957997 0.551979 2
0.943253 0.273935 3
0.956205 0.545206 2
0.982433 1 1
0.984706 1 1
0.968259 0.60182 2
0.925453 0.0322236 6
0.875338 1.16817e-06 18
0.965778 0.587786 2
0.859487 4.33068e-10 27
0.872522 4.77741e-07 19
0.912041 0.00621775 8
0.928584 0.064859 5
0.891761 0.00020168 12
0.901764 0.00116115 10
0.877104 2.72869e-06 17
0.881524 6.93003e-06 16
0.920541 0.029089 6
0.905857 0.00264476 9
0.900203 0.00111374 10
0.9106 0.00600353 8
0.955916 0.544155 2
0.87691 0.000139654 12
0.969526 0.609561 2
0.863981 4.09352e-06 16
0.891573 0.0041481 8
0.89533 0.0044101 8
0.88095 0.000334603 11
0.913035 0.0515498 5
0.902145 0.0103937 7
0.884589 0.000785372 10
0.88026 0.000329949 11
0.956142 0.544976 2
0.927437 0.121852 4
0.917631 0.0546576 5
0.94393 0.275977 3
0.85405 7.41027e-06 15
0.894909 0.0200202 6
0.856381 1.79381e-05 14
0.88527 0.00828193 7
0.860358 0.000101867 12
0.921229 0.2296 3
0.930213 0.24353 3
0.861872 0.000104559 12
0.895946 0.0435417 5
0.883218 0.00809427 7
0.901161 0.0455391 5
0.848464 1.21328e-06 17
0.863475 0.000107542 12
0.868925 0.000604448 10
0.849219 2.87583e-06 16
0.933484 0.249803 3
0.891582 0.00893602 7
0.965143 0.584419 2
0.875293 0.000667124 10
0.885948 0.00381593 8
0.929943 0.243044 3
0.940464 0.502106 2
0.904401 0.0469492 5
0.918105 0.110489 4
0.892563 0.00904988 7
0.898108 0.0207431 6
0.927675 0.239148 3
0.91791 0.11029 4
0.913452 0.106103 4
0.919265 0.111697 4
0.944848 0.278836 3
0.924915 0.060909 5
0.948946 0.29299 3
0.907919 0.0114759 7
0.914561 0.0260882 6
0.963668 0.576929 2
0.941237 0.268174 3
0.930586 0.126705 4
0.951754 0.30417 3
0.92487 0.0608638 5
0.931847 0.128828 4
0.938237 0.141468 4
0.941606 0.269193 3
0.940456 0.266061 3
0.934705 0.134066 4
0.902843 0.000585229 11
0.911921 0.00312172 9
0.912394 0.00316542 9
0.896194 0.000110566 13
0.88756 1.84078e-05 15
0.957366 0.330891 3
0.97529 0.650447 2
0.897478 0.000239696 12
0.928826 0.0348286 6
0.90545 0.00128866 10
0.919901 0.0148011 7
0.89656 0.000232816 12
0.904519 0.00125418 10
0.906618 0.00133426 10
0.894292 0.000103623 13
0.939543 0.263675 3
0.879315 0.000713641 10
0.983144 1 1
0.863951 9.26514e-06 15
0.881442 0.000740942 10
0.911253 0.0504817 5
0.915485 0.0531381 5
0.90187 0.0216968 6
0.906328 0.0230034 6
0.882913 0.000761076 10
0.8848 0.00171804 9
0.935279 0.253585 3
0.916657 0.109048 4
0.909657 0.049582 5
0.924335 0.117623 4
0.877372 0.000141056 12
0.884116 0.000778363 10
0.894146 0.00432352 8
0.8695 2.38351e-05 14
0.859164 6.94486e-07 18
0.927081 0.121339 4
0.984164 1 1
0.868912 2.35074e-05 14
0.899126 0.00991857 7
0.876998 0.000139921 12
0.891811 0.00416367 8
0.871222 5.55064e-05 13
0.876322 0.000137906 12
0.877846 0.000314578 11
0.867784 1.01818e-05 15
0.943109 0.507708 2
0.94818 0.520072 2
0.931186 0.245317 3
0.930726 0.244465 3
0.933384 0.249601 3
0.981127 1 1
0.928877 0.241173 3
0.945593 0.513476 2
0.97481 1 1
0.947272 0.517684 2
0.955296 0.54195 2
0.937216 0.495902 2
0.952259 0.531873 2
0.955229 0.541714 2
0.938343 0.497977 2
0.90191 0.0103547 7
0.931942 0.128992 4
0.900711 0.0101612 7
0.91714 0.0542992 5
0.901674 0.0103159 7
0.971691 0.623772 2
0.950332 0.526069 2
0.907302 0.0233186 6
0.942491 0.271703 3
0.922957 0.1159 4
0.939901 0.264601 3
0.896027 0.00446293 8
0.910829 0.0245644 6
0.915546 0.05318 5
0.896627 0.00450955 8
0.874062 1.04654e-07 21
0.902127 0.000572175 11
0.880283 1.4096e-06 18
0.889344 1.96364e-05 15
0.870923 1.86997e-08 23
0.938386 0.0791931 5
0.957047 0.329195 3
0.876128 2.50727e-07 20
0.910055 0.00295935 9
0.892247 4.60325e-05 14
0.909472 0.00291166 9
0.868123 3.32512e-09 25
0.880119 1.40049e-06 18
0.884219 3.55209e-06 17
0.867488 3.22274e-09 25
0.980245 1 1
0.930673 0.126848 4
0.951541 0.529659 2
0.916324 0.0537173 5
0.939295 0.263041 3
0.944065 0.276391 3
0.904022 0.0107181 7
0.960857 0.563847 2
0.957416 0.549728 2
0.937862 0.259497 3
0.934317 0.251526 3
0.974165 0.641667 2
0.976114 0.657139 2
0.969356 0.608495 2
0.973106 0.633779 2
0.894911 0.000464077 11
0.919761 0.0286519 6
0.898367 0.00106234 10
0.905242 0.00260384 9
0.890342 0.000193803 12
0.960504 0.348863 3
0.960437 0.348452 3
0.896862 0.00102339 10
0.931085 0.067937 5
0.910998 0.0121683 7
0.927617 0.0637563 5
0.888882 8.72775e-05 13
0.901364 0.00237128 9
0.905323 0.00260916 9
0.888458 8.61776e-05 13
0.915403 0.0530831 5
0.989501 1 1
0.885018 0.000791836 10
0.986683 1 1
0.966286 0.590541 2
0.942685 0.272266 3
0.880903 0.000334284 11
0.953203 0.534879 2
0.964812 0.5827 2
0.98966 1 1
0.981262 1 1
0.913129 0.0516081 5
0.942304 0.271166 3
0.952899 0.533897 2
0.922319 0.115132 4
0.940121 0.145897 4
0.900543 0.00112376 10
0.965526 0.586439 2
0.884118 1.63486e-05 15
0.894694 0.000219807 12
0.938433 0.141913 4
0.940636 0.147171 4
0.913017 0.00637153 8
0.927405 0.0635205 5
0.90162 0.00115661 10
0.907067 0.00272895 9
0.93398 0.0719563 5
0.926349 0.0328756 6
0.922266 0.030111 6
0.926353 0.0328791 6
0.92655 0.12059 4
0.984997 1 1
0.901201 0.0102393 7
0.966912 0.594019 2
0.956754 0.547229 2
0.964213 0.579646 2
0.900887 0.0101891 7
0.955063 0.541133 2
0.984313 1 1
0.980494 1 1
0.991005 1 1
0.922878 0.115804 4
0.949982 0.525059 2
0.959607 0.558494 2
0.929848 0.125512 4
0.899011 0.00107986 10
0.928436 0.0646864 5
0.898999 0.00107953 10
0.913863 0.0129021 7
0.898078 0.00105465 10
0.967921 0.599819 2
0.952612 0.307855 3
0.90374 0.00250877 9
0.938742 0.142621 4
0.919342 0.0284231 6
0.93633 0.137334 4
0.893098 0.000442409 11
0.90741 0.00557746 8
0.911996 0.0124133 7
0.893476 0.000446768 11
0.98701 1 1
0.915891 0.223071 3
0.964559 1 1
0.901874 0.0458373 5
0.926626 0.237448 3
0.932317 0.247479 3
0.90126 0.0455802 5
0.948768 0.521663 2
0.942406 0.506168 2
0.92318 0.232276 3
0.919548 0.227427 3
0.980391 1 1
0.964524 1 1
0.955804 0.543753 2
0.971984 1 1
0.93897 0.26222 3
0.877795 2.93956e-05 14
0.982891 1 1
0.862508 1.49381e-07 20
0.880365 6.89157e-05 13
0.909394 0.0240365 6
0.913698 0.0257148 6
0.900862 0.00487232 8
0.904768 0.010854 7
0.881524 0.000154877 12
0.883218 0.000161225 12
0.934873 0.134393 4
0.915677 0.0265914 6
0.908538 0.0116078 7
0.923787 0.0598136 5
0.960943 0.564226 2
0.88829 0.00182268 9
0.989782 1 1
0.873986 5.90563e-05 13
0.897284 0.00965398 7
0.912072 0.0509641 5
0.900116 0.0100684 7
0.918865 0.0555915 5
0.915027 0.0528299 5
0.894364 0.00433917 8
0.892614 0.00421711 8
0.957915 0.55166 2
0.934101 0.251075 3
0.925401 0.119019 4
0.945863 0.282123 3
0.958448 0.336815 3
0.880874 6.77633e-06 16
0.976915 0.663877 2
0.867445 3.56511e-08 22
0.893631 0.000212929 12
0.901157 0.0011423 10
0.887717 8.43081e-05 13
0.915244 0.0132908 7
0.906691 0.00548976 8
0.888024 8.50729e-05 13
0.884565 3.57246e-05 14
0.957546 0.331854 3
0.930046 0.0666169 5
0.920535 0.0290856 6
0.945115 0.159558 4
0.890824 0.00885056 7
0.851832 5.68188e-07 18
0.929261 0.241839 3
0.8361 1.61698e-10 27
0.843571 1.52103e-08 22
0.892462 0.00903794 7
0.932851 0.248531 3
0.860979 1.97132e-05 14
0.876014 0.000675014 10
0.85127 5.59882e-07 18
0.858595 8.18439e-06 15
0.88587 0.00381174 8
0.873933 0.000652708 10
0.869608 0.000120404 12
0.876689 0.000682572 10
0.944492 0.157685 4
0.96946 0.609145 2
0.912865 0.00634716 8
0.955946 0.323516 3
0.970092 0.613151 2
0.954061 0.314393 3
0.894087 0.000102917 13
0.976075 0.656819 2
0.984319 0.738274 2
0.9785 0.677895 2
0.970591 0.616389 2
0.941624 0.149699 4
0.970737 0.617349 2
0.981044 0.702462 2
0.949902 0.17583 4
0.891983 0.00898215 7
0.962327 0.570502 2
0.874692 0.000660673 10
0.955229 0.541714 2
0.922737 0.231653 3
0.95378 0.53677 2
0.903326 0.0464653 5
0.916981 0.109364 4
0.948318 0.520444 2
0.948171 0.520048 2
0.966261 1 1
0.887737 0.00852271 7
0.91231 0.105128 4
0.921242 0.113876 4
0.893336 0.0196906 6
0.952622 0.533015 2
0.938118 0.260116 3
0.943546 0.274811 3
0.921146 0.113767 4
0.929699 0.125275 4
0.969177 0.607385 2
0.928527 0.123463 4
0.945501 0.280935 3
0.966369 0.591 2
0.939418 0.263355 3
0.94453 0.277834 3
0.946271 0.283483 3
0.955544 0.542826 2
0.955538 0.542803 2
0.945326 0.280367 3
0.886917 0.00844071 7
0.922785 0.23172 3
0.886784 0.00842761 7
0.909832 0.103132 4
0.889982 0.0190368 6
0.956462 0.546149 2
0.947629 0.518613 2
0.893774 0.0197807 6
0.928938 0.241279 3
0.912336 0.10515 4
0.930194 0.243496 3
0.881147 0.00357687 8
0.896368 0.0436923 5
0.901529 0.0456922 5
0.881922 0.00361314 8
0.986443 1 1
0.914961 0.0262658 6
0.943617 0.275027 3
0.904142 0.0107397 7
0.937397 0.25839 3
0.917734 0.0547344 5
0.878862 6.63511e-05 13
0.959253 0.557023 2
0.936432 0.137548 4
0.925578 0.119256 4
0.916295 0.0536974 5
0.992099 1 1
0.971991 0.625841 2
0.961233 0.565513 2
0.993022 1 1
0.887272 0.00388851 8
0.930528 0.244102 3
0.883476 0.00368841 8
0.918393 0.110783 4
0.895905 0.0202375 6
0.958556 0.554195 2
0.937826 0.259412 3
0.897912 0.0206967 6
0.933407 0.249647 3
0.919198 0.111626 4
0.937625 0.258931 3
0.881731 0.00163599 9
0.899121 0.0209882 6
0.905139 0.0472912 5
0.88351 0.00369011 8
0.856485 1.95785e-09 25
0.903387 0.00512076 8
0.855459 8.1994e-10 26
0.894759 0.00097324 10
0.867594 4.00333e-07 19
0.925148 0.0611421 5
0.923452 0.0594987 5
0.867545 3.99656e-07 19
0.90168 0.00494997 8
0.891077 0.0004203 11
0.90922 0.0117573 7
0.851078 5.55446e-11 29
0.867976 4.05656e-07 19
0.874129 5.44852e-06 16
0.852716 1.37966e-10 28
0.873164 0.000129148 12
0.890819 0.00409976 8
0.884888 0.00172051 9
0.877133 0.000310293 11
0.862488 8.94899e-06 15
0.930939 0.244859 3
0.970251 0.614175 2
0.869942 5.39832e-05 13
0.902285 0.0218098 6
0.882213 0.000751353 10
0.898378 0.00980895 7
0.867085 2.2535e-05 14
0.875661 0.00030178 11
0.878498 0.000703686 10
0.865022 2.15129e-05 14
0.930634 0.0673559 5
0.96237 0.36076 3
0.9147 0.00665419 8
0.944687 0.158265 4
0.938209 0.141405 4
0.987275 0.775181 2
0.922739 0.0304055 6
0.94446 0.157591 4
0.981338 0.705482 2
0.957716 0.332776 3
0.970398 0.615132 2
0.925458 0.0322277 6
0.946242 0.16308 4
0.952543 0.307554 3
0.928954 0.0652927 5
0.935275 0.0739338 5
0.88898 8.7536e-05 13
0.969849 0.611598 2
0.872852 2.19079e-07 20
0.885081 1.68876e-05 15
0.925978 0.0326024 6
0.935125 0.073698 5
0.904068 0.00252894 9
0.915748 0.0134387 7
0.890565 9.18864e-05 13
0.895289 0.000468835 11
0.929708 0.0661998 5
0.917961 0.0141315 7
0.9129 0.00635277 8
0.920687 0.0291725 6
0.932175 0.0693894 5
0.901442 0.00115109 10
0.955182 0.319728 3
0.884824 3.60098e-05 14
0.891936 0.000202688 12
0.942434 0.151854 4
0.95084 0.300384 3
0.908974 0.00577856 8
0.927313 0.0634187 5
0.901117 0.00114107 10
0.908409 0.00570429 8
0.925889 0.0325377 6
0.921355 0.0295618 6
0.91845 0.0142944 7
0.919219 0.0283572 6
0.966756 0.593144 2
0.916319 0.053714 5
0.969085 0.60682 2
0.900573 0.0101395 7
0.917792 0.0547769 5
0.943599 0.274971 3
0.92012 0.11262 4
0.93803 0.259904 3
0.944448 0.277579 3
0.920513 0.113054 4
0.921604 0.114293 4
0.960133 0.560714 2
0.952562 0.532825 2
0.946969 0.516906 2
0.953308 0.535221 2
0.956113 0.544869 2
0.875724 0.00149717 9
0.959229 0.556927 2
0.863666 0.000107905 12
0.893559 0.0197363 6
0.890413 0.00880497 7
0.872198 0.000635171 10
0.914683 0.107197 4
0.899879 0.0450193 5
0.884338 0.00819543 7
0.878451 0.00155701 9
0.958067 0.552252 2
0.9283 0.24019 3
0.918128 0.110511 4
0.946659 0.516116 2
0.958489 0.337048 3
0.883171 7.4185e-05 13
0.983499 1 1
0.869287 4.24747e-07 19
0.893992 0.000956082 10
0.90545 0.0053449 8
0.893626 0.000948111 10
0.915606 0.0265588 6
0.90947 0.0118133 7
0.889746 0.000406815 11
0.887203 0.000178146 12
0.956564 0.326672 3
0.930653 0.0673804 5
0.921521 0.0296601 6
0.944202 0.276813 3
0.957656 0.550653 2
0.901443 0.0102783 7
0.982659 1 1
0.885785 0.000803668 10
0.902991 0.010537 7
0.931687 0.128552 4
0.921172 0.0574649 5
0.923406 0.116451 4
0.929146 0.124409 4
0.90526 0.0226708 6
0.906898 0.0231863 6
0.951953 0.530923 2
0.938199 0.260312 3
0.931843 0.128821 4
0.942619 0.272073 3
0.891232 0.0088963 7
0.858751 8.21308e-06 15
0.926768 0.237675 3
0.842903 1.48972e-08 22
0.847821 2.19799e-07 19
0.900837 0.0454056 5
0.945593 0.513476 2
0.864355 4.80909e-05 13
0.88221 0.0036268 8
0.857231 7.93975e-06 15
0.865784 0.000112095 12
0.885864 0.0038114 8
0.876715 0.000682875 10
0.873263 0.000645829 10
0.877501 0.0015356 9
0.945909 0.282276 3
0.880936 0.000334509 11
0.990264 1 1
0.865914 4.30844e-06 16
0.885535 0.000799779 10
0.910239 0.0243438 6
0.909181 0.0239609 6
0.90643 0.023036 6
0.907969 0.0235414 6
0.885416 0.000797941 10
0.886034 0.000807587 10
0.942101 0.270587 3
0.921438 0.114101 4
0.91379 0.0520235 5
0.930685 0.126867 4
0.955238 0.541745 2
0.876171 6.21456e-05 13
0.968654 0.604187 2
0.863293 1.77462e-06 17
0.891007 0.00191405 9
0.894452 0.00434552 8
0.880128 0.00014997 12
0.912439 0.0511846 5
0.901344 0.0102623 7
0.883893 0.000355925 11
0.879491 0.000147821 12
0.955577 0.542942 2
0.926789 0.120925 4
0.916962 0.0541704 5
0.943409 0.274402 3
0.925928 0.23635 3
0.910884 0.10396 4
0.940685 0.502555 2
0.894093 0.0198472 6
0.895927 0.0202423 6
0.955319 0.542031 2
0.961347 0.56602 2
0.910586 0.103723 4
0.934843 0.252643 3
0.908539 0.102151 4
0.918395 0.110785 4
0.919452 0.227306 3
0.921038 0.229347 3
0.920255 0.228326 3
0.91491 0.107403 4
0.94365 0.155233 4
0.968774 0.604916 2
0.916913 0.0137947 7
0.952433 0.307074 3
0.959099 0.340515 3
0.965026 0.379445 3
0.904329 0.00124734 10
0.966668 0.392129 3
0.995093 1 1
0.972645 0.630455 2
0.972983 0.632883 2
0.939692 0.144857 4
0.965804 0.385343 3
0.974096 0.641142 2
0.946015 0.162357 4
0.919142 0.111566 4
0.917288 0.0544065 5
0.928699 0.123723 4
0.900638 0.0101497 7
0.897722 0.00971532 7
0.96373 0.577238 2
0.965587 0.586765 2
0.910066 0.0498078 5
0.938631 0.261374 3
0.913095 0.0515865 5
0.925154 0.118691 4
0.912717 0.0513537 5
0.918674 0.111075 4
0.919602 0.112057 4
0.909766 0.0496419 5
0.959345 0.341941 3
0.927081 0.0334292 6
0.955944 0.323504 3
0.910614 0.00300639 9
0.923308 0.0161394 7
0.95726 0.330321 3
0.927145 0.0334783 6
0.94157 0.149557 4
0.955468 0.321131 3
0.929725 0.0355962 6
0.933017 0.0705606 5
0.952644 0.307995 3
0.954209 0.315084 3
0.95134 0.18145 4
0.948947 0.172299 4
0.895281 0.0201007 6
0.894286 0.0198878 6
0.912678 0.105438 4
0.878618 0.00156082 9
0.872474 0.000637903 10
0.939483 0.500158 2
0.993988 1 1
0.884054 0.00371733 8
0.912687 0.105446 4
0.888695 0.00862107 7
0.902102 0.045934 5
0.889013 0.00865438 7
0.892612 0.0195439 6
0.893318 0.0196868 6
0.885027 0.00376723 8
0.975866 0.655104 2
0.928016 0.0341647 6
0.932258 0.0695027 5
0.918125 0.0141858 7
0.952845 0.308881 3
0.924055 0.0164637 7
0.878227 5.97218e-07 19
0.97481 0.646646 2
0.946872 0.165127 4
0.939603 0.0814686 5
0.928486 0.0345466 6
0.977848 0.672017 2
0.984976 0.746076 2
0.975062 0.648634 2
0.990537 1 1
0.968136 0.601087 2
0.937365 0.258313 3
0.926069 0.119923 4
0.927786 0.122359 4
0.962476 0.5712 2
0.92933 0.124696 4
0.879519 0.000325083 11
0.985091 1 1
0.954469 0.539084 2
0.949381 0.523359 2
0.937389 0.258371 3
0.968676 0.60432 2
0.991218 1 1
0.984276 1 1
0.980575 1 1
53 0 1 2 3 5 6 7 8 9 11 12 13 14 15 20 21 23 24 25 26 27 28 29 30 31 32 33 35 37 39 40 41 42 43 44 47 48 50 51 52 54 55 56 57 58 59 60 61 62 63 65 66 67 
69 0 1 2 3 4 5 6 7 8 9 10 11 12 13 14 15 16 17 18 19 20 21 22 23 24 25 26 27 28 29 30 31 32 33 34 35 37 38 39 40 41 42 43 44 45 46 47 48 49 50 51 52 53 54 55 56 57 58 59 60 61 62 63 64 65 66 67 68 69 
17 7 8 12 15 21 23 24 29 41 42 43 44 57 58 60 61 62 
68 0 1 2 4 5 6 7 8 9 10 11 12 13 14 15 16 17 18 19 20 21 23 24 25 26 27 28 29 30 31 32 33 34 35 36 37 38 39 40 41 42 43 44 45 46 47 48 49 50 51 52 53 54 55 56 57 58 59 60 61 62 63 64 65 66 67 68 69 
60 0 1 4 5 6 7 8 9 11 12 13 14 15 16 17 19 20 21 22 23 24 26 27 28 29 30 31 32 33 34 35 37 39 40 41 42 43 44 45 47 48 49 52 53 54 55 56 57 58 59 60 61 62 63 64 65 66 67 68 69 
54 0 1 3 5 6 7 8 9 11 12 13 14 15 17 19 20 21 23 24 26 27 28 29 30 31 32 33 34 35 37 39 40 41 42 43 44 47 49 52 54 55 56 57 58 59 60 61 62 63 65 66 67 68 69 
37 3 5 6 7 8 9 11 12 13 15 17 20 21 23 24 26 27 29 34 37 40 41 42 43 44 49 54 55 56 57 58 59 60 61 62 63 66 
66 0 1 2 3 4 5 6 7 8 9 11 12 13 14 15 16 17 18 19 20 21 23 24 25 26 27 28 29 30 31 32 33 34 35 37 38 39 40 41 42 43 44 45 47 48 49 50 51 52 53 54 55 56 57 58 59 60 61 62 63 64 65 66 67 68 69 
61 0 1 2 3 4 5 6 7 8 9 11 12 13 14 15 16 17 19 20 21 23 24 25 26 27 28 29 30 31 32 33 34 35 37 39 40 41 42 43 44 47 48 49 50 51 52 53 54 55 56 57 58 59 60 61 62 63 65 66 67 68 
64 0 1 2 3 4 5 6 7 8 9 11 12 13 14 15 16 17 19 20 21 22 23 24 26 27 28 29 30 31 32 33 34 35 37 38 39 40 41 42 43 44 45 47 48 49 50 52 53 54 55 56 57 58 59 60 61 62 63 64 65 66 67 68 69 
67 0 1 2 3 4 5 6 7 8 9 11 12 13 14 15 16 17 18 19 20 21 22 23 24 25 26 27 28 29 30 31 32 33 34 35 37 38 39 40 41 42 43 44 45 47 48 49 50 51 52 53 54 55 56 57 58 59 60 61 62 63 64 65 66 67 68 69 
58 0 1 2 3 4 5 6 7 8 9 11 12 13 14 15 16 17 18 21 23 24 25 26 27 28 29 30 31 32 33 34 35 37 39 40 41 42 43 44 47 48 50 51 52 53 54 55 56 57 58 59 60 61 62 63 65 66 67 
63 0 1 2 3 4 5 6 7 8 9 11 12 13 14 15 16 17 18 19 20 21 23 24 25 26 27 28 29 30 31 32 33 34 35 37 39 40 41 42 43 44 46 47 48 49 50 51 52 53 54 55 56 57 58 59 60 61 62 63 64 65 66 67 
65 0 1 2 3 4 5 6 7 8 9 11 12 13 14 15 16 17 18 19 20 21 23 24 25 26 27 28 29 30 31 32 33 34 35 37 38 39 40 41 42 43 44 45 46 47 48 49 50 51 52 53 54 55 56 57 58 59 60 61 62 63 64 65 66 67 
63 0 1 2 3 4 5 6 7 8 9 11 12 13 14 15 16 17 18 19 20 21 23 24 25 26 27 28 29 30 31 32 33 34 35 37 39 40 41 42 43 44 46 47 48 49 50 51 52 53 54 55 56 57 58 59 60 61 62 63 64 65 66 67 
