30 15 1e+07
1.57855 136553
1.68251 107851
2.36412 173725
2.5311 130791
1.97372 170402
2.66257 117842
2.34632 132013
1.15257 141284
2.09349 155164
1.13818 155977
2.59725 164336
1.88186 156168
1.8044 162337
1.72922 118823
1.62142 111995
1.485 188237
2.30982 156333
1.17673 140410
2.22908 118877
1.37043 170436
2.11114 146042
2.35038 110039
1.60332 172840
1.42593 149704
1.5465 179272
1.78633 156532
1.12104 154979
1.92325 149852
2.46163 143141
1.42603 110138
0.957096 0.329453 3
0.931066 0.0368049 6
0.942803 0.152859 4
0.990425 1 1
0.910746 0.00301768 9
0.966527 0.391003 3
0.888653 1.91461e-05 15
0.958693 0.338194 3
0.962384 0.360857 3
0.917734 0.0140572 7
0.91207 0.00622223 8
0.892029 4.56781e-05 14
0.896368 0.00023142 12
0.896556 0.000232791 12
0.907309 0.00274632 9
0.938177 0.260261 3
0.942415 0.506187 2
0.94859 0.521177 2
0.890525 0.00881741 7
0.982327 1 1
0.905042 0.0472459 5
0.985955 1 1
0.89184 0.00896557 7
0.931799 0.246477 3
0.952194 0.531669 2
0.936361 0.255992 3
0.980555 1 1
0.977922 1 1
0.935673 0.254448 3
0.96539 0.58572 2
0.921817 0.11454 4
0.922688 0.115573 4
0.919469 0.111914 4
0.94248 0.506327 2
0.880355 0.00160185 9
0.913748 0.106362 4
0.861289 8.70223e-06 15
0.907193 0.0482889 5
0.920818 0.113396 4
0.876746 0.00068322 10
0.913307 0.105978 4
0.861578 8.76075e-06 15
0.879437 0.000715155 10
0.89877 0.0209024 6
0.894292 0.00925977 7
0.95444 0.538985 2
0.919709 0.0562562 5
0.936272 0.137213 4
0.977526 0.669168 2
0.913873 0.0257892 6
0.988568 1 1
0.891817 0.000910486 10
0.982067 1 1
0.963477 0.575991 2
0.928482 0.123395 4
0.899549 0.00475315 8
0.896925 0.00215059 9
0.893031 0.00198863 9
0.885047 0.000364993 11
0.901028 0.00488784 8
0.951682 0.303866 3
0.917349 0.0544511 5
0.933645 0.132051 4
0.978218 0.675334 2
0.911143 0.0246839 6
0.986595 1 1
0.889165 0.000860274 10
0.983043 1 1
0.960632 0.562862 2
0.925962 0.119777 4
0.897304 0.00456344 8
0.894292 0.00203827 9
0.890384 0.000882658 10
0.882761 0.000159469 12
0.898442 0.00465748 8
0.942439 0.506238 2
0.959836 1 1
0.958258 0.553007 2
0.895375 0.0433404 5
0.968491 1 1
0.903884 0.0989155 4
0.964223 1 1
0.88986 0.0190143 6
0.933982 0.490365 2
0.938479 0.498233 2
0.957629 0.550548 2
0.958348 0.553364 2
0.99201 1 1
0.957293 0.54926 2
0.987629 1 1
0.941357 0.268503 3
0.958767 0.555042 2
0.957102 0.548534 2
0.89431 0.00433527 8
0.968207 0.601506 2
0.902928 0.0105261 7
0.964771 0.582486 2
0.888933 0.00184347 9
0.93294 0.130759 4
0.938037 0.259921 3
0.956947 0.547951 2
0.958669 0.554646 2
0.993211 1 1
0.957034 0.548277 2
0.986933 1 1
0.908064 0.0487334 5
0.945827 0.514048 2
0.925188 0.118736 4
0.877776 0.000314153 11
0.906061 0.0229189 6
0.870617 5.47778e-05 13
0.901173 0.0215108 6
0.857454 6.61714e-07 18
0.8991 0.00991472 7
0.881297 0.000739013 10
0.966912 0.594022 2
0.894847 0.0093298 7
0.932359 0.24756 3
0.975297 1 1
0.944365 0.277319 3
0.957793 0.333198 3
0.932735 0.0701641 5
0.944011 0.156275 4
0.988525 0.79224 2
0.911218 0.00305873 9
0.964824 0.37795 3
0.889165 1.9507e-05 15
0.956605 0.326884 3
0.962614 0.36239 3
0.917458 0.00717148 8
0.91385 0.00650864 8
0.892375 4.62425e-05 14
0.897444 0.000239434 12
0.898272 0.000245916 12
0.908615 0.00284407 9
0.933024 0.130911 4
0.965805 0.587929 2
0.946451 0.284091 3
0.910987 0.0246241 6
0.913065 0.0254494 6
0.89888 0.00469476 8
0.900071 0.00479974 8
0.886196 0.000374463 11
0.925034 0.0610272 5
0.894909 0.00206348 9
0.972248 0.627643 2
0.896582 0.00213527 9
0.927548 0.122011 4
0.960026 0.560258 2
0.943939 0.276006 3
0.946954 0.285813 3
0.985505 1 1
0.963738 0.577276 2
0.914016 0.0258506 6
0.933368 0.131538 4
0.908297 0.0115561 7
0.920283 0.0567222 5
0.894533 0.00204806 9
0.937785 0.140457 4
0.913166 0.0254913 6
0.987874 1 1
0.91677 0.0271077 6
0.947536 0.287848 3
0.970842 0.618042 2
0.964443 0.580806 2
0.92608 0.236587 3
0.889389 0.0189277 6
0.908002 0.101754 4
0.942644 0.506685 2
0.898798 0.044596 5
0.966238 1 1
0.87928 0.00349284 8
0.97888 1 1
0.93556 0.492993 2
0.922725 0.231637 3
0.869606 0.000610606 10
0.8864 0.00839007 7
0.872161 0.0014258 9
0.856641 4.15248e-05 13
0.876446 0.00337339 8
0.94813 0.169395 4
0.942919 0.15318 4
0.944001 0.156244 4
0.960722 0.350204 3
0.904475 0.00125262 10
0.936277 0.0755455 5
0.884187 7.61795e-06 16
0.927085 0.0334325 6
0.947116 0.165935 4
0.901851 0.000567281 11
0.92862 0.0346574 6
0.885113 7.88151e-06 16
0.900148 0.000538527 11
0.912742 0.00632752 8
0.914363 0.00659585 8
0.897311 0.00965784 7
0.934617 0.252161 3
0.914211 0.0522939 5
0.868207 2.31239e-05 14
0.896267 0.00951537 7
0.86044 1.64077e-06 17
0.892681 0.00422161 8
0.847488 7.40107e-09 23
0.888472 0.00182852 9
0.871269 5.55637e-05 13
0.95545 0.542492 2
0.886019 0.00175311 9
0.923547 0.116627 4
0.965015 0.58375 2
0.934334 0.251562 3
0.982895 1 1
0.961986 0.568924 2
0.974633 0.645268 2
0.957769 0.551089 2
0.93678 0.25695 3
0.953889 0.537133 2
0.91492 0.0527586 5
0.939884 0.264556 3
0.979321 1 1
0.934598 0.25212 3
0.941254 0.26822 3
0.91677 0.0540329 5
0.926502 0.120523 4
0.92576 0.119502 4
0.93835 0.260684 3
0.919247 0.111677 4
0.921146 0.113767 4
0.917321 0.109699 4
0.939483 0.263521 3
0.878224 0.000316896 11
0.910806 0.0502248 5
0.859363 1.59413e-06 17
0.904294 0.0223811 6
0.91809 0.110473 4
0.874235 0.000132005 12
0.91241 0.0511671 5
0.85952 1.60082e-06 17
0.877894 0.000314874 11
0.898086 0.00976704 7
0.892835 0.00423209 8
0.981743 1 1
0.953736 0.536626 2
0.968119 1 1
0.964888 1 1
0.933798 0.250447 3
0.961983 0.568908 2
0.911449 0.104416 4
0.948077 0.519798 2
0.982858 1 1
0.935547 0.25417 3
0.933059 0.248946 3
0.914113 0.106685 4
0.920527 0.228679 3
0.917781 0.11016 4
0.931427 0.245771 3
0.893674 0.00429012 8
0.930809 0.244618 3
0.91092 0.0502895 5
0.862864 3.97681e-06 16
0.895965 0.00947515 7
0.856367 6.42018e-07 18
0.894044 0.00922895 7
0.843316 5.00556e-10 26
0.884745 0.00171649 9
0.870101 5.4169e-05 13
0.951936 0.53087 2
0.886946 0.00178082 9
0.924694 0.118087 4
0.963971 0.578433 2
0.933982 0.250827 3
0.986915 1 1
0.960574 0.562611 2
0.975604 0.652971 2
0.957486 0.549998 2
0.939628 0.263895 3
0.956705 0.547049 2
0.91742 0.0545031 5
0.942322 0.271218 3
0.983704 1 1
0.938599 0.261295 3
0.939498 0.263561 3
0.91964 0.056201 5
0.927558 0.122026 4
0.924356 0.0603599 5
0.938653 0.26143 3
0.913283 0.105957 4
0.950825 0.527513 2
0.931237 0.245413 3
0.878787 0.00156473 9
0.916488 0.108884 4
0.874575 0.000659432 10
0.913011 0.105723 4
0.861054 4.50906e-05 13
0.904058 0.0467927 5
0.890313 0.00879405 7
0.972307 1 1
0.906268 0.0478311 5
0.944607 0.511124 2
0.986385 1 1
0.955442 0.542466 2
0.943398 0.154518 4
0.95567 0.322131 3
0.957541 0.33183 3
0.895632 0.000993468 10
0.97508 0.648775 2
0.906156 0.00542629 8
0.970806 0.617808 2
0.892286 0.000433276 11
0.935508 0.135652 4
0.944389 0.277393 3
0.95124 0.302023 3
0.965366 0.585593 2
0.989404 1 1
0.950248 0.298013 3
0.980784 0.699832 2
0.976975 1 1
0.93914 0.499492 2
0.957867 0.551472 2
0.964674 0.581989 2
0.935329 0.253694 3
0.97932 1 1
0.912587 0.105361 4
0.963977 0.578462 2
0.986719 1 1
0.946015 0.51451 2
0.918255 0.110642 4
0.917189 0.109569 4
0.914702 0.107214 4
0.904185 0.0468506 5
0.922432 0.23123 3
0.914974 0.0527946 5
0.952335 0.532112 2
0.931211 0.245364 3
0.887653 0.00180257 9
0.906937 0.0231992 6
0.878478 0.000318471 11
0.899234 0.00993469 7
0.865497 9.6186e-06 15
0.906247 0.0229777 6
0.884081 0.000777844 10
0.971303 0.621132 2
0.893779 0.00429747 8
0.929839 0.125498 4
0.972164 0.627048 2
0.943935 0.275994 3
0.953454 0.535696 2
0.923702 0.233021 3
0.943784 0.509223 2
0.920556 0.228717 3
0.95862 0.554449 2
0.947562 0.518439 2
0.940689 0.502563 2
0.937552 0.496512 2
0.956504 0.546301 2
0.988103 1 1
0.906105 0.047752 5
0.948904 0.522034 2
0.926068 0.236569 3
0.89712 0.0205121 6
0.924522 0.234219 3
0.948122 0.519917 2
0.917189 0.109568 4
0.937351 0.25828 3
0.919124 0.111547 4
0.951914 0.530803 2
0.947769 0.51898 2
0.935175 0.253359 3
0.939246 0.262917 3
0.952187 0.531649 2
0.982516 1 1
0.899482 0.0210774 6
0.943733 0.509108 2
0.919353 0.111791 4
0.890427 0.00407506 8
0.917603 0.10998 4
0.946294 0.283563 3
0.946871 0.285526 3
0.955587 0.321719 3
0.898354 0.00221701 9
0.990392 1 1
0.913251 0.0255266 6
0.980119 0.693229 2
0.899897 0.00478406 8
0.940114 0.265159 3
0.95898 0.555907 2
0.938051 0.141049 4
0.978838 0.681014 2
0.974192 0.641872 2
0.935141 0.13492 4
0.965798 0.587893 2
0.946141 0.283049 3
0.935514 0.254099 3
0.939129 0.26262 3
0.968623 0.604 2
0.90097 0.0102023 7
0.941108 0.26782 3
0.880143 0.000329172 11
0.933308 0.249447 3
0.946891 0.285596 3
0.901091 0.0102215 7
0.920241 0.0566874 5
0.881712 0.000339893 11
0.894166 0.00432499 8
0.904419 0.01079 7
0.907722 0.023458 6
0.920424 0.0568379 5
0.957442 0.549829 2
0.938741 0.261649 3
0.883577 0.000353516 11
0.925564 0.119237 4
0.88106 0.000335361 11
0.921832 0.0580341 5
0.867327 4.4766e-06 16
0.911077 0.0246585 6
0.898953 0.00470106 8
0.97798 1 1
0.915159 0.0529182 5
0.953747 0.536662 2
0.994965 1 1
0.964898 0.583143 2
0.95313 0.310147 3
0.930499 0.0671851 5
0.940378 0.14653 4
0.988364 1 1
0.906618 0.00548107 8
0.959974 0.345653 3
0.884755 3.59332e-05 14
0.952942 0.309309 3
0.957398 0.33106 3
0.912215 0.0124687 7
0.91228 0.0124852 7
0.887747 8.43813e-05 13
0.893928 0.000452097 11
0.896614 0.00101721 10
0.905544 0.00535551 8
0.932435 0.0697467 5
0.911207 0.00609197 8
0.919785 0.0286651 6
0.980023 0.692287 2
0.887108 8.28217e-05 13
0.948413 0.291013 3
0.865621 3.30785e-08 22
0.947478 0.287645 3
0.937384 0.139578 4
0.894645 0.000460779 11
0.894359 0.000457281 11
0.868844 8.41635e-08 21
0.87436 1.12762e-06 18
0.878917 6.34385e-06 16
0.885987 3.73364e-05 14
18 0 2 3 4 8 9 10 11 12 14 15 16 18 21 22 26 28 29 
19 0 2 3 4 8 9 10 11 12 13 14 15 16 18 21 22 26 28 29 
17 0 2 3 4 8 9 10 11 12 14 15 16 18 21 26 28 29 
3 2 15 29 
21 0 2 3 4 7 8 9 10 11 12 14 15 16 18 21 22 23 24 26 28 29 
11 0 2 3 4 8 11 12 15 26 28 29 
30 0 1 2 3 4 5 6 7 8 9 10 11 12 13 14 15 16 17 18 19 20 21 22 23 24 25 26 27 28 29 
10 0 2 3 4 8 12 15 26 28 29 
22 0 2 3 4 7 8 9 10 12 13 14 15 16 17 18 19 21 22 26 27 28 29 
22 0 2 3 4 7 8 9 10 11 12 13 14 15 16 18 21 22 23 24 26 28 29 
21 0 2 3 4 7 8 9 10 11 12 13 14 15 16 17 18 21 22 26 28 29 
30 0 1 2 3 4 5 6 7 8 9 10 11 12 13 14 15 16 17 18 19 20 21 22 23 24 25 26 27 28 29 
28 0 2 3 4 5 6 7 8 9 10 11 12 13 14 15 16 17 18 19 20 21 22 23 24 26 27 28 29 
22 0 2 3 4 7 8 9 10 11 12 13 14 15 16 18 21 22 23 24 26 28 29 
23 0 2 3 4 7 8 9 10 11 12 13 14 15 16 17 18 19 21 22 26 27 28 29 
