60 15 1e+07
2.08744 114837
2.66795 184606
1.56819 162905
1.49314 123439
1.54705 196981
2.0952 116377
2.05162 107376
2.50226 113132
1.04433 151425
2.57937 111106
1.91342 101277
2.51139 154029
2.4658 189289
2.64489 124714
1.4835 100464
1.19524 198718
1.78177 193797
1.41823 146930
1.58402 152055
2.28791 174848
2.17418 133021
2.47813 180802
2.52875 102680
1.43435 197789
2.09003 173643
1.69151 148976
1.55822 158558
1.00518 133594
1.17128 183113
1.11015 133779
2.10562 117533
1.90107 129284
1.17316 128931
1.45407 169739
1.25737 100402
2.54103 122694
1.04006 164303
2.60227 193402
1.65631 171560
1.63192 190432
1.03827 164546
2.58248 167076
1.4568 125565
1.45872 171545
1.77566 172406
2.29132 122196
1.27526 120487
2.22447 106276
1.61872 158529
1.77393 145295
2.26971 115446
1.94695 164179
2.38772 118627
2.7184 139462
1.49716 192149
1.50953 123052
2.4914 124617
1.38571 177495
2.27542 136014
1.68552 102988
0.842524 1.47233e-08 22
0.93086 0.244712 3
0.98844 1 1
0.887206 0.00846943 7
0.898004 0.0207185 6
0.872263 0.000635814 10
0.867106 0.000114853 12
0.933312 0.249454 3
0.859834 1.92463e-05 14
0.90001 0.0212102 6
0.912802 0.105544 4
0.998115 1 1
0.941426 0.504083 2
0.902572 0.0461355 5
0.919111 0.111533 4
0.905813 0.00264179 9
0.953676 0.312618 3
0.900642 0.00112671 10
0.892062 0.000203421 12
0.912305 0.00625868 8
0.976572 0.660966 2
0.968734 0.604675 2
0.922671 0.030363 6
0.942454 0.151908 4
0.911077 0.00607283 8
0.970989 0.619022 2
0.891537 0.000200398 12
0.947349 0.166716 4
0.961144 0.352836 3
0.970932 0.618644 2
0.866825 1.55482e-08 23
0.906383 0.00268078 9
0.908509 0.00283584 9
0.938417 0.141876 4
0.931883 0.0689928 5
0.848481 9.18271e-12 0
0.852093 1.1034e-11 0
0.939234 0.143767 4
0.864106 2.74206e-09 25
0.934835 0.0732477 5
0.892502 0.000206016 12
0.916652 0.0137131 7
0.905415 0.00261527 9
0.896627 0.000486392 11
0.88887 4.09869e-05 14
0.964659 0.376736 3
0.93068 0.0674144 5
0.875659 5.38687e-07 19
0.94485 0.158753 4
0.958678 0.338109 3
0.920399 0.0149831 7
0.933515 0.071275 5
0.933484 0.0712298 5
0.962881 0.36419 3
0.955666 0.322113 3
0.939513 0.144428 4
0.872678 2.17558e-07 20
0.918233 0.0142216 7
0.957867 0.333599 3
0.927069 0.0334202 6
0.955895 0.544082 2
0.913865 0.0520715 5
0.867023 4.43961e-06 16
0.964053 0.578843 2
0.964831 0.582797 2
0.89284 0.00198134 9
0.90531 0.0226859 6
0.928776 0.123841 4
0.935301 0.253633 3
0.962228 0.570041 2
0.917469 0.0545386 5
0.866527 4.38022e-06 16
0.902599 0.01047 7
0.934759 0.252463 3
0.905794 0.0228353 6
0.987705 0.780946 2
0.910367 0.00298542 9
0.85484 1.27557e-11 0
0.926761 0.0331853 6
0.936457 0.0758431 5
0.915944 0.00687877 8
0.931628 0.0686513 5
0.910249 0.00297555 9
0.967845 0.599375 2
0.93346 0.0711956 5
0.921977 0.0155897 7
0.851436 1.06649e-11 0
0.898091 0.000506963 11
0.939165 0.0806352 5
0.90996 0.00295147 9
0.983366 1 1
0.91445 0.0524493 5
0.859194 3.04712e-07 19
0.93206 0.129197 4
0.942103 0.270592 3
0.916109 0.0535675 5
0.93132 0.127928 4
0.915447 0.0531125 5
0.966717 0.592927 2
0.939088 0.262518 3
0.925341 0.118939 4
0.855985 5.26084e-08 21
0.902125 0.0103904 7
0.942919 0.272948 3
0.913175 0.0516365 5
0.894491 0.000104315 13
0.935222 0.0738495 5
0.917899 0.014111 7
0.960756 0.350418 3
0.962924 0.364484 3
0.878478 6.03407e-07 19
0.882866 3.36957e-06 17
0.970134 0.613422 2
0.895106 0.000106507 13
0.965995 0.386816 3
0.923071 0.0160388 7
0.921821 0.0155278 7
0.931279 0.037004 6
0.928899 0.03489 6
0.917697 0.0140451 7
0.887354 8.34163e-05 13
0.986335 1 1
0.949138 0.293712 3
0.912355 0.0125043 7
0.930729 0.0674777 5
0.922986 0.030562 6
0.91921 0.0283525 6
0.961788 0.568017 2
0.9106 0.0120736 7
0.931388 0.0683339 5
0.968004 0.600309 2
0.941633 0.149723 4
0.997031 1 1
0.955213 0.319881 3
0.973413 0.636032 2
0.899505 0.00227356 9
0.979898 0.691071 2
0.939109 0.143474 4
0.933439 0.131669 4
0.951486 0.303045 3
0.915233 0.0263884 6
0.915763 0.0266314 6
0.983499 1 1
0.916244 0.0268566 6
0.952462 0.307201 3
0.963732 0.577248 2
0.935723 0.136087 4
0.974892 0.647294 2
0.960933 0.564184 2
0.961038 0.564644 2
0.959593 0.558435 2
0.930694 0.126882 4
0.87179 2.2865e-06 17
0.919894 0.0287254 6
0.936133 0.136926 4
0.94285 0.272745 3
0.958117 0.552449 2
0.92107 0.0573783 5
0.988854 1 1
0.933456 0.1317 4
0.945722 0.281658 3
0.866638 3.87426e-07 19
0.918472 0.027962 6
0.960958 0.564292 2
0.934087 0.132879 4
0.937715 0.49681 2
0.952194 0.531669 2
0.89164 0.0193521 6
0.91944 0.22729 3
0.939137 0.499488 2
0.955131 0.541371 2
0.964881 1 1
0.935453 0.492809 2
0.969321 1 1
0.937125 0.495738 2
0.968933 1 1
0.885497 0.00830341 7
0.940149 0.501473 2
0.981555 1 1
0.95724 0.549058 2
0.883907 7.56813e-05 13
0.937547 0.139934 4
0.930003 0.12576 4
0.94674 0.285078 3
0.951051 0.301248 3
0.876775 1.29985e-05 15
0.879416 3.07349e-05 14
0.970932 0.618644 2
0.887979 0.000181803 12
0.953964 0.31394 3
0.922748 0.0588496 5
0.934848 0.134344 4
0.936223 0.137112 4
0.925311 0.0613055 5
0.919416 0.0284636 6
0.994051 1 1
0.90472 0.0225074 6
0.849826 8.02422e-09 23
0.924912 0.118371 4
0.933059 0.248945 3
0.910785 0.0502127 5
0.926596 0.120654 4
0.905579 0.0227687 6
0.962832 0.572883 2
0.930077 0.125878 4
0.916074 0.0535428 5
0.846637 1.32517e-09 25
0.89252 0.00421078 8
0.933212 0.249252 3
0.904122 0.0223304 6
0.942676 0.506754 2
0.936114 0.255432 3
0.888822 0.00863435 7
0.969853 1 1
0.985288 1 1
0.904851 0.0471567 5
0.91488 0.107375 4
0.951799 0.530448 2
0.937938 0.497222 2
0.982134 1 1
0.937326 0.496101 2
0.887914 0.0085407 7
0.924973 0.234891 3
0.95352 0.535911 2
0.926063 0.236561 3
0.927813 0.239376 3
0.961554 0.566953 2
0.900586 0.0213574 6
0.917383 0.109761 4
0.937882 0.259546 3
0.957193 0.548878 2
0.962737 0.572432 2
0.940431 0.265996 3
0.959038 0.556143 2
0.936281 0.255808 3
0.979459 1 1
0.893912 0.00921255 7
0.949854 0.524695 2
0.986939 1 1
0.967859 1 1
0.897024 0.00102744 10
0.964734 0.582298 2
0.937345 0.139493 4
0.942593 0.152286 4
0.957493 0.331568 3
0.902112 0.00241293 9
0.903873 0.00517176 8
0.995623 1 1
0.908464 0.00571135 8
0.959314 0.34176 3
0.949663 0.295721 3
0.93697 0.138685 4
0.961347 0.56602 2
0.950325 0.298317 3
0.946185 0.283194 3
0.960768 0.350489 3
0.925607 0.0616067 5
0.866876 3.48207e-08 22
0.914903 0.0131924 7
0.930554 0.0672539 5
0.943264 0.154143 4
0.959412 0.342335 3
0.915221 0.0132839 7
0.994798 1 1
0.927851 0.0640191 5
0.941195 0.148587 4
0.861552 2.43969e-09 25
0.913582 0.0128259 7
0.95555 0.321536 3
0.929964 0.0665143 5
0.957793 0.551185 2
0.874785 1.22759e-05 15
0.827434 3.54066e-12 0
0.925125 0.0611183 5
0.920706 0.0570722 5
0.869487 2.12777e-06 17
0.884313 0.000165582 12
0.886211 0.000173647 12
0.918787 0.0555308 5
0.918355 0.0279013 6
0.881584 7.11243e-05 13
0.826784 3.44574e-12 0
0.863439 1.5425e-07 20
0.898818 0.00223945 9
0.869924 2.15656e-06 17
0.866367 1.93789e-06 17
0.952738 0.533386 2
0.97116 0.620164 2
0.911338 0.0247587 6
0.923556 0.0595959 5
0.88878 0.000853445 10
0.885902 0.000372001 11
0.96008 0.560489 2
0.882265 0.000157598 12
0.925519 0.119177 4
0.933678 0.132112 4
0.971521 0.622609 2
0.960525 0.5624 2
0.92592 0.11972 4
0.937319 0.258205 3
0.856571 1.48182e-06 17
0.949402 0.523417 2
0.986225 1 1
0.894864 0.00933202 7
0.908521 0.048972 5
0.890792 0.00884696 7
0.885319 0.00378252 8
0.944705 0.511354 2
0.876465 0.000680045 10
0.910153 0.0498562 5
0.931487 0.245884 3
0.977567 1 1
0.960909 0.564075 2
0.919848 0.112324 4
0.938489 0.261024 3
0.882088 0.000749648 10
0.915336 0.0530373 5
0.9068 0.0231546 6
0.954814 0.540269 2
0.947879 0.519272 2
0.859561 1.60255e-06 17
0.864281 9.339e-06 15
0.949481 0.523638 2
0.878263 0.000317134 11
0.95084 0.527557 2
0.903059 0.022025 6
0.913075 0.0515743 5
0.912394 0.0511575 5
0.909136 0.0492993 5
0.898005 0.00975543 7
0.920989 0.113588 4
0.976462 1 1
0.916042 0.108458 4
0.932499 0.247835 3
0.953727 0.536594 2
0.936797 0.256989 3
0.940456 0.266061 3
0.962759 0.572533 2
0.942616 0.506623 2
0.952899 0.533897 2
0.981022 1 1
0.910892 0.0502738 5
0.963316 0.575209 2
0.988855 1 1
0.969659 1 1
0.888562 0.0018314 9
0.906947 0.0232023 6
0.892192 0.001957 9
0.963735 0.577261 2
0.950189 0.525655 2
0.855809 5.22988e-08 21
0.862142 7.57454e-07 18
0.940418 0.26596 3
0.879809 0.000148887 12
0.952752 0.53343 2
0.897005 0.00453945 8
0.897859 0.00460878 8
0.90232 0.0104229 7
0.905618 0.0227808 6
0.890496 0.00189613 9
0.871176 2.24247e-06 17
0.934467 0.133606 4
0.940951 0.267392 3
0.931847 0.128828 4
0.93669 0.13809 4
0.871492 2.26495e-06 17
0.872445 5.17936e-06 16
0.962804 0.57275 2
0.877733 2.93469e-05 14
0.939477 0.144342 4
0.91768 0.0275565 6
0.947581 0.288008 3
0.936186 0.137036 4
0.917179 0.0273076 6
0.916546 0.0269999 6
0.878582 6.27395e-06 16
0.949027 0.293295 3
0.947811 0.288828 3
0.932546 0.0698996 5
0.941968 0.150605 4
0.884791 7.75455e-05 13
0.88519 7.84127e-05 13
0.974709 0.64586 2
0.888479 0.000184233 12
0.944421 0.157474 4
0.93166 0.0686934 5
0.951351 0.302485 3
0.950766 0.300085 3
0.929892 0.0664257 5
0.930884 0.0676768 5
0.923686 0.116801 4
0.937573 0.258806 3
0.88071 0.000151981 12
0.893668 0.0020134 9
0.912797 0.025339 6
0.980784 1 1
0.991595 1 1
0.913059 0.0254469 6
0.963375 0.575497 2
0.910885 0.0245855 6
0.95671 0.547066 2
0.872736 2.57805e-05 14
0.928382 0.123244 4
0.958124 0.552479 2
0.950661 0.299661 3
0.929543 0.125029 4
0.96332 0.575226 2
0.902057 0.0049866 8
0.922304 0.0584508 5
0.942947 0.273031 3
0.952041 0.30539 3
0.958061 0.55223 2
0.944692 0.278344 3
0.958233 0.552908 2
0.94135 0.268485 3
0.979414 0.68642 2
0.895854 0.0021034 9
0.951024 0.301136 3
0.991863 1 1
0.966873 0.593799 2
0.905363 0.00533499 8
0.935717 0.136075 4
0.909905 0.0119119 7
0.971915 0.625315 2
0.974493 0.644184 2
0.883248 3.43286e-05 14
0.888996 0.000186803 12
0.969009 0.60635 2
0.903919 0.00251971 9
0.977622 0.670017 2
0.926167 0.0621877 5
0.912675 0.0125863 7
0.929677 0.0661624 5
0.934597 0.133857 4
0.919181 0.0283366 6
0.936679 0.49494 2
0.929257 0.241833 3
0.871117 0.000624703 10
0.89739 0.0440648 5
0.915283 0.107746 4
0.967496 1 1
0.984718 1 1
0.909436 0.102827 4
0.977262 1 1
0.913017 0.105728 4
0.947827 0.519133 2
0.863993 0.000108535 12
0.918838 0.226542 3
0.954725 0.539962 2
0.939547 0.500284 2
0.875523 6.1201e-05 13
0.973232 0.634699 2
0.955889 0.544059 2
0.898738 0.00986145 7
0.916608 0.0539176 5
0.920535 0.05693 5
0.914023 0.0521725 5
0.94838 0.290891 3
0.900893 0.01019 7
0.917309 0.0544221 5
0.959051 0.556193 2
0.945858 0.282108 3
0.986141 1 1
0.943505 0.27469 3
0.968681 0.60435 2
0.931745 0.0688078 5
0.915294 0.0133054 7
0.877169 1.25001e-06 18
0.98811 1 1
0.974941 0.64768 2
0.880723 3.10745e-06 17
0.890931 9.29409e-05 13
0.939115 0.143488 4
0.916229 0.0135834 7
0.974193 0.641883 2
0.913573 0.00646244 8
0.878596 1.31968e-06 18
0.905747 0.00263738 9
0.928431 0.0345017 6
0.903271 0.00121045 10
0.942332 0.271246 3
0.954195 0.538156 2
0.89485 0.00437457 8
0.934728 0.252396 3
0.95466 0.539739 2
0.939708 0.264101 3
0.949276 0.523066 2
0.946293 0.283557 3
0.963024 0.573801 2
0.952528 0.532717 2
0.965533 0.586474 2
0.890153 0.00188432 9
0.941344 0.268467 3
0.984245 1 1
0.952738 0.533385 2
0.924386 0.234018 3
0.95084 0.527557 2
0.892172 0.0194565 6
0.903964 0.0467503 5
0.923871 0.233266 3
0.97192 1 1
0.977316 1 1
0.926303 0.236937 3
0.961327 0.56593 2
0.922149 0.230841 3
0.97021 1 1
0.884531 0.0082131 7
0.94089 0.502973 2
0.971559 1 1
0.962539 1 1
0.926614 0.120678 4
0.896798 0.00958719 7
0.86117 1.67358e-06 17
0.973 0.633012 2
0.955273 0.541868 2
0.865238 9.55807e-06 15
0.876262 0.000137731 12
0.921068 0.113678 4
0.903947 0.0222794 6
0.954725 0.539962 2
0.895455 0.00940812 7
0.863374 4.02944e-06 16
0.887522 0.00179852 9
0.910535 0.0500706 5
0.885168 0.00172845 9
0.921687 0.114389 4
0.890984 0.00191322 9
0.856986 2.85032e-07 19
0.96794 0.599931 2
0.949126 0.522648 2
0.859136 6.93929e-07 18
0.870143 2.42022e-05 14
0.915933 0.0534456 5
0.89793 0.00974488 7
0.948774 0.52168 2
0.889294 0.00185535 9
0.859584 7.02899e-07 18
0.881973 0.000341738 11
0.904159 0.0223414 6
0.879168 0.000322826 11
0.872588 5.72137e-05 13
0.948094 0.519843 2
0.955334 0.542081 2
0.924869 0.118315 4
0.934597 0.252119 3
0.883401 0.000767994 10
0.882768 0.000759045 10
0.968708 0.604516 2
0.884027 0.000777052 10
0.936959 0.257365 3
0.929887 0.125574 4
0.959247 0.557001 2
0.951862 0.530641 2
0.926248 0.12017 4
0.930528 0.244102 3
0.942711 0.272339 3
0.948924 0.292909 3
0.895473 0.00442083 8
0.954109 0.537868 2
0.974062 0.640888 2
0.920716 0.113281 4
0.930139 0.125978 4
0.95524 0.541751 2
0.94927 0.523048 2
0.971618 0.623272 2
0.953086 0.534499 2
0.89285 0.0042331 8
0.936723 0.256817 3
0.970326 0.614662 2
0.941126 0.26787 3
0.907297 0.101244 4
0.898646 0.0445376 5
0.87186 0.00142008 9
0.976103 1 1
0.954464 0.539069 2
0.857663 4.23098e-05 13
0.866739 0.000585444 10
0.928102 0.239858 3
0.890381 0.0191114 6
0.955524 0.542754 2
0.893366 0.0196967 6
0.875729 0.00334461 8
0.891216 0.0192701 6
0.905962 0.100306 4
0.884537 0.00821371 7
0.890728 0.0191768 6
0.959073 0.556283 2
0.941027 0.503256 2
0.940398 0.501974 2
0.953016 0.534273 2
0.89558 0.0434123 5
0.896911 0.0438889 5
0.988713 1 1
0.90126 0.0455799 5
0.955173 0.541517 2
0.942967 0.507393 2
0.941975 0.505242 2
0.95773 0.550939 2
0.94281 0.507048 2
0.94049 0.502159 2
0.913729 0.025728 6
0.982946 1 1
0.924045 0.0600593 5
0.932637 0.130215 4
0.953413 0.535563 2
0.931226 0.127769 4
0.933374 0.131549 4
0.969679 0.610521 2
0.934106 0.132917 4
0.953156 0.534725 2
0.979044 1 1
0.919106 0.0557789 5
0.970218 0.613963 2
0.980119 1 1
0.970739 0.617362 2
0.925113 0.0319834 6
0.937377 0.139563 4
0.898657 0.00107017 10
0.980233 0.694345 2
0.995393 1 1
0.89451 0.000459123 11
0.902466 0.00243318 9
0.962614 0.36239 3
0.92154 0.0296714 6
0.998002 1 1
0.933136 0.0707296 5
0.899365 0.00108975 10
0.928214 0.0644312 5
0.945869 0.161895 4
0.923652 0.0309919 6
0.904228 0.00124374 10
0.972304 0.628038 2
0.932895 0.0703887 5
0.942232 0.15131 4
0.960065 0.346204 3
0.91139 0.00611913 8
0.91352 0.00645361 8
0.990763 1 1
0.917748 0.0140618 7
0.961212 0.353268 3
0.959095 0.340491 3
0.930852 0.0676349 5
0.965849 0.38569 3
0.960515 0.348933 3
0.954275 0.315389 3
0.90177 0.0103316 7
0.980807 1 1
0.924298 0.117575 4
0.907499 0.0113881 7
0.927965 0.122623 4
0.949326 0.294426 3
0.945311 0.28032 3
0.946678 0.284865 3
0.931488 0.128213 4
0.927481 0.121914 4
0.989985 1 1
0.915886 0.0534128 5
0.974137 0.641458 2
0.971004 0.619123 2
0.996677 1 1
0.935903 0.0749347 5
0.930282 0.066911 5
0.872139 2.12942e-07 20
0.897553 0.00049923 11
0.915576 0.0133878 7
0.968407 0.6027 2
0.985472 0.752119 2
0.910167 0.00594196 8
0.97646 0.660026 2
0.913335 0.0127597 7
0.94891 0.292854 3
0.864971 6.40011e-09 24
0.919905 0.0287313 6
0.955544 0.321511 3
0.9407 0.147332 4
0.991252 1 1
0.907282 0.0113435 7
0.852206 7.13661e-10 26
0.926403 0.0624356 5
0.935114 0.134867 4
0.912648 0.0252779 6
0.928365 0.123219 4
0.907973 0.0114873 7
0.964573 0.581473 2
0.932122 0.129305 4
0.918626 0.0554068 5
0.848972 5.03409e-11 29
0.895048 0.00206928 9
0.935839 0.136324 4
0.906629 0.0112114 7
0.879608 0.00071729 10
0.92831 0.240207 3
0.92418 0.117424 4
0.946403 0.515473 2
0.9469 0.516729 2
0.868488 2.32757e-05 14
0.871504 5.58515e-05 13
0.961692 0.567579 2
0.881351 0.00073974 10
0.949915 0.524869 2
0.913856 0.0520661 5
0.930263 0.243621 3
0.927076 0.121332 4
0.917072 0.109454 4
0.910367 0.0499759 5
0.925341 0.0613361 5
0.935933 0.136516 4
0.878896 6.64069e-05 13
0.893733 0.00201595 9
0.91269 0.0252953 6
0.979391 0.686205 2
0.992684 1 1
0.912045 0.0250355 6
0.965235 0.584902 2
0.910722 0.0245237 6
0.955038 0.541046 2
0.871025 4.96823e-06 16
0.926572 0.12062 4
0.957284 0.549225 2
0.948672 0.291966 3
0.963731 0.57724 2
0.928571 0.24065 3
0.87008 0.000273114 11
0.922384 0.231164 3
0.937917 0.497183 2
0.938523 0.498316 2
0.953804 0.53685 2
0.920826 0.113405 4
0.986719 1 1
0.935155 0.253315 3
0.942865 0.507169 2
0.865256 0.000111025 12
0.916251 0.108657 4
0.958824 0.555273 2
0.931035 0.245037 3
0.882109 0.000157018 12
0.938928 0.262115 3
0.933332 0.131472 4
0.94365 0.275126 3
0.948782 0.292377 3
0.877363 6.39504e-05 13
0.879574 0.000148098 12
0.971398 0.62177 2
0.887178 0.00082609 10
0.951634 0.303665 3
0.923575 0.0596133 5
0.938221 0.260366 3
0.938217 0.260358 3
0.925332 0.118927 4
0.920737 0.0570983 5
0.866565 7.69392e-08 21
0.962096 0.569431 2
0.973034 0.633255 2
0.899897 0.00110486 10
0.915417 0.0133411 7
0.903305 0.00248244 9
0.89784 0.0010484 10
0.950993 0.301011 3
0.888146 8.53821e-05 13
0.916729 0.0137371 7
0.944419 0.157469 4
0.964053 0.578843 2
0.974278 0.642533 2
0.931834 0.0689267 5
0.951768 0.30423 3
0.910464 0.00598405 8
0.964222 0.579691 2
0.907441 0.00558133 8
0.902496 0.00243489 9
0.92304 0.0305965 6
0.966193 0.590036 2
0.963019 0.573777 2
0.933951 0.0719138 5
0.944604 0.158019 4
0.921911 0.0298944 6
0.98276 0.7206 2
0.899013 0.00107993 10
0.956188 0.324743 3
0.97212 0.62674 2
0.979531 0.687536 2
0.876916 0.00152272 9
0.944621 0.511155 2
0.945486 0.513217 2
0.933286 0.249402 3
0.941276 0.503771 2
0.880841 0.00161374 9
0.881504 0.00163027 9
0.971781 1 1
0.885615 0.00379816 8
0.943862 0.509402 2
0.927521 0.238895 3
0.950034 0.52521 2
0.946205 0.51498 2
0.926339 0.236993 3
0.926513 0.237269 3
0.941851 0.269879 3
0.930308 0.243701 3
0.871581 0.000125122 12
0.902237 0.0217967 6
0.919903 0.112384 4
0.962392 0.570804 2
0.979106 1 1
0.912345 0.0511277 5
0.982614 1 1
0.917556 0.109934 4
0.94844 0.520771 2
0.86485 2.14307e-05 14
0.919379 0.111818 4
0.957315 0.549345 2
0.939217 0.262844 3
0.875645 1.18131e-06 18
0.973596 0.637386 2
0.959382 0.342159 3
0.902106 0.00117201 10
0.919503 0.0285108 6
0.916593 0.0136949 7
0.910885 0.00604482 8
0.952561 0.307631 3
0.899576 0.00109569 10
0.920373 0.0289938 6
0.957317 0.330628 3
0.950075 0.29733 3
0.986873 1 1
0.943044 0.153527 4
0.965616 0.586921 2
0.903499 0.0024941 9
0.957033 0.329121 3
0.904675 0.00256714 9
0.892763 0.000207576 12
0.913089 0.0126945 7
0.972465 0.629171 2
0.964381 0.580496 2
0.925153 0.0320118 6
0.939376 0.144102 4
0.91199 0.012412 7
0.973486 0.636573 2
0.895448 0.000470868 11
0.951258 0.302097 3
0.961667 0.35617 3
0.974852 0.646975 2
0.988406 1 1
0.894708 0.0199772 6
0.842085 8.029e-08 20
0.926405 0.237097 3
0.930375 0.243822 3
0.896886 0.0438799 5
0.912425 0.105225 4
0.899482 0.0448623 5
0.94811 0.519886 2
0.9275 0.23886 3
0.90448 0.0469854 5
0.839754 1.35265e-08 22
0.882707 0.00365069 8
0.921856 0.230442 3
0.892543 0.0195303 6
0.893135 0.00911796 7
0.98271 1 1
0.933235 0.249299 3
0.904058 0.0467926 5
0.923985 0.233431 3
0.942006 0.505307 2
0.936418 0.256119 3
0.947411 0.518044 2
0.92186 0.114591 4
0.92387 0.233264 3
0.980726 1 1
0.924216 0.233769 3
0.981763 1 1
0.96247 0.571171 2
0.992489 1 1
0.925794 0.119548 4
0.894643 0.00930389 7
0.859238 3.63056e-06 16
0.970806 1 1
0.952975 0.534143 2
0.863434 9.15143e-06 15
0.874538 0.000295579 11
0.918909 0.111321 4
0.90244 0.0218525 6
0.952434 0.532421 2
0.893351 0.00914407 7
0.861511 8.74721e-06 15
0.885389 0.0017348 9
0.90845 0.0489349 5
0.883066 0.00167063 9
0.880177 0.00353262 8
0.978017 1 1
0.957176 0.548817 2
0.90828 0.101959 4
0.925705 0.236007 3
0.916611 0.223891 3
0.912084 0.10494 4
0.95905 0.556191 2
0.902896 0.0462759 5
0.926619 0.237437 3
0.96002 0.560232 2
0.949232 0.522943 2
0.990315 1 1
0.947175 0.517433 2
0.966535 1 1
48 0 2 3 4 5 6 7 8 9 11 12 13 14 15 16 18 19 20 21 22 23 24 25 27 28 30 31 32 34 35 36 37 38 39 40 41 42 43 45 46 49 50 52 54 56 57 58 59 
38 0 2 3 4 6 7 8 9 12 14 16 18 19 20 21 22 23 24 25 28 31 34 35 36 37 38 39 40 41 42 46 49 50 52 54 56 58 59 
22 0 2 7 12 16 19 21 23 24 25 28 31 34 35 36 38 39 41 46 49 52 58 
17 0 2 7 12 19 21 23 24 25 28 35 36 38 46 49 52 58 
22 0 2 7 12 16 19 21 23 24 25 28 31 34 35 36 38 39 41 46 49 52 58 
59 0 1 3 4 5 6 7 8 9 10 11 12 13 14 15 16 17 18 19 20 21 22 23 24 25 26 27 28 29 30 31 32 33 34 35 36 37 38 39 40 41 42 43 44 45 46 47 48 49 50 51 52 53 54 55 56 57 58 59 
59 0 1 3 4 5 6 7 8 9 10 11 12 13 14 15 16 17 18 19 20 21 22 23 24 25 26 27 28 29 30 31 32 33 34 35 36 37 38 39 40 41 42 43 44 45 46 47 48 49 50 51 52 53 54 55 56 57 58 59 
20 0 2 7 12 16 19 20 21 23 24 25 28 35 36 38 39 46 49 50 52 
45 0 2 3 4 5 6 7 8 9 10 12 13 14 16 17 18 19 20 21 22 23 24 25 27 28 31 32 34 35 36 37 38 39 40 41 42 45 46 48 49 50 52 56 58 59 
27 0 2 7 9 12 16 19 20 21 23 24 25 28 34 35 36 38 39 41 42 46 49 50 52 54 58 59 
44 0 2 3 4 5 6 7 8 9 12 13 14 16 18 19 20 21 22 23 24 25 28 30 31 32 34 35 36 37 38 39 40 41 42 45 46 49 50 52 54 56 57 58 59 
1 2 
36 0 2 3 4 7 8 9 12 14 16 18 19 20 21 23 24 25 28 31 34 35 36 37 38 39 40 41 42 46 49 50 52 54 56 58 59 
39 0 2 3 4 5 6 7 9 12 13 14 16 18 19 20 21 22 23 24 25 28 31 32 34 35 36 37 38 39 40 41 42 45 46 48 49 52 56 58 
47 0 2 3 4 5 6 7 8 9 12 13 14 16 18 19 20 21 22 23 24 25 27 28 30 31 32 34 35 36 37 38 39 40 41 42 43 45 46 48 49 50 52 54 56 57 58 59 
