40 15 1e+07
1.88109 150782
1.47656 141131
2.75368 112827
1.36366 114662
2.08336 120677
2.29688 162345
2.54528 111556
1.61234 153079
1.8831 160323
1.7759 103880
1.63284 152908
2.10418 169613
2.09883 101076
2.62887 136823
2.39959 170337
2.69364 113156
2.49394 162272
2.02263 191856
2.90605 152222
1.95927 170790
1.05831 103028
1.39246 130790
1.83205 131640
1.38323 136740
2.44251 128521
1.1607 103657
1.16214 194750
1.96624 181812
2.02234 116572
2.32127 138066
1.35568 174541
2.30073 182509
2.25362 140685
2.45206 152216
2.31128 169654
2.59171 183294
1.33348 159932
2.28704 193888
1.3156 154241
1.68727 137603
0.89427 0.000217024 12
0.86567 2.9518e-09 25
0.866194 3.0267e-09 25
0.894215 0.000216662 12
0.843782 7.30825e-12 0
0.897806 0.000502845 11
0.883186 7.34772e-06 16
0.88838 4.03282e-05 14
0.905016 0.00127237 10
0.891235 9.38313e-05 13
0.908335 0.0028226 9
0.920364 0.0149699 7
0.892902 9.89772e-05 13
0.897806 0.000502833 11
0.918426 0.0142864 7
0.911513 0.104469 4
0.929476 0.242215 3
0.926984 0.238021 3
0.958897 0.555567 2
0.905849 0.100228 4
0.933745 0.489982 2
0.922364 0.231136 3
0.943308 0.508152 2
0.924248 0.233815 3
0.956828 0.547506 2
0.962991 1 1
0.941057 0.503317 2
0.927145 0.238281 3
0.950216 0.525735 2
0.958699 0.554769 2
0.86692 1.9696e-06 17
0.89632 0.00448551 8
0.909649 0.0241283 6
0.929065 0.124284 4
0.873421 2.62258e-05 14
0.95993 0.55985 2
0.944306 0.277135 3
0.938872 0.261974 3
0.879213 0.000146901 12
0.917263 0.0543881 5
0.954504 0.539203 2
0.896281 0.00448251 8
0.955563 0.542895 2
0.899509 0.00474955 8
0.972689 0.630771 2
0.8825 3.35748e-05 14
0.882082 3.31651e-05 14
0.888119 0.00018248 12
0.913675 0.0128509 7
0.859156 2.19452e-09 25
0.927643 0.063785 5
0.912466 0.0125326 7
0.913776 0.0128783 7
0.894537 0.000459453 11
0.906685 0.00548905 8
0.933166 0.131168 4
0.9117 0.0123395 7
0.922904 0.0305098 6
0.901908 0.00240144 9
0.946692 0.284912 3
0.917039 0.0272385 6
0.927567 0.12204 4
0.922993 0.0590739 5
0.955147 0.541425 2
0.904398 0.0107862 7
0.928001 0.122675 4
0.916653 0.0270513 6
0.937919 0.140756 4
0.929886 0.125573 4
0.955116 0.541319 2
0.957158 0.548746 2
0.946891 0.285596 3
0.921442 0.0576955 5
0.953706 0.312752 3
0.952918 0.309202 3
0.884644 3.58107e-05 14
0.881599 1.50601e-05 15
0.886919 8.23672e-05 13
0.912949 0.0126577 7
0.858717 9.4775e-10 26
0.925173 0.0611672 5
0.910046 0.00592492 8
0.912146 0.0124511 7
0.896643 0.00101795 10
0.906441 0.00545993 8
0.931749 0.0688131 5
0.913771 0.0128769 7
0.920349 0.0289801 6
0.90287 0.00245667 9
0.944727 0.158384 4
0.988243 0.788303 2
0.885611 8.02915e-06 16
0.866749 3.10891e-09 25
0.89439 0.000103962 13
0.871764 4.29359e-08 22
0.85753 1.47747e-11 0
0.847473 8.73509e-12 0
0.870676 1.84865e-08 23
0.991236 1 1
0.904993 0.00127154 10
0.885803 8.08699e-06 16
0.975827 0.654784 2
0.851469 1.06831e-11 0
0.941814 0.150197 4
0.880637 1.42956e-06 18
0.888242 0.00394372 8
0.870695 0.000122964 12
0.87353 0.000290207 11
0.900621 0.0213667 6
0.848326 4.11535e-08 21
0.90886 0.0491516 5
0.894004 0.00922402 7
0.897261 0.00965078 7
0.899581 0.0211021 6
0.896 0.00947982 7
0.917037 0.109419 4
0.915843 0.108269 4
0.904109 0.0223267 6
0.898106 0.0207427 6
0.928647 0.240779 3
0.936512 0.494645 2
0.918228 0.110614 4
0.907865 0.101654 4
0.939504 0.5002 2
0.897255 0.0205432 6
0.908108 0.101832 4
0.896949 0.0204726 6
0.918899 0.11131 4
0.949758 0.524422 2
0.944586 0.511074 2
0.936874 0.495287 2
0.967562 1 1
0.901693 0.0457608 5
0.961236 0.565526 2
0.932696 0.248222 3
0.86287 1.51248e-07 20
0.88285 0.000159808 12
0.895246 0.00207755 9
0.915233 0.0263884 6
0.860148 2.67286e-08 22
0.946514 0.284305 3
0.931497 0.128227 4
0.923989 0.0600065 5
0.874979 1.23436e-05 15
0.904433 0.0107925 7
0.939707 0.264097 3
0.892042 0.000915003 10
0.943137 0.27359 3
0.890298 0.000881047 10
0.957362 0.549524 2
0.986933 0.770666 2
0.896128 0.000479714 11
0.875737 5.40347e-07 19
0.902577 0.00118728 10
0.882998 7.29859e-06 16
0.862128 1.11058e-09 26
0.85282 1.14599e-11 0
0.87761 1.27095e-06 18
0.993531 1 1
0.914321 0.00658861 8
0.891615 9.49643e-05 13
0.977076 0.665261 2
0.856052 3.10415e-11 30
0.95275 0.308462 3
0.884786 1.67199e-05 15
0.902566 0.000580117 11
0.900356 0.000541892 11
0.901837 0.000567023 11
0.930885 0.0366367 6
0.877247 2.62995e-07 20
0.928154 0.0342761 6
0.913768 0.00649481 8
0.923969 0.0164257 7
0.915193 0.00674157 8
0.926542 0.0330203 6
0.944953 0.159066 4
0.933018 0.0705625 5
0.922199 0.0156791 7
0.925166 0.0320204 6
0.952467 0.186118 4
0.889457 8.88095e-05 13
0.900165 0.00111265 10
0.90603 0.00265652 9
0.932479 0.0698071 5
0.876756 1.2308e-06 18
0.940518 0.146878 4
0.925475 0.0322392 6
0.931244 0.0681445 5
0.901997 0.00116852 10
0.924998 0.0319032 6
0.951643 0.303704 3
0.919592 0.0146902 7
0.934832 0.0732438 5
0.916623 0.0137042 7
0.963326 0.36724 3
0.901414 0.0456439 5
0.908303 0.048858 5
0.91052 0.103671 4
0.939582 0.500352 2
0.884866 0.00375888 8
0.93527 0.253566 3
0.921159 0.113781 4
0.932779 0.248386 3
0.914176 0.106741 4
0.934408 0.251717 3
0.953985 0.537453 2
0.931972 0.246809 3
0.929065 0.241498 3
0.929401 0.242085 3
0.960433 0.562002 2
0.953704 0.312745 3
0.900775 0.000548815 11
0.887742 1.85279e-05 15
0.918333 0.014255 7
0.882019 3.26211e-06 17
0.887861 1.86068e-05 15
0.876452 2.5419e-07 20
0.897424 0.000239283 12
0.966852 0.393604 3
0.925193 0.0320396 6
0.915101 0.0067251 8
0.985202 0.748806 2
0.881616 3.2129e-06 17
0.95225 0.306284 3
0.912208 0.00624358 8
0.869323 4.25285e-07 19
0.97927 0.685059 2
0.986375 1 1
0.9638 0.577581 2
0.965026 0.58381 2
0.923889 0.0599104 5
0.927695 0.0638433 5
0.956694 0.327343 3
0.878286 1.35936e-05 15
0.960933 0.564184 2
0.94344 0.154639 4
0.887699 0.000180469 12
0.920755 0.0292115 6
0.924107 0.0601195 5
0.926101 0.062118 5
0.84099 6.41319e-12 0
0.894349 0.000457162 11
0.916493 0.0136641 7
0.922975 0.030555 6
0.873911 1.10969e-06 18
0.979463 0.686886 2
0.970431 0.615346 2
0.945606 0.161072 4
0.852851 1.1479e-11 0
0.907855 0.0056332 8
0.948132 0.289986 3
0.868916 8.44058e-08 21
0.981883 0.711167 2
0.880448 6.67829e-06 16
0.961653 0.356075 3
0.906612 0.0479999 5
0.975178 1 1
0.952037 0.531182 2
0.970178 1 1
0.954096 0.537824 2
0.913103 0.0515918 5
0.909909 0.0497209 5
0.942001 0.270303 3
0.915679 0.108115 4
0.986479 1 1
0.94426 0.510315 2
0.924184 0.117429 4
0.907802 0.0485983 5
0.963682 0.577001 2
0.927516 0.238887 3
0.900318 0.000541273 11
0.963489 0.368374 3
0.957507 0.331644 3
0.989389 1 1
0.938599 0.142291 4
0.933912 0.0718556 5
0.92884 0.0348398 6
0.960196 0.346991 3
0.91123 0.00609545 8
0.989696 1 1
0.966732 0.593013 2
0.923693 0.031019 6
0.928138 0.0342626 6
0.954555 0.316712 3
0.949881 0.175751 4
0.852429 7.20351e-10 26
0.910714 0.024521 6
0.932379 0.129757 4
0.939803 0.264345 3
0.889652 0.00086909 10
0.995445 1 1
0.979426 0.686536 2
0.962591 0.57174 2
0.864313 3.58446e-07 19
0.924253 0.0602602 5
0.964794 0.582606 2
0.880139 6.85198e-05 13
0.990345 1 1
0.89494 0.00206476 9
0.975228 0.64995 2
0.85258 8.84869e-09 23
0.896607 0.00450793 8
0.915171 0.0529265 5
0.927675 0.122198 4
0.874808 6.0186e-05 13
0.975261 0.650211 2
0.960804 0.563616 2
0.945377 0.280534 3
0.864662 1.84467e-06 17
0.913561 0.0518782 5
0.954209 0.538206 2
0.881193 0.000336273 11
0.973057 0.633421 2
0.889633 0.00186668 9
0.971315 0.621209 2
0.865474 1.88821e-06 17
0.911325 0.0247535 6
0.927781 0.122352 4
0.943583 0.274924 3
0.888674 0.000851577 10
0.978168 1 1
0.962328 0.570507 2
0.958137 0.552527 2
0.877673 0.000141984 12
0.929588 0.1251 4
0.970618 0.616568 2
0.894152 0.00432397 8
0.972255 0.627687 2
0.905048 0.010906 7
0.988525 1 1
0.921181 0.0574724 5
0.86797 1.02299e-05 15
0.861963 7.53425e-07 18
0.891898 0.00194615 9
0.847665 5.92956e-10 26
0.880732 0.000333118 11
0.867052 4.44313e-06 16
0.879043 0.000146342 12
0.930731 0.126944 4
0.89347 0.00427582 8
0.898868 0.00988052 7
0.943557 0.274845 3
0.875155 6.0675e-05 13
0.911014 0.0246346 6
0.903866 0.0106902 7
0.879247 0.000323329 11
0.973355 0.635602 2
0.98234 1 1
0.983057 1 1
0.950301 0.52598 2
0.93793 0.259662 3
0.938394 0.260791 3
0.971156 0.620137 2
0.889344 0.00185703 9
0.974203 1 1
0.962211 0.569964 2
0.900689 0.0101577 7
0.933667 0.250178 3
0.93403 0.250927 3
0.944094 0.27648 3
0.911457 0.0061292 8
0.912565 0.0125579 7
0.911272 0.00610161 8
0.942001 0.150692 4
0.889421 8.87121e-05 13
0.928283 0.0645107 5
0.91504 0.0132317 7
0.930505 0.0671923 5
0.924381 0.0314786 6
0.939472 0.14433 4
0.951395 0.302667 3
0.942322 0.15155 4
0.921906 0.0298915 6
0.939059 0.143357 4
0.953843 0.313382 3
0.906658 0.00548583 8
0.905615 0.00536369 8
0.905951 0.00540238 8
0.935752 0.136146 4
0.882478 3.35528e-05 14
0.928427 0.0646766 5
0.914472 0.0130703 7
0.926944 0.0630159 5
0.919436 0.0284743 6
0.932126 0.0693217 5
0.948015 0.289562 3
0.937372 0.139553 4
0.922259 0.030107 6
0.931195 0.0680798 5
0.953483 0.311735 3
0.872282 1.14543e-05 15
0.920603 0.0569867 5
0.935611 0.135861 4
0.953496 0.311795 3
0.897489 0.00457844 8
0.975062 0.648634 2
0.960947 0.564243 2
0.965377 0.585651 2
0.884481 0.000166272 12
0.939492 0.263545 3
0.980734 1 1
0.900755 0.00486234 8
0.968269 0.601877 2
0.913981 0.0258359 6
0.998032 1 1
0.851955 1.09553e-11 0
0.924553 0.0315953 6
0.949722 0.175153 4
0.949446 0.174125 4
0.904816 0.001265 10
0.983888 0.73327 2
0.987354 0.776231 2
0.977734 0.671004 2
0.863422 5.2603e-10 27
0.933196 0.0708155 5
0.967854 0.40187 3
0.878189 5.96274e-07 19
0.982163 0.714146 2
0.899041 0.000252196 12
0.966763 0.392885 3
0.830283 3.99339e-12 0
0.892461 0.00903784 7
0.917619 0.109997 4
0.917867 0.110246 4
0.873766 0.000291448 11
0.974433 1 1
0.975859 1 1
0.943905 0.5095 2
0.841887 1.11314e-09 25
0.902268 0.0218052 6
0.940424 0.265977 3
0.857414 1.5145e-06 17
0.980832 1 1
0.871976 0.000126107 12
0.950087 0.525362 2
0.888191 0.000182829 12
0.870074 9.72275e-07 18
0.87284 2.36489e-06 17
0.899944 0.00229592 9
0.847731 8.84714e-12 0
0.908124 0.0115191 7
0.893279 0.000444488 11
0.896528 0.00101509 10
0.899489 0.00227278 9
0.89538 0.000987563 10
0.916295 0.0268807 6
0.915693 0.0265991 6
0.903384 0.00512054 8
0.897683 0.00218533 9
0.927881 0.0640527 5
0.911681 0.024892 6
0.874211 5.46209e-06 16
0.87115 2.24066e-06 17
0.900754 0.00486224 8
0.85281 3.18406e-10 27
0.894759 0.00097324 10
0.880609 6.93486e-05 13
0.890556 0.000414926 11
0.922557 0.0586772 5
0.900187 0.00481026 8
0.910805 0.0121222 7
0.937862 0.140628 4
0.889268 0.000402166 11
0.911875 0.0249684 6
0.91761 0.0275216 6
0.992067 1 1
0.88967 4.21018e-05 14
0.867958 7.3391e-09 24
0.893527 0.000101021 13
0.878403 1.30993e-06 18
0.852026 1.09956e-11 0
0.84312 7.08327e-12 0
0.868256 1.65614e-08 23
0.983441 0.728181 2
0.905924 0.00264929 9
0.88148 3.19644e-06 17
0.965197 0.380726 3
0.846035 8.14228e-12 0
0.944761 0.158488 4
0.874227 2.31639e-07 20
0.886633 0.00841283 7
0.867122 0.000114887 12
0.869914 0.000272339 11
0.896886 0.0204583 6
0.844861 8.67278e-08 20
0.905631 0.047524 5
0.890817 0.00884975 7
0.893631 0.0197512 6
0.897766 0.0206622 6
0.892356 0.0194928 6
0.913285 0.105958 4
0.913743 0.106358 4
0.900995 0.0454706 5
0.894997 0.0200394 6
0.925021 0.234964 3
0.891223 0.0192713 6
0.991788 1 1
0.965672 1 1
0.970343 1 1
0.966883 1 1
0.915869 0.108293 4
0.915449 0.1079 4
0.947661 0.518697 2
0.899928 0.0450389 5
0.978982 1 1
0.943538 0.508667 2
0.908316 0.101985 4
0.911324 0.104315 4
0.947167 0.517414 2
0.925673 0.235956 3
0.964532 0.581263 2
0.903828 0.00516706 8
0.887712 0.000387681 11
0.917277 0.027356 6
0.886719 0.000378928 11
0.881535 7.10328e-05 13
0.871063 4.97366e-06 16
0.89414 0.00203215 9
0.978214 0.675293 2
0.926412 0.0624458 5
0.910321 0.012008 7
0.996695 1 1
0.875304 1.24581e-05 15
0.959165 0.55666 2
0.905297 0.0109528 7
0.885295 0.00173209 9
0.871542 0.000125027 12
0.875325 0.000299898 11
0.901913 0.0217084 6
0.849051 1.81254e-08 22
0.912318 0.0511112 5
0.897392 0.00966903 7
0.89966 0.021122 6
0.896761 0.00958207 7
0.896646 0.00956639 7
0.919258 0.111689 4
0.91321 0.0516583 5
0.907677 0.0485343 5
0.897094 0.00962781 7
0.931549 0.246002 3
0.897336 0.00216928 9
0.981003 1 1
0.949557 0.295311 3
0.954234 0.315198 3
0.972021 0.626051 2
0.899305 0.00473166 8
0.898601 0.00467095 8
0.93026 0.126174 4
0.904472 0.0107996 7
0.967235 0.595848 2
0.927656 0.122169 4
0.909921 0.0242269 6
0.894707 0.00205516 9
0.950876 0.300533 3
0.910399 0.0244032 6
0.930245 0.0668648 5
0.893738 0.000213608 12
0.886923 3.84637e-05 14
0.917897 0.0141106 7
0.872691 2.17665e-07 20
0.899906 0.00110512 10
0.886818 3.83344e-05 14
0.902657 0.00118992 10
0.942567 0.152213 4
0.92 0.0148368 7
0.922519 0.0302678 6
0.959929 0.345387 3
0.893814 0.000214088 12
0.935641 0.0745139 5
0.924554 0.0315961 6
0.87485 0.000662353 10
0.983115 1 1
0.961725 0.567729 2
0.949075 0.522508 2
0.989383 1 1
0.901789 0.0216751 6
0.904656 0.0470662 5
0.934079 0.25103 3
0.88212 0.00164594 9
0.954808 0.540248 2
0.924544 0.234252 3
0.888457 0.00395623 8
0.898339 0.0207983 6
0.927995 0.239679 3
0.906974 0.0481794 5
0.909675 0.00587345 8
0.875013 5.2527e-07 19
0.872547 2.16423e-07 20
0.902019 0.00116922 10
0.853439 1.18392e-11 0
0.897171 0.000493865 11
0.882932 7.28149e-06 16
0.892408 9.74036e-05 13
0.920708 0.0150984 7
0.901019 0.00113809 10
0.912705 0.00632164 8
0.936302 0.0755862 5
0.891709 9.5249e-05 13
0.911555 0.00614387 8
0.919912 0.0148048 7
31 0 1 2 3 4 5 6 7 8 9 10 11 12 13 14 18 19 20 21 22 23 24 25 26 29 30 32 34 35 37 39 
38 0 1 2 3 4 5 6 7 8 9 10 11 12 13 14 15 16 17 18 19 20 21 22 23 24 25 26 27 28 29 30 31 32 33 34 35 37 39 
40 0 1 2 3 4 5 6 7 8 9 10 11 12 13 14 15 16 17 18 19 20 21 22 23 24 25 26 27 28 29 30 31 32 33 34 35 36 37 38 39 
34 0 1 2 3 4 5 6 7 8 9 10 11 12 13 14 16 18 19 20 21 22 24 25 26 27 28 29 30 31 32 34 35 37 39 
37 1 2 3 4 5 6 7 8 9 10 11 12 13 14 15 16 17 18 19 20 21 22 23 24 25 26 27 28 30 31 32 33 34 35 36 37 38 
24 0 2 3 5 7 9 11 12 13 16 19 20 21 22 24 25 26 28 29 30 32 35 37 39 
19 0 2 3 5 7 9 11 12 16 19 20 21 22 28 29 30 32 35 39 
24 0 2 3 5 7 9 11 12 13 16 19 20 21 22 24 25 26 27 28 29 30 32 35 39 
30 0 1 2 3 4 5 6 7 8 9 11 12 13 14 19 20 21 22 24 25 26 27 28 29 30 32 34 35 37 39 
32 0 1 2 3 4 5 7 8 9 11 12 13 14 16 18 19 20 21 22 23 24 25 26 27 28 29 30 32 34 35 37 39 
25 0 2 3 5 7 9 11 12 13 16 19 20 21 22 24 25 26 27 28 29 30 32 35 37 39 
29 0 1 2 3 4 5 7 8 9 11 12 13 14 16 19 20 21 22 24 25 26 27 28 29 30 32 35 37 39 
30 0 1 2 3 4 5 7 8 9 10 11 12 13 14 16 19 20 21 22 24 25 26 28 29 30 32 34 35 37 39 
32 0 1 2 3 4 5 6 7 8 9 10 11 12 13 14 16 19 20 21 22 24 25 26 28 29 30 31 32 34 35 37 39 
23 0 2 3 5 7 9 11 12 13 14 16 20 21 22 24 25 28 29 30 32 35 37 39 
