60 15 1e+07
1.32737 106443
1.17944 142625
1.29406 160346
2.61314 184870
1.4446 106978
1.32948 135103
1.92652 164474
1.86587 104132
2.303 133143
1.05402 138286
1.55325 136061
1.32059 142351
1.85722 160106
1.0332 114828
1.8983 173658
2.17732 121426
1.83808 100546
1.16081 111915
1.06542 152279
1.11777 194698
1.90676 103056
2.89111 162517
2.34611 169229
2.8174 101400
1.39386 184474
2.49629 153885
2.27211 114787
1.32773 156949
1.54775 131832
1.66058 196302
2.19285 188202
2.25605 125286
2.00964 138307
2.42214 141895
1.68814 164899
2.35297 102048
1.04454 143421
2.30831 183430
1.65012 157577
2.54375 114773
2.92879 156916
1.73791 145203
1.60664 178938
2.58643 142814
1.84155 159949
1.17369 153802
2.89556 157284
2.23011 193667
1.32416 185710
1.60148 176443
2.74923 165713
1.24456 150598
1.45428 122197
1.46073 147973
2.10716 186348
1.17506 136673
1.94578 181267
2.37575 128099
1.43197 165610
1.62467 199784
0.944811 0.511602 2
0.95505 0.541088 2
0.96569 0.587313 2
0.901349 0.0215574 6
0.957968 0.551865 2
0.962261 0.570196 2
0.934697 0.252331 3
0.954268 0.538404 2
0.931336 0.2456 3
0.9415 0.504238 2
0.950394 0.526248 2
0.949402 0.523416 2
0.961594 0.567133 2
0.95241 0.532347 2
0.976442 1 1
0.978732 1 1
0.933206 0.131241 4
0.906563 0.0111983 7
0.958753 0.554985 2
0.967961 0.600057 2
0.964544 0.581323 2
0.929282 0.124621 4
0.889195 0.000860822 10
0.868659 4.64466e-06 16
0.947839 0.288928 3
0.924074 0.117289 4
0.881403 0.000154439 12
0.94432 0.27718 3
0.941065 0.267703 3
0.939074 0.262483 3
0.97481 0.646646 2
0.931145 0.127633 4
0.910258 0.0119935 7
0.961241 0.56555 2
0.971029 0.619286 2
0.970849 0.61809 2
0.944881 0.278942 3
0.894488 0.000967121 10
0.873253 5.30586e-06 16
0.963749 0.57733 2
0.921867 0.0580651 5
0.888752 0.000397251 11
0.943432 0.274471 3
0.937816 0.140527 4
0.94213 0.270667 3
0.935828 0.254794 3
0.934302 0.251495 3
0.946386 0.51543 2
0.904889 0.0225583 6
0.94874 0.521585 2
0.954864 0.540442 2
0.951739 0.530264 2
0.941138 0.267901 3
0.919557 0.112009 4
0.952973 0.534137 2
0.929032 0.241441 3
0.943529 0.27476 3
0.942535 0.271831 3
0.932998 0.248822 3
0.956185 0.545132 2
0.95305 0.309788 3
0.963687 0.369756 3
0.925705 0.0324048 6
0.901203 0.000556031 11
0.947913 0.168641 4
0.941885 0.150383 4
0.887089 1.81036e-05 15
0.905502 0.00129064 10
0.890088 4.27021e-05 14
0.903229 0.00120903 10
0.96019 0.346954 3
0.890385 4.31384e-05 14
0.961417 0.354566 3
0.969996 0.612538 2
0.946728 0.164656 4
0.975935 1 1
0.946932 0.51681 2
0.912677 0.105437 4
0.933822 0.250497 3
0.963363 1 1
0.956926 0.547873 2
0.907695 0.101531 4
0.893229 0.0196687 6
0.874406 0.00146994 9
0.925657 0.235932 3
0.938926 0.499081 2
0.881879 0.0036111 8
0.954315 0.538564 2
0.955783 0.54368 2
0.943189 0.507886 2
0.968625 0.604011 2
0.927965 0.0641473 5
0.91054 0.0120595 7
0.960509 0.562331 2
0.96838 0.602538 2
0.970164 0.613616 2
0.953454 0.311604 3
0.895908 0.00100005 10
0.874452 2.49336e-06 17
0.972463 0.629157 2
0.9188 0.0281337 6
0.891487 0.000424626 11
0.940493 0.146814 4
0.933908 0.132543 4
0.941329 0.148933 4
0.93046 0.243978 3
0.968458 1 1
0.990823 1 1
0.87787 0.000696216 10
0.940044 0.501265 2
0.940536 0.502251 2
0.900959 0.0214545 6
0.969636 1 1
0.951437 0.529344 2
0.909353 0.0494164 5
0.971879 1 1
0.952433 0.532417 2
0.962814 0.572796 2
0.960141 0.560746 2
0.969355 1 1
0.96609 0.589473 2
0.958061 0.334664 3
0.949319 0.294403 3
0.921324 0.0295432 6
0.979745 0.689593 2
0.984857 0.744643 2
0.942504 0.152042 4
0.933993 0.0719754 5
0.911717 0.00616825 8
0.955012 0.318902 3
0.950005 0.297054 3
0.927612 0.0637505 5
0.969726 0.61082 2
0.959932 0.345406 3
0.978594 0.678763 2
0.948518 0.520982 2
0.968286 1 1
0.931056 0.245075 3
0.894994 0.00934864 7
0.945308 0.512788 2
0.939743 0.264191 3
0.884873 0.00375922 8
0.910968 0.0503174 5
0.896359 0.0203387 6
0.900375 0.0213031 6
0.966514 0.591797 2
0.895157 0.00936955 7
0.963217 0.574727 2
0.972823 1 1
0.948857 0.521905 2
0.968336 1 1
0.956205 0.545206 2
0.919273 0.111705 4
0.919686 0.112147 4
0.959128 0.556509 2
0.952487 0.53259 2
0.899262 0.0210229 6
0.899197 0.0210069 6
0.881543 0.00163125 9
0.916542 0.108936 4
0.94938 0.523356 2
0.886164 0.00382753 8
0.960382 0.56178 2
0.964859 0.58294 2
0.946913 0.516763 2
0.995605 1 1
0.950866 0.527636 2
0.922234 0.0583879 5
0.941509 0.268923 3
0.98173 1 1
0.975847 0.654941 2
0.926111 0.119982 4
0.903782 0.0106753 7
0.883404 0.000352207 11
0.944201 0.276808 3
0.941575 0.269107 3
0.894392 0.00434122 8
0.961956 0.568785 2
0.958878 0.555493 2
0.955105 0.541278 2
0.930954 0.0677667 5
0.976127 0.657246 2
0.960019 0.345927 3
0.87501 5.25197e-07 19
0.935394 0.0741208 5
0.932793 0.0702452 5
0.88341 7.40707e-06 16
0.941794 0.150145 4
0.930139 0.0667321 5
0.895204 0.000223239 12
0.985839 0.756671 2
0.923676 0.031008 6
0.963112 0.365771 3
0.968837 0.605299 2
0.957263 0.330338 3
0.967123 0.595215 2
0.924659 0.0606561 5
0.905864 0.0110613 7
0.965863 0.588243 2
0.964762 0.582442 2
0.965721 0.587479 2
0.950141 0.297587 3
0.890991 0.000894243 10
0.869686 2.14082e-06 17
0.968744 0.60473 2
0.915471 0.0264967 6
0.886354 0.000375802 11
0.937021 0.138795 4
0.930985 0.127365 4
0.936917 0.138572 4
0.8998 0.00228856 9
0.936482 0.137652 4
0.971944 0.625518 2
0.850927 2.39323e-11 30
0.909986 0.0119305 7
0.911487 0.0122871 7
0.882539 3.36129e-05 14
0.98444 1 1
0.984263 1 1
0.886962 0.000177032 12
0.941787 0.150125 4
0.968559 0.603612 2
0.930381 0.0670354 5
0.928111 0.0643134 5
0.938297 0.141603 4
0.893198 0.00912557 7
0.924038 0.117243 4
0.962111 0.5695 2
0.848594 1.7856e-08 22
0.904548 0.0224562 6
0.907267 0.0483262 5
0.887464 0.00179671 9
0.983675 1 1
0.98449 1 1
0.889007 0.00398859 8
0.927544 0.122006 4
0.985244 1 1
0.920568 0.113115 4
0.916418 0.108817 4
0.931163 0.245276 3
0.896801 0.020439 6
0.940332 0.50184 2
0.95586 0.543956 2
0.843779 3.58831e-08 21
0.903768 0.0466619 5
0.903018 0.0463295 5
0.863285 4.70832e-05 13
0.952474 0.532548 2
0.955417 0.542377 2
0.871206 0.000625554 10
0.949145 0.522701 2
0.934844 0.252644 3
0.929476 0.242215 3
0.931919 0.246707 3
0.930518 0.244083 3
0.943218 0.273831 3
0.902693 0.0104859 7
0.887976 0.00181271 9
0.974119 0.641322 2
0.941998 0.270294 3
0.944231 0.276902 3
0.956856 0.547611 2
0.875374 6.09865e-05 13
0.854345 4.98237e-08 21
0.969296 0.608123 2
0.893801 0.00429904 8
0.873426 5.83063e-05 13
0.914906 0.0527494 5
0.90845 0.0237055 6
0.916641 0.0539411 5
0.901165 0.00236041 9
0.891757 0.000427518 11
0.906666 0.00548672 8
0.891672 0.000426604 11
0.911918 0.0123939 7
0.918292 0.0278686 6
0.956296 0.325292 3
0.908221 0.0115398 7
0.891249 0.000422107 11
0.941631 0.149717 4
0.886651 0.000175618 12
0.918638 0.0280484 6
0.900242 0.00231135 9
0.891021 0.000419718 11
0.912756 0.0126073 7
0.957719 0.550898 2
0.913079 0.0515765 5
0.887937 0.00083882 10
0.977457 1 1
0.948413 0.291013 3
0.946344 0.283728 3
0.926788 0.120923 4
0.871584 2.50588e-05 14
0.851147 8.40652e-09 23
0.943837 0.275694 3
0.90415 0.0107411 7
0.865167 4.22338e-06 16
0.924028 0.117232 4
0.920799 0.0571498 5
0.919684 0.0562363 5
0.947918 0.519376 2
0.947871 0.519249 2
0.954033 0.537612 2
0.909764 0.10308 4
0.96128 0.565721 2
0.966912 1 1
0.946081 0.514671 2
0.943792 0.509241 2
0.921209 0.229574 3
0.952669 0.533164 2
0.94192 0.505125 2
0.941385 0.503998 2
0.956711 0.54707 2
0.946983 0.516942 2
0.970233 1 1
0.897902 0.00974083 7
0.941952 0.270163 3
0.951441 0.529357 2
0.844292 1.2147e-09 25
0.903938 0.0222767 6
0.902636 0.0219066 6
0.860544 1.64541e-06 17
0.945361 0.280481 3
0.946863 0.516636 2
0.869346 2.37484e-05 14
0.951218 0.528684 2
0.927386 0.121777 4
0.930314 0.243712 3
0.933909 0.250675 3
0.92957 0.242381 3
0.892537 0.000206225 12
0.927561 0.0636941 5
0.964002 0.578587 2
0.845278 7.84965e-12 0
0.903084 0.00246929 9
0.905005 0.00258837 9
0.879832 6.54053e-06 16
0.981831 0.710624 2
0.99358 1 1
0.882955 1.57334e-05 15
0.932512 0.0698526 5
0.972574 0.62995 2
0.922119 0.0300209 6
0.91938 0.0284441 6
0.930855 0.0676393 5
0.930771 0.127009 4
0.968992 0.606248 2
0.942364 0.271338 3
0.875623 2.77469e-05 14
0.931758 0.128675 4
0.927719 0.122261 4
0.875307 2.75202e-05 14
0.924064 0.0600782 5
0.913158 0.0254876 6
0.888718 0.000852349 10
0.975077 0.64875 2
0.906367 0.0111595 7
0.957211 0.548947 2
0.966157 0.58984 2
0.946799 0.285278 3
0.926749 0.237645 3
0.966701 1 1
0.943608 0.508825 2
0.871605 0.000629389 10
0.928329 0.240239 3
0.924571 0.234291 3
0.872947 0.000642635 10
0.926038 0.236522 3
0.916168 0.108578 4
0.885927 0.0083444 7
0.973975 1 1
0.90805 0.0487264 5
0.954389 0.538813 2
0.96282 0.572822 2
0.945001 0.512054 2
0.8868 0.000379626 11
0.927826 0.122419 4
0.954029 0.314241 3
0.835982 5.11384e-12 0
0.895296 0.00207966 9
0.895654 0.00209484 9
0.862244 1.48038e-07 20
0.960183 0.560926 2
0.971999 0.625898 2
0.867897 2.02766e-06 17
0.935453 0.135542 4
0.945882 0.282186 3
0.918798 0.0555394 5
0.919241 0.0558852 5
0.923109 0.0591799 5
0.951541 0.303273 3
0.951146 0.301636 3
0.95463 0.317071 3
0.911611 0.0123176 7
0.96498 0.583567 2
0.970445 0.615435 2
0.944815 0.27873 3
0.942972 0.273104 3
0.920325 0.0289662 6
0.952752 0.308471 3
0.944848 0.278836 3
0.939374 0.144099 4
0.960388 0.561807 2
0.950582 0.299345 3
0.97361 0.637494 2
0.892909 9.89981e-05 13
0.888633 1.91318e-05 15
0.908033 0.00279971 9
0.879315 6.24732e-07 19
0.904293 0.00124605 10
0.910549 0.00300081 9
0.942546 0.152156 4
0.912658 0.00631419 8
0.897603 0.00024066 12
0.929243 0.0351808 6
0.884479 7.69965e-06 16
0.925393 0.0321812 6
0.895908 0.000228133 12
0.886891 1.79775e-05 15
0.909121 0.0028836 9
0.915354 0.00677053 8
0.960139 0.346649 3
0.965293 0.381452 3
0.860809 2.04442e-10 28
0.921669 0.0154678 7
0.920297 0.0149455 7
0.876181 5.49903e-07 19
0.952735 0.308393 3
0.946069 0.162527 4
0.885817 1.73184e-05 15
0.969361 0.60853 2
0.933764 0.0716376 5
0.948509 0.170729 4
0.951708 0.303974 3
0.947534 0.167343 4
0.935653 0.135945 4
0.912578 0.0252495 6
0.912822 0.0253493 6
0.930394 0.126391 4
0.944134 0.276605 3
0.950279 0.298133 3
0.988882 1 1
0.905389 0.0109703 7
0.884476 0.000360457 11
0.983367 1 1
0.905087 0.0109133 7
0.908018 0.0235577 6
0.923889 0.0599104 5
0.914786 0.0261879 6
0.932914 0.130711 4
0.980811 1 1
0.952772 0.533491 2
0.918813 0.0555511 5
0.932228 0.12949 4
0.969087 0.606832 2
0.96247 0.571171 2
0.911081 0.0246599 6
0.899291 0.00473042 8
0.880233 0.000150329 12
0.92888 0.123999 4
0.944437 0.277541 3
0.88792 0.000838537 10
0.960695 0.56314 2
0.961648 0.56738 2
0.949649 0.295669 3
0.925487 0.119134 4
0.959005 0.556006 2
0.931357 0.12799 4
0.871941 2.52787e-05 14
0.924765 0.118179 4
0.920206 0.0566591 5
0.867338 4.47799e-06 16
0.913535 0.0518618 5
0.903655 0.0106528 7
0.881283 0.000336898 11
0.963993 0.57854 2
0.895912 0.00445413 8
0.948314 0.29065 3
0.957793 0.551185 2
0.936876 0.257171 3
0.941737 0.269558 3
0.898465 0.00982162 7
0.879413 0.000324399 11
0.991291 1 1
0.936907 0.257242 3
0.937438 0.258486 3
0.940271 0.265571 3
0.865438 9.60485e-06 15
0.844675 1.23196e-09 25
0.953531 0.535948 2
0.889509 0.00401871 8
0.861996 3.88944e-06 16
0.910251 0.0499107 5
0.905143 0.0226349 6
0.909479 0.0494847 5
0.901639 0.00238641 9
0.945188 0.15978 4
0.961143 0.35283 3
0.848466 9.17591e-12 0
0.908823 0.00575853 8
0.908148 0.00567057 8
0.86821 8.2063e-08 21
0.956344 0.325537 3
0.95675 0.327638 3
0.876235 2.64806e-06 17
0.953857 0.313449 3
0.938149 0.14127 4
0.934511 0.133689 4
0.936643 0.137991 4
0.935844 0.136334 4
0.915659 0.00682613 8
0.933513 0.0712722 5
0.964212 0.373488 3
0.876279 2.52333e-07 20
0.928415 0.0344883 6
0.932779 0.0702245 5
0.920366 0.0149707 7
0.970199 0.613843 2
0.950321 0.17743 4
0.920901 0.0151712 7
0.932538 0.0698885 5
0.976521 0.660536 2
0.935778 0.0747325 5
0.92831 0.0344024 6
0.949824 0.175539 4
0.952973 0.534137 2
0.961684 0.567543 2
0.92373 0.116855 4
0.901908 0.0103543 7
0.947309 0.287051 3
0.941191 0.268047 3
0.88657 0.000816148 10
0.903555 0.0106352 7
0.888113 0.00084183 10
0.902843 0.0105115 7
0.958067 0.552252 2
0.888535 0.000849143 10
0.9598 0.5593 2
0.968167 0.601268 2
0.945127 0.279727 3
0.985888 1 1
0.963186 0.574578 2
0.930611 0.126746 4
0.928068 0.0642646 5
0.979144 0.683873 2
0.972386 0.62861 2
0.917151 0.0272936 6
0.911024 0.0121747 7
0.891425 0.000423962 11
0.934291 0.133268 4
0.954104 0.314592 3
0.899718 0.00228435 9
0.97274 0.631134 2
0.971815 0.624627 2
0.962255 0.570166 2
0.939445 0.500085 2
0.972177 1 1
0.985344 1 1
0.887336 0.0084824 7
0.949827 0.524616 2
0.950743 0.527272 2
0.9106 0.103734 4
0.964509 0.581146 2
0.943786 0.509229 2
0.919496 0.111943 4
0.971999 1 1
0.950174 0.525613 2
0.970235 1 1
0.965215 0.584796 2
0.979531 1 1
0.898459 0.00982068 7
0.927906 0.122535 4
0.966175 0.589934 2
0.854192 4.95747e-08 21
0.910047 0.024273 6
0.912955 0.0515002 5
0.893475 0.00427617 8
0.987492 1 1
0.97874 1 1
0.895079 0.00439141 8
0.93077 0.127008 4
0.989993 1 1
0.925193 0.118742 4
0.920524 0.113067 4
0.93638 0.256033 3
0.914375 0.106919 4
0.946796 0.516464 2
0.985878 1 1
0.866384 0.000113333 12
0.925473 0.235649 3
0.927591 0.239009 3
0.899326 0.0210387 6
0.991992 1 1
0.96946 1 1
0.903964 0.0467503 5
0.949739 0.524367 2
0.974116 1 1
0.943334 0.50821 2
0.939112 0.499439 2
0.953573 0.536086 2
0.95399 0.537468 2
0.910763 0.0245393 6
0.891844 0.00194416 9
0.980336 1 1
0.94999 0.296996 3
0.950697 0.299806 3
0.946795 0.285264 3
0.877503 6.41683e-05 13
0.856473 2.33656e-08 22
0.962844 0.572938 2
0.90169 0.0103184 7
0.873592 2.63388e-05 14
0.922818 0.0589133 5
0.917312 0.0544238 5
0.922341 0.0584837 5
0.911214 0.050459 5
0.926531 0.120564 4
0.894298 0.00926061 7
0.867567 2.27851e-05 14
0.905135 0.0226328 6
0.899312 0.00994633 7
0.847117 3.13949e-09 24
0.876347 0.000305694 11
0.866316 9.81459e-06 15
0.862801 3.97037e-06 16
0.927922 0.122559 4
0.859786 1.61223e-06 17
0.920172 0.112677 4
0.929494 0.242248 3
0.906633 0.0231009 6
0.936355 0.0756731 5
0.966264 0.38892 3
0.933551 0.0713278 5
0.882421 3.31244e-06 17
0.934952 0.0734292 5
0.930041 0.0358741 6
0.876145 2.509e-07 20
0.914395 0.00660123 8
0.902137 0.000572354 11
0.890699 4.36057e-05 14
0.968761 0.604838 2
0.89742 0.000239253 12
0.95712 0.329578 3
0.967004 0.394833 3
0.944344 0.157248 4
0.895025 0.00935261 7
0.914569 0.0525271 5
0.949087 0.522539 2
0.858237 6.76433e-07 18
0.907522 0.0233915 6
0.911915 0.0508703 5
0.906516 0.0230632 6
0.964515 0.581176 2
0.954527 0.539283 2
0.904023 0.0223015 6
0.914929 0.0527647 5
0.983057 1 1
0.91549 0.0531417 5
0.908747 0.0490917 5
0.928889 0.241195 3
0.964926 0.378705 3
0.986103 0.759987 2
0.948705 0.171427 4
0.906947 0.00272034 9
0.967137 0.395919 3
0.96266 0.362699 3
0.907153 0.00273507 9
0.927947 0.0341089 6
0.9097 0.00293013 9
0.921953 0.0155801 7
0.977212 0.666429 2
0.913955 0.00652616 8
0.989076 0.800061 2
0.995291 1 1
0.973968 0.640177 2
0.954275 0.538426 2
0.971879 1 1
0.933682 0.250208 3
0.899802 0.0449886 5
0.951248 0.528776 2
0.945633 0.513574 2
0.890417 0.0191181 6
0.913321 0.10599 4
0.897733 0.0441924 5
0.906032 0.0477168 5
0.968458 1 1
0.897987 0.0442873 5
0.968398 1 1
0.97765 1 1
0.953741 0.536642 2
0.950228 0.525768 2
0.990425 1 1
0.969058 0.60665 2
0.894258 0.00433154 8
0.957702 0.550831 2
0.956199 0.545181 2
0.906876 0.0231793 6
0.947794 0.288767 3
0.92928 0.124617 4
0.918787 0.0555308 5
0.986861 1 1
0.932728 0.248286 3
0.984778 1 1
0.982919 1 1
0.982678 1 1
0.952405 0.532331 2
0.909017 0.0492354 5
0.889843 0.004039 8
0.982621 1 1
0.948059 0.519749 2
0.948637 0.521306 2
0.94528 0.28022 3
0.875482 0.000135475 12
0.854504 1.15162e-07 20
0.96097 0.564343 2
0.899958 0.0100441 7
0.871557 5.59166e-05 13
0.921006 0.113608 4
0.915636 0.0532411 5
0.920346 0.112869 4
0.921646 0.0297344 6
0.918359 0.0142637 7
0.933963 0.0719316 5
0.898252 0.000509307 11
0.933932 0.0718863 5
0.940248 0.146209 4
0.954621 0.317024 3
0.933149 0.0707488 5
0.913605 0.0064676 8
0.949203 0.293959 3
0.913522 0.00645395 8
0.940303 0.146344 4
0.926269 0.0328166 6
0.916903 0.0137915 7
0.93976 0.14502 4
0.968737 0.604693 2
0.942748 0.152708 4
0.907605 0.00276792 9
0.931077 0.0679258 5
0.956262 0.325117 3
0.949854 0.296463 3
0.901473 0.00115205 10
0.888067 8.51814e-05 13
0.869766 8.73536e-08 21
0.919391 0.0146189 7
0.935322 0.0740077 5
0.876314 1.21078e-06 18
0.948984 0.293132 3
0.951521 0.303192 3
0.937213 0.139207 4
0.958201 0.55278 2
0.978573 1 1
0.966106 0.589558 2
0.904515 0.0108075 7
0.968656 0.604202 2
0.968872 0.605512 2
0.921182 0.0574735 5
0.946581 0.284534 3
0.925463 0.119102 4
0.93294 0.130759 4
0.97177 0.624318 2
0.934918 0.134482 4
0.985685 1 1
0.976632 0.661467 2
0.998191 1 1
0.907632 0.0485115 5
0.952166 0.531582 2
0.95482 0.540288 2
0.853218 5.89428e-07 18
0.913024 0.0515428 5
0.911255 0.0504828 5
0.866547 5.02689e-05 13
0.944277 0.510354 2
0.941159 0.267959 3
0.876387 0.000679178 10
0.961698 0.567606 2
0.925609 0.235858 3
0.939977 0.2648 3
0.944364 0.510556 2
0.937656 0.259005 3
0.967524 0.597509 2
0.96169 0.567568 2
0.951012 0.301087 3
0.920121 0.0288519 6
0.981076 0.702797 2
0.985082 1 1
0.938978 0.143168 4
0.934819 0.134287 4
0.912678 0.0125871 7
0.951809 0.304403 3
0.953489 0.311766 3
0.927498 0.0636234 5
0.973477 0.636503 2
0.963646 0.576824 2
0.981783 0.710118 2
0.904283 0.0107653 7
0.927081 0.121339 4
0.962714 0.572324 2
0.86365 3.50756e-07 19
0.916641 0.0539411 5
0.920507 0.056907 5
0.907336 0.0113546 7
0.977352 0.667648 2
0.962139 0.569629 2
0.907407 0.0113692 7
0.927848 0.122451 4
0.990881 1 1
0.927176 0.121475 4
0.920831 0.0571769 5
0.940228 0.265459 3
0.905618 0.00262875 9
0.949538 0.29524 3
0.962998 0.573674 2
0.852042 1.10046e-11 0
0.912588 0.0125641 7
0.911732 0.00617064 8
0.870614 2.00601e-07 20
0.955852 0.323041 3
0.953954 0.313897 3
0.87909 6.38021e-06 16
0.95835 0.33627 3
0.937241 0.139267 4
0.938612 0.142322 4
0.941004 0.148099 4
0.939385 0.144124 4
0.978272 0.675824 2
0.936795 0.138311 4
0.906429 0.00545853 8
0.949824 0.296348 3
0.964904 0.583177 2
0.959806 0.344655 3
0.918303 0.0278743 6
0.888051 8.51407e-05 13
0.86821 8.2061e-08 21
0.936683 0.138074 4
0.928049 0.0642426 5
0.878699 6.29834e-06 16
0.946513 0.284301 3
0.945263 0.16001 4
0.938532 0.142137 4
0.946954 0.516867 2
0.992603 1 1
0.95993 0.55985 2
0.890068 0.00876724 7
0.951335 0.529035 2
0.948344 0.520513 2
0.896484 0.020367 6
0.939217 0.262844 3
0.923335 0.232496 3
0.90937 0.0494256 5
0.995885 1 1
0.922835 0.115752 4
0.979338 1 1
0.985388 1 1
0.970523 1 1
0.909162 0.00288685 9
0.952738 0.30841 3
0.96842 0.602776 2
0.855696 1.33592e-11 0
0.916591 0.0136943 7
0.915967 0.00688316 8
0.87537 2.42858e-07 20
0.960441 0.348478 3
0.956382 0.325731 3
0.88369 7.48204e-06 16
0.961152 0.352888 3
0.941535 0.149466 4
0.94231 0.151517 4
0.944027 0.156321 4
0.943916 0.155998 4
0.965769 0.38507 3
0.932832 0.0702995 5
0.899223 0.000523924 11
0.94002 0.0822785 5
0.952376 0.185734 4
0.946554 0.164088 4
0.903316 0.001212 10
0.880186 1.40418e-06 18
0.861452 9.37476e-11 29
0.921395 0.0153605 7
0.925063 0.0319485 6
0.869435 7.87103e-09 24
0.940198 0.0826282 5
0.941553 0.149514 4
0.92976 0.0356263 6
0.945716 0.513776 2
0.973394 1 1
0.978701 1 1
0.893906 0.0198083 6
0.956607 0.546682 2
0.957783 0.551145 2
0.916671 0.109061 4
0.95917 0.556682 2
0.937711 0.496804 2
0.926141 0.236684 3
0.970671 1 1
0.946666 0.516135 2
0.974698 1 1
0.967952 1 1
0.986318 1 1
45 0 3 4 5 7 8 9 10 12 14 15 16 20 21 22 23 24 25 26 28 30 31 33 34 35 36 37 38 39 41 42 43 44 45 46 48 49 50 51 52 53 54 56 57 59 
26 7 9 12 14 15 16 21 22 23 24 25 28 31 33 37 38 39 41 42 43 46 51 53 54 56 57 
20 7 12 14 15 16 21 22 23 24 25 28 31 33 38 39 41 42 51 54 57 
55 0 1 2 3 4 5 6 7 8 9 10 11 12 13 14 15 16 17 18 19 20 21 23 24 26 27 28 29 30 31 32 34 35 36 37 38 39 40 41 42 43 44 45 46 47 48 49 50 51 52 53 55 56 58 59 
43 0 4 5 7 8 9 10 12 14 15 16 20 21 22 23 24 25 26 28 30 31 33 34 35 36 37 38 39 41 42 43 44 45 46 49 50 51 52 53 54 56 57 59 
42 0 3 4 7 8 9 12 14 15 16 18 20 21 22 23 24 25 26 27 28 31 33 34 35 37 38 39 41 42 43 44 45 46 48 50 51 52 53 54 56 57 59 
43 0 3 4 7 8 9 12 14 15 16 18 20 21 22 23 24 25 26 27 28 29 31 33 34 35 37 38 39 41 42 43 44 45 46 48 50 51 52 53 54 56 57 59 
23 4 7 9 12 14 15 16 21 22 23 24 25 28 31 33 35 41 42 45 51 54 56 57 
11 16 21 24 25 28 31 33 41 51 54 57 
56 0 1 2 3 4 5 6 7 8 9 10 11 12 13 14 15 16 18 19 20 21 22 23 24 25 26 27 28 29 30 31 33 34 35 36 37 38 39 41 42 43 44 45 46 48 49 50 51 52 53 54 55 56 57 58 59 
17 9 12 14 16 21 22 23 24 25 28 31 33 41 42 51 54 57 
20 7 12 14 15 16 21 22 23 24 25 28 31 33 38 39 41 42 51 54 57 
33 4 7 9 12 14 15 16 21 22 23 24 25 28 31 33 34 35 37 38 39 41 42 43 44 45 46 50 51 53 54 56 57 59 
29 0 7 12 14 15 16 21 22 23 24 25 28 31 33 34 37 38 39 41 42 43 46 50 51 53 54 56 57 59 
32 4 7 9 12 14 15 16 21 22 23 24 25 28 31 33 34 37 38 39 41 42 43 44 45 46 50 51 53 54 56 57 59 
