50 15 1e+07
1.5727 174787
1.91729 198209
2.92413 144683
1.96411 191220
1.46279 137960
1.38625 148254
2.11413 138591
1.40383 113774
1.07992 163910
1.51919 104656
2.64908 153834
1.69139 109113
1.05106 113749
2.01945 196757
1.74717 146584
2.55533 118270
1.72827 117876
1.43294 144558
2.32814 195966
1.61494 162820
1.51319 196547
2.22873 118333
2.1024 151895
1.58233 112544
1.65613 134366
1.38303 163919
1.92779 132663
2.94215 141866
2.52381 108917
1.44542 102599
2.37096 170397
1.43488 115246
1.72697 181452
2.20139 118524
1.90034 147907
1.79617 190904
1.05279 149216
2.05209 194108
1.50354 189463
2.52561 187405
1.91599 195127
1.18383 129967
2.34431 126642
1.56515 170229
1.0585 165571
1.84441 105593
1.06715 164042
1.82352 172033
1.36259 177571
1.43705 114451
0.943148 0.507795 2
0.920556 0.113103 4
0.977859 1 1
0.898637 0.0208701 6
0.93997 0.501117 2
0.981708 1 1
0.970126 1 1
0.983466 1 1
0.950852 0.527593 2
0.927902 0.239524 3
0.893067 0.0196357 6
0.896441 0.0203573 6
0.976903 1 1
0.92952 0.242294 3
0.892063 0.00899134 7
0.966183 0.589977 2
0.943352 0.274231 3
0.959227 0.556917 2
0.911986 0.0509124 5
0.963228 0.574784 2
0.966732 0.593013 2
0.959274 0.557109 2
0.983224 1 1
0.974131 1 1
0.947715 0.518838 2
0.91238 0.0511487 5
0.917446 0.109824 4
0.987985 1 1
0.937765 0.259265 3
0.893253 0.00913215 7
0.897203 0.0205311 6
0.887441 0.00389798 8
0.945267 0.512688 2
0.918464 0.110857 4
0.901606 0.0216258 6
0.911228 0.0504671 5
0.900369 0.0213015 6
0.934448 0.251802 3
0.910908 0.0502828 5
0.912923 0.105647 4
0.889377 0.00869296 7
0.882353 0.00165194 9
0.911973 0.104847 4
0.86387 2.0974e-05 14
0.951915 0.530805 2
0.860427 1.19093e-08 23
0.859326 1.14025e-08 23
0.890304 0.000412377 11
0.917308 0.027371 6
0.867466 3.9857e-07 19
0.859544 1.15006e-08 23
0.849268 2.20731e-11 30
0.885332 0.000169829 12
0.873546 5.35292e-06 16
0.887778 0.000180843 12
0.879979 3.12232e-05 14
0.867301 3.96304e-07 19
0.864776 1.6165e-07 20
0.819796 2.58607e-12 0
0.975926 0.655596 2
0.921237 0.0152994 7
0.901517 0.00056143 11
0.993142 1 1
0.895775 0.000108977 13
0.920245 0.0149262 7
0.961224 0.353341 3
0.950465 0.177989 4
0.967933 0.402531 3
0.931438 0.0371539 6
0.915275 0.00675642 8
0.882121 3.27488e-06 17
0.882333 3.30138e-06 17
0.951228 0.180999 4
0.905527 0.00129158 10
0.903195 0.000591843 11
0.945417 0.280664 3
0.966106 0.589558 2
0.897332 0.0021691 9
0.95259 0.307761 3
0.955131 0.319483 3
0.8942 0.000960684 10
0.888569 0.00039554 11
0.918137 0.0277889 6
0.948246 0.290401 3
0.973757 0.63859 2
0.9842 1 1
0.988663 1 1
0.916422 0.026941 6
0.892425 0.000922792 10
0.89753 0.0021782 9
0.914107 0.0129688 7
0.892703 0.00043792 11
0.978599 0.678805 2
0.881571 3.26754e-05 14
0.911525 0.0122964 7
0.964831 0.582797 2
0.956267 0.325143 3
0.957766 0.333046 3
0.922364 0.0301714 6
0.903239 0.00247849 9
0.869895 4.34031e-07 19
0.871272 4.56184e-07 19
0.94741 0.287403 3
0.907799 0.00562616 8
0.889164 0.000187654 12
0.981291 1 1
0.983974 1 1
0.922081 0.230748 3
0.932114 0.247084 3
0.991747 1 1
0.926256 0.236864 3
0.921575 0.230063 3
0.94588 0.514178 2
0.982337 1 1
0.977064 1 1
0.948264 0.520298 2
0.95744 0.54982 2
0.949982 0.52506 2
0.924996 0.234926 3
0.891277 0.0192818 6
0.936054 0.493844 2
0.942583 0.506552 2
0.91837 0.22597 3
0.977503 1 1
0.945905 0.514239 2
0.903767 0.0466617 5
0.895284 0.0201013 6
0.933661 0.250165 3
0.947314 0.517793 2
0.973321 1 1
0.960314 0.561488 2
0.950942 0.527861 2
0.921899 0.230501 3
0.883401 0.00811063 7
0.932567 0.247968 3
0.889411 0.00869653 7
0.870597 0.000122729 12
0.959044 0.556165 2
0.873418 0.000289621 11
0.888562 0.00396238 8
0.934496 0.251904 3
0.926402 0.237093 3
0.934536 0.251988 3
0.899384 0.0210531 6
0.885847 0.00381053 8
0.855052 1.4255e-06 17
0.853678 5.96721e-07 18
0.919477 0.111923 4
0.879245 0.00157537 9
0.895176 0.00937207 7
0.886807 8.21017e-05 13
0.882192 3.32725e-05 14
0.921741 0.0297919 6
0.929395 0.0658202 5
0.893072 0.000442103 11
0.889939 0.000191657 12
0.879293 1.40146e-05 15
0.916127 0.0135524 7
0.900561 0.00232806 9
0.910458 0.0120403 7
0.894522 0.000459267 11
0.884293 3.54286e-05 14
0.894537 0.000459453 11
0.847617 8.79732e-12 0
0.978218 0.675334 2
0.942726 0.272384 3
0.919595 0.11205 4
0.975087 1 1
0.895573 0.00442836 8
0.938928 0.262115 3
0.985582 1 1
0.973945 1 1
0.980151 1 1
0.949538 0.5238 2
0.925632 0.119329 4
0.890867 0.00410278 8
0.894695 0.0043632 8
0.977724 1 1
0.932178 0.247207 3
0.888559 0.00183133 9
0.88936 0.000403057 11
0.872797 2.36163e-06 17
0.957656 0.332451 3
0.884122 7.61267e-05 13
0.890058 0.000409911 11
0.926463 0.0624993 5
0.917026 0.0272324 6
0.934501 0.133672 4
0.900785 0.00233996 9
0.8914 0.000423705 11
0.862251 2.89535e-08 22
0.859149 4.98256e-09 24
0.915886 0.0266883 6
0.871963 2.29913e-06 17
0.910911 0.0121475 7
0.911604 0.0506863 5
0.888677 0.0039691 8
0.964062 0.578885 2
0.869702 0.000120621 12
0.90728 0.0483327 5
0.969486 1 1
0.965127 0.584337 2
0.949518 0.523744 2
0.917412 0.10979 4
0.895036 0.00935404 7
0.861491 8.74308e-06 15
0.864538 2.12838e-05 14
0.94663 0.516044 2
0.915578 0.10802 4
0.873868 0.000291987 11
0.933145 0.13113 4
0.927629 0.0637695 5
0.946 0.282579 3
0.951645 0.303712 3
0.939931 0.145435 4
0.923027 0.030588 6
0.912788 0.0126158 7
0.954446 0.316195 3
0.94754 0.287863 3
0.95562 0.321886 3
0.929351 0.0657666 5
0.92346 0.0595063 5
0.935232 0.135102 4
0.888355 0.000183625 12
0.943122 0.153745 4
0.940153 0.501483 2
0.939776 0.500734 2
0.934023 0.250913 3
0.963781 0.577488 2
0.948719 0.52153 2
0.916853 0.109238 4
0.907604 0.048497 5
0.947921 0.519382 2
0.953622 0.536248 2
0.970162 1 1
0.945608 0.513513 2
0.939311 0.499823 2
0.933166 0.249159 3
0.890222 0.0087841 7
0.936304 0.255862 3
0.931063 0.127496 4
0.951403 0.302699 3
0.888163 0.000842692 10
0.958913 0.555634 2
0.940818 0.267033 3
0.882291 0.000157695 12
0.876211 2.81785e-05 14
0.907462 0.0113805 7
0.934843 0.134335 4
0.962698 0.572244 2
0.999553 1 1
0.982337 1 1
0.903743 0.0106683 7
0.878695 6.6076e-05 13
0.900476 0.00483655 8
0.940126 0.265189 3
0.916831 0.109217 4
0.974588 1 1
0.89262 0.00905665 7
0.936066 0.255325 3
0.987816 1 1
0.975994 1 1
0.976925 1 1
0.946538 0.515812 2
0.92249 0.115336 4
0.887844 0.00392084 8
0.891743 0.00415917 8
0.975565 1 1
0.932146 0.247145 3
0.886476 0.00176664 9
0.901907 0.0217069 6
0.88705 0.00178398 9
0.965219 0.584816 2
0.901887 0.0217014 6
0.903826 0.0222441 6
0.930138 0.125976 4
0.919523 0.111972 4
0.94604 0.28271 3
0.91443 0.0524365 5
0.907799 0.0234838 6
0.879045 0.000322044 11
0.875205 0.000134692 12
0.924764 0.118178 4
0.877586 0.000313006 11
0.925889 0.119677 4
0.892111 0.00418343 8
0.880985 0.000334842 11
0.945924 0.282325 3
0.909206 0.0239697 6
0.895814 0.00444659 8
0.911313 0.0505162 5
0.900616 0.0101463 7
0.931731 0.246349 3
0.905489 0.022741 6
0.905351 0.0226986 6
0.880936 0.000334507 11
0.874461 5.97041e-05 13
0.909545 0.0240909 6
0.861915 1.70803e-06 17
0.94433 0.277209 3
0.912649 0.0252786 6
0.893261 0.0019975 9
0.984105 1 1
0.890551 0.000885826 10
0.911761 0.0249233 6
0.9546 0.539534 2
0.944579 0.277989 3
0.958972 0.555872 2
0.92286 0.0589516 5
0.907691 0.011428 7
0.875226 2.74625e-05 14
0.874875 1.23071e-05 15
0.942668 0.272215 3
0.898497 0.0046621 8
0.902494 0.00502989 8
0.951652 0.18272 4
0.967009 0.394875 3
0.908905 0.00286659 9
0.957605 0.332173 3
0.962086 0.358891 3
0.903981 0.00123501 10
0.897634 0.000240896 12
0.929446 0.0353542 6
0.9574 0.33107 3
0.98617 0.760827 2
0.975714 0.653857 2
0.975946 0.655753 2
0.925834 0.0324978 6
0.897034 0.000236325 12
0.906086 0.00131314 10
0.981055 1 1
0.959481 0.557967 2
0.923433 0.232636 3
0.898862 0.044621 5
0.97034 1 1
0.943672 0.50897 2
0.943988 0.509688 2
0.945779 0.513931 2
0.96863 1 1
0.941993 0.50528 2
0.914159 0.106726 4
0.925709 0.236012 3
0.96467 1 1
0.960475 1 1
0.86665 0.000257856 11
0.93609 0.493906 2
0.922753 0.231676 3
0.969619 1 1
0.928917 0.241242 3
0.939492 0.500177 2
0.943463 0.508497 2
0.932452 0.247743 3
0.973494 1 1
0.949994 0.525094 2
0.944119 0.509991 2
0.912251 0.105079 4
0.909915 0.103197 4
0.950595 0.526835 2
0.900561 0.0452932 5
0.927912 0.23954 3
0.942829 0.50709 2
0.947566 0.518448 2
0.923891 0.117058 4
0.969943 1 1
0.952558 0.532813 2
0.910484 0.0500421 5
0.902076 0.0217528 6
0.9403 0.265648 3
0.954536 0.539315 2
0.978989 1 1
0.958187 0.552727 2
0.951433 0.529334 2
0.929031 0.241439 3
0.890117 0.00877261 7
0.928982 0.241355 3
0.986123 0.760236 2
0.96603 0.387094 3
0.938814 0.142786 4
0.922936 0.03053 6
0.986411 0.763904 2
0.945404 0.160445 4
0.940244 0.146198 4
0.963435 0.367996 3
0.996186 1 1
0.965184 0.380632 3
0.931157 0.0680311 5
0.938386 0.0791931 5
0.969521 0.609525 2
0.935871 0.0748831 5
0.891944 9.59666e-05 13
0.914965 0.00670097 8
0.896156 0.000229892 12
0.986595 0.766275 2
0.895056 0.000222237 12
0.914553 0.00662867 8
0.953593 0.312236 3
0.943106 0.1537 4
0.961635 0.355961 3
0.925693 0.0323958 6
0.911511 0.00613725 8
0.879174 1.34951e-06 18
0.878479 1.31377e-06 18
0.943775 0.155592 4
0.898171 0.00050813 11
0.906782 0.00270867 9
0.924209 0.031362 6
0.912231 0.00315025 9
0.965645 0.384118 3
0.927857 0.0340376 6
0.928051 0.0341927 6
0.934612 0.0729064 5
0.923474 0.0162105 7
0.962038 0.358575 3
0.938119 0.0787121 5
0.935571 0.0744022 5
0.906352 0.00132363 10
0.902251 0.000574397 11
0.939 0.0803256 5
0.88944 4.17763e-05 14
0.936822 0.0764545 5
0.942081 0.150905 4
0.935247 0.073889 5
0.949298 0.294321 3
0.94877 0.292332 3
0.94862 0.291775 3
0.929663 0.0661453 5
0.919703 0.0147297 7
0.961491 0.355037 3
0.956657 0.327152 3
0.96179 0.356963 3
0.9319 0.0690163 5
0.927927 0.0641043 5
0.943505 0.154823 4
0.896804 0.000488799 11
0.934071 0.072092 5
0.951504 0.529549 2
0.940403 0.26592 3
0.956585 0.5466 2
0.938865 0.261956 3
0.956493 0.546261 2
0.94113 0.267879 3
0.931363 0.245649 3
0.973141 1 1
0.966216 0.590159 2
0.96207 0.569309 2
0.92815 0.122898 4
0.927112 0.121384 4
0.955991 0.544427 2
0.908333 0.0488736 5
0.922531 0.115385 4
0.934097 0.1329 4
0.921764 0.0579743 5
0.966701 0.592838 2
0.931304 0.1279 4
0.937976 0.140882 4
0.939931 0.26468 3
0.928956 0.124116 4
0.969939 0.612172 2
0.94818 0.29016 3
0.944276 0.277041 3
0.913233 0.0255192 6
0.910243 0.01199 7
0.947272 0.28692 3
0.8975 0.00217681 9
0.931392 0.12805 4
0.881658 0.00795858 7
0.870684 0.0006206 10
0.936955 0.495432 2
0.901143 0.0455315 5
0.885281 0.00828301 7
0.902677 0.046181 5
0.892254 0.0194727 6
0.921371 0.229789 3
0.894854 0.0431599 5
0.895051 0.0432277 5
0.871781 0.00141858 9
0.864856 0.000250468 11
0.899603 0.0449101 5
0.852754 7.20934e-06 15
0.942027 0.505353 2
0.956103 0.544832 2
0.952445 0.532457 2
0.939578 0.500344 2
0.95139 0.529201 2
0.964286 0.580014 2
0.928464 0.240468 3
0.919946 0.11243 4
0.958388 0.553522 2
0.970013 1 1
0.979019 1 1
0.945075 0.51223 2
0.943646 0.50891 2
0.947262 0.517659 2
0.905374 0.0474022 5
0.921337 0.113985 4
0.905257 0.0109454 7
0.910102 0.0242933 6
0.907014 0.0232241 6
0.975831 0.65481 2
0.914306 0.0259766 6
0.884288 0.000358987 11
0.874704 2.70952e-05 14
0.914537 0.0525061 5
0.917486 0.0545512 5
0.939853 0.264475 3
0.936355 0.255976 3
0.922652 0.0587632 5
0.897936 0.00461514 8
0.856061 2.30254e-08 22
0.96168 0.567523 2
0.877579 0.00153735 9
0.860204 1.93952e-05 14
0.946257 0.51511 2
0.86977 0.000271668 11
0.877567 0.00153706 9
0.91936 0.111798 4
0.911143 0.104168 4
0.922362 0.231134 3
0.888227 0.00857271 7
0.877494 0.00153545 9
0.848385 2.23189e-07 19
0.845667 3.79587e-08 21
0.9058 0.0476049 5
0.864939 4.86553e-05 13
0.898375 0.0208069 6
0.907234 0.101199 4
0.889611 0.0189683 6
0.97714 1 1
0.89426 0.0429567 5
0.907524 0.101407 4
0.943768 0.509187 2
0.933499 0.489588 2
0.953432 0.535624 2
0.918532 0.226167 3
0.906815 0.100901 4
0.875683 0.00334278 8
0.873865 0.00145904 9
0.934501 0.491215 2
0.888896 0.0188383 6
0.911485 0.104446 4
0.869525 0.000270536 11
0.851484 1.30466e-06 17
0.937704 0.496791 2
0.858915 1.88842e-05 14
0.868926 0.000267802 11
0.914406 0.106947 4
0.907234 0.0483097 5
0.913753 0.106366 4
0.87951 0.00350292 8
0.86757 0.000261797 11
0.838318 5.4785e-09 23
0.836055 9.07063e-10 25
0.898878 0.0446272 5
0.86066 4.4753e-05 13
0.887589 0.00850779 7
0.954057 0.537692 2
0.934069 0.251009 3
0.971626 1 1
0.915535 0.10798 4
0.953521 0.535916 2
0.965368 1 1
0.955183 0.541552 2
0.997004 1 1
0.965114 1 1
0.945143 0.512392 2
0.909764 0.10308 4
0.912273 0.105098 4
0.976738 1 1
0.925218 0.235261 3
0.90372 0.0466405 5
0.964212 0.373488 3
0.949627 0.1748 4
0.954312 0.315563 3
0.931925 0.0690502 5
0.967809 0.599167 2
0.94791 0.168631 4
0.9393 0.143923 4
0.977026 0.664826 2
0.978753 0.680227 2
0.964639 0.376591 3
0.928554 0.0346027 6
0.930676 0.0674095 5
0.966746 0.59309 2
0.920588 0.0150531 7
0.909982 0.00591596 8
0.951545 0.529673 2
0.969234 0.607738 2
0.905491 0.0227415 6
0.954463 0.539064 2
0.961749 0.567837 2
0.901818 0.0216828 6
0.895848 0.00945969 7
0.926408 0.120392 4
0.955886 0.544049 2
0.982608 1 1
0.977622 1 1
0.980418 1 1
0.923985 0.117176 4
0.897323 0.00965943 7
0.902011 0.0217352 6
0.875891 0.000303082 11
0.87005 5.41099e-05 13
0.917018 0.1094 4
0.915667 0.108103 4
0.88157 0.000742661 10
0.884134 0.0016995 9
0.873575 0.000130232 12
0.908043 0.0487224 5
0.889496 0.00401793 8
0.897546 0.00969063 7
0.88115 0.000737077 10
0.87118 0.000124136 12
0.886279 0.00176078 9
0.839508 1.84138e-10 27
0.969093 0.606866 2
0.92736 0.23863 3
0.926729 0.237613 3
0.931902 0.487101 2
0.965318 1 1
0.935547 0.49297 2
0.910086 0.10333 4
0.900253 0.0451689 5
0.941232 0.503679 2
0.940991 0.503181 2
0.957051 0.548342 2
0.937735 0.496846 2
0.929046 0.241466 3
0.923838 0.233218 3
0.879366 0.0034966 8
0.949616 0.524018 2
0.954798 0.317873 3
0.95412 0.314666 3
0.934522 0.0727698 5
0.955608 0.321828 3
0.963783 0.370432 3
0.923723 0.0310386 6
0.915438 0.0133472 7
0.953234 0.310611 3
0.967854 0.599427 2
0.983023 0.7235 2
0.95013 0.297545 3
0.948054 0.169129 4
0.942968 0.153315 4
0.90272 0.001192 10
0.921627 0.0297232 6
0.977178 1 1
0.951352 0.529089 2
0.942486 0.506341 2
0.904454 0.0469732 5
0.969296 1 1
0.960371 0.561731 2
0.957762 0.551063 2
0.964898 1 1
0.975492 1 1
0.945127 0.512355 2
0.912227 0.105059 4
0.920578 0.228745 3
0.984005 1 1
0.953019 0.534284 2
0.879099 0.00157198 9
0.875206 1.24235e-05 15
0.855901 4.36938e-09 24
0.9429 0.272894 3
0.857612 1.06691e-08 23
0.873741 1.19223e-05 15
0.923685 0.0597176 5
0.917308 0.027371 6
0.919025 0.0557157 5
0.884348 0.000165726 12
0.869956 2.15871e-06 17
0.839498 5.98892e-12 0
0.8384 5.69787e-12 0
0.906215 0.0111295 7
0.870083 2.16723e-06 17
0.881532 7.10273e-05 13
0.887043 0.00387571 8
0.869313 5.32611e-05 13
0.956486 0.546236 2
0.876636 0.00030737 11
0.886934 0.0038697 8
0.928635 0.240759 3
0.919964 0.112449 4
0.932307 0.247459 3
0.897719 0.0206513 6
0.886245 0.00383192 8
0.856342 1.47316e-06 17
0.854057 6.02833e-07 18
0.915518 0.107964 4
0.873661 0.000290894 11
0.901678 0.0216452 6
0.937687 0.140241 4
0.916404 0.0136369 7
0.913734 0.0128669 7
0.861177 2.39902e-09 25
0.927544 0.0636746 5
0.947208 0.286695 3
0.956231 0.32496 3
0.926848 0.062912 5
0.929578 0.066041 5
0.901266 0.00114564 10
0.872943 4.85329e-07 19
0.884022 3.51381e-05 14
0.949215 0.294006 3
0.988783 1 1
0.838531 5.73181e-12 0
0.976039 0.65652 2
0.952815 0.308749 3
0.94988 0.296564 3
0.915205 0.0263757 6
0.972799 0.63156 2
0.958722 0.338359 3
0.952885 0.309056 3
0.974382 0.643332 2
0.983126 0.724651 2
0.95413 0.314713 3
0.919236 0.0283662 6
0.925491 0.0614882 5
0.98282 0.721258 2
0.940204 0.1461 4
0.891123 0.000420783 11
0.932006 0.246875 3
0.907666 0.0485288 5
0.935657 0.254413 3
0.864833 0.000110181 12
0.923468 0.232685 3
0.971142 1 1
0.98271 1 1
0.941949 0.505186 2
0.929729 0.242663 3
0.901085 0.0455077 5
0.869018 0.000268221 11
0.877153 0.00152791 9
0.959623 0.55856 2
0.960204 0.561015 2
0.851439 1.30322e-06 17
0.887254 0.00179024 9
0.866512 2.22431e-05 14
0.952757 0.533443 2
0.860864 3.7799e-06 16
0.884768 0.00171714 9
0.939495 0.263551 3
0.933873 0.250603 3
0.930035 0.24321 3
0.895335 0.00939263 7
0.877979 0.00031539 11
0.846124 7.06639e-09 23
0.846509 7.15873e-09 23
0.920004 0.112493 4
0.885853 0.00174824 9
0.877893 0.000314867 11
46 0 1 2 3 4 6 7 8 9 10 11 12 13 14 15 17 18 19 20 21 23 24 25 26 27 28 29 30 31 32 33 34 35 36 37 38 39 40 41 42 43 44 45 47 48 49 
43 0 1 2 3 4 6 7 9 10 11 12 13 14 15 17 18 19 20 22 23 25 26 27 28 29 30 31 32 34 35 36 37 38 40 41 42 43 44 45 46 47 48 49 
20 2 3 4 6 9 10 12 13 18 19 20 26 31 34 35 36 40 44 45 49 
45 0 1 2 3 4 6 8 9 10 11 12 13 14 15 17 18 19 20 22 23 24 25 26 27 28 29 30 31 32 33 34 35 36 37 38 40 41 42 43 44 45 46 47 48 49 
39 0 1 2 3 4 6 9 10 11 12 13 14 17 18 19 20 22 23 25 26 27 28 29 30 31 32 34 35 36 37 38 40 43 44 45 46 47 48 49 
22 2 3 4 6 9 10 12 13 17 18 19 20 26 27 31 34 35 36 40 44 45 49 
22 2 3 4 6 9 10 12 13 17 18 19 20 26 27 31 34 35 36 40 44 45 49 
27 0 2 3 4 6 9 10 11 12 13 17 18 19 20 23 26 27 30 31 34 35 36 40 44 45 48 49 
43 0 1 2 3 4 6 9 10 11 12 13 14 15 17 18 19 20 23 24 25 26 27 28 29 30 31 32 33 34 35 36 37 38 40 41 42 43 44 45 46 47 48 49 
43 0 1 2 3 4 6 7 9 10 11 12 13 14 15 17 18 19 20 22 23 25 26 27 28 29 30 31 32 34 35 36 37 38 40 41 42 43 44 45 46 47 48 49 
49 0 1 2 3 4 5 6 7 8 9 10 11 12 13 14 15 16 17 18 19 20 21 22 23 24 25 26 27 28 29 30 31 32 33 34 35 36 37 38 39 40 41 42 43 45 46 47 48 49 
49 0 1 2 3 4 5 6 7 8 9 10 11 12 13 14 15 16 17 18 19 20 21 22 23 24 25 26 27 28 29 30 31 32 33 34 35 36 37 38 39 40 41 42 43 45 46 47 48 49 
36 0 1 2 3 4 6 9 10 11 12 13 14 15 17 18 19 20 23 26 27 28 29 30 31 33 34 35 36 37 38 40 41 44 45 48 49 
42 0 1 2 4 6 8 9 11 12 13 14 15 17 18 19 20 23 24 25 26 27 28 29 30 31 32 33 34 35 36 37 38 40 41 42 43 44 45 46 47 48 49 
42 0 1 2 3 4 6 7 9 10 11 12 13 14 15 17 18 19 20 22 23 25 26 27 28 29 30 31 32 34 35 36 37 38 40 41 42 43 44 45 47 48 49 
