70 15 1e+07
2.42194 125180
1.25706 181891
2.03347 113002
2.78767 171566
1.40503 191419
1.00495 146703
2.64939 155854
2.4252 145162
2.8611 198928
1.73086 161152
2.8211 150766
1.12745 196750
1.41927 128697
1.60214 139238
1.27834 168771
2.3578 101726
1.90387 141225
1.10932 102628
1.03823 135856
1.45095 126118
1.37461 122098
1.27249 182367
1.00967 151489
2.03943 160123
2.66966 143730
2.1334 194403
1.268 120691
1.92129 157194
1.27294 157201
1.01017 187130
2.27237 195087
1.54443 148529
2.71456 173810
2.73256 148417
2.14687 121427
1.27068 174614
1.59428 103981
1.30181 122990
2.30202 192486
2.1807 162104
2.78021 180635
2.53062 149947
1.37589 117769
1.22463 106755
1.04519 107428
2.8869 117824
2.11183 116665
2.17106 111915
2.17151 100857
1.54128 120679
2.77051 165459
1.27402 165023
1.33703 135404
1.14669 111545
2.19281 122811
1.52496 169886
1.19478 197819
1.77311 151565
1.62079 150780
1.98583 144367
2.52783 172017
1.08716 132516
1.19402 175931
1.7349 129048
2.06353 154053
2.34917 197360
2.80847 182460
1.94419 185081
1.35462 135565
2.36081 114482
0.926454 0.120455 4
0.975768 0.654297 2
0.922627 0.0587404 5
0.953763 0.536715 2
0.97724 0.666671 2
0.958222 0.552865 2
0.898058 0.00462527 8
0.922108 0.0582767 5
0.877491 6.415e-05 13
0.914075 0.0258762 6
0.937282 0.258119 3
0.890224 0.00087967 10
0.929525 0.125001 4
0.977565 0.669509 2
0.888321 0.000845415 10
0.93001 0.12577 4
0.873202 5.80105e-05 13
0.922118 0.114894 4
0.869762 2.39833e-05 14
0.891175 0.00412239 8
0.8711 5.53576e-05 13
0.887964 0.00181233 9
0.828626 3.72256e-12 0
0.919791 0.112262 4
0.833874 4.66156e-12 0
0.922372 0.115196 4
0.980174 1 1
0.863127 4.00384e-06 16
0.890785 0.00409759 8
0.874394 0.000132439 12
0.937176 0.077056 5
0.948112 0.169332 4
0.946371 0.163496 4
0.968544 0.603524 2
0.938665 0.142444 4
0.964648 0.376654 3
0.960145 0.346683 3
0.941853 0.150301 4
0.91926 0.0145728 7
0.953877 0.313538 3
0.897447 0.000497722 11
0.889738 4.21977e-05 14
0.986271 0.762109 2
0.918322 0.0142514 7
0.955897 0.323271 3
0.956848 0.54758 2
0.971696 1 1
0.959556 0.55828 2
0.976416 1 1
0.971394 0.621747 2
0.977527 1 1
0.941492 0.268878 3
0.930005 0.243154 3
0.916069 0.0535397 5
0.932944 0.248715 3
0.92868 0.240835 3
0.908785 0.0491119 5
0.962198 0.569902 2
0.950544 0.526688 2
0.930715 0.244444 3
0.960053 0.560371 2
0.901107 0.0214933 6
0.950871 0.52765 2
0.898099 0.0207411 6
0.918881 0.111291 4
0.899454 0.0210704 6
0.91186 0.0508374 5
0.855603 1.44558e-06 17
0.935244 0.253507 3
0.8607 8.58484e-06 15
0.941977 0.505245 2
0.988031 1 1
0.890754 0.00884276 7
0.915906 0.108328 4
0.89728 0.0205489 6
0.98436 1 1
0.942253 0.505838 2
0.973563 1 1
0.93804 0.497411 2
0.959638 0.558622 2
0.939907 0.500993 2
0.930378 0.243828 3
0.893261 0.0196752 6
0.928569 0.240646 3
0.896448 0.0437211 5
0.955483 0.542608 2
0.945028 0.512117 2
0.926411 0.237107 3
0.950836 0.527546 2
0.915757 0.22292 3
0.951133 0.301584 3
0.888497 4.04835e-05 14
0.947071 0.165787 4
0.889373 4.16818e-05 14
0.903659 0.00122375 10
0.88991 4.2445e-05 14
0.917457 0.0139672 7
0.848842 9.34961e-12 0
0.951355 0.302501 3
0.856404 1.38845e-11 0
0.919712 0.0147329 7
0.976295 0.658639 2
0.886587 1.77869e-05 15
0.897554 0.000499246 11
0.903878 0.00123141 10
0.998924 1 1
0.934933 0.252837 3
0.987084 1 1
0.935447 0.253952 3
0.948888 0.521992 2
0.936352 0.255971 3
0.941817 0.269783 3
0.891699 0.00415634 8
0.942706 0.272327 3
0.89736 0.00966466 7
0.942341 0.271272 3
0.947749 0.518927 2
0.928624 0.240741 3
0.937413 0.258428 3
0.926633 0.120705 4
0.951304 0.528942 2
0.964857 0.582931 2
0.957275 0.549191 2
0.979085 1 1
0.959343 0.557397 2
0.977567 1 1
0.950189 0.525655 2
0.936131 0.255471 3
0.918801 0.111208 4
0.941995 0.505285 2
0.917095 0.109475 4
0.902512 0.0461094 5
0.973596 1 1
0.938588 0.261269 3
0.940912 0.503018 2
0.942534 0.152123 4
0.932277 0.069529 5
0.954175 0.314922 3
0.950075 0.29733 3
0.927955 0.0641366 5
0.946895 0.285608 3
0.980958 0.701588 2
0.922846 0.0304733 6
0.937346 0.139495 4
0.936775 0.13827 4
0.894441 0.00045828 11
0.898086 0.00105486 10
0.965743 0.587598 2
0.908331 0.00569408 8
0.974131 0.641413 2
0.963551 0.576357 2
0.954553 0.539371 2
0.971062 0.619511 2
0.965047 0.58392 2
0.955617 0.543085 2
0.964136 0.579255 2
0.958168 0.552649 2
0.922974 0.0590559 5
0.931639 0.128469 4
0.930299 0.126236 4
0.921388 0.0576493 5
0.914197 0.0259291 6
0.962867 0.573048 2
0.936018 0.13669 4
0.946032 0.282684 3
0.946197 0.51496 2
0.940476 0.502132 2
0.935778 0.254681 3
0.925157 0.235169 3
0.962068 0.5693 2
0.928786 0.241017 3
0.896221 0.0203079 6
0.884164 0.00372289 8
0.893056 0.0196335 6
0.881465 0.00359165 8
0.984245 1 1
0.927923 0.239558 3
0.905827 0.0476178 5
0.973593 1 1
0.882862 0.00365824 8
0.937421 0.258447 3
0.947208 0.517519 2
0.928412 0.24038 3
0.929186 0.241709 3
0.966956 0.594268 2
0.933207 0.249244 3
0.89192 0.0089748 7
0.89063 0.00882896 7
0.884279 0.00372872 8
0.886002 0.00381883 8
0.972376 1 1
0.914962 0.107451 4
0.907866 0.0486314 5
0.984884 1 1
0.87937 0.00157831 9
0.964294 0.580055 2
0.941914 0.270056 3
0.953251 0.310689 3
0.931194 0.127714 4
0.963375 0.575497 2
0.934143 0.132986 4
0.911637 0.0123239 7
0.88753 0.000386043 11
0.910232 0.0119874 7
0.887582 0.000386514 11
0.974938 0.647656 2
0.940454 0.266058 3
0.914899 0.0262381 6
0.964064 0.578895 2
0.897603 0.00218161 9
0.980569 0.697674 2
0.916301 0.0136054 7
0.973184 0.634347 2
0.916334 0.0136153 7
0.93164 0.068667 5
0.917179 0.0138786 7
0.932772 0.0702151 5
0.873719 2.26877e-07 20
0.949053 0.172684 4
0.88002 3.02797e-06 17
0.939005 0.143231 4
0.96595 0.38647 3
0.910954 0.00605478 8
0.923635 0.0309812 6
0.917699 0.0140457 7
0.94377 0.275489 3
0.973045 0.633338 2
0.938686 0.261512 3
0.954653 0.539716 2
0.992413 1 1
0.958862 0.555428 2
0.908951 0.0116977 7
0.914697 0.0261482 6
0.892489 0.00196808 9
0.910444 0.0244197 6
0.951077 0.301355 3
0.907424 0.0113727 7
0.932045 0.129172 4
0.985679 1 1
0.89759 0.00458671 8
0.929975 0.243101 3
0.969543 0.609667 2
0.935192 0.253395 3
0.991428 1 1
0.952686 0.533219 2
0.986933 1 1
0.935275 0.253575 3
0.957847 0.551393 2
0.899212 0.0210107 6
0.960443 0.562045 2
0.904197 0.0223524 6
0.882556 0.00165721 9
0.981831 1 1
0.933316 0.249462 3
0.93022 0.243543 3
0.961519 0.355215 3
0.918077 0.0141698 7
0.948994 0.29317 3
0.910073 0.00592871 8
0.938479 0.142018 4
0.912422 0.00627696 8
0.90551 0.00262154 9
0.866718 1.54755e-08 23
0.916591 0.0136943 7
0.868664 3.75244e-08 22
0.969461 0.609149 2
0.963868 0.371038 3
0.897333 0.000496129 11
0.940006 0.145617 4
0.890828 9.26416e-05 13
0.911468 0.050607 5
0.952077 0.531307 2
0.905523 0.0227513 6
0.930612 0.126748 4
0.957917 0.551665 2
0.934947 0.252865 3
0.877494 0.000141432 12
0.90357 0.0221703 6
0.860972 7.3177e-07 18
0.893641 0.00428777 8
0.938596 0.261289 3
0.882974 0.000761924 10
0.906944 0.0232013 6
0.972689 0.630771 2
0.867367 1.00754e-05 15
0.936172 0.0753733 5
0.884755 1.67022e-05 15
0.943995 0.156227 4
0.894937 0.000464405 11
0.891461 0.000199966 12
0.893451 0.0002118 12
0.950976 0.300938 3
0.862674 2.56686e-09 25
0.992251 1 1
0.875582 1.1786e-06 18
0.884713 1.66786e-05 15
0.924156 0.0313268 6
0.903275 0.00248067 9
0.877731 2.78919e-06 17
0.942598 0.152299 4
0.963894 0.578046 2
0.945564 0.281143 3
0.974093 0.641119 2
0.957416 0.549728 2
0.946946 0.285784 3
0.955982 0.544396 2
0.966861 0.593731 2
0.918177 0.0550653 5
0.939627 0.263891 3
0.927382 0.121771 4
0.916356 0.0537398 5
0.915727 0.0533038 5
0.960053 0.560371 2
0.927951 0.122602 4
0.953744 0.536651 2
0.92838 0.123241 4
0.965493 0.586264 2
0.922704 0.115593 4
0.944201 0.276808 3
0.975991 1 1
0.94862 0.521258 2
0.89374 0.00429477 8
0.910488 0.0500438 5
0.877292 0.000311236 11
0.90318 0.0220592 6
0.947783 0.519017 2
0.896377 0.00953012 7
0.92053 0.113073 4
0.988169 1 1
0.883009 0.000762418 10
0.957359 0.330853 3
0.943665 0.155278 4
0.968023 0.600421 2
0.957942 0.334008 3
0.942675 0.152508 4
0.955853 0.32305 3
0.971063 0.619516 2
0.921516 0.0154075 7
0.938389 0.0791979 5
0.931944 0.0690749 5
0.910181 0.00296984 9
0.910019 0.00295634 9
0.964458 0.375269 3
0.923227 0.0161048 7
0.959141 0.340759 3
0.991597 1 1
0.941739 0.149999 4
0.983968 0.734194 2
0.941309 0.148882 4
0.955902 0.323294 3
0.942476 0.151967 4
0.940539 0.146929 4
0.896883 0.000489875 11
0.936858 0.0765146 5
0.901725 0.00115992 10
0.945102 0.159518 4
0.942558 0.152191 4
0.93274 0.0701704 5
0.943711 0.155408 4
0.925682 0.0323882 6
0.917202 0.027319 6
0.951142 0.301622 3
0.924439 0.0604402 5
0.971993 0.62586 2
0.934034 0.13278 4
0.967661 0.598301 2
0.936382 0.137442 4
0.966984 0.594424 2
0.895338 0.000469459 11
0.977419 0.668229 2
0.886991 8.25394e-05 13
0.870125 4.37629e-07 19
0.987379 1 1
0.91505 0.0132346 7
0.935639 0.135917 4
0.921958 0.029923 6
0.981551 0.707687 2
0.92418 0.0313431 6
0.982388 0.716564 2
0.959299 0.341674 3
0.984304 0.738099 2
0.91651 0.0136694 7
0.957656 0.332451 3
0.884239 1.64153e-05 15
0.950872 0.300518 3
0.908812 0.00285934 9
0.877004 1.24226e-06 18
0.961257 0.35355 3
0.943704 0.15539 4
0.910605 0.00600417 8
0.959742 0.559056 2
0.969201 0.607534 2
0.962435 0.571009 2
0.973553 0.637067 2
0.970791 0.617704 2
0.974564 0.644734 2
0.942824 0.272671 3
0.927392 0.121786 4
0.918499 0.0553099 5
0.930736 0.126951 4
0.930011 0.125772 4
0.911432 0.0505858 5
0.960535 0.562441 2
0.950243 0.52581 2
0.931572 0.128356 4
0.927775 0.122343 4
0.910775 0.0245437 6
0.940053 0.264998 3
0.928902 0.124033 4
0.906691 0.0231195 6
0.925517 0.119175 4
0.984759 1 1
0.908827 0.0238363 6
0.941659 0.269341 3
0.925338 0.118935 4
0.876905 6.32469e-05 13
0.889324 0.000863138 10
0.947706 0.288453 3
0.887732 0.00083535 10
0.997141 1 1
0.896431 0.020355 6
0.932949 0.248725 3
0.904044 0.0467865 5
0.951288 0.528896 2
0.914262 0.106818 4
0.947474 0.518208 2
0.921992 0.114745 4
0.976124 1 1
0.879362 0.000714223 10
0.9966 1 1
0.867288 5.10419e-05 13
0.850479 2.36408e-07 19
0.966137 0.589729 2
0.896602 0.0203936 6
0.925218 0.235261 3
0.935469 0.135574 4
0.989454 1 1
0.933404 0.131605 4
0.967768 0.598922 2
0.984534 1 1
0.972305 0.628042 2
0.911508 0.0248245 6
0.930726 0.126936 4
0.888454 0.000394464 11
0.925089 0.0610821 5
0.934331 0.133344 4
0.894703 0.00205499 9
0.943358 0.274248 3
0.971001 0.619101 2
0.901933 0.00497449 8
0.97637 0.659265 2
0.946928 0.285722 3
0.984102 1 1
0.953459 0.311626 3
0.953577 0.312165 3
0.953291 0.310868 3
0.956825 0.547493 2
0.910686 0.0245103 6
0.939964 0.264764 3
0.917784 0.0276093 6
0.928334 0.123172 4
0.926583 0.0626276 5
0.950001 0.297037 3
0.936218 0.137102 4
0.942553 0.271882 3
0.974093 0.641119 2
0.91611 0.0267933 6
0.98086 1 1
0.92223 0.0583849 5
0.926078 0.0620938 5
0.921811 0.0580159 5
0.955283 0.541902 2
0.882711 0.000159279 12
0.968336 0.602278 2
0.892078 0.000915733 10
0.919233 0.055879 5
0.945285 0.280237 3
0.923274 0.0593328 5
0.912999 0.0254221 6
0.9402 0.265383 3
0.971081 0.619635 2
0.920765 0.113336 4
0.982134 1 1
0.929082 0.241529 3
0.928305 0.123129 4
0.928209 0.122986 4
0.965235 0.584902 2
0.890776 0.00409703 8
0.966679 0.592713 2
0.900951 0.0214523 6
0.914961 0.052786 5
0.935419 0.25389 3
0.932196 0.247242 3
0.913331 0.0517341 5
0.949756 0.524415 2
0.976234 1 1
0.923825 0.116974 4
0.963671 0.576947 2
0.918872 0.0555969 5
0.942553 0.271882 3
0.920712 0.0570776 5
0.919631 0.0561942 5
0.875017 6.048e-05 13
0.929563 0.125061 4
0.878513 0.000144628 12
0.958872 0.555465 2
0.963889 0.578022 2
0.908354 0.0236723 6
0.938929 0.262117 3
0.904699 0.0225012 6
0.91074 0.00301719 9
0.95331 0.310955 3
0.916897 0.00706037 8
0.971086 0.619671 2
0.933843 0.0717542 5
0.967569 0.39948 3
0.925715 0.0324115 6
0.977185 0.666201 2
0.885778 8.07928e-06 16
0.980665 0.698636 2
0.885363 7.955e-06 16
0.864077 5.43905e-10 27
0.976855 0.663363 2
0.916122 0.00691208 8
0.9248 0.0317654 6
0.948383 0.520617 2
0.901624 0.0216307 6
0.936672 0.256701 3
0.893972 0.00431114 8
0.921783 0.114501 4
0.896186 0.00950458 7
0.894749 0.00436717 8
0.851327 1.95494e-08 22
0.912591 0.0512771 5
0.853686 1.12299e-07 20
0.959249 0.557008 2
0.97352 1 1
0.882302 0.000752584 10
0.924731 0.118135 4
0.8802 0.000329553 11
0.957471 0.549942 2
0.90879 0.0116626 7
0.94557 0.281161 3
0.901917 0.0049729 8
0.928671 0.0649596 5
0.904022 0.0051876 8
0.903025 0.00508354 8
0.85885 1.11921e-08 23
0.919058 0.0282708 6
0.861591 2.82285e-08 22
0.96085 0.563817 2
0.973757 0.63859 2
0.890621 0.000415595 11
0.929786 0.125413 4
0.888333 0.000393345 11
0.978973 1 1
0.93798 0.259783 3
0.966921 0.594074 2
0.931872 0.128871 4
0.957036 0.548286 2
0.934027 0.132767 4
0.92327 0.0593285 5
0.887377 0.000829383 10
0.924566 0.11792 4
0.889858 0.000872869 10
0.962339 0.570558 2
0.949257 0.294166 3
0.919247 0.0558898 5
0.95173 0.304068 3
0.908639 0.0237707 6
0.947746 0.518921 2
0.888054 0.00181518 9
0.951021 0.528094 2
0.894166 0.00432499 8
0.898799 0.00987029 7
0.893603 0.00428514 8
0.937854 0.259478 3
0.857142 6.55976e-07 18
0.980143 1 1
0.867649 2.28281e-05 14
0.901296 0.0215433 6
0.94754 0.51838 2
0.897264 0.00965126 7
0.887961 0.00181223 9
0.925948 0.119757 4
0.974531 0.644476 2
0.956953 0.328699 3
0.975699 0.653741 2
0.95879 0.338744 3
0.966148 0.589787 2
0.9598 0.344616 3
0.945039 0.159326 4
0.913558 0.0128194 7
0.928694 0.0649863 5
0.91797 0.0277033 6
0.937538 0.139914 4
0.925347 0.0613426 5
0.948913 0.292867 3
0.948693 0.292045 3
0.931608 0.0686246 5
0.953108 0.534572 2
0.92816 0.122912 4
0.9656 0.586835 2
0.942777 0.272534 3
0.92824 0.123031 4
0.940437 0.266013 3
0.98617 1 1
0.910543 0.0500753 5
0.950838 0.527552 2
0.923233 0.116237 4
0.901015 0.0102094 7
0.910679 0.0501523 5
0.953475 0.535765 2
0.909717 0.0496148 5
0.971376 0.621625 2
0.974834 0.646837 2
0.944916 0.279052 3
0.96429 0.580033 2
0.937418 0.139652 4
0.96458 0.581506 2
0.939875 0.264534 3
0.922364 0.0585037 5
0.892793 0.00197957 9
0.919648 0.0562077 5
0.89438 0.00204181 9
0.963776 0.577465 2
0.941906 0.270035 3
0.923106 0.0591773 5
0.958913 0.555634 2
0.908112 0.0115166 7
0.938831 0.0800094 5
0.888273 1.88845e-05 15
0.94715 0.166051 4
0.898705 0.000249417 12
0.894659 0.000104908 13
0.897173 0.000237376 12
0.954974 0.318717 3
0.866406 1.36988e-09 26
0.993314 1 1
0.879338 6.25336e-07 19
0.886606 8.33616e-06 16
0.924116 0.0164911 7
0.907184 0.00135737 10
0.880586 1.42668e-06 18
0.946176 0.16287 4
0.939959 0.264753 3
0.942162 0.27076 3
0.930126 0.125958 4
0.925242 0.0612362 5
0.96286 0.573016 2
0.9291 0.124338 4
0.891958 0.000913304 10
0.885688 0.000370221 11
0.886879 0.000380312 11
0.881844 0.000156043 12
0.979468 1 1
0.920719 0.0570832 5
0.904791 0.0108583 7
0.978342 0.676456 2
0.878995 6.65705e-05 13
0.982108 0.713553 2
0.937248 0.0771798 5
0.993858 1 1
0.943284 0.154197 4
0.945742 0.161495 4
0.943079 0.153623 4
0.958068 0.334703 3
0.901466 0.000560554 11
0.949002 0.172498 4
0.909331 0.00290037 9
0.927715 0.0339242 6
0.93429 0.072419 5
0.941399 0.149113 4
0.930116 0.0359406 6
0.942788 0.15282 4
0.951869 0.530662 2
0.889124 0.00399557 8
0.950478 0.526495 2
0.891953 0.00897863 7
0.902739 0.0219352 6
0.892092 0.00899477 7
0.925631 0.119327 4
0.852429 2.49693e-07 19
0.962133 0.569603 2
0.861074 8.65914e-06 15
0.913382 0.0517655 5
0.965574 0.586694 2
0.891246 0.00889787 7
0.894696 0.00931071 7
0.912451 0.0511917 5
0.983004 0.723296 2
0.918966 0.0144706 7
0.981845 0.710771 2
0.921741 0.0297919 6
0.931893 0.0690064 5
0.922052 0.0299798 6
0.943955 0.156112 4
0.880012 6.58045e-06 16
0.957463 0.33141 3
0.887575 3.92801e-05 14
0.931087 0.0679393 5
0.955685 0.322207 3
0.91888 0.0144408 7
0.921061 0.0293889 6
0.928735 0.0650346 5
0.977622 0.670017 2
0.924805 0.0317689 6
0.965013 0.583739 2
0.920059 0.0288172 6
0.94338 0.154467 4
0.921868 0.0298686 6
0.920877 0.0292818 6
0.876158 1.20381e-06 18
0.930299 0.066932 5
0.879734 6.51896e-06 16
0.958275 0.335849 3
0.962959 0.36472 3
0.909644 0.00586925 8
0.939319 0.143968 4
0.90593 0.00264975 9
0.916152 0.026813 6
0.966491 0.591674 2
0.911998 0.0124139 7
0.944984 0.279269 3
0.966095 0.589497 2
0.949299 0.294326 3
0.887857 0.000181218 12
0.918688 0.0280749 6
0.867315 1.77143e-07 20
0.908652 0.0116324 7
0.932387 0.129771 4
0.882062 3.31461e-05 14
0.921009 0.0293585 6
0.97187 0.625008 2
0.878533 1.3695e-05 15
0.975401 1 1
0.937694 0.259094 3
0.963386 0.575547 2
0.930524 0.244095 3
0.957447 0.549849 2
0.932859 0.248546 3
0.919975 0.112462 4
0.886159 0.00382729 8
0.921417 0.114077 4
0.888131 0.00393736 8
0.965878 0.588324 2
0.948871 0.521944 2
0.91712 0.109501 4
0.953666 0.536392 2
0.905432 0.0474296 5
0.944106 0.276516 3
0.894725 0.0020559 9
0.953177 0.310356 3
0.905379 0.0109684 7
0.900754 0.00486224 8
0.903821 0.00516631 8
0.961212 0.565419 2
0.87266 5.21256e-06 16
0.99084 1 1
0.885473 0.000170431 12
0.890768 0.00088995 10
0.924954 0.0609477 5
0.913771 0.0257458 6
0.886199 0.000173595 12
0.951203 0.301872 3
0.94344 0.154639 4
0.882188 1.53469e-05 15
0.944454 0.157571 4
0.886813 8.21157e-05 13
0.894344 0.0004571 11
0.886548 8.14918e-05 13
0.927264 0.0633651 5
0.849014 9.43011e-12 0
0.96935 0.60846 2
0.858843 9.5316e-10 26
0.902001 0.00240667 9
0.953984 0.314032 3
0.88847 8.6207e-05 13
0.885127 3.63483e-05 14
0.915321 0.013313 7
0.951571 0.529752 2
0.902432 0.0104417 7
0.961218 0.565445 2
0.912811 0.0514114 5
0.908573 0.0237479 6
0.911352 0.0505392 5
0.965799 0.587896 2
0.878837 0.000145671 12
0.985166 1 1
0.89115 0.00191913 9
0.897268 0.00456061 8
0.927929 0.122569 4
0.920303 0.112822 4
0.893748 0.00429527 8
0.953701 0.53651 2
0.966057 0.589293 2
0.944019 0.156297 4
0.976592 0.661133 2
0.955183 0.319736 3
0.946358 0.163454 4
0.953895 0.313622 3
0.967034 0.594708 2
0.915705 0.013426 7
0.941749 0.150026 4
0.924873 0.0318161 6
0.917359 0.0139359 7
0.918052 0.0141615 7
0.957449 0.331336 3
0.927716 0.0339248 6
0.953356 0.311163 3
0.955921 0.544177 2
0.897152 0.00455128 8
0.94705 0.286145 3
0.89413 0.00432239 8
0.914952 0.0527804 5
0.89547 0.0044206 8
0.908903 0.0238627 6
0.85184 8.61661e-09 23
0.934005 0.250874 3
0.857005 1.24566e-07 20
0.939491 0.263543 3
0.992392 1 1
0.886967 0.000822614 10
0.912369 0.051142 5
0.89446 0.00434608 8
0.913007 0.105719 4
0.926543 0.237316 3
0.923218 0.232329 3
0.947916 0.519369 2
0.913948 0.106538 4
0.94352 0.508626 2
0.952228 0.531776 2
0.944448 0.510753 2
0.907188 0.0482864 5
0.963085 0.574094 2
0.872485 0.000284827 11
0.86808 0.00011696 12
0.972654 1 1
0.894279 0.00925821 7
0.957874 0.551498 2
0.948189 0.520096 2
0.888875 0.0188344 6
0.940371 0.501919 2
0.886408 0.00839084 7
0.906342 0.100569 4
0.887609 0.00850977 7
0.904701 0.0470869 5
0.844675 2.02097e-07 19
0.933707 0.48992 2
0.850308 2.94633e-06 16
0.931681 0.246252 3
0.99517 1 1
0.880168 0.00353225 8
0.903801 0.0466769 5
0.89062 0.0191564 6
0.902486 0.00243436 9
0.943356 0.274243 3
0.90924 0.0117617 7
0.96087 0.563904 2
0.923931 0.0599503 5
0.957312 0.3306 3
0.922234 0.0583879 5
0.981764 0.709916 2
0.880906 3.20552e-05 14
0.991038 1 1
0.875992 5.77217e-06 16
0.856164 8.45591e-10 26
0.971031 0.619299 2
0.906504 0.00546739 8
0.923299 0.0593558 5
0.957169 0.329842 3
0.908846 0.0116749 7
0.945236 0.280077 3
0.901862 0.00239888 9
0.928777 0.0650844 5
0.903987 0.00518393 8
0.90266 0.00244439 9
0.858803 2.16111e-09 25
0.918559 0.0280072 6
0.861478 1.24219e-08 23
0.961307 0.565843 2
0.973322 0.635358 2
0.890466 0.000414016 11
0.93004 0.0666086 5
0.887973 0.000181777 12
0.892975 0.0019865 9
0.943837 0.275694 3
0.898091 0.004628 8
0.955078 0.541185 2
0.922571 0.0586898 5
0.952999 0.534218 2
0.905751 0.0110394 7
0.995372 1 1
0.86645 1.94259e-06 17
0.976518 0.660509 2
0.873964 2.65877e-05 14
0.847602 2.54676e-10 27
0.95555 0.542845 2
0.907773 0.0234753 6
0.90578 0.0110451 7
0.950468 0.526466 2
0.981767 1 1
0.951062 0.528217 2
0.978105 1 1
0.98001 1 1
0.981204 1 1
0.931235 0.127784 4
0.932062 0.246984 3
0.906618 0.023096 6
0.931967 0.246801 3
0.931855 0.246584 3
0.904569 0.0224624 6
0.957592 0.550405 2
0.958813 0.555226 2
0.920987 0.113586 4
0.951077 0.528264 2
0.888569 0.00860797 7
0.946636 0.51606 2
0.889151 0.00866894 7
0.90395 0.046744 5
0.889748 0.00873264 7
0.91636 0.108761 4
0.848482 2.23779e-07 19
0.949804 0.524552 2
0.855875 3.34812e-06 16
0.920788 0.113362 4
0.977945 1 1
0.886051 0.00382146 8
0.898138 0.0207503 6
0.902722 0.0462003 5
0.944782 0.511534 2
0.932527 0.247889 3
0.933558 0.249956 3
0.917894 0.110274 4
0.954077 0.537761 2
0.921387 0.114043 4
0.892724 0.00906893 7
0.876772 0.000683516 10
0.892805 0.00907857 7
0.874501 0.000658649 10
0.992815 1 1
0.932728 0.248285 3
0.89936 0.021047 6
0.965402 0.585784 2
0.879072 0.00157133 9
0.935675 0.254454 3
0.905158 0.0109267 7
0.947853 0.28898 3
0.920654 0.0570291 5
0.905088 0.0109136 7
0.917955 0.0548987 5
0.986893 1 1
0.894696 0.00436329 8
0.959704 0.558899 2
0.909826 0.0241924 6
0.882098 0.000342629 11
0.90233 0.0104245 7
0.935348 0.253736 3
0.887359 0.000829096 10
0.982052 1 1
0.977076 0.665261 2
0.921598 0.0578304 5
0.964904 0.583177 2
0.917474 0.0545422 5
0.939837 0.264433 3
0.919148 0.0558118 5
0.921163 0.0574575 5
0.873763 1.19296e-05 15
0.932714 0.130353 4
0.877754 6.45619e-05 13
0.955362 0.54218 2
0.966369 0.591 2
0.907836 0.0114584 7
0.935569 0.135777 4
0.90618 0.0111228 7
0.992241 1 1
0.926904 0.121087 4
0.982732 1 1
0.927231 0.121554 4
0.941556 0.269055 3
0.928097 0.122818 4
0.938698 0.26154 3
0.883998 0.00016431 12
0.946384 0.283864 3
0.889997 0.000875433 10
0.941525 0.268968 3
0.9556 0.543025 2
0.921165 0.0574588 5
0.931701 0.128576 4
0.923426 0.0594744 5
0.930497 0.12656 4
0.982725 1 1
0.933382 0.249597 3
0.992248 1 1
0.962955 0.573468 2
0.994523 1 1
0.92568 0.119393 4
0.953539 0.535974 2
0.893477 0.0042763 8
0.950865 0.527632 2
0.912512 0.0512288 5
0.88437 0.000782102 10
0.968154 0.601193 2
0.94475 0.278525 3
0.919092 0.111513 4
0.992241 1 1
0.937676 0.259053 3
0.980316 1 1
0.935875 0.254897 3
0.953425 0.535601 2
0.937252 0.258049 3
0.935747 0.254613 3
0.891503 0.00193178 9
0.93607 0.255334 3
0.895986 0.00445975 8
0.949172 0.293844 3
0.948154 0.290067 3
0.926711 0.120815 4
0.943406 0.27439 3
0.920787 0.0571399 5
0.94723 0.166319 4
0.926028 0.0326394 6
0.935316 0.0739971 5
0.912918 0.00635566 8
0.947635 0.167688 4
0.916151 0.00691747 8
0.893242 0.000100082 13
0.871083 1.88395e-08 23
0.8969 0.00023533 12
0.869831 1.77813e-08 23
0.993913 1 1
0.941001 0.0842482 5
0.895756 0.000108904 13
0.956741 0.327591 3
0.879232 6.2257e-07 19
0.956168 0.324638 3
0.893584 0.000448037 11
0.956028 0.32393 3
0.897219 0.000494536 11
0.906465 0.00268642 9
0.897209 0.000494388 11
0.932157 0.069364 5
0.857888 4.01336e-10 27
0.967448 0.59707 2
0.866858 3.47943e-08 22
0.913753 0.0128721 7
0.961517 0.355203 3
0.897164 0.000493762 11
0.897363 0.00103604 10
0.918805 0.0281366 6
24 1 4 6 9 14 19 27 31 32 38 40 42 44 45 46 50 51 52 54 56 61 63 65 69 
52 1 2 3 4 5 6 7 8 9 10 14 16 19 20 22 23 24 25 26 27 28 30 31 32 33 34 37 38 39 40 42 44 45 46 47 50 51 52 53 54 55 56 57 59 60 61 63 64 65 66 67 69 
22 1 6 9 14 19 22 27 31 32 38 40 42 45 46 50 51 52 55 56 61 63 69 
56 1 2 3 4 5 6 7 8 9 10 13 14 16 17 19 20 22 23 24 26 27 28 30 31 32 33 35 36 37 38 39 40 41 42 44 45 46 47 49 50 51 52 53 54 55 56 58 60 61 62 63 64 65 67 68 69 
60 1 2 3 4 5 6 7 8 9 10 13 14 16 17 19 20 22 23 24 25 26 27 28 30 31 32 33 34 35 36 37 38 39 40 41 42 44 45 46 47 49 50 51 52 53 54 55 56 57 58 59 60 61 63 64 65 66 67 68 69 
48 1 2 3 4 5 6 7 8 9 10 14 16 19 20 22 23 24 26 27 28 30 31 32 33 34 38 39 40 42 44 45 46 47 50 51 52 53 54 55 56 57 59 61 63 64 65 67 69 
15 1 6 19 27 31 38 42 45 50 51 52 56 61 63 69 
38 2 4 7 8 9 10 14 16 19 20 22 23 24 27 28 30 31 32 34 38 39 40 42 44 45 46 50 52 53 54 55 56 57 61 63 65 67 69 
4 19 38 42 51 
49 2 3 4 5 7 8 9 10 14 17 19 20 22 23 24 26 27 28 30 31 32 33 35 36 37 38 39 40 41 42 44 45 46 47 49 50 51 52 53 54 55 56 58 61 63 64 65 67 69 
70 0 1 2 3 4 5 6 7 8 9 10 11 12 13 14 15 16 17 18 19 20 21 22 23 24 25 26 27 28 29 30 31 32 33 34 35 36 37 38 39 40 41 42 43 44 45 46 47 48 49 50 51 52 53 54 55 56 57 58 59 60 61 62 63 64 65 66 67 68 69 
30 1 2 6 9 10 14 19 20 22 27 28 30 31 32 38 40 42 44 45 46 50 51 52 53 55 56 61 63 65 69 
53 1 2 3 4 5 6 7 8 9 10 11 13 14 17 19 20 22 23 26 27 30 31 32 33 35 36 37 38 39 40 41 42 44 45 46 47 49 50 51 52 53 54 55 56 58 61 62 63 64 65 67 68 69 
65 0 1 2 3 4 5 6 7 8 9 10 11 13 14 15 16 17 19 20 22 23 24 25 26 27 28 29 30 31 32 33 34 35 36 37 38 39 40 41 42 44 45 46 47 49 50 51 52 53 54 55 56 57 58 59 60 61 62 63 64 65 66 67 68 69 
19 1 4 6 14 19 31 32 38 42 45 46 50 51 52 54 56 61 63 69 
