70 15 1e+07
1.76961 189983
1.81491 137189
2.92648 164941
2.37541 104938
1.76941 106283
1.2752 149729
2.0075 149675
2.30845 130221
2.52252 120848
2.70042 156725
1.40066 198953
1.23202 111869
2.30945 118660
2.22557 105545
1.16416 104829
1.96323 137984
1.66158 186155
1.68705 125479
1.11571 168178
1.84482 124334
1.2973 132557
1.03015 150517
2.80596 174001
1.08194 111274
2.33685 108112
1.89924 191045
1.67399 115078
1.92443 166091
1.01816 120008
1.85528 172299
2.58288 199466
2.73615 104767
1.94836 126395
1.64645 194607
2.13237 176544
2.02157 114355
1.05106 130629
2.8595 169268
1.89318 138009
1.51618 189003
1.68294 137674
1.44821 136859
2.2162 103124
1.32541 160755
2.22734 178241
1.92306 106064
1.4984 100587
1.63592 171135
1.35163 115879
2.43105 175735
2.02641 117628
1.2627 174186
2.17376 139552
1.82653 128601
2.14909 129324
2.87474 100382
2.27146 183713
2.18098 168484
1.04028 106562
1.63391 168096
1.5264 159859
1.14607 102478
1.02429 193177
1.90737 157582
2.61687 159664
2.16061 140646
1.11988 187998
2.81785 125341
2.05993 143792
1.9027 138464
0.936407 0.256095 3
0.96539 0.58572 2
0.940675 0.502535 2
0.92955 0.242346 3
0.922494 0.115341 4
0.892567 0.00905034 7
0.92318 0.232276 3
0.948719 0.52153 2
0.986927 1 1
0.953856 0.537023 2
0.957512 0.550099 2
0.885383 0.00378588 8
0.969601 1 1
0.93601 0.2552 3
0.898893 0.0209324 6
0.983752 0.731707 2
0.909017 0.00287541 9
0.881021 3.14201e-06 17
0.91093 0.00303355 9
0.980506 0.697047 2
0.887085 1.8101e-05 15
0.955737 0.322466 3
0.951313 0.181343 4
0.945161 0.159697 4
0.893265 0.000100157 13
0.977974 0.673142 2
0.926534 0.0330137 6
0.94813 0.169395 4
0.990918 1 1
0.928203 0.0343158 6
0.88203 3.26352e-06 17
0.937125 0.0769694 5
0.900616 0.000546173 11
0.978812 0.680768 2
0.874787 2.37041e-07 20
0.959516 0.342943 3
0.859777 3.79078e-11 30
0.937655 0.0778884 5
0.92378 0.0310762 6
0.913561 0.00646033 8
0.90382 0.00122936 10
0.893304 0.000100283 13
0.935182 0.0737865 5
0.898232 0.000245594 12
0.915823 0.00685641 8
0.881316 0.00358471 8
0.90907 0.102549 4
0.870767 0.000621387 10
0.965754 1 1
0.877885 0.00154419 9
0.991872 1 1
0.856659 7.84055e-06 15
0.936885 0.495308 2
0.908592 0.10219 4
0.88431 0.00373029 8
0.899513 0.0448744 5
0.917778 0.110156 4
0.924075 0.233563 3
0.90183 0.0458187 5
0.940473 0.502124 2
0.974839 0.646879 2
0.887078 0.000824431 10
0.868788 1.04457e-05 15
0.877393 0.000141122 12
0.975628 0.653163 2
0.852548 8.8386e-09 23
0.987863 1 1
0.915722 0.0532998 5
0.922012 0.114768 4
0.878115 0.000143364 12
0.951115 0.528377 2
0.896764 0.00452035 8
0.918045 0.0549664 5
0.95237 0.532221 2
0.893904 0.00430629 8
0.974205 0.641974 2
0.923832 0.0311105 6
0.893961 0.00045249 11
0.923813 0.0310983 6
0.965235 0.584902 2
0.89672 0.000487649 11
0.947577 0.287994 3
0.964167 0.579414 2
0.960148 0.346703 3
0.906864 0.00551067 8
0.990169 1 1
0.923612 0.030966 6
0.963735 0.577261 2
0.98491 0.74528 2
0.930231 0.0668474 5
0.98104 1 1
0.901726 0.0457746 5
0.884052 0.00816926 7
0.887489 0.00849776 7
0.971319 1 1
0.859854 4.40741e-05 13
0.987591 1 1
0.924983 0.234907 3
0.936549 0.49471 2
0.893436 0.019711 6
0.962978 1 1
0.895211 0.0200855 6
0.930504 0.244057 3
0.956548 0.546465 2
0.89588 0.0435184 5
0.892827 0.00423156 8
0.977995 1 1
0.977316 1 1
0.92195 0.114696 4
0.879623 0.000717471 10
0.886007 0.00175275 9
0.8819 0.000747092 10
0.91772 0.110098 4
0.945288 0.512739 2
0.991373 1 1
0.91351 0.0518462 5
0.85399 2.61078e-07 19
0.936054 0.255297 3
0.894249 0.00925442 7
0.87102 5.52615e-05 13
0.952276 0.531928 2
0.906456 0.0479229 5
0.899343 0.0448076 5
0.877988 0.00154649 9
0.940496 0.502171 2
0.846476 2.11988e-07 19
0.966828 1 1
0.91019 0.103411 4
0.934634 0.252197 3
0.905632 0.0475243 5
0.946339 0.515314 2
0.869556 0.000270679 11
0.922321 0.231077 3
0.931058 0.245079 3
0.873221 0.000645398 10
0.887631 0.000180147 12
0.976969 0.664336 2
0.972565 0.629886 2
0.924764 0.0607588 5
0.874791 2.52168e-06 17
0.889703 0.000190425 12
0.87566 2.59664e-06 17
0.916368 0.0269149 6
0.940845 0.147698 4
0.98333 0.726926 2
0.908845 0.0057614 8
0.853139 6.13034e-11 29
0.933544 0.131863 4
0.890455 0.000194408 12
0.870917 4.50327e-07 19
0.924404 0.117712 4
0.975764 1 1
0.952127 0.531462 2
0.92988 0.242932 3
0.910671 0.0501479 5
0.892158 0.0090024 7
0.912094 0.0509768 5
0.94174 0.269569 3
0.976966 1 1
0.966045 0.58923 2
0.945428 0.513076 2
0.877188 0.000688268 10
0.962637 0.571957 2
0.924626 0.117998 4
0.891982 0.00898203 7
0.909378 0.00583279 8
0.929985 0.0665412 5
0.88954 8.90336e-05 13
0.980506 0.697047 2
0.904575 0.00256078 9
0.960296 0.347599 3
0.884311 3.54484e-05 14
0.967553 0.597678 2
0.937125 0.139018 4
0.904113 0.00253176 9
0.928959 0.065299 5
0.928138 0.0643438 5
0.953757 0.312989 3
0.929394 0.0658189 5
0.95097 0.300914 3
0.963044 0.365302 3
0.904952 0.00127003 10
0.872586 9.8216e-08 21
0.919417 0.0146282 7
0.965637 0.384059 3
0.900745 0.000548318 11
0.936222 0.0754543 5
0.958464 0.336906 3
0.938021 0.0785357 5
0.8858 1.7308e-05 15
0.964621 0.376458 3
0.946364 0.163474 4
0.946918 0.165281 4
0.986738 0.768121 2
0.947873 0.168502 4
0.94884 0.292594 3
0.873986 5.90552e-05 13
0.844279 9.51512e-11 28
0.889906 0.00187587 9
0.961931 0.568669 2
0.877644 0.000141894 12
0.931061 0.127492 4
0.925829 0.119595 4
0.907101 0.0232525 6
0.856562 5.36367e-08 21
0.936767 0.25692 3
0.946566 0.284484 3
0.914262 0.0523272 5
0.958847 0.555367 2
0.934379 0.251657 3
0.919431 0.111874 4
0.8769 0.000308913 11
0.84117 8.363e-11 28
0.911537 0.0506475 5
0.926277 0.120211 4
0.911444 0.0505929 5
0.89555 0.00942048 7
0.934981 0.252939 3
0.902339 0.0218247 6
0.854815 1.16277e-07 20
0.921181 0.113806 4
0.992167 1 1
0.915902 0.053424 5
0.940946 0.26738 3
0.974531 1 1
0.912429 0.0511786 5
0.88148 0.00162965 9
0.844426 2.85419e-09 24
0.921272 0.113911 4
0.917233 0.109612 4
0.924789 0.11821 4
0.887514 0.00390209 8
0.938771 0.261722 3
0.903627 0.0221867 6
0.858326 1.55102e-06 17
0.91802 0.110401 4
0.987226 1 1
0.918577 0.110973 4
0.935221 0.253459 3
0.987795 1 1
0.982797 0.721009 2
0.911338 0.00611141 8
0.883047 7.31134e-06 16
0.913048 0.00637652 8
0.978107 0.674335 2
0.888742 4.08134e-05 14
0.954626 0.317052 3
0.953502 0.311822 3
0.947521 0.167298 4
0.895395 0.000224553 12
0.980228 0.694296 2
0.926367 0.032889 6
0.950595 0.299398 3
0.991716 1 1
0.928832 0.0348331 6
0.924009 0.0312283 6
0.959515 0.342937 3
0.918296 0.0142429 7
0.969226 0.607692 2
0.914702 0.00665459 8
0.931439 0.0684004 5
0.901791 0.00116201 10
0.975011 0.648232 2
0.967611 0.598014 2
0.933508 0.0712655 5
0.947579 0.167497 4
0.909221 0.00289153 9
0.981217 0.704232 2
0.937555 0.077713 5
0.928144 0.0342674 6
0.910871 0.02458 6
0.888192 0.00181955 9
0.850347 8.1721e-09 23
0.93069 0.126875 4
0.914006 0.052162 5
0.93489 0.252744 3
0.885315 0.000796377 10
0.944439 0.27755 3
0.908146 0.0236013 6
0.864409 4.13973e-06 16
0.919247 0.0558898 5
0.976415 1 1
0.923866 0.117026 4
0.934205 0.251292 3
0.997092 1 1
0.908305 0.0488589 5
0.996038 1 1
0.95792 0.551679 2
0.938723 0.261604 3
0.895526 0.00941745 7
0.900961 0.0214552 6
0.894107 0.00923679 7
0.937791 0.259328 3
0.963431 0.575769 2
0.973773 1 1
0.930585 0.244207 3
0.872667 0.00012786 12
0.956212 0.545231 2
0.912199 0.0510396 5
0.889904 0.00404277 8
0.893335 0.00426646 8
0.985598 1 1
0.963784 0.577503 2
0.934281 0.251452 3
0.88081 0.00033365 11
0.898454 0.00982007 7
0.87969 0.000148485 12
0.92535 0.11895 4
0.947616 0.288132 3
0.97731 1 1
0.915328 0.0530318 5
0.861754 7.48787e-07 18
0.941966 0.270203 3
0.897656 0.00459211 8
0.87991 0.000327636 11
0.9271 0.0334438 6
0.972566 0.629891 2
0.933058 0.0706191 5
0.953657 0.31253 3
0.915531 0.00680273 8
0.915385 0.00677614 8
0.908115 0.00280587 9
0.963749 0.370196 3
0.980748 0.699466 2
0.948397 0.170333 4
0.951099 0.180485 4
0.896741 0.000234147 12
0.982295 0.715555 2
0.935269 0.0739232 5
0.913749 0.00649159 8
0.912808 0.0253433 6
0.925958 0.0619695 5
0.885702 0.000370337 11
0.973724 0.638343 2
0.90879 0.0116626 7
0.957666 0.550692 2
0.88728 0.00038383 11
0.969872 0.611743 2
0.93638 0.137438 4
0.900303 0.00482075 8
0.931399 0.128061 4
0.934562 0.133789 4
0.953435 0.311517 3
0.933696 0.132145 4
0.957398 0.54966 2
0.876016 0.000675043 10
0.907983 0.0486916 5
0.870384 0.000274546 11
0.963734 0.577256 2
0.872273 0.000283756 11
0.994813 1 1
0.851661 5.65632e-07 18
0.931727 0.24634 3
0.90509 0.0472681 5
0.883634 0.00369624 8
0.894561 0.0199461 6
0.911542 0.104493 4
0.920078 0.112574 4
0.896123 0.020286 6
0.93398 0.250823 3
0.963186 0.574581 2
0.940006 0.145617 4
0.910925 0.0121507 7
0.929361 0.0657782 5
0.950523 0.299109 3
0.897394 0.00103684 10
0.942127 0.151027 4
0.964885 0.583076 2
0.977734 0.671004 2
0.923964 0.0599824 5
0.987834 1 1
0.910073 0.0119505 7
0.975397 0.651298 2
0.966568 0.592099 2
0.920156 0.0288712 6
0.930102 0.0666858 5
0.952617 0.307878 3
0.946766 0.285167 3
0.908222 0.0056801 8
0.915427 0.0264766 6
0.871784 1.03023e-06 18
0.925059 0.0610528 5
0.927339 0.0634477 5
0.964639 0.58181 2
0.95497 0.318701 3
0.945215 0.280008 3
0.867738 1.79928e-07 20
0.94723 0.286774 3
0.922724 0.0303964 6
0.879361 1.40434e-05 15
0.885919 0.00834363 7
0.977679 1 1
0.962914 0.573271 2
0.931939 0.246747 3
0.873587 0.000649132 10
0.89756 0.0206139 6
0.872282 0.000636007 10
0.919395 0.111836 4
0.939833 0.500846 2
0.973693 1 1
0.907851 0.0486238 5
0.856798 7.86446e-06 15
0.935047 0.253081 3
0.890658 0.0088321 7
0.875386 0.000668129 10
0.87483 0.000297166 11
0.916007 0.108424 4
0.879201 0.00071224 10
0.968997 0.606275 2
0.869829 5.38528e-05 13
0.982156 1 1
0.851153 1.04025e-07 20
0.931279 0.245492 3
0.908802 0.0491209 5
0.892152 0.00418617 8
0.894671 0.00930748 7
0.902453 0.0218559 6
0.922664 0.115545 4
0.893692 0.00918559 7
0.925115 0.118639 4
0.88238 0.00363496 8
0.916096 0.108509 4
0.8779 0.00343352 8
0.97255 1 1
0.878003 0.00343786 8
0.986282 1 1
0.858096 4.26499e-05 13
0.938964 0.499154 2
0.913193 0.105879 4
0.891388 0.0193032 6
0.901619 0.0457299 5
0.912576 0.105352 4
0.928116 0.239881 3
0.902084 0.045926 5
0.935522 0.492928 2
0.91117 0.0060865 8
0.943951 0.1561 4
0.902932 0.00246032 9
0.987721 1 1
0.904318 0.00254455 9
0.951831 0.304494 3
0.887287 8.32536e-05 13
0.969408 0.608821 2
0.947161 0.166088 4
0.917676 0.0140382 7
0.932856 0.0703331 5
0.916709 0.013731 7
0.962511 0.361701 3
0.928689 0.0649808 5
0.938452 0.141955 4
0.985361 1 1
0.918665 0.0280626 6
0.895689 0.00209634 9
0.9073 0.0113471 7
0.96996 0.612306 2
0.878482 2.99512e-05 14
0.966063 0.589327 2
0.945267 0.280177 3
0.955332 0.320461 3
0.906839 0.0112534 7
0.984424 1 1
0.906793 0.0112443 7
0.95105 0.301242 3
0.971033 0.619317 2
0.911056 0.0121824 7
0.893015 0.00198803 9
0.925064 0.0610573 5
0.885693 0.000370261 11
0.982885 1 1
0.888117 0.000391358 11
0.975186 0.649616 2
0.868614 2.07192e-06 17
0.950495 0.298996 3
0.924439 0.0604404 5
0.899666 0.00476345 8
0.912804 0.0253419 6
0.917179 0.0543275 5
0.939728 0.264153 3
0.912485 0.0252118 6
0.940414 0.265951 3
0.963027 0.573816 2
0.915254 0.107719 4
0.903211 0.0464144 5
0.889858 0.00874454 7
0.949507 0.523713 2
0.858356 1.86691e-05 14
0.96922 1 1
0.923118 0.232188 3
0.946243 0.515074 2
0.911253 0.104258 4
0.959787 0.559245 2
0.880851 0.00356326 8
0.934816 0.252585 3
0.943275 0.508077 2
0.88533 0.0082876 7
0.894679 0.00930853 7
0.89636 0.00952776 7
0.857369 3.46942e-06 16
0.948466 0.520841 2
0.894542 0.00929115 7
0.963272 0.574996 2
0.869019 0.000119057 12
0.942711 0.50683 2
0.907258 0.0483217 5
0.871439 0.000124772 12
0.908509 0.0489656 5
0.947931 0.51941 2
0.923946 0.117128 4
0.91741 0.109788 4
0.970157 1 1
0.881901 3.29899e-05 14
0.952911 0.309173 3
0.919233 0.0283648 6
0.966401 0.591174 2
0.872744 1.06505e-06 18
0.938457 0.141966 4
0.861867 1.26196e-08 23
0.932908 0.130701 4
0.930214 0.0668259 5
0.93152 0.0685084 5
0.904668 0.00525754 8
0.879601 1.41474e-05 15
0.937304 0.139405 4
0.894814 0.000462874 11
0.901205 0.0023626 9
0.944971 0.511981 2
0.882828 0.00365659 8
0.850264 1.26664e-06 17
0.904645 0.0470612 5
0.954245 0.538327 2
0.894223 0.0198746 6
0.92234 0.231103 3
0.938639 0.498534 2
0.914024 0.106605 4
0.863305 0.000107219 12
0.94022 0.501615 2
0.962213 0.569973 2
0.923953 0.233384 3
0.962981 1 1
0.952239 0.53181 2
0.891405 0.0041372 8
0.981733 1 1
0.951935 0.530867 2
0.944277 0.277044 3
0.879654 0.000325962 11
0.909129 0.0239425 6
0.875669 0.000136012 12
0.929614 0.125141 4
0.945612 0.281299 3
0.964889 0.583099 2
0.914114 0.0522311 5
0.86717 1.00256e-05 15
0.943744 0.275412 3
0.898268 0.00979315 7
0.886367 0.000812895 10
0.888287 8.57398e-05 13
0.967356 0.59654 2
0.988609 1 1
0.911425 0.0122719 7
0.874788 1.1451e-06 18
0.875897 2.61761e-06 17
0.879519 6.4722e-06 16
0.908741 0.00574769 8
0.938418 0.141878 4
0.993842 1 1
0.907762 0.00562152 8
0.845553 7.95443e-12 0
0.927566 0.0636988 5
0.887808 8.45329e-05 13
0.861946 5.60508e-09 24
0.906808 0.0480966 5
0.994949 1 1
0.951828 0.530537 2
0.945949 0.514346 2
0.894595 0.0092979 7
0.908101 0.0487527 5
0.891054 0.00411465 8
0.94135 0.268485 3
0.962075 0.569334 2
0.96734 0.59645 2
0.929704 0.242619 3
0.876426 0.00030615 11
0.958189 0.552734 2
0.912662 0.0513204 5
0.894469 0.009282 7
0.955753 0.543573 2
0.947776 0.288703 3
0.921478 0.114147 4
0.927157 0.121448 4
0.941842 0.269854 3
0.892942 0.00423939 8
0.939242 0.262908 3
0.957506 0.550074 2
0.985122 1 1
0.934148 0.251174 3
0.977619 1 1
0.899291 0.00994318 7
0.97383 0.639134 2
0.955063 0.541133 2
0.910262 0.0243521 6
0.894826 0.00932717 7
0.966708 0.592879 2
0.928758 0.240969 3
0.967854 0.59943 2
0.884894 0.00172069 9
0.932289 0.247424 3
0.875236 0.000299407 11
0.943452 0.274531 3
0.945128 0.512357 2
0.942498 0.271722 3
0.918056 0.110439 4
0.884529 0.00171044 9
0.951033 0.528131 2
0.906471 0.0479305 5
0.905301 0.0226833 6
0.977455 1 1
0.925794 0.119548 4
0.89838 0.00465225 8
0.919538 0.0561198 5
0.965127 0.584337 2
0.89076 0.00190535 9
0.953209 0.534899 2
0.958455 0.55379 2
0.96302 0.573782 2
0.910756 0.0245366 6
0.996998 1 1
0.915456 0.053119 5
0.96252 0.571405 2
0.978199 1 1
0.921936 0.0581249 5
0.888022 3.98571e-05 14
0.978136 0.67459 2
0.970629 0.616641 2
0.926545 0.0330225 6
0.875265 5.30442e-07 19
0.891478 9.45535e-05 13
0.87569 5.39346e-07 19
0.917631 0.0140235 7
0.941475 0.14931 4
0.981783 0.710118 2
0.909408 0.00290652 9
0.854413 1.24676e-11 0
0.934601 0.0728896 5
0.891212 9.37632e-05 13
0.872324 9.71294e-08 21
0.930444 0.0671145 5
0.970072 0.613024 2
0.946791 0.164863 4
0.928832 0.0348331 6
0.916544 0.0136799 7
0.891424 9.43935e-05 13
0.918067 0.0141665 7
0.944516 0.157756 4
0.981647 0.70869 2
0.960109 0.346467 3
0.951272 0.302157 3
0.880609 3.09427e-06 17
0.965542 0.383335 3
0.929983 0.0665387 5
0.894668 0.000219636 12
0.947609 0.288108 3
0.877087 5.97646e-06 16
0.846276 8.23825e-12 0
0.895229 0.000984047 10
0.959388 0.55758 2
0.883722 7.52992e-05 13
0.927756 0.0639121 5
0.930517 0.067208 5
0.909581 0.0118382 7
0.858856 4.92279e-09 24
0.938168 0.141313 4
0.952831 0.308818 3
0.917781 0.0276077 6
0.960864 0.563878 2
0.941057 0.148235 4
0.945923 0.282321 3
0.906827 0.00550616 8
0.87118 1.00919e-06 18
0.931707 0.128586 4
0.94738 0.287298 3
0.916964 0.0272022 6
0.919077 0.0282811 6
0.966125 0.589665 2
0.935369 0.135374 4
0.885092 7.81985e-05 13
0.953782 0.3131 3
0.958172 0.33528 3
0.948466 0.291206 3
0.970277 0.614345 2
0.965195 0.584693 2
0.974993 0.648086 2
0.926095 0.0326883 6
0.897196 0.000237549 12
0.922792 0.0304392 6
0.964202 0.373416 3
0.894561 0.00021893 12
0.94955 0.174511 4
0.962388 0.36088 3
0.962983 0.364883 3
0.909919 0.00294805 9
0.994813 1 1
0.919314 0.0145918 7
0.96463 0.37652 3
0.980942 0.701433 2
0.926219 0.0327799 6
0.916479 0.0538267 5
0.914867 0.0527238 5
0.875357 6.09632e-05 13
0.959392 0.557596 2
0.914629 0.0525664 5
0.951559 0.30335 3
0.890287 0.00188892 9
0.967343 0.596467 2
0.930331 0.126289 4
0.889855 0.000872816 10
0.932097 0.129262 4
0.948555 0.291534 3
0.947378 0.287293 3
0.939089 0.26252 3
0.971618 0.623272 2
0.944349 0.157263 4
0.911992 0.00621029 8
0.875637 1.18097e-06 18
0.93762 0.140094 4
0.944214 0.156865 4
0.921478 0.0296344 6
0.917308 0.0139196 7
0.972034 0.626141 2
0.939503 0.144405 4
0.889731 8.95538e-05 13
0.955038 0.319031 3
0.954716 0.317478 3
0.953459 0.311626 3
0.96855 0.603557 2
0.9652 0.584716 2
0.896005 0.00210994 9
0.967543 0.59762 2
0.929146 0.124409 4
0.968002 0.600298 2
0.886033 0.000172863 12
0.931978 0.129055 4
0.876411 1.28612e-05 15
0.944487 0.277698 3
0.946391 0.28389 3
0.943021 0.273248 3
0.919269 0.0559073 5
0.885174 0.000169161 12
0.952276 0.306398 3
0.907591 0.0114071 7
0.905871 0.0110627 7
0.936116 0.255437 3
0.96223 0.57005 2
0.94248 0.27167 3
0.923578 0.116666 4
0.921818 0.114541 4
0.886782 0.00177585 9
0.925043 0.118544 4
0.943178 0.273713 3
0.981304 1 1
0.954591 0.539502 2
0.955625 0.543115 2
0.88105 0.000735765 10
0.963707 0.577124 2
0.933468 0.24977 3
0.8939 0.00921111 7
0.914766 0.107272 4
0.963128 1 1
0.964179 1 1
0.910758 0.10386 4
0.900457 0.0452512 5
0.873728 0.00145631 9
0.908275 0.101955 4
0.922034 0.230683 3
0.958424 0.553665 2
0.972304 1 1
0.932095 0.247047 3
0.859714 4.39577e-05 13
0.942574 0.506532 2
0.910255 0.103462 4
0.873341 0.00144864 9
0.96638 0.591062 2
0.936794 0.256982 3
0.908076 0.0235776 6
0.927366 0.121748 4
0.95378 0.53677 2
0.896132 0.00447096 8
0.944666 0.27826 3
0.963982 0.578488 2
0.974406 0.643517 2
0.920967 0.0572913 5
0.991218 1 1
0.911555 0.0248428 6
0.972732 0.631074 2
0.969476 0.609243 2
0.920895 0.0572308 5
0.933343 0.0710267 5
0.877232 2.74092e-06 17
0.843529 7.22113e-12 0
0.904112 0.00253169 9
0.942304 0.151502 4
0.898001 0.00105261 10
0.910796 0.00603183 8
0.934445 0.0726532 5
0.906498 0.00546671 8
0.856772 1.6717e-10 28
0.930373 0.067026 5
0.97343 0.636155 2
0.917829 0.0140881 7
0.952405 0.306955 3
0.959002 0.339955 3
0.908244 0.00568289 8
0.938347 0.141718 4
0.897627 0.00104284 10
0.988861 1 1
0.902137 0.0024144 9
0.957357 0.330844 3
0.883961 3.50729e-05 14
0.966836 0.593596 2
0.94174 0.150003 4
0.912232 0.012473 7
0.929228 0.065619 5
0.919551 0.0285369 6
0.957461 0.3314 3
0.926706 0.0627588 5
0.941896 0.150414 4
0.967131 0.595258 2
0.901307 0.0215461 6
0.87022 0.000121834 12
0.913447 0.106099 4
0.971632 1 1
0.894632 0.00930259 7
0.941027 0.2676 3
0.952697 0.533253 2
0.935261 0.253546 3
0.883104 0.00167165 9
0.964212 0.579638 2
0.943272 0.508071 2
0.942714 0.506838 2
0.987707 1 1
0.942637 0.506668 2
0.981447 1 1
0.909892 0.103178 4
0.881275 0.0035828 8
0.912876 0.105607 4
0.978485 1 1
0.889211 0.0188952 6
0.953439 0.535647 2
0.953356 0.535377 2
0.945864 0.514139 2
0.893681 0.0197617 6
0.978214 1 1
0.928304 0.240197 3
0.949515 0.523736 2
0.993299 1 1
0.930345 0.243769 3
0.898004 0.000505694 11
0.963526 0.368631 3
0.924152 0.0313242 6
0.9739 0.639665 2
0.888514 4.0506e-05 14
0.937033 0.0768117 5
0.877575 5.81522e-07 19
0.948601 0.171054 4
0.946688 0.164524 4
0.938246 0.0789407 5
0.921207 0.015288 7
0.890235 4.29167e-05 14
0.95444 0.316166 3
0.910665 0.00601293 8
0.911208 0.0060922 8
0.920113 0.228145 3
0.950927 0.527816 2
0.909683 0.103017 4
0.977343 1 1
0.912216 0.10505 4
0.940851 0.502893 2
0.896658 0.043797 5
0.976788 1 1
0.958268 0.553046 2
0.924717 0.234509 3
0.942699 0.506804 2
0.915485 0.107933 4
0.973779 1 1
0.936202 0.494101 2
0.935692 0.493219 2
0.958389 0.553525 2
0.922372 0.231148 3
0.91103 0.104078 4
0.894025 0.019833 6
0.944071 0.509881 2
0.861404 0.000103715 12
0.961051 1 1
0.925565 0.23579 3
0.951977 0.530996 2
0.919076 0.226837 3
0.960209 0.561037 2
0.879199 0.00348926 8
0.939074 0.499367 2
0.941209 0.503632 2
0.885143 0.00827003 7
0.906946 0.100993 4
0.903044 0.0463409 5
0.86388 0.000108317 12
0.951191 0.528605 2
0.906691 0.100813 4
0.954973 0.54082 2
0.880934 0.00356706 8
0.954047 0.537659 2
0.9174 0.109778 4
0.878168 0.00155056 9
0.920635 0.228819 3
0.954241 0.538311 2
0.934202 0.251286 3
0.929983 0.243116 3
0.978363 1 1
0.959523 0.558141 2
0.878336 0.000144062 12
0.864175 1.81929e-06 17
0.864365 1.82912e-06 17
0.959324 0.557315 2
0.838823 5.80797e-12 0
0.985309 1 1
0.901609 0.0103052 7
0.911676 0.0248901 6
0.872141 2.54038e-05 14
0.937784 0.25931 3
0.882104 0.00034267 11
0.905713 0.0228101 6
0.936531 0.256377 3
0.878851 0.000145717 12
0.958595 0.554347 2
0.894036 0.000957065 10
0.883726 0.000163224 12
0.871915 5.09891e-06 16
0.950389 0.298572 3
0.842775 6.969e-12 0
0.982004 1 1
0.906919 0.0112697 7
0.925163 0.0611565 5
0.890753 0.000889667 10
0.944572 0.277964 3
0.874761 1.22676e-05 15
0.915609 0.0265602 6
0.934837 0.134323 4
0.875544 1.25439e-05 15
0.958158 0.55261 2
0.91681 0.22412 3
0.882551 0.00803558 7
0.932288 0.487691 2
0.956076 0.544736 2
0.910954 0.104016 4
0.930679 0.244378 3
0.972354 1 1
0.94848 0.520879 2
0.896298 0.0436674 5
0.969081 1 1
0.943203 0.507916 2
0.959518 0.558121 2
0.982052 1 1
0.950872 0.527654 2
0.9653 0.585244 2
0.87983 0.000327109 11
0.853433 1.11434e-07 20
0.88665 0.00177188 9
0.980522 1 1
0.869037 2.35762e-05 14
0.951217 0.528681 2
0.925204 0.118757 4
0.914825 0.0526958 5
0.864924 9.48521e-06 15
0.946882 0.516683 2
0.928482 0.123395 4
0.918388 0.110778 4
0.964825 0.582764 2
0.920471 0.113008 4
0.979136 1 1
0.919883 0.112362 4
0.891158 0.00888792 7
0.919082 0.111503 4
0.970134 1 1
0.892563 0.00904988 7
0.951966 0.530963 2
0.959364 0.557481 2
0.956438 0.546058 2
0.903737 0.0466482 5
0.988998 1 1
0.922812 0.115724 4
0.958943 0.555754 2
0.986881 1 1
0.927981 0.239656 3
0.889084 0.00184842 9
0.966557 0.592039 2
0.989589 1 1
0.910357 0.0243875 6
0.875515 6.11898e-05 13
0.874715 6.00564e-05 13
0.880665 0.000332668 11
0.908506 0.0237248 6
0.938757 0.261689 3
0.993923 1 1
0.908341 0.0236681 6
0.845339 2.3201e-10 27
0.927507 0.121952 4
0.88822 0.000843677 10
0.861543 7.44141e-07 18
0.950927 0.300739 3
0.923174 0.0592404 5
0.915195 0.0263711 6
0.891143 0.000897195 10
0.936787 0.138295 4
0.857838 1.07622e-08 23
0.955335 0.542087 2
0.920843 0.0571865 5
0.949821 0.296337 3
0.922263 0.058414 5
0.953766 0.313028 3
0.872817 5.23702e-06 16
0.93562 0.135879 4
0.934184 0.133063 4
0.879295 6.70725e-05 13
0.86847 4.62017e-06 16
0.923063 0.0591376 5
0.889026 0.000857797 10
0.964907 0.583188 2
0.861943 3.32015e-07 19
0.963647 0.576826 2
0.846131 1.02946e-10 28
0.923975 0.0599924 5
0.908503 0.0237238 6
0.901042 0.00488914 8
0.88957 0.000867592 10
0.886861 0.00082087 10
0.919997 0.056489 5
0.885319 0.000367198 11
0.909313 0.0240078 6
0.903978 0.0107103 7
0.861744 7.48567e-07 18
0.826191 3.36166e-12 0
0.899111 0.00991646 7
0.911981 0.0509097 5
0.904816 0.0225361 6
0.881497 0.000338386 11
0.918595 0.0553833 5
0.885854 0.000804759 10
0.839668 6.03557e-12 0
0.904375 0.0224047 6
0.987206 1 1
0.89947 0.00997005 7
0.924274 0.117545 4
0.964114 0.579149 2
18 0 4 6 7 8 10 25 30 32 37 43 50 51 59 61 62 66 67 
38 0 1 4 5 6 7 8 10 12 13 16 19 21 24 25 30 32 35 37 39 41 43 44 46 50 51 52 53 55 56 59 61 62 63 64 65 66 67 
7 8 25 32 59 61 62 67 
60 0 1 4 5 6 7 8 9 10 11 12 13 14 15 16 17 19 20 21 22 24 25 26 29 30 32 34 35 36 37 38 39 40 41 42 43 44 45 46 47 48 49 50 51 52 53 54 55 56 57 58 59 61 62 63 64 65 66 67 69 
24 0 4 6 7 8 9 10 19 20 25 26 30 32 37 39 42 43 50 51 59 61 62 66 67 
68 0 1 2 3 4 5 6 7 8 9 10 11 12 13 14 15 16 17 18 19 20 21 22 23 24 25 26 27 28 29 30 31 32 33 34 35 36 37 38 39 40 41 42 43 44 45 46 47 48 49 50 51 52 53 54 55 56 57 58 59 60 63 64 65 66 67 68 69 
8 8 25 32 51 59 61 62 67 
40 0 1 4 5 6 7 8 10 12 13 16 19 21 24 25 30 32 35 37 39 41 43 44 45 46 48 50 51 52 53 55 56 59 61 62 63 64 65 66 67 
28 0 1 4 6 7 8 10 16 24 25 30 32 37 39 41 43 46 50 51 52 56 59 61 62 64 65 66 67 
10 8 25 32 37 51 59 61 62 66 67 
26 0 4 6 7 8 9 10 19 20 24 25 26 30 32 37 39 41 42 43 50 51 59 61 62 66 67 
64 0 1 2 4 5 6 7 8 9 10 11 12 13 14 15 16 17 18 19 20 21 22 24 25 26 27 28 29 30 31 32 34 35 36 38 39 40 41 43 44 45 46 47 48 49 50 51 52 53 54 55 56 57 58 59 60 61 62 63 64 65 66 67 68 
37 0 1 4 5 6 7 8 9 10 16 19 20 21 24 25 26 30 32 36 37 38 39 41 42 43 46 50 51 52 56 59 61 62 64 65 66 67 
28 0 1 4 5 6 8 10 16 24 25 30 32 37 39 41 43 46 50 51 52 56 59 61 62 64 65 66 67 
45 0 1 4 5 6 7 8 10 12 13 14 15 16 17 19 21 24 25 30 32 35 37 38 39 41 43 44 45 46 48 50 51 52 53 55 56 59 61 62 63 64 65 66 67 69 
