50 15 1e+07
1.41011 153800
2.45182 167375
2.01973 100067
2.41387 132430
2.40042 165480
2.54855 150727
1.53465 105335
2.88613 128615
1.49792 159663
1.04747 186112
2.83175 136729
1.60383 141475
1.72638 128703
2.59476 101168
1.26038 146456
1.41843 196466
1.79046 141727
2.55612 127297
1.43707 172147
2.52531 109569
2.59923 147819
1.7205 110655
1.51679 103027
2.52635 124422
2.91108 171025
2.68368 107891
1.14162 115198
2.12028 149480
1.30042 168816
2.1556 191157
1.90465 186789
1.76368 137825
2.5854 137730
1.37427 113079
2.71105 175231
1.00629 178274
1.82684 196245
2.39931 140120
1.47677 128260
1.56245 136825
2.44978 180411
1.19929 100876
2.79966 105029
1.42619 171160
2.39091 163133
1.47639 136024
1.41663 148373
2.32298 121773
1.00697 100365
1.84849 194125
0.937277 0.258107 3
0.881184 0.00162224 9
0.967611 1 1
0.885314 0.00378227 8
0.89677 0.0204318 6
0.87053 0.000275238 11
0.954853 0.540402 2
0.892984 0.00909983 7
0.895317 0.0201085 6
0.854208 1.39554e-06 17
0.878531 0.00155883 9
0.914089 0.106663 4
0.913407 0.106065 4
0.984733 1 1
0.877862 0.00154367 9
0.95689 0.547736 2
0.898542 0.0208471 6
0.925941 0.236371 3
0.935098 0.253192 3
0.935828 0.254794 3
0.922012 0.230653 3
0.927756 0.239282 3
0.913302 0.105973 4
0.930019 0.24318 3
0.863179 4.69855e-05 13
0.888386 0.00858902 7
0.947116 0.517281 2
0.904765 0.0471168 5
0.932879 0.248586 3
0.872506 0.000638218 10
0.970326 0.614662 2
0.914269 0.00657958 8
0.929027 0.0349973 6
0.948054 0.169129 4
0.951862 0.183582 4
0.933317 0.070989 5
0.934233 0.0723337 5
0.929292 0.0352221 6
0.946284 0.163213 4
0.878089 5.93849e-07 19
0.903547 0.00121991 10
0.963835 0.370805 3
0.917165 0.00711314 8
0.932237 0.0694744 5
0.88596 8.13485e-06 16
0.92644 0.237154 3
0.866055 0.000112651 12
0.939569 0.500327 2
0.884076 0.00371846 8
0.890334 0.00879635 7
0.87063 0.000620094 10
0.929635 0.242497 3
0.879086 0.00157167 9
0.886997 0.00844865 7
0.836282 9.14172e-10 25
0.860907 4.49644e-05 13
0.905848 0.0476279 5
0.891012 0.0192308 6
0.955797 0.543729 2
0.855926 7.71602e-06 15
0.916848 0.0540891 5
0.928902 0.124033 4
0.928604 0.12358 4
0.878171 0.000143541 12
0.899903 0.0100357 7
0.865345 4.2434e-06 16
0.939304 0.263064 3
0.927066 0.121318 4
0.905836 0.0228484 6
0.927702 0.122236 4
0.940533 0.266267 3
0.910188 0.0243247 6
0.968639 0.604099 2
0.912477 0.0512078 5
0.965645 0.587071 2
0.953941 0.313835 3
0.95655 0.326598 3
0.941496 0.268888 3
0.916303 0.0268843 6
0.938803 0.142761 4
0.902344 0.00501492 8
0.956917 0.328509 3
0.96215 0.56968 2
0.94432 0.27718 3
0.93325 0.131322 4
0.958893 0.55555 2
0.950186 0.297768 3
0.988803 1 1
0.927977 0.0641616 5
0.955056 0.319119 3
0.941612 0.269212 3
0.902477 0.0218626 6
0.990294 1 1
0.885825 0.00174744 9
0.903171 0.0220567 6
0.870555 5.47035e-05 13
0.982041 1 1
0.911253 0.0504817 5
0.904656 0.0224884 6
0.881177 0.000737431 10
0.90399 0.0222919 6
0.920452 0.112987 4
0.944504 0.510883 2
0.974517 1 1
0.910109 0.0498315 5
0.918719 0.0280913 6
0.979022 0.682727 2
0.89558 0.000992241 10
0.911904 0.0123903 7
0.931553 0.068552 5
0.903633 0.00250222 9
0.91026 0.0119939 7
0.964315 0.580159 2
0.939618 0.144678 4
0.978791 0.680573 2
0.991788 1 1
0.929791 0.0663011 5
0.948867 0.292693 3
0.883007 3.40822e-05 14
0.964627 0.581747 2
0.902553 0.0461271 5
0.912279 0.105102 4
0.921817 0.230389 3
0.862325 0.000105388 12
0.883623 0.00813053 7
0.849579 1.24594e-06 17
0.929743 0.242687 3
0.910057 0.103307 4
0.889327 0.0189164 6
0.915018 0.107502 4
0.924464 0.234134 3
0.894297 0.0198901 6
0.951602 0.529847 2
0.90595 0.100297 4
0.952691 0.533234 2
0.973371 0.635718 2
0.92707 0.121324 4
0.97111 0.61983 2
0.916323 0.0268938 6
0.934317 0.133319 4
0.900555 0.00484387 8
0.983704 1 1
0.938639 0.261394 3
0.935454 0.135544 4
0.898544 0.00466608 8
0.924447 0.0604478 5
0.952273 0.306383 3
0.957621 0.550516 2
0.961954 0.568778 2
0.920056 0.0565371 5
0.992539 1 1
0.934904 0.252774 3
0.94072 0.502625 2
0.947353 0.517895 2
0.962215 0.569983 2
0.931003 0.244977 3
0.950465 0.526457 2
0.950004 0.525123 2
0.960128 0.560692 2
0.899022 0.0209639 6
0.925538 0.23575 3
0.980594 1 1
0.940628 0.502439 2
0.938096 0.260064 3
0.908953 0.0492012 5
0.930447 0.243954 3
0.950536 0.526663 2
0.884201 0.000779608 10
0.970694 0.617069 2
0.972566 0.629891 2
0.968283 0.601963 2
0.896656 0.00956782 7
0.956828 0.547506 2
0.973295 1 1
0.918204 0.11059 4
0.934449 0.251804 3
0.954187 0.538129 2
0.912806 0.0514086 5
0.878798 0.000320477 11
0.903299 0.0220929 6
0.96036 0.561684 2
0.933547 0.131868 4
0.910223 0.0119853 7
0.978429 0.677246 2
0.980077 0.692809 2
0.961798 0.56806 2
0.919842 0.0286967 6
0.947813 0.288837 3
0.972117 0.626721 2
0.896004 0.00100235 10
0.919574 0.0285495 6
0.977883 0.672328 2
0.918868 0.0281696 6
0.90882 0.0116692 7
0.895073 0.000980427 10
0.920117 0.0148795 7
0.93997 0.145529 4
0.924113 0.0312976 6
0.885697 1.72468e-05 15
0.907649 0.00277118 9
0.873357 2.23574e-07 20
0.936487 0.0758919 5
0.936764 0.0763558 5
0.914089 0.012964 7
0.939334 0.144003 4
0.952401 0.306936 3
0.916419 0.0136415 7
0.973549 0.63704 2
0.908341 0.00282303 9
0.977118 0.665617 2
0.967698 0.59852 2
0.906205 0.0229645 6
0.965809 0.58795 2
0.914396 0.0524141 5
0.926387 0.120363 4
0.898967 0.0209505 6
0.965062 0.583996 2
0.919491 0.111938 4
0.924536 0.117881 4
0.875198 0.000299192 11
0.901019 0.0214704 6
0.944111 0.509971 2
0.930447 0.243954 3
0.971346 1 1
0.89406 0.00923087 7
0.93489 0.0733337 5
0.998601 1 1
0.90399 0.00252414 9
0.931125 0.0679886 5
0.951564 0.30337 3
0.921765 0.0298061 6
0.918814 0.0144182 7
0.984463 0.739965 2
0.959799 0.344613 3
0.959295 0.341653 3
0.983434 0.728102 2
0.948898 0.292811 3
0.951376 0.302586 3
0.893008 0.000209065 12
0.95088 0.30055 3
0.9579 0.551601 2
0.918521 0.0553265 5
0.910746 0.0245331 6
0.967805 0.599139 2
0.963446 0.57584 2
0.954003 0.537514 2
0.917989 0.0549244 5
0.933003 0.248833 3
0.955802 0.543749 2
0.881492 0.000338351 11
0.90538 0.0227075 6
0.966157 0.58984 2
0.909603 0.0241116 6
0.912243 0.0510664 5
0.882998 0.000762268 10
0.94313 0.153767 4
0.981445 0.706584 2
0.904026 0.0012366 10
0.948909 0.17216 4
0.968954 0.606015 2
0.939163 0.0806312 5
0.918242 0.0142248 7
0.988953 1 1
0.977267 0.666907 2
0.942809 0.152876 4
0.965021 0.379413 3
0.962164 0.359401 3
0.942592 0.152282 4
0.89521 0.000223284 12
0.934025 0.0720237 5
0.921629 0.0297243 6
0.88658 8.1568e-05 13
0.971496 0.62244 2
0.867018 7.83053e-08 21
0.884192 3.53196e-05 14
0.852075 1.10235e-11 0
0.961542 0.355363 3
0.89396 0.000452477 11
0.88591 8.00203e-05 13
0.869252 1.90416e-07 20
0.889902 0.000191465 12
0.900999 0.00235146 9
0.930906 0.0677049 5
0.962787 0.572668 2
0.900831 0.00234243 9
0.960211 0.561047 2
0.903985 0.0222903 6
0.978673 1 1
0.904496 0.0224407 6
0.918315 0.110703 4
0.889024 0.00398963 8
0.974283 1 1
0.916141 0.108552 4
0.917516 0.109894 4
0.875515 0.000300963 11
0.900781 0.0214081 6
0.936318 0.255893 3
0.934458 0.251824 3
0.983198 1 1
0.897677 0.00970898 7
0.955229 0.31996 3
0.915768 0.0134448 7
0.908752 0.00574912 8
0.966928 0.594109 2
0.960893 0.351265 3
0.95394 0.313832 3
0.915662 0.0134132 7
0.930146 0.0667414 5
0.953148 0.310226 3
0.878859 6.33163e-06 16
0.902575 0.00243947 9
0.963057 0.365389 3
0.906723 0.00270452 9
0.910679 0.00601496 8
0.880161 6.61352e-06 16
0.947783 0.288727 3
0.915427 0.0133441 7
0.900515 0.00232566 9
0.973645 0.637749 2
0.961911 0.56858 2
0.962428 0.570973 2
0.90796 0.00564651 8
0.929147 0.0655222 5
0.953718 0.31281 3
0.878774 6.31391e-06 16
0.901459 0.00237649 9
0.959445 0.342524 3
0.901902 0.00240113 9
0.901959 0.0024043 9
0.877402 6.03743e-06 16
0.926164 0.0621839 5
0.979448 0.686743 2
0.888806 0.000397757 11
0.940546 0.266303 3
0.955802 0.322795 3
0.934854 0.134357 4
0.903046 0.00508571 8
0.973814 0.639019 2
0.963141 0.57436 2
0.951142 0.301622 3
0.964972 0.583528 2
0.945621 0.281328 3
0.931354 0.127985 4
0.879544 3.08445e-05 14
0.932057 0.129191 4
0.958419 0.336656 3
0.89596 0.000228497 12
0.957842 0.333462 3
0.910278 0.00297794 9
0.919596 0.0146915 7
0.895433 0.000224811 12
0.954047 0.314326 3
0.909502 0.00291404 9
0.91682 0.00704539 8
0.864564 1.24953e-09 26
0.890166 4.28157e-05 14
0.936392 0.0757353 5
0.91862 0.014352 7
0.968248 0.601752 2
0.882698 3.34776e-06 17
0.916831 0.0137688 7
0.981176 0.703818 2
0.889749 4.22147e-05 14
0.916675 0.0137204 7
0.934908 0.0733612 5
0.909651 0.00292618 9
0.904405 0.00125009 10
0.965315 0.381617 3
0.942927 0.153201 4
0.977013 0.664718 2
0.984319 0.738274 2
0.930528 0.0672217 5
0.941027 0.148159 4
0.87794 1.28697e-06 18
0.954579 0.316829 3
0.914018 0.0521695 5
0.943666 0.508955 2
0.913593 0.0518985 5
0.884803 0.00171813 9
0.906536 0.0479622 5
0.873386 0.000129731 12
0.926359 0.120323 4
0.937647 0.258983 3
0.913497 0.0518383 5
0.949306 0.523147 2
0.958099 0.552379 2
0.913235 0.0516736 5
0.965976 0.588854 2
0.898166 0.00977853 7
0.98844 1 1
0.907163 0.0232728 6
0.95908 0.556313 2
0.893135 0.00199264 9
0.893289 0.0019986 9
0.913418 0.0517887 5
0.884561 0.000784947 10
0.907152 0.0232693 6
0.946477 0.284178 3
0.921254 0.0575346 5
0.979968 1 1
0.975351 0.650934 2
0.914206 0.0522907 5
0.948403 0.290976 3
0.879161 0.00014673 12
0.979968 1 1
0.929082 0.124311 4
0.923306 0.116328 4
0.880449 0.000151072 12
0.987651 1 1
0.964562 0.581416 2
0.994203 1 1
0.890349 0.00189106 9
0.933435 0.131662 4
0.95816 0.552621 2
0.88933 0.000863242 10
0.907697 0.0234497 6
0.949604 0.295495 3
0.895456 0.00441951 8
0.87894 0.000146008 12
0.879051 0.00014637 12
0.991928 1 1
0.929975 0.243101 3
0.955306 0.541985 2
0.932927 0.24868 3
0.948845 0.521872 2
0.916819 0.109205 4
0.964775 1 1
0.943944 0.509588 2
0.948139 0.519962 2
0.896745 0.0204261 6
0.923412 0.232606 3
0.967501 1 1
0.946988 0.516955 2
0.951776 0.530377 2
0.911939 0.10482 4
0.939731 0.26416 3
0.897794 0.00460342 8
0.991435 1 1
0.883827 0.000355424 11
0.900438 0.0048331 8
0.868567 4.63276e-06 16
0.978023 0.673575 2
0.906963 0.0112786 7
0.901522 0.0102911 7
0.875946 2.79826e-05 14
0.898862 0.00469321 8
0.91788 0.0548429 5
0.938864 0.261954 3
0.979218 1 1
0.904479 0.010801 7
0.909218 0.0239741 6
0.942053 0.270451 3
0.908335 0.023666 6
0.881767 0.00015576 12
0.903281 0.0105872 7
0.870773 1.10006e-05 15
0.920978 0.0573003 5
0.934867 0.134381 4
0.910385 0.0243978 6
0.95176 0.304195 3
0.957231 0.549025 2
0.909229 0.023978 6
0.960513 0.562348 2
0.892971 0.00198636 9
0.990475 1 1
0.956504 0.326358 3
0.971695 0.623796 2
0.929041 0.0653956 5
0.931204 0.0680918 5
0.95429 0.31546 3
0.91788 0.0141048 7
0.944229 0.15691 4
0.980355 0.69555 2
0.960827 0.350855 3
0.939792 0.145097 4
0.967729 0.598698 2
0.961916 0.357781 3
0.971376 0.621625 2
0.917742 0.0140596 7
0.950052 0.297236 3
0.966054 0.589275 2
0.966742 0.593067 2
0.929031 0.124231 4
0.943292 0.27405 3
0.966557 0.592039 2
0.929049 0.12426 4
0.94346 0.274553 3
0.981213 1 1
0.972125 0.626778 2
0.930332 0.126291 4
0.957712 0.550868 2
0.975441 1 1
0.960471 0.562164 2
0.919942 0.0564447 5
0.936928 0.257292 3
0.915419 0.0133418 7
0.887055 8.26936e-05 13
0.962128 0.359165 3
0.861962 5.60891e-09 24
0.880103 6.60067e-06 16
0.847217 8.62591e-12 0
0.955942 0.323495 3
0.892993 0.000441202 11
0.882537 1.55207e-05 15
0.872921 4.84933e-07 19
0.891993 0.000203021 12
0.896276 0.000481678 11
0.932998 0.0705331 5
0.951121 0.301536 3
0.906214 0.00543309 8
0.903677 0.00515113 8
0.883993 0.000164288 12
0.9462 0.283245 3
0.852397 3.12659e-10 27
0.871408 2.25894e-06 17
0.838053 5.60952e-12 0
0.94313 0.273571 3
0.887882 0.000389211 11
0.874651 5.53628e-06 16
0.874751 5.55332e-06 16
0.891067 0.000420196 11
0.886556 0.000175187 12
0.930443 0.126471 4
0.934161 0.133021 4
0.909892 0.0119089 7
0.913383 0.0517663 5
0.975232 0.649981 2
0.880439 0.000331145 11
0.925023 0.118517 4
0.939814 0.264374 3
0.920532 0.0569272 5
0.894857 0.00437504 8
0.96264 0.571972 2
0.947213 0.286714 3
0.964364 0.580409 2
0.968259 0.60182 2
0.930948 0.127303 4
0.927714 0.122253 4
0.870018 1.0784e-05 15
0.937368 0.258321 3
0.97124 1 1
0.961542 0.5669 2
0.930716 0.244446 3
0.946842 0.51658 2
0.969739 1 1
0.931952 0.246772 3
0.944631 0.51118 2
0.976663 1 1
0.974045 1 1
0.924753 0.234562 3
0.951871 0.53067 2
0.981076 1 1
0.956752 0.547221 2
0.922631 0.115506 4
0.93141 0.24574 3
0.962762 0.572547 2
0.899705 0.0211331 6
0.942084 0.505474 2
0.924764 0.234579 3
0.930598 0.244229 3
0.910409 0.103583 4
0.942173 0.505664 2
0.914161 0.106728 4
0.926332 0.236983 3
0.865791 4.94998e-05 13
0.891515 0.00892833 7
0.945487 0.51322 2
0.913736 0.106351 4
0.949955 0.524982 2
0.879339 0.00157758 9
0.908506 0.0237246 6
0.91842 0.0552493 5
0.925558 0.119229 4
0.868481 1.0364e-05 15
0.889936 0.00187689 9
0.85565 5.20225e-08 21
0.934445 0.251796 3
0.916477 0.0538248 5
0.895682 0.00443662 8
0.919489 0.0560809 5
0.930328 0.126283 4
0.900599 0.0101436 7
0.95836 0.553411 2
0.909508 0.0240774 6
0.957465 0.549917 2
0.901037 0.000553209 11
0.899707 0.000531469 11
0.929756 0.0356229 6
0.855922 1.3524e-11 0
0.876633 5.59885e-07 19
0.842482 6.87409e-12 0
0.934211 0.0723004 5
0.899771 0.000532485 11
0.881503 3.1992e-06 17
0.898257 0.000509393 11
0.91017 0.00296892 9
0.889191 4.14284e-05 14
0.943588 0.155058 4
0.914575 0.00663241 8
0.935348 0.0740487 5
0.912912 0.105638 4
0.901136 0.0455287 5
0.946805 0.516488 2
0.863946 0.000108444 12
0.884141 0.00372172 8
0.84981 5.39058e-07 18
0.949559 0.52386 2
0.903813 0.0466822 5
0.888208 0.00857077 7
0.893309 0.0196851 6
0.909257 0.102691 4
0.898315 0.0207925 6
0.948068 0.519772 2
0.931695 0.246279 3
0.929261 0.241839 3
0.986676 1 1
0.941714 0.504688 2
0.951407 0.529255 2
0.934369 0.251636 3
0.953611 0.536211 2
0.918431 0.110823 4
0.964275 0.579958 2
0.955237 0.54174 2
0.954859 0.540425 2
0.908705 0.0490693 5
0.935709 0.254528 3
0.97161 1 1
0.957875 0.551503 2
0.944208 0.510196 2
0.923619 0.232902 3
0.937833 0.140565 4
0.876555 1.29154e-05 15
0.94655 0.284427 3
0.894281 0.000962476 10
0.901186 0.00490277 8
0.880416 3.16108e-05 14
0.938287 0.141581 4
0.88983 0.000407647 11
0.897899 0.00219542 9
0.846062 8.15305e-12 0
0.871055 2.23393e-06 17
0.916997 0.0272183 6
0.900449 0.00483414 8
0.9618 0.568071 2
0.865022 1.63066e-07 20
0.923616 0.059652 5
0.915324 0.0530295 5
0.949605 0.295499 3
0.876129 6.2084e-05 13
0.896956 0.00453555 8
0.862027 3.32903e-07 19
0.956678 0.546946 2
0.917923 0.0548748 5
0.901405 0.0102721 7
0.906054 0.0110982 7
0.923304 0.0593605 5
0.910651 0.024497 6
0.962967 0.573527 2
0.933289 0.131393 4
0.94161 0.269205 3
0.8916 4.49927e-05 14
0.883628 3.47062e-06 17
0.927564 0.033805 6
0.844047 7.40067e-12 0
0.863989 5.41482e-10 27
0.830365 4.00739e-12 0
0.928112 0.0342419 6
0.884757 3.62859e-06 17
0.868243 3.34482e-09 25
0.880999 1.45044e-06 18
0.893255 0.000100124 13
0.877504 2.65941e-07 20
0.92828 0.0343782 6
0.914152 0.00655959 8
0.917375 0.00715484 8
0.954084 0.314499 3
0.963588 0.576538 2
0.908493 0.00571514 8
0.965078 0.584081 2
0.98744 1 1
0.952456 0.307174 3
0.921567 0.0296877 6
0.976842 0.66325 2
0.995988 1 1
0.925119 0.0611123 5
0.948264 0.290467 3
0.977182 0.666172 2
0.936323 0.137319 4
0.902054 0.00240969 9
0.920022 0.0287964 6
0.955955 0.544298 2
0.892957 0.000933855 10
0.950535 0.299154 3
0.911902 0.0249791 6
0.919436 0.056039 5
0.897448 0.00217443 9
0.947053 0.286157 3
0.906812 0.011248 7
0.916011 0.0267468 6
0.860796 6.21122e-08 21
0.886378 0.000376006 11
0.93545 0.135536 4
0.913049 0.0254426 6
0.961376 0.566153 2
0.877572 2.92192e-05 14
0.954639 0.317114 3
0.904486 0.0108022 7
0.914599 0.0261051 6
0.950125 0.297527 3
0.946522 0.284334 3
0.937881 0.14067 4
0.918935 0.0556453 5
0.91918 0.0558366 5
0.939549 0.26369 3
0.868145 9.12478e-07 18
0.892616 0.000926737 10
0.953475 0.311699 3
0.902727 0.00505329 8
0.91926 0.0558996 5
0.87318 1.17388e-05 15
0.93011 0.125931 4
0.906913 0.0112685 7
0.96734 0.59645 2
0.877696 6.44701e-05 13
0.897173 0.00455294 8
0.862915 3.42504e-07 19
0.969601 0.61003 2
0.912515 0.0252239 6
0.900309 0.00482136 8
0.891998 0.000914121 10
0.912006 0.0250203 6
0.912868 0.0253679 6
0.95397 0.537403 2
0.951406 0.302712 3
0.925004 0.0609975 5
0.94414 0.276622 3
0.979711 0.689261 2
0.904353 0.00522326 8
0.950577 0.299326 3
0.970706 0.617143 2
0.940663 0.147239 4
0.918486 0.0279692 6
0.988303 1 1
0.979025 0.682753 2
0.941104 0.148356 4
0.963375 0.575497 2
0.963588 0.576538 2
0.941974 0.150621 4
0.895751 0.000996302 10
0.932613 0.130171 4
17 0 1 2 3 10 12 14 16 19 20 21 23 27 37 42 46 47 
43 0 1 2 3 4 5 6 8 9 10 11 12 13 14 15 16 17 18 19 20 21 23 27 28 29 31 32 33 34 36 37 38 39 40 41 42 43 44 45 46 47 48 49 
18 0 1 2 3 10 12 14 16 19 20 21 23 27 28 37 42 46 47 
19 0 1 2 3 10 12 14 16 19 20 21 23 27 28 29 37 42 46 47 
24 0 1 2 3 6 9 10 12 14 16 18 19 20 21 23 27 28 29 33 37 41 42 46 47 
23 0 1 2 3 6 9 10 12 14 16 19 20 21 23 27 28 29 37 41 42 46 47 48 
22 0 1 2 3 6 9 10 12 14 16 18 19 20 21 23 27 28 29 37 42 46 47 
35 0 1 2 3 5 6 9 10 11 12 14 16 18 19 20 21 23 27 28 29 31 32 33 34 36 37 40 41 42 43 45 46 47 48 49 
37 0 1 2 3 4 5 6 8 9 10 12 14 16 18 19 20 21 23 27 28 29 31 32 33 34 36 37 38 39 40 41 42 43 44 46 47 48 
49 0 1 2 3 4 5 6 7 8 9 10 11 12 13 14 15 16 17 18 19 20 21 22 23 24 25 26 27 28 29 30 31 32 33 34 35 36 37 38 39 40 41 43 44 45 46 47 48 49 
45 0 1 2 3 4 5 6 8 9 10 11 12 13 14 15 16 17 18 19 20 21 23 25 27 28 29 30 31 32 33 34 36 37 38 39 40 41 42 43 44 45 46 47 48 49 
26 0 1 2 3 6 9 10 12 14 16 18 19 20 21 23 28 29 33 34 37 40 41 42 46 47 48 
35 0 1 2 3 5 6 9 10 11 12 14 15 16 17 18 19 20 21 22 23 27 28 29 31 32 33 36 37 41 42 45 46 47 48 49 
13 0 1 2 3 14 16 20 21 23 37 42 46 47 
45 0 1 2 3 4 5 6 8 9 10 11 12 13 14 15 16 17 18 19 20 21 23 25 27 28 29 30 31 32 33 34 36 37 38 39 40 41 42 43 44 45 46 47 48 49 
