40 15 1e+07
1.89799 185114
2.54831 160554
2.46976 182123
1.60041 112632
2.37108 141358
1.35076 172407
2.79735 137340
1.94309 179413
1.53526 187789
2.11273 161036
1.70214 104081
1.61284 143813
1.565 187985
1.95287 121343
1.33173 163666
1.4553 191303
2.37806 158819
1.06754 136375
1.01058 144760
1.76666 190460
1.68855 102228
1.43653 138027
2.29441 100850
2.98684 118629
1.91969 107381
1.012 150173
2.76367 197860
2.51618 170035
1.43489 101037
1.55995 176297
1.92035 123993
1.92643 155770
2.46803 102785
1.75127 120823
2.10648 128013
1.81136 120347
1.27014 198370
2.97486 102495
2.46791 171492
2.07111 187793
0.903117 0.046373 5
0.962609 0.571826 2
0.982024 1 1
0.933392 0.249617 3
0.980768 1 1
0.949708 0.52428 2
0.919142 0.111566 4
0.957337 0.549427 2
0.986062 1 1
0.960193 0.560968 2
0.965537 1 1
0.883158 0.00367269 8
0.939959 0.501096 2
0.978357 1 1
0.942928 0.507308 2
0.929533 0.125013 4
0.936695 0.256754 3
0.918695 0.0554601 5
0.933188 0.249205 3
0.919604 0.056173 5
0.907257 0.0233038 6
0.933452 0.249739 3
0.923351 0.116383 4
0.906282 0.0229886 6
0.881137 0.000335889 11
0.91259 0.0512765 5
0.905512 0.0227481 6
0.906211 0.0229662 6
0.931672 0.128527 4
0.909381 0.0240319 6
0.975141 0.649259 2
0.925519 0.0615174 5
0.937581 0.258825 3
0.980174 1 1
0.938901 0.262046 3
0.94517 0.279864 3
0.985111 1 1
0.956538 0.546428 2
0.924586 0.0605841 5
0.905257 0.0109453 7
0.905135 0.0109225 7
0.948967 0.29307 3
0.948505 0.291349 3
0.935224 0.135086 4
0.950769 0.300099 3
0.929934 0.243028 3
0.956254 0.545383 2
0.987473 1 1
0.961096 0.564902 2
0.988847 1 1
0.968737 1 1
0.946459 0.515615 2
0.983433 1 1
0.97343 1 1
0.949037 0.522403 2
0.944761 0.511486 2
0.909209 0.102654 4
0.961117 0.564996 2
0.975411 1 1
0.964833 1 1
0.917931 0.0141217 7
0.935202 0.0738184 5
0.911897 0.00619575 8
0.922072 0.0156279 7
0.912687 0.00631875 8
0.89787 0.000242737 12
0.921802 0.0155203 7
0.91411 0.00655252 8
0.900148 0.000538527 11
0.874663 2.35832e-07 20
0.911827 0.00618505 8
0.894384 0.000103944 13
0.89622 0.000230355 12
0.927009 0.0333744 6
0.899456 0.000527531 11
0.931259 0.245454 3
0.948156 0.520007 2
0.985459 1 1
0.963044 0.573895 2
0.986688 1 1
0.977151 1 1
0.948002 0.519598 2
0.989218 1 1
0.973942 1 1
0.953324 0.535272 2
0.93846 0.260953 3
0.912105 0.104957 4
0.968876 1 1
0.967569 1 1
0.97248 1 1
0.866415 0.000113397 12
0.946862 0.516633 2
0.906083 0.0477412 5
0.884058 0.00371754 8
0.905921 0.047663 5
0.877647 0.00153886 9
0.876433 0.00151227 9
0.892233 0.00901115 7
0.90152 0.0456881 5
0.878236 0.00155211 9
0.941569 0.504382 2
0.842903 3.49695e-08 21
0.871245 0.000278674 11
0.927371 0.23865 3
0.874718 0.00066095 10
0.913373 0.0127698 7
0.959356 0.342005 3
0.929858 0.0663841 5
0.926776 0.0628342 5
0.930424 0.06709 5
0.909594 0.00586226 8
0.921863 0.0298651 6
0.926352 0.0623822 5
0.919196 0.0283447 6
0.892779 0.000207675 12
0.935796 0.136236 4
0.888663 8.67055e-05 13
0.905801 0.00264102 9
0.948208 0.290263 3
0.909349 0.00582898 8
0.886312 0.000812002 10
0.88641 0.000813583 10
0.863053 7.78361e-07 18
0.879686 0.000148471 12
0.863847 1.80248e-06 17
0.852552 8.83976e-09 23
0.883864 0.000355707 11
0.867327 4.4766e-06 16
0.851757 8.59123e-09 23
0.827758 3.58918e-12 0
0.865444 1.88656e-06 17
0.868406 1.03439e-05 15
0.852478 8.81633e-09 23
0.877196 0.00014052 12
0.855243 5.1322e-08 21
0.885674 0.0038013 8
0.964593 0.581572 2
0.960608 0.56276 2
0.914551 0.107077 4
0.959487 0.55799 2
0.928665 0.240811 3
0.901031 0.0454852 5
0.936686 0.256733 3
0.965805 1 1
0.947363 0.517921 2
0.982384 1 1
0.865043 0.000110599 12
0.919109 0.111531 4
0.968241 1 1
0.922023 0.230668 3
0.988431 1 1
0.903952 0.0107057 7
0.915403 0.0264658 6
0.961609 0.567204 2
0.916698 0.053982 5
0.927743 0.122297 4
0.975943 0.655727 2
0.935665 0.13597 4
0.903029 0.0105434 7
0.885932 0.000372246 11
0.883404 0.000161951 12
0.965949 0.588709 2
0.933509 0.131798 4
0.91255 0.0252381 6
0.934717 0.134089 4
0.894729 0.000972564 10
0.962476 0.5712 2
0.923987 0.0600045 5
0.910709 0.0120994 7
0.92421 0.0602181 5
0.898887 0.00224286 9
0.904193 0.00520599 8
0.914962 0.0262662 6
0.915831 0.026663 6
0.889946 0.000408788 11
0.944086 0.276456 3
0.870451 9.84621e-07 18
0.893686 0.000949412 10
0.945127 0.279727 3
0.897267 0.00216612 9
0.943079 0.273419 3
0.957126 0.329612 3
0.961778 0.56797 2
0.967046 0.594776 2
0.962933 0.573361 2
0.950554 0.299231 3
0.957145 0.329714 3
0.967967 0.600088 2
0.948026 0.289603 3
0.923186 0.0592508 5
0.936118 0.136896 4
0.918505 0.0279788 6
0.947456 0.287566 3
0.966471 0.591561 2
0.951121 0.301534 3
0.893577 0.00200983 9
0.924964 0.11844 4
0.894342 0.00204027 9
0.898168 0.00463441 8
0.894919 0.0020639 9
0.876738 6.29931e-05 13
0.897268 0.00456057 8
0.892862 0.00198219 9
0.884044 0.00035709 11
0.858631 5.75653e-08 21
0.90474 0.0108489 7
0.870962 1.10557e-05 15
0.874227 2.67664e-05 14
0.912108 0.0250605 6
0.877509 6.41783e-05 13
0.877457 0.000141317 12
0.971971 0.625708 2
0.935909 0.254974 3
0.901578 0.0103001 7
0.935365 0.253773 3
0.904144 0.0107401 7
0.89063 0.0019008 9
0.916733 0.0540066 5
0.934535 0.251985 3
0.912525 0.0252281 6
0.979767 1 1
0.854528 2.1815e-08 22
0.896082 0.00446715 8
0.95558 0.542953 2
0.899456 0.0099679 7
0.937805 0.25936 3
0.954348 0.538674 2
0.978392 1 1
0.968536 0.603473 2
0.979745 1 1
0.967396 0.596771 2
0.954252 0.538349 2
0.98491 1 1
0.964471 0.58095 2
0.940985 0.267486 3
0.939513 0.263598 3
0.916094 0.108507 4
0.961846 0.568281 2
0.971368 1 1
0.965705 0.587393 2
0.896156 0.000229892 12
0.972649 0.630485 2
0.969889 0.611852 2
0.925061 0.031947 6
0.968933 0.605883 2
0.936715 0.0762743 5
0.911574 0.00614668 8
0.946473 0.163823 4
0.971393 0.621738 2
0.947787 0.168207 4
0.980085 0.692895 2
0.874972 2.38869e-07 20
0.927437 0.0337058 6
0.979924 0.691325 2
0.930592 0.0673026 5
0.897574 0.00969447 7
0.982526 1 1
0.940985 0.267486 3
0.918614 0.111012 4
0.941001 0.267528 3
0.912667 0.0513232 5
0.909479 0.0494847 5
0.928045 0.122741 4
0.934107 0.251086 3
0.90816 0.0487833 5
0.963551 0.576357 2
0.873467 0.000129946 12
0.906206 0.0229648 6
0.963159 0.574449 2
0.909825 0.0496741 5
0.850767 1.03053e-11 0
0.938604 0.142303 4
0.90091 0.00113476 10
0.871273 9.29387e-08 21
0.900439 0.00112069 10
0.870595 9.03662e-08 21
0.862084 1.10825e-09 26
0.883436 7.4139e-06 16
0.899555 0.00052909 11
0.879436 2.96421e-06 17
0.944216 0.156871 4
0.827886 3.60842e-12 0
0.863134 1.1654e-09 26
0.920604 0.0150592 7
0.866454 6.84494e-09 24
0.937282 0.139356 4
0.953035 0.309721 3
0.940358 0.265801 3
0.950079 0.297346 3
0.941312 0.268378 3
0.927536 0.0636656 5
0.946145 0.28306 3
0.944353 0.277282 3
0.927502 0.0636277 5
0.901945 0.00497565 8
0.928599 0.123572 4
0.911861 0.0249627 6
0.925444 0.0614407 5
0.952137 0.3058 3
0.928873 0.123989 4
0.975472 0.651903 2
0.88073 3.10824e-06 17
0.896974 0.000491127 11
0.944248 0.156965 4
0.898225 0.000508921 11
0.915927 0.0134923 7
0.958937 0.339583 3
0.919052 0.0145004 7
0.885883 1.73573e-05 15
0.872886 2.19373e-07 20
0.861747 4.83608e-10 27
0.987591 0.779401 2
0.923927 0.0311736 6
0.890847 9.26951e-05 13
0.923854 0.0311255 6
0.928172 0.0643833 5
0.917419 0.0274262 6
0.957746 0.332939 3
0.954627 0.317054 3
0.958248 0.335699 3
0.988348 1 1
0.942714 0.272349 3
0.970504 0.615823 2
0.955637 0.321972 3
0.955417 0.320881 3
0.911535 0.012299 7
0.917393 0.0274135 6
0.98562 1 1
0.936585 0.137868 4
0.984142 1 1
0.98095 1 1
0.916556 0.053881 5
0.926236 0.120153 4
0.969785 0.611192 2
0.927538 0.121997 4
0.934776 0.134204 4
0.980511 1 1
0.945116 0.279692 3
0.913367 0.0255749 6
0.89445 0.00204466 9
0.895531 0.00442521 8
0.954724 0.539959 2
0.939032 0.262376 3
0.924804 0.11823 4
0.940902 0.26726 3
0.865683 1.47982e-08 23
0.955509 0.321336 3
0.91652 0.0136725 7
0.886962 3.85113e-05 14
0.916104 0.0135454 7
0.885955 3.73e-05 14
0.877451 2.7619e-06 17
0.899262 0.00108684 10
0.914287 0.0130187 7
0.892572 0.000206429 12
0.958486 0.337028 3
0.842484 6.87469e-12 0
0.878507 2.86696e-06 17
0.93694 0.13862 4
0.881907 1.52087e-05 15
0.886 0.00835139 7
0.964935 1 1
0.960889 0.563986 2
0.914872 0.107369 4
0.959772 0.559182 2
0.928892 0.241199 3
0.901356 0.0456197 5
0.936977 0.495471 2
0.965974 1 1
0.947342 0.517866 2
0.982508 1 1
0.865345 0.000252443 11
0.919344 0.22717 3
0.968625 1 1
0.922267 0.231002 3
0.901356 0.00491882 8
0.955735 0.543506 2
0.92117 0.0574636 5
0.914496 0.0260595 6
0.92158 0.0578153 5
0.898911 0.0046975 8
0.909515 0.0118233 7
0.915374 0.0264523 6
0.911678 0.0248908 6
0.885539 0.000170718 12
0.934857 0.134362 4
0.877026 2.87943e-05 14
0.894657 0.00205309 9
0.941007 0.267546 3
0.898197 0.00220951 9
0.932165 0.247182 3
0.966351 1 1
0.973278 1 1
0.959579 0.558375 2
0.974254 1 1
0.953699 0.536502 2
0.947307 0.517774 2
0.970828 1 1
0.959839 0.559466 2
0.9335 0.489589 2
0.947697 0.518791 2
0.908761 0.102316 4
0.94813 0.519939 2
0.979451 1 1
0.951935 0.530867 2
0.934328 0.25155 3
0.9585 0.553968 2
0.980355 1 1
0.964531 0.581255 2
0.981627 1 1
0.964294 0.580052 2
0.95055 0.526706 2
0.98125 1 1
0.966237 0.590272 2
0.941447 0.268753 3
0.943614 0.275015 3
0.912349 0.0511304 5
0.958158 0.552612 2
0.975668 1 1
0.961991 0.568945 2
0.950241 0.297985 3
0.895041 0.000979683 10
0.892902 0.000932697 10
0.930184 0.12605 4
0.894095 0.00095836 10
0.896698 0.00214039 9
0.940922 0.267314 3
0.907987 0.01149 7
0.880073 3.13057e-05 14
0.859604 2.61905e-08 22
0.872248 5.14927e-06 16
0.935449 0.135535 4
0.900515 0.0048402 8
0.897079 0.00215754 9
0.902345 0.00501504 8
0.918155 0.027798 6
0.950839 0.300383 3
0.993507 1 1
0.949497 0.295081 3
0.993127 1 1
0.969777 0.61114 2
0.934664 0.133986 4
0.975697 0.653722 2
0.987837 1 1
0.964212 0.579638 2
0.946643 0.284743 3
0.899579 0.00227729 9
0.959829 0.344791 3
0.970681 0.616979 2
0.962804 0.57275 2
0.906352 0.0478723 5
0.921364 0.114016 4
0.89619 0.00950511 7
0.907218 0.0483014 5
0.896942 0.00960683 7
0.882405 0.0016533 9
0.908256 0.0488336 5
0.898294 0.0207876 6
0.884815 0.00171846 9
0.859658 3.66825e-06 16
0.899198 0.021007 6
0.88426 0.00170297 9
0.88105 0.000735765 10
0.911698 0.050742 5
0.884176 0.00170066 9
0.946065 0.282796 3
0.953311 0.31096 3
0.953399 0.311358 3
0.965396 0.585752 2
0.954536 0.316624 3
0.943901 0.155956 4
0.958348 0.336258 3
0.960849 0.35099 3
0.939792 0.145097 4
0.915151 0.0132638 7
0.930875 0.067665 5
0.920732 0.0291981 6
0.941865 0.150331 4
0.95966 0.343792 3
0.945367 0.280499 3
0.967995 0.600256 2
0.932317 0.129648 4
0.942661 0.272194 3
0.97979 0.690028 2
0.943972 0.276106 3
0.946742 0.285084 3
0.979445 0.686716 2
0.959885 0.559661 2
0.929357 0.124737 4
0.908737 0.011651 7
0.911581 0.0248532 6
0.942079 0.270525 3
0.948754 0.292271 3
0.941658 0.269338 3
0.951432 0.302818 3
0.94431 0.277147 3
0.937084 0.138928 4
0.97022 0.613976 2
0.976234 0.658132 2
0.971447 0.622102 2
0.983223 1 1
0.961169 0.565229 2
0.995195 1 1
0.959663 0.558725 2
0.94365 0.275126 3
0.924826 0.0608204 5
0.926115 0.0621331 5
0.979803 0.690148 2
0.955023 0.318958 3
0.983723 1 1
0.894728 0.00205604 9
0.980495 1 1
0.96332 0.575226 2
0.922399 0.0585354 5
0.962597 0.571769 2
0.93025 0.126158 4
0.909605 0.0241123 6
0.941614 0.269215 3
0.962516 0.571387 2
0.938485 0.261015 3
0.986782 1 1
0.872706 1.15872e-05 15
0.921453 0.057705 5
0.979684 1 1
0.924764 0.0607593 5
0.858233 4.07932e-10 27
0.94935 0.294521 3
0.91304 0.0126816 7
0.880484 1.45396e-05 15
0.912484 0.0125371 7
0.88199 1.52493e-05 15
0.870424 1.99128e-07 20
0.894362 0.000457312 11
0.912406 0.0125173 7
0.892492 0.000205953 12
0.958002 0.334342 3
0.835425 4.98959e-12 0
0.874132 1.11845e-06 18
0.93224 0.0694784 5
0.877432 2.76008e-06 17
0.896278 0.00212184 9
0.938084 0.141123 4
0.905408 0.0053401 8
0.904621 0.0052524 8
0.905907 0.0110695 7
0.885628 0.000171101 12
0.901949 0.00497608 8
0.901965 0.00497756 8
0.895511 0.00208872 9
0.869775 2.1467e-06 17
0.917928 0.0276822 6
0.872735 5.22422e-06 16
0.882329 7.25331e-05 13
0.924191 0.0602 5
0.885738 0.000171574 12
0.976382 0.659368 2
0.921481 0.0296364 6
0.930146 0.0667411 5
0.971605 0.62318 2
0.931445 0.0684087 5
0.93677 0.13826 4
0.979671 0.688875 2
0.948174 0.29014 3
0.917084 0.0272607 6
0.897374 0.00103633 10
0.900227 0.00111444 10
0.950008 0.297065 3
0.940292 0.146316 4
0.929485 0.0659279 5
0.942436 0.151857 4
0.903973 0.0467545 5
0.969788 1 1
0.933527 0.249892 3
0.921065 0.229384 3
0.93384 0.250533 3
0.909038 0.102525 4
0.914094 0.106668 4
0.925382 0.235511 3
0.924522 0.234219 3
0.898117 0.0443364 5
0.947958 0.51948 2
0.87944 0.00349986 8
0.903922 0.0467311 5
0.95429 0.538477 2
0.907541 0.101419 4
0.918956 0.0282162 6
0.920124 0.0288534 6
0.961558 0.566971 2
0.946813 0.285325 3
0.961719 0.567702 2
0.982271 0.715295 2
0.933975 0.132669 4
0.967207 0.595693 2
0.962718 0.57234 2
0.966193 0.590036 2
0.917025 0.0272319 6
0.907284 0.00556195 8
0.975441 0.651656 2
0.939448 0.144274 4
0.975042 0.648475 2
36 0 1 2 3 4 5 6 7 8 9 10 11 12 13 14 15 16 17 19 22 23 24 25 26 27 28 29 30 31 32 33 34 35 36 37 38 
22 1 4 6 7 8 10 11 13 14 17 18 19 22 23 25 28 30 31 35 36 37 38 
34 1 2 3 4 5 6 7 8 10 11 12 13 14 15 16 17 18 19 20 22 23 25 26 27 28 30 31 32 33 34 35 36 37 38 
27 1 2 4 6 7 8 10 11 12 13 14 17 18 19 20 22 23 25 26 28 30 31 32 35 36 37 38 
34 1 2 3 4 5 6 7 8 10 11 12 13 14 15 16 17 18 19 20 22 23 25 26 27 28 30 31 32 33 34 35 36 37 38 
38 0 1 2 3 4 5 6 7 8 9 10 11 12 13 14 15 16 17 18 19 20 22 23 24 25 26 27 28 29 30 31 32 33 34 35 36 37 38 
25 1 2 4 6 7 8 10 11 12 13 17 18 19 20 22 23 25 28 30 31 32 35 36 37 38 
36 0 1 2 3 4 5 6 7 8 9 10 11 12 13 14 15 16 17 18 19 22 23 24 25 26 27 28 29 30 31 32 34 35 36 37 38 
36 0 1 2 3 4 5 6 7 8 9 10 11 12 13 14 15 16 17 18 19 22 23 24 25 26 27 28 29 30 31 32 34 35 36 37 38 
39 0 1 2 3 4 5 6 7 9 10 11 12 13 14 15 16 17 18 19 20 21 22 23 24 25 26 27 28 29 30 31 32 33 34 35 36 37 38 39 
36 1 2 3 4 5 6 7 8 10 11 12 13 14 15 16 17 18 19 20 21 22 23 25 26 27 28 29 30 31 32 33 34 35 36 37 38 
21 1 2 4 6 7 8 10 11 13 17 19 20 22 25 28 30 31 32 36 37 38 
38 0 1 2 3 4 5 6 7 8 9 10 11 12 13 14 15 16 17 18 19 20 22 23 24 25 26 27 28 29 30 31 32 33 34 35 36 37 38 
29 1 2 4 6 7 8 10 11 12 13 15 17 18 19 20 22 23 25 26 27 28 30 31 32 33 35 36 37 38 
38 0 1 2 3 4 5 6 7 8 9 10 11 12 13 14 15 16 17 18 19 20 22 23 24 25 26 27 28 29 30 31 32 33 34 35 36 37 38 
