30 15 1e+07
1.03463 117043
1.71238 150321
2.49034 161773
2.93104 152625
1.03591 192889
1.43446 129698
1.21348 193660
2.24506 194401
2.99531 103021
1.97518 178762
2.05423 192652
2.03425 128237
1.81986 189070
1.06944 122038
1.20577 188892
1.04892 141564
2.12281 141500
2.68393 190029
1.15404 145067
2.3179 115020
1.58438 118719
1.91765 105554
1.9119 195297
1.57318 144240
1.7712 167432
1.34631 152654
1.54625 165688
1.13152 147801
1.65859 183250
2.35275 118321
0.94613 0.514794 2
0.950734 0.527244 2
0.951613 0.529878 2
0.932801 0.488485 2
0.920324 0.228416 3
0.937768 0.496908 2
0.899466 0.044856 5
0.927145 0.238281 3
0.874623 0.00147434 9
0.850605 2.96598e-06 16
0.958432 0.553696 2
0.954751 0.540053 2
0.944194 0.510164 2
0.91618 0.223398 3
0.90129 0.0455926 5
0.9301 0.125915 4
0.918377 0.055217 5
0.889631 0.000868712 10
0.922309 0.0584546 5
0.965206 0.584747 2
0.901335 0.00491683 8
0.860479 1.39484e-07 20
0.931589 0.128384 4
0.886696 0.000378728 11
0.871227 1.11341e-05 15
0.937367 0.258319 3
0.920928 0.0572585 5
0.87987 0.000149092 12
0.931493 0.128221 4
0.926611 0.120675 4
0.923982 0.233426 3
0.910345 0.103532 4
0.877285 0.00340778 8
0.919927 0.227906 3
0.971013 1 1
0.894814 0.0199999 6
0.85633 1.792e-05 14
0.932127 0.247108 3
0.896772 0.0438383 5
0.884943 0.00825132 7
0.927322 0.238569 3
0.911991 0.104862 4
0.86721 0.00026024 11
0.936376 0.494406 2
0.936808 0.495169 2
0.927433 0.121846 4
0.919759 0.056297 5
0.886367 0.000375917 11
0.940409 0.265938 3
0.921899 0.0580928 5
0.921285 0.0575614 5
0.909515 0.0118233 7
0.945001 0.279323 3
0.996384 1 1
0.968098 0.600861 2
0.915086 0.0263219 6
0.916746 0.0270964 6
0.877873 2.94585e-05 14
0.952676 0.308134 3
0.960111 0.560619 2
0.929518 0.12499 4
0.94159 0.269149 3
0.973662 0.63788 2
0.919798 0.0563279 5
0.89136 0.00192663 9
0.939442 0.263416 3
0.915146 0.0529099 5
0.909221 0.023975 6
0.864567 1.83968e-06 17
0.839273 5.92781e-12 0
0.936239 0.255714 3
0.943768 0.275484 3
0.974286 0.642596 2
0.897172 0.00455287 8
0.881815 0.000340617 11
0.975058 0.648604 2
0.96752 0.597485 2
0.929541 0.0354362 6
0.989324 1 1
0.944581 0.157948 4
0.964129 0.372896 3
0.931767 0.0688371 5
0.98392 0.733633 2
0.947432 0.166998 4
0.920446 0.0150006 7
0.961288 0.353744 3
0.964567 0.376062 3
0.91957 0.0146825 7
0.976127 0.657246 2
0.962323 0.360454 3
0.941633 0.149723 4
0.927203 0.0632978 5
0.888512 8.63153e-05 13
0.946115 0.282961 3
0.971013 0.61918 2
0.916888 0.0137868 7
0.884808 3.59917e-05 14
0.960567 0.349249 3
0.941618 0.149681 4
0.928197 0.0644121 5
0.935988 0.136628 4
0.926676 0.0627267 5
0.87821 6.19795e-06 16
0.972109 0.626663 2
0.982026 0.712686 2
0.981085 1 1
0.987797 1 1
0.952374 0.532233 2
0.982749 1 1
0.933276 0.249382 3
0.985839 1 1
0.94298 0.507421 2
0.968002 1 1
0.92673 0.237614 3
0.899678 0.0211264 6
0.970435 1 1
0.983532 1 1
0.942101 0.50551 2
0.955963 0.544327 2
0.940546 0.502273 2
0.945156 0.512422 2
0.931765 0.246412 3
0.8986 0.020861 6
0.939147 0.499506 2
0.984503 1 1
0.915309 0.10777 4
0.874875 0.000662624 10
0.949819 0.524594 2
0.904758 0.0471134 5
0.888161 0.00856586 7
0.949686 0.524218 2
0.933698 0.250241 3
0.888287 0.00857887 7
0.950551 0.526707 2
0.945323 0.512823 2
0.899737 0.00476975 8
0.890131 0.000877929 10
0.855974 2.29539e-08 22
0.911048 0.0246475 6
0.90894 0.0238758 6
0.889444 0.000865296 10
0.877623 6.4356e-05 13
0.919069 0.0557502 5
0.965542 0.586524 2
0.986233 1 1
0.889073 0.000858635 10
0.887674 0.000834361 10
0.84741 1.0879e-10 28
0.929786 0.125413 4
0.943626 0.275054 3
0.946936 0.28575 3
0.940615 0.14712 4
0.907068 0.00553542 8
0.960722 0.350204 3
0.930133 0.0667248 5
0.942792 0.152828 4
0.926736 0.062791 5
0.961832 0.568216 2
0.974682 0.645646 2
0.946027 0.282669 3
0.933733 0.132214 4
0.937322 0.139443 4
0.898327 0.00106127 10
0.965102 0.584203 2
0.963881 0.577986 2
0.899111 0.00991633 7
0.906048 0.0229148 6
0.903053 0.0220234 6
0.908316 0.0236592 6
0.862509 1.73628e-06 17
0.922633 0.115508 4
0.961218 0.565443 2
0.898288 0.00979597 7
0.911274 0.050494 5
0.892425 0.00420434 8
0.888405 0.00182638 9
0.902265 0.0104137 7
0.901678 0.0103166 7
0.893911 0.00430679 8
0.887837 0.00180835 9
0.965805 1 1
0.979664 1 1
0.966436 1 1
0.965193 1 1
0.917538 0.109915 4
0.995359 1 1
0.954355 0.538697 2
0.950667 0.527047 2
0.914888 0.107383 4
0.887894 0.00853861 7
0.959542 0.558222 2
0.97659 1 1
0.957177 0.548819 2
0.938943 0.499115 2
0.924071 0.233556 3
0.924007 0.233464 3
0.909431 0.102824 4
0.872617 0.00143453 9
0.924978 0.2349 3
0.96929 1 1
0.896817 0.0438548 5
0.862638 0.000105967 12
0.939118 0.49945 2
0.918284 0.225866 3
0.909926 0.103205 4
0.922278 0.231017 3
0.909837 0.103136 4
0.862375 0.00010548 12
0.94822 0.520179 2
0.955733 0.543499 2
0.944917 0.511855 2
0.950871 0.52765 2
0.935111 0.253219 3
0.954429 0.538948 2
0.905096 0.0472711 5
0.966196 1 1
0.969884 1 1
0.94285 0.507135 2
0.935608 0.254305 3
0.909243 0.10268 4
0.933262 0.249353 3
0.94674 0.516324 2
0.929111 0.241578 3
0.936223 0.255678 3
0.926484 0.237223 3
0.943577 0.274905 3
0.935285 0.135206 4
0.900116 0.0048038 8
0.956641 0.546809 2
0.934387 0.133451 4
0.935279 0.135195 4
0.917236 0.0543689 5
0.961296 0.565795 2
0.979549 1 1
0.952234 0.531794 2
0.931045 0.127465 4
0.932368 0.129737 4
0.891082 0.00191671 9
0.96792 0.599816 2
0.971099 0.619759 2
0.902891 0.0462738 5
0.908194 0.101895 4
0.900167 0.0451343 5
0.913255 0.105933 4
0.868845 0.000267438 11
0.92377 0.23312 3
0.956349 0.545732 2
0.904377 0.0469378 5
0.922364 0.231136 3
0.904099 0.0468116 5
0.891392 0.019304 6
0.904274 0.0468909 5
0.897538 0.0441196 5
0.901156 0.045537 5
0.89632 0.0203301 6
0.917224 0.0543598 5
0.909082 0.0239259 6
0.87577 2.78542e-05 14
0.929783 0.125409 4
0.916263 0.053675 5
0.910263 0.0243526 6
0.899759 0.00477177 8
0.935412 0.135461 4
0.98986 1 1
0.979691 1 1
0.905312 0.0109557 7
0.906198 0.0111261 7
0.867366 1.99579e-06 17
0.944236 0.276918 3
0.954321 0.538584 2
0.933406 0.249645 3
0.94464 0.27818 3
0.97175 0.624178 2
0.92293 0.115867 4
0.89664 0.00956559 7
0.940471 0.266103 3
0.912837 0.0514276 5
0.912979 0.0515147 5
0.866651 9.89656e-06 15
0.841459 8.46272e-11 28
0.941078 0.267739 3
0.947201 0.28667 3
0.96979 0.611224 2
0.900974 0.0102029 7
0.885575 0.000800392 10
0.909201 0.0239681 6
0.904263 0.0223717 6
0.875644 0.00013594 12
0.922518 0.115369 4
0.898775 0.00986678 7
0.909702 0.0241472 6
0.909475 0.0240658 6
0.924073 0.117288 4
0.978122 1 1
0.969722 0.610792 2
0.896468 0.0095423 7
0.900831 0.0101802 7
0.868407 2.3232e-05 14
0.92987 0.125547 4
0.935921 0.255001 3
0.913021 0.0254311 6
0.915061 0.0263108 6
0.898146 0.00463257 8
0.925166 0.0611593 5
0.88422 0.000165205 12
0.92787 0.122483 4
0.946509 0.284288 3
0.918753 0.0555047 5
0.944667 0.278264 3
0.925981 0.0619933 5
0.90041 0.00483051 8
0.911051 0.0246485 6
0.893342 0.00200065 9
0.917702 0.0547102 5
0.915038 0.0263004 6
0.945804 0.51399 2
0.93687 0.257157 3
0.900958 0.0214543 6
0.958585 0.554311 2
0.937882 0.259546 3
0.935904 0.254963 3
0.915947 0.0534551 5
0.96418 0.579478 2
0.976679 1 1
0.950317 0.526027 2
0.933475 0.249786 3
0.934093 0.251057 3
0.891739 0.00415892 8
0.971374 0.621607 2
0.974588 1 1
0.92681 0.062871 5
0.912398 0.0251769 6
0.8745 5.51069e-06 16
0.930446 0.126476 4
0.964462 0.580907 2
0.901699 0.00495172 8
0.870216 9.76886e-07 18
0.944729 0.27846 3
0.932202 0.129446 4
0.92442 0.0604221 5
0.9225 0.0586261 5
0.912136 0.0124486 7
0.864304 1.58981e-07 20
0.955881 0.323188 3
0.967242 0.595891 2
0.926619 0.120686 4
0.920975 0.113573 4
0.890076 0.00405332 8
0.940137 0.265217 3
0.914525 0.0524982 5
0.925086 0.1186 4
0.918274 0.110661 4
0.941864 0.269914 3
0.988854 1 1
0.962539 0.571493 2
0.913703 0.0519684 5
0.917601 0.109979 4
0.882144 0.000750414 10
0.94723 0.517576 2
0.951492 0.529511 2
0.933776 0.490032 2
0.942436 0.506231 2
0.959983 0.560075 2
0.921819 0.230391 3
0.902307 0.0460213 5
0.934412 0.491068 2
0.902448 0.0460821 5
0.913709 0.106328 4
0.864404 0.000248662 11
0.839781 3.19432e-08 21
0.943786 0.509229 2
0.945742 0.513839 2
0.956164 0.545055 2
0.902127 0.0459445 5
0.886948 0.00844376 7
0.911077 0.00304637 9
0.901832 0.000566933 11
0.867584 3.23789e-09 25
0.922884 0.0159603 7
0.916223 0.00693111 8
0.901568 0.000562321 11
0.889216 1.9544e-05 15
0.930229 0.0360414 6
0.978379 0.676789 2
0.984626 0.741894 2
0.899892 0.000534413 11
0.89923 0.000253776 12
0.858966 1.6014e-11 0
0.940418 0.0830657 5
0.953066 0.309862 3
0.946287 0.515185 2
0.931589 0.246078 3
0.892869 0.00423437 8
0.949684 0.52421 2
0.976675 1 1
0.920386 0.112913 4
0.886712 0.00177373 9
0.964319 0.580181 2
0.938498 0.261047 3
0.923493 0.116559 4
0.941329 0.268425 3
0.931289 0.245511 3
0.882468 0.000754863 10
0.974734 1 1
0.98047 1 1
0.947477 0.28764 3
0.951607 0.303549 3
0.931674 0.0687127 5
0.958201 0.335437 3
0.909676 0.00587358 8
0.965013 0.583739 2
0.963161 0.574459 2
0.947577 0.287994 3
0.941937 0.150523 4
0.915162 0.0132669 7
0.935123 0.134885 4
0.947429 0.287471 3
0.924993 0.0318992 6
0.941726 0.149966 4
0.932547 0.0699015 5
0.942805 0.272615 3
0.950591 0.299381 3
0.939555 0.144528 4
0.950894 0.300604 3
0.901013 0.00488646 8
0.96752 0.597485 2
0.976649 0.661614 2
0.938442 0.141932 4
0.928594 0.123564 4
0.902498 0.00503022 8
0.932036 0.129155 4
0.94659 0.284563 3
0.934294 0.133274 4
0.930972 0.127344 4
0.920539 0.0569337 5
0.952435 0.532426 2
0.952787 0.53354 2
0.925951 0.119762 4
0.965153 0.584473 2
0.919233 0.111663 4
0.961751 0.567846 2
0.950654 0.52701 2
0.95698 0.548076 2
0.952618 0.533004 2
0.924887 0.118339 4
0.939121 0.2626 3
0.948728 0.521552 2
0.918142 0.0550392 5
0.952757 0.533443 2
0.944533 0.277843 3
11 0 1 2 4 6 8 13 18 22 24 26 
10 0 1 2 4 8 13 18 22 24 26 
8 0 1 2 4 8 13 18 24 
9 0 1 2 6 8 13 22 24 26 
7 0 1 2 4 8 18 24 
13 0 1 2 4 6 7 8 12 13 18 22 24 26 
28 0 1 2 3 4 5 6 7 8 9 10 12 13 14 15 17 18 19 20 21 22 23 24 25 26 27 28 29 
9 0 1 2 6 8 13 22 24 26 
21 0 1 2 3 4 5 6 7 8 9 10 12 13 15 17 18 21 22 24 25 26 
25 0 1 2 3 5 6 7 8 9 10 12 13 14 15 17 18 21 22 23 24 25 26 27 28 29 
8 0 1 2 4 8 13 18 24 
10 0 1 2 6 8 13 18 22 24 26 
29 0 1 2 3 4 5 6 7 8 9 10 11 12 13 14 15 16 17 18 19 20 21 22 23 24 26 27 28 29 
11 0 1 2 4 6 8 13 18 22 24 26 
12 0 1 2 4 6 7 8 13 18 22 24 26 
