60 15 1e+07
1.29952 131271
1.93649 143382
1.1935 190187
2.45322 124903
1.65967 185631
2.19261 103664
1.66384 193207
1.18786 115150
1.77311 148359
2.48938 148823
1.98047 101643
1.80937 195334
1.75871 128130
1.7822 147756
1.63567 159700
1.37048 100544
1.52301 133813
2.11226 157311
1.0598 199881
2.9915 184365
2.16585 197503
2.78276 198087
1.9589 191189
1.88333 134405
2.4678 139205
1.8969 151093
1.49911 112490
1.92038 139219
2.90684 190262
2.64381 186294
1.41895 172623
1.0279 128859
1.59862 168985
1.99014 107280
1.17562 112123
1.5318 149169
2.85141 141221
2.32924 149562
1.67394 131079
2.30465 103456
1.40618 139129
1.1731 175298
2.84658 160571
2.17303 162285
1.70721 114009
1.40467 105375
1.15742 197819
2.57132 172864
1.37082 143096
2.33736 108852
1.6973 139739
1.80613 180279
1.82777 128919
2.35143 180999
2.46159 170452
2.43593 104404
1.61646 106170
1.14102 122568
2.10016 128133
2.0103 188404
0.959329 0.557336 2
0.944735 0.278479 3
0.938093 0.260056 3
0.985202 1 1
0.894644 0.00435946 8
0.920022 0.0565089 5
0.905519 0.0227501 6
0.931857 0.128844 4
0.958893 0.55555 2
0.93238 0.129758 4
0.962273 0.570252 2
0.920019 0.0565069 5
0.942304 0.271165 3
0.968347 0.602343 2
0.932205 0.12945 4
0.879702 6.77632e-05 13
0.941566 0.269082 3
0.884188 0.000165075 12
0.878836 6.63079e-05 13
0.909688 0.0241421 6
0.918604 0.0553902 5
0.972665 0.630596 2
0.885825 0.000371359 11
0.92562 0.0616206 5
0.948723 0.292159 3
0.883802 0.000163524 12
0.929676 0.125239 4
0.934401 0.133479 4
0.896179 0.0021175 9
0.883638 0.000162873 12
0.94944 0.523523 2
0.969903 0.611945 2
0.937542 0.258733 3
0.959932 0.55986 2
0.907587 0.0234129 6
0.933278 0.249386 3
0.929624 0.125156 4
0.933532 0.249901 3
0.981641 1 1
0.956318 0.545619 2
0.953804 0.53685 2
0.936455 0.256204 3
0.962398 0.570835 2
0.966545 0.591973 2
0.932856 0.24854 3
0.934739 0.491608 2
0.950671 0.527059 2
0.917817 0.110196 4
0.959182 0.556733 2
0.920121 0.228155 3
0.946122 0.514773 2
0.913289 0.105962 4
0.912912 0.105637 4
0.957883 0.551533 2
0.936427 0.494495 2
0.938322 0.497937 2
0.945229 0.512597 2
0.964614 1 1
0.948076 0.519795 2
0.912638 0.105405 4
0.923116 0.030645 6
0.897686 0.00104437 10
0.898488 0.0010656 10
0.954721 0.317501 3
0.878591 6.27597e-06 16
0.899441 0.00109187 10
0.860582 5.28932e-09 24
0.891431 0.0001998 12
0.909708 0.00587795 8
0.885077 7.81659e-05 13
0.923363 0.0308039 6
0.894328 0.000456906 11
0.907109 0.00554044 8
0.922319 0.0301441 6
0.892584 0.000436589 11
0.915669 0.0265878 6
0.981338 0.705482 2
0.915933 0.0267105 6
0.916815 0.0271299 6
0.916772 0.0271091 6
0.936295 0.137262 4
0.970097 0.613184 2
0.915854 0.0266735 6
0.964824 0.582761 2
0.980799 0.699985 2
0.92005 0.056532 5
0.945899 0.282244 3
0.965062 0.583996 2
0.933301 0.131415 4
0.913985 0.0258376 6
0.955288 0.541921 2
0.947935 0.51942 2
0.935316 0.253664 3
0.979987 1 1
0.89949 0.0210794 6
0.925034 0.234983 3
0.908539 0.0489816 5
0.929414 0.242106 3
0.961275 0.565699 2
0.935061 0.253112 3
0.958522 0.554057 2
0.925086 0.235061 3
0.947363 0.517921 2
0.966054 0.589275 2
0.929585 0.242408 3
0.865684 0.000253829 11
0.927698 0.239185 3
0.868068 0.000596865 10
0.868395 0.000599739 10
0.918848 0.226555 3
0.922081 0.230748 3
0.952841 0.533713 2
0.869184 0.000606777 10
0.912069 0.104927 4
0.932138 0.487461 2
0.869808 0.000612454 10
0.932767 0.488432 2
0.92977 0.242737 3
0.882289 0.00801282 7
0.867126 0.000588729 10
0.962094 0.569421 2
0.955108 0.54129 2
0.94447 0.510802 2
0.976273 1 1
0.895901 0.00946665 7
0.921501 0.114174 4
0.915657 0.108094 4
0.938913 0.262077 3
0.970052 1 1
0.943109 0.507708 2
0.96597 0.588821 2
0.923053 0.116017 4
0.947378 0.51796 2
0.975764 1 1
0.93889 0.26202 3
0.972532 1 1
0.922945 0.115885 4
0.946471 0.515645 2
0.983059 1 1
0.867908 5.17044e-05 13
0.892393 0.00902989 7
0.886201 0.00382955 8
0.938853 0.261927 3
0.938682 0.261501 3
0.913342 0.0517408 5
0.971685 1 1
0.892191 0.00900622 7
0.914223 0.106783 4
0.965104 0.584214 2
0.940332 0.265733 3
0.930213 0.24353 3
0.928281 0.123093 4
0.908729 0.0490821 5
0.962998 0.573674 2
0.90971 0.0496114 5
0.933239 0.249307 3
0.891122 0.00411903 8
0.902693 0.0219225 6
0.937634 0.258953 3
0.914511 0.0524889 5
0.932607 0.248047 3
0.929055 0.241482 3
0.94284 0.272716 3
0.938157 0.260212 3
0.903016 0.0220129 6
0.865986 3.7897e-07 19
0.911733 0.0249126 6
0.855303 1.86368e-09 25
0.886463 0.000376727 11
0.995715 1 1
0.976402 0.659532 2
0.900046 0.0047975 8
0.852611 7.25869e-10 26
0.904431 0.00523169 8
0.903238 0.00510538 8
0.869779 2.14696e-06 17
0.971578 0.622995 2
0.944985 0.279272 3
0.880993 7.00383e-05 13
0.851599 3.01925e-10 27
0.937199 0.0770957 5
0.955489 0.321237 3
0.953234 0.310611 3
0.916808 0.0137619 7
0.868256 1.65614e-08 23
0.889373 4.16818e-05 14
0.948157 0.16949 4
0.957471 0.331455 3
0.956173 0.324664 3
0.96417 0.373188 3
0.940202 0.146096 4
0.89692 0.000490389 11
0.920345 0.0149631 7
0.948032 0.169054 4
0.954803 0.317897 3
0.899823 0.0211627 6
0.953145 0.53469 2
0.891981 0.00898188 7
0.914292 0.106844 4
0.952788 0.533545 2
0.974199 1 1
0.936318 0.255893 3
0.889858 0.00874453 7
0.944095 0.509935 2
0.944109 0.509966 2
0.904033 0.0467816 5
0.984205 1 1
0.984503 1 1
0.916628 0.109019 4
0.888592 0.0039641 8
0.884939 3.61374e-05 14
0.930456 0.0671305 5
0.874042 5.05969e-07 19
0.9049 0.00258163 9
0.974319 0.642843 2
0.996249 1 1
0.913654 0.0128451 7
0.871188 2.05118e-07 20
0.92398 0.031209 6
0.920692 0.0291756 6
0.888841 8.71699e-05 13
0.990042 1 1
0.9653 0.585244 2
0.900354 0.00111818 10
0.870194 1.9738e-07 20
0.874954 5.24073e-07 19
0.937092 0.0769121 5
0.874095 2.30389e-07 20
0.881524 3.2018e-06 17
0.936765 0.0763582 5
0.941612 0.149668 4
0.950072 0.297317 3
0.874186 2.31248e-07 20
0.922186 0.0300623 6
0.937629 0.0778419 5
0.879177 2.9366e-06 17
0.952508 0.307404 3
0.946986 0.165505 4
0.891957 9.60053e-05 13
0.872342 9.72029e-08 21
0.972215 0.627411 2
0.940594 0.266431 3
0.990901 1 1
0.941551 0.26904 3
0.858544 2.51848e-08 22
0.882271 0.000157621 12
0.915535 0.0265259 6
0.98858 1 1
0.952781 0.308596 3
0.939773 0.264268 3
0.973517 0.636798 2
0.886874 0.00038027 11
0.912198 0.0250965 6
0.972681 0.630711 2
0.987752 1 1
0.881387 0.00358801 8
0.924374 0.234 3
0.869604 0.000270903 11
0.902773 0.0462224 5
0.977796 1 1
0.99309 1 1
0.90691 0.0481475 5
0.866522 0.000113619 12
0.918697 0.111099 4
0.914311 0.106861 4
0.88518 0.00377523 8
0.982732 1 1
0.959408 0.557663 2
0.896318 0.0203297 6
0.865617 0.000111756 12
0.931463 0.12817 4
0.909552 0.0118318 7
0.907026 0.00553024 8
0.965007 0.583708 2
0.886731 0.00017598 12
0.908817 0.0116684 7
0.871977 2.30021e-06 17
0.900089 0.0023034 9
0.921564 0.0296854 6
0.896726 0.00102 10
0.932265 0.129556 4
0.90436 0.005224 8
0.91853 0.0279919 6
0.932654 0.130245 4
0.901059 0.00235468 9
0.974597 1 1
0.92749 0.121928 4
0.994051 1 1
0.940087 0.265086 3
0.848502 3.30052e-09 24
0.872301 5.68474e-05 13
0.902128 0.0103908 7
0.987752 1 1
0.940483 0.266134 3
0.926039 0.119882 4
0.97333 0.635416 2
0.876178 0.000137486 12
0.901164 0.0102333 7
0.965893 0.588405 2
0.990282 1 1
0.97622 1 1
0.955791 0.543708 2
0.967853 0.59942 2
0.961707 0.567649 2
0.879164 0.000322802 11
0.903929 0.0222739 6
0.921303 0.113946 4
0.962922 0.57331 2
0.971653 0.623508 2
0.949152 0.522721 2
0.98086 1 1
0.907587 0.0234132 6
0.933324 0.249479 3
0.994248 1 1
0.962609 0.571824 2
0.966728 0.592991 2
0.933765 0.132274 4
0.942107 0.270603 3
0.997403 1 1
0.882018 7.19395e-05 13
0.906903 0.0112664 7
0.895486 0.00208767 9
0.935035 0.134711 4
0.948985 0.293136 3
0.922658 0.0587683 5
0.968226 0.601623 2
0.906575 0.0112008 7
0.92848 0.123391 4
0.968475 0.603109 2
0.93593 0.136509 4
0.945431 0.280707 3
0.972933 0.632524 2
0.93459 0.252103 3
0.95576 0.543597 2
0.910955 0.024612 6
0.936599 0.256532 3
0.932743 0.130403 4
0.930931 0.127275 4
0.982356 1 1
0.958847 0.555367 2
0.949825 0.296349 3
0.940215 0.265423 3
0.966514 0.591797 2
0.96278 0.572634 2
0.930126 0.125958 4
0.899396 0.0448287 5
0.962769 1 1
0.89755 0.044124 5
0.905409 0.0474187 5
0.93301 0.248846 3
0.948736 0.521576 2
0.961366 0.566107 2
0.897117 0.0439642 5
0.947892 0.519305 2
0.960558 0.56254 2
0.903738 0.0466487 5
0.959806 0.559327 2
0.968339 1 1
0.916878 0.109263 4
0.895362 0.0201183 6
0.922362 0.0301707 6
0.980601 0.697994 2
0.927475 0.0635977 5
0.916284 0.0136 7
0.899594 0.00109619 10
0.919322 0.0284125 6
0.975436 0.651612 2
0.928658 0.0649453 5
0.96706 0.594855 2
0.994689 1 1
0.926547 0.0625892 5
0.928399 0.0646439 5
0.949333 0.294455 3
0.939039 0.143309 4
0.926492 0.0625305 5
0.926291 0.236919 3
0.945052 0.512174 2
0.909253 0.0493626 5
0.952254 0.531859 2
0.926876 0.237847 3
0.952564 0.532832 2
0.909531 0.0495133 5
0.904411 0.0469534 5
0.950348 0.526115 2
0.930906 0.244797 3
0.929757 0.242712 3
0.95013 0.525485 2
0.96541 0.585825 2
0.93924 0.262901 3
0.904127 0.0468243 5
0.9177 0.110078 4
0.924197 0.117446 4
0.897356 0.00966411 7
0.949407 0.523433 2
0.920167 0.112672 4
0.942334 0.271251 3
0.889106 0.0039945 8
0.891695 0.00415608 8
0.931008 0.244987 3
0.910332 0.0499564 5
0.920301 0.11282 4
0.936413 0.256108 3
0.945236 0.280077 3
0.926853 0.121015 4
0.891843 0.00416576 8
0.928188 0.0644015 5
0.95219 0.306028 3
0.91271 0.0253034 6
0.951182 0.301783 3
0.927652 0.0637949 5
0.953974 0.313987 3
0.916547 0.0270008 6
0.908244 0.0115448 7
0.956643 0.327081 3
0.937967 0.140863 4
0.931927 0.128967 4
0.953235 0.310616 3
0.971678 0.62368 2
0.94242 0.271498 3
0.907791 0.0114488 7
0.946027 0.282669 3
0.942857 0.272768 3
0.9256 0.119286 4
0.97517 0.649487 2
0.905134 0.0109222 7
0.930431 0.126451 4
0.904005 0.0107151 7
0.919713 0.0562596 5
0.954329 0.538609 2
0.929341 0.124712 4
0.948984 0.293132 3
0.929128 0.124381 4
0.948961 0.293046 3
0.955966 0.544339 2
0.919901 0.0564114 5
0.908101 0.101827 4
0.885931 0.00834481 7
0.883873 0.00815307 7
0.93944 0.500074 2
0.876654 0.00151702 9
0.89538 0.0201222 6
0.849702 1.24963e-06 17
0.876938 0.0015232 9
0.896941 0.0439 5
0.873161 0.00144512 9
0.908355 0.102014 4
0.889034 0.0188632 6
0.898697 0.0445574 5
0.907628 0.101482 4
0.878065 0.00344048 8
0.911499 0.104458 4
0.89236 0.00902598 7
0.887399 0.00848869 7
0.943933 0.509563 2
0.883331 0.00368121 8
0.902501 0.0461049 5
0.856038 3.36108e-06 16
0.880551 0.00160661 9
0.903061 0.0463485 5
0.879393 0.00157886 9
0.912081 0.104937 4
0.896196 0.0203022 6
0.905897 0.0476517 5
0.912275 0.105099 4
0.881559 0.00359603 8
0.871213 2.05324e-07 20
0.932975 0.0705015 5
0.870198 1.97404e-07 20
0.878209 2.83673e-06 17
0.937886 0.140683 4
0.940857 0.147729 4
0.946295 0.163251 4
0.87027 1.97955e-07 20
0.918217 0.0142164 7
0.933425 0.0711451 5
0.875419 1.1716e-06 18
0.951453 0.302909 3
0.944011 0.156274 4
0.888146 8.53825e-05 13
0.868437 8.28057e-08 21
0.966148 0.589787 2
0.958651 0.337957 3
0.95088 0.30055 3
0.971832 0.62474 2
0.892421 0.000434771 11
0.917854 0.0276445 6
0.919751 0.0286467 6
0.94563 0.281358 3
0.974694 0.645741 2
0.947735 0.288556 3
0.970452 0.615481 2
0.920315 0.0289611 6
0.945544 0.281077 3
0.982156 0.714064 2
0.945455 0.160602 4
0.977046 1 1
0.952505 0.532647 2
0.96114 0.565098 2
0.971296 1 1
0.882235 0.00362798 8
0.907354 0.101284 4
0.915748 0.108179 4
0.955268 0.54185 2
0.968951 1 1
0.943771 0.509194 2
0.981551 1 1
0.910006 0.103268 4
0.935244 0.492455 2
0.992931 1 1
0.955375 0.542229 2
0.951702 0.530151 2
0.919181 0.055838 5
0.926446 0.120444 4
0.983853 1 1
0.87964 0.000148317 12
0.903469 0.01062 7
0.88106 0.000153214 12
0.919216 0.0558652 5
0.933309 0.13143 4
0.90738 0.0233444 6
0.952156 0.531553 2
0.901217 0.0102417 7
0.919974 0.0564702 5
0.950662 0.299667 3
0.920351 0.056778 5
0.923661 0.232963 3
0.925589 0.235827 3
0.902634 0.0461621 5
0.956066 0.544698 2
0.914413 0.106953 4
0.937229 0.495925 2
0.889375 0.0189251 6
0.896755 0.0438323 5
0.93373 0.250308 3
0.911737 0.104653 4
0.926123 0.236655 3
0.932127 0.247108 3
0.943456 0.508482 2
0.932072 0.247002 3
0.897007 0.0439241 5
0.928875 0.241169 3
0.960034 0.560292 2
0.915493 0.107941 4
0.94813 0.519939 2
0.928267 0.240135 3
0.954781 0.540155 2
0.924539 0.234245 3
0.911548 0.104497 4
0.962872 1 1
0.945784 0.513941 2
0.932886 0.248599 3
0.956122 0.544902 2
0.978342 1 1
0.944442 0.510739 2
0.910879 0.103956 4
0.878095 6.1747e-06 16
0.940932 0.147918 4
0.878372 6.23096e-06 16
0.882934 3.40092e-05 14
0.930529 0.0672221 5
0.937291 0.139376 4
0.957075 0.329342 3
0.878772 6.31343e-06 16
0.925514 0.0615115 5
0.942809 0.152877 4
0.88232 3.33976e-05 14
0.948419 0.291033 3
0.94651 0.28429 3
0.895112 0.000466596 11
0.876849 2.70463e-06 17
0.909545 0.0118302 7
0.887805 0.000180974 12
0.885314 0.000169751 12
0.941133 0.148428 4
0.878113 1.35233e-05 15
0.897036 0.0021556 9
0.851507 5.66859e-11 29
0.878387 1.36349e-05 15
0.898806 0.00223887 9
0.875 5.59623e-06 16
0.909863 0.0119024 7
0.890752 0.000416941 11
0.900573 0.00232869 9
0.909299 0.011775 7
0.879493 3.08003e-05 14
0.958097 0.55237 2
0.943862 0.509402 2
0.978937 1 1
0.930188 0.243484 3
0.858354 8.14026e-06 15
0.881257 0.00162406 9
0.924839 0.234691 3
0.983441 1 1
0.95265 0.533105 2
0.946432 0.515546 2
0.959937 0.559882 2
0.886986 0.00387258 8
0.911973 0.104848 4
0.962599 0.571778 2
0.980755 1 1
0.957493 0.550023 2
0.942588 0.506562 2
0.979059 1 1
0.929202 0.241737 3
0.857138 1.50371e-06 17
0.879996 0.000722164 10
0.924028 0.117231 4
0.984046 1 1
0.951282 0.528878 2
0.945321 0.512818 2
0.959205 0.556824 2
0.885733 0.00380443 8
0.910675 0.0501498 5
0.961499 0.566706 2
0.981304 1 1
0.885574 0.000800385 10
0.927123 0.121399 4
0.873321 5.81665e-05 13
0.907422 0.0233581 6
0.972768 0.631332 2
0.994629 1 1
0.907706 0.0234527 6
0.870081 2.41662e-05 14
0.922171 0.114956 4
0.916525 0.0538592 5
0.889348 0.00185716 9
0.982783 1 1
0.962508 0.571351 2
0.900395 0.0101117 7
0.869226 2.36814e-05 14
0.913447 0.0518065 5
0.903707 0.0222099 6
0.890293 0.00188912 9
0.947213 0.286714 3
0.898628 0.00984529 7
0.918274 0.0551385 5
0.867744 1.01715e-05 15
0.883805 0.000773817 10
0.913066 0.0515686 5
0.890295 0.00188917 9
0.914838 0.0527045 5
0.911723 0.0507565 5
0.920404 0.112933 4
0.917491 0.0545549 5
0.884493 0.000783931 10
0.93442 0.133515 4
0.904467 0.00523557 8
0.909425 0.0118032 7
0.965361 0.585567 2
0.876802 1.3009e-05 15
0.898961 0.00224647 9
0.866888 3.90742e-07 19
0.902234 0.00500406 8
0.917484 0.0274584 6
0.892224 0.000918693 10
0.934501 0.133672 4
0.894956 0.000977739 10
0.910268 0.0119957 7
0.932672 0.130276 4
0.90346 0.00512842 8
0.951631 0.529933 2
0.97854 1 1
0.952611 0.53298 2
0.942968 0.507395 2
0.891259 0.00889934 7
0.914914 0.107407 4
0.945376 0.51295 2
0.951477 0.529467 2
0.988364 1 1
0.974022 1 1
0.956024 0.544548 2
0.920987 0.113586 4
0.9469 0.516729 2
0.969029 1 1
0.949863 0.524721 2
0.975123 1 1
0.934366 0.251629 3
0.949955 0.524982 2
0.98893 1 1
0.876801 0.000139328 12
0.901725 0.0103242 7
0.89688 0.00959834 7
0.942691 0.272282 3
0.95021 0.525716 2
0.924322 0.117607 4
0.976382 1 1
0.902138 0.0103925 7
0.925043 0.118544 4
0.974473 1 1
0.943708 0.275302 3
0.985344 1 1
0.938945 0.262157 3
0.985598 1 1
0.953209 0.534899 2
0.861454 7.42192e-07 18
0.88575 0.000803129 10
0.909267 0.0239912 6
0.978392 1 1
0.953363 0.535398 2
0.935247 0.253515 3
0.986512 1 1
0.889312 0.00185594 9
0.914567 0.0525255 5
0.981304 1 1
0.979234 1 1
0.930072 0.066649 5
0.992561 1 1
0.931765 0.0688339 5
0.92681 0.062871 5
0.904501 0.00523924 8
0.926101 0.0621182 5
0.964713 0.58219 2
0.931748 0.0688117 5
0.978017 0.673527 2
0.992364 1 1
0.934445 0.133564 4
0.934307 0.1333 4
0.957775 0.333096 3
0.947602 0.288082 3
0.929847 0.0663706 5
0.8926 0.000926415 10
0.92133 0.0576001 5
0.876689 2.85371e-05 14
0.919241 0.0558852 5
0.954149 0.314802 3
0.972298 0.627994 2
0.894786 0.00205843 9
0.872386 5.17034e-06 16
0.92096 0.0572856 5
0.908805 0.0116659 7
0.895937 0.00210698 9
0.962217 0.569992 2
0.954436 0.316149 3
0.905373 0.0109673 7
0.871942 5.10294e-06 16
0.918067 0.11045 4
0.983911 1 1
0.918135 0.110518 4
0.919109 0.111532 4
0.915928 0.108349 4
0.93601 0.2552 3
0.968654 1 1
0.917952 0.110333 4
0.967365 1 1
0.982284 1 1
0.922462 0.231271 3
0.94535 0.512888 2
0.965597 1 1
0.935753 0.254626 3
0.916106 0.108518 4
0.949818 0.296325 3
0.97637 0.659265 2
0.953945 0.313852 3
0.938341 0.141703 4
0.887632 3.93532e-05 14
0.910787 0.0060305 8
0.947715 0.167959 4
0.953728 0.312854 3
0.982773 0.720748 2
0.975455 0.651764 2
0.954016 0.314181 3
0.917266 0.0139062 7
0.942744 0.152697 4
0.966178 0.58995 2
0.951873 0.304672 3
0.930657 0.244338 3
0.960762 0.563429 2
0.944319 0.510452 2
0.913626 0.106255 4
0.874567 0.0014732 9
0.89494 0.0200269 6
0.958205 0.552798 2
0.947968 0.519508 2
0.957702 0.550831 2
0.971827 1 1
0.934024 0.490434 2
0.903091 0.0463615 5
0.925609 0.235858 3
0.943347 0.508238 2
0.945376 0.512951 2
0.966191 0.590023 2
0.954522 0.539266 2
0.948568 0.291584 3
0.97659 1 1
0.892286 0.00419507 8
0.917778 0.0547664 5
0.915485 0.0531381 5
0.942895 0.272878 3
0.970174 0.613678 2
0.943233 0.273877 3
0.970157 0.613566 2
0.919588 0.0561598 5
0.944192 0.276783 3
0.979988 1 1
0.942922 0.272956 3
0.8972 0.0205303 6
0.959961 0.559981 2
0.901308 0.0455999 5
0.895479 0.0201438 6
0.910321 0.103513 4
0.92437 0.233994 3
0.985526 1 1
0.902645 0.0461669 5
0.943799 0.509258 2
0.967501 1 1
0.90138 0.0456298 5
0.935194 0.2534 3
0.94659 0.515942 2
0.913982 0.106569 4
0.900485 0.0452624 5
0.960141 0.346658 3
0.929449 0.035357 6
0.986555 0.765748 2
0.927634 0.0338606 6
0.846395 8.28595e-12 0
0.86947 1.74915e-08 23
0.909958 0.0029513 9
0.994582 1 1
0.939709 0.144899 4
0.931144 0.0680134 5
0.96019 0.346954 3
0.874511 2.34357e-07 20
0.899389 0.000526484 11
0.957352 0.330815 3
0.992692 1 1
0.922815 0.115727 4
0.964246 0.579811 2
0.934315 0.251523 3
0.909216 0.0239733 6
0.881241 0.000336609 11
0.900558 0.0101371 7
0.969385 0.608677 2
0.937476 0.258577 3
0.95679 0.547363 2
0.977922 1 1
0.926457 0.12046 4
0.909384 0.0240332 6
0.930444 0.126472 4
0.936921 0.257277 3
0.934961 0.252896 3
0.869569 5.35532e-05 13
0.928095 0.239846 3
0.865275 2.16341e-05 14
0.881128 0.00073679 10
0.95674 0.547177 2
0.956011 0.544499 2
0.931653 0.246199 3
0.864404 2.12209e-05 14
0.915261 0.107726 4
0.924958 0.118432 4
0.873735 0.000291281 11
0.965228 0.584865 2
0.949078 0.522514 2
0.886296 0.00383468 8
0.862818 9.01898e-06 15
0.879141 3.05004e-05 14
0.925993 0.0620053 5
0.868752 9.30691e-07 18
0.898684 0.00223293 9
0.980346 0.695462 2
0.989844 1 1
0.911833 0.0249516 6
0.866076 3.80123e-07 19
0.918738 0.0554933 5
0.916957 0.0271988 6
0.883047 0.000160565 12
0.986774 1 1
0.959934 0.559868 2
0.894605 0.00205099 9
0.865032 3.67068e-07 19
0.94819 0.5201 2
0.983853 1 1
0.94476 0.511483 2
0.946332 0.515295 2
0.900349 0.0212965 6
0.924556 0.234269 3
0.944727 0.511405 2
0.94274 0.506895 2
0.998659 1 1
0.973395 1 1
0.952751 0.533426 2
0.930299 0.243684 3
0.9567 0.547029 2
0.966544 0.591963 2
0.941381 0.50399 2
0.888516 0.00182993 9
0.948924 0.522091 2
0.884683 0.000786782 10
0.898246 0.00979006 7
0.94712 0.286389 3
0.958804 0.55519 2
0.947477 0.28764 3
0.883799 0.000773724 10
0.935628 0.254349 3
0.945118 0.279698 3
0.892791 0.00422907 8
0.970343 0.614775 2
0.966469 0.591549 2
0.905698 0.0228055 6
0.882183 0.000343242 11
24 0 3 4 6 8 9 10 18 21 25 26 27 28 29 30 34 35 38 41 42 43 45 48 52 
44 0 2 3 4 6 8 9 10 11 13 14 16 17 18 19 20 21 22 25 26 27 28 29 30 32 33 34 35 36 38 39 40 41 42 43 44 45 46 48 50 52 54 57 58 
42 0 2 3 4 6 8 9 10 11 13 14 17 18 19 20 21 22 23 25 26 27 28 29 30 32 33 34 35 36 38 41 42 43 44 45 46 48 52 56 57 58 59 
15 4 10 18 25 26 28 29 30 34 35 38 41 42 43 48 
23 0 3 4 6 9 10 17 18 21 25 26 27 28 29 30 34 35 38 41 42 43 45 48 
28 0 3 4 6 8 9 10 17 18 21 25 26 27 28 29 30 32 33 34 35 36 38 41 42 43 45 48 52 
59 0 2 3 4 5 6 7 8 9 10 11 12 13 14 15 16 17 18 19 20 21 22 23 24 25 26 27 28 29 30 31 32 33 34 35 36 37 38 39 40 41 42 43 44 45 46 47 48 49 50 51 52 53 54 55 56 57 58 59 
54 0 1 2 3 4 5 6 7 8 9 10 11 13 14 15 16 17 18 19 20 21 22 23 24 25 26 27 28 29 30 31 32 33 34 35 36 37 38 41 42 43 44 45 46 47 48 49 50 52 53 56 57 58 59 
39 0 2 3 4 6 8 9 10 11 13 14 15 17 18 21 22 23 25 26 27 28 29 30 31 32 33 34 35 36 38 41 42 43 45 48 52 56 57 59 
49 0 2 3 4 5 6 7 8 9 10 11 13 14 15 17 18 20 21 22 23 25 26 27 28 29 30 31 32 33 34 35 36 37 38 41 42 43 44 45 46 47 48 49 50 52 56 57 58 59 
34 0 2 3 4 6 8 9 10 11 13 14 17 18 21 22 25 26 27 28 29 30 32 33 34 35 36 38 41 42 43 45 48 52 57 
18 4 10 11 14 17 18 25 26 29 30 34 35 38 41 42 43 48 57 
37 0 2 3 4 6 8 9 10 11 14 16 17 18 19 20 21 22 25 26 27 28 29 30 32 33 34 35 36 38 41 42 43 45 46 48 52 54 
39 0 2 3 4 6 8 9 10 11 13 14 15 17 18 21 22 23 25 26 27 28 29 30 31 32 33 34 35 36 38 41 42 43 45 48 52 56 57 59 
37 0 2 3 4 6 8 9 10 11 14 16 17 18 19 20 21 22 25 26 27 28 29 30 32 33 34 35 36 38 41 42 43 45 46 48 52 57 
