40 15 1e+07
1.7871 105373
1.45388 109407
1.3308 180734
1.06672 124027
1.51417 159804
1.83452 128046
1.17365 172702
1.38431 115332
1.85404 182701
2.17984 159869
1.91634 192554
1.62966 156452
2.94278 134176
1.2914 171490
1.53138 139501
1.07511 139735
1.79657 187774
1.19205 171726
2.3369 195056
2.31411 145656
2.4571 142529
1.23749 186082
1.26599 156369
2.59141 101815
1.56397 126054
1.05303 114515
1.4437 121538
2.01458 139115
2.8122 124879
1.20656 112562
1.52401 103586
2.07899 156627
1.57586 107031
1.53197 161430
1.59743 119944
2.52488 146808
2.41387 122989
1.06271 119456
1.02632 187280
2.50484 126887
0.978147 1 1
0.912175 0.105015 4
0.865156 0.000251674 11
0.897209 0.0439981 5
0.897704 0.0441815 5
0.956912 0.547819 2
0.948086 0.51982 2
0.879103 0.00348507 8
0.87962 0.0035078 8
0.87895 0.00347844 8
0.953735 0.536622 2
0.884167 0.00817971 7
0.901898 0.0458473 5
0.910918 0.103988 4
0.997529 1 1
0.902884 0.046271 5
0.910148 0.103378 4
0.884689 0.00822772 7
0.963651 1 1
0.863906 0.000108367 12
0.924149 0.233671 3
0.871926 0.000632512 10
0.88993 0.0190272 6
0.921148 0.229494 3
0.991203 1 1
0.86882 0.000267325 11
0.954584 0.539478 2
0.873708 0.0014559 9
0.970107 1 1
0.884855 0.00824312 7
0.949036 0.522399 2
0.940729 0.266793 3
0.898469 0.00982214 7
0.962261 0.570196 2
0.897526 0.00968779 7
0.964644 0.581835 2
0.915932 0.0534447 5
0.909104 0.0239335 6
0.92824 0.123031 4
0.943857 0.275755 3
0.913362 0.0517534 5
0.946385 0.283868 3
0.906852 0.0231714 6
0.979218 1 1
0.929079 0.124306 4
0.92817 0.122928 4
0.906238 0.0111342 7
0.87143 2.26054e-06 17
0.865581 3.73848e-07 19
0.926417 0.0624507 5
0.899344 0.00226548 9
0.966928 0.594113 2
0.885221 0.000169357 12
0.868367 9.19076e-07 18
0.838514 5.72735e-12 0
0.971266 0.62088 2
0.857787 1.0741e-08 23
0.92335 0.0594034 5
0.869905 2.15532e-06 17
0.93543 0.135497 4
0.940428 0.502033 2
0.946521 0.515769 2
0.910294 0.103493 4
0.899019 0.0446814 5
0.961306 1 1
0.914354 0.1069 4
0.980787 1 1
0.924983 0.234907 3
0.907323 0.101262 4
0.867887 0.000595287 10
0.971454 1 1
0.893154 0.0196534 6
0.96223 1 1
0.898777 0.0445882 5
0.934044 0.490467 2
0.967717 0.59863 2
0.944414 0.27747 3
0.898686 0.00467815 8
0.909764 0.02417 6
0.937069 0.138897 4
0.939699 0.264076 3
0.981698 1 1
0.913535 0.0256456 6
0.90599 0.0110857 7
0.881965 0.000156487 12
0.978552 0.678374 2
0.900374 0.00482724 8
0.941322 0.268406 3
0.914952 0.026262 6
0.959566 0.558321 2
0.949451 0.294906 3
0.932145 0.129345 4
0.889831 0.000407656 11
0.955531 0.321446 3
0.890418 0.000413526 11
0.970381 0.615018 2
0.912355 0.0125043 7
0.90042 0.00232065 9
0.919595 0.0285609 6
0.943045 0.27332 3
0.910651 0.0120856 7
0.939391 0.144138 4
0.899441 0.00227037 9
0.976039 0.65652 2
0.930764 0.126999 4
0.949639 0.29563 3
0.946277 0.283503 3
0.903527 0.00513542 8
0.964235 0.579755 2
0.902527 0.00503318 8
0.961737 0.567783 2
0.919167 0.0283293 6
0.914374 0.0260063 6
0.932786 0.130481 4
0.941988 0.270265 3
0.916114 0.0267952 6
0.948914 0.292871 3
0.911984 0.0124103 7
0.977513 0.669055 2
0.929126 0.0654969 5
0.954961 0.318655 3
0.953574 0.31215 3
0.908275 0.00568691 8
0.959964 0.345594 3
0.91086 0.00604104 8
0.960958 0.351671 3
0.927601 0.0637384 5
0.920014 0.0287921 6
0.93497 0.134584 4
0.934033 0.0720355 5
0.924143 0.0313179 6
0.94613 0.162723 4
0.920248 0.0289229 6
0.96893 0.605868 2
0.933869 0.0717932 5
0.950468 0.526466 2
0.943768 0.509187 2
0.903373 0.0464858 5
0.900769 0.0453781 5
0.950463 0.526449 2
0.923064 0.232113 3
0.990676 1 1
0.918212 0.110597 4
0.904256 0.0468826 5
0.870993 0.000277456 11
0.981164 1 1
0.893413 0.0197065 6
0.952448 0.532465 2
0.902864 0.0462623 5
0.945028 0.512118 2
0.907769 0.0234739 6
0.948806 0.292465 3
0.932384 0.129766 4
0.981579 1 1
0.901887 0.0103509 7
0.914766 0.0526571 5
0.893284 0.00199838 9
0.93677 0.256925 3
0.970859 0.61816 2
0.949514 0.295149 3
0.887362 0.000829146 10
0.991711 1 1
0.912203 0.0250985 6
0.958432 0.553696 2
0.887642 0.000833821 10
0.938049 0.259949 3
0.967621 0.598069 2
0.927037 0.121276 4
0.970518 0.615912 2
0.919179 0.0558364 5
0.940145 0.265241 3
0.921991 0.0581733 5
0.937816 0.259388 3
0.955651 0.543205 2
0.935949 0.136549 4
0.916559 0.0538832 5
0.961424 0.566368 2
0.929489 0.124944 4
0.964889 0.583099 2
0.917349 0.0544511 5
0.942447 0.271575 3
0.985668 1 1
0.935856 0.254854 3
0.937073 0.25763 3
0.951328 0.529017 2
0.928584 0.123549 4
0.948644 0.521324 2
0.950866 0.527636 2
0.944897 0.278991 3
0.902959 0.0219968 6
0.940951 0.267392 3
0.932235 0.247319 3
0.961343 0.566003 2
0.932318 0.24748 3
0.925219 0.118776 4
0.956021 0.323894 3
0.949885 0.175769 4
0.906808 0.00134195 10
0.908385 0.0028264 9
0.948972 0.172389 4
0.929617 0.0355023 6
0.984692 0.742681 2
0.921806 0.0155217 7
0.910241 0.00297482 9
0.878529 6.04681e-07 19
0.976656 0.66167 2
0.900646 0.000546669 11
0.952757 0.30849 3
0.910686 0.00301251 9
0.947635 0.167688 4
0.912777 0.105522 4
0.927372 0.238651 3
0.900793 0.0453878 5
0.981938 1 1
0.880156 0.0035317 8
0.929942 0.243042 3
0.885393 0.00829354 7
0.906705 0.100823 4
0.937512 0.496439 2
0.978122 1 1
0.881539 0.00794844 7
0.970047 1 1
0.890181 0.0190739 6
0.981716 1 1
0.893442 0.0197124 6
0.920468 0.0568748 5
0.913613 0.0256789 6
0.879954 6.81988e-05 13
0.95821 0.552817 2
0.868887 4.67439e-06 16
0.944727 0.278453 3
0.884745 0.000362584 11
0.887649 0.000833952 10
0.914417 0.0260249 6
0.968178 0.601335 2
0.882714 0.000159289 12
0.94389 0.275854 3
0.878344 6.55042e-05 13
0.978237 0.675502 2
0.903302 0.0105909 7
0.911387 0.104366 4
0.937822 0.497008 2
0.919573 0.227458 3
0.884887 0.00824607 7
0.982247 1 1
0.887453 0.00849405 7
0.951616 0.529888 2
0.932087 0.247033 3
0.904452 0.0469722 5
0.85214 3.07057e-06 16
0.943627 0.508869 2
0.882709 0.0036508 8
0.973696 1 1
0.879905 0.00352045 8
0.904857 0.0471595 5
0.945139 0.512383 2
0.929663 0.242546 3
0.888578 0.00860892 7
0.957065 0.548396 2
0.887233 0.00847207 7
0.967131 1 1
0.908173 0.10188 4
0.898742 0.0445748 5
0.91928 0.111713 4
0.946975 0.51692 2
0.906422 0.0479062 5
0.940799 0.502786 2
0.896352 0.0203373 6
0.97888 1 1
0.926758 0.237659 3
0.947045 0.165699 4
0.89243 9.74736e-05 13
0.847553 8.76978e-12 0
0.90537 0.00128561 10
0.862545 5.03257e-10 27
0.969436 0.608993 2
0.902193 0.00117481 10
0.85933 8.37419e-11 29
0.872442 9.7616e-08 21
0.902476 0.00118399 10
0.905354 0.00128501 10
0.889997 4.25711e-05 14
0.869211 1.72874e-08 23
0.926427 0.0329337 6
0.94427 0.157031 4
0.957144 0.548693 2
0.919455 0.22731 3
0.874919 0.00148042 9
0.936168 0.494042 2
0.882899 0.00366003 8
0.986543 1 1
0.913573 0.106209 4
0.886321 0.00838242 7
0.902167 0.0459617 5
0.927862 0.239457 3
0.91384 0.106443 4
0.920345 0.228443 3
0.890968 0.0192226 6
0.957051 0.548342 2
0.942317 0.505975 2
0.940117 0.50141 2
0.920818 0.229059 3
0.880732 0.00355781 8
0.951727 0.530227 2
0.878846 0.00156609 9
0.96569 1 1
0.901169 0.0455424 5
0.890513 0.00881598 7
0.912031 0.104896 4
0.94838 0.520609 2
0.899949 0.045047 5
0.935643 0.254384 3
0.887833 0.00853242 7
0.974859 1 1
0.923214 0.232324 3
0.955831 0.543852 2
0.897278 0.00216663 9
0.851428 6.90872e-10 26
0.905125 0.0109205 7
0.869551 2.13195e-06 17
0.973494 0.636632 2
0.911137 0.0246814 6
0.863708 3.51424e-07 19
0.874669 1.22357e-05 15
0.898695 0.00467891 8
0.914653 0.0261287 6
0.889917 0.00087395 10
0.875877 2.79318e-05 14
0.92517 0.0611639 5
0.954418 0.316066 3
0.922865 0.0304853 6
0.974654 0.645434 2
0.947805 0.288806 3
0.919112 0.0282998 6
0.97368 0.638016 2
0.90593 0.00539993 8
0.944131 0.156623 4
0.96321 0.574697 2
0.940645 0.147193 4
0.884513 3.56674e-05 14
0.935084 0.134808 4
0.918179 0.0278104 6
0.984819 1 1
0.910756 0.0121105 7
0.908826 0.00575893 8
0.91055 0.0120619 7
0.967758 0.598867 2
0.953909 0.313688 3
0.96115 0.565143 2
0.923325 0.0593799 5
0.909834 0.0118957 7
0.906188 0.0111243 7
0.960415 0.561922 2
0.987202 1 1
0.926341 0.0623707 5
0.899054 0.00225106 9
0.967224 0.595785 2
0.933703 0.132159 4
0.942282 0.271102 3
0.891062 0.000420143 11
0.960206 0.561023 2
0.915255 0.0263983 6
0.869963 9.68676e-07 18
0.928642 0.0649265 5
0.881087 3.22223e-05 14
0.990979 1 1
0.91503 0.0262969 6
0.881718 3.28149e-05 14
0.895959 0.00100126 10
0.920447 0.0290354 6
0.916103 0.0267897 6
0.912999 0.0126709 7
0.888716 0.000396917 11
0.949141 0.293725 3
0.947664 0.288303 3
0.952456 0.53249 2
0.904191 0.046853 5
0.85952 1.91216e-05 14
0.919658 0.227566 3
0.871075 0.000624301 10
0.98086 1 1
0.906913 0.0481488 5
0.871071 0.000624265 10
0.885726 0.00832514 7
0.915503 0.10795 4
0.908802 0.102347 4
0.904043 0.0467858 5
0.878417 0.00155622 9
0.940979 0.503157 2
0.943873 0.509426 2
0.958488 0.55392 2
0.897282 0.00965375 7
0.851065 8.38212e-09 23
0.902098 0.0103857 7
0.871428 2.49635e-05 14
0.971435 0.622024 2
0.914649 0.05258 5
0.863613 4.05452e-06 16
0.873159 5.79539e-05 13
0.894204 0.00432767 8
0.918614 0.0553979 5
0.887073 0.00178468 9
0.877418 0.000141199 12
0.921507 0.114181 4
0.959392 0.557596 2
0.947262 0.286885 3
0.964699 0.582118 2
0.922114 0.0300177 6
0.917317 0.0139225 7
0.959414 0.342346 3
0.925244 0.0320754 6
0.969445 0.609051 2
0.93737 0.139548 4
0.924327 0.0314416 6
0.885147 3.637e-05 14
0.96074 0.350314 3
0.911393 0.0061196 8
0.965769 0.587738 2
0.916026 0.0135219 7
0.93488 0.134407 4
0.906612 0.100758 4
0.910759 0.10386 4
0.883332 0.00810449 7
0.962903 1 1
0.864708 0.000249875 11
0.928604 0.240706 3
0.874518 0.00147221 9
0.889149 0.018884 6
0.919476 0.227336 3
0.985957 1 1
0.871654 0.000629866 10
0.95227 0.531907 2
0.874452 0.00147087 9
0.972847 1 1
0.88877 0.0188156 6
0.914715 0.0526231 5
0.982295 1 1
0.963624 0.576714 2
0.942886 0.272851 3
0.944457 0.277604 3
0.907084 0.0232469 6
0.920333 0.0567634 5
0.976474 1 1
0.971864 0.624965 2
0.907476 0.0233762 6
0.912266 0.0251239 6
0.945901 0.282249 3
0.954949 0.540735 2
0.928354 0.123202 4
0.896751 0.00451935 8
0.941496 0.149365 4
0.876922 2.59345e-07 20
0.831296 4.1699e-12 0
0.876753 2.57478e-07 20
0.857907 1.50884e-11 0
0.944489 0.157677 4
0.906041 0.00131138 10
0.844136 7.43215e-12 0
0.850414 1.01212e-11 0
0.869163 7.76938e-09 24
0.912173 0.00314486 9
0.862271 2.20511e-10 28
0.862415 2.22172e-10 28
0.895359 0.000107429 13
0.953459 0.311626 3
0.943447 0.508462 2
0.952746 0.533411 2
0.91181 0.104712 4
0.971707 1 1
0.906694 0.0480401 5
0.952495 0.532613 2
0.917861 0.11024 4
0.922227 0.230947 3
0.94206 0.505424 2
0.944106 0.509959 2
0.913893 0.10649 4
0.95724 0.549058 2
0.916547 0.108942 4
0.978017 1 1
0.922664 0.231552 3
0.9609 0.35131 3
0.959599 0.343432 3
0.911434 0.00612567 8
0.952067 0.305497 3
0.919729 0.0286341 6
0.959014 0.340029 3
0.937786 0.14046 4
0.924251 0.0313904 6
0.93427 0.0723893 5
0.924075 0.0312727 6
0.933941 0.0718993 5
0.93991 0.145383 4
0.928855 0.0651761 5
0.958323 0.336119 3
0.939656 0.14477 4
0.933879 0.132488 4
0.950871 0.300513 3
0.91802 0.0277288 6
0.900382 0.00231866 9
0.970546 0.616095 2
0.90935 0.0117863 7
0.97135 0.621444 2
0.9326 0.130148 4
0.91243 0.0125234 7
0.868224 4.09164e-07 19
0.962094 0.569419 2
0.895761 0.000996542 10
0.971436 0.622029 2
0.898166 0.00220802 9
0.925958 0.0619695 5
0.971165 0.6202 2
0.929462 0.0659012 5
0.884092 1.63349e-05 15
0.899652 0.000530613 11
0.924143 0.0313179 6
0.940967 0.148006 4
0.977392 0.667998 2
0.898701 0.000515973 11
0.892228 9.68432e-05 13
0.874642 5.17774e-07 19
0.981922 0.711576 2
0.889124 8.79165e-05 13
0.927254 0.0335631 6
0.90765 0.00277122 9
0.972061 0.626332 2
0.919733 0.22766 3
0.922542 0.231382 3
0.890975 0.0192239 6
0.970867 1 1
0.876392 0.00151138 9
0.940425 0.502028 2
0.887732 0.00852223 7
0.898175 0.0443582 5
0.926325 0.236972 3
0.974033 1 1
0.884814 0.00823929 7
0.956536 0.546422 2
0.886152 0.00836601 7
0.987319 1 1
0.901186 0.0455495 5
0.97656 0.660862 2
0.909696 0.00587636 8
0.862646 1.30271e-08 23
0.89673 0.00102009 10
0.894173 0.000455031 11
0.958475 0.336967 3
0.944089 0.156501 4
0.876477 2.67015e-06 17
0.877882 6.13187e-06 16
0.879522 1.41129e-05 15
0.949704 0.295879 3
0.883418 3.45035e-05 14
0.898504 0.00106602 10
0.911142 0.0122031 7
0.993422 1 1
0.960815 0.563665 2
0.942101 0.270585 3
0.896529 0.00101512 10
0.952067 0.305497 3
0.902369 0.00501742 8
0.973184 0.634347 2
0.925737 0.0617405 5
0.908312 0.0115592 7
0.923117 0.0591875 5
0.932352 0.129709 4
0.923725 0.0597554 5
0.937012 0.138774 4
0.911189 0.0122143 7
0.967212 0.595719 2
0.940498 0.146828 4
0.916749 0.0540179 5
0.913541 0.0518658 5
0.885581 0.00174033 9
0.866693 9.90685e-06 15
0.94486 0.278875 3
0.888728 0.0018368 9
0.962431 0.57099 2
0.898696 0.00985529 7
0.876669 0.000307565 11
0.837015 5.35426e-12 0
0.96036 0.561684 2
0.861142 1.6723e-06 17
0.939222 0.262856 3
0.867298 2.26449e-05 14
0.918685 0.111087 4
0.949801 0.524544 2
0.952999 0.534219 2
0.911844 0.0508279 5
0.908101 0.0235858 6
0.955733 0.543499 2
0.924423 0.117736 4
0.981226 1 1
0.926875 0.121046 4
0.913104 0.0515922 5
0.877247 0.000140674 12
0.972116 0.626716 2
0.901331 0.0102602 7
0.95941 0.557673 2
0.90879 0.0238234 6
0.940929 0.267334 3
19 0 1 2 6 14 15 17 18 19 20 21 24 25 26 28 30 35 36 37 
34 0 1 2 3 5 6 7 8 9 10 11 12 13 14 15 17 18 19 20 21 23 24 25 26 27 28 30 31 32 34 35 36 37 39 
38 0 1 2 3 4 5 6 7 8 9 10 11 12 13 14 15 16 17 19 20 21 22 23 24 25 26 27 28 29 31 32 33 34 35 36 37 38 39 
34 0 1 2 3 4 5 6 7 8 9 11 13 14 15 17 18 19 20 21 24 25 26 27 28 30 31 32 33 34 35 36 37 38 39 
39 0 1 2 3 4 5 6 7 8 9 10 11 12 13 14 15 16 17 18 19 20 21 22 23 24 25 26 27 28 29 31 32 33 34 35 36 37 38 39 
11 1 15 18 19 20 21 24 25 26 28 30 
27 0 1 2 5 6 7 8 10 11 14 15 17 18 19 20 21 24 25 26 28 30 31 32 34 35 36 37 
39 0 1 2 3 4 5 6 7 8 9 10 11 12 13 14 15 16 17 18 19 20 21 22 23 24 25 26 27 28 29 31 32 33 34 35 36 37 38 39 
39 0 1 2 3 4 5 6 7 8 9 10 11 12 13 14 15 16 17 18 19 20 21 22 23 24 25 26 27 28 29 31 32 33 34 35 36 37 38 39 
16 0 1 6 15 17 18 19 20 21 24 25 26 28 30 35 36 
29 0 1 2 5 6 7 8 10 11 12 14 15 17 18 19 20 21 23 24 25 26 28 30 31 32 34 35 36 37 
40 0 1 2 3 4 5 6 7 8 9 10 11 12 13 14 15 16 17 18 19 20 21 22 23 24 25 26 27 28 29 30 31 32 33 34 35 36 37 38 39 
38 0 1 2 3 4 5 6 7 8 9 10 11 12 13 14 15 16 17 18 19 20 21 22 24 25 26 27 28 30 31 32 33 34 35 36 37 38 39 
18 0 1 2 6 15 17 18 19 20 21 24 25 26 28 30 35 36 37 
22 0 1 2 6 7 8 14 15 17 18 19 20 21 24 25 26 28 30 31 35 36 37 
