30 15 1e+07
2.92639 115731
1.09521 184089
2.42277 137150
2.34893 150106
1.76083 110676
1.75914 186211
1.11873 175461
2.65599 195790
1.51815 195907
2.24306 116562
1.30728 131584
2.67324 151415
1.82823 121101
1.28491 198172
2.42191 150981
1.60119 108625
1.92164 131491
2.27901 114847
2.91124 138758
1.09077 104247
1.52357 117933
1.76514 126698
1.4017 113471
2.2863 140851
1.2456 146869
2.53782 121075
1.32384 193485
1.28518 171844
2.87176 112322
1.95642 106721
0.908125 0.0235943 6
0.941266 0.268254 3
0.950827 0.52752 2
0.921257 0.113894 4
0.931163 0.245276 3
0.901708 0.0103215 7
0.962855 0.572989 2
0.922507 0.115357 4
0.958479 0.553885 2
0.989142 1 1
0.947376 0.517954 2
0.934864 0.252687 3
0.953657 0.536364 2
0.982687 1 1
0.930015 0.125778 4
0.915889 0.0534149 5
0.922615 0.115486 4
0.895785 0.0094513 7
0.948341 0.520505 2
0.880422 0.000331034 11
0.87014 2.42001e-05 14
0.913558 0.0518767 5
0.931872 0.246617 3
0.910486 0.0500432 5
0.931365 0.245654 3
0.9248 0.118225 4
0.91666 0.0539547 5
0.95447 0.539087 2
0.946543 0.284404 3
0.876599 0.000138725 12
0.966215 0.590156 2
0.888227 0.000392366 11
0.902373 0.00501783 8
0.962702 0.572264 2
0.9158 0.0266484 6
0.927236 0.0633341 5
0.94434 0.277242 3
0.978901 0.681593 2
0.901478 0.0049305 8
0.931806 0.128757 4
0.893234 0.000939708 10
0.881838 7.15989e-05 13
0.977995 0.67333 2
0.928272 0.0644981 5
0.905432 0.00534277 8
0.975757 1 1
0.875176 0.00148572 9
0.893322 0.0196876 6
0.956939 0.547922 2
0.913062 0.105766 4
0.934744 0.491616 2
0.937218 0.495905 2
0.979813 1 1
0.89017 0.0190719 6
0.919942 0.227926 3
0.880221 0.0035346 8
0.8689 0.000604226 10
0.963301 1 1
0.914872 0.107369 4
0.901322 0.045606 5
0.957333 0.330712 3
0.840554 6.28552e-12 0
0.868353 8.25296e-08 21
0.922623 0.030333 6
0.901322 0.00236895 9
0.948157 0.290076 3
0.912375 0.0125093 7
0.945182 0.159763 4
0.86 2.27701e-09 25
0.887358 8.34246e-05 13
0.845724 8.02042e-12 0
0.834635 4.81914e-12 0
0.922446 0.0302224 6
0.87896 6.3529e-06 16
0.887522 8.3826e-05 13
0.924941 0.118409 4
0.855649 9.90457e-09 23
0.899221 0.00472433 8
0.901234 0.00490724 8
0.942637 0.272126 3
0.99222 1 1
0.939622 0.263879 3
0.922563 0.0586823 5
0.884198 0.000358279 11
0.907084 0.011303 7
0.861464 1.44168e-07 20
0.850233 6.57685e-10 26
0.918311 0.0551667 5
0.892401 0.00196479 9
0.927894 0.122518 4
0.873719 0.000650489 10
0.97078 1 1
0.958348 0.553364 2
0.889745 0.00873229 7
0.914626 0.107145 4
0.873219 0.000645377 10
0.935084 0.253161 3
0.888012 0.00855066 7
0.984157 1 1
0.96757 1 1
0.97724 1 1
0.966122 1 1
0.918855 0.111264 4
0.970962 1 1
0.920077 0.228098 3
0.880229 6.86769e-05 13
0.894996 0.00206708 9
0.958813 0.555226 2
0.875219 2.74572e-05 14
0.983922 1 1
0.925215 0.0612091 5
0.958168 0.552649 2
0.887513 0.000385893 11
0.934188 0.133071 4
0.939021 0.262349 3
0.900916 0.0048774 8
0.891235 0.000898988 10
0.905599 0.0110102 7
0.919269 0.0559073 5
0.998002 1 1
0.877526 0.00341783 8
0.957239 0.549056 2
0.971362 1 1
0.890178 0.0190734 6
0.927287 0.238512 3
0.883408 0.00811127 7
0.945581 0.513446 2
0.89108 0.0192439 6
0.992387 1 1
0.974597 1 1
0.963568 1 1
0.952942 0.534036 2
0.921061 0.229378 3
0.968433 1 1
0.933125 0.488993 2
0.940181 0.501537 2
0.869719 0.000120662 12
0.907211 0.048298 5
0.919559 0.112011 4
0.942809 0.507045 2
0.971416 1 1
0.951998 0.531061 2
0.940473 0.502124 2
0.895489 0.0201459 6
0.921361 0.114012 4
0.875499 0.000669361 10
0.863962 4.77164e-05 13
0.93797 0.259757 3
0.908273 0.0488422 5
0.928584 0.240672 3
0.923484 0.232708 3
0.918303 0.225889 3
0.944414 0.510672 2
0.927813 0.239376 3
0.945605 0.513505 2
0.924141 0.233659 3
0.981291 1 1
0.935769 0.493352 2
0.941448 0.504129 2
0.971866 1 1
0.924365 0.233987 3
0.912165 0.105007 4
0.961327 0.56593 2
0.958787 0.555123 2
0.939735 0.500652 2
0.920342 0.0289764 6
0.897372 0.00103628 10
0.940436 0.146673 4
0.913466 0.0127945 7
0.9666 0.592276 2
0.947124 0.286402 3
0.985932 1 1
0.927854 0.0640225 5
0.927488 0.0636122 5
0.951317 0.302344 3
0.903522 0.00249549 9
0.891845 0.000202162 12
0.942867 0.153036 4
0.934302 0.133289 4
0.955494 0.321259 3
0.918834 0.0555673 5
0.909596 0.0241092 6
0.947968 0.289393 3
0.917519 0.0545756 5
0.959915 0.559786 2
0.934507 0.133683 4
0.99527 1 1
0.928785 0.123854 4
0.938398 0.2608 3
0.964311 0.58014 2
0.915803 0.0266498 6
0.903897 0.0106957 7
0.949418 0.294778 3
0.94729 0.286982 3
0.952496 0.307349 3
0.935096 0.0736532 5
0.919945 0.0148169 7
0.91936 0.0146081 7
0.953753 0.312968 3
0.913683 0.00648071 8
0.903866 0.00123096 10
0.948086 0.16924 4
0.951407 0.181724 4
0.926233 0.0327901 6
0.955544 0.321511 3
0.924686 0.0316867 6
0.9133 0.00641745 8
0.984733 0.743168 2
0.959638 0.34366 3
0.907919 0.00279119 9
0.887717 0.00852072 7
0.955318 0.542027 2
0.965113 1 1
0.901045 0.0454913 5
0.928694 0.24086 3
0.889102 0.00866375 7
0.952103 0.531388 2
0.901655 0.0457447 5
0.980422 1 1
0.98517 1 1
0.961921 0.568623 2
0.949819 0.524594 2
0.932206 0.247263 3
0.978981 1 1
0.932194 0.24724 3
0.959605 0.558482 2
0.885604 0.00174101 9
0.881107 0.000736504 10
0.995583 1 1
0.884708 0.00171545 9
0.894388 0.00927179 7
0.915513 0.10796 4
0.973845 1 1
0.886904 0.003868 8
0.915049 0.10753 4
0.889246 0.00400289 8
0.879347 0.000714042 10
0.967869 0.599513 2
0.920153 0.112656 4
0.876168 0.000304663 11
0.85448 3.24041e-06 16
0.992651 1 1
0.925886 0.236286 3
0.876479 0.00151324 9
0.882015 0.00361753 8
0.84381 3.59162e-08 21
0.903398 0.0464968 5
0.869502 0.000270433 11
0.95156 0.529718 2
0.936363 0.255996 3
0.985955 1 1
0.996843 1 1
0.899833 0.0450009 5
0.949412 0.523445 2
0.887561 0.00850495 7
0.904228 0.00124374 10
0.883367 3.43547e-06 17
0.937095 0.0769176 5
0.893031 9.93914e-05 13
0.983926 0.733703 2
0.954381 0.31589 3
0.96734 0.397582 3
0.909062 0.00287898 9
0.917871 0.00725539 8
0.934793 0.0731832 5
0.889469 1.97264e-05 15
0.878518 6.044e-07 19
0.920541 0.0150358 7
0.916104 0.00690879 8
0.968639 0.604099 2
0.907314 0.04835 5
0.854322 6.07144e-07 18
0.904444 0.0224252 6
0.886209 0.00382997 8
0.952848 0.533735 2
0.983213 1 1
0.938511 0.261078 3
0.906326 0.0478594 5
0.886225 0.00383082 8
0.90531 0.0473716 5
0.860218 3.71951e-06 16
0.849326 4.24471e-08 21
0.906439 0.0479146 5
0.888647 0.00396735 8
0.938696 0.261536 3
0.995411 1 1
0.861833 4.57707e-05 13
0.872094 0.000634158 10
0.966557 1 1
0.889373 0.00869246 7
0.915558 0.108002 4
0.913726 0.106343 4
0.984625 1 1
0.871522 0.000628586 10
0.900827 0.0454016 5
0.866241 0.000256139 11
0.85561 7.66315e-06 15
0.951248 0.528776 2
0.899448 0.0448487 5
0.877964 0.00154596 9
0.949466 0.174198 4
0.891388 9.42849e-05 13
0.9175 0.0139813 7
0.941199 0.148599 4
0.936799 0.0764143 5
0.943038 0.153509 4
0.963186 0.366278 3
0.957762 0.333026 3
0.911936 0.00620171 8
0.941496 0.149365 4
0.897019 0.000236212 12
0.885199 7.90669e-06 16
0.965849 0.38569 3
0.931969 0.0691092 5
0.925616 0.0323408 6
0.932127 0.247108 3
0.84013 4.44012e-10 26
0.878522 0.000703975 10
0.902116 0.0217637 6
0.919522 0.111971 4
0.975737 1 1
0.920276 0.112791 4
0.924722 0.118123 4
0.865503 2.17444e-05 14
0.889995 0.00404831 8
0.845699 1.62647e-08 22
0.834549 1.13946e-11 30
0.91152 0.0506375 5
0.877572 0.00069272 10
0.905131 0.0472874 5
0.933582 0.250003 3
0.843796 6.53833e-09 23
0.882302 0.00165063 9
0.904386 0.0469423 5
0.923059 0.116024 4
0.978293 1 1
0.924332 0.233939 3
0.926968 0.237996 3
0.869318 0.000119738 12
0.893909 0.00921222 7
0.849395 9.8763e-08 20
0.838199 4.13526e-10 26
0.914825 0.107326 4
0.881354 0.00162648 9
0.908605 0.0490162 5
0.875537 1.25414e-05 15
0.955521 0.321396 3
0.973975 0.640227 2
0.887605 0.000386718 11
0.9283 0.06453 5
0.883227 7.42965e-05 13
0.945032 0.279422 3
0.888897 0.00039862 11
0.994821 1 1
0.972426 0.628895 2
0.961691 0.567575 2
0.951588 0.303471 3
0.918591 0.0280241 6
0.965189 0.584659 2
0.934725 0.134104 4
0.914113 0.0522307 5
0.936213 0.255656 3
0.913717 0.0519775 5
0.941267 0.268255 3
0.895682 0.00943785 7
0.879477 0.00071566 10
0.928938 0.241279 3
0.930568 0.244174 3
0.928406 0.24037 3
0.949827 0.524616 2
0.939477 0.263506 3
0.929725 0.242657 3
0.959983 0.560073 2
0.965379 0.585659 2
0.892795 0.0090773 7
0.954513 0.539237 2
0.896761 0.00452009 8
0.8933 0.00426402 8
0.982287 1 1
0.894771 0.00436876 8
0.899246 0.00993648 7
0.926825 0.120976 4
0.971299 0.621105 2
0.899314 0.00994661 7
0.927868 0.12248 4
0.9007 0.0101594 7
0.890363 0.00189154 9
0.980575 1 1
0.932754 0.248337 3
0.886835 0.000820446 10
0.963015 0.573757 2
0.884809 3.59925e-05 14
0.882334 1.5419e-05 15
0.995073 1 1
0.887237 8.31328e-05 13
0.897865 0.00104905 10
0.917737 0.0140581 7
0.977695 0.670659 2
0.88739 8.35031e-05 13
0.915912 0.0134876 7
0.888606 8.65592e-05 13
0.878519 6.26096e-06 16
0.969501 0.6094 2
0.920135 0.0288598 6
0.87842 6.2406e-06 16
0.923397 0.11644 4
0.931452 0.128152 4
0.923835 0.116988 4
0.944591 0.278025 3
0.910955 0.024612 6
0.895168 0.00439802 8
0.945127 0.279728 3
0.939676 0.264017 3
0.934155 0.133009 4
0.961115 0.564988 2
0.936039 0.255264 3
0.924731 0.118135 4
0.972299 0.627999 2
0.970047 0.612864 2
0.907016 0.0232248 6
0.906201 0.00543164 8
0.948933 0.29294 3
0.938608 0.142312 4
0.925332 0.0613274 5
0.915451 0.0264875 6
0.889285 0.000402332 11
0.947278 0.286939 3
0.921769 0.0579786 5
0.952652 0.308031 3
0.975062 0.648634 2
0.954202 0.315047 3
0.942106 0.2706 3
0.954155 0.314831 3
0.990216 1 1
0.914502 0.0260621 6
0.967758 1 1
0.878789 0.00156477 9
0.89994 0.0211923 6
0.951492 0.529511 2
0.920685 0.113247 4
0.940065 0.501306 2
0.94461 0.51113 2
0.972816 1 1
0.895736 0.0202003 6
0.925444 0.235606 3
0.884034 0.00371632 8
0.872537 0.000285088 11
0.964079 0.578969 2
0.918886 0.111297 4
0.908835 0.0491386 5
10 1 13 15 16 19 24 25 26 27 28 
14 1 2 3 13 15 16 19 20 24 25 26 27 28 29 
26 0 1 2 3 4 6 8 9 10 11 12 13 14 15 16 19 20 21 22 23 24 25 26 27 28 29 
4 1 15 16 24 
29 0 1 2 3 4 5 6 8 9 10 11 12 13 14 15 16 17 18 19 20 21 22 23 24 25 26 27 28 29 
29 0 1 2 3 4 5 6 7 8 9 10 11 12 13 14 15 16 17 19 20 21 22 23 24 25 26 27 28 29 
23 0 1 2 3 4 6 9 10 12 13 14 15 16 19 20 21 22 24 25 26 27 28 29 
9 1 13 15 16 24 25 26 27 28 
27 0 1 2 3 4 5 6 8 9 10 11 12 13 14 15 16 19 20 21 22 23 24 25 26 27 28 29 
15 0 1 2 3 6 13 14 15 16 19 24 25 26 27 28 
3 1 16 24 
3 1 16 24 
9 1 13 15 16 24 25 26 27 28 
8 1 15 16 24 25 26 27 28 
30 0 1 2 3 4 5 6 7 8 9 10 11 12 13 14 15 16 17 18 19 20 21 22 23 24 25 26 27 28 29 
