40 15 1e+07
2.81614 109727
1.36377 125524
1.18968 131800
1.7441 129808
2.6765 131871
1.10369 153432
2.03804 179483
1.91113 184533
1.91617 113287
1.89919 171969
2.11691 130450
1.72441 130675
1.0165 139027
1.00864 175377
2.46146 106636
2.30385 121245
1.16177 150887
1.45774 152274
1.855 106486
2.27303 101825
1.40203 177783
1.53332 129979
1.65944 149989
2.38999 178999
2.30067 116156
1.48677 179494
2.02073 182200
1.07757 119741
1.47913 197958
2.00693 124251
2.12164 124461
2.60555 170776
1.45576 163379
1.51149 158748
1.48621 171286
1.03696 146464
2.81004 119895
2.05762 164603
2.87471 185298
1.48223 165417
0.915013 0.0262893 6
0.926402 0.0624345 5
0.944705 0.278384 3
0.913408 0.0255923 6
0.928938 0.124089 4
0.943389 0.27434 3
0.936898 0.138531 4
0.94426 0.276992 3
0.92957 0.125072 4
0.964989 0.583618 2
0.9966 1 1
0.9481 0.289871 3
0.906556 0.011197 7
0.919566 0.0561421 5
0.893018 0.000935133 10
0.895573 0.000225783 12
0.889809 8.9767e-05 13
0.920547 0.0290927 6
0.877124 1.24786e-06 18
0.915574 0.0133872 7
0.970353 0.614834 2
0.967553 0.597678 2
0.90534 0.00261026 9
0.891509 9.46483e-05 13
0.965956 0.588745 2
0.960893 0.351265 3
0.926835 0.0332414 6
0.910889 0.00604538 8
0.881732 6.98015e-06 16
0.875483 5.34993e-07 19
0.909512 0.0118227 7
0.959023 0.556081 2
0.934564 0.133792 4
0.949269 0.294209 3
0.911085 0.0121892 7
0.902067 0.00498763 8
0.891102 0.000420563 11
0.986531 1 1
0.970905 0.618461 2
0.927838 0.0640043 5
0.948225 0.290323 3
0.931808 0.128761 4
0.87739 1.32356e-05 15
0.963858 0.577872 2
0.889939 0.00040872 11
0.957564 0.331954 3
0.91631 0.0268879 6
0.929805 0.066319 5
0.915593 0.0133928 7
0.93475 0.134154 4
0.834301 4.74929e-12 0
0.863563 3.0471e-08 22
0.894665 0.000461027 11
0.90158 0.00238314 9
0.848366 9.13034e-12 0
0.875883 2.61639e-06 17
0.92476 0.0607549 5
0.909457 0.00584363 8
0.896531 0.00101516 10
0.975545 0.652492 2
0.909062 0.00579034 8
0.925086 0.0610792 5
0.938715 0.142557 4
0.912394 0.0125142 7
0.922193 0.0300662 6
0.945 0.27932 3
0.932159 0.0693666 5
0.945064 0.279525 3
0.929729 0.0662257 5
0.969091 0.606855 2
0.993639 1 1
0.941626 0.149704 4
0.899688 0.00228286 9
0.920234 0.0289152 6
0.887196 8.30321e-05 13
0.948712 0.521509 2
0.964955 0.583438 2
0.944708 0.278394 3
0.966772 0.593237 2
0.930603 0.244239 3
0.85413 2.62129e-07 19
0.86883 2.34625e-05 14
0.938888 0.262016 3
0.949695 0.524243 2
0.873908 0.00013112 12
0.901926 0.021712 6
0.937003 0.257465 3
0.892368 0.00420053 8
0.946094 0.514705 2
0.941298 0.268341 3
0.968955 0.606019 2
0.917125 0.0138613 7
0.968426 0.602816 2
0.906964 0.00272157 9
0.992304 1 1
0.890915 4.39329e-05 14
0.928328 0.0344175 6
0.911419 0.00612356 8
0.907513 0.00276122 9
0.899823 0.000533305 11
0.92514 0.0320023 6
0.972543 0.629726 2
0.96487 0.378293 3
0.897445 0.000239445 12
0.952039 0.305378 3
0.904329 0.0469159 5
0.875712 0.00149692 9
0.919767 0.227704 3
0.863523 0.000107632 12
0.927315 0.238558 3
0.932936 0.2487 3
0.988637 1 1
0.88365 0.00369707 8
0.87285 0.000641659 10
0.924722 0.234517 3
0.930373 0.243819 3
0.927337 0.238593 3
0.941451 0.504136 2
0.862511 4.63761e-05 13
0.88823 0.00857294 7
0.986305 1 1
0.923324 0.11635 4
0.955089 0.541224 2
0.91773 0.110108 4
0.96548 0.586194 2
0.859787 1.61227e-06 17
0.892136 0.00418508 8
0.907153 0.0482688 5
0.909713 0.0496131 5
0.872273 0.000126855 12
0.899756 0.0211459 6
0.951762 0.530334 2
0.937348 0.258275 3
0.901932 0.0217137 6
0.989389 1 1
0.963131 0.574313 2
0.925146 0.118679 4
0.937008 0.257477 3
0.924152 0.117389 4
0.939434 0.263397 3
0.84037 6.23263e-12 0
0.867951 4.5541e-06 16
0.903302 0.0105908 7
0.910282 0.0243596 6
0.85522 2.23504e-08 22
0.883086 0.000349833 11
0.931457 0.128159 4
0.910647 0.0244956 6
0.905069 0.0109101 7
0.976081 0.656866 2
0.975232 1 1
0.917894 0.110274 4
0.944509 0.510895 2
0.913856 0.106458 4
0.954407 0.538876 2
0.849737 5.38045e-07 18
0.882199 0.00362626 8
0.899858 0.0450108 5
0.903787 0.0466706 5
0.862246 4.61377e-05 13
0.889564 0.00871288 7
0.94083 0.502851 2
0.929985 0.24312 3
0.896832 0.0204461 6
0.99757 1 1
0.940203 0.501581 2
0.923193 0.232294 3
0.965827 1 1
0.910328 0.103519 4
0.95967 0.558757 2
0.926141 0.236684 3
0.950468 0.526466 2
0.929652 0.242526 3
0.919589 0.227478 3
0.9374 0.496236 2
0.962695 1 1
0.972961 1 1
0.939513 0.500217 2
0.908638 0.102225 4
0.918633 0.226291 3
0.881731 7.13992e-05 13
0.880741 6.95854e-05 13
0.907157 0.0113179 7
0.868347 9.18469e-07 18
0.901016 0.00488672 8
0.986113 1 1
0.956134 0.544945 2
0.898429 0.00222061 9
0.88399 0.000164277 12
0.970975 0.618925 2
0.953432 0.311505 3
0.91301 0.0254264 6
0.896648 0.00213816 9
0.874822 1.22889e-05 15
0.861709 6.41785e-08 21
0.976991 1 1
0.91119 0.0247016 6
0.953209 0.534899 2
0.903861 0.0106895 7
0.973596 0.637386 2
0.866654 4.39524e-06 16
0.904391 0.0107849 7
0.89902 0.00990283 7
0.89895 0.00989252 7
0.876149 6.21139e-05 13
0.90203 0.0103745 7
0.953095 0.53453 2
0.955982 0.544396 2
0.890226 0.00188681 9
0.974935 0.647632 2
0.920036 0.0565207 5
0.935296 0.135229 4
0.950109 0.297464 3
0.92219 0.0583493 5
0.931936 0.128982 4
0.934564 0.133793 4
0.93018 0.126044 4
0.952967 0.30942 3
0.938379 0.14179 4
0.957061 0.548381 2
0.987431 1 1
0.952404 0.30695 3
0.905977 0.0110832 7
0.928157 0.122907 4
0.897926 0.00219671 9
0.935297 0.253624 3
0.878152 0.0015502 9
0.927225 0.238411 3
0.86882 0.000267325 11
0.950595 0.526835 2
0.875629 0.00149518 9
0.924782 0.234605 3
0.873118 0.000644356 10
0.868835 0.000267391 11
0.876644 0.00151681 9
0.895641 0.0201794 6
0.931976 0.246817 3
0.989586 1 1
0.859182 1.89885e-05 14
0.931125 0.245204 3
0.937759 0.259251 3
0.936728 0.25683 3
0.967884 1 1
0.923383 0.232565 3
0.951734 0.530249 2
0.925434 0.235591 3
0.937221 0.257975 3
0.946159 0.514864 2
0.934919 0.252806 3
0.942612 0.506614 2
0.97264 1 1
0.971805 1 1
0.924388 0.234021 3
0.923864 0.233256 3
0.91525 0.107715 4
0.932975 0.130822 4
0.950817 0.52749 2
0.962894 0.573176 2
0.937274 0.2581 3
0.941027 0.2676 3
0.918358 0.0552021 5
0.920981 0.0573032 5
0.96399 0.578527 2
0.951481 0.529479 2
0.940146 0.265242 3
0.970216 0.613951 2
0.962873 0.573077 2
0.909201 0.0239679 6
0.940437 0.266013 3
0.910849 0.024572 6
0.955706 0.543402 2
0.952337 0.532117 2
0.944058 0.509851 2
0.953224 0.534946 2
0.934604 0.252133 3
0.849369 1.2397e-06 17
0.868316 0.000265068 11
0.927525 0.238901 3
0.937063 0.495625 2
0.867691 0.000262322 11
0.895966 0.0202511 6
0.936649 0.494888 2
0.898029 0.0443032 5
0.932951 0.248729 3
0.952634 0.533055 2
0.951083 0.301379 3
0.914061 0.0129563 7
0.924152 0.0313242 6
0.914367 0.013041 7
0.928227 0.0644466 5
0.828987 3.77979e-12 0
0.857514 1.73329e-10 28
0.891637 0.000200967 12
0.899333 0.00108883 10
0.843366 7.16572e-12 0
0.870818 2.02191e-07 20
0.918892 0.0281823 6
0.903112 0.00247093 9
0.894907 0.000464029 11
0.968652 0.604176 2
0.951449 0.181892 4
0.940882 0.0840055 5
0.981764 0.709916 2
0.927968 0.0341257 6
0.964447 0.375192 3
0.913267 0.00641206 8
0.932021 0.037714 6
0.944059 0.156412 4
0.935814 0.0747911 5
0.929138 0.0350908 6
0.958658 0.338001 3
0.985867 0.757017 2
0.932261 0.0379493 6
0.924696 0.0167519 7
0.928611 0.0346499 6
0.922355 0.0584964 5
0.95941 0.557673 2
0.949615 0.295535 3
0.946799 0.285278 3
0.926236 0.120153 4
0.910304 0.0243678 6
0.90526 0.010946 7
0.98059 1 1
0.965235 0.584902 2
0.934872 0.134392 4
0.960398 0.561848 2
0.947595 0.288058 3
0.892828 0.00198089 9
0.955015 0.540967 2
0.901499 0.0049325 8
0.953291 0.535164 2
0.897411 0.00457211 8
0.947664 0.288303 3
0.887666 0.000834228 10
0.9714 0.621783 2
0.885135 0.000365704 11
0.930003 0.12576 4
0.892214 0.00195779 9
0.887991 0.00083974 10
0.889712 0.00186932 9
0.911653 0.0248813 6
0.952358 0.532182 2
0.985505 1 1
0.878114 0.00014336 12
0.943898 0.275881 3
0.950809 0.527466 2
0.94841 0.52069 2
0.93788 0.259542 3
0.950846 0.527574 2
0.929179 0.241697 3
0.843815 3.5921e-08 21
0.862713 4.6559e-05 13
0.92305 0.232092 3
0.933391 0.249616 3
0.862155 2.02114e-05 14
0.89021 0.00878276 7
0.930552 0.244146 3
0.893477 0.0197195 6
0.930157 0.243429 3
0.950268 0.525884 2
0.953619 0.536239 2
0.92091 0.22918 3
0.97167 1 1
0.908965 0.10247 4
0.976058 1 1
0.911045 0.104089 4
0.944251 0.510294 2
0.921639 0.230149 3
0.914334 0.106882 4
0.920479 0.228616 3
0.945491 0.513228 2
0.979539 1 1
0.954374 0.538763 2
0.90357 0.0465736 5
0.933166 0.249159 3
0.949932 0.524916 2
0.981019 1 1
0.958872 0.555465 2
0.973289 1 1
0.938721 0.49869 2
0.873264 0.000645836 10
0.884437 0.00373679 8
0.958624 0.554464 2
0.965863 0.588243 2
0.894049 0.0198381 6
0.922438 0.231239 3
0.951352 0.529089 2
0.898972 0.0209517 6
0.958331 0.553296 2
0.934677 0.252288 3
0.944768 0.511502 2
0.889419 0.00401329 8
0.939526 0.263632 3
0.879633 0.000717595 10
0.962632 0.571933 2
0.884197 0.00170122 9
0.931563 0.246028 3
0.884964 0.00172267 9
0.880333 0.000726456 10
0.88689 0.00386724 8
0.9072 0.0482924 5
0.944586 0.511074 2
0.994574 1 1
0.870456 0.000122394 12
0.936881 0.257183 3
0.895826 0.00210221 9
0.899433 0.00474289 8
0.923203 0.0592668 5
0.886817 0.000379778 11
0.913591 0.0256695 6
0.970859 0.618155 2
0.951741 0.304117 3
0.917564 0.0274982 6
0.902867 0.00506746 8
0.981233 1 1
0.973783 0.638782 2
0.928412 0.12329 4
0.902163 0.00499705 8
0.893457 0.00094446 10
0.874821 1.22886e-05 15
0.952396 0.532303 2
0.910785 0.0502127 5
0.962406 0.57087 2
0.899426 0.00996349 7
0.976618 1 1
0.905529 0.0227533 6
0.945428 0.280698 3
0.910048 0.0497975 5
0.903438 0.0221326 6
0.912053 0.0509522 5
0.934886 0.252734 3
0.969466 0.609184 2
0.966792 0.593346 2
0.892901 0.00423655 8
0.934819 0.252591 3
0.898006 0.00975559 7
0.889672 0.00186799 9
0.922332 0.115147 4
0.876959 0.000139802 12
0.918479 0.0552941 5
0.966236 0.590269 2
0.97204 0.626184 2
0.904288 0.0223792 6
0.890775 0.00190588 9
0.96158 0.567071 2
0.959227 0.556915 2
0.928859 0.123968 4
0.915011 0.0528195 5
0.88085 0.000333924 11
0.878124 0.000143394 12
0.963977 0.578462 2
0.905914 0.00539812 8
0.933498 0.131777 4
0.902306 0.00242398 9
0.946504 0.284273 3
0.841805 6.66002e-12 0
0.876691 5.90143e-06 16
0.88801 8.5038e-05 13
0.891923 0.00042931 11
0.853042 2.6591e-11 30
0.879637 1.41629e-05 15
0.930598 0.0673101 5
0.92928 0.065681 5
0.885193 7.84197e-05 13
0.987243 1 1
0.956187 0.324736 3
0.91557 0.0133862 7
0.928523 0.0647879 5
0.915041 0.0132319 7
0.933406 0.0711169 5
0.833122 4.51154e-12 0
0.862323 2.52619e-09 25
0.89379 0.000213934 12
0.90084 0.00113266 10
0.847211 8.62327e-12 0
0.874703 5.18991e-07 19
0.923458 0.0308653 6
0.908295 0.00568951 8
0.895905 0.00047677 11
0.974254 0.642345 2
0.955476 0.321172 3
0.911545 0.00308779 9
0.926878 0.0332737 6
0.910667 0.00301091 9
0.93342 0.0711372 5
0.832125 4.32113e-12 0
0.862545 2.23693e-10 28
0.890275 4.29761e-05 14
0.896909 0.000235395 12
0.845628 7.98327e-12 0
0.872928 9.96601e-08 21
0.922192 0.0156761 7
0.910279 0.002978 9
0.891768 4.52602e-05 14
0.97564 0.653259 2
0.947581 0.288008 3
0.952746 0.308445 3
0.977988 0.673267 2
0.939351 0.263183 3
0.954962 0.540782 2
0.909856 0.0119008 7
0.92161 0.0578407 5
0.957103 0.548539 2
0.948659 0.291918 3
0.928967 0.124134 4
0.95941 0.557673 2
0.977106 0.665515 2
0.920159 0.0566208 5
0.937365 0.139536 4
0.925026 0.0610196 5
0.954428 0.316112 3
0.914445 0.0260373 6
0.926837 0.0629004 5
0.914133 0.0259015 6
0.931714 0.128599 4
0.831592 4.2232e-12 0
0.860769 2.73601e-08 22
0.892524 0.000924835 10
0.899723 0.00228462 9
0.845684 8.00498e-12 0
0.873137 5.28743e-06 16
0.921764 0.0579743 5
0.906907 0.0112673 7
0.89492 0.000976912 10
0.972677 0.630686 2
0.947951 0.519462 2
0.930165 0.243444 3
0.974718 1 1
0.917411 0.109788 4
0.965813 1 1
0.918626 0.226282 3
0.942238 0.505805 2
0.934343 0.490954 2
0.925432 0.235587 3
0.931589 0.246078 3
0.959005 0.556006 2
0.981751 1 1
0.939656 0.500497 2
0.914415 0.106955 4
0.925801 0.236154 3
0.923394 0.23258 3
0.890088 0.00876943 7
0.937368 0.258322 3
0.878046 0.00154781 9
0.946878 0.516672 2
0.923332 0.232492 3
0.973332 1 1
0.895121 0.0200661 6
0.885618 0.0037983 8
0.921874 0.114607 4
0.935491 0.254048 3
0.945048 0.512166 2
0.9573 0.549285 2
0.875066 0.000664669 10
0.90699 0.0481872 5
0.931729 0.0687866 5
0.940848 0.147705 4
0.96218 0.359506 3
0.927404 0.0336796 6
0.943415 0.154566 4
0.92651 0.0329963 6
0.931081 0.0679315 5
0.953749 0.312952 3
0.941088 0.148315 4
0.946606 0.164257 4
0.977627 0.670055 2
0.964441 0.375145 3
0.915027 0.0132279 7
0.93018 0.0667838 5
0.909331 0.00582646 8
0.945413 0.280651 3
0.907539 0.0113965 7
0.917956 0.0548993 5
0.908145 0.0115235 7
0.923164 0.0592308 5
0.823633 3.0241e-12 0
0.852964 7.36744e-10 26
0.885146 0.00016904 12
0.892918 0.000933037 10
0.837596 5.49546e-12 0
0.864806 3.64333e-07 19
0.912934 0.0253953 6
0.900206 0.00481199 8
0.888695 0.000396713 11
0.964652 0.581876 2
0.956901 0.54778 2
0.938075 0.260013 3
0.93777 0.259276 3
0.938959 0.262194 3
0.933631 0.132024 4
0.841574 1.54498e-11 30
0.864292 1.82535e-06 17
0.914088 0.0522143 5
0.922995 0.115946 4
0.858472 1.30578e-07 20
0.886598 0.000816605 10
0.931029 0.127438 4
0.900332 0.0101018 7
0.91888 0.0556028 5
0.961322 0.565909 2
17 3 6 7 8 10 13 15 19 22 26 28 30 31 32 34 36 38 
40 0 1 2 3 4 5 6 7 8 9 10 11 12 13 14 15 16 17 18 19 20 21 22 23 24 25 26 27 28 29 30 31 32 33 34 35 36 37 38 39 
20 3 6 7 8 9 10 13 15 19 22 24 26 28 30 31 32 34 36 38 39 
40 0 1 2 3 4 5 6 7 8 9 10 11 12 13 14 15 16 17 18 19 20 21 22 23 24 25 26 27 28 29 30 31 32 33 34 35 36 37 38 39 
18 3 6 7 8 9 10 13 15 19 22 26 28 30 31 32 34 36 38 
29 0 1 5 6 7 8 10 11 12 13 14 15 16 17 18 20 22 23 24 25 26 27 28 29 33 35 36 37 39 
17 3 6 7 8 10 13 15 19 22 26 28 30 31 32 34 36 38 
39 0 1 3 4 5 6 7 8 9 10 11 12 13 14 15 16 17 18 19 20 21 22 23 24 25 26 27 28 29 30 31 32 33 34 35 36 37 38 39 
40 0 1 2 3 4 5 6 7 8 9 10 11 12 13 14 15 16 17 18 19 20 21 22 23 24 25 26 27 28 29 30 31 32 33 34 35 36 37 38 39 
25 0 1 6 7 8 9 10 11 12 13 15 16 20 22 24 26 27 28 29 30 33 35 36 37 39 
26 1 3 6 7 8 10 11 12 13 15 16 19 20 22 24 26 27 28 29 30 31 32 34 35 36 38 
23 3 5 6 7 8 9 10 13 15 18 19 22 23 24 26 28 30 31 32 34 36 38 39 
6 15 19 30 32 34 38 
40 0 1 2 3 4 5 6 7 8 9 10 11 12 13 14 15 16 17 18 19 20 21 22 23 24 25 26 27 28 29 30 31 32 33 34 35 36 37 38 39 
8 3 15 19 30 31 32 34 38 
