30 15 1e+07
2.54193 120060
1.97837 105051
2.36222 170083
1.03829 162273
2.17541 120235
1.25573 122295
1.37347 137005
1.29452 144439
1.86256 111171
1.93686 153762
1.18358 183898
1.23292 167119
2.62724 184280
1.415 101878
2.17047 172402
1.09331 172057
1.94162 150559
1.2492 161662
1.49455 127653
2.05095 134915
2.25923 167454
1.98138 152553
1.24399 174788
1.15551 161773
2.60647 171736
1.20687 176569
1.97092 149215
2.99278 104017
1.47769 198819
2.80087 125396
0.901745 0.00239233 9
0.915488 0.0133619 7
0.884182 3.53088e-05 14
0.862237 5.67576e-09 24
0.954187 0.314979 3
0.915383 0.0133312 7
0.861152 2.39635e-09 25
0.904879 0.00258027 9
0.949113 0.293619 3
0.919428 0.0284698 6
0.902577 0.00243956 9
0.87778 6.11159e-06 16
0.874856 1.1479e-06 18
0.896443 0.000483914 11
0.900108 0.00111098 10
0.918976 0.111391 4
0.93271 0.24825 3
0.934075 0.251021 3
0.906429 0.0479099 5
0.953273 0.535106 2
0.929513 0.242282 3
0.89366 0.0197572 6
0.955926 0.544192 2
0.956695 0.54701 2
0.908614 0.049021 5
0.953191 0.534838 2
0.923995 0.233446 3
0.920567 0.113114 4
0.919576 0.11203 4
0.924323 0.233925 3
0.897889 0.000242883 12
0.909377 0.002904 9
0.957144 0.329705 3
0.913837 0.00650639 8
0.92111 0.0152508 7
0.905317 0.00128361 10
0.887202 1.81755e-05 15
0.975498 0.652111 2
0.948936 0.172259 4
0.879204 6.21846e-07 19
0.966408 0.390059 3
0.931969 0.0376638 6
0.928206 0.034318 6
0.901795 0.000566285 11
0.906423 0.00132647 10
0.88721 0.00388503 8
0.900865 0.0214299 6
0.917367 0.109745 4
0.879919 0.000721198 10
0.928145 0.239929 3
0.898265 0.0207806 6
0.862604 8.97344e-06 15
0.936822 0.257047 3
0.99005 1 1
0.884413 0.00170722 9
0.93002 0.243182 3
0.897553 0.0096916 7
0.893985 0.00922165 7
0.887112 0.00387957 8
0.891663 0.00894527 7
0.917478 0.109855 4
0.92026 0.112774 4
0.965754 1 1
0.979638 1 1
0.902936 0.0462935 5
0.915399 0.107853 4
0.938588 0.498439 2
0.956117 0.544883 2
0.88845 0.00859566 7
0.877307 0.00153131 9
0.96463 0.581761 2
0.995195 1 1
0.993276 1 1
0.927719 0.23922 3
0.930555 0.244151 3
0.876873 6.31975e-05 13
0.890682 0.000888318 10
0.900012 0.00479437 8
0.863715 7.94093e-07 18
0.922032 0.0582093 5
0.888704 0.000852092 10
0.848777 2.6753e-10 27
0.91908 0.0557586 5
0.990829 1 1
0.880357 0.000150753 12
0.912565 0.0252441 6
0.880979 0.000152926 12
0.877503 6.41687e-05 13
0.8755 2.76583e-05 14
0.87987 0.000149092 12
0.913569 0.02566 6
0.914057 0.0258685 6
0.953757 0.312989 3
0.992561 1 1
0.892901 0.00093268 10
0.909417 0.0118014 7
0.944134 0.276605 3
0.94202 0.270355 3
0.875247 1.2438e-05 15
0.871007 2.23061e-06 17
0.950272 0.298108 3
0.984273 1 1
0.98767 1 1
0.924588 0.0605857 5
0.926614 0.06266 5
0.867559 8.95385e-07 18
0.876649 2.85067e-05 14
0.958641 0.554535 2
0.908607 0.0116227 7
0.882424 0.000158192 12
0.872283 5.15464e-06 16
0.870459 2.19265e-06 17
0.95435 0.315744 3
0.9175 0.0274666 6
0.843551 7.22859e-12 0
0.946382 0.283858 3
0.922857 0.0589493 5
0.919788 0.0563203 5
0.873662 1.18961e-05 15
0.877785 2.9388e-05 14
0.951157 0.301683 3
0.955103 0.319343 3
0.868804 1.87222e-07 20
0.874948 1.15173e-06 18
0.955062 0.319145 3
0.959814 0.344702 3
0.898725 0.00107202 10
0.88437 3.55115e-05 14
0.884129 3.52517e-05 14
0.997176 1 1
0.888637 8.66387e-05 13
0.883319 3.44012e-05 14
0.882192 1.53488e-05 15
0.939491 0.144377 4
0.939665 0.144791 4
0.92089 0.229153 3
0.93356 0.489685 2
0.946658 0.516114 2
0.91805 0.225584 3
0.946187 0.514936 2
0.929678 0.242573 3
0.901597 0.0457207 5
0.968678 1 1
0.947666 0.518711 2
0.903753 0.0988307 4
0.966373 1 1
0.936093 0.493911 2
0.932535 0.488071 2
0.923363 0.232536 3
0.92818 0.239988 3
0.933879 0.250614 3
0.932649 0.248129 3
0.941631 0.504514 2
0.981562 1 1
0.906323 0.047858 5
0.92818 0.239989 3
0.963609 0.57664 2
0.93747 0.496363 2
0.876649 0.00151693 9
0.888925 0.00864517 7
0.94703 0.517062 2
0.977966 1 1
0.980575 1 1
0.945442 0.513109 2
0.94703 0.51706 2
0.906585 0.00547702 8
0.920019 0.0287947 6
0.881242 3.23665e-05 14
0.862239 2.89395e-08 22
0.959039 0.556146 2
0.920366 0.0289898 6
0.863889 6.95135e-08 21
0.901766 0.00495825 8
0.940855 0.147723 4
0.927317 0.0634235 5
0.900255 0.00231203 9
0.87723 1.31733e-05 15
0.874457 5.50345e-06 16
0.900495 0.00232458 9
0.903933 0.00517816 8
0.901946 0.0217174 6
0.91566 0.0532578 5
0.927266 0.121604 4
0.893097 0.00425 8
0.940557 0.266332 3
0.912794 0.0514011 5
0.877267 0.00031109 11
0.948282 0.520347 2
0.974627 1 1
0.895866 0.00946199 7
0.942726 0.272384 3
0.910866 0.0502587 5
0.907312 0.0483491 5
0.902194 0.0217849 6
0.90684 0.0231676 6
0.982353 1 1
0.997914 1 1
0.906153 0.0111174 7
0.915723 0.0266129 6
0.961173 0.565246 2
0.993771 1 1
0.934378 0.133435 4
0.919485 0.0285011 6
0.89703 0.00215533 9
0.953062 0.309843 3
0.925689 0.0616914 5
0.92445 0.0604514 5
0.923386 0.0594368 5
0.976649 0.661614 2
0.979625 0.688436 2
0.939124 0.143508 4
0.933573 0.131916 4
0.922446 0.0585779 5
0.966842 0.593628 2
0.901377 0.00492087 8
0.929929 0.125642 4
0.98305 1 1
0.919484 0.0560774 5
0.863166 1.52801e-07 20
0.891877 0.000911687 10
0.928964 0.124129 4
0.958061 0.55223 2
0.960818 0.563678 2
0.951001 0.301044 3
0.950739 0.299977 3
0.941852 0.50498 2
0.949121 0.522635 2
0.869273 0.000607578 10
0.870347 0.000617443 10
0.961991 1 1
0.953013 0.534264 2
0.889859 0.0190141 6
0.886246 0.00837516 7
0.893521 0.0197286 6
0.983922 1 1
0.889482 0.0189448 6
0.880307 0.00353848 8
0.878803 0.00347206 8
0.931003 0.244977 3
0.932066 0.246992 3
0.95516 0.319623 3
0.966752 0.392797 3
0.890006 4.25837e-05 14
0.889498 1.97476e-05 15
0.981079 0.702828 2
0.969122 0.607049 2
0.904656 0.00125915 10
0.907178 0.00135714 10
0.907307 0.0013625 10
0.970318 0.614608 2
0.910679 0.00301198 9
0.900579 0.000545556 11
0.898858 0.000250679 12
0.946188 0.162908 4
0.948502 0.170703 4
0.925428 0.119054 4
0.937586 0.258838 3
0.878657 0.000145091 12
0.868548 1.03816e-05 15
0.972993 0.632956 2
0.939206 0.262817 3
0.87777 0.000142284 12
0.898078 0.00462695 8
0.920441 0.0568521 5
0.952625 0.533026 2
0.898917 0.00988767 7
0.88169 0.000339735 11
0.879411 0.000147555 12
0.917345 0.0544483 5
0.920072 0.05655 5
0.960315 0.561494 2
0.962404 0.570861 2
0.93389 0.250636 3
0.951689 0.530112 2
0.935006 0.252992 3
0.957514 0.550104 2
0.957009 0.548184 2
0.940663 0.266615 3
0.893397 0.00427077 8
0.917073 0.0542509 5
0.94958 0.523918 2
0.959776 0.559201 2
0.959185 0.556745 2
0.970324 0.614646 2
0.97386 0.639361 2
0.925109 0.118631 4
0.933578 0.249996 3
0.969058 0.60665 2
0.947543 0.518388 2
0.928403 0.123276 4
0.928696 0.123718 4
0.922725 0.115618 4
0.981641 1 1
0.919489 0.111936 4
0.894085 0.00431919 8
0.990444 1 1
0.966428 0.591324 2
0.962652 0.572027 2
0.931944 0.246755 3
0.936323 0.255904 3
0.988457 1 1
0.992755 1 1
0.907276 0.048331 5
0.921172 0.113796 4
0.952798 0.533577 2
0.989212 1 1
0.942583 0.506551 2
0.918938 0.111351 4
0.891273 0.00890093 7
0.947573 0.518466 2
0.925896 0.236301 3
0.928446 0.240437 3
0.927743 0.239261 3
0.9854 1 1
0.988263 1 1
0.958287 0.553123 2
0.95789 0.551561 2
0.867992 0.000263638 11
0.878987 0.00348004 8
0.946426 0.515531 2
0.963044 0.573895 2
0.906907 0.048146 5
0.882057 0.00361951 8
0.875231 0.00148687 9
0.986341 1 1
0.887215 0.0084703 7
0.885672 0.00832005 7
0.884934 0.00825052 7
0.946253 0.515099 2
0.945377 0.512954 2
0.941118 0.267847 3
0.955427 0.320932 3
0.900787 0.00486532 8
0.890965 0.000893745 10
0.995692 1 1
0.955323 0.32042 3
0.897019 0.00215481 9
0.920107 0.0565779 5
0.928329 0.123165 4
0.949349 0.294514 3
0.921729 0.0579441 5
0.904727 0.0108465 7
0.902343 0.00501483 8
0.935313 0.135264 4
0.938914 0.143018 4
0.94213 0.151035 4
0.944277 0.157051 4
0.858148 7.87453e-11 29
0.865247 6.47998e-09 24
0.944414 0.157453 4
0.949124 0.172944 4
0.890931 9.29409e-05 13
0.873505 2.24917e-07 20
0.875356 5.32341e-07 19
0.990442 1 1
0.877717 1.27612e-06 18
0.872997 2.20353e-07 20
0.871988 2.11666e-07 20
0.930345 0.0669896 5
0.929998 0.0665574 5
0.959399 0.342256 3
0.961115 0.352656 3
0.87181 4.65287e-07 19
0.881003 1.47783e-05 15
0.952354 0.306734 3
0.966176 0.589941 2
0.906945 0.0055205 8
0.886404 3.78318e-05 14
0.880732 1.46527e-05 15
0.989212 1 1
0.891328 0.00019922 12
0.888443 8.61394e-05 13
0.887543 8.38783e-05 13
0.947423 0.287451 3
0.947089 0.28628 3
0.90061 0.0453132 5
0.914668 0.107183 4
0.89101 0.00887125 7
0.866457 0.000113485 12
0.952325 0.532079 2
0.91401 0.106593 4
0.862532 4.63949e-05 13
0.91186 0.104754 4
0.958596 0.554354 2
0.913866 0.106466 4
0.908903 0.0491748 5
0.882532 0.00364227 8
0.879465 0.00158056 9
0.896283 0.0203218 6
0.900204 0.0212594 6
0.866429 1.52821e-08 23
0.875639 1.18105e-06 18
0.956752 0.327645 3
0.906729 0.00270489 9
0.881963 7.03658e-06 16
0.871302 2.06039e-07 20
0.868829 3.77884e-08 22
0.953108 0.31005 3
0.918303 0.0142449 7
0.842895 7.00853e-12 0
0.944976 0.159135 4
0.921044 0.0293789 6
0.917959 0.014131 7
0.872414 2.15275e-07 20
0.876554 1.2216e-06 18
0.918659 0.0554326 5
0.931267 0.127838 4
0.878454 0.00014444 12
0.86548 1.88851e-06 17
0.968747 0.604749 2
0.932496 0.129964 4
0.872388 2.55586e-05 14
0.898323 0.00464743 8
0.926275 0.120207 4
0.944371 0.277336 3
0.898409 0.00465468 8
0.879243 0.000146998 12
0.8768 6.30863e-05 13
0.911152 0.0246872 6
0.914107 0.0522269 5
0.931209 0.24536 3
0.926676 0.237527 3
0.926812 0.237745 3
0.974654 1 1
0.896332 0.00952411 7
0.922813 0.115725 4
0.974938 1 1
0.921571 0.114255 4
0.862334 8.91675e-06 15
0.884585 0.001712 9
0.930949 0.244876 3
0.9627 0.572256 2
0.965972 0.58883 2
0.943045 0.507566 2
0.9432 0.50791 2
0.9554 0.542314 2
0.966842 0.593628 2
0.889622 0.00402551 8
0.88934 0.00400853 8
0.980459 1 1
0.969301 0.608154 2
0.904748 0.0225157 6
0.906738 0.0231345 6
0.906736 0.023134 6
0.970905 0.618461 2
0.910276 0.0499251 5
0.900344 0.0101038 7
0.898642 0.00984736 7
0.946332 0.515295 2
0.948595 0.521192 2
28 0 1 2 3 4 5 6 7 8 9 10 11 12 13 15 16 17 18 19 20 22 23 24 25 26 27 28 29 
22 0 1 2 3 4 5 7 8 9 11 12 13 15 16 17 19 22 23 25 26 27 29 
12 0 1 2 3 5 7 9 11 12 25 26 27 
29 0 1 2 3 4 5 6 7 8 9 10 11 12 13 14 15 16 17 18 19 20 21 22 23 24 25 26 27 29 
14 0 1 2 3 5 7 9 11 12 17 22 25 26 27 
23 0 1 2 3 4 5 6 7 9 10 11 12 13 15 16 17 18 19 22 25 26 27 29 
30 0 1 2 3 4 5 6 7 8 9 10 11 12 13 14 15 16 17 18 19 20 21 22 23 24 25 26 27 28 29 
20 0 1 2 3 5 7 8 9 11 12 15 16 17 22 23 24 25 26 27 29 
1 5 
23 0 1 2 3 4 5 6 8 9 10 11 12 13 15 16 17 18 19 20 22 25 27 29 
14 0 1 2 3 5 7 9 11 12 17 22 25 26 27 
24 0 1 2 3 4 5 7 8 9 11 12 13 15 16 17 19 21 22 23 24 25 26 27 29 
22 0 1 2 3 4 5 7 8 9 11 12 13 15 16 17 19 22 23 25 26 27 29 
24 0 1 2 3 5 7 8 9 11 12 13 15 16 17 19 20 21 22 23 24 25 26 27 29 
26 0 1 2 3 4 5 7 8 9 11 12 13 15 16 17 18 19 20 21 22 23 24 25 26 27 29 
