70 15 1e+07
2.99699 110318
1.48445 189247
1.34231 136891
1.945 132995
1.08681 114676
1.47567 155303
1.31118 151543
1.68183 196855
1.87814 129782
2.53569 126271
2.91786 122022
1.39393 192710
1.32865 165214
1.14461 173772
1.91364 159707
2.78469 154574
1.45679 191175
1.86787 195108
1.84695 130223
2.77962 136086
1.57169 121697
2.77285 187831
1.52458 129572
2.00156 186587
2.66758 177263
1.22208 190327
2.58777 183488
2.75555 120922
2.33035 102118
1.13237 179423
1.38771 103353
2.27723 180774
1.48949 108754
1.2953 153653
2.01368 143473
2.47618 111350
2.94507 171054
1.00935 158036
1.21624 177254
1.89027 156497
1.76117 189035
2.72538 186174
2.55059 104204
2.22959 144041
1.63781 167797
2.83136 102811
1.9407 109441
1.58286 143911
1.47544 155066
2.22105 175671
1.93494 145513
1.47312 190393
1.3338 168929
1.05124 188767
2.11501 157119
1.8257 110368
1.56925 185477
2.86778 159518
2.17801 148149
1.85621 102647
2.92998 133525
1.15308 115600
2.19499 151482
2.40279 117556
1.76779 103877
1.43413 180328
1.32382 167411
2.90662 115588
2.62087 179160
1.94026 195328
0.934848 0.134344 4
0.969513 0.609478 2
0.895632 0.000473222 11
0.942498 0.152026 4
0.864959 3.2208e-08 22
0.901854 0.00239839 9
0.904151 0.0025341 9
0.880614 1.45987e-05 15
0.908208 0.0056783 8
0.93441 0.133496 4
0.929027 0.0653788 5
0.893147 0.000442963 11
0.895891 0.00099963 10
0.925852 0.0618587 5
0.912221 0.0124702 7
0.953912 0.313701 3
0.946136 0.28303 3
0.930809 0.0675795 5
0.972482 0.629295 2
0.927129 0.0632172 5
0.944704 0.278381 3
0.952102 0.305648 3
0.946671 0.284841 3
0.981513 0.707292 2
0.968514 0.603342 2
0.957581 0.332047 3
0.960228 0.56112 2
0.967035 0.594717 2
0.961417 0.566336 2
0.986096 1 1
0.860765 3.77057e-06 16
0.855869 6.33268e-07 18
0.928835 0.241101 3
0.876675 0.0003076 11
0.972116 1 1
0.930296 0.24368 3
0.872415 0.000127215 12
0.952026 0.531148 2
0.904184 0.0223486 6
0.900955 0.0214535 6
0.86533 2.16603e-05 14
0.897132 0.00963301 7
0.904787 0.0225275 6
0.869766 5.37796e-05 13
0.903223 0.0220713 6
0.865716 0.000253959 11
0.890989 0.0192265 6
0.930431 0.243926 3
0.885057 0.00826197 7
0.880064 0.00352754 8
0.921769 0.230324 3
0.848531 1.21521e-06 17
0.88419 0.00818182 7
0.873701 0.00145576 9
0.917736 0.225208 3
0.863987 0.000108524 12
0.854283 7.44724e-06 15
0.861765 0.000104365 12
0.864303 0.000109137 12
0.877309 0.00153135 9
0.929545 0.125032 4
0.920615 0.0569965 5
0.940494 0.266162 3
0.945798 0.281909 3
0.95225 0.306283 3
0.954736 0.317574 3
0.937815 0.140524 4
0.972565 0.629886 2
0.97479 0.646496 2
0.957082 0.548462 2
0.934326 0.133335 4
0.958718 0.554842 2
0.968528 0.603426 2
0.938955 0.262182 3
0.974881 0.647203 2
0.87766 0.00153915 9
0.88739 0.00848775 7
0.984394 1 1
0.898602 0.0445209 5
0.944879 0.511763 2
0.97088 1 1
0.874418 0.000657781 10
0.94206 0.505424 2
0.908313 0.101983 4
0.936559 0.494728 2
0.879482 0.00158095 9
0.891017 0.00887205 7
0.900116 0.0451136 5
0.882324 0.00363226 8
0.910319 0.103512 4
0.875066 0.000664669 10
0.899261 0.0210226 6
0.941381 0.503989 2
0.895017 0.0200437 6
0.890437 0.00880764 7
0.933266 0.249362 3
0.858662 8.19664e-06 15
0.895218 0.020087 6
0.884683 0.00374943 8
0.929059 0.241488 3
0.873623 0.000290695 11
0.865036 4.87505e-05 13
0.872678 0.000285805 11
0.874156 0.000293519 11
0.888295 0.00394684 8
0.940292 0.50176 2
0.924522 0.234219 3
0.924808 0.234644 3
0.952237 0.531805 2
0.938639 0.261394 3
0.938998 0.49922 2
0.953645 0.536323 2
0.958181 0.552704 2
0.989125 1 1
0.949369 0.523325 2
0.946101 0.514722 2
0.975523 1 1
0.985421 1 1
0.951249 0.528777 2
0.986335 1 1
0.876995 0.00339582 8
0.902843 0.0462532 5
0.934998 0.492041 2
0.89637 0.0436931 5
0.884664 0.00822544 7
0.9282 0.240023 3
0.858938 4.33228e-05 13
0.89054 0.0191412 6
0.883409 0.00811136 7
0.928286 0.240167 3
0.875103 0.00148422 9
0.863767 0.000108099 12
0.87109 0.000624446 10
0.875293 0.00148815 9
0.887165 0.00846536 7
0.856969 2.84888e-07 19
0.852912 4.75531e-08 21
0.928456 0.123355 4
0.873166 5.79636e-05 13
0.968097 0.600857 2
0.928835 0.123931 4
0.867973 1.02308e-05 15
0.9479 0.519328 2
0.899894 0.0100343 7
0.898457 0.00982038 7
0.861401 1.68413e-06 17
0.892413 0.00420359 8
0.900133 0.0100711 7
0.865763 9.68172e-06 15
0.899066 0.00990971 7
0.901424 0.0456481 5
0.931996 0.246857 3
0.922053 0.230709 3
0.918407 0.110798 4
0.877626 0.00153839 9
0.921754 0.230304 3
0.877951 0.00154566 9
0.888509 0.00860176 7
0.896069 0.020274 6
0.939408 0.500012 2
0.898082 0.020737 6
0.876947 0.00152341 9
0.882865 0.00365839 8
0.897109 0.0205094 6
0.900252 0.0451683 5
0.873605 1.18773e-05 15
0.888342 0.000845791 10
0.97429 0.642625 2
0.894834 0.00206041 9
0.925483 0.0614809 5
0.959974 0.560035 2
0.866003 8.52212e-07 18
0.924833 0.0608279 5
0.898065 0.00462583 8
0.933865 0.132462 4
0.874397 1.21427e-05 15
0.879575 6.75476e-05 13
0.888376 0.000846379 10
0.876546 2.84288e-05 14
0.900687 0.00485603 8
0.903392 0.0464943 5
0.907773 0.0485837 5
0.979148 1 1
0.924064 0.233545 3
0.959914 0.55978 2
0.991203 1 1
0.902819 0.0462426 5
0.96751 1 1
0.93811 0.497541 2
0.958676 0.554675 2
0.906061 0.0477305 5
0.920356 0.11288 4
0.929744 0.242689 3
0.909444 0.0494661 5
0.93998 0.501137 2
0.961476 0.35494 3
0.938953 0.143109 4
0.910572 0.00599951 8
0.967491 0.597319 2
0.917059 0.0138405 7
0.924513 0.0315682 6
0.973834 0.639162 2
0.936399 0.0757471 5
0.986893 0.770136 2
0.945909 0.16202 4
0.967986 0.6002 2
0.979381 0.686107 2
0.980864 0.70064 2
0.973436 0.636198 2
0.986225 0.761529 2
0.945047 0.512162 2
0.925349 0.23546 3
0.916394 0.108793 4
0.953657 0.536364 2
0.93077 0.244545 3
0.930497 0.244046 3
0.962062 0.569274 2
0.949799 0.524537 2
0.990808 1 1
0.943698 0.509028 2
0.951435 0.52934 2
0.984476 1 1
0.993858 1 1
0.956814 0.547454 2
0.986179 1 1
0.920518 0.056916 5
0.899979 0.00479142 8
0.908691 0.0116409 7
0.92749 0.121928 4
0.939426 0.263376 3
0.921669 0.057892 5
0.944016 0.276239 3
0.953871 0.537071 2
0.96417 0.579427 2
0.923752 0.0597809 5
0.927178 0.121478 4
0.971975 0.625732 2
0.97557 0.652696 2
0.932497 0.129965 4
0.960016 0.560216 2
0.909942 0.0497389 5
0.909253 0.0493626 5
0.964154 0.579348 2
0.929271 0.241856 3
0.966874 0.593809 2
0.97709 1 1
0.913346 0.0517432 5
0.980751 1 1
0.949514 0.523733 2
0.957282 0.549216 2
0.913501 0.0518405 5
0.933089 0.249006 3
0.942639 0.272132 3
0.917434 0.109811 4
0.950659 0.527024 2
0.966556 0.391229 3
0.943225 0.154033 4
0.908819 0.00285985 9
0.971578 0.622995 2
0.913027 0.00637315 8
0.922612 0.0158475 7
0.97564 0.653259 2
0.932382 0.0696728 5
0.982526 0.718053 2
0.946177 0.162873 4
0.973032 0.633239 2
0.975232 0.649981 2
0.97578 0.654401 2
0.978465 0.677574 2
0.982919 0.722348 2
0.881117 0.000153416 12
0.900491 0.00483794 8
0.963837 0.577765 2
0.902265 0.0104137 7
0.91168 0.0248918 6
0.953871 0.537071 2
0.868896 4.67556e-06 16
0.915233 0.052968 5
0.898319 0.00464708 8
0.940387 0.265879 3
0.880837 0.000152425 12
0.878733 6.61383e-05 13
0.887041 0.000823826 10
0.882226 0.000157452 12
0.901583 0.010301 7
0.866865 0.000114342 12
0.8846 0.00374515 8
0.960288 0.561378 2
0.887851 0.00392125 8
0.911189 0.104205 4
0.947008 0.517006 2
0.856824 3.42446e-06 16
0.910964 0.104025 4
0.887436 0.00389769 8
0.926183 0.236748 3
0.867016 0.000114662 12
0.86864 0.000118203 12
0.877177 0.000688148 10
0.868716 0.000118373 12
0.890316 0.00879438 7
0.974871 0.647125 2
0.941755 0.150043 4
0.890627 9.20622e-05 13
0.964443 0.375157 3
0.895116 0.000222645 12
0.904013 0.00123613 10
0.990242 1 1
0.913903 0.00651744 8
0.963121 0.365827 3
0.929772 0.0662786 5
0.982157 0.714076 2
0.966587 0.592206 2
0.961701 0.356389 3
0.986168 0.760809 2
0.962791 0.363584 3
0.881041 0.000153146 12
0.877041 6.34535e-05 13
0.946842 0.285425 3
0.897976 0.00461846 8
0.994384 1 1
0.951264 0.302125 3
0.890658 0.00190178 9
0.974277 0.642522 2
0.924441 0.117759 4
0.923111 0.0591816 5
0.885414 0.00036797 11
0.914673 0.0525954 5
0.92318 0.0592455 5
0.889789 0.000871604 10
0.923929 0.117106 4
0.927493 0.121932 4
0.931588 0.128382 4
0.96008 0.560489 2
0.949042 0.522415 2
0.942947 0.273031 3
0.974137 0.641458 2
0.923332 0.11636 4
0.959049 0.556186 2
0.957018 0.548218 2
0.981478 1 1
0.92978 0.125404 4
0.93638 0.256033 3
0.945252 0.280129 3
0.932866 0.248561 3
0.960156 0.560813 2
0.947666 0.518711 2
0.924424 0.117737 4
0.90857 0.048998 5
0.952634 0.533055 2
0.923751 0.116881 4
0.922567 0.115429 4
0.969056 0.606638 2
0.942268 0.271061 3
0.985112 1 1
0.93736 0.258303 3
0.954541 0.539332 2
0.992521 1 1
0.994914 1 1
0.960017 0.560218 2
0.980807 1 1
0.9313 0.127894 4
0.908903 0.0116872 7
0.90683 0.0112516 7
0.936742 0.1382 4
0.931553 0.128323 4
0.92038 0.0568017 5
0.955581 0.542957 2
0.947995 0.289489 3
0.972549 0.629766 2
0.927814 0.1224 4
0.938148 0.141267 4
0.98392 1 1
0.98617 1 1
0.94352 0.274734 3
0.968033 0.600481 2
0.958036 0.334529 3
0.938375 0.141781 4
0.915552 0.0133808 7
0.967123 0.595215 2
0.921806 0.0298308 6
0.929594 0.0660614 5
0.968417 0.602761 2
0.941324 0.148921 4
0.991982 1 1
0.949928 0.296753 3
0.9641 0.579078 2
0.977982 0.673212 2
0.982142 0.713925 2
0.96936 0.608522 2
0.991773 1 1
0.927382 0.0634952 5
0.957745 0.550996 2
0.925029 0.0610224 5
0.944607 0.278076 3
0.888306 0.000393097 11
0.929708 0.125289 4
0.90287 0.00506775 8
0.90233 0.00501358 8
0.918717 0.0280903 6
0.958205 0.552798 2
0.92397 0.0599877 5
0.899931 0.00478713 8
0.905201 0.00531675 8
0.922882 0.058972 5
0.923052 0.0591281 5
0.906383 0.00132487 10
0.933973 0.0719458 5
0.936393 0.0757367 5
0.925444 0.0322174 6
0.891519 4.48653e-05 14
0.936385 0.075724 5
0.885497 7.99496e-06 16
0.90226 0.000574571 11
0.906783 0.00134093 10
0.952106 0.184599 4
0.903915 0.000605735 11
0.886991 8.45969e-06 16
0.893544 0.000101078 13
0.903631 0.000600183 11
0.910929 0.00303349 9
0.940588 0.266415 3
0.917863 0.0548303 5
0.908521 0.0237298 6
0.945949 0.282408 3
0.927748 0.122304 4
0.922399 0.115227 4
0.963389 0.575565 2
0.945606 0.281279 3
0.980818 1 1
0.933889 0.250634 3
0.947444 0.51813 2
0.991379 1 1
0.995498 1 1
0.952877 0.533829 2
0.976221 1 1
0.900323 0.0101004 7
0.919132 0.111556 4
0.967693 0.598489 2
0.921939 0.114683 4
0.918277 0.110665 4
0.96464 0.581813 2
0.887322 0.00179232 9
0.926068 0.119922 4
0.916174 0.0536125 5
0.960585 0.562661 2
0.90003 0.0100552 7
0.895931 0.00947063 7
0.904068 0.0223146 6
0.901392 0.0215687 6
0.919737 0.112203 4
0.860866 0.000102757 12
0.85651 1.79845e-05 14
0.930767 0.244539 3
0.877034 0.00339743 8
0.972465 1 1
0.931855 0.246584 3
0.871988 0.00142249 9
0.952208 0.531713 2
0.904044 0.0990199 4
0.901969 0.0458772 5
0.865343 0.000252433 11
0.896517 0.0437462 5
0.904291 0.0991817 4
0.869736 0.000611795 10
0.903193 0.0464064 5
0.885828 1.73248e-05 15
0.89579 0.0002273 12
0.99374 1 1
0.907026 0.00272595 9
0.945698 0.161358 4
0.979357 0.685884 2
0.881799 6.99653e-06 16
0.946059 0.162495 4
0.915637 0.0134058 7
0.945455 0.160601 4
0.887552 3.92505e-05 14
0.897665 0.000500815 11
0.906782 0.00270867 9
0.890328 9.12137e-05 13
0.917858 0.0140977 7
0.963614 0.369245 3
0.996335 1 1
0.898095 0.000244504 12
0.967768 0.598922 2
0.877121 5.70951e-07 19
0.907591 0.00276689 9
0.931613 0.0686313 5
0.894694 0.000105031 13
0.930764 0.0365259 6
0.943098 0.153677 4
0.957496 0.331587 3
0.917908 0.014114 7
0.919373 0.0146127 7
0.95394 0.313832 3
0.934431 0.0726319 5
0.920557 0.0569486 5
0.954534 0.539308 2
0.907276 0.0113423 7
0.933424 0.131642 4
0.870302 4.8657e-06 16
0.911089 0.0246629 6
0.892734 0.00197731 9
0.884223 0.00035848 11
0.903587 0.0106409 7
0.939182 0.262755 3
0.915843 0.0533833 5
0.886236 0.000374805 11
0.890516 0.000885165 10
0.913692 0.0257121 6
0.907815 0.0234892 6
0.930963 0.127329 4
0.91276 0.0513805 5
0.918619 0.0554014 5
0.940447 0.266037 3
0.941475 0.268829 3
0.932309 0.129633 4
0.949893 0.524806 2
0.959274 0.557109 2
0.97787 1 1
0.93768 0.259061 3
0.937282 0.258117 3
0.976903 1 1
0.985165 1 1
0.942597 0.272008 3
0.974033 0.640664 2
0.864446 9.37612e-06 15
0.859301 1.59152e-06 17
0.930983 0.244939 3
0.880342 0.000726576 10
0.976141 1 1
0.933114 0.249055 3
0.876165 0.000304647 11
0.956062 0.544685 2
0.908085 0.0487442 5
0.904294 0.0223811 6
0.869047 5.29606e-05 13
0.900952 0.0214526 6
0.908669 0.0490501 5
0.873508 0.000130056 12
0.907108 0.0482464 5
0.911649 0.0248795 6
0.913868 0.0520736 5
0.970092 0.613151 2
0.932026 0.129138 4
0.95959 0.55842 2
0.984409 1 1
0.912017 0.0250245 6
0.97215 0.626952 2
0.947718 0.288495 3
0.963813 0.577648 2
0.914628 0.0525658 5
0.929677 0.125241 4
0.93914 0.262648 3
0.918201 0.0550833 5
0.949563 0.295335 3
0.896507 0.00101458 10
0.915102 0.0132497 7
0.969236 0.607749 2
0.918074 0.0277567 6
0.918486 0.0279692 6
0.964358 0.580377 2
0.883991 3.51046e-05 14
0.925298 0.0612927 5
0.91324 0.0127343 7
0.956863 0.328225 3
0.896299 0.00100949 10
0.893141 0.0004429 11
0.901374 0.00237185 9
0.897727 0.00104545 10
0.916707 0.0270773 6
0.940303 0.265656 3
0.961976 0.568876 2
0.869844 5.387e-05 13
0.935585 0.254255 3
0.846782 7.2254e-09 23
0.877873 0.000314746 11
0.908245 0.0488278 5
0.863684 9.20614e-06 15
0.899993 0.0212058 6
0.911866 0.0508409 5
0.933159 0.249146 3
0.890054 0.00405197 8
0.890058 0.0040522 8
0.928366 0.240302 3
0.903235 0.0220748 6
0.965874 0.5883 2
0.931789 0.128728 4
0.882265 7.24107e-05 13
0.953305 0.310931 3
0.89042 0.000883352 10
0.89569 0.00209636 9
0.994359 1 1
0.908672 0.0116369 7
0.956556 0.546493 2
0.91968 0.0562335 5
0.972419 0.628846 2
0.966048 0.589245 2
0.958813 0.555226 2
0.975353 0.650946 2
0.955263 0.320123 3
0.935777 0.136197 4
0.970822 0.617912 2
0.90146 0.00237652 9
0.945502 0.28094 3
0.870173 4.38375e-07 19
0.907644 0.00560663 8
0.905876 0.0053937 8
0.885718 7.95859e-05 13
0.912001 0.0124147 7
0.940114 0.145881 4
0.930351 0.0669977 5
0.896204 0.00100718 10
0.899381 0.00226736 9
0.927541 0.0636713 5
0.916106 0.0267914 6
0.913486 0.106133 4
0.925444 0.235606 3
0.973962 1 1
0.935644 0.254385 3
0.935599 0.254285 3
0.981527 1 1
0.904886 0.0471731 5
0.946468 0.515637 2
0.936535 0.256386 3
0.976265 1 1
0.91448 0.107013 4
0.916144 0.108555 4
0.924764 0.234579 3
0.916726 0.109115 4
0.939853 0.500885 2
0.883128 3.42052e-05 14
0.899153 0.0010838 10
0.976808 0.662966 2
0.904579 0.00524776 8
0.924223 0.0602306 5
0.964948 0.583404 2
0.873803 1.10544e-06 18
0.926708 0.0627617 5
0.905104 0.00530583 8
0.943929 0.156036 4
0.88359 3.46818e-05 14
0.885876 7.99433e-05 13
0.894542 0.00045951 11
0.885506 7.91123e-05 13
0.90805 0.00565806 8
0.976396 1 1
0.987151 1 1
0.898184 0.00978105 7
0.977379 1 1
0.882219 0.000751448 10
0.908916 0.0491814 5
0.944043 0.276322 3
0.900456 0.0101212 7
0.940398 0.265907 3
0.944046 0.276331 3
0.970313 0.614575 2
0.929059 0.241488 3
0.929787 0.242765 3
0.966628 0.592434 2
0.943742 0.275406 3
0.927849 0.122452 4
0.947033 0.517069 2
0.949916 0.524871 2
0.949747 0.524389 2
0.914466 0.05246 5
0.956674 0.546933 2
0.911445 0.0505933 5
0.928291 0.240175 3
0.936212 0.255654 3
0.983301 1 1
0.927007 0.121235 4
0.915584 0.053206 5
0.922652 0.11553 4
0.927885 0.122505 4
0.940418 0.26596 3
0.941115 0.148384 4
0.923903 0.0311581 6
0.92174 0.029791 6
0.951871 0.304664 3
0.936519 0.137729 4
0.93588 0.136407 4
0.956076 0.324173 3
0.955806 0.322814 3
0.989623 1 1
0.946763 0.164768 4
0.947158 0.28652 3
0.978744 0.680143 2
0.988699 1 1
0.952405 0.306955 3
0.985932 0.757835 2
0.969092 1 1
0.953389 0.535482 2
0.916104 0.108516 4
0.982593 1 1
0.913413 0.10607 4
0.929572 0.242386 3
0.965026 1 1
0.932873 0.248573 3
0.978493 1 1
0.957041 0.548305 2
0.97339 1 1
0.96368 1 1
0.966668 1 1
0.977389 1 1
0.981767 1 1
0.92674 0.23763 3
0.906697 0.100817 4
0.912421 0.105222 4
0.934389 0.251678 3
0.939187 0.499584 2
0.9258 0.236153 3
0.948768 0.521663 2
0.955412 0.542357 2
0.971408 1 1
0.930059 0.243251 3
0.933329 0.249489 3
0.976925 1 1
0.982231 1 1
0.938678 0.498609 2
0.96724 1 1
0.993374 1 1
0.965136 1 1
0.886946 0.00844363 7
0.971772 1 1
0.879547 0.00350456 8
0.898932 0.044648 5
0.96094 0.564211 2
0.898284 0.0443996 5
0.944338 0.510496 2
0.931377 0.245676 3
0.986302 1 1
0.939462 0.500118 2
0.93733 0.496108 2
0.980705 1 1
0.946334 0.5153 2
0.931125 0.127599 4
0.918339 0.0551877 5
0.931955 0.129015 4
0.944932 0.279104 3
0.948881 0.292746 3
0.945977 0.282503 3
0.943394 0.274354 3
0.968641 0.60411 2
0.979025 1 1
0.949937 0.296788 3
0.936571 0.256469 3
0.966568 0.592099 2
0.976396 0.659484 2
0.941544 0.269021 3
0.977455 1 1
0.946509 0.284288 3
0.935193 0.135024 4
0.930985 0.0678068 5
0.962189 0.569862 2
0.935202 0.135041 4
0.945316 0.160174 4
0.952096 0.305622 3
0.95515 0.319572 3
0.988637 1 1
0.961319 0.353942 3
0.951302 0.302281 3
0.967038 0.594734 2
0.975562 0.652626 2
0.955904 0.323305 3
0.991291 1 1
0.950046 0.525245 2
0.927588 0.239004 3
0.910656 0.103778 4
0.955943 0.544255 2
0.923899 0.233306 3
0.924703 0.234487 3
0.969221 1 1
0.942755 0.506928 2
0.98833 1 1
0.940553 0.502286 2
0.956789 0.547358 2
0.989183 1 1
0.99309 1 1
0.962267 1 1
0.9842 1 1
0.94135 0.268485 3
0.94589 0.282213 3
0.946862 0.285497 3
0.96368 0.576988 2
0.930107 0.125927 4
0.959817 0.559375 2
0.933249 0.249328 3
0.947697 0.28842 3
0.962857 0.573001 2
0.988163 1 1
0.943055 0.273347 3
0.941463 0.268796 3
0.949165 0.522757 2
0.945666 0.281474 3
0.96698 0.594405 2
0.907937 0.0486679 5
0.923608 0.232887 3
0.972656 1 1
0.929971 0.243094 3
0.927286 0.23851 3
0.974239 1 1
0.896871 0.0204548 6
0.936605 0.256546 3
0.927013 0.238068 3
0.970219 1 1
0.908237 0.0488234 5
0.906629 0.048008 5
0.914984 0.107471 4
0.91001 0.0497764 5
0.930499 0.244048 3
0.873364 4.61485e-08 22
0.865815 1.32972e-09 26
0.929193 0.0351375 6
0.88829 1.88961e-05 15
0.981354 0.705643 2
0.934079 0.0721043 5
0.886976 8.45484e-06 16
0.964357 0.37454 3
0.918181 0.00731936 8
0.908974 0.00287203 9
0.878335 5.99863e-07 19
0.912501 0.00317541 9
0.919948 0.0148179 7
0.882989 3.38547e-06 17
0.916785 0.00703871 8
0.908496 0.0237211 6
0.921749 0.0579614 5
0.977178 1 1
0.930567 0.126674 4
0.933764 0.132273 4
0.98095 1 1
0.899413 0.00996145 7
0.943109 0.273509 3
0.930864 0.127164 4
0.971142 0.620044 2
0.909299 0.0240028 6
0.910642 0.0244937 6
0.919258 0.0558982 5
0.911425 0.0247925 6
0.934141 0.132982 4
0.970791 0.617708 2
0.950766 0.527338 2
0.911807 0.0508059 5
0.97961 1 1
0.91148 0.0506139 5
0.925361 0.118965 4
0.970363 0.614901 2
0.930925 0.244832 3
0.978994 1 1
0.95184 0.530576 2
0.976124 1 1
0.967343 0.596467 2
0.969056 0.606638 2
0.980818 1 1
0.981253 1 1
0.984861 1 1
0.968036 1 1
0.882995 0.00807454 7
0.966827 1 1
0.873173 0.00144536 9
0.894474 0.0199276 6
0.952847 0.533732 2
0.891716 0.0193669 6
0.936613 0.494823 2
0.927809 0.239369 3
0.977619 1 1
0.931185 0.245317 3
0.929209 0.241748 3
0.972092 1 1
0.938824 0.498887 2
0.956428 0.546022 2
0.992119 1 1
0.900683 0.0213825 6
0.963402 0.575625 2
0.876761 0.000308098 11
0.909423 0.0494546 5
0.925231 0.118792 4
0.893868 0.0092072 7
0.927116 0.238235 3
0.944727 0.511405 2
0.950647 0.526989 2
0.913064 0.0515678 5
0.915171 0.107643 4
0.947438 0.518116 2
0.930985 0.244943 3
0.918106 0.027773 6
0.896644 0.00101795 10
0.904594 0.00256202 9
0.9241 0.0601121 5
0.936704 0.138119 4
0.917421 0.027427 6
0.942947 0.153257 4
0.950228 0.297934 3
0.96036 0.347983 3
0.919362 0.0284341 6
0.924863 0.0608572 5
0.970417 0.615253 2
0.972566 0.629891 2
0.930157 0.0667549 5
0.956113 0.324359 3
0.872753 5.22707e-06 16
0.892029 0.000914738 10
0.959533 0.558181 2
0.893726 0.000950289 10
0.90838 0.0115737 7
0.947876 0.28906 3
0.86103 2.76318e-08 22
0.910197 0.0119792 7
0.890689 0.000888438 10
0.931672 0.128527 4
0.87253 5.19246e-06 16
0.871426 2.26025e-06 17
0.879787 3.10547e-05 14
0.873963 5.4209e-06 16
0.893819 0.000952312 10
0.976114 0.657139 2
0.94114 0.267907 3
0.883675 0.000354262 11
0.960391 0.561821 2
0.887381 0.00082946 10
0.89685 0.00452717 8
0.986666 1 1
0.906001 0.0229002 6
0.954803 0.540231 2
0.923609 0.116703 4
0.982077 1 1
0.959327 0.557328 2
0.953767 0.536728 2
0.983575 1 1
0.954572 0.539439 2
0.896911 0.00960256 7
0.895994 0.00947895 7
0.964094 0.579046 2
0.915668 0.108105 4
0.978788 1 1
0.97215 1 1
0.902121 0.0217649 6
0.982134 1 1
0.937743 0.259212 3
0.944203 0.510185 2
0.900648 0.0213734 6
0.923564 0.116648 4
0.932882 0.248592 3
0.904686 0.0470803 5
0.938306 0.260574 3
0.882979 0.000349039 11
0.888158 0.00181847 9
0.979198 1 1
0.903195 0.0105723 7
0.96218 0.569818 2
0.974901 0.647366 2
0.883601 0.000770864 10
0.958018 0.552063 2
0.918517 0.0553232 5
0.938291 0.260537 3
0.885671 0.000801889 10
0.902624 0.0104742 7
0.91185 0.0508316 5
0.889073 0.00184805 9
0.919897 0.0564076 5
0.929143 0.0655174 5
0.916882 0.0137849 7
0.933289 0.0709486 5
0.943228 0.15404 4
0.951047 0.30123 3
0.947231 0.166321 4
0.941265 0.148767 4
0.970842 0.618042 2
0.976832 0.663171 2
0.949686 0.295812 3
0.934528 0.072779 5
0.96463 0.37652 3
0.974391 0.643401 2
0.93947 0.144327 4
0.975384 0.651197 2
0.916572 0.0136886 7
0.949813 0.175497 4
0.91145 0.0061282 8
0.930756 0.0675126 5
0.872676 2.17538e-07 20
0.914458 0.0066121 8
0.889804 4.22934e-05 14
0.885989 1.74215e-05 15
0.902645 0.00118953 10
0.940646 0.147197 4
0.912223 0.00624595 8
0.884723 1.66843e-05 15
0.889448 4.17872e-05 14
0.910392 0.00597376 8
0.906896 0.00271675 9
0.91135 0.104336 4
0.903667 0.0466167 5
0.945116 0.512328 2
0.927504 0.238867 3
0.971048 1 1
0.957359 0.549513 2
0.92164 0.230151 3
0.99152 1 1
0.956872 0.54767 2
0.945146 0.512398 2
0.91616 0.108569 4
0.94539 0.512986 2
0.954653 0.539716 2
0.9208 0.229034 3
0.95621 0.545225 2
0.894544 0.0092914 7
0.911668 0.0507244 5
0.974618 1 1
0.916204 0.108612 4
0.922923 0.115859 4
0.968304 0.602085 2
0.883453 0.00168096 9
0.928841 0.241112 3
0.913714 0.0519755 5
0.955661 0.543241 2
0.89468 0.0093086 7
0.893807 0.00919964 7
0.902249 0.0218 6
0.896357 0.00952741 7
0.917006 0.109388 4
0.944211 0.156857 4
0.949885 0.296585 3
0.943972 0.156161 4
0.966875 0.593815 2
0.926179 0.0327501 6
0.956495 0.326316 3
0.934271 0.0723906 5
0.943781 0.155609 4
0.961968 0.358117 3
0.988568 1 1
0.945536 0.160852 4
0.940746 0.147449 4
0.948001 0.168945 4
0.947856 0.168446 4
0.966279 0.590507 2
0.897146 0.0439749 5
0.901814 0.0458117 5
0.981918 1 1
0.917679 0.22514 3
0.961935 0.568689 2
0.988236 1 1
0.896994 0.0439193 5
0.965849 1 1
0.932228 0.247304 3
0.952566 0.532837 2
0.899826 0.0449981 5
0.915095 0.107573 4
0.924456 0.234122 3
0.90322 0.0464183 5
0.933919 0.250697 3
59 0 1 2 3 4 5 6 7 8 9 10 11 12 13 14 16 17 18 19 21 22 25 26 27 29 30 31 32 33 34 35 36 37 38 40 41 42 43 44 45 46 49 50 52 53 54 55 56 57 58 60 62 63 64 65 66 67 68 69 
42 0 2 3 4 5 6 8 9 10 11 12 16 18 19 21 22 26 27 29 30 31 33 35 36 37 40 41 42 44 52 53 54 55 58 60 62 63 65 66 67 68 69 
12 3 5 6 8 11 18 19 31 42 60 63 67 
48 0 1 2 3 4 5 6 8 9 10 11 12 16 18 19 21 22 26 27 29 30 31 32 33 35 36 37 38 40 41 42 44 49 50 52 53 54 55 58 60 62 63 64 65 66 67 68 69 
27 2 3 5 6 8 9 10 11 12 18 19 21 27 29 30 31 35 37 41 42 53 55 60 62 63 67 69 
21 2 3 5 6 8 9 11 18 19 21 29 30 31 35 37 42 54 60 63 67 69 
69 0 1 2 3 4 5 6 7 8 9 10 11 12 13 14 15 16 17 18 19 20 21 22 23 24 25 26 27 28 29 30 31 32 33 34 35 36 37 38 40 41 42 43 44 45 46 47 48 49 50 51 52 53 54 55 56 57 58 59 60 61 62 63 64 65 66 67 68 69 
28 2 3 5 6 8 9 11 12 16 18 19 21 29 30 31 35 36 37 41 42 53 54 55 60 62 63 67 69 
50 0 1 2 3 4 5 6 7 8 9 10 11 12 16 18 19 21 22 26 27 29 30 31 32 33 34 35 36 37 40 41 42 44 45 49 50 52 53 54 55 58 60 62 63 64 65 66 67 68 69 
33 2 3 5 6 8 9 10 11 12 16 18 19 21 22 27 29 30 31 35 36 37 41 42 44 53 54 55 60 62 63 66 67 69 
62 0 1 2 3 4 5 6 7 8 9 10 11 12 13 14 16 17 18 19 21 22 25 26 27 29 30 31 32 33 34 35 36 37 38 40 41 42 43 44 45 46 47 48 49 50 51 52 53 54 55 56 57 58 60 62 63 64 65 66 67 68 69 
66 0 1 2 3 4 5 6 7 8 9 10 11 12 13 14 16 17 18 19 20 21 22 23 25 26 27 28 29 30 31 32 33 34 35 36 37 38 39 40 41 42 43 44 45 46 48 49 50 51 52 53 54 55 56 57 58 60 61 62 63 64 65 66 67 68 69 
59 0 1 2 3 4 5 6 7 8 9 10 11 12 13 14 16 17 18 19 21 22 25 26 27 29 30 31 32 33 34 35 36 37 38 40 41 42 43 44 45 46 47 49 50 52 53 54 55 56 58 60 62 63 64 65 66 67 68 69 
53 0 1 2 3 4 5 6 8 9 10 11 12 16 18 19 21 22 26 27 29 30 31 32 33 35 36 37 38 40 41 42 43 44 46 48 49 50 52 53 54 55 56 57 58 60 62 63 64 65 66 67 68 69 
50 0 1 2 3 4 5 6 8 9 10 11 12 16 18 19 21 22 26 27 29 30 31 32 33 35 36 37 38 40 41 42 43 44 46 49 50 52 53 54 55 58 60 62 63 64 65 66 67 68 69 
