30 15 1e+07
1.91025 159629
2.47281 157776
2.11814 152257
2.09621 146569
2.64281 179226
1.94535 107027
1.63448 143810
1.90612 195538
2.89289 148197
1.47464 143647
2.54712 180542
2.26045 117756
1.26375 146139
1.03601 168733
2.64795 131633
1.14477 194044
2.20044 169185
1.4281 142675
1.22033 161353
1.15941 199800
1.72232 113969
2.29965 129247
2.49258 172619
2.37511 191711
1.74209 115639
2.15092 144784
1.69277 142049
2.34038 197871
1.12519 114356
1.75677 131120
0.918044 0.0549651 5
0.968235 0.601677 2
0.955611 0.543065 2
0.929559 0.125054 4
0.946851 0.285459 3
0.939051 0.262424 3
0.919006 0.0557008 5
0.917223 0.0543592 5
0.886186 0.000810006 10
0.965998 0.588975 2
0.950632 0.526945 2
0.879498 0.000324945 11
0.886653 0.000817499 10
0.971222 0.620584 2
0.910993 0.0246265 6
0.97135 0.621444 2
0.873915 0.000131141 12
0.930599 0.244231 3
0.960445 0.562053 2
0.939983 0.264815 3
0.890595 0.00408561 8
0.94882 0.521804 2
0.973298 1 1
0.968774 0.604916 2
0.882703 0.000758126 10
0.931465 0.245843 3
0.936578 0.256485 3
0.98542 1 1
0.899178 0.00992641 7
0.98026 1 1
0.966974 0.594369 2
0.925893 0.119682 4
0.974093 1 1
0.978924 1 1
0.97832 1 1
0.923152 0.116139 4
0.952069 0.531282 2
0.969526 0.609557 2
0.93001 0.243164 3
0.934344 0.251582 3
0.98245 1 1
0.92323 0.116235 4
0.934874 0.25271 3
0.951837 0.530566 2
0.961738 0.56779 2
0.907418 0.00275428 9
0.904314 0.00254428 9
0.938268 0.141539 4
0.91337 0.012769 7
0.932114 0.0693058 5
0.990008 1 1
0.929195 0.065579 5
0.898857 0.00107562 10
0.892968 0.000208822 12
0.899829 0.0011029 10
0.905826 0.00264268 9
0.844767 7.65938e-12 0
0.883963 1.62646e-05 15
0.907022 0.00272567 9
0.898457 0.00106477 10
0.96666 0.592612 2
0.919431 0.0284715 6
0.96052 0.348965 3
0.975504 0.652162 2
0.965822 0.588024 2
0.910278 0.00595759 8
0.944703 0.158313 4
0.974335 0.642969 2
0.930189 0.066795 5
0.929487 0.0659307 5
0.980975 0.701765 2
0.936351 0.137379 4
0.938348 0.141719 4
0.946652 0.164407 4
0.964961 0.583469 2
0.974218 0.642071 2
0.885653 1.72207e-05 15
0.953724 0.312834 3
0.96806 0.600635 2
0.961738 0.356628 3
0.926446 0.0329478 6
0.989409 1 1
0.96182 0.357155 3
0.969803 0.611308 2
0.890879 9.27881e-05 13
0.932747 0.0701806 5
0.902316 0.00117879 10
0.961119 0.352681 3
0.906835 0.00271243 9
0.967854 0.599427 2
0.966489 0.591662 2
0.912269 0.0510821 5
0.98276 1 1
0.973064 1 1
0.98744 1 1
0.947175 0.517433 2
0.97784 1 1
0.957794 0.551187 2
0.941148 0.267929 3
0.916319 0.108721 4
0.951519 0.529594 2
0.898824 0.00987405 7
0.937306 0.258174 3
0.931767 0.246417 3
0.956939 0.547922 2
0.894165 0.00924401 7
0.911482 0.050615 5
0.895397 0.020126 6
0.900868 0.0214308 6
0.896022 0.0202635 6
0.853246 5.89859e-07 18
0.87247 0.000284749 11
0.904259 0.0468839 5
0.863484 2.07986e-05 14
0.924299 0.233889 3
0.929613 0.242457 3
0.928433 0.240415 3
0.875528 0.000669672 10
0.927779 0.239319 3
0.895817 0.0202181 6
0.940963 0.147996 4
0.902408 0.000577252 11
0.925619 0.0323427 6
0.944103 0.156541 4
0.930626 0.0363993 6
0.877233 5.73529e-07 19
0.914294 0.00658385 8
0.952919 0.309209 3
0.912528 0.00629357 8
0.91486 0.00668234 8
0.955268 0.32015 3
0.967308 0.397318 3
0.926326 0.0328589 6
0.928665 0.0346948 6
0.94515 0.159665 4
0.898705 0.0098566 7
0.910522 0.0500634 5
0.898371 0.00980796 7
0.905106 0.0226239 6
0.899417 0.00996206 7
0.855269 2.70945e-07 19
0.876413 0.000306074 11
0.909031 0.0492428 5
0.868263 2.31539e-05 14
0.923562 0.116646 4
0.932836 0.248501 3
0.934071 0.251013 3
0.88057 0.000729509 10
0.92838 0.123241 4
0.900631 0.0101486 7
0.937161 0.139095 4
0.927565 0.0636985 5
0.974827 0.646783 2
0.945788 0.161639 4
0.966827 0.593542 2
0.971408 0.621842 2
0.951001 0.301044 3
0.93051 0.0671988 5
0.913007 0.012673 7
0.927089 0.0631731 5
0.941839 0.150262 4
0.877228 2.74056e-06 17
0.908208 0.0056783 8
0.938372 0.141774 4
0.928061 0.0642564 5
0.955684 0.543325 2
0.900798 0.0214126 6
0.967689 0.598465 2
0.958371 0.553454 2
0.969716 0.610756 2
0.954658 0.539733 2
0.980778 1 1
0.944881 0.511769 2
0.941587 0.269139 3
0.90318 0.0220592 6
0.934415 0.251734 3
0.885214 0.00172977 9
0.933102 0.249032 3
0.917401 0.109778 4
0.946581 0.515921 2
0.908885 0.00576672 8
0.933035 0.0705866 5
0.916124 0.0135514 7
0.917339 0.0139294 7
0.915632 0.0134045 7
0.874548 5.15892e-07 19
0.889567 8.91058e-05 13
0.917754 0.0140636 7
0.875515 1.17573e-06 18
0.946543 0.16405 4
0.950197 0.297809 3
0.925028 0.0319236 6
0.88575 3.70604e-05 14
0.95153 0.303228 3
0.908802 0.00575572 8
0.930098 0.0666806 5
0.926792 0.0628513 5
0.967271 0.596054 2
0.938458 0.141969 4
0.959282 0.341578 3
0.977894 0.672422 2
0.945326 0.280367 3
0.923292 0.0593489 5
0.907278 0.00556119 8
0.924962 0.0609559 5
0.935401 0.135438 4
0.870469 9.85219e-07 18
0.901834 0.0023973 9
0.934821 0.134292 4
0.921021 0.0293658 6
0.884721 0.000167263 12
0.987084 1 1
0.916228 0.0268486 6
0.896024 0.00211074 9
0.908997 0.011708 7
0.901055 0.00489035 8
0.880616 6.93617e-05 13
0.886982 0.000381208 11
0.851813 3.04766e-10 27
0.977118 0.665617 2
0.926334 0.0623628 5
0.865517 3.73046e-07 19
0.854933 1.83544e-09 25
0.95993 0.559852 2
0.879499 3.0806e-05 14
0.939677 0.26402 3
0.897358 0.00966432 7
0.921849 0.114578 4
0.941787 0.269698 3
0.92725 0.238451 3
0.873627 0.000290713 11
0.91248 0.0512092 5
0.951799 0.530448 2
0.913016 0.0515378 5
0.909752 0.0496344 5
0.950361 0.526152 2
0.972707 1 1
0.927472 0.238814 3
0.923474 0.116536 4
0.944626 0.511169 2
0.953621 0.312363 3
0.866305 6.79852e-09 24
0.915511 0.00679899 8
0.945202 0.159823 4
0.924383 0.0314795 6
0.873164 1.00672e-07 21
0.928732 0.03475 6
0.960405 0.348258 3
0.950341 0.177508 4
0.876322 5.52992e-07 19
0.924409 0.0314972 6
0.952625 0.307914 3
0.96821 0.601524 2
0.892173 9.66702e-05 13
0.963151 0.366039 3
0.929282 0.241876 3
0.875705 0.00149678 9
0.903884 0.0989158 4
0.927748 0.239269 3
0.910407 0.103581 4
0.856984 4.17857e-05 13
0.901523 0.0456896 5
0.940926 0.503047 2
0.911173 0.104193 4
0.887853 0.0186529 6
0.928476 0.240489 3
0.995342 1 1
0.927668 0.239136 3
0.901191 0.0455516 5
0.936587 0.494778 2
0.934696 0.134049 4
0.933995 0.132705 4
0.939806 0.264354 3
0.943581 0.274916 3
0.94062 0.2665 3
0.893865 0.00202117 9
0.914838 0.026211 6
0.943267 0.273978 3
0.899897 0.00478406 8
0.947051 0.286151 3
0.975857 0.655026 2
0.934835 0.134318 4
0.909423 0.0240471 6
0.960415 0.561922 2
0.934023 0.13276 4
0.915903 0.0266964 6
0.931063 0.127496 4
0.954175 0.314924 3
0.924693 0.0606889 5
0.945479 0.280864 3
0.978014 0.673496 2
0.930415 0.126425 4
0.909825 0.0118936 7
0.892931 0.000933305 10
0.926502 0.0625414 5
0.926591 0.0626359 5
0.859715 1.1578e-08 23
0.887629 0.000386932 11
0.933024 0.130911 4
0.907057 0.0112977 7
0.921776 0.0298128 6
0.887336 8.33729e-05 13
0.904379 0.00254838 9
0.923382 0.0308164 6
0.909327 0.00582597 8
0.857116 1.69984e-10 28
0.894823 0.00046298 11
0.933722 0.0715765 5
0.897903 0.00105004 10
0.90012 0.00111132 10
0.934348 0.0725068 5
0.978964 0.682184 2
0.913155 0.0127119 7
0.911776 0.0123584 7
0.927266 0.0633668 5
0.916077 0.108491 4
0.977995 1 1
0.947477 0.518215 2
0.927787 0.239333 3
0.940684 0.502553 2
0.920928 0.11352 4
0.910858 0.10394 4
0.918044 0.110426 4
0.881983 0.003616 8
0.983643 1 1
0.957601 0.550439 2
0.889334 0.00868834 7
0.885145 0.00377338 8
0.989359 1 1
0.910505 0.103659 4
0.91515 0.107623 4
0.959312 0.557267 2
0.93402 0.250906 3
0.925797 0.236148 3
0.930796 0.244593 3
0.897025 0.02049 6
0.901614 0.0457277 5
0.921073 0.229394 3
0.880027 0.0035259 8
0.973366 1 1
0.961986 0.568924 2
0.908485 0.10211 4
0.887052 0.00845412 7
0.979219 1 1
0.912286 0.105108 4
0.915258 0.0263997 6
0.971031 0.619299 2
0.952528 0.307487 3
0.926772 0.120902 4
0.943836 0.275689 3
0.937029 0.13881 4
0.916019 0.0267505 6
0.914626 0.026117 6
0.883366 0.000161802 12
0.967878 0.599565 2
0.948708 0.2921 3
0.87794 2.95119e-05 14
0.883952 0.000164126 12
0.971398 0.62177 2
0.908309 0.0115586 7
0.913428 0.0256007 6
0.949663 0.295722 3
0.927706 0.122242 4
0.923341 0.0593947 5
0.925618 0.11931 4
0.888548 0.000849363 10
0.897441 0.00457455 8
0.920594 0.0569793 5
0.87868 6.60511e-05 13
0.963551 0.576357 2
0.959094 0.556372 2
0.915049 0.0263053 6
0.886985 0.00038124 11
0.968788 0.604997 2
0.911622 0.024869 6
0.928233 0.0644532 5
0.897503 0.00217697 9
0.950548 0.299207 3
0.931978 0.129055 4
0.947659 0.288285 3
0.976474 0.660136 2
0.95353 0.311948 3
0.918103 0.0277713 6
0.917665 0.027549 6
0.896339 0.00101045 10
0.915408 0.0264678 6
0.860646 1.20137e-08 23
0.907329 0.00556745 8
0.90734 0.00556883 8
0.919322 0.0284125 6
0.97324 1 1
0.877913 0.00031499 11
0.944618 0.278111 3
0.96378 0.577485 2
0.953165 0.534756 2
0.916468 0.053819 5
0.978594 1 1
0.962023 0.569096 2
0.980518 1 1
0.883769 0.000773286 10
0.927544 0.122006 4
0.905689 0.0228026 6
0.970573 0.616269 2
0.899903 0.0100357 7
0.970041 0.612827 2
0.978108 0.674343 2
0.915889 0.0134808 7
0.976379 0.659347 2
0.990562 1 1
0.984985 0.746186 2
0.927218 0.063315 5
0.964833 0.582806 2
0.976087 0.656919 2
0.941709 0.149922 4
0.923203 0.0307005 6
0.969103 0.606927 2
0.919879 0.028717 6
0.94468 0.158245 4
0.940318 0.146382 4
0.970712 0.617186 2
0.896805 0.0204398 6
0.975536 1 1
0.921944 0.114689 4
0.907844 0.0486199 5
0.916644 0.109036 4
0.894488 0.00928442 7
0.887268 0.00388829 8
0.901274 0.0215376 6
0.862465 2.0346e-05 14
0.985924 1 1
0.942187 0.505694 2
0.887028 0.00387489 8
0.867979 0.000116737 12
0.972709 1 1
0.892966 0.00909776 7
0.877121 2.88673e-05 14
0.976061 0.656706 2
0.906642 0.011214 7
0.888242 0.000844054 10
0.89991 0.00478524 8
0.889959 0.000874737 10
0.871472 5.03312e-06 16
0.880183 6.85969e-05 13
0.844056 7.40382e-12 0
0.970674 0.616936 2
0.919899 0.0564098 5
0.863337 3.4721e-07 19
0.847986 1.11559e-10 28
0.952815 0.308749 3
0.872451 1.15068e-05 15
26 0 2 3 4 6 7 8 9 10 11 12 13 14 15 17 18 19 20 21 22 23 24 25 27 28 29 
8 7 9 12 14 22 24 28 29 
19 0 2 4 7 8 9 12 14 15 17 18 20 21 22 23 24 27 28 29 
22 0 2 4 7 8 9 10 12 13 14 15 17 18 19 20 21 22 23 24 27 28 29 
21 0 2 3 4 7 8 9 10 12 13 14 15 18 19 20 21 22 23 24 28 29 
15 0 7 9 10 12 13 14 18 19 21 22 23 24 28 29 
27 0 1 2 3 4 6 7 8 9 10 11 12 13 14 15 16 17 18 19 20 21 22 23 24 27 28 29 
25 0 2 3 4 6 7 8 9 10 12 13 14 15 17 18 19 20 21 22 23 24 25 27 28 29 
29 0 1 2 3 4 5 6 7 8 9 10 11 12 13 14 15 16 17 18 19 20 21 22 23 24 25 26 27 28 
8 7 9 12 14 22 24 28 29 
12 0 7 9 12 14 18 21 22 23 24 28 29 
26 0 2 4 5 6 7 8 9 10 11 12 13 14 15 17 18 19 20 21 22 23 24 25 27 28 29 
28 0 1 2 3 4 5 6 7 8 9 10 11 12 13 14 15 18 19 20 21 22 23 24 25 26 27 28 29 
9 7 9 12 14 20 22 24 28 29 
26 0 2 3 4 6 7 8 9 10 11 12 13 14 15 17 18 19 20 21 22 23 24 25 27 28 29 
