30 15 1e+07
1.97834 117801
2.32402 190107
1.17533 168106
2.05713 116893
2.53639 164213
1.55767 124288
2.34424 164180
1.41417 173314
1.65456 150000
1.46422 157797
1.55648 146214
1.27832 141427
1.26443 131782
1.94789 145658
1.65066 191540
1.62482 166336
1.22839 101873
1.02659 138083
2.08451 186599
1.10918 145957
1.68824 141591
2.67261 189411
1.31698 104191
1.20628 177749
1.4553 194929
1.4305 151982
1.91537 128820
1.26491 100800
2.47992 114529
1.81492 159976
0.963057 0.573956 2
0.905981 0.0110839 7
0.964476 0.580975 2
0.953669 0.536404 2
0.95435 0.538681 2
0.951282 0.302199 3
0.968916 0.605778 2
0.908632 0.0237683 6
0.958018 0.552063 2
0.894674 0.00205382 9
0.913199 0.0255047 6
0.929399 0.124804 4
0.890733 0.000889284 10
0.913638 0.0256895 6
0.933863 0.132457 4
0.954433 0.538963 2
0.868817 0.000267313 11
0.893366 0.0196967 6
0.959642 0.558638 2
0.96052 0.562379 2
0.922612 0.23148 3
0.900029 0.0450792 5
0.899384 0.0448238 5
0.884351 0.00819654 7
0.84367 8.38866e-08 20
0.984309 1 1
0.925904 0.236314 3
0.870621 0.000620012 10
0.89064 0.0191601 6
0.884905 0.00824775 7
0.888214 0.00857138 7
0.9467 0.516221 2
0.8942 0.00924833 7
0.872806 0.000286456 11
0.87526 0.000666767 10
0.926783 0.237698 3
0.898061 0.020732 6
0.970133 1 1
0.886316 0.00383576 8
0.912762 0.10551 4
0.862414 2.03235e-05 14
0.94214 0.505594 2
0.975545 1 1
0.962832 0.572883 2
0.927569 0.238973 3
0.961127 0.565039 2
0.867273 4.47003e-06 16
0.898699 0.00467932 8
0.971198 0.620423 2
0.971342 0.621394 2
0.922452 0.0585828 5
0.905062 0.0109087 7
0.894137 0.00203204 9
0.890282 0.00188875 9
0.844326 4.08357e-11 29
0.984621 1 1
0.921361 0.0576261 5
0.866287 1.93333e-06 17
0.887325 0.000828526 10
0.885805 0.000371194 11
0.947199 0.517497 2
0.900244 0.0212695 6
0.904314 0.0223867 6
0.937778 0.259296 3
0.940181 0.265334 3
0.946663 0.516128 2
0.911357 0.0505419 5
0.938021 0.259881 3
0.893967 0.00921946 7
0.869948 5.39907e-05 13
0.94076 0.266877 3
0.961849 0.568297 2
0.907558 0.0484735 5
0.925666 0.119375 4
0.909722 0.0496178 5
0.908687 0.00284959 9
0.969214 0.607615 2
0.922524 0.0158115 7
0.892111 4.58109e-05 14
0.894524 0.000104434 13
0.951776 0.183227 4
0.926263 0.0328123 6
0.983385 0.727545 2
0.914489 0.00661748 8
0.932572 0.069936 5
0.874516 1.06753e-07 21
0.959038 0.340163 3
0.979498 0.68722 2
0.993365 1 1
0.956631 0.327018 3
0.919516 0.111965 4
0.943857 0.50939 2
0.979976 1 1
0.90536 0.0473951 5
0.906759 0.0480722 5
0.946597 0.51596 2
0.975488 1 1
0.921186 0.113813 4
0.979592 1 1
0.944543 0.510973 2
0.870681 0.000275957 11
0.925291 0.235373 3
0.918377 0.110767 4
0.935451 0.25396 3
0.971422 1 1
0.932798 0.0702524 5
0.909607 0.00586416 8
0.900961 0.00113633 10
0.921243 0.0294955 6
0.923728 0.0310422 6
0.945899 0.161989 4
0.907677 0.00561079 8
0.951702 0.30395 3
0.890622 0.000195314 12
0.876964 2.71548e-06 17
0.922343 0.030159 6
0.968033 0.600481 2
0.921361 0.029565 6
0.936488 0.137664 4
0.913775 0.0128779 7
0.893967 0.00431079 8
0.907348 0.0233336 6
0.875481 0.000135473 12
0.881912 0.000747265 10
0.884326 0.00078146 10
0.917734 0.0547344 5
0.88113 0.000736818 10
0.949428 0.52349 2
0.866003 9.73896e-06 15
0.873068 5.78351e-05 13
0.884881 0.000789759 10
0.941374 0.268549 3
0.93041 0.243886 3
0.931903 0.246678 3
0.898965 0.00989472 7
0.968889 0.605613 2
0.882955 3.38115e-06 17
0.908224 0.00281416 9
0.96865 0.604162 2
0.970466 0.615574 2
0.93821 0.0788754 5
0.915082 0.00672175 8
0.911907 0.0061972 8
0.898855 0.000518299 11
0.857996 1.51632e-11 0
0.969935 0.612143 2
0.939513 0.081295 5
0.88327 3.42254e-06 17
0.904327 0.00124727 10
0.899997 0.000536094 11
0.891251 9.38784e-05 13
0.934349 0.0725084 5
0.888991 4.11532e-05 14
0.876611 5.594e-07 19
0.879094 1.34535e-06 18
0.926048 0.0326537 6
0.893573 0.000101177 13
0.968719 0.604582 2
0.880403 3.07088e-06 17
0.899843 0.000533633 11
0.870108 3.9922e-08 22
0.945394 0.160415 4
0.961079 0.352428 3
0.955142 0.319533 3
0.919305 0.0145887 7
0.974798 0.646556 2
0.877277 6.38169e-05 13
0.911547 0.0248398 6
0.983594 1 1
0.984459 1 1
0.933444 0.131678 4
0.917947 0.0548928 5
0.901576 0.0102999 7
0.903064 0.0105495 7
0.855262 9.76235e-09 23
0.970686 0.617014 2
0.929265 0.124594 4
0.874366 2.68612e-05 14
0.896272 0.00448179 8
0.897225 0.00455713 8
0.934277 0.251443 3
0.959207 0.556836 2
0.959128 0.556509 2
0.917203 0.109583 4
0.91936 0.111798 4
0.977267 1 1
0.963567 0.576436 2
0.956466 0.546161 2
0.949798 0.524535 2
0.93569 0.254486 3
0.88972 0.00403151 8
0.960943 0.564224 2
0.944434 0.277533 3
0.967607 0.597987 2
0.980948 1 1
0.901078 0.0455047 5
0.946841 0.516578 2
0.960683 0.563088 2
0.887011 0.00845001 7
0.888408 0.0187508 6
0.931087 0.245132 3
0.955713 0.543426 2
0.914107 0.106679 4
0.963859 1 1
0.959799 0.559298 2
0.853441 7.31482e-06 15
0.912547 0.105328 4
0.918428 0.22604 3
0.930413 0.243892 3
0.96546 1 1
0.96082 0.563684 2
0.911494 0.0248193 6
0.969895 0.611888 2
0.94971 0.295904 3
0.950635 0.299558 3
0.955373 0.542221 2
0.97477 0.646335 2
0.912867 0.0253675 6
0.962599 0.571778 2
0.900188 0.00481028 8
0.910099 0.0242922 6
0.932624 0.130191 4
0.895693 0.00443742 8
0.918564 0.0553591 5
0.939644 0.263936 3
0.914897 0.0527438 5
0.97021 0.613914 2
0.929889 0.125576 4
0.898102 0.00976933 7
0.900497 0.0101277 7
0.958833 0.555308 2
0.933774 0.250398 3
0.981359 1 1
0.921608 0.114297 4
0.93439 0.25168 3
0.878779 0.000145484 12
0.963057 0.573956 2
0.972582 0.630005 2
0.998191 1 1
0.963184 0.574568 2
0.883383 0.000352048 11
0.899431 0.00474267 8
0.865107 1.86835e-06 17
0.871808 2.51967e-05 14
0.874172 2.67291e-05 14
0.906607 0.0230925 6
0.870607 1.09524e-05 15
0.93953 0.263642 3
0.855819 5.23165e-08 21
0.865694 1.90027e-06 17
0.8766 6.27856e-05 13
0.929897 0.12559 4
0.923976 0.117165 4
0.922652 0.115531 4
0.8893 0.000862698 10
0.933591 0.131951 4
0.954278 0.315404 3
0.971491 0.622403 2
0.917254 0.0273444 6
0.919153 0.0283216 6
0.969991 0.612501 2
0.974807 0.646622 2
0.94365 0.155234 4
0.962615 0.571855 2
0.938568 0.14222 4
0.886219 8.0727e-05 13
0.949479 0.295014 3
0.934633 0.133925 4
0.955919 0.32338 3
0.983504 0.728888 2
0.929898 0.125591 4
0.928498 0.123419 4
0.993816 1 1
0.917359 0.0544586 5
0.918443 0.0552669 5
0.946613 0.284643 3
0.986096 1 1
0.91315 0.0516207 5
0.994512 1 1
0.927093 0.121357 4
0.880139 0.000329146 11
0.923041 0.116003 4
0.905503 0.0227452 6
0.924936 0.118403 4
0.957608 0.550466 2
0.901438 0.0102775 7
0.968388 0.602588 2
0.915732 0.0533066 5
0.885054 0.00079239 10
0.887463 0.00179669 9
0.943963 0.276079 3
0.919183 0.111609 4
0.979698 1 1
0.90808 0.0235789 6
0.932014 0.246891 3
0.86857 2.33201e-05 14
0.952527 0.532716 2
0.986975 1 1
0.985495 1 1
0.950839 0.527555 2
0.983824 0.732534 2
0.887892 3.96877e-05 14
0.934983 0.0734774 5
0.984923 0.745435 2
0.985048 0.746942 2
0.94235 0.151626 4
0.940602 0.147086 4
0.902352 0.00117994 10
0.927645 0.0637869 5
0.870955 9.17185e-08 21
0.942373 0.151688 4
0.92838 0.064622 5
0.878826 2.89976e-06 17
0.901936 0.00116661 10
0.912296 0.00625719 8
0.899023 0.00108019 10
0.902595 0.00244061 9
0.875852 1.19033e-06 18
0.887765 8.44261e-05 13
0.890146 9.07011e-05 13
0.919083 0.0282842 6
0.881801 1.51572e-05 15
0.945917 0.162046 4
0.86614 1.50921e-08 23
0.868433 8.27915e-08 21
0.892965 0.000208804 12
0.943034 0.153499 4
0.923792 0.0310846 6
0.928111 0.0643131 5
0.896815 0.000488948 11
0.967921 1 1
0.877278 0.00340752 8
0.905628 0.100077 4
0.972133 1 1
0.973407 1 1
0.932734 0.488381 2
0.912299 0.105119 4
0.905082 0.0997073 4
0.896638 0.0437899 5
0.85327 1.68717e-05 14
0.975827 1 1
0.932608 0.488185 2
0.876828 0.00338898 8
0.897984 0.0442865 5
0.895154 0.0432637 5
0.940336 0.265742 3
0.94478 0.278621 3
0.978892 1 1
0.924451 0.117772 4
0.926219 0.12013 4
0.970575 0.616282 2
0.983766 1 1
0.937268 0.258085 3
0.96855 0.603557 2
0.931068 0.245098 3
0.891429 0.00413879 8
0.947318 0.517804 2
0.925895 0.119686 4
0.947833 0.51915 2
0.974099 1 1
0.955093 0.541239 2
0.931599 0.246096 3
0.975114 1 1
0.939332 0.499865 2
0.941066 0.503335 2
0.974022 1 1
0.982749 1 1
0.932595 0.248024 3
0.964019 1 1
0.916207 0.108614 4
0.904714 0.0470932 5
0.949352 0.523276 2
0.91619 0.108598 4
0.939483 0.500158 2
0.959238 0.556961 2
0.937176 0.257869 3
0.871942 1.13493e-05 15
0.882951 0.000348834 11
0.936249 0.255736 3
0.937799 0.259346 3
0.920068 0.0565462 5
0.88985 0.000872726 10
0.908705 0.0237937 6
0.873221 2.60942e-05 14
0.843216 1.66337e-11 30
0.960312 0.56148 2
0.931665 0.128515 4
0.879238 0.000146983 12
0.896421 0.00449341 8
0.882776 0.000347545 11
0.962289 0.570327 2
0.916968 0.109351 4
0.971298 1 1
0.949136 0.522675 2
0.950398 0.52626 2
0.962118 0.56953 2
0.977485 1 1
0.919344 0.111781 4
0.962398 0.570832 2
0.90395 0.046744 5
0.910855 0.0502524 5
0.939007 0.262313 3
0.901773 0.0216707 6
0.92491 0.234797 3
0.944811 0.511602 2
0.970228 0.61403 2
0.923728 0.0310422 6
0.94913 0.293683 3
0.952302 0.306509 3
0.954751 0.317649 3
0.982755 0.72055 2
0.956567 0.326688 3
0.941529 0.149451 4
0.938373 0.141776 4
0.900378 0.00111888 10
0.924731 0.0317179 6
0.966896 0.593928 2
0.917088 0.0138496 7
0.941103 0.148351 4
0.944601 0.158008 4
0.892634 0.000927104 10
0.992856 1 1
0.923873 0.0598953 5
0.876147 1.27635e-05 15
0.878333 2.98298e-05 14
0.935987 0.136625 4
0.925064 0.0610573 5
0.954732 0.317555 3
0.918737 0.0281008 6
0.958804 0.555191 2
0.853864 3.33681e-10 27
0.934502 0.133674 4
0.975127 0.649149 2
0.97122 0.620566 2
0.96245 0.571077 2
0.948284 0.29054 3
0.942766 0.152757 4
0.945549 0.160894 4
0.930883 0.0676751 5
0.933361 0.0710525 5
0.991595 1 1
0.952077 0.305542 3
0.962764 0.363398 3
0.934913 0.0733694 5
0.914676 0.0131279 7
0.90839 0.00570184 8
0.981883 0.711167 2
0.93858 0.142247 4
0.963044 0.365302 3
0.957821 0.333346 3
22 1 2 3 4 5 7 8 9 10 11 12 15 16 17 19 21 22 23 25 27 28 29 
19 1 2 3 4 5 7 8 9 10 11 15 16 19 21 22 25 27 28 29 
27 0 1 2 3 4 5 7 8 9 10 11 12 14 15 16 17 19 20 21 22 23 24 25 26 27 28 29 
17 1 2 3 4 5 7 8 9 10 11 15 16 19 21 22 25 29 
23 1 2 3 4 5 7 8 9 10 11 12 15 16 17 19 21 22 23 24 25 27 28 29 
18 1 2 3 4 5 7 8 9 10 11 15 16 19 21 22 25 27 29 
25 1 2 3 4 5 6 7 8 9 10 11 12 13 15 16 17 19 21 22 23 24 25 27 28 29 
12 1 2 3 4 7 8 9 10 16 21 22 25 
25 1 2 4 5 6 7 8 9 10 12 13 15 16 17 18 19 21 22 23 24 25 26 27 28 29 
26 0 1 2 3 4 5 7 8 10 11 12 14 15 16 17 19 20 21 22 23 24 25 26 27 28 29 
11 1 2 4 5 7 8 10 16 19 21 25 
10 2 4 5 7 8 10 16 19 21 25 
8 2 4 7 8 10 16 21 25 
15 1 2 3 4 5 7 8 9 10 11 16 19 21 22 25 
21 1 2 3 4 5 7 8 9 10 11 12 15 16 19 20 21 22 25 27 28 29 
