50 15 1e+07
2.69396 135255
1.05723 108335
2.0385 123984
2.56367 124658
1.94986 170305
2.40762 125277
2.5102 125984
1.42746 112325
1.01221 175063
1.37226 132924
2.39978 168463
1.72148 192951
1.93213 149946
1.14628 126879
1.84879 120610
2.30938 170210
2.79372 165497
2.20184 105496
1.51729 117024
1.41992 158161
1.18514 197949
2.1617 129704
2.58243 135566
2.39655 112030
1.15078 114800
2.11691 131463
1.89184 189293
1.17541 195087
1.85897 118956
1.15429 163722
1.54458 169009
1.19148 120087
2.07724 163632
2.93485 160778
2.46326 113822
1.21054 136118
2.14024 105314
1.75588 151004
1.51397 196026
2.60638 169076
1.10656 111540
1.28991 101141
2.23649 152387
1.03771 141182
1.77295 112791
2.83594 189590
1.792 199402
2.0963 119469
1.93791 102622
1.57499 181981
0.963835 0.577757 2
0.867791 4.0306e-07 19
0.899026 0.00224967 9
0.905716 0.00537528 8
0.855763 8.30892e-10 26
0.897726 0.0021873 9
0.861272 1.23192e-08 23
0.899119 0.00225429 9
0.897859 0.00219353 9
0.865717 1.67157e-07 20
0.968446 0.602935 2
0.914503 0.0260629 6
0.881123 3.22553e-05 14
0.90166 0.0023876 9
0.933208 0.131245 4
0.939338 0.144013 4
0.92592 0.0619295 5
0.921734 0.0297877 6
0.932852 0.0703282 5
0.929677 0.0661624 5
0.965465 0.586115 2
0.930729 0.0674777 5
0.969636 0.610247 2
0.956601 0.326859 3
0.936443 0.137571 4
0.948693 0.292045 3
0.961648 0.356047 3
0.92636 0.0623907 5
0.96703 0.594685 2
0.962289 0.360229 3
0.872089 2.53707e-05 14
0.846781 2.46141e-10 27
0.836543 5.24282e-12 0
0.846635 2.44662e-10 27
0.873261 2.61208e-05 14
0.880208 0.000150242 12
0.861971 7.53604e-07 18
0.884698 0.000362212 11
0.869748 1.07083e-05 15
0.867316 4.4753e-06 16
0.89146 0.00193023 9
0.872455 2.56013e-05 14
0.841793 1.56014e-11 30
0.934445 0.251796 3
0.877145 6.36144e-05 13
0.871673 2.51132e-05 14
0.947808 0.288818 3
0.897387 0.00966836 7
0.903541 0.0221622 6
0.988281 1 1
0.941099 0.267796 3
0.975551 1 1
0.9408 0.266983 3
0.93538 0.253804 3
0.974221 0.642094 2
0.873888 5.89232e-05 13
0.918695 0.0554601 5
0.925034 0.118532 4
0.916512 0.0538499 5
0.902364 0.0104302 7
0.91652 0.108915 4
0.956377 0.545834 2
0.929335 0.241969 3
0.938885 0.262008 3
0.960766 0.563448 2
0.987128 1 1
0.965614 0.586906 2
0.989015 1 1
0.975251 1 1
0.971432 1 1
0.918949 0.111363 4
0.962824 0.572844 2
0.947495 0.518264 2
0.947207 0.517515 2
0.948127 0.519931 2
0.904649 0.047063 5
0.944467 0.510796 2
0.912503 0.105291 4
0.921889 0.114625 4
0.96893 1 1
0.969475 1 1
0.963112 0.574224 2
0.972497 1 1
0.957588 0.55039 2
0.969239 1 1
0.910245 0.0499075 5
0.946377 0.515407 2
0.931687 0.246263 3
0.954603 0.539544 2
0.934091 0.251054 3
0.929234 0.241792 3
0.895561 0.0201619 6
0.89374 0.0197739 6
0.904454 0.0469735 5
0.907592 0.101456 4
0.933679 0.250203 3
0.903738 0.0466485 5
0.938039 0.497408 2
0.924631 0.234381 3
0.90955 0.102915 4
0.947419 0.518066 2
0.931141 0.245233 3
0.895506 0.0201498 6
0.974663 1 1
0.937882 0.497118 2
0.936331 0.255922 3
0.948059 0.519749 2
0.9403 0.501776 2
0.951248 0.528776 2
0.940447 0.502072 2
0.987467 1 1
0.94766 0.518694 2
0.989374 1 1
0.980339 1 1
0.952683 0.533209 2
0.937715 0.49681 2
0.980058 1 1
0.949136 0.522676 2
0.947753 0.518939 2
0.968405 1 1
0.853983 3.35458e-10 27
0.919578 0.0285517 6
0.872031 2.30418e-06 17
0.878805 3.02185e-05 14
0.96638 0.591062 2
0.919604 0.028566 6
0.947018 0.286036 3
0.92066 0.0570338 5
0.911619 0.0123196 7
0.947191 0.286637 3
0.859325 1.1402e-08 23
0.89678 0.0021441 9
0.897938 0.00219723 9
0.912902 0.025382 6
0.882686 7.32265e-05 13
0.889431 4.17633e-05 14
0.960816 0.35079 3
0.913835 0.00650608 8
0.920858 0.0151547 7
0.987379 0.776562 2
0.96036 0.347983 3
0.988457 0.791284 2
0.959817 0.344722 3
0.954337 0.315682 3
0.992107 1 1
0.891016 4.40859e-05 14
0.937514 0.077642 5
0.940215 0.146127 4
0.928047 0.0341897 6
0.92084 0.0151479 7
0.953786 0.53679 2
0.864895 0.000110303 12
0.88992 0.00875119 7
0.897764 0.0206618 6
0.85846 1.87087e-05 14
0.897715 0.0206502 6
0.861663 4.56212e-05 13
0.899862 0.0450124 5
0.895769 0.0202075 6
0.86651 0.000113595 12
0.96814 1 1
0.911214 0.104226 4
0.875621 0.00149501 9
0.911155 0.104178 4
0.929107 0.241571 3
0.970828 0.617951 2
0.872598 4.79102e-07 19
0.908545 0.00572201 8
0.914177 0.0129883 7
0.856087 1.61719e-10 28
0.899706 0.00109939 10
0.863446 1.3465e-08 23
0.900445 0.00112088 10
0.901563 0.00238225 9
0.867517 7.98485e-08 21
0.965143 0.584419 2
0.918791 0.0281293 6
0.887917 8.48056e-05 13
0.895796 0.000475348 11
0.937422 0.13966 4
0.900096 0.00111062 10
0.877906 1.28529e-06 18
0.867966 1.63492e-08 23
0.878445 1.31203e-06 18
0.901002 0.00113757 10
0.913294 0.00641653 8
0.891728 9.5306e-05 13
0.917935 0.0141231 7
0.902616 0.00118858 10
0.897414 0.000497257 11
0.918618 0.0143513 7
0.905396 0.002614 9
0.873599 2.25783e-07 20
0.969093 0.606866 2
0.909266 0.00581764 8
0.866271 4.99858e-05 13
0.923568 0.232829 3
0.879468 0.00158062 9
0.887159 0.00388221 8
0.97258 1 1
0.930673 0.244368 3
0.951335 0.529035 2
0.93242 0.24768 3
0.921289 0.11393 4
0.953376 0.535441 2
0.872709 0.000285962 11
0.907581 0.0484852 5
0.903633 0.0466014 5
0.928424 0.240399 3
0.894531 0.0199396 6
0.982287 1 1
0.899857 0.0100286 7
0.941444 0.268744 3
0.946323 0.28366 3
0.875555 0.000135684 12
0.921483 0.114153 4
0.886351 0.00176292 9
0.920859 0.113441 4
0.926606 0.120667 4
0.889708 0.00186919 9
0.960092 0.560539 2
0.944106 0.276516 3
0.917974 0.0549128 5
0.9003 0.0100969 7
0.960437 0.562016 2
0.987115 1 1
0.887247 8.31569e-05 13
0.921316 0.0295383 6
0.927983 0.0641681 5
0.870562 2.00195e-07 20
0.915082 0.0132438 7
0.878227 2.83853e-06 17
0.915765 0.0134438 7
0.916952 0.0138067 7
0.882353 1.54285e-05 15
0.977262 0.66687 2
0.934435 0.0726386 5
0.902147 0.00241495 9
0.907848 0.00563242 8
0.953438 0.311534 3
0.958784 0.55511 2
0.912287 0.105109 4
0.922489 0.115335 4
0.93321 0.249249 3
0.908817 0.0491286 5
0.949463 0.523588 2
0.912026 0.0509363 5
0.952272 0.531913 2
0.944916 0.511851 2
0.917292 0.10967 4
0.97118 1 1
0.957481 0.549977 2
0.918438 0.11083 4
0.952656 0.533123 2
0.969496 1 1
0.919435 0.111878 4
0.884134 0.0037214 8
0.881467 0.00162932 9
0.892017 0.00898607 7
0.899325 0.0210385 6
0.92154 0.114219 4
0.893758 0.00919363 7
0.925962 0.236404 3
0.912212 0.105046 4
0.899539 0.0210916 6
0.93888 0.261996 3
0.918284 0.110672 4
0.883325 0.00167754 9
0.969478 1 1
0.925296 0.23538 3
0.970113 0.613287 2
0.915709 0.0532912 5
0.933359 0.24955 3
0.94375 0.275427 3
0.905163 0.0226413 6
0.949785 0.524498 2
0.911244 0.0504763 5
0.95138 0.529172 2
0.948462 0.52083 2
0.916019 0.108436 4
0.975058 1 1
0.964252 0.579843 2
0.925291 0.118873 4
0.940256 0.265532 3
0.980853 1 1
0.885161 0.000365919 11
0.854023 9.32568e-09 23
0.846952 2.4789e-10 27
0.857132 5.46812e-08 21
0.877136 6.35996e-05 13
0.888841 0.00085451 10
0.86746 4.49302e-06 16
0.893324 0.00199995 9
0.878779 0.000145483 12
0.872972 2.59323e-05 14
0.904994 0.0108959 7
0.882845 0.000348048 11
0.850575 1.54098e-09 25
0.942651 0.272165 3
0.888803 0.000853836 10
0.985344 1 1
0.888612 0.00183302 9
0.927057 0.121306 4
0.932526 0.130017 4
0.868263 1.03063e-05 15
0.913464 0.0518172 5
0.877365 0.000141034 12
0.913562 0.0518791 5
0.91686 0.0540971 5
0.881124 0.000335797 11
0.96736 0.596567 2
0.934482 0.251873 3
0.905246 0.0226664 6
0.900542 0.0101347 7
0.952641 0.533075 2
0.953648 0.536333 2
0.859988 4.4186e-05 13
0.889287 0.018909 6
0.896182 0.0436258 5
0.85037 2.95046e-06 16
0.890902 0.01921 6
0.854798 1.73833e-05 14
0.892615 0.0195446 6
0.8902 0.0190775 6
0.859392 4.36928e-05 13
0.961921 1 1
0.906343 0.10057 4
0.872391 0.00143019 9
0.899818 0.0449951 5
0.924732 0.234531 3
0.936639 0.256625 3
0.943725 0.275353 3
0.994852 1 1
0.992776 1 1
0.904224 0.0107546 7
0.94428 0.277053 3
0.921207 0.0574947 5
0.940534 0.26627 3
0.956137 0.544958 2
0.922331 0.115147 4
0.921707 0.114413 4
0.96278 0.572634 2
0.967305 0.59625 2
0.896279 0.0044824 8
0.956254 0.545383 2
0.904458 0.00523461 8
0.955602 0.321794 3
0.919767 0.0286555 6
0.928527 0.0647926 5
0.973417 0.636059 2
0.974663 0.645504 2
0.973515 0.636782 2
0.975888 0.655281 2
0.964618 0.581703 2
0.979813 0.690251 2
0.907618 0.00560344 8
0.950425 0.298714 3
0.94135 0.148987 4
0.944404 0.277438 3
0.935535 0.135708 4
0.92609 0.0326846 6
0.923656 0.0309947 6
0.911447 0.0061277 8
0.922319 0.0301437 6
0.936631 0.137965 4
0.961808 0.357081 3
0.933687 0.0715251 5
0.966668 0.592656 2
0.950541 0.299178 3
0.939692 0.144857 4
0.936885 0.138504 4
0.95106 0.301285 3
0.919994 0.0287809 6
0.978552 0.678374 2
0.948819 0.292514 3
0.948509 0.291364 3
0.884697 0.000362198 11
0.896757 0.00451976 8
0.90667 0.0112197 7
0.886494 0.000814924 10
0.92155 0.0577892 5
0.88669 0.000818091 10
0.924825 0.118257 4
0.916158 0.0536016 5
0.892106 0.0019538 9
0.970251 0.614175 2
0.928372 0.123229 4
0.890448 0.00189446 9
0.945608 0.281285 3
0.942339 0.271264 3
0.923156 0.116143 4
0.868278 1.03102e-05 15
0.874092 5.92e-05 13
0.884088 0.000357427 11
0.878162 0.000143512 12
0.905342 0.0226957 6
0.874574 5.98614e-05 13
0.909257 0.0239879 6
0.897929 0.00461458 8
0.880174 0.000150127 12
0.94447 0.277645 3
0.907404 0.0233524 6
0.870864 2.46243e-05 14
0.945358 0.280471 3
0.91881 0.0555485 5
0.947627 0.288172 3
0.947175 0.286579 3
0.972614 0.63023 2
0.984349 0.738625 2
0.916812 0.013763 7
0.962372 0.360777 3
0.931068 0.0679149 5
0.959423 0.342394 3
0.972239 0.627575 2
0.9337 0.0715442 5
0.937164 0.139101 4
0.984621 0.741833 2
0.96428 0.579982 2
0.916881 0.0137844 7
0.975815 0.65468 2
0.960441 0.348478 3
0.863471 2.66253e-09 25
0.897258 0.000495074 11
0.903194 0.00120785 10
0.849654 9.73892e-12 0
0.891996 9.61261e-05 13
0.855819 3.0665e-11 30
0.893132 0.000209824 12
0.892853 0.000208125 12
0.860089 4.45859e-10 27
0.960985 0.351843 3
0.90969 0.00587557 8
0.877766 1.27847e-06 18
0.893739 0.000213611 12
0.928314 0.0645458 5
0.903596 0.0221778 6
0.994523 1 1
0.946634 0.284714 3
0.950885 0.527691 2
0.949441 0.523527 2
0.96383 0.577731 2
0.970047 0.612864 2
0.959357 0.557452 2
0.970587 0.616363 2
0.968799 0.605064 2
0.898171 0.00977925 7
0.954057 0.537692 2
0.977201 1 1
0.909675 0.049592 5
0.934977 0.25293 3
0.876011 5.46211e-07 19
0.9082 0.00281232 9
0.874402 5.12998e-07 19
0.883655 7.47252e-06 16
0.950536 0.29916 3
0.929335 0.065748 5
0.932526 0.0698719 5
0.932881 0.070369 5
0.91757 0.0140039 7
0.936912 0.0766061 5
0.886642 3.81198e-05 14
0.908646 0.0028464 9
0.893132 0.000209824 12
0.952096 0.305622 3
0.900271 0.00111574 10
0.896371 0.00952926 7
0.938409 0.260828 3
0.903649 0.0221929 6
0.91279 0.0513986 5
0.972191 0.627241 2
0.959791 0.559264 2
0.960598 0.562715 2
0.962699 0.572249 2
0.948251 0.520262 2
0.966176 0.589941 2
0.90293 0.0219889 6
0.936843 0.257095 3
0.923769 0.116904 4
0.953657 0.536364 2
0.924992 0.118476 4
0.942423 0.151824 4
0.930093 0.0359199 6
0.927582 0.0338196 6
0.938771 0.0798987 5
0.930112 0.035937 6
0.969607 0.610065 2
0.932927 0.0704339 5
0.973326 0.63539 2
0.961751 0.35671 3
0.938466 0.0793387 5
0.949701 0.175074 4
0.967729 0.598698 2
0.931695 0.0687401 5
0.961112 0.352635 3
0.967661 0.598301 2
0.927309 0.238547 3
0.894357 0.0199028 6
0.891948 0.0194124 6
0.90265 0.046169 5
0.907223 0.101191 4
0.932356 0.247555 3
0.902966 0.0463065 5
0.936756 0.495077 2
0.923151 0.232235 3
0.908785 0.102334 4
0.945593 0.513476 2
0.929379 0.242046 3
0.893989 0.0198256 6
0.975269 1 1
0.935912 0.493598 2
0.926211 0.120119 4
0.873333 1.17885e-05 15
0.878516 6.57824e-05 13
0.888636 0.000850903 10
0.883081 0.000160697 12
0.910619 0.0244851 6
0.879651 6.76759e-05 13
0.914567 0.026091 6
0.903091 0.0105542 7
0.885278 0.000366867 11
0.947454 0.28756 3
0.912397 0.0251765 6
0.875759 2.78458e-05 14
0.950186 0.297768 3
0.923447 0.0594939 5
0.918277 0.110665 4
0.963104 0.574185 2
0.978318 1 1
0.976748 1 1
0.917747 0.110125 4
0.949064 0.522476 2
0.936908 0.257246 3
0.944414 0.510672 2
0.961594 0.567133 2
0.936658 0.256669 3
0.906457 0.0479236 5
0.95792 0.551679 2
0.988039 1 1
0.895102 0.020062 6
0.943818 0.509301 2
0.921114 0.11373 4
0.97405 1 1
0.952686 0.533219 2
0.960772 0.563473 2
0.946485 0.515679 2
0.981647 1 1
0.962446 0.571061 2
0.976663 1 1
0.991021 1 1
0.964845 0.582867 2
0.916833 0.109218 4
0.97326 1 1
0.973517 1 1
0.924609 0.117976 4
0.953748 0.536663 2
0.939331 0.263134 3
0.95548 0.542599 2
0.973596 1 1
0.984419 1 1
0.922513 0.115364 4
0.965866 0.588261 2
0.937937 0.259679 3
0.962132 0.569597 2
0.977508 1 1
0.940144 0.265238 3
0.929737 0.242677 3
0.983005 1 1
0.972526 1 1
0.915732 0.0533071 5
0.968674 0.604305 2
0.925609 0.119298 4
0.950863 0.527627 2
0.990883 1 1
0.984374 1 1
0.907612 0.0234214 6
0.94322 0.273838 3
0.92592 0.11972 4
0.938955 0.262182 3
0.955726 0.543475 2
0.926209 0.120116 4
0.911599 0.0248601 6
0.957486 0.549998 2
0.975529 0.652359 2
0.891947 0.00194795 9
0.947325 0.287106 3
0.93201 0.12911 4
0.963618 0.576686 2
0.958471 0.553855 2
0.968313 0.602138 2
0.937513 0.258665 3
0.981543 1 1
0.951754 0.304169 3
0.977201 0.666333 2
0.993965 1 1
0.954732 0.539985 2
0.926941 0.12114 4
0.984621 1 1
0.970526 0.615963 2
0.926875 0.121046 4
0.964863 0.582965 2
0.930754 0.244515 3
0.947757 0.518949 2
0.995445 1 1
0.989118 1 1
0.906218 0.0478066 5
0.944048 0.509827 2
0.923929 0.233349 3
0.939999 0.501176 2
0.956345 0.545718 2
0.924624 0.23437 3
0.916346 0.108748 4
0.960327 0.561543 2
0.972034 1 1
0.894119 0.0198528 6
0.951642 0.529967 2
0.883494 0.00168206 9
0.877055 0.000686741 10
0.859283 3.63457e-06 16
0.869551 5.35327e-05 13
0.907708 0.0485503 5
0.909041 0.0492486 5
0.894896 0.00933611 7
0.913641 0.0519292 5
0.89745 0.00967711 7
0.900272 0.0212769 6
0.900396 0.0213085 6
0.896655 0.00956773 7
0.869082 5.29998e-05 13
0.963121 0.574264 2
0.896974 0.00961118 7
0.952824 0.533657 2
0.933287 0.489251 2
0.978594 1 1
0.984545 1 1
0.899763 0.0449732 5
0.94424 0.510269 2
0.914555 0.107081 4
0.941519 0.504278 2
0.954035 0.53762 2
0.916733 0.224032 3
0.936793 0.495143 2
0.967149 1 1
0.954357 0.538706 2
0.902996 0.0463198 5
0.968351 1 1
0.902756 0.0104966 7
0.873475 1.18346e-05 15
0.866696 1.95666e-06 17
0.877131 6.35922e-05 13
0.894206 0.00203479 9
0.909487 0.02407 6
0.88592 0.000372151 11
0.914044 0.0258628 6
0.899357 0.00473619 8
0.891616 0.000906468 10
0.922135 0.0583007 5
0.903572 0.0106382 7
0.870522 4.89653e-06 16
0.963428 0.575751 2
0.909102 0.023933 6
0.944404 0.510649 2
0.948589 0.521175 2
0.952391 0.532289 2
0.963732 1 1
0.930916 0.244816 3
0.97974 1 1
0.941377 0.50398 2
0.978466 1 1
0.982436 1 1
0.945493 0.513234 2
0.941533 0.504306 2
0.993617 1 1
0.955939 0.544241 2
0.936649 0.494887 2
0.97819 1 1
0.962126 0.569567 2
0.925177 0.118721 4
0.938417 0.260847 3
0.949402 0.523417 2
0.914395 0.106937 4
0.959947 0.559923 2
0.920979 0.113578 4
0.961434 0.566415 2
0.958376 0.553473 2
0.92576 0.236091 3
0.964723 0.582243 2
0.973366 1 1
0.933622 0.250085 3
0.943525 0.508637 2
0.985624 1 1
0.890223 0.000411559 11
0.924335 0.0603396 5
0.891442 0.000424143 11
0.900843 0.00234308 9
0.962155 0.569703 2
0.947428 0.287466 3
0.947157 0.286519 3
0.950965 0.300895 3
0.935453 0.135542 4
0.95231 0.306545 3
0.899207 0.00225865 9
0.926013 0.0620266 5
0.910149 0.0119681 7
0.959144 0.556577 2
0.916475 0.0269663 6
0.897221 0.00964534 7
0.994331 1 1
0.945134 0.51237 2
0.947505 0.518289 2
0.944732 0.511417 2
0.954625 0.53962 2
0.965817 0.587998 2
0.950174 0.525612 2
0.961911 0.56858 2
0.963142 0.574368 2
0.890795 0.0040982 8
0.946444 0.515576 2
0.976746 1 1
0.901096 0.0214906 6
0.927744 0.239262 3
0.927477 0.0337368 6
0.864768 6.34223e-09 24
0.874461 5.1416e-07 19
0.884135 1.63584e-05 15
0.871645 9.43929e-08 21
0.901444 0.00115115 10
0.869288 3.85356e-08 22
0.905077 0.00259304 9
0.895002 0.00022187 12
0.874786 5.20664e-07 19
0.94881 0.171805 4
0.905875 0.00264596 9
0.868975 3.80245e-08 22
0.936867 0.0765297 5
0.918933 0.0144591 7
0.887452 1.83373e-05 15
0.977896 0.672445 2
0.923778 0.0163423 7
0.92862 0.0346574 6
0.969085 0.60682 2
0.955706 0.322312 3
0.989869 1 1
0.952975 0.309457 3
0.955692 0.322245 3
0.984345 0.738581 2
0.885376 7.959e-06 16
0.937679 0.0779293 5
0.953609 0.31231 3
0.9115 0.0030837 9
0.919178 0.0145441 7
33 0 1 2 4 5 6 7 8 10 11 12 13 15 16 17 18 19 21 23 24 25 26 28 30 31 32 33 34 41 43 45 46 48 
45 0 1 2 3 4 5 6 7 8 9 10 11 12 13 14 15 16 17 18 19 20 21 23 24 25 26 27 28 29 30 31 32 33 34 36 37 39 41 42 43 44 45 46 48 49 
49 0 1 3 4 5 6 7 8 9 10 11 12 13 14 15 16 17 18 19 20 21 22 23 24 25 26 27 28 29 30 31 32 33 34 35 36 37 38 39 40 41 42 43 44 45 46 47 48 49 
45 0 1 2 3 4 5 6 7 8 9 10 11 12 13 14 15 16 17 18 19 20 21 23 24 25 26 27 28 29 30 31 32 33 34 36 37 39 41 43 44 45 46 47 48 49 
33 0 1 2 4 5 6 7 8 10 11 12 13 15 16 17 18 19 20 21 23 24 25 26 30 31 32 33 34 41 43 45 46 48 
26 1 2 3 4 5 6 8 9 12 13 17 19 23 24 25 26 30 31 32 33 34 41 43 46 48 49 
21 2 3 5 6 8 9 12 13 17 19 23 24 26 30 31 33 34 41 43 46 48 
27 1 2 3 4 5 6 8 9 10 12 13 16 17 19 23 24 25 26 30 31 32 33 34 41 43 46 48 
37 0 1 2 3 4 5 6 7 8 9 10 11 12 13 15 16 17 18 19 20 21 23 24 25 26 28 30 31 32 33 34 41 43 44 45 46 48 
42 0 1 2 4 5 6 7 8 9 10 11 12 13 14 15 16 17 18 19 20 21 23 24 25 26 27 28 30 31 32 33 34 36 37 39 41 42 43 44 45 46 48 
31 1 2 3 4 5 6 7 8 9 10 12 13 16 17 18 19 23 24 25 26 30 31 32 33 34 41 43 45 46 48 49 
35 1 2 3 4 5 6 7 8 9 10 12 13 16 17 18 19 21 23 24 25 26 30 31 32 33 34 36 39 41 43 44 45 46 48 49 
44 0 1 2 3 4 5 6 7 8 9 10 11 12 13 15 16 17 18 19 20 21 23 24 25 26 27 28 29 30 31 32 33 34 36 37 39 41 43 44 45 46 47 48 49 
9 2 8 12 13 19 30 41 43 46 
35 0 1 2 3 4 5 6 7 8 9 10 12 13 16 17 18 19 21 23 24 25 26 30 31 32 33 34 36 41 43 44 45 46 48 49 
