70 15 1e+07
1.4187 185779
2.03962 112341
1.2722 167930
1.94057 120032
1.4052 164039
1.35275 199301
1.90338 161528
2.81284 166139
2.34087 160878
1.09582 111591
1.89008 180914
1.18406 196657
1.32083 153191
1.71095 123979
1.09594 154656
2.06818 104706
1.4543 134886
2.57718 148959
2.66642 192495
2.52581 162823
1.86095 183959
1.35427 184482
2.97012 157649
2.63532 110923
1.77773 197951
2.92248 132310
1.75472 134398
1.86083 126596
2.20274 104479
1.10706 174984
1.54786 168323
2.76607 151637
2.30557 182518
2.63343 153702
1.01844 132245
2.25062 111973
1.3196 168737
1.17123 148843
1.0907 198982
1.31196 191473
1.03914 111391
1.89886 152314
1.30713 126448
1.86453 149858
2.10292 183292
2.32094 196110
1.96469 191015
2.23278 137649
2.13414 150215
1.94218 117514
1.38585 125160
1.56162 108674
2.61673 142910
2.72248 156288
1.72647 115370
1.295 171328
1.24075 112140
1.11489 104077
2.59989 129200
2.7393 181722
1.77141 182991
1.11599 131029
1.0344 145106
1.65151 139448
1.31146 124127
2.21411 134263
1.16629 105632
2.72558 105158
2.47425 183870
1.83008 141228
0.94113 0.503467 2
0.937733 0.259189 3
0.920418 0.112948 4
0.908832 0.0491366 5
0.950811 0.527473 2
0.865346 4.90556e-05 13
0.91739 0.109767 4
0.962698 0.572244 2
0.931682 0.246255 3
0.948251 0.520262 2
0.92365 0.232946 3
0.89759 0.0206211 6
0.869378 0.000119874 12
0.887311 0.00389068 8
0.901689 0.0457591 5
0.908393 0.0236856 6
0.928514 0.123443 4
0.862053 1.71454e-06 17
0.888418 0.00182678 9
0.85678 2.83289e-07 19
0.879147 0.000322688 11
0.894544 0.00435218 8
0.922792 0.115699 4
0.857478 2.8926e-07 19
0.937967 0.259751 3
0.939741 0.264185 3
0.869864 2.40416e-05 14
0.887489 0.0017975 9
0.897848 0.00973324 7
0.876489 0.0001384 12
0.840966 6.40626e-12 0
0.91534 0.00676813 8
0.943297 0.154234 4
0.964799 0.377764 3
0.896771 0.000234373 12
0.959364 0.342054 3
0.955187 0.319753 3
0.890795 9.25453e-05 13
0.923525 0.0309092 6
0.8814 3.18692e-06 17
0.913354 0.00642626 8
0.979081 0.683281 2
0.954243 0.315242 3
0.957375 0.330938 3
0.975167 0.649462 2
0.868642 4.64246e-06 16
0.926216 0.120125 4
0.997722 1 1
0.956063 0.544687 2
0.948509 0.291365 3
0.912044 0.0250352 6
0.956134 0.544945 2
0.915146 0.0529099 5
0.978073 1 1
0.90019 0.0100799 7
0.915228 0.0529648 5
0.962511 0.571363 2
0.911141 0.024683 6
0.924988 0.118471 4
0.961048 0.564689 2
0.908526 0.00283716 9
0.971837 0.624777 2
0.952506 0.307392 3
0.957254 0.330291 3
0.943034 0.153499 4
0.911911 0.00619786 8
0.966608 0.391647 3
0.961144 0.352836 3
0.949869 0.175706 4
0.946766 0.164781 4
0.957093 0.329434 3
0.94255 0.152167 4
0.915792 0.00685064 8
0.934578 0.0728542 5
0.948041 0.169083 4
0.910473 0.00598529 8
0.950697 0.299806 3
0.883385 1.59567e-05 15
0.911017 0.00606408 8
0.874727 5.19479e-07 19
0.898778 0.000517146 11
0.917297 0.013916 7
0.938598 0.142289 4
0.877714 1.27594e-06 18
0.950703 0.299831 3
0.963368 0.36753 3
0.891974 9.60571e-05 13
0.907105 0.00273167 9
0.91925 0.0145694 7
0.898771 0.000517037 11
0.906476 0.0479331 5
0.951876 0.530685 2
0.885418 0.00378773 8
0.914354 0.1069 4
0.874894 0.000297519 11
0.903497 0.0221495 6
0.920318 0.112838 4
0.937065 0.257611 3
0.879009 0.000709888 10
0.948002 0.519598 2
0.965625 0.586968 2
0.895326 0.00939146 7
0.911906 0.050865 5
0.923775 0.116912 4
0.902132 0.0217681 6
0.891009 0.00887114 7
0.971923 1 1
0.944152 0.510066 2
0.975086 1 1
0.918253 0.11064 4
0.937876 0.497106 2
0.983115 1 1
0.94352 0.508626 2
0.932813 0.248454 3
0.935602 0.254293 3
0.96773 1 1
0.954808 0.540248 2
0.942758 0.506934 2
0.962215 0.569983 2
0.962008 0.569025 2
0.916567 0.013687 7
0.99374 1 1
0.932526 0.0698719 5
0.949507 0.174352 4
0.924014 0.0312316 6
0.913024 0.0063727 8
0.958824 0.338941 3
0.97022 0.613976 2
0.928526 0.0345794 6
0.962 0.358325 3
0.977549 0.669372 2
0.931028 0.0678625 5
0.91877 0.0144032 7
0.93739 0.077426 5
0.937612 0.0778128 5
0.933613 0.250068 3
0.972993 1 1
0.90484 0.0471517 5
0.922877 0.115803 4
0.904078 0.0468017 5
0.895043 0.00935493 7
0.93139 0.245702 3
0.972452 1 1
0.90295 0.0462998 5
0.982196 1 1
0.972924 1 1
0.904104 0.0468138 5
0.902099 0.021759 6
0.918629 0.111028 4
0.910749 0.0501919 5
0.830102 3.96269e-12 0
0.906472 0.0230492 6
0.904492 0.0108033 7
0.940321 0.265704 3
0.863282 1.77409e-06 17
0.990494 1 1
0.933112 0.13107 4
0.877632 0.000141856 12
0.886219 0.000810529 10
0.873647 2.63752e-05 14
0.912029 0.0250292 6
0.939707 0.264099 3
0.983542 1 1
0.964949 0.58341 2
0.940985 0.267486 3
0.883497 0.000769367 10
0.925845 0.119618 4
0.974587 0.644915 2
0.938065 0.259987 3
0.97454 0.644546 2
0.891378 0.00192728 9
0.941819 0.269788 3
0.924577 0.117935 4
0.993639 1 1
0.907947 0.023534 6
0.912116 0.05099 5
0.938639 0.261395 3
0.891775 0.00194165 9
0.907425 0.0233592 6
0.938933 0.262127 3
0.88725 8.3164e-05 13
0.947599 0.288073 3
0.978964 0.682184 2
0.964404 0.580612 2
0.951545 0.303293 3
0.915384 0.0133316 7
0.969421 0.608899 2
0.936337 0.13735 4
0.971277 0.620956 2
0.921395 0.0295852 6
0.935358 0.135354 4
0.959083 0.340425 3
0.916706 0.0137299 7
0.933583 0.0713736 5
0.961908 0.35773 3
0.886967 0.000822614 10
0.96289 0.573157 2
0.957744 0.550994 2
0.982473 1 1
0.92787 0.122483 4
0.935383 0.253811 3
0.99231 1 1
0.939502 0.263571 3
0.945289 0.280246 3
0.928711 0.123741 4
0.9552 0.541612 2
0.96458 0.581506 2
0.938489 0.261024 3
0.957144 0.548693 2
0.971256 0.620813 2
0.910896 0.050276 5
0.932996 0.248819 3
0.946382 0.515421 2
0.922967 0.115912 4
0.980942 1 1
0.876103 0.000676007 10
0.929928 0.243017 3
0.944459 0.510777 2
0.961389 0.56621 2
0.927325 0.238574 3
0.91776 0.110139 4
0.916624 0.109016 4
0.878437 0.000702948 10
0.89583 0.00945729 7
0.919148 0.111572 4
0.852588 5.96911e-11 29
0.926367 0.0623973 5
0.89632 0.00101 10
0.936869 0.13847 4
0.863783 3.07358e-08 22
0.962967 0.573527 2
0.934686 0.13403 4
0.896981 0.00102636 10
0.881103 3.22367e-05 14
0.89746 0.00103854 10
0.937238 0.139261 4
0.925033 0.061026 5
0.971766 0.62429 2
0.967809 0.599167 2
0.929881 0.0664118 5
0.936382 0.137442 4
0.94068 0.147282 4
0.925948 0.0325804 6
0.913782 0.0128798 7
0.955097 0.319315 3
0.869666 8.6998e-08 21
0.92228 0.0301196 6
0.963348 0.575364 2
0.937046 0.138848 4
0.947672 0.288332 3
0.92614 0.0621591 5
0.902805 0.00245286 9
0.873534 4.96266e-07 19
0.891528 0.000200345 12
0.906834 0.00550699 8
0.992304 1 1
0.922203 0.114994 4
0.875017 0.000134163 12
0.877387 0.000311805 11
0.897289 0.00965471 7
0.843863 5.11132e-10 26
0.886245 0.00175977 9
0.950312 0.526011 2
0.881851 0.000746431 10
0.957017 0.548213 2
0.916051 0.0535271 5
0.861893 1.707e-06 17
0.849965 1.86804e-08 22
0.866449 9.84697e-06 15
0.867368 2.26812e-05 14
0.865407 0.000252697 11
0.944235 0.510258 2
0.944195 0.510166 2
0.986249 1 1
0.905158 0.0997578 4
0.961719 1 1
0.979405 1 1
0.916544 0.223814 3
0.926904 0.237893 3
0.908821 0.102361 4
0.943711 0.509058 2
0.973338 1 1
0.9637 1 1
0.980131 1 1
0.979565 1 1
0.879501 1.36687e-06 18
0.926859 0.0332594 6
0.982192 0.71445 2
0.943831 0.155752 4
0.966969 0.594343 2
0.897457 0.000239537 12
0.946807 0.164914 4
0.92258 0.030306 6
0.995516 1 1
0.906323 0.0026766 9
0.913753 0.00649237 8
0.94563 0.161146 4
0.89754 0.000240169 12
0.912822 0.00634015 8
0.945579 0.160986 4
0.93627 0.13721 4
0.946847 0.165045 4
0.87976 6.52471e-06 16
0.899336 0.00108891 10
0.881358 6.8901e-06 16
0.878264 2.84225e-06 17
0.90713 0.00273343 9
0.950927 0.300739 3
0.878249 2.84075e-06 17
0.967954 0.600011 2
0.951985 0.30515 3
0.88066 6.7268e-06 16
0.885954 3.72984e-05 14
0.900183 0.00111317 10
0.887272 3.88975e-05 14
0.9334 0.131598 4
0.969841 0.611546 2
0.930278 0.126203 4
0.932773 0.130457 4
0.93846 0.141975 4
0.891744 0.000909021 10
0.942164 0.270764 3
0.985691 1 1
0.933384 0.131568 4
0.968066 0.600674 2
0.955108 0.319369 3
0.91748 0.0274567 6
0.896717 0.00214124 9
0.915156 0.0263534 6
0.923 0.0590796 5
0.943836 0.155768 4
0.952485 0.307303 3
0.886684 1.78476e-05 15
0.903504 0.00121843 10
0.890621 4.34894e-05 14
0.878556 1.31764e-06 18
0.911776 0.00617723 8
0.961086 0.352474 3
0.886269 1.75912e-05 15
0.978671 0.679463 2
0.954451 0.31622 3
0.885063 7.86696e-06 16
0.885903 1.73699e-05 15
0.901208 0.000556119 11
0.891585 9.48736e-05 13
0.948425 0.291055 3
0.944182 0.156773 4
0.916815 0.013764 7
0.910073 0.00592871 8
0.942064 0.150858 4
0.868179 8.19619e-08 21
0.918989 0.028234 6
0.972046 0.626227 2
0.92595 0.0619605 5
0.958562 0.337458 3
0.930852 0.0676356 5
0.897199 0.00103187 10
0.872758 4.81969e-07 19
0.890749 0.000196004 12
0.901847 0.00239803 9
0.870738 2.21184e-06 17
0.950873 0.300521 3
0.93846 0.141975 4
0.980751 0.699496 2
0.903006 0.00508156 8
0.960213 0.561053 2
0.978263 0.675744 2
0.921704 0.0579223 5
0.922583 0.0587007 5
0.915296 0.026417 6
0.952122 0.305737 3
0.964076 0.578959 2
0.964476 0.580975 2
0.983931 1 1
0.970731 0.61731 2
0.898099 0.00105522 10
0.944172 0.156741 4
0.968598 0.603846 2
0.946536 0.284382 3
0.968392 0.602613 2
0.898308 0.00106077 10
0.952815 0.308749 3
0.942867 0.153036 4
0.97577 0.654316 2
0.926127 0.0621452 5
0.929711 0.0662035 5
0.940782 0.147537 4
0.900124 0.0023052 9
0.917383 0.0274084 6
0.943349 0.15438 4
0.861646 2.44999e-09 25
0.933266 0.0709156 5
0.89454 0.000459487 11
0.934472 0.133615 4
0.865517 3.2939e-08 22
0.951535 0.303249 3
0.934141 0.0721958 5
0.904551 0.00255926 9
0.880686 1.46317e-05 15
0.906592 0.00547786 8
0.945826 0.161758 4
0.920115 0.0288483 6
0.960585 0.349363 3
0.962247 0.570131 2
0.925692 0.0616942 5
0.920294 0.0567315 5
0.939477 0.263505 3
0.871898 2.52519e-05 14
0.895954 0.00445735 8
0.868845 1.0461e-05 15
0.881513 0.000338499 11
0.902814 0.0105066 7
0.936348 0.25596 3
0.868354 4.60531e-06 16
0.951987 0.531028 2
0.948931 0.292936 3
0.877147 6.36167e-05 13
0.889655 0.00186741 9
0.901909 0.0103545 7
0.883834 0.000355477 11
0.955183 0.541552 2
0.942084 0.270538 3
0.910587 0.0501003 5
0.905389 0.0227101 6
0.935701 0.254511 3
0.864647 4.16568e-06 16
0.914369 0.0523966 5
0.971982 0.625784 2
0.91941 0.0560184 5
0.961148 0.565134 2
0.929674 0.125236 4
0.891987 0.00417525 8
0.869496 2.38326e-05 14
0.887358 0.00179342 9
0.896798 0.00958719 7
0.913319 0.0517265 5
0.969775 0.611128 2
0.950144 0.525526 2
0.951091 0.528304 2
0.946671 0.284841 3
0.905876 0.022861 6
0.960298 0.561421 2
0.96511 0.584248 2
0.950111 0.525429 2
0.949506 0.523708 2
0.954288 0.53847 2
0.937115 0.257727 3
0.909784 0.0241773 6
0.928472 0.123379 4
0.94233 0.27124 3
0.838128 1.288e-08 22
0.915266 0.10773 4
0.922854 0.231818 3
0.956633 0.546779 2
0.879699 0.00351131 8
0.985111 1 1
0.948128 0.519934 2
0.887332 0.008482 7
0.903953 0.0467451 5
0.881088 0.00357413 8
0.917817 0.225304 3
0.959071 0.556276 2
0.97818 1 1
0.971446 1 1
0.959633 0.558601 2
0.946418 0.51551 2
0.940609 0.26647 3
0.875872 0.000673441 10
0.892322 0.00902157 7
0.881648 0.0016339 9
0.868941 0.000118879 12
0.900439 0.0213197 6
0.951162 0.528517 2
0.876006 0.000674924 10
0.968916 1 1
0.943264 0.508054 2
0.874059 0.000293002 11
0.876397 0.000679287 10
0.891022 0.0088726 7
0.880516 0.00160577 9
0.928635 0.0649183 5
0.962295 0.570355 2
0.937266 0.139323 4
0.933574 0.131918 4
0.949036 0.293328 3
0.889854 0.000191215 12
0.942667 0.152487 4
0.975684 0.653619 2
0.94248 0.151977 4
0.957844 0.333472 3
0.946869 0.285521 3
0.920186 0.0288883 6
0.894121 0.000454403 11
0.912569 0.012559 7
0.925098 0.0610913 5
0.961919 0.568614 2
0.931439 0.245793 3
0.901361 0.0456218 5
0.894717 0.0199792 6
0.930308 0.243701 3
0.854421 3.23592e-06 16
0.903569 0.0465729 5
0.9618 0.568071 2
0.911393 0.104371 4
0.954126 0.537926 2
0.919754 0.112221 4
0.881734 0.00360424 8
0.85927 1.90228e-05 14
0.876901 0.00152241 9
0.886379 0.0038392 8
0.844319 2.00209e-07 19
0.922015 0.230658 3
0.927123 0.238246 3
0.962965 1 1
0.884711 0.00822977 7
0.983425 1 1
0.954706 0.539897 2
0.893878 0.0198024 6
0.908435 0.102073 4
0.887568 0.00850566 7
0.924381 0.234011 3
0.962946 1 1
0.979534 1 1
0.977744 1 1
0.964573 1 1
0.947802 0.519069 2
0.933985 0.250833 3
0.913043 0.0515544 5
0.902527 0.0218765 6
0.944183 0.510139 2
0.859969 8.44241e-06 15
0.911166 0.0504313 5
0.961378 0.56616 2
0.924285 0.117558 4
0.948972 0.522223 2
0.920612 0.113164 4
0.890861 0.00885468 7
0.864236 2.1143e-05 14
0.882072 0.0016447 9
0.895082 0.00935991 7
0.904406 0.0224141 6
0.983691 1 1
0.942457 0.271604 3
0.962922 0.57331 2
0.925815 0.119576 4
0.923726 0.11685 4
0.972381 0.628581 2
0.957905 0.551618 2
0.935381 0.253807 3
0.94859 0.521177 2
0.97264 0.630415 2
0.944122 0.276565 3
0.928824 0.123915 4
0.947957 0.519477 2
0.950849 0.527583 2
0.891804 0.0193841 6
0.951626 0.529921 2
0.974139 1 1
0.962967 0.573527 2
0.952376 0.532239 2
0.913906 0.106501 4
0.969174 1 1
0.9412 0.503612 2
0.968918 1 1
0.926097 0.236614 3
0.938807 0.498853 2
0.955523 0.542751 2
0.915714 0.108148 4
0.933102 0.249031 3
0.958952 0.555792 2
0.870435 0.00027479 11
0.950371 0.526182 2
0.926111 0.236637 3
0.967578 1 1
0.893218 0.0196665 6
0.962228 0.570041 2
0.966583 1 1
0.919895 0.112374 4
0.911082 0.104119 4
0.916071 0.108485 4
0.955858 0.543948 2
0.951564 0.529729 2
0.969132 1 1
0.987592 1 1
0.957856 0.551429 2
0.929809 0.0663234 5
0.952873 0.309005 3
0.935943 0.136535 4
0.927056 0.0631379 5
0.955401 0.3208 3
0.88252 3.35941e-05 14
0.935786 0.136215 4
0.969787 0.611204 2
0.944142 0.276629 3
0.952224 0.306174 3
0.937644 0.140148 4
0.915196 0.0263716 6
0.886434 8.12262e-05 13
0.904686 0.00525952 8
0.919578 0.0285518 6
0.905167 0.0226422 6
0.947812 0.288833 3
0.961182 0.565283 2
0.943158 0.273654 3
0.968023 0.600421 2
0.895325 0.00440975 8
0.950334 0.526074 2
0.949528 0.52377 2
0.968864 0.605463 2
0.932449 0.247736 3
0.932789 0.248407 3
0.935468 0.253998 3
0.897695 0.00971149 7
0.915387 0.0530721 5
0.938622 0.261353 3
0.866122 1.69615e-07 20
0.945203 0.279969 3
0.920823 0.05717 5
0.962364 0.570673 2
0.887382 0.000178979 12
0.966193 0.590033 2
0.960566 0.562578 2
0.914765 0.0261785 6
0.905484 0.00534874 8
0.911733 0.0123479 7
0.951964 0.305061 3
0.947879 0.289072 3
0.973966 0.64016 2
0.989242 1 1
0.953722 0.312826 3
0.919105 0.0557778 5
0.961983 0.568908 2
0.946954 0.285813 3
0.941356 0.268502 3
0.95386 0.537036 2
0.895884 0.00445196 8
0.950198 0.525681 2
0.967196 0.59563 2
0.951266 0.528829 2
0.949915 0.524869 2
0.946273 0.283489 3
0.92894 0.124092 4
0.899626 0.00999367 7
0.918083 0.0549946 5
0.933591 0.250023 3
0.862223 2.02407e-05 14
0.938888 0.262016 3
0.952526 0.532712 2
0.989147 1 1
0.910245 0.0499075 5
0.95678 0.547328 2
0.979287 1 1
0.91336 0.106024 4
0.934027 0.250922 3
0.904072 0.0467991 5
0.936154 0.255523 3
0.984289 1 1
0.956689 0.546989 2
0.970254 1 1
0.990264 1 1
0.942843 0.272725 3
0.966754 0.593134 2
0.902257 0.0218021 6
0.91677 0.109157 4
0.906061 0.0477305 5
0.886963 0.00387126 8
0.92555 0.119219 4
0.977308 1 1
0.902187 0.0217829 6
0.991635 1 1
0.963867 0.577913 2
0.898563 0.0208523 6
0.893789 0.00919748 7
0.910491 0.0500459 5
0.905007 0.0225937 6
0.856946 4.55513e-09 24
0.935423 0.135483 4
0.918124 0.0277823 6
0.95943 0.557757 2
0.881909 7.17325e-05 13
0.976518 0.660509 2
0.955442 0.321007 3
0.90538 0.00533695 8
0.901645 0.00494652 8
0.902029 0.00498384 8
0.941784 0.269691 3
0.948617 0.291763 3
0.984473 1 1
0.992069 1 1
0.953423 0.311467 3
0.93515 0.253304 3
0.977668 1 1
0.921971 0.230598 3
0.931604 0.246106 3
0.925584 0.23582 3
0.894843 0.0200062 6
0.940964 0.503125 2
0.989854 1 1
0.922627 0.2315 3
0.978502 1 1
0.965404 1 1
0.914431 0.10697 4
0.900653 0.0453304 5
0.91877 0.111175 4
0.920553 0.228712 3
0.871835 0.000631626 10
0.941257 0.503731 2
0.894798 0.0199965 6
0.93332 0.249471 3
0.869355 0.000608326 10
0.941643 0.504537 2
0.934764 0.491649 2
0.913515 0.106158 4
0.882386 0.00802124 7
0.916875 0.224196 3
0.955206 0.541634 2
0.916973 0.224309 3
0.950698 0.527139 2
0.956711 0.54707 2
0.923114 0.232183 3
0.910936 0.0246049 6
0.98143 1 1
0.913495 0.0256289 6
0.94024 0.26549 3
0.901182 0.0102361 7
0.917212 0.0543509 5
0.947604 0.288092 3
0.956556 0.546493 2
0.906985 0.0232146 6
0.959003 0.556001 2
0.996008 1 1
0.920519 0.0569167 5
0.924643 0.11802 4
0.941048 0.267657 3
0.927521 0.121973 4
0.899782 0.0449806 5
0.919922 0.227901 3
0.946219 0.515014 2
0.916122 0.108534 4
0.994324 1 1
0.869477 0.000270317 11
0.921946 0.230564 3
0.930179 0.243469 3
0.96487 1 1
0.913342 0.106008 4
0.90497 0.0472121 5
0.912885 0.105615 4
0.871013 0.000623718 10
0.88766 0.00851498 7
0.914299 0.106851 4
0.882717 0.000159303 12
0.939712 0.26411 3
0.986055 1 1
0.959412 0.557682 2
0.955373 0.542221 2
0.911381 0.0247754 6
0.962959 0.573486 2
0.930171 0.126029 4
0.978791 1 1
0.914816 0.0262011 6
0.927437 0.121852 4
0.957996 0.551974 2
0.912017 0.0250245 6
0.928065 0.12277 4
0.959412 0.557682 2
0.932709 0.0701266 5
0.959633 0.34363 3
0.891237 9.38368e-05 13
0.911585 0.00614834 8
0.890355 4.30943e-05 14
0.888908 4.10389e-05 14
0.919504 0.0146588 7
0.959371 0.342094 3
0.888935 4.1076e-05 14
0.974203 0.641957 2
0.964685 0.376925 3
0.892669 9.82285e-05 13
0.896489 0.000232302 12
0.911513 0.00613751 8
0.899367 0.000526144 11
0.873261 0.000129404 12
0.942713 0.272346 3
0.895546 0.00942001 7
0.933881 0.250618 3
0.870459 5.45897e-05 13
0.940965 0.267431 3
0.935529 0.254132 3
0.915 0.0528123 5
0.883288 0.00167655 9
0.918387 0.110777 4
0.956747 0.547203 2
0.917307 0.109685 4
0.95001 0.525139 2
0.95664 0.546806 2
0.923514 0.116585 4
0.867015 0.000259406 11
0.944549 0.510987 2
0.91331 0.10598 4
0.954222 0.53825 2
0.881909 0.00361248 8
0.961753 0.567857 2
0.953438 0.535644 2
0.914182 0.106746 4
0.898703 0.0445597 5
0.912852 0.105587 4
0.953676 0.536427 2
0.939233 0.499672 2
0.97053 1 1
0.980848 1 1
0.945123 0.512344 2
0.906029 0.022909 6
0.955417 0.542375 2
0.889143 0.00399671 8
0.918401 0.110792 4
0.877812 0.000314372 11
0.906942 0.0481635 5
0.924368 0.117665 4
0.938973 0.262229 3
0.882464 0.000754816 10
0.94893 0.522107 2
0.969601 0.61003 2
0.899291 0.02103 6
0.915327 0.0530317 5
0.927586 0.239 3
0.906127 0.0229397 6
0.850103 2.93292e-06 16
0.925028 0.234974 3
0.950059 0.52528 2
0.975232 1 1
0.904283 0.0468953 5
0.95813 0.552501 2
0.965544 1 1
0.900469 0.0452558 5
0.930338 0.243756 3
0.890847 0.0191994 6
0.922405 0.231193 3
0.987479 1 1
0.955003 0.540923 2
0.962609 1 1
0.985393 1 1
0.969581 0.609903 2
0.943415 0.274417 3
0.896254 0.00212077 9
0.898902 0.0046967 8
0.915131 0.0263425 6
0.863087 3.44418e-07 19
0.907992 0.0114912 7
0.973596 0.637386 2
0.902148 0.0103941 7
0.975372 0.651103 2
0.934988 0.134619 4
0.883253 0.000161365 12
0.868954 4.68318e-06 16
0.886206 0.000374551 11
0.888807 0.000853913 10
0.957296 0.54927 2
0.956273 0.545455 2
0.901224 0.00490631 8
0.908897 0.0238606 6
0.913162 0.0254894 6
0.87503 2.73231e-05 14
0.917995 0.0549284 5
0.982561 1 1
0.90446 0.0107975 7
0.990642 1 1
0.949185 0.293893 3
0.892045 0.000915066 10
0.881275 0.000153981 12
0.898459 0.00465886 8
0.898019 0.00462205 8
0.880875 0.00161456 9
0.915712 0.108146 4
0.854021 1.38902e-06 17
0.885923 0.00381456 8
0.841235 6.01388e-09 23
0.888472 0.00859796 7
0.89008 0.00876858 7
0.901836 0.045821 5
0.846326 9.03941e-08 20
0.914339 0.106886 4
0.929952 0.24306 3
0.868405 0.000117678 12
0.896983 0.0204806 6
0.902867 0.0462636 5
0.874757 0.000661362 10
0.866699 0.000258063 11
0.925458 0.235627 3
0.995195 1 1
0.957296 0.54927 2
0.945723 0.513792 2
0.914024 0.106605 4
0.956763 0.547261 2
0.913518 0.106161 4
0.975279 1 1
0.898781 0.0445898 5
0.914849 0.107347 4
0.964824 1 1
0.912918 0.105643 4
0.926427 0.237133 3
0.962991 1 1
0.887497 8.37651e-05 13
0.934014 0.132741 4
0.977365 0.667759 2
0.945292 0.280258 3
0.969969 0.612367 2
0.897686 0.00104437 10
0.949701 0.295867 3
0.931041 0.067879 5
0.988039 1 1
0.914551 0.0130926 7
0.920311 0.0289588 6
0.943848 0.155802 4
0.8985 0.00106593 10
0.914702 0.0131352 7
0.944952 0.279167 3
0.854883 1.27852e-11 0
0.930966 0.0677829 5
0.905062 0.00127408 10
0.945994 0.162289 4
0.871212 4.18973e-08 22
0.969828 0.611465 2
0.943284 0.154197 4
0.901047 0.000553387 11
0.889397 4.17158e-05 14
0.900071 0.00053728 11
0.940332 0.146416 4
0.934368 0.0725371 5
0.979126 0.683699 2
0.977542 0.669312 2
0.939232 0.0807606 5
0.957419 0.549743 2
0.954704 0.539891 2
0.896769 0.00958322 7
0.906323 0.047858 5
0.907444 0.0484155 5
0.874281 0.00013213 12
0.915296 0.0530103 5
0.977444 1 1
0.89936 0.021047 6
0.991826 1 1
0.949503 0.523701 2
0.889074 0.00399262 8
0.880788 0.000732336 10
0.897611 0.00969979 7
0.89518 0.00937257 7
0.938943 0.262154 3
0.94426 0.276992 3
0.877785 6.46103e-05 13
0.896529 0.00450185 8
0.880609 0.000151627 12
0.874995 2.7299e-05 14
0.9044 0.0107866 7
0.950273 0.298109 3
0.876743 6.30001e-05 13
0.967682 0.598424 2
0.948761 0.292298 3
0.877967 6.48996e-05 13
0.882635 0.000346512 11
0.896903 0.00453137 8
0.884537 0.000360932 11
0.863918 0.000108391 12
0.94099 0.503179 2
0.951911 0.530793 2
0.990714 1 1
0.910464 0.103626 4
0.956735 0.547158 2
0.981027 1 1
0.915157 0.10763 4
0.933745 0.489982 2
0.906032 0.100354 4
0.938394 0.498073 2
0.982249 1 1
0.957142 0.548686 2
0.971572 1 1
0.988694 1 1
0.862528 2.03731e-05 14
0.941914 0.505111 2
0.936036 0.255258 3
0.977832 1 1
0.897715 0.0206504 6
0.968552 1 1
0.97215 1 1
0.913058 0.105763 4
0.918915 0.111327 4
0.906696 0.0480413 5
0.943681 0.50899 2
0.966338 0.590829 2
0.97161 1 1
0.98858 1 1
0.971825 1 1
0.908705 0.00574292 8
0.992119 1 1
0.928524 0.0647891 5
0.952971 0.309439 3
0.914349 0.013036 7
0.921817 0.0298373 6
0.961366 0.354242 3
0.960138 0.346638 3
0.921781 0.0298155 6
0.955853 0.32305 3
0.987212 1 1
0.933294 0.070956 5
0.928203 0.0644189 5
0.946509 0.284288 3
0.940271 0.146264 4
0.934183 0.133062 4
0.939964 0.145513 4
0.927582 0.0637175 5
0.914431 0.0260313 6
0.957421 0.331185 3
0.869982 9.69278e-07 18
0.922832 0.0589261 5
0.961671 0.567485 2
0.939039 0.143309 4
0.94576 0.281786 3
0.925279 0.0612732 5
0.903821 0.00516633 8
0.87372 5.38114e-06 16
0.891692 0.000426817 11
0.907731 0.0114363 7
0.843305 3.53849e-08 21
0.919301 0.111735 4
0.901765 0.0457913 5
0.941688 0.504632 2
0.864937 0.000110387 12
0.979822 1 1
0.937069 0.25762 3
0.88966 0.00872324 7
0.884963 0.00376391 8
0.887886 0.00853788 7
0.927589 0.239006 3
0.933995 0.250854 3
0.987477 1 1
0.973295 1 1
0.937618 0.496633 2
0.920588 0.228757 3
0.982357 1 1
0.937407 0.496248 2
0.946719 0.516268 2
0.934178 0.490684 2
0.906133 0.100424 4
0.956296 0.545538 2
0.975077 1 1
0.93612 0.493959 2
0.961873 1 1
0.966319 1 1
0.929985 0.24312 3
0.911193 0.104209 4
0.929936 0.243031 3
0.936018 0.49378 2
6 1 20 27 31 58 63 
29 1 5 6 9 15 17 20 22 26 27 31 38 41 44 45 47 48 51 52 53 54 56 57 58 61 62 63 66 68 
66 0 1 2 4 5 6 7 8 9 10 12 13 14 15 16 17 18 20 21 22 23 24 25 26 27 28 29 30 31 32 33 34 35 36 37 38 39 40 41 42 43 44 45 46 47 48 49 50 51 52 53 54 55 56 57 58 60 61 62 63 64 65 66 67 68 69 
54 0 1 4 5 6 7 8 9 10 13 14 15 16 17 18 20 21 22 23 24 26 27 28 29 31 32 33 35 36 38 39 40 41 42 44 45 46 47 48 51 52 53 54 56 57 58 61 62 63 65 66 67 68 69 
70 0 1 2 3 4 5 6 7 8 9 10 11 12 13 14 15 16 17 18 19 20 21 22 23 24 25 26 27 28 29 30 31 32 33 34 35 36 37 38 39 40 41 42 43 44 45 46 47 48 49 50 51 52 53 54 55 56 57 58 59 60 61 62 63 64 65 66 67 68 69 
35 1 5 6 8 9 10 15 17 20 22 26 27 31 33 36 38 41 44 45 46 47 48 51 52 53 54 56 57 58 61 62 63 66 68 69 
41 1 5 6 7 8 9 10 15 17 18 20 21 22 24 26 27 30 31 34 36 38 41 44 45 46 47 48 51 52 53 54 56 57 58 61 62 63 65 66 68 69 
21 1 5 6 9 17 20 22 26 27 31 44 47 48 51 52 54 56 57 58 62 63 
69 0 1 2 3 4 5 6 7 8 9 10 11 12 13 14 15 16 17 18 19 20 21 22 23 24 25 26 27 28 29 30 31 32 33 34 35 36 37 38 39 40 41 42 43 44 45 46 47 48 50 51 52 53 54 55 56 57 58 59 60 61 62 63 64 65 66 67 68 69 
18 1 5 6 9 17 20 22 26 27 31 44 47 51 52 54 58 62 63 
21 1 5 6 9 15 17 20 22 26 27 31 44 47 48 51 52 54 57 58 62 63 
55 1 2 4 5 6 7 8 9 10 13 15 17 18 20 21 22 23 24 26 27 28 29 30 31 32 33 34 35 36 38 39 41 42 43 44 45 46 47 48 51 52 53 54 55 56 57 58 61 62 63 64 65 66 68 69 
47 0 1 4 5 6 7 8 9 15 16 17 20 21 22 23 26 27 28 29 31 32 33 35 36 38 39 41 42 44 45 46 47 48 51 52 53 54 56 57 58 61 62 63 66 67 68 69 
37 1 5 6 8 9 15 17 20 21 22 23 26 27 28 31 33 36 38 41 44 45 46 47 48 51 52 53 54 56 57 58 61 62 63 66 68 69 
61 0 1 4 5 6 7 8 9 10 12 13 14 15 16 17 18 20 21 22 23 24 25 26 27 28 29 30 31 32 33 34 35 36 37 38 39 40 41 42 43 44 45 46 47 48 51 52 53 54 56 57 58 61 62 63 64 65 66 67 68 69 
