50 15 1e+07
1.46406 122965
2.58626 161926
1.18342 120788
1.26671 188391
2.51462 169755
1.5988 108193
2.60259 121876
2.26902 173748
1.27953 163224
2.58167 159653
1.48679 155787
1.90016 195797
2.64039 115309
1.39168 119762
1.33617 170770
1.22456 177709
1.48819 190060
2.85076 181175
1.44001 136626
2.21088 161034
1.2151 191487
1.62231 148499
1.74274 106747
2.17867 110589
2.26943 137677
2.13422 161477
2.446 183090
2.43323 186594
1.96987 134052
1.11289 148830
2.76239 186224
1.69102 105947
1.90462 174575
2.67186 159462
2.8092 139208
2.25213 143790
1.33215 114383
1.58467 197142
2.48152 119529
1.55448 178838
2.80104 145764
2.4058 101124
2.66913 105765
1.52547 115948
2.4129 101224
1.41415 194713
2.70833 102893
2.10128 132087
1.13072 190646
1.30851 197343
0.965396 0.585752 2
0.979148 0.683908 2
0.970126 0.613369 2
0.942808 0.272624 3
0.959667 0.558741 2
0.909345 0.0117853 7
0.930897 0.127218 4
0.940281 0.14629 4
0.989807 1 1
0.887093 0.000177633 12
0.949329 0.294439 3
0.920024 0.0565107 5
0.965911 0.588504 2
0.921532 0.0577734 5
0.910086 0.0119536 7
0.896603 0.00956068 7
0.911615 0.0506929 5
0.915138 0.107612 4
0.899521 0.0210873 6
0.904216 0.0223581 6
0.894342 0.00926601 7
0.90964 0.0495727 5
0.947408 0.518036 2
0.919726 0.112191 4
0.918601 0.110998 4
0.884085 0.00169816 9
0.889757 0.00403374 8
0.910963 0.0503141 5
0.909201 0.0493342 5
0.884157 0.00170014 9
0.906377 0.0478845 5
0.921963 0.230587 3
0.902099 0.0459326 5
0.878665 0.0034661 8
0.891271 0.0192806 6
0.858803 1.88408e-05 14
0.877514 0.00153588 9
0.906929 0.100981 4
0.924453 0.234117 3
0.868302 0.000265008 11
0.901499 0.0456794 5
0.861478 4.54588e-05 13
0.897732 0.0441921 5
0.872949 0.000642653 10
0.853624 3.17671e-06 16
0.914114 0.0522313 5
0.925234 0.118797 4
0.947212 0.286709 3
0.938722 0.261601 3
0.938047 0.259944 3
0.935792 0.254714 3
0.952485 0.532584 2
0.990933 1 1
0.935401 0.25385 3
0.938142 0.260175 3
0.897512 0.00968579 7
0.931499 0.245908 3
0.94399 0.276162 3
0.951487 0.529496 2
0.925817 0.119579 4
0.909872 0.0119043 7
0.920513 0.0569118 5
0.944234 0.276913 3
0.938133 0.141233 4
0.935747 0.136136 4
0.939023 0.143271 4
0.954357 0.315778 3
0.994689 1 1
0.930651 0.126811 4
0.943358 0.274248 3
0.893148 0.000937882 10
0.933008 0.130882 4
0.941324 0.268413 3
0.95466 0.317212 3
0.927997 0.0641833 5
0.968521 0.603382 2
0.974209 0.642003 2
0.9842 1 1
0.956655 0.546861 2
0.97517 0.649487 2
0.918908 0.0556243 5
0.940234 0.265474 3
0.940271 0.26557 3
0.98226 1 1
0.887811 0.000388569 11
0.949869 0.296521 3
0.932311 0.129637 4
0.980771 1 1
0.929578 0.125085 4
0.921917 0.0581088 5
0.916648 0.109039 4
0.931724 0.246334 3
0.934798 0.252546 3
0.916611 0.109003 4
0.923396 0.232583 3
0.904701 0.0470873 5
0.922712 0.231619 3
0.957335 0.54942 2
0.940318 0.501811 2
0.914631 0.10715 4
0.903303 0.0464547 5
0.903677 0.0466214 5
0.930394 0.243858 3
0.919865 0.112342 4
0.896785 0.0204352 6
0.844494 7.56031e-12 0
0.854386 1.79467e-09 25
0.878644 3.0085e-05 14
0.881931 7.17746e-05 13
0.872978 5.26232e-06 16
0.909597 0.0118418 7
0.907058 0.0112979 7
0.926945 0.0630166 5
0.863773 1.56053e-07 20
0.977119 0.665631 2
0.828886 3.76366e-12 0
0.89053 0.000414668 11
0.876842 1.30241e-05 15
0.916588 0.02702 6
0.892503 0.000924402 10
0.935986 0.493725 2
0.93793 0.497207 2
0.977896 1 1
0.986491 1 1
0.978644 1 1
0.954172 0.538081 2
0.975347 1 1
0.954627 0.539624 2
0.945996 0.514463 2
0.909925 0.103204 4
0.917936 0.225447 3
0.967464 1 1
0.979468 1 1
0.963234 1 1
0.957085 0.54847 2
0.860448 1.64115e-06 17
0.871279 5.55754e-05 13
0.893466 0.00427554 8
0.893429 0.00427299 8
0.886628 0.00177122 9
0.914929 0.0527647 5
0.917054 0.109435 4
0.943511 0.274705 3
0.880776 0.000732182 10
0.976204 1 1
0.844914 2.90334e-09 24
0.898344 0.00980418 7
0.89118 0.00412272 8
0.924949 0.11842 4
0.898459 0.0098207 7
0.960007 0.560179 2
0.976432 1 1
0.959562 0.558305 2
0.932766 0.248361 3
0.948931 0.522111 2
0.901655 0.0103127 7
0.923017 0.115973 4
0.937424 0.258454 3
0.984049 1 1
0.884949 0.000790787 10
0.946715 0.284989 3
0.910873 0.0245809 6
0.955253 0.541797 2
0.914476 0.0524665 5
0.90124 0.0102454 7
0.882438 7.2743e-05 13
0.893132 0.000937534 10
0.916483 0.0269702 6
0.915068 0.0263138 6
0.909229 0.0117594 7
0.930841 0.127125 4
0.937448 0.139718 4
0.967854 0.599427 2
0.902928 0.00507363 8
0.968764 0.604853 2
0.866328 3.83375e-07 19
0.917128 0.0272826 6
0.914058 0.0258688 6
0.94354 0.274795 3
0.915511 0.0265149 6
0.858829 2.54499e-08 22
0.868858 9.33935e-07 18
0.893354 0.00094226 10
0.895678 0.00209585 9
0.887327 0.000384245 11
0.920689 0.0570581 5
0.92053 0.0569256 5
0.942659 0.272188 3
0.87841 2.98922e-05 14
0.98604 1 1
0.842956 7.02859e-12 0
0.902718 0.00505233 8
0.891421 0.000902619 10
0.929438 0.124864 4
0.903712 0.00515479 8
0.898399 0.0208128 6
0.912902 0.0514674 5
0.919968 0.112454 4
0.90575 0.0475809 5
0.909273 0.0493731 5
0.902151 0.0217731 6
0.917144 0.109524 4
0.955526 0.542762 2
0.921583 0.114268 4
0.92589 0.236291 3
0.884959 0.00172251 9
0.896927 0.00960484 7
0.915924 0.108345 4
0.917086 0.109467 4
0.891552 0.00893262 7
0.938302 0.260565 3
0.953251 0.535034 2
0.923891 0.117058 4
0.897983 0.00461904 8
0.914108 0.0522276 5
0.869505 1.06408e-05 15
0.889902 0.00187575 9
0.910685 0.0245101 6
0.952735 0.533373 2
0.863352 7.85422e-07 18
0.935095 0.253184 3
0.87708 6.35131e-05 13
0.919873 0.0563884 5
0.882657 0.000346669 11
0.867959 4.55515e-06 16
0.881201 1.48707e-05 15
0.896873 0.00102365 10
0.886733 8.19274e-05 13
0.867082 7.85003e-08 21
0.875699 2.60004e-06 17
0.856449 1.64568e-10 28
0.872529 4.7786e-07 19
0.907338 0.00556856 8
0.901738 0.00239191 9
0.880797 1.46827e-05 15
0.873653 1.0996e-06 18
0.854269 6.47772e-11 29
0.882382 1.54428e-05 15
0.870803 2.02075e-07 20
0.84796 8.94806e-12 0
0.949448 0.523546 2
0.966287 0.59055 2
0.943617 0.508846 2
0.917472 0.10985 4
0.933053 0.248933 3
0.888909 0.00398278 8
0.909792 0.049656 5
0.929301 0.241909 3
0.969863 1 1
0.879162 0.000711754 10
0.940366 0.265823 3
0.89656 0.0203842 6
0.939319 0.263102 3
0.902236 0.0217964 6
0.88731 0.00389063 8
0.858704 1.11285e-08 23
0.870119 2.16961e-06 17
0.8903 0.000412331 11
0.888654 0.000396334 11
0.88294 7.37248e-05 13
0.908077 0.0115092 7
0.911337 0.0247585 6
0.940172 0.26531 3
0.879494 3.08016e-05 14
0.967992 0.600235 2
0.843548 7.22788e-12 0
0.892295 0.000920148 10
0.887778 0.000388271 11
0.918614 0.0280361 6
0.891962 0.000913389 10
0.933852 0.132437 4
0.935684 0.136009 4
0.975566 0.652664 2
0.987096 1 1
0.976791 0.662817 2
0.956418 0.325918 3
0.977446 0.668469 2
0.954656 0.317195 3
0.943733 0.155472 4
0.911034 0.012177 7
0.915871 0.0134756 7
0.969661 0.61041 2
0.977236 0.666642 2
0.965215 0.584799 2
0.959325 0.341828 3
0.894567 0.00045982 11
0.910277 0.00595739 8
0.894695 0.000461398 11
0.872783 4.82421e-07 19
0.883682 3.47786e-05 14
0.856913 1.68313e-10 28
0.87458 1.13655e-06 18
0.906758 0.00549778 8
0.913884 0.0129077 7
0.873025 4.86824e-07 19
0.888532 8.6368e-05 13
0.857445 1.72745e-10 28
0.890295 0.000193551 12
0.871246 2.05589e-07 20
0.850237 1.00305e-11 0
0.932822 0.0702855 5
0.948823 0.17185 4
0.943416 0.15457 4
0.9208 0.0151327 7
0.931695 0.0687401 5
0.900532 0.00112344 10
0.920513 0.0150253 7
0.948173 0.169545 4
0.95659 0.326804 3
0.89988 0.000534214 11
0.920388 0.0149791 7
0.903745 0.00122675 10
0.938769 0.142683 4
0.915142 0.0132612 7
0.895556 0.000225665 12
0.933638 0.132038 4
0.942381 0.151708 4
0.97064 0.616709 2
0.959205 0.341126 3
0.9613 0.565811 2
0.941557 0.149525 4
0.963067 0.574005 2
0.975185 0.649604 2
0.952593 0.307773 3
0.921038 0.0293752 6
0.915884 0.0134793 7
0.945293 0.280262 3
0.967457 0.597121 2
0.956105 0.324318 3
0.937046 0.138846 4
0.975498 1 1
0.967403 0.596811 2
0.973634 1 1
0.956723 0.547115 2
0.976396 1 1
0.913466 0.0518186 5
0.932435 0.247709 3
0.922221 0.115016 4
0.968002 0.600298 2
0.872663 5.73099e-05 13
0.958461 0.553813 2
0.93154 0.245984 3
0.974984 1 1
0.920756 0.113326 4
0.921023 0.113627 4
0.938953 0.262178 3
0.937786 0.259315 3
0.976461 1 1
0.994977 1 1
0.983853 1 1
0.950186 0.525647 2
0.968133 0.601069 2
0.943045 0.273319 3
0.944382 0.277372 3
0.900133 0.0100711 7
0.921492 0.114163 4
0.968651 0.604169 2
0.980253 1 1
0.955872 0.543998 2
0.957645 0.55061 2
0.90066 0.0213766 6
0.909657 0.049582 5
0.938129 0.260144 3
0.938759 0.261694 3
0.931778 0.246437 3
0.950119 0.525455 2
0.96097 0.564345 2
0.986893 1 1
0.919651 0.112109 4
0.954762 0.540089 2
0.883568 0.00369298 8
0.939594 0.500375 2
0.936169 0.255557 3
0.965052 0.583942 2
0.93653 0.256376 3
0.921113 0.113729 4
0.921442 0.114105 4
0.960731 0.563297 2
0.984683 1 1
0.965067 0.584022 2
0.969006 0.606335 2
0.983999 1 1
0.947772 0.518988 2
0.928969 0.124136 4
0.912981 0.051516 5
0.903763 0.0222259 6
0.9854 1 1
0.963239 0.574837 2
0.97263 0.63035 2
0.974865 1 1
0.957105 0.548547 2
0.951231 0.528722 2
0.977266 1 1
0.97343 1 1
0.988183 1 1
0.928846 0.123948 4
0.946328 0.283678 3
0.927922 0.122559 4
0.954676 0.539792 2
0.881522 0.000742018 10
0.94066 0.266608 3
0.948592 0.521183 2
0.981568 1 1
0.934314 0.251521 3
0.938022 0.259885 3
0.929329 0.0657407 5
0.923941 0.0311829 6
0.957486 0.331533 3
0.980165 0.69368 2
0.968491 0.603207 2
0.946366 0.163477 4
0.956255 0.325082 3
0.924053 0.0312575 6
0.92848 0.0647374 5
0.88727 8.32115e-05 13
0.914089 0.012964 7
0.969641 0.610279 2
0.962038 0.358575 3
0.945667 0.161262 4
0.960634 0.34966 3
0.878554 0.00014476 12
0.890337 0.00189064 9
0.909912 0.0242237 6
0.90577 0.0228278 6
0.901777 0.0103328 7
0.918834 0.0555673 5
0.926464 0.120469 4
0.960287 0.561372 2
0.899921 0.0100385 7
0.961991 0.568945 2
0.863132 7.80209e-07 18
0.90605 0.0229155 6
0.907076 0.0232445 6
0.931732 0.12863 4
0.903986 0.0107118 7
0.97065 0.616778 2
0.983047 1 1
0.943881 0.509444 2
0.917759 0.110137 4
0.936681 0.256722 3
0.881865 0.000746627 10
0.902645 0.0219092 6
0.912221 0.0510529 5
0.97609 1 1
0.86095 3.78814e-06 16
0.96676 0.593166 2
0.89413 0.00923955 7
0.94089 0.267227 3
0.893151 0.00911986 7
0.884148 0.00169987 9
0.908352 0.0236717 6
0.912082 0.0250504 6
0.949648 0.295662 3
0.964756 0.582409 2
0.94934 0.294481 3
0.979097 1 1
0.993639 1 1
0.961889 0.568478 2
0.92096 0.057285 5
0.933612 0.13199 4
0.890712 0.00190366 9
0.973413 0.636032 2
0.950295 0.2982 3
0.993039 1 1
0.969844 0.611566 2
0.888506 0.00039495 11
0.904254 0.01076 7
0.898289 0.00464458 8
0.879636 6.76505e-05 13
0.887154 0.000382718 11
0.870519 4.89607e-06 16
0.886466 0.000376759 11
0.922286 0.0584343 5
0.910313 0.024371 6
0.894896 0.00206296 9
0.879116 6.67723e-05 13
0.867638 2.012e-06 17
0.893934 0.00202393 9
0.885085 0.000365301 11
0.861504 1.44366e-07 20
0.986863 1 1
0.995178 1 1
0.960681 0.563077 2
0.93538 0.253804 3
0.955213 0.541655 2
0.896462 0.00449664 8
0.917103 0.0542722 5
0.919813 0.0563402 5
0.987084 1 1
0.867844 4.5407e-06 16
0.971551 0.622811 2
0.910791 0.0245498 6
0.958479 0.553885 2
0.906629 0.0230995 6
0.900487 0.0101261 7
0.917603 0.0546374 5
0.933804 0.25046 3
0.916804 0.0540572 5
0.893331 0.00426616 8
0.905673 0.0227977 6
0.873129 2.60345e-05 14
0.892278 0.00196019 9
0.921391 0.114047 4
0.937655 0.259003 3
0.879737 0.000148642 12
0.910445 0.0244203 6
0.87603 6.19382e-05 13
0.912332 0.0511199 5
0.887449 0.000830591 10
0.868036 1.0247e-05 15
0.887429 0.00179562 9
0.892722 0.00422437 8
0.927682 0.122208 4
0.940821 0.26704 3
0.926096 0.119961 4
0.974748 1 1
0.968992 0.606248 2
0.958049 0.552182 2
0.901976 0.0217255 6
0.954505 0.539207 2
0.870133 5.42063e-05 13
0.954592 0.539506 2
0.927696 0.122227 4
0.981154 1 1
0.956762 0.54726 2
0.904595 0.00125695 10
0.918093 0.014175 7
0.930633 0.0673549 5
0.918311 0.0142479 7
0.920329 0.0149572 7
0.915609 0.0133977 7
0.930872 0.0676607 5
0.969869 0.611727 2
0.927542 0.0337879 6
0.933895 0.0718314 5
0.88979 4.22726e-05 14
0.910282 0.00595816 8
0.92681 0.0332223 6
0.930808 0.0675792 5
0.904931 0.00126923 10
0.882517 0.000158544 12
0.897435 0.00457412 8
0.900898 0.00487566 8
0.886541 0.0003774 11
0.890267 0.00088047 10
0.884888 0.000363721 11
0.89845 0.00465818 8
0.936382 0.137442 4
0.905241 0.0109422 7
0.917589 0.0546269 5
0.870538 4.89876e-06 16
0.878459 6.56911e-05 13
0.89685 0.00452717 8
0.899269 0.00472852 8
0.873622 1.18828e-05 15
0.89545 0.00940745 7
0.910809 0.050226 5
0.891738 0.00415886 8
0.868951 5.28522e-05 13
0.880945 0.000734381 10
0.850888 4.45764e-08 21
0.868983 5.28884e-05 13
0.899619 0.0211116 6
0.913289 0.0517079 5
0.864296 9.34236e-06 15
0.890984 0.00411019 8
0.852582 1.08588e-07 20
0.887396 0.00179459 9
0.865033 9.51031e-06 15
0.845056 2.9179e-09 24
0.902054 0.0217467 6
0.91803 0.110411 4
0.90387 0.0222568 6
0.881925 0.00164094 9
0.89271 0.00906723 7
0.865755 4.9463e-05 13
0.883727 0.00168837 9
0.915856 0.108281 4
0.922269 0.115073 4
0.880029 0.000722588 10
0.894933 0.00934082 7
0.866472 5.01916e-05 13
0.89942 0.021062 6
0.880216 0.000724958 10
0.859159 3.6235e-06 16
0.89072 9.23308e-05 13
0.89826 0.00105949 10
0.929742 0.066241 5
0.936259 0.137186 4
0.925443 0.0322168 6
0.959222 0.341225 3
0.962704 0.362998 3
0.971772 0.624327 2
0.907996 0.0056511 8
0.962922 0.36447 3
0.873521 4.96033e-07 19
0.943453 0.154675 4
0.928639 0.064923 5
0.97135 0.621444 2
0.942967 0.153313 4
0.911747 0.0249178 6
0.927448 0.121866 4
0.925496 0.061494 5
0.906257 0.0111377 7
0.914055 0.0258677 6
0.893895 0.000953962 10
0.911629 0.0248716 6
0.946219 0.283309 3
0.935 0.134643 4
0.907232 0.0113332 7
0.899931 0.00478713 8
0.892898 0.000932614 10
0.921034 0.057348 5
0.908888 0.0116839 7
0.886021 0.000172809 12
0.95719 0.548867 2
0.959246 0.556995 2
0.998587 1 1
0.972002 0.625917 2
0.988677 1 1
0.932709 0.248248 3
0.953792 0.536811 2
0.945625 0.281342 3
0.966703 0.59285 2
0.895183 0.00439914 8
0.938588 0.261269 3
0.947262 0.286885 3
0.996048 1 1
0.942373 0.271364 3
0.936655 0.256662 3
0.903369 0.0464842 5
0.919426 0.111868 4
0.910518 0.103669 4
0.889905 0.00874956 7
0.899189 0.0210048 6
0.876263 0.00150861 9
0.893814 0.0197891 6
0.927616 0.239051 3
0.925154 0.235165 3
0.892436 0.0195089 6
0.894189 0.0198675 6
0.875724 0.000671819 10
0.906046 0.0477232 5
0.890957 0.00886539 7
0.868761 0.000267057 11
0.914257 0.0259552 6
0.930528 0.12661 4
0.918123 0.0277815 6
0.895826 0.00210221 9
0.906771 0.0112399 7
0.87828 2.97859e-05 14
0.896949 0.00215166 9
0.928133 0.122871 4
0.935672 0.135983 4
0.887961 0.000389927 11
0.905571 0.0110049 7
0.879793 6.79197e-05 13
0.913601 0.0256736 6
0.892858 0.000931766 10
0.872177 5.13847e-06 16
0.867807 1.01878e-05 15
0.877758 0.000142248 12
0.902819 0.0105074 7
0.904821 0.0225376 6
0.896686 0.00451414 8
0.928141 0.122884 4
0.929513 0.124982 4
0.952564 0.532831 2
0.887421 0.000830117 10
0.985176 1 1
0.851704 8.57486e-09 23
0.910978 0.0246209 6
0.900857 0.0101843 7
0.937986 0.259797 3
0.911359 0.024767 6
0.988541 1 1
0.98805 1 1
0.965949 0.588709 2
0.941568 0.269089 3
0.961701 0.567622 2
0.901453 0.0102798 7
0.921876 0.0580722 5
0.921508 0.057753 5
0.984717 1 1
0.86975 4.78961e-06 16
0.969863 0.611687 2
0.916667 0.0539595 5
0.964307 0.580119 2
0.91104 0.0246444 6
0.906264 0.0111392 7
0.973007 0.633059 2
0.977444 0.668454 2
0.981129 1 1
0.954433 0.538963 2
0.973867 0.639416 2
0.915584 0.0265485 6
0.936647 0.137998 4
0.935896 0.13644 4
0.984023 1 1
0.883683 0.000163052 12
0.954209 0.538206 2
0.929711 0.125294 4
0.978455 0.677484 2
0.925843 0.119615 4
0.91926 0.0558998 5
0.887643 0.00390942 8
0.902492 0.0218668 6
0.906832 0.0481086 5
0.892444 0.00903585 7
0.896162 0.0202948 6
0.890176 0.00877902 7
0.904173 0.0468452 5
0.942283 0.505901 2
0.910541 0.050074 5
0.920392 0.11292 4
0.875255 0.000666705 10
0.884108 0.00169878 9
0.902775 0.0219454 6
0.904734 0.0471026 5
0.879103 0.000711029 10
0.906211 0.0478033 5
0.919768 0.112236 4
0.931983 0.246831 3
0.919236 0.111666 4
0.921583 0.114268 4
0.915659 0.108096 4
0.931275 0.245484 3
0.970052 1 1
0.92922 0.241768 3
0.932561 0.247956 3
0.891413 0.00891674 7
0.910765 0.0502012 5
0.928114 0.239878 3
0.930908 0.2448 3
0.905248 0.0473424 5
0.922239 0.230965 3
0.938545 0.498358 2
0.921226 0.229596 3
0.897411 0.0440725 5
0.91009 0.103333 4
0.876216 0.0015076 9
0.895657 0.0201828 6
0.923847 0.233231 3
0.942474 0.506315 2
0.88066 0.0035545 8
0.914771 0.107277 4
0.879671 0.00351004 8
0.916746 0.109134 4
0.890485 0.0191309 6
0.871508 0.000628452 10
37 0 1 2 3 4 5 6 9 10 11 12 13 14 15 16 17 19 20 21 24 28 29 31 32 33 35 36 37 38 40 42 43 44 45 47 48 49 
41 0 1 2 3 4 5 6 7 8 9 10 11 12 13 14 15 16 17 18 19 20 21 24 28 29 30 31 33 34 35 36 37 38 39 40 42 43 44 47 48 49 
41 0 1 2 3 4 5 6 7 9 10 11 12 13 14 15 16 17 19 20 21 24 28 29 31 32 33 34 35 36 37 38 39 40 42 43 44 45 46 47 48 49 
48 0 1 2 3 4 5 6 7 8 9 10 11 12 13 14 15 16 17 18 19 20 21 22 23 24 25 28 29 30 31 32 33 34 35 36 37 38 39 40 41 42 43 44 45 46 47 48 49 
46 0 1 2 3 4 5 6 7 8 9 10 11 12 13 14 15 16 17 18 19 20 21 22 24 28 29 30 31 32 33 34 35 36 37 38 39 40 41 42 43 44 45 46 47 48 49 
50 0 1 2 3 4 5 6 7 8 9 10 11 12 13 14 15 16 17 18 19 20 21 22 23 24 25 26 27 28 29 30 31 32 33 34 35 36 37 38 39 40 41 42 43 44 45 46 47 48 49 
47 0 1 2 3 4 5 6 7 8 9 10 11 12 13 14 15 16 17 18 19 20 21 22 24 26 28 29 30 31 32 33 34 35 36 37 38 39 40 41 42 43 44 45 46 47 48 49 
30 1 2 3 4 6 7 9 11 12 13 14 15 16 17 19 20 28 31 33 35 36 37 38 40 42 43 44 47 48 49 
36 0 1 2 3 4 6 7 9 10 11 12 13 14 15 16 17 19 20 21 24 28 29 31 33 35 36 37 38 39 40 42 43 44 47 48 49 
32 1 2 3 4 6 7 9 10 11 12 13 14 15 16 17 19 20 28 29 31 33 35 36 37 38 40 42 43 44 47 48 49 
37 0 1 2 3 4 5 6 9 10 11 13 14 15 16 19 20 21 24 28 29 31 32 33 35 36 37 38 39 40 42 43 44 45 46 47 48 49 
49 0 1 2 3 4 5 6 7 8 9 10 11 12 13 14 15 16 17 18 19 20 21 22 23 24 25 26 28 29 30 31 32 33 34 35 36 37 38 39 40 41 42 43 44 45 46 47 48 49 
45 0 1 2 3 4 5 6 7 8 9 10 11 12 13 14 15 16 17 18 19 20 21 24 28 29 30 31 32 33 34 35 36 37 38 39 40 41 42 43 44 45 46 47 48 49 
35 1 2 3 4 6 7 9 10 11 12 13 14 15 16 17 19 20 21 24 28 31 33 34 35 36 37 38 39 40 42 43 44 47 48 49 
48 0 1 2 3 4 5 6 7 8 9 10 11 12 13 14 16 17 18 20 21 22 23 24 25 26 27 28 29 30 31 32 33 34 35 36 37 38 39 40 41 42 43 44 45 46 47 48 49 
