40 15 1e+07
2.29605 117857
1.77809 150121
2.28105 140770
1.41244 103432
2.73715 187883
2.24067 140615
1.93085 111540
1.91259 162931
1.71555 124101
2.68083 171598
1.82472 162254
1.47444 180753
1.80695 192560
2.17314 128765
1.98584 187095
2.02817 149061
2.99561 173888
2.309 173740
1.95565 196880
1.54544 168935
1.55844 197540
1.8798 127006
1.87102 116264
1.41931 142936
1.08303 177794
1.85342 100467
1.96268 102070
1.12365 112743
1.05522 156975
1.61777 100822
2.21118 117287
1.5099 197457
1.14924 149998
2.46625 197029
1.37517 160726
2.09472 195301
2.40644 180692
2.15846 184827
1.29808 115136
1.10796 122106
0.882457 7.15998e-06 16
0.954162 0.314861 3
0.885705 1.72519e-05 15
0.904076 0.00123837 10
0.952196 0.306053 3
0.889767 4.22404e-05 14
0.924736 0.0317213 6
0.913956 0.00652647 8
0.889153 4.13757e-05 14
0.935618 0.0744762 5
0.921264 0.0153098 7
0.88792 3.97241e-05 14
0.983929 0.733745 2
0.876799 5.63613e-07 19
0.937625 0.0778358 5
0.899468 0.00474596 8
0.960172 0.560879 2
0.901636 0.00494572 8
0.917002 0.0272208 6
0.966901 0.593957 2
0.901959 0.004977 8
0.925947 0.061958 5
0.932945 0.130767 4
0.906861 0.011258 7
0.937408 0.139629 4
0.931765 0.128686 4
0.897387 0.00217162 9
0.965827 0.588051 2
0.893813 0.000952173 10
0.947779 0.288715 3
0.882739 1.56227e-05 15
0.908438 0.00570805 8
0.878522 2.86849e-06 17
0.881137 6.83787e-06 16
0.922268 0.0301123 6
0.866829 3.47522e-08 22
0.87533 1.16782e-06 18
0.922849 0.0304749 6
0.893147 0.000209916 12
0.886111 3.74828e-05 14
0.888794 8.70476e-05 13
0.857505 1.73248e-10 28
0.920052 0.0288134 6
0.878619 2.8784e-06 17
0.901556 0.00115461 10
0.95466 0.539737 2
0.932126 0.129313 4
0.949446 0.294886 3
0.942054 0.270452 3
0.952221 0.30616 3
0.929338 0.124707 4
0.906524 0.0111905 7
0.997176 1 1
0.96548 0.586197 2
0.914603 0.0261069 6
0.937984 0.259792 3
0.91428 0.0259653 6
0.905628 0.0110159 7
0.949875 0.296547 3
0.941 0.267526 3
0.913756 0.106369 4
0.952147 0.531525 2
0.913627 0.106256 4
0.923041 0.23208 3
0.968485 1 1
0.907745 0.101567 4
0.917625 0.225076 3
0.951136 0.528438 2
0.922467 0.231279 3
0.928672 0.240823 3
0.933121 0.24907 3
0.89966 0.0449325 5
0.94534 0.512863 2
0.908341 0.102004 4
0.946739 0.516319 2
0.925001 0.118488 4
0.904035 0.0223051 6
0.915618 0.0532293 5
0.904502 0.0224424 6
0.923996 0.11719 4
0.8926 0.00421617 8
0.874798 0.000133554 12
0.96041 0.561903 2
0.9366 0.256536 3
0.88388 0.000774902 10
0.901972 0.0217243 6
0.877836 0.000314515 11
0.891078 0.00411622 8
0.922499 0.115347 4
0.907824 0.0234922 6
0.874884 2.72206e-05 14
0.901302 0.00491376 8
0.870526 4.89706e-06 16
0.873094 1.17109e-05 15
0.914361 0.0260002 6
0.858895 5.80943e-08 21
0.86854 2.06729e-06 17
0.914622 0.0261151 6
0.885273 0.000366823 11
0.879271 6.70332e-05 13
0.880953 0.000152836 12
0.849788 6.45863e-10 26
0.91574 0.0533125 5
0.870879 4.9472e-06 16
0.893839 0.00202013 9
0.902648 0.00244369 9
0.946986 0.165504 4
0.902436 0.00243145 9
0.912599 0.0125668 7
0.959761 0.344388 3
0.897444 0.00049768 11
0.912487 0.0125379 7
0.940303 0.146344 4
0.911422 0.00612397 8
0.923726 0.031041 6
0.923971 0.031203 6
0.890321 0.000193688 12
0.950649 0.299615 3
0.897347 0.000496327 11
0.938498 0.142062 4
0.85178 4.58567e-08 21
0.927745 0.1223 4
0.855717 2.74523e-07 19
0.876025 0.000303844 11
0.920266 0.11278 4
0.862959 3.98652e-06 16
0.907848 0.048622 5
0.881653 0.000743766 10
0.857904 6.70117e-07 18
0.916512 0.0538499 5
0.894515 0.00928777 7
0.864003 9.27673e-06 15
0.972393 1 1
0.84626 3.04483e-09 24
0.909923 0.0497287 5
0.954591 0.539502 2
0.897424 0.0440775 5
0.941171 0.503553 2
0.918791 0.226485 3
0.916489 0.223751 3
0.91091 0.103981 4
0.87511 0.00332016 8
0.964937 1 1
0.964846 1 1
0.881928 0.00798167 7
0.908234 0.101925 4
0.893346 0.0196927 6
0.872489 0.00143207 9
0.954389 0.538813 2
0.907668 0.101511 4
0.927146 0.0334796 6
0.968581 0.603747 2
0.930005 0.066565 5
0.944043 0.156365 4
0.989614 1 1
0.928365 0.0344474 6
0.935682 0.0745787 5
0.956804 0.327918 3
0.933887 0.0718186 5
0.946212 0.162985 4
0.955156 0.319604 3
0.920876 0.0151617 7
0.942675 0.152508 4
0.921191 0.0294649 6
0.96832 0.602181 2
0.927429 0.0635474 5
0.974167 0.641684 2
0.937623 0.1401 4
0.967318 0.596327 2
0.968933 0.605883 2
0.954458 0.316251 3
0.96752 0.597485 2
0.934668 0.0729926 5
0.928112 0.0643142 5
0.973348 0.635549 2
0.989471 1 1
0.954551 0.316692 3
0.929386 0.0658091 5
0.921515 0.0296564 6
0.991085 1 1
0.972801 0.631575 2
0.933172 0.13118 4
0.984131 1 1
0.979196 0.684355 2
0.943976 0.276118 3
0.971559 0.622866 2
0.924006 0.0600226 5
0.955568 0.321627 3
0.969528 0.609573 2
0.927332 0.0634403 5
0.960789 0.563549 2
0.953254 0.310702 3
0.89318 0.000938566 10
0.966969 0.594343 2
0.950751 0.300024 3
0.978502 1 1
0.92485 0.118291 4
0.972388 0.628625 2
0.95468 0.539806 2
0.941631 0.269264 3
0.945592 0.281231 3
0.906844 0.023169 6
0.977083 1 1
0.987868 1 1
0.912601 0.0512832 5
0.94242 0.271498 3
0.927881 0.1225 4
0.891249 0.00192266 9
0.973057 0.633426 2
0.93878 0.261746 3
0.938282 0.260517 3
0.969234 0.607738 2
0.947226 0.286758 3
0.972758 0.631261 2
0.973945 0.639999 2
0.957315 0.549345 2
0.954651 0.539709 2
0.947116 0.286373 3
0.939924 0.264661 3
0.961179 0.56527 2
0.986933 1 1
0.951873 0.304674 3
0.925918 0.119717 4
0.932167 0.129384 4
0.987764 1 1
0.883734 0.00168857 9
0.945398 0.513004 2
0.885278 0.00173162 9
0.900136 0.0212421 6
0.949136 0.522675 2
0.885419 0.00173564 9
0.913613 0.0519116 5
0.918529 0.110924 4
0.8915 0.00414339 8
0.924716 0.118115 4
0.915226 0.107693 4
0.881524 0.00074204 10
0.96947 0.609208 2
0.878284 0.000701116 10
0.931238 0.245415 3
0.879151 0.00157319 9
0.948197 0.520119 2
0.881835 0.00360899 8
0.89918 0.0210028 6
0.947533 0.518363 2
0.884814 0.00375617 8
0.91872 0.111123 4
0.911818 0.104719 4
0.886207 0.00837138 7
0.92953 0.24231 3
0.915852 0.108278 4
0.882548 0.003643 8
0.980199 1 1
0.873579 0.000649056 10
0.932112 0.247079 3
0.968405 0.602689 2
0.912062 0.01243 7
0.956695 0.32735 3
0.936039 0.136733 4
0.930629 0.0673497 5
0.927451 0.0635717 5
0.891006 0.00019742 12
0.977988 0.673267 2
0.980316 0.69516 2
0.897534 0.00104045 10
0.925149 0.0611431 5
0.909835 0.0118959 7
0.883406 3.44911e-05 14
0.966106 0.589558 2
0.923693 0.0597246 5
0.870654 0.000620321 10
0.915881 0.108305 4
0.869107 0.000606083 10
0.87793 0.00343478 8
0.924213 0.233764 3
0.863348 0.000107301 12
0.8839 0.00815545 7
0.909169 0.102624 4
0.87997 0.00352335 8
0.894762 0.0199889 6
0.889736 0.0189914 6
0.857045 1.81788e-05 14
0.939642 0.50047 2
0.865899 0.000254716 11
0.904496 0.0993166 4
0.90502 0.0225977 6
0.97058 0.61632 2
0.90838 0.0236815 6
0.925855 0.119631 4
0.976078 1 1
0.910824 0.0245624 6
0.935657 0.254413 3
0.935659 0.254418 3
0.911618 0.0506946 5
0.947237 0.286797 3
0.941606 0.269193 3
0.906896 0.0231858 6
0.965174 0.584582 2
0.899189 0.009928 7
0.957968 0.551865 2
0.946691 0.516198 2
0.949924 0.524893 2
0.946597 0.51596 2
0.950349 0.526119 2
0.970365 1 1
0.935486 0.254038 3
0.922678 0.115562 4
0.978783 1 1
0.954907 0.540591 2
0.931441 0.245797 3
0.951949 0.530909 2
0.923151 0.116138 4
0.921119 0.113736 4
0.940908 0.503011 2
0.957837 0.551353 2
0.917189 0.0138817 7
0.943604 0.155103 4
0.915391 0.0133336 7
0.920969 0.0151967 7
0.961738 0.356628 3
0.90593 0.00264975 9
0.909853 0.00589807 8
0.95698 0.328841 3
0.926758 0.0331826 6
0.920578 0.0150495 7
0.928471 0.0345345 6
0.896265 0.000481528 11
0.935648 0.0745242 5
0.912082 0.00622413 8
0.940577 0.147025 4
0.933037 0.2489 3
0.946484 0.515676 2
0.946821 0.516528 2
0.978599 1 1
0.94304 0.507555 2
0.976566 1 1
0.956908 0.547806 2
0.92381 0.116956 4
0.929164 0.241671 3
0.954811 0.540258 2
0.979634 1 1
0.982833 1 1
0.903315 0.0220974 6
0.928136 0.239914 3
0.963081 0.574074 2
0.905509 0.00262146 9
0.922904 0.0305098 6
0.901125 0.00235824 9
0.902217 0.0024189 9
0.940068 0.145768 4
0.887841 8.46166e-05 13
0.889594 0.000189861 12
0.946652 0.284776 3
0.91612 0.0135502 7
0.900208 0.0011139 10
0.907947 0.00564493 8
0.877189 2.73678e-06 17
0.922654 0.0303523 6
0.901219 0.00236336 9
0.919391 0.0284499 6
0.931082 0.127527 4
0.966965 0.594317 2
0.942217 0.270916 3
0.973417 0.636059 2
0.963258 0.574926 2
0.961323 0.565915 2
0.965385 0.585694 2
0.934131 0.132963 4
0.930719 0.126924 4
0.968915 0.605774 2
0.995847 1 1
0.9615 0.566708 2
0.922527 0.0586502 5
0.925301 0.0612956 5
0.984454 1 1
0.921673 0.0578952 5
0.984698 1 1
0.930543 0.126634 4
0.958057 0.552216 2
0.976129 0.657266 2
0.944536 0.277852 3
0.967396 0.596771 2
0.934535 0.251985 3
0.923721 0.116843 4
0.976623 0.661397 2
0.979156 1 1
0.944387 0.277388 3
0.939408 0.26333 3
0.915651 0.0532514 5
0.994356 1 1
0.946769 0.516395 2
0.958368 0.553445 2
0.950081 0.525344 2
0.960375 0.56175 2
0.976659 1 1
0.944761 0.278562 3
0.933543 0.249925 3
0.969048 0.606593 2
0.95265 0.533105 2
0.941839 0.269846 3
0.963927 0.578213 2
0.933737 0.250322 3
0.923925 0.117101 4
0.940598 0.266441 3
0.969078 0.606775 2
0.90547 0.0109857 7
0.968265 0.601855 2
0.916679 0.0539679 5
0.948127 0.289969 3
0.951486 0.529493 2
0.940027 0.264929 3
0.992561 1 1
0.911471 0.0248103 6
0.905204 0.0109354 7
0.990345 1 1
0.96852 0.603378 2
0.948452 0.291154 3
0.931393 0.128051 4
0.899892 0.010034 7
0.970235 0.614075 2
0.862857 3.97607e-06 16
0.924693 0.118086 4
0.863929 4.08802e-06 16
0.878438 0.000318222 11
0.926225 0.120139 4
0.864148 4.11148e-06 16
0.896061 0.00948786 7
0.898113 0.00977098 7
0.870817 2.45967e-05 14
0.906479 0.0230515 6
0.893768 0.00429671 8
0.86103 1.6672e-06 17
0.960477 0.562191 2
0.85763 2.90582e-07 19
0.909565 0.0240981 6
0.96452 0.5812 2
0.944451 0.277586 3
0.970863 0.618181 2
0.975498 0.652111 2
0.957719 0.332792 3
0.961941 0.568717 2
0.92937 0.0657899 5
0.965322 0.585362 2
0.966624 0.592409 2
0.934706 0.134068 4
0.966003 0.589002 2
0.94675 0.285111 3
0.905738 0.00537779 8
0.958146 0.335134 3
0.960724 0.563266 2
0.926269 0.0622944 5
0.961534 0.566863 2
0.938464 0.141983 4
0.971031 0.619299 2
0.954735 0.31757 3
0.962543 0.571515 2
0.969844 0.611566 2
0.925852 0.0618587 5
0.92473 0.0607252 5
0.970006 0.612599 2
0.988419 1 1
0.967298 0.59621 2
0.918067 0.0277531 6
0.920777 0.0292241 6
0.976465 0.660067 2
0.925349 0.118949 4
0.957647 0.550618 2
0.938014 0.259864 3
0.970726 0.617276 2
0.950563 0.526743 2
0.964103 0.579093 2
0.969305 0.608181 2
0.92292 0.115855 4
0.923201 0.116198 4
0.967881 0.599583 2
0.984996 1 1
0.970765 0.617535 2
0.914649 0.05258 5
0.920016 0.112507 4
0.972188 0.627217 2
0.889304 0.00400635 8
0.975873 1 1
0.897268 0.020546 6
0.924283 0.233866 3
0.956085 0.544767 2
0.912528 0.105311 4
0.964507 0.581132 2
0.908104 0.0487543 5
0.892353 0.00902524 7
0.973945 1 1
0.945549 0.51337 2
0.916706 0.109095 4
0.964683 0.582036 2
0.883439 0.00168059 9
0.958958 0.555818 2
0.948112 0.51989 2
0.960768 0.563457 2
0.95542 0.542387 2
0.973757 1 1
0.972255 1 1
0.957608 0.550466 2
0.94317 0.507844 2
0.958103 0.552393 2
0.950793 0.527418 2
0.949792 0.524518 2
0.977546 1 1
0.947708 0.518821 2
0.920345 0.228443 3
0.94185 0.504975 2
0.977009 1 1
0.953475 0.535764 2
0.953501 0.535849 2
0.963044 0.573895 2
0.983824 1 1
0.962318 0.57046 2
0.967641 0.598188 2
0.941998 0.270294 3
0.95411 0.53787 2
0.953873 0.537079 2
0.946727 0.516289 2
0.979398 1 1
0.956098 0.544815 2
0.911796 0.0508 5
0.947349 0.517883 2
0.971561 1 1
0.964061 0.578882 2
0.929344 0.241984 3
0.958291 0.553137 2
0.947239 0.5176 2
0.948367 0.520574 2
0.935653 0.254404 3
0.906551 0.0479697 5
0.99198 1 1
0.974865 1 1
0.913775 0.0520138 5
0.940016 0.264902 3
0.919489 0.111935 4
0.899728 0.0211389 6
0.959179 0.55672 2
0.940442 0.266025 3
0.913452 0.106103 4
0.987254 1 1
0.91907 0.11149 4
0.940583 0.502348 2
0.98683 1 1
0.925797 0.236148 3
0.951286 0.528888 2
0.937538 0.496486 2
0.918353 0.110742 4
0.962865 0.573038 2
0.958306 0.553196 2
0.92318 0.232276 3
0.956856 0.547609 2
0.907416 0.0484013 5
0.975251 1 1
0.882607 7.19782e-06 16
0.96867 0.604287 2
0.889636 8.92936e-05 13
0.915157 0.0132655 7
0.951939 0.304953 3
0.90291 0.00119831 10
0.953349 0.311129 3
0.904507 0.00255649 9
0.886466 3.7907e-05 14
0.962512 0.361711 3
0.935904 0.074937 5
0.906266 0.00267263 9
0.975328 0.650746 2
0.87676 1.23099e-06 18
0.950348 0.298407 3
0.891735 0.00895354 7
0.96618 0.589962 2
0.895755 0.00944742 7
0.915319 0.107779 4
0.96332 0.575226 2
0.900937 0.0214488 6
0.935136 0.253274 3
0.921347 0.113997 4
0.897908 0.0206959 6
0.946404 0.515477 2
0.932952 0.248732 3
0.899197 0.0210069 6
0.980174 1 1
0.88594 0.0038155 8
0.949519 0.523745 2
0.929358 0.124739 4
0.97979 0.690028 2
0.93601 0.136674 4
0.957924 0.551695 2
0.98879 1 1
0.942515 0.271773 3
0.952833 0.308825 3
0.947811 0.288828 3
0.93321 0.131249 4
0.962435 0.571009 2
0.973541 0.636976 2
0.937759 0.140401 4
0.939236 0.143773 4
0.9232 0.0592643 5
0.987913 1 1
9 2 3 5 6 9 13 17 23 35 
33 0 1 2 3 4 5 6 7 9 10 11 12 13 14 15 16 17 18 19 20 21 23 24 25 26 28 29 33 34 35 36 38 39 
12 2 3 5 6 9 13 17 18 20 21 23 35 
36 0 1 2 3 4 5 6 7 8 9 10 11 12 13 14 15 16 17 18 19 20 21 23 24 25 26 28 29 32 33 34 35 36 37 38 39 
24 0 1 2 3 4 5 6 7 9 10 12 13 15 16 17 18 19 20 21 23 26 28 29 35 
26 1 2 3 4 5 6 7 9 10 12 13 14 15 17 18 19 20 21 23 26 28 29 33 34 35 39 
40 0 1 2 3 4 5 6 7 8 9 10 11 12 13 14 15 16 17 18 19 20 21 22 23 24 25 26 27 28 29 30 31 32 33 34 35 36 37 38 39 
6 2 5 6 9 17 23 
26 0 1 2 3 4 5 6 7 8 9 10 13 15 16 17 18 19 20 21 23 26 28 35 36 37 38 
35 0 1 2 3 4 5 6 7 8 9 10 11 12 13 14 15 16 17 18 19 20 21 23 25 26 28 29 32 33 34 35 36 37 38 39 
35 0 1 2 3 4 5 6 7 8 9 10 11 12 13 14 15 16 17 18 19 20 21 23 25 26 28 29 32 33 34 35 36 37 38 39 
40 0 1 2 3 4 5 6 7 8 9 10 11 12 13 14 15 16 17 18 19 20 21 22 23 24 25 26 27 28 29 30 31 32 33 34 35 36 37 38 39 
30 0 1 2 3 4 5 6 7 8 9 10 12 13 15 16 17 18 19 20 21 23 26 28 29 33 34 35 36 38 39 
39 0 1 2 3 4 5 6 7 8 9 10 11 12 13 14 15 16 17 18 19 20 21 23 24 25 26 27 28 29 30 31 32 33 34 35 36 37 38 39 
31 0 1 2 3 4 5 6 7 8 9 10 12 13 14 15 16 17 18 19 20 21 23 26 28 29 33 34 35 36 38 39 
