60 15 1e+07
2.02956 133955
2.87385 143916
2.60163 138080
1.7634 193509
2.6287 149410
2.2592 138844
1.92925 151113
1.77725 114701
2.59507 138745
1.8056 157425
1.48101 193633
1.28938 149835
1.37156 155830
1.58059 155195
1.28372 100448
2.56749 137432
2.10347 198155
1.37176 138477
1.07147 121191
1.93213 118053
1.92112 103846
1.35022 162995
2.16775 108351
2.22048 139749
2.90916 193310
2.31835 169089
2.30744 102456
1.51181 135819
1.4885 173208
1.01213 112938
1.39842 152088
2.38015 150295
1.30357 135008
2.95886 123650
2.35159 109214
2.39687 117073
1.35725 186693
1.62011 185476
1.38559 102591
2.52849 191990
2.39047 107271
1.50276 194817
2.13841 160154
2.7576 189789
1.62496 162525
1.8123 165274
1.86556 183440
2.12823 192500
1.33128 162785
2.29798 106849
2.45472 163777
1.2809 146145
1.16734 129447
1.3315 159695
1.36823 199526
1.23448 149444
1.72104 159262
1.74947 125175
1.70467 167934
1.60305 159590
0.917222 0.109601 4
0.910965 0.0503154 5
0.904076 0.0468009 5
0.960741 0.563341 2
0.980367 1 1
0.884832 0.0037571 8
0.944404 0.510649 2
0.968514 1 1
0.938665 0.261459 3
0.895951 0.0202476 6
0.937765 0.259265 3
0.978758 1 1
0.930883 0.244755 3
0.963559 0.576395 2
0.922909 0.115841 4
0.95084 0.527557 2
0.908727 0.102291 4
0.975684 1 1
0.881883 0.00361128 8
0.894196 0.0198689 6
0.927502 0.238863 3
0.936356 0.49437 2
0.857225 1.8245e-05 14
0.940411 0.502001 2
0.90428 0.0468939 5
0.9438 0.509259 2
0.90278 0.0462255 5
0.899852 0.0450086 5
0.889591 0.00871575 7
0.941945 0.505178 2
0.927031 0.0631099 5
0.883631 7.51129e-05 13
0.96973 0.610844 2
0.895265 0.000984878 10
0.90067 0.00233383 9
0.964937 0.583345 2
0.929294 0.0656983 5
0.860327 1.1862e-08 23
0.943828 0.275665 3
0.876149 1.2764e-05 15
0.938328 0.141675 4
0.906123 0.00542241 8
0.880912 3.20609e-05 14
0.902159 0.00499664 8
0.959728 0.558999 2
0.973465 0.636412 2
0.957475 0.331474 3
0.940803 0.14759 4
0.917642 0.0140272 7
0.939636 0.144722 4
0.895705 0.000226703 12
0.978552 0.678374 2
0.91277 0.00633198 8
0.958453 0.336843 3
0.943225 0.154033 4
0.971063 0.619516 2
0.951165 0.301716 3
0.963377 0.367598 3
0.925054 0.0319422 6
0.936701 0.0762497 5
0.972496 0.629394 2
0.957844 0.55138 2
0.938352 0.260687 3
0.876338 0.000137953 12
0.895947 0.00445675 8
0.883417 0.000768222 10
0.941251 0.26821 3
0.869539 1.06501e-05 15
0.928608 0.123585 4
0.957263 0.549145 2
0.941023 0.26759 3
0.906871 0.0231777 6
0.940219 0.265435 3
0.883873 0.000774808 10
0.91436 0.0523907 5
0.934166 0.490664 2
0.913455 0.106106 4
0.930226 0.243554 3
0.963806 1 1
0.983329 1 1
0.911731 0.104648 4
0.965396 1 1
0.940746 0.502678 2
0.966485 1 1
0.898889 0.0446313 5
0.961751 1 1
0.990629 1 1
0.927739 0.239254 3
0.971862 1 1
0.951695 0.530131 2
0.914381 0.0260094 6
0.921845 0.058045 5
0.891503 0.00193178 9
0.934873 0.134393 4
0.954092 0.537812 2
0.864586 8.15532e-07 18
0.934519 0.133706 4
0.964503 0.581116 2
0.922676 0.0587847 5
0.907352 0.0233352 6
0.926127 0.120003 4
0.956652 0.54685 2
0.944711 0.278402 3
0.93721 0.25795 3
0.903957 0.0107065 7
0.989821 1 1
0.94885 0.521888 2
0.95884 0.555337 2
0.909798 0.0496597 5
0.929039 0.124244 4
0.907757 0.0234697 6
0.977389 1 1
0.89693 0.0096052 7
0.96382 0.577682 2
0.93815 0.260195 3
0.977297 1 1
0.940057 0.265007 3
0.946485 0.284206 3
0.917736 0.0547355 5
0.945801 0.28192 3
0.966557 1 1
0.946587 0.515936 2
0.942775 0.50697 2
0.92844 0.240427 3
0.95026 0.525862 2
0.902312 0.0460235 5
0.986933 1 1
0.920062 0.228079 3
0.967054 1 1
0.932181 0.487526 2
0.97764 1 1
0.961911 1 1
0.955659 0.543233 2
0.936039 0.493817 2
0.944541 0.510968 2
0.917128 0.0272826 6
0.901131 0.00235856 9
0.913457 0.0127923 7
0.978763 0.680312 2
0.996249 1 1
0.902009 0.00240715 9
0.947488 0.287681 3
0.954921 0.318463 3
0.948985 0.293136 3
0.886397 8.11387e-05 13
0.943563 0.154986 4
0.984419 1 1
0.918015 0.0277265 6
0.984263 1 1
0.937785 0.140457 4
0.947733 0.168022 4
0.903808 0.00122894 10
0.988431 0.790927 2
0.909651 0.00292618 9
0.91881 0.0144168 7
0.951535 0.182241 4
0.952158 0.305888 3
0.878411 6.01741e-07 19
0.965453 0.382662 3
0.895017 0.000106188 13
0.961407 0.354503 3
0.925715 0.0324115 6
0.90237 0.000576554 11
0.917291 0.00713809 8
0.974395 0.64343 2
0.915145 0.0132619 7
0.909925 0.00590811 8
0.9016 0.00115601 10
0.959749 0.344314 3
0.978183 0.675021 2
0.882521 7.17617e-06 16
0.941987 0.150654 4
0.971076 0.6196 2
0.936067 0.0752013 5
0.89495 0.000221523 12
0.935272 0.0739289 5
0.976051 0.65662 2
0.93018 0.0667838 5
0.962054 0.358679 3
0.920379 0.0149756 7
0.955872 0.543998 2
0.952406 0.532333 2
0.926986 0.238024 3
0.926225 0.236814 3
0.949695 0.524244 2
0.88787 0.0186559 6
0.970445 1 1
0.92835 0.240275 3
0.951887 0.530718 2
0.936811 0.495175 2
0.961162 1 1
0.960716 1 1
0.967995 1 1
0.932827 0.488525 2
0.929732 0.242668 3
0.920753 0.0571111 5
0.878298 2.98011e-05 14
0.95993 0.55985 2
0.876487 1.289e-05 15
0.88307 7.39835e-05 13
0.949247 0.294126 3
0.915842 0.0266679 6
0.843894 7.34719e-12 0
0.927312 0.0634176 5
0.872982 5.26297e-06 16
0.924551 0.0605494 5
0.889251 0.000401998 11
0.872246 2.32004e-06 17
0.883408 7.46615e-05 13
0.940051 0.145727 4
0.901619 0.00115658 10
0.87509 1.1577e-06 18
0.914831 0.0131718 7
0.973926 0.63986 2
0.958831 0.33898 3
0.92573 0.0324228 6
0.930555 0.0672559 5
0.924398 0.0314901 6
0.943463 0.154702 4
0.861497 1.07783e-09 26
0.931758 0.0688255 5
0.952194 0.306042 3
0.887946 8.48789e-05 13
0.975742 0.65409 2
0.947237 0.166341 4
0.932151 0.0693568 5
0.945973 0.162224 4
0.901963 0.00116745 10
0.920404 0.0290113 6
0.942998 0.153398 4
0.866286 1.5188e-08 23
0.944841 0.158727 4
0.940068 0.145768 4
0.928264 0.064489 5
0.931186 0.0680679 5
0.935745 0.136131 4
0.950554 0.299231 3
0.969528 0.609573 2
0.924905 0.031838 6
0.907161 0.0055468 8
0.949987 0.525075 2
0.975737 1 1
0.911297 0.0505073 5
0.900638 0.021371 6
0.923643 0.116747 4
0.866421 5.01395e-05 13
0.947376 0.517954 2
0.911902 0.104789 4
0.927864 0.239461 3
0.96019 0.560956 2
0.939408 0.263331 3
0.933728 0.250304 3
0.995963 1 1
0.906592 0.0479897 5
0.906426 0.0479081 5
0.971862 0.624951 2
0.942732 0.152666 4
0.95225 0.185201 4
0.926445 0.0329477 6
0.946567 0.164131 4
0.909949 0.00295058 9
0.994135 1 1
0.913122 0.00638851 8
0.974045 0.640759 2
0.929413 0.0353255 6
0.986601 0.76635 2
0.957833 0.333416 3
0.94836 0.1702 4
0.934408 0.0725965 5
0.951911 0.183787 4
0.888948 0.00864753 7
0.855128 7.58369e-06 15
0.915669 0.108106 4
0.936963 0.495448 2
0.924516 0.23421 3
0.951171 0.528544 2
0.912343 0.105156 4
0.889217 0.00867596 7
0.930307 0.243699 3
0.843118 8.26119e-08 20
0.917117 0.109497 4
0.920858 0.22911 3
0.863704 0.000107979 12
0.938959 0.499145 2
0.946514 0.515752 2
0.934624 0.072925 5
0.902085 0.00117135 10
0.947811 0.168289 4
0.952932 0.309266 3
0.959516 0.342943 3
0.93804 0.141026 4
0.962249 0.359964 3
0.916322 0.0136118 7
0.978923 0.681798 2
0.889087 8.7819e-05 13
0.965798 0.587893 2
0.96286 0.364052 3
0.910983 0.00605907 8
0.960904 0.351338 3
0.977455 0.668544 2
0.9202 0.0288963 6
0.880023 3.12613e-05 14
0.952067 0.305497 3
0.863027 2.98377e-08 22
0.871691 1.02696e-06 18
0.930261 0.0668851 5
0.90873 0.0116495 7
0.833922 4.6712e-12 0
0.916722 0.0270849 6
0.876816 1.3014e-05 15
0.916785 0.0271153 6
0.878849 1.38262e-05 15
0.870856 9.98166e-07 18
0.870158 9.75002e-07 18
0.92553 0.0615284 5
0.919704 0.0286207 6
0.879818 3.10821e-05 14
0.950866 0.300493 3
0.861663 2.83069e-08 22
0.870456 9.84803e-07 18
0.928599 0.0648762 5
0.907743 0.0114389 7
0.83282 4.45281e-12 0
0.915475 0.0264986 6
0.876811 1.30121e-05 15
0.915732 0.0266169 6
0.877673 1.33471e-05 15
0.870392 9.82681e-07 18
0.868801 9.32201e-07 18
0.924028 0.0600432 5
0.92646 0.120464 4
0.898674 0.00467712 8
0.934944 0.134534 4
0.966315 0.590702 2
0.970842 0.618042 2
0.928471 0.123378 4
0.95639 0.545883 2
0.927584 0.122065 4
0.968289 0.601995 2
0.88496 0.000364301 11
0.957275 0.549191 2
0.970932 0.618644 2
0.910356 0.0243872 6
0.974452 0.643865 2
0.964161 0.579385 2
0.969573 0.609856 2
0.982987 0.723106 2
0.926946 0.0333257 6
0.891426 9.43977e-05 13
0.913397 0.0064334 8
0.876121 5.48605e-07 19
0.951485 0.303043 3
0.892998 0.000209007 12
0.933143 0.0707399 5
0.971031 0.619299 2
0.946471 0.163819 4
0.924473 0.0315409 6
0.970634 0.616671 2
0.898414 0.000511705 11
0.913593 0.00646565 8
0.913447 0.106099 4
0.901717 0.0457711 5
0.906288 0.0478407 5
0.974406 1 1
0.99023 1 1
0.893056 0.00910845 7
0.942794 0.507012 2
0.96432 0.580183 2
0.941621 0.504492 2
0.886855 0.00386528 8
0.93777 0.259276 3
0.980853 1 1
0.92014 0.112642 4
0.977019 1 1
0.929035 0.241446 3
0.894668 0.00205357 9
0.863326 3.47085e-07 19
0.916464 0.0269607 6
0.951915 0.304851 3
0.938415 0.260843 3
0.941597 0.26917 3
0.920571 0.0569597 5
0.903388 0.0106059 7
0.937199 0.139176 4
0.850636 6.6867e-10 26
0.924134 0.0601449 5
0.933765 0.132275 4
0.873577 1.18681e-05 15
0.953747 0.312942 3
0.949272 0.294221 3
0.894092 0.0428999 5
0.854909 1.74213e-05 14
0.930155 0.243425 3
0.910868 0.103948 4
0.90509 0.099712 4
0.983283 1 1
0.909945 0.103219 4
0.866339 0.000582083 10
0.929082 0.241527 3
0.844782 4.74881e-07 18
0.917222 0.2246 3
0.905119 0.099732 4
0.858731 4.31556e-05 13
0.915057 0.222143 3
0.950948 0.527879 2
0.984778 0.743704 2
0.964404 0.580612 2
0.943013 0.153442 4
0.889999 0.000191977 12
0.910313 0.00596253 8
0.889073 8.77821e-05 13
0.95537 0.320652 3
0.883731 3.48299e-05 14
0.940569 0.147005 4
0.957875 0.333645 3
0.953779 0.313087 3
0.921451 0.0296183 6
0.95174 0.304112 3
0.897554 0.00104097 10
0.923816 0.0311 6
0.969335 0.608367 2
0.956645 0.546822 2
0.937862 0.140629 4
0.920065 0.0565437 5
0.942457 0.271604 3
0.894258 0.00203688 9
0.977887 0.672367 2
0.916495 0.0269759 6
0.957708 0.550855 2
0.941907 0.270038 3
0.969592 0.609971 2
0.953982 0.314025 3
0.964974 0.583536 2
0.927343 0.121715 4
0.935639 0.135917 4
0.93139 0.0683364 5
0.917001 0.0138223 7
0.921624 0.0154501 7
0.961969 0.358124 3
0.986318 0.76271 2
0.900664 0.000546969 11
0.961065 0.352343 3
0.950288 0.177304 4
0.957054 0.329231 3
0.902018 0.00116919 10
0.95527 0.32016 3
0.996774 1 1
0.933732 0.0715908 5
0.968471 0.603087 2
0.94055 0.146957 4
0.947326 0.517823 2
0.906483 0.0479361 5
0.973721 1 1
0.92705 0.238128 3
0.936014 0.493774 2
0.949159 0.522741 2
0.96297 1 1
0.894446 0.0199216 6
0.981172 1 1
0.895642 0.0201796 6
0.971691 1 1
0.942341 0.506027 2
0.909205 0.102651 4
0.934873 0.252706 3
0.989728 1 1
0.990199 1 1
0.950235 0.297962 3
0.956617 0.326946 3
0.892653 0.000437362 11
0.911353 0.0122544 7
0.901182 0.00236134 9
0.958867 0.339188 3
0.880711 1.46434e-05 15
0.94813 0.289979 3
0.94392 0.15601 4
0.960234 0.34722 3
0.922184 0.0300608 6
0.940012 0.145631 4
0.900486 0.00232411 9
0.934021 0.132755 4
0.912918 0.0126495 7
0.874264 5.471e-06 16
0.942393 0.27142 3
0.853925 3.34591e-10 27
0.862609 2.93572e-08 22
0.92234 0.0584823 5
0.899899 0.0022936 9
0.825368 3.24863e-12 0
0.907248 0.00555754 8
0.872014 2.30292e-06 17
0.907722 0.0114345 7
0.869805 9.63584e-07 18
0.864058 6.99506e-08 21
0.860983 1.21772e-08 23
0.915781 0.0266394 6
0.872658 2.1738e-07 20
0.836688 5.27679e-12 0
0.904675 0.00256714 9
0.911737 0.00617139 8
0.899543 0.00109475 10
0.954389 0.315927 3
0.892363 0.000205186 12
0.865191 6.46373e-09 24
0.910879 0.00604385 8
0.825721 3.29661e-12 0
0.898227 0.000508953 11
0.896527 0.000485042 11
0.843228 7.11941e-12 0
0.913441 0.00644056 8
0.930189 0.066795 5
0.947278 0.286939 3
0.907023 0.0112906 7
0.971748 0.624164 2
0.929193 0.124482 4
0.938268 0.141539 4
0.947993 0.289481 3
0.96432 0.580183 2
0.896582 0.00213527 9
0.983102 1 1
0.895944 0.00210729 9
0.972819 0.631702 2
0.944562 0.277934 3
0.91027 0.0119963 7
0.937057 0.138871 4
0.990282 1 1
0.9272 0.12151 4
0.886908 0.00177968 9
0.957502 0.550059 2
0.866554 2.22641e-05 14
0.876158 0.000304607 11
0.929146 0.241639 3
0.914607 0.0525518 5
0.838608 7.53881e-11 28
0.921631 0.114324 4
0.883676 0.00168699 9
0.922513 0.115364 4
0.883697 0.00168755 9
0.877488 0.000312413 11
0.873842 0.000130945 12
0.928855 0.241136 3
0.912389 0.012513 7
0.874988 5.59405e-06 16
0.942209 0.151248 4
0.934096 0.132896 4
0.930516 0.12659 4
0.967356 0.59654 2
0.932948 0.130773 4
0.890005 0.000409381 11
0.952485 0.307303 3
0.863586 6.87341e-08 21
0.939374 0.144099 4
0.930852 0.127144 4
0.880963 3.21083e-05 14
0.939373 0.144096 4
0.972577 0.629965 2
0.967534 0.597566 2
0.980974 0.701754 2
0.92553 0.0322789 6
0.882348 1.5426e-05 15
0.903829 0.00251424 9
0.873025 4.86824e-07 19
0.943854 0.155821 4
0.882962 1.57366e-05 15
0.926769 0.0628268 5
0.975952 0.655806 2
0.940095 0.145834 4
0.914859 0.0131797 7
0.961704 0.356405 3
0.88942 8.87084e-05 13
0.908566 0.00572473 8
0.953501 0.535849 2
0.961556 0.566964 2
0.919731 0.0562742 5
0.916436 0.0537964 5
0.939828 0.264411 3
0.878266 6.53775e-05 13
0.960631 0.56286 2
0.923969 0.0599866 5
0.941438 0.268726 3
0.945695 0.281569 3
0.95176 0.304195 3
0.950249 0.298015 3
0.979679 1 1
0.922615 0.0587296 5
0.91948 0.056074 5
0.920685 0.0150897 7
0.885482 1.71204e-05 15
0.94398 0.156185 4
0.946519 0.163972 4
0.945107 0.159533 4
0.953492 0.311779 3
0.944718 0.158358 4
0.903516 0.00121884 10
0.963663 0.369591 3
0.873261 2.22713e-07 20
0.950003 0.297044 3
0.945679 0.1613 4
0.893106 0.000209668 12
0.952706 0.308269 3
0.978041 0.67374 2
0.958547 0.554158 2
0.938027 0.259896 3
0.938836 0.261886 3
0.86407 4.10314e-06 16
0.881946 0.000341547 11
0.884901 0.000790057 10
0.927985 0.122653 4
0.853181 4.79683e-08 21
0.919467 0.0560635 5
0.940149 0.26525 3
0.930085 0.12589 4
0.892438 0.00420528 8
0.920053 0.112547 4
0.871695 2.5127e-05 14
0.909583 0.0241044 6
0.995885 1 1
0.954528 0.539287 2
0.954454 0.539036 2
0.90356 0.046569 5
0.923271 0.232405 3
0.901904 0.0458498 5
0.970598 1 1
0.893043 0.00910688 7
0.956349 0.545732 2
0.944696 0.511333 2
0.969752 1 1
0.934394 0.251689 3
0.949285 0.52309 2
0.911374 0.104356 4
0.938802 0.2618 3
0.939561 0.263721 3
0.902448 0.0104445 7
0.956255 0.545387 2
0.864466 1.83441e-06 17
0.877137 0.000140342 12
0.91352 0.0518526 5
0.920019 0.0565069 5
0.841702 1.55381e-11 30
0.922128 0.114906 4
0.900851 0.0101833 7
0.926615 0.120681 4
0.885915 0.000805717 10
0.890248 0.00188757 9
0.872052 2.53477e-05 14
0.923319 0.116344 4
0.962288 1 1
0.919627 0.227526 3
0.977119 1 1
0.886824 0.0084316 7
0.900823 0.0454001 5
0.922337 0.231099 3
0.945245 0.512636 2
0.864781 0.000250166 11
0.946377 0.515408 2
0.914702 0.107214 4
0.951948 0.530908 2
0.910055 0.103306 4
0.910694 0.103809 4
0.894684 0.0199723 6
0.943611 0.508831 2
0.932328 0.2475 3
0.888822 0.00183984 9
0.973839 0.639206 2
0.888802 0.00183918 9
0.896261 0.00951456 7
0.953234 0.534977 2
0.929578 0.125084 4
0.856629 2.82023e-07 19
0.941418 0.268673 3
0.882382 0.000753677 10
0.938474 0.260986 3
0.902716 0.021929 6
0.884069 0.000777674 10
0.895983 0.00445955 8
0.953358 0.535382 2
0.931254 0.245445 3
0.88767 0.0085159 7
0.974145 1 1
0.897649 0.0206347 6
0.903789 0.0466712 5
0.962508 0.571351 2
0.933472 0.249779 3
0.863416 4.7205e-05 13
0.947712 0.518832 2
0.880043 0.00352661 8
0.942546 0.50647 2
0.909539 0.102907 4
0.885007 0.00376621 8
0.9047 0.0470867 5
0.962666 0.572093 2
0.934768 0.252482 3
0.891282 0.00890191 7
0.977026 1 1
0.904852 0.0471574 5
0.911104 0.0503957 5
0.96325 0.574889 2
0.939749 0.264207 3
0.870368 0.000122185 12
0.95494 0.540706 2
0.882891 0.00166602 9
0.948868 0.521936 2
0.916785 0.109172 4
0.889831 0.00403826 8
0.912002 0.050922 5
0.970464 1 1
0.920885 0.0292869 6
0.882407 1.54553e-05 15
0.948029 0.289613 3
0.857595 3.95852e-10 27
0.867382 7.94282e-08 21
0.921013 0.0293607 6
0.906312 0.00544465 8
0.830466 4.02464e-12 0
0.912453 0.0125293 7
0.880288 6.64217e-06 16
0.913913 0.0129156 7
0.875026 1.15498e-06 18
0.871723 4.63793e-07 19
0.864832 1.42706e-08 23
0.919188 0.0283405 6
0.929943 0.243044 3
0.90448 0.0469851 5
0.933774 0.250398 3
0.966845 0.593644 2
0.976996 1 1
0.922158 0.114941 4
0.960806 0.563625 2
0.933024 0.248876 3
0.96914 1 1
0.890433 0.00880725 7
0.960121 0.56066 2
0.978673 1 1
0.917075 0.109456 4
0.975451 1 1
0.960102 0.560581 2
0.949251 0.522996 2
0.909269 0.023992 6
0.971446 0.622097 2
0.92994 0.125659 4
0.939782 0.264291 3
0.945471 0.280838 3
0.966896 0.593928 2
0.898208 0.0097846 7
0.985593 1 1
0.898052 0.00976219 7
0.975385 1 1
0.946404 0.283934 3
0.912684 0.0513339 5
0.937902 0.259593 3
0.988188 1 1
0.939064 0.262458 3
0.928508 0.240543 3
0.922852 0.115773 4
0.949824 0.52461 2
0.974048 1 1
0.895296 0.00938754 7
0.966081 0.589421 2
0.946606 0.515984 2
0.956209 0.54522 2
0.91327 0.0516959 5
0.95837 0.55345 2
0.984596 1 1
0.945787 0.513948 2
0.956127 0.544922 2
0.936653 0.256656 3
0.901371 0.0215631 6
0.864058 4.10177e-06 16
0.932834 0.248496 3
0.928139 0.12288 4
0.921618 0.114309 4
0.970632 0.616662 2
0.921267 0.113905 4
0.882618 0.000756954 10
0.94056 0.266339 3
0.852878 1.09567e-07 20
0.927645 0.122153 4
0.920873 0.113457 4
0.869993 5.4043e-05 13
0.932346 0.247534 3
0.960826 0.563711 2
0.956365 0.325643 3
0.927434 0.0337035 6
0.94772 0.167979 4
0.865753 6.62969e-09 24
0.882176 7.08947e-06 16
0.894971 0.000221659 12
0.928305 0.0645357 5
0.850791 1.03181e-11 0
0.923058 0.0306078 6
0.92786 0.0340399 6
0.932081 0.0692611 5
0.892272 0.000204652 12
0.911665 0.00616052 8
0.873465 2.24556e-07 20
0.916194 0.0135728 7
0.88229 0.000752414 10
0.84508 2.92035e-09 24
0.915673 0.0532668 5
0.913439 0.0518019 5
0.903702 0.0222082 6
0.966185 0.58999 2
0.900867 0.0214304 6
0.867252 2.2621e-05 14
0.919772 0.112241 4
0.834354 4.76033e-12 0
0.907251 0.0483183 5
0.901833 0.0216869 6
0.850697 4.43079e-08 21
0.916209 0.0536371 5
0.940142 0.265231 3
0.98239 1 1
0.963835 0.577757 2
0.94199 0.270272 3
0.887005 0.00387363 8
0.907195 0.0482901 5
0.887696 0.00391244 8
0.952283 0.53195 2
0.880752 0.00073187 10
0.937921 0.259639 3
0.958606 0.554393 2
0.950984 0.527986 2
0.918291 0.110679 4
0.949732 0.524347 2
0.894551 0.00929239 7
0.921677 0.114378 4
0.95313 0.534643 2
0.91246 0.105255 4
0.970687 1 1
0.878487 0.00345847 8
0.891735 0.0193706 6
0.920864 0.229118 3
0.935289 0.492532 2
0.855728 1.7706e-05 14
0.937293 0.496041 2
0.908842 0.102377 4
0.942085 0.505477 2
0.900705 0.0453518 5
0.902232 0.0459893 5
0.886233 0.00837384 7
0.936825 0.495201 2
0.937266 0.139323 4
0.905226 0.00531949 8
0.948342 0.290753 3
0.952741 0.308421 3
0.961156 0.565169 2
0.935408 0.135452 4
0.965495 0.586273 2
0.917928 0.0276822 6
0.981309 0.705181 2
0.89211 0.000916384 10
0.968627 0.604022 2
0.965342 0.585463 2
0.914272 0.0259617 6
0.960926 0.564152 2
0.976103 0.657052 2
0.915027 0.0528298 5
0.875407 0.000300357 11
0.946519 0.515763 2
0.858438 1.5556e-06 17
0.866764 2.23705e-05 14
0.927728 0.239235 3
0.903382 0.0221164 6
0.829116 3.80036e-12 0
0.911468 0.0506069 5
0.87254 0.000127534 12
0.911401 0.0505677 5
0.873795 0.000130819 12
0.865965 2.19705e-05 14
0.865481 2.17337e-05 14
0.920709 0.113273 4
0.933213 0.0708406 5
0.88965 8.93317e-05 13
0.974827 0.646783 2
0.889491 8.89015e-05 13
0.897065 0.000492395 11
0.953076 0.309906 3
0.930522 0.0672139 5
0.857425 7.58736e-11 29
0.942322 0.151552 4
0.883152 1.58349e-05 15
0.939425 0.144218 4
0.903564 0.00249803 9
0.884951 1.6813e-05 15
0.896698 0.000487349 11
0.954087 0.314514 3
0.936883 0.495304 2
0.896361 0.0203394 6
0.964311 1 1
0.871485 0.000628232 10
0.882383 0.00363508 8
0.927123 0.238246 3
0.92271 0.231616 3
0.845221 2.05029e-07 19
0.92824 0.24009 3
0.892997 0.0196216 6
0.93035 0.243777 3
0.890437 0.0191219 6
0.886681 0.00841754 7
0.878969 0.00347924 8
0.93301 0.248846 3
32 1 2 4 10 13 18 20 21 26 30 31 32 33 34 35 36 39 40 42 43 44 45 46 47 49 51 52 53 55 57 58 59 
56 0 1 2 3 4 5 7 8 9 10 11 12 13 14 17 18 19 20 21 22 23 24 25 26 27 28 29 30 31 32 34 35 36 37 38 39 40 41 42 43 44 45 46 47 48 49 50 51 52 53 54 55 56 57 58 59 
22 1 2 10 13 20 21 26 32 33 35 42 43 44 45 46 47 52 53 55 57 58 59 
55 1 2 3 4 5 7 8 9 10 12 13 14 16 17 18 19 20 21 22 23 25 26 27 28 29 30 31 32 33 34 35 36 37 38 39 40 41 42 43 44 45 46 47 48 49 50 51 52 53 54 55 56 57 58 59 
55 1 2 3 4 5 7 8 10 12 13 14 15 16 17 18 19 20 21 22 23 25 26 27 28 29 30 31 32 33 34 35 36 37 38 39 40 41 42 43 44 45 46 47 48 49 50 51 52 53 54 55 56 57 58 59 
5 13 20 21 32 57 
40 1 2 4 7 10 13 18 19 20 21 25 26 27 30 31 32 33 34 35 36 37 39 40 41 42 43 44 45 46 47 49 51 52 53 54 55 56 57 58 59 
53 0 1 2 3 4 5 6 7 8 9 10 11 12 14 15 16 17 18 19 22 23 24 25 26 27 28 29 30 31 33 34 35 36 37 38 39 40 41 42 43 44 45 46 48 49 50 51 53 54 55 56 58 59 
32 1 2 10 13 18 20 21 25 26 30 31 32 33 34 35 36 39 40 42 43 44 45 46 47 49 51 52 53 55 57 58 59 
33 1 2 4 7 10 13 20 21 26 27 30 31 32 34 35 36 37 40 41 42 43 44 45 46 47 49 51 52 54 55 57 58 59 
35 1 2 10 13 14 18 19 20 21 22 25 26 30 32 33 34 35 36 39 40 42 43 44 45 46 47 49 51 52 53 55 56 57 58 59 
53 1 2 3 4 5 7 8 10 12 13 15 16 17 18 19 20 21 22 23 25 26 27 28 30 31 32 33 34 35 36 37 38 39 40 41 42 43 44 45 46 47 48 49 50 51 52 53 54 55 56 57 58 59 
57 0 1 2 3 4 5 7 8 9 10 11 12 13 14 16 17 18 19 20 21 22 23 24 25 26 27 28 29 30 31 32 34 35 36 37 38 39 40 41 42 43 44 45 46 47 48 49 50 51 52 53 54 55 56 57 58 59 
54 1 2 3 4 5 7 8 10 12 13 14 16 17 18 19 20 21 22 23 25 26 27 28 29 30 31 32 33 34 35 36 37 38 39 40 41 42 43 44 45 46 47 48 49 50 51 52 53 54 55 56 57 58 59 
25 1 2 10 13 18 20 21 26 32 33 35 36 42 43 44 45 46 47 51 52 53 55 57 58 59 
