40 15 1e+07
2.18789 134412
1.17977 124646
1.69897 163590
1.59909 147131
2.70673 186677
2.34225 165021
1.39835 181193
1.37013 147871
1.77476 103126
1.15222 123969
1.78502 118421
2.44407 175997
2.13666 193158
1.60562 116957
2.38042 152834
1.637 193616
2.5491 170068
1.17656 132381
2.65916 148934
1.97219 119977
1.33964 101282
2.47345 109491
1.2977 199938
1.16233 145862
1.69293 152526
1.90533 160676
1.25741 106395
1.32403 194619
1.02705 168548
1.24524 145937
2.61952 162619
2.46795 131961
1.98807 140069
1.93973 154415
1.45959 161084
1.66614 166805
2.16416 123296
2.43064 190451
1.15878 163289
2.64363 179955
0.953189 0.310411 3
0.934951 0.134547 4
0.882109 7.21118e-05 13
0.928812 0.123896 4
0.906737 0.011233 7
0.889111 0.000400663 11
0.868204 9.14221e-07 18
0.894607 0.000969797 10
0.894763 0.000973335 10
0.951622 0.303615 3
0.875647 1.25809e-05 15
0.933596 0.131959 4
0.888756 0.000397291 11
0.920591 0.0569765 5
0.953598 0.31226 3
0.903887 0.0222619 6
0.924307 0.117587 4
0.913976 0.0521425 5
0.915773 0.0533348 5
0.876499 0.000138429 12
0.928588 0.123555 4
0.948716 0.29213 3
0.94073 0.266794 3
0.959877 0.559628 2
0.917632 0.0546585 5
0.907137 0.0232644 6
0.914599 0.052547 5
0.983102 1 1
0.952943 0.53404 2
0.875451 6.10973e-05 13
0.884947 7.7883e-05 13
0.922655 0.0587661 5
0.934172 0.133042 4
0.919052 0.0282676 6
0.886946 0.000176961 12
0.946649 0.284766 3
0.977178 0.666135 2
0.955116 0.319408 3
0.930517 0.126592 4
0.910262 0.0119945 7
0.928777 0.0650844 5
0.891917 0.000429246 11
0.95396 0.313921 3
0.936439 0.137562 4
0.874569 5.52236e-06 16
0.881663 0.000743907 10
0.944591 0.278026 3
0.981543 1 1
0.957085 0.54847 2
0.959761 0.559139 2
0.971275 0.620943 2
0.937733 0.259189 3
0.959773 0.559188 2
0.884392 0.00078244 10
0.927108 0.121377 4
0.979618 1 1
0.876129 0.000137342 12
0.900083 0.0100634 7
0.915348 0.0530457 5
0.922816 0.115728 4
0.919272 0.111704 4
0.971422 1 1
0.93721 0.25795 3
0.980545 1 1
0.961172 0.56524 2
0.940425 0.265979 3
0.910619 0.0501181 5
0.940792 0.266963 3
0.896909 0.00960233 7
0.964777 0.582517 2
0.931423 0.245763 3
0.907966 0.0486827 5
0.903729 0.022216 6
0.932452 0.247743 3
0.969103 0.606927 2
0.876536 0.00030679 11
0.922664 0.115545 4
0.918975 0.11139 4
0.934941 0.252853 3
0.975364 1 1
0.912788 0.0513975 5
0.880124 0.000723788 10
0.906502 0.0479458 5
0.8515 1.05112e-07 20
0.916185 0.108593 4
0.918259 0.110645 4
0.86348 9.16148e-06 15
0.859811 3.68213e-06 16
0.885266 0.00173125 9
0.95098 0.527974 2
0.904588 0.00524876 8
0.964119 0.57917 2
0.96918 0.607404 2
0.966846 0.593648 2
0.934728 0.13411 4
0.983849 1 1
0.959829 0.559422 2
0.991633 1 1
0.917968 0.0277023 6
0.94599 0.282544 3
0.960443 0.562043 2
0.903006 0.00246467 9
0.934641 0.133941 4
0.947783 0.288727 3
0.919607 0.0285676 6
0.892312 0.00902035 7
0.942577 0.27195 3
0.960062 0.560409 2
0.942304 0.271165 3
0.91261 0.0512888 5
0.974033 1 1
0.984301 1 1
0.982112 1 1
0.922178 0.114964 4
0.926794 0.237717 3
0.953396 0.535507 2
0.894903 0.00933695 7
0.943456 0.508483 2
0.942061 0.270473 3
0.896145 0.00949909 7
0.976518 0.660509 2
0.934832 0.252619 3
0.87919 0.000146823 12
0.924716 0.118115 4
0.89383 0.00201978 9
0.888606 0.000850384 10
0.872698 2.57562e-05 14
0.896441 0.004495 8
0.912332 0.0251503 6
0.953425 0.535601 2
0.872 2.53153e-05 14
0.956208 0.545217 2
0.902739 0.0104937 7
0.932917 0.130716 4
0.935264 0.253552 3
0.887884 0.0186584 6
0.938632 0.498521 2
0.933253 0.489197 2
0.95161 0.529869 2
0.98879 1 1
0.928375 0.240317 3
0.89526 0.0433004 5
0.922652 0.231535 3
0.866319 0.000256461 11
0.930359 0.243794 3
0.931418 0.245753 3
0.875867 0.00150019 9
0.8753 0.00148829 9
0.90061 0.0453132 5
0.957528 0.550159 2
0.876338 5.53339e-07 19
0.918709 0.0143823 7
0.911142 0.0060824 8
0.930133 0.0667248 5
0.967114 0.595163 2
0.905579 0.00262613 9
0.873229 2.22426e-07 20
0.899917 0.000534805 11
0.848029 8.97876e-12 0
0.913944 0.00652442 8
0.910185 0.00594447 8
0.862484 5.01726e-10 27
0.855326 1.30944e-11 0
0.881644 3.21629e-06 17
0.952705 0.308263 3
0.904363 0.0224013 6
0.953045 0.534366 2
0.932696 0.248222 3
0.96429 0.58003 2
0.975053 1 1
0.931718 0.128606 4
0.899707 0.0100059 7
0.92892 0.124061 4
0.879708 0.000326314 11
0.946933 0.28574 3
0.928812 0.123896 4
0.891888 0.0019458 9
0.887032 0.000823671 10
0.914589 0.0525405 5
0.971691 0.623772 2
0.868655 1.86174e-07 20
0.93061 0.0673259 5
0.98331 0.726703 2
0.942112 0.150986 4
0.948363 0.290829 3
0.967412 0.596862 2
0.939553 0.144523 4
0.953906 0.313673 3
0.876462 5.85847e-06 16
0.912955 0.0126593 7
0.989426 1 1
0.86424 3.12967e-08 22
0.893807 0.000450666 11
0.904996 0.00529379 8
0.908191 0.00567609 8
0.9652 0.584716 2
0.952634 0.533055 2
0.902958 0.0105312 7
0.938164 0.260229 3
0.894692 0.00205456 9
0.91631 0.0537079 5
0.910109 0.0242959 6
0.92786 0.122469 4
0.957621 0.550516 2
0.962492 0.571273 2
0.894823 0.00205995 9
0.969521 0.609525 2
0.949982 0.296962 3
0.97874 1 1
0.916815 0.0540655 5
0.954702 0.317413 3
0.971915 0.625315 2
0.914517 0.0130831 7
0.962008 0.569025 2
0.925511 0.0615089 5
0.923584 0.0596221 5
0.903419 0.00512414 8
0.930425 0.067091 5
0.920197 0.0288944 6
0.99024 1 1
0.907136 0.00554372 8
0.942167 0.151133 4
0.91967 0.0286019 6
0.953145 0.310213 3
0.955632 0.321947 3
0.981978 1 1
0.947335 0.287141 3
0.890954 0.000893528 10
0.935468 0.135573 4
0.899539 0.0047522 8
0.90144 0.00492689 8
0.887041 0.000381721 11
0.910181 0.0119756 7
0.926369 0.0623999 5
0.965804 0.587926 2
0.883401 0.00016194 12
0.964747 0.582364 2
0.917956 0.0276963 6
0.948979 0.293115 3
0.935419 0.135475 4
0.984786 1 1
0.930061 0.243255 3
0.874641 0.000296134 11
0.918855 0.111264 4
0.885832 0.00380971 8
0.884855 0.00171958 9
0.871326 0.000124493 12
0.893513 0.00916373 7
0.917531 0.109908 4
0.94838 0.520609 2
0.86727 5.10233e-05 13
0.964768 0.582472 2
0.905794 0.0476019 5
0.934119 0.251113 3
0.925533 0.235741 3
0.882899 0.00806608 7
0.938119 0.497559 2
0.942899 0.507243 2
0.952194 0.531669 2
0.99872 1 1
0.936192 0.494084 2
0.90269 0.0461865 5
0.928861 0.241146 3
0.866888 0.000586704 10
0.927054 0.238135 3
0.941882 0.505044 2
0.872253 0.00142754 9
0.87763 0.00342216 8
0.900793 0.0453879 5
0.947312 0.517788 2
0.93251 0.129988 4
0.95811 0.552421 2
0.926894 0.121073 4
0.94665 0.284769 3
0.902634 0.0104759 7
0.942026 0.270372 3
0.94196 0.270185 3
0.955291 0.541933 2
0.959576 0.558361 2
0.95334 0.535324 2
0.918658 0.0554313 5
0.937786 0.259315 3
0.970873 0.618247 2
0.986766 1 1
0.908646 0.0237734 6
0.899086 0.0209797 6
0.961364 0.566099 2
0.961798 0.56806 2
0.976051 1 1
0.971286 1 1
0.960395 0.561836 2
0.926519 0.237279 3
0.955231 0.541721 2
0.891157 0.00888782 7
0.945875 0.514164 2
0.957006 0.548172 2
0.891093 0.00888063 7
0.903218 0.0220699 6
0.925312 0.235405 3
0.945225 0.512588 2
0.933631 0.132024 4
0.919001 0.0556972 5
0.884901 0.000168012 12
0.905972 0.0110822 7
0.862994 1.51896e-07 20
0.89958 0.00475585 8
0.908169 0.0115287 7
0.912457 0.0252007 6
0.992595 1 1
0.922903 0.0589913 5
0.877202 2.89297e-05 14
0.950613 0.29947 3
0.968221 0.601591 2
0.957719 0.550896 2
0.877979 2.9543e-05 14
0.918216 0.0142161 7
0.946283 0.163212 4
0.909253 0.00289413 9
0.950613 0.29947 3
0.948719 0.171479 4
0.911178 0.00608766 8
0.88232 7.12536e-06 16
0.911555 0.00614387 8
0.879442 2.96493e-06 17
0.950389 0.298571 3
0.904476 0.00125264 10
0.902386 0.00118106 10
0.881904 7.0222e-06 16
0.912823 0.00634037 8
0.999279 1 1
0.911149 0.104173 4
0.907505 0.0484467 5
0.884336 0.00373162 8
0.896078 0.020276 6
0.85453 3.24415e-06 16
0.898947 0.0209455 6
0.915196 0.107666 4
0.91152 0.104475 4
0.97808 1 1
0.907365 0.0483759 5
0.877207 0.0015291 9
0.927219 0.238401 3
0.972779 1 1
0.944708 0.51136 2
0.863013 4.68332e-05 13
0.911149 0.0246862 6
0.954339 0.538643 2
0.946353 0.283761 3
0.948858 0.292659 3
0.91023 0.0243403 6
0.962098 0.569438 2
0.965337 0.58544 2
0.975706 0.653793 2
0.940804 0.266993 3
0.941663 0.269351 3
0.938413 0.260838 3
0.914712 0.0526211 5
0.960255 0.561236 2
0.962908 0.573244 2
0.904008 0.0107156 7
0.962991 0.57364 2
0.92326 0.232389 3
0.868983 0.00026806 11
0.914789 0.107293 4
0.88892 0.00864466 7
0.877344 0.00153213 9
0.859938 4.41442e-05 13
0.884281 0.00819015 7
0.898017 0.0442986 5
0.941312 0.503844 2
0.862175 4.60745e-05 13
0.943335 0.50821 2
0.888206 0.00857049 7
0.918044 0.110426 4
0.934001 0.250866 3
0.962875 0.573089 2
0.925728 0.236042 3
0.879424 0.00157959 9
0.911667 0.104595 4
0.869541 0.000270608 11
0.893103 0.0196431 6
0.892513 0.00904397 7
0.905129 0.0472865 5
0.963883 0.577994 2
0.93638 0.256033 3
0.871485 0.000279849 11
0.981938 1 1
0.94452 0.510919 2
0.957169 0.548791 2
0.894246 0.0198794 6
0.94276 0.272483 3
0.947456 0.287566 3
0.897329 0.00216894 9
0.94419 0.276776 3
0.925228 0.0612225 5
0.903039 0.00508498 8
0.879058 6.66758e-05 13
0.907069 0.0113001 7
0.893841 0.00202024 9
0.960825 0.563709 2
0.891187 0.00089805 10
0.924968 0.0609618 5
0.891692 0.000907982 10
0.92421 0.0602181 5
0.972377 0.628551 2
0.93777 0.259277 3
0.950872 0.527654 2
0.902682 0.010484 7
0.949193 0.293922 3
0.932148 0.129351 4
0.907749 0.0234673 6
0.882539 0.000345812 11
0.911072 0.0246564 6
0.892561 0.00197077 9
0.962058 0.569254 2
0.896721 0.00451694 8
0.92078 0.0571339 5
0.891862 0.00194484 9
0.924238 0.117499 4
0.979144 1 1
0.91167 0.104598 4
0.928388 0.240339 3
0.912251 0.105079 4
0.918755 0.22644 3
0.877993 0.00343744 8
0.927206 0.238381 3
0.943618 0.508848 2
0.939931 0.501041 2
0.967802 1 1
0.923225 0.23234 3
0.905034 0.0996749 4
0.922738 0.231655 3
0.991812 1 1
0.959964 0.559993 2
0.879855 0.00351824 8
0.898881 0.00107629 10
0.95419 0.314992 3
0.944277 0.157049 4
0.967854 0.599427 2
0.982874 0.721858 2
0.941882 0.150377 4
0.908764 0.00575065 8
0.937455 0.139733 4
0.880932 1.4745e-05 15
0.943859 0.155835 4
0.940757 0.147474 4
0.888081 8.52172e-05 13
0.8904 0.00019411 12
0.915705 0.013426 7
0.959429 0.342429 3
0.881939 0.000747628 10
0.920446 0.11298 4
0.906865 0.0231757 6
0.930743 0.244496 3
0.961859 0.568342 2
0.902626 0.0219039 6
0.870645 5.48106e-05 13
0.898057 0.00976284 7
0.850269 1.88702e-08 22
0.91761 0.0546426 5
0.905199 0.022652 6
0.867337 1.00676e-05 15
0.856357 2.79751e-07 19
0.883816 0.000773977 10
0.959652 0.558681 2
0.93962 0.263873 3
0.944322 0.510459 2
0.909122 0.0492919 5
0.931418 0.245754 3
0.887359 0.00389341 8
0.924028 0.233493 3
0.927538 0.238922 3
0.937127 0.257756 3
0.977168 1 1
0.945252 0.512653 2
0.901069 0.0214835 6
0.949821 0.5246 2
0.977013 1 1
0.984005 1 1
0.899062 0.0209737 6
0.936548 0.256417 3
0.949994 0.525094 2
0.902368 0.0218327 6
0.94865 0.52134 2
0.932601 0.248034 3
0.907244 0.0483149 5
0.881821 0.000746035 10
0.910399 0.0499942 5
0.891325 0.00413207 8
0.960864 0.563878 2
0.896483 0.00954436 7
0.919522 0.111971 4
0.890711 0.00409293 8
0.923027 0.115985 4
0.980183 1 1
0.945921 0.282315 3
0.946174 0.283159 3
0.895006 0.00097888 10
0.942031 0.270388 3
0.921695 0.0579142 5
0.901119 0.00235793 9
0.877876 1.34279e-05 15
0.905569 0.00535835 8
0.895242 0.000984332 10
0.960595 0.562704 2
0.888742 0.000397162 11
0.927777 0.0639357 5
0.892336 0.00092097 10
0.924872 0.0608666 5
0.968485 0.603167 2
0.972354 0.628389 2
0.955802 0.543749 2
0.898807 0.00987148 7
0.944448 0.277578 3
0.908633 0.0237687 6
0.908823 0.0238349 6
0.892426 0.00420444 8
0.916974 0.0541789 5
0.924337 0.117625 4
0.974748 1 1
0.89131 0.00413111 8
0.956938 0.547917 2
0.918624 0.111023 4
0.95122 0.52869 2
0.943665 0.275172 3
0.955407 0.320831 3
0.943415 0.154566 4
0.899707 0.000531483 11
0.929326 0.0657361 5
0.885421 1.70843e-05 15
0.913899 0.00651675 8
0.91309 0.00638327 8
0.926342 0.0328704 6
0.971832 0.62474 2
0.950003 0.297044 3
0.8916 9.49189e-05 13
0.966417 0.591261 2
0.961183 0.353084 3
0.979463 0.686886 2
0.904079 0.00123847 10
0.886458 0.0038435 8
0.931697 0.246284 3
0.921579 0.114263 4
0.943383 0.508319 2
0.977047 1 1
0.917123 0.109504 4
0.884526 0.00374137 8
0.912058 0.104918 4
0.859938 8.43639e-06 15
0.926131 0.236667 3
0.919772 0.112241 4
0.873151 0.000288233 11
0.867509 0.000115717 12
0.89404 0.00922847 7
0.961347 0.56602 2
0.919142 0.055807 5
0.94529 0.28025 3
0.907397 0.0113672 7
0.949136 0.293705 3
0.946599 0.284593 3
0.909497 0.0240735 6
0.880896 0.000152633 12
0.910073 0.0242825 6
0.87928 6.70482e-05 13
0.950127 0.297531 3
0.90257 0.010465 7
0.903061 0.0105489 7
0.88136 0.000154284 12
0.912436 0.0251923 6
0.997766 1 1
0.900558 0.00232791 9
0.964546 0.581334 2
0.968126 0.601027 2
0.977974 0.673142 2
0.962539 0.571493 2
0.968967 0.606094 2
0.935106 0.134852 4
0.964243 0.579795 2
0.897406 0.00103715 10
0.947213 0.286714 3
0.962007 0.569018 2
0.893985 0.000452775 11
0.910547 0.0120612 7
0.931028 0.0678628 5
0.939171 0.143618 4
0.969108 1 1
0.946739 0.516319 2
0.89698 0.0204797 6
0.932371 0.247584 3
0.889496 0.00870567 7
0.910281 0.0499277 5
0.904825 0.0471446 5
0.921831 0.114557 4
0.95818 0.552697 2
0.957719 0.550898 2
0.888898 0.0086423 7
0.975807 1 1
0.947528 0.51835 2
0.9732 1 1
0.913367 0.106029 4
10 0 8 16 21 24 26 27 32 33 37 
25 0 4 5 8 9 10 11 13 14 15 16 17 21 24 25 26 27 29 30 32 33 34 36 37 39 
38 0 1 3 4 5 6 7 8 9 10 11 13 14 15 16 17 18 19 20 21 22 23 24 25 26 27 28 29 30 31 32 33 34 35 36 37 38 39 
23 0 4 5 8 9 10 11 14 15 16 17 21 24 26 27 29 30 32 33 34 36 37 39 
30 0 4 5 8 9 10 11 13 14 15 16 18 20 21 22 24 25 26 27 28 29 30 31 32 33 34 35 36 37 39 
35 0 3 4 5 6 8 9 10 11 13 14 15 16 17 18 19 20 21 22 23 24 25 26 27 29 30 31 32 33 34 35 36 37 38 39 
37 0 1 2 4 5 6 7 8 9 10 11 13 14 15 16 18 19 20 21 22 23 24 25 26 27 28 29 30 31 32 33 34 35 36 37 38 39 
36 0 1 4 5 6 8 9 10 11 13 14 15 16 17 18 19 20 21 22 23 24 25 26 27 28 29 30 31 32 33 34 35 36 37 38 39 
33 0 3 4 5 6 8 9 11 12 13 14 15 16 17 18 19 20 21 24 25 26 27 29 30 31 32 33 34 35 36 37 38 39 
20 0 4 5 8 9 10 11 14 15 16 21 24 26 27 30 32 33 34 36 37 
37 0 3 4 5 6 8 9 10 11 12 13 14 15 16 17 18 19 20 21 22 23 24 25 26 27 28 29 30 31 32 33 34 35 36 37 38 39 
22 0 4 5 8 9 10 11 14 15 16 17 21 24 26 27 29 30 32 33 34 36 37 
34 0 3 4 5 6 8 9 11 12 13 14 15 16 17 18 19 20 21 23 24 25 26 27 29 30 31 32 33 34 35 36 37 38 39 
23 0 4 8 10 11 13 14 15 16 20 21 24 25 26 27 30 32 33 34 35 36 37 39 
10 0 8 16 21 24 26 27 32 33 37 
