70 15 1e+07
1.58079 125294
1.49624 113247
1.70563 100451
1.99438 165867
1.25739 170193
1.33971 186577
1.20298 148051
1.11248 118629
2.13475 104929
1.33792 142123
2.02539 169555
2.60045 114598
2.42327 179888
2.667 193081
1.10215 102720
1.92384 153986
1.80576 163975
1.91984 135504
2.0207 101435
1.61754 171930
1.58432 199636
2.7159 153088
1.24759 192501
2.38359 177957
2.14545 195944
1.6017 103211
2.38577 143530
2.50503 165335
1.09886 164985
1.72071 189046
1.60187 132774
2.42846 100453
2.4107 143718
1.12305 155739
1.23669 167056
2.72658 121841
1.30327 136370
1.82407 164909
1.10623 169837
1.31103 156694
1.98574 152518
1.84278 147787
2.56698 159854
1.3228 178642
1.13337 136092
2.89132 179082
1.17214 126750
1.98832 170984
2.1749 160049
1.87435 186165
2.6228 128084
1.05383 109109
1.96751 119213
1.89279 140829
1.9626 186758
1.28641 142990
2.60429 168739
2.88768 130766
2.74799 118512
1.74248 167705
1.72963 184400
1.29157 115312
1.02118 185016
1.88883 138298
2.08421 120746
1.26722 165532
1.99528 155645
1.1083 146514
1.33668 183451
2.8057 140343
0.930661 0.126828 4
0.92711 0.121381 4
0.938458 0.260948 3
0.85982 7.077e-07 18
0.931325 0.127935 4
0.937247 0.258035 3
0.853758 4.88763e-08 21
0.986335 1 1
0.883941 0.000775794 10
0.882545 0.000755942 10
0.851168 1.94456e-08 22
0.86658 9.87896e-06 15
0.853062 4.77845e-08 21
0.881197 0.000336305 11
0.863105 1.76533e-06 17
0.96184 0.568252 2
0.951807 0.304393 3
0.946582 0.284536 3
0.887527 8.38381e-05 13
0.961183 0.56529 2
0.964144 0.5793 2
0.877636 6.0832e-06 16
0.956564 0.326672 3
0.912872 0.0126375 7
0.905747 0.00537884 8
0.876692 5.9015e-06 16
0.893452 0.000446496 11
0.879226 1.39858e-05 15
0.910263 0.0119947 7
0.882848 3.39217e-05 14
0.972847 1 1
0.938563 0.261207 3
0.908747 0.0490918 5
0.918451 0.110843 4
0.958371 0.553454 2
0.973845 1 1
0.892138 0.00418524 8
0.906482 0.0230525 6
0.965743 0.587595 2
0.910464 0.0500306 5
0.898206 0.00978422 7
0.917248 0.109627 4
0.90322 0.0220705 6
0.944073 0.276416 3
0.883304 0.000766606 10
0.945803 0.513989 2
0.97637 1 1
0.984852 1 1
0.903642 0.0221911 6
0.95975 0.559091 2
0.927917 0.239549 3
0.908551 0.0489879 5
0.922326 0.11514 4
0.90144 0.0215814 6
0.940138 0.265221 3
0.902253 0.0218011 6
0.914827 0.107327 4
0.902472 0.0218612 6
0.918948 0.111362 4
0.922656 0.115535 4
0.892861 0.00423387 8
0.908953 0.0492012 5
0.885432 0.00173604 9
0.956378 0.545839 2
0.900769 0.021405 6
0.87009 5.4156e-05 13
0.986318 1 1
0.831406 4.18964e-12 0
0.898124 0.00977242 7
0.953253 0.53504 2
0.983419 1 1
0.963925 0.578202 2
0.976396 1 1
0.935147 0.253298 3
0.956399 0.545916 2
0.915788 0.00684991 8
0.941663 0.1498 4
0.923178 0.0160841 7
0.943551 0.154953 4
0.927606 0.0338382 6
0.891494 4.48268e-05 14
0.971029 0.619286 2
0.862466 2.22766e-10 28
0.901983 0.000569604 11
0.988065 0.785855 2
0.958219 0.335537 3
0.958811 0.338868 3
0.954695 0.317381 3
0.938721 0.079807 5
0.981771 0.709994 2
0.939138 0.262644 3
0.933504 0.131788 4
0.898195 0.00463672 8
0.975882 0.655235 2
0.939126 0.262614 3
0.920144 0.0566085 5
0.939882 0.264551 3
0.864929 8.24186e-07 18
0.96019 0.560956 2
0.943127 0.273561 3
0.951039 0.301197 3
0.969329 0.608328 2
0.957429 0.54978 2
0.992429 1 1
0.918935 0.0556453 5
0.984419 1 1
0.956023 0.544545 2
0.922762 0.231688 3
0.931028 0.245023 3
0.974551 1 1
0.966082 1 1
0.908511 0.10213 4
0.90666 0.100792 4
0.961762 1 1
0.928873 0.241166 3
0.913133 0.105827 4
0.932432 0.487913 2
0.917624 0.225074 3
0.957036 0.548286 2
0.901202 0.0455561 5
0.942895 0.153114 4
0.947573 0.287979 3
0.960216 0.347109 3
0.876317 2.65551e-06 17
0.947756 0.288631 3
0.940821 0.147637 4
0.873039 1.07607e-06 18
0.9633 0.575129 2
0.893356 0.000445373 11
0.902854 0.00245573 9
0.86946 1.91922e-07 20
0.884374 3.55158e-05 14
0.870939 4.5069e-07 19
0.896585 0.00101651 10
0.883679 3.47757e-05 14
0.894863 0.000463473 11
0.914626 0.0131136 7
0.893834 0.000450976 11
0.949356 0.294543 3
0.904191 0.00253659 9
0.871467 4.59462e-07 19
0.990394 1 1
0.836686 5.27629e-12 0
0.894215 0.000455535 11
0.961011 0.352 3
0.975347 0.650903 2
0.960367 0.348026 3
0.968392 0.602613 2
0.93203 0.069192 5
0.969272 0.607973 2
0.975213 1 1
0.985703 1 1
0.956898 0.547769 2
0.917881 0.225381 3
0.989501 1 1
0.953843 0.53698 2
0.910559 0.103702 4
0.923951 0.233382 3
0.92819 0.240005 3
0.939466 0.500126 2
0.909059 0.102541 4
0.925704 0.236004 3
0.911256 0.10426 4
0.938796 0.498834 2
0.914565 0.10709 4
0.929095 0.0654599 5
0.962289 0.360229 3
0.98262 0.719074 2
0.898338 0.000510576 11
0.943383 0.154477 4
0.910675 0.00601428 8
0.910373 0.00597111 8
0.910352 0.00596803 8
0.888055 3.99001e-05 14
0.94115 0.148473 4
0.90144 0.001151 10
0.911013 0.00606351 8
0.90046 0.00112132 10
0.909784 0.00588855 8
0.930089 0.0666704 5
0.904638 0.00525429 8
0.933948 0.132618 4
0.923463 0.0595091 5
0.92764 0.0637817 5
0.917461 0.0274471 6
0.880896 3.20463e-05 14
0.960085 0.560509 2
0.858666 2.14838e-09 25
0.88695 0.000176977 12
0.972654 0.630515 2
0.944849 0.278839 3
0.942517 0.152078 4
0.940312 0.146367 4
0.922578 0.030305 6
0.990337 1 1
0.904001 0.0051854 8
0.920464 0.0290453 6
0.895808 0.000997658 10
0.962957 0.573478 2
0.912225 0.0124711 7
0.880785 3.19447e-05 14
0.994331 1 1
0.841967 6.71073e-12 0
0.906632 0.00548264 8
0.96451 0.581149 2
0.988254 1 1
0.973801 0.638919 2
0.981775 0.710028 2
0.94475 0.278525 3
0.961572 0.567033 2
0.94591 0.28228 3
0.953292 0.535168 2
0.91901 0.055704 5
0.968135 0.60108 2
0.952055 0.53124 2
0.922188 0.0583475 5
0.952524 0.532706 2
0.875953 6.18247e-05 13
0.943151 0.273633 3
0.966568 0.592099 2
0.95678 0.547328 2
0.976219 0.658011 2
0.960495 0.562267 2
0.980299 1 1
0.939269 0.262975 3
0.919362 0.0284341 6
0.918398 0.0279237 6
0.93449 0.133649 4
0.850364 1.00953e-11 0
0.920837 0.029259 6
0.925567 0.0615658 5
0.846054 8.14989e-12 0
0.987728 1 1
0.872911 2.37036e-06 17
0.874975 2.53725e-06 17
0.84276 6.9642e-12 0
0.857561 8.99605e-10 26
0.844363 7.51289e-12 0
0.871058 1.00502e-06 18
0.856987 8.76899e-10 26
0.955615 0.321859 3
0.956875 0.328291 3
0.959369 0.342083 3
0.886821 3.8338e-05 14
0.959952 0.345521 3
0.951879 0.304699 3
0.881149 6.84063e-06 16
0.955853 0.32305 3
0.905386 0.00261334 9
0.910609 0.00600487 8
0.878565 2.87289e-06 17
0.8943 0.000456564 11
0.880441 6.67682e-06 16
0.907976 0.00564864 8
0.889431 8.87383e-05 13
0.931142 0.127627 4
0.919273 0.0559101 5
0.923698 0.116815 4
0.857336 1.25888e-07 20
0.927918 0.122553 4
0.944338 0.277234 3
0.847109 5.80006e-10 26
0.983191 1 1
0.888361 0.000846109 10
0.874603 5.99006e-05 13
0.846156 2.39888e-10 27
0.862488 7.65306e-07 18
0.848699 1.43297e-09 25
0.88 0.000149534 12
0.853433 2.10027e-08 22
0.987991 1 1
0.965531 1 1
0.941797 0.504864 2
0.911 0.104053 4
0.983752 1 1
0.973907 1 1
0.896928 0.0204678 6
0.931112 0.245179 3
0.936168 0.255554 3
0.923116 0.232186 3
0.897879 0.0206889 6
0.915851 0.108277 4
0.901091 0.04551 5
0.934964 0.252902 3
0.897323 0.0205588 6
0.895426 0.00940441 7
0.92812 0.239887 3
0.929765 0.242727 3
0.905648 0.047532 5
0.909303 0.0493893 5
0.873051 0.000287715 11
0.936705 0.256777 3
0.861479 8.74062e-06 15
0.870621 0.000122787 12
0.952833 0.533686 2
0.921648 0.114343 4
0.920314 0.112834 4
0.917265 0.109644 4
0.903562 0.0221679 6
0.968446 0.602935 2
0.978586 1 1
0.944126 0.510005 2
0.914077 0.106653 4
0.920188 0.112695 4
0.964085 0.579004 2
0.975501 1 1
0.895393 0.0201251 6
0.909334 0.0494061 5
0.963159 0.574449 2
0.914804 0.107307 4
0.900816 0.0214173 6
0.919934 0.112416 4
0.905617 0.0475173 5
0.946041 0.514574 2
0.88755 0.00390418 8
0.983784 0.732079 2
0.978813 0.680777 2
0.945208 0.15984 4
0.926151 0.0327295 6
0.99678 1 1
0.958486 0.337028 3
0.913995 0.0129381 7
0.916848 0.0137741 7
0.939919 0.145405 4
0.940483 0.146789 4
0.914506 0.0130799 7
0.932389 0.0696831 5
0.917461 0.0139687 7
0.948871 0.292708 3
0.913747 0.0128704 7
0.901138 0.0102291 7
0.920354 0.112878 4
0.898186 0.00978141 7
0.954686 0.539826 2
0.910352 0.0499673 5
0.877618 0.000141814 12
0.9966 1 1
0.841829 8.5925e-11 28
0.900249 0.0100889 7
0.966536 0.591923 2
0.979411 1 1
0.966641 0.592504 2
0.972936 0.632544 2
0.938395 0.260793 3
0.969478 0.609259 2
0.901926 0.0217121 6
0.936118 0.255442 3
0.948308 0.520417 2
0.895056 0.00935653 7
0.916319 0.108721 4
0.881343 0.00162621 9
0.919772 0.112241 4
0.878521 0.00070396 10
0.869475 0.000120097 12
0.943406 0.508369 2
0.906534 0.0479614 5
0.909409 0.0494468 5
0.903316 0.0220978 6
0.898365 0.0208046 6
0.948454 0.520809 2
0.925776 0.119524 4
0.940634 0.266537 3
0.911796 0.0249374 6
0.970708 0.61716 2
0.933908 0.132543 4
0.90196 0.0103629 7
0.974516 0.644359 2
0.86098 3.22067e-07 19
0.924359 0.117653 4
0.977175 0.666113 2
0.975466 0.651852 2
0.986423 1 1
0.976245 0.658227 2
0.963494 0.576075 2
0.956533 0.546409 2
0.96467 0.581967 2
0.936335 0.137346 4
0.90303 0.00508399 8
0.93262 0.130184 4
0.953699 0.312723 3
0.957289 0.33048 3
0.902623 0.00244227 9
0.892161 0.000431903 11
0.98152 0.707369 2
0.917196 0.0273157 6
0.91044 0.0120359 7
0.929468 0.0659076 5
0.915984 0.0267341 6
0.957832 0.333407 3
0.890058 0.000409911 11
0.943112 0.507714 2
0.977806 1 1
0.960789 0.563549 2
0.925126 0.235122 3
0.957931 0.551722 2
0.919847 0.227805 3
0.933774 0.490029 2
0.899269 0.0447789 5
0.909753 0.103071 4
0.966241 1 1
0.926687 0.237546 3
0.937945 0.497235 2
0.92636 0.237027 3
0.936044 0.493827 2
0.946389 0.515439 2
0.932756 0.0701926 5
0.956455 0.326108 3
0.931256 0.0369824 6
0.950649 0.178707 4
0.944248 0.156965 4
0.908 0.00279727 9
0.96252 0.361761 3
0.874895 1.08545e-07 21
0.917247 0.00712934 8
0.993419 1 1
0.956051 0.324044 3
0.965407 0.382308 3
0.955295 0.320283 3
0.952785 0.308615 3
0.963808 0.370609 3
0.937462 0.258544 3
0.967443 0.59704 2
0.94613 0.283011 3
0.936941 0.257321 3
0.950993 0.301011 3
0.913015 0.0254284 6
0.948437 0.291101 3
0.886345 0.000375726 11
0.912472 0.0252068 6
0.981412 1 1
0.940901 0.267257 3
0.950846 0.300409 3
0.940149 0.26525 3
0.943779 0.275516 3
0.958438 0.553723 2
0.903688 0.0466261 5
0.935752 0.254624 3
0.932271 0.247389 3
0.915866 0.108291 4
0.917406 0.109783 4
0.880657 0.00160921 9
0.945722 0.51379 2
0.864819 4.85384e-05 13
0.880368 0.00160217 9
0.963831 0.577737 2
0.931095 0.245149 3
0.930719 0.244452 3
0.926999 0.238046 3
0.913956 0.106546 4
0.976226 1 1
0.913133 0.0516105 5
0.929232 0.124543 4
0.96129 0.565767 2
0.857887 1.28132e-07 20
0.921438 0.114101 4
0.907845 0.0234993 6
0.862957 1.75802e-06 17
0.946796 0.285268 3
0.865204 4.22751e-06 16
0.892839 0.0019813 9
0.856179 5.29506e-08 21
0.868072 1.02565e-05 15
0.856272 5.31164e-08 21
0.874437 5.96718e-05 13
0.880329 0.000330406 11
0.92955 0.125039 4
0.964212 0.579638 2
0.975226 0.649932 2
0.90461 0.010825 7
0.944235 0.276915 3
0.909568 0.0240992 6
0.917926 0.0548769 5
0.904307 0.0107696 7
0.890979 0.000894019 10
0.948751 0.292261 3
0.908643 0.023772 6
0.917692 0.0547032 5
0.907465 0.0113812 7
0.914841 0.0262121 6
0.937798 0.259344 3
0.919247 0.111677 4
0.948133 0.519947 2
0.932659 0.248149 3
0.936208 0.255645 3
0.932104 0.247065 3
0.895065 0.00439041 8
0.960525 0.5624 2
0.869821 2.40172e-05 14
0.900116 0.0100684 7
0.986165 1 1
0.948377 0.5206 2
0.951376 0.52916 2
0.945404 0.280619 3
0.935096 0.253188 3
0.978041 1 1
0.920078 0.112574 4
0.935487 0.25404 3
0.907846 0.0486211 5
0.970205 1 1
0.928251 0.240108 3
0.896421 0.00953603 7
0.980367 1 1
0.856041 1.46184e-06 17
0.919934 0.112416 4
0.97531 1 1
0.98059 1 1
0.985539 1 1
0.980034 1 1
0.958996 0.555969 2
0.959 0.555986 2
0.96699 0.59446 2
0.970323 0.614641 2
0.961327 0.56593 2
0.900197 0.00481112 8
0.974004 0.640445 2
0.956103 0.544832 2
0.893781 0.00201786 9
0.942043 0.270422 3
0.916194 0.0536267 5
0.923164 0.0592308 5
0.891629 0.00193634 9
0.907766 0.0234728 6
0.893646 0.00201253 9
0.921416 0.0576738 5
0.900465 0.00483561 8
0.914406 0.106947 4
0.924744 0.234549 3
0.895382 0.0201226 6
0.981614 1 1
0.920457 0.112992 4
0.892003 0.00898439 7
0.975837 1 1
0.847358 9.31009e-08 20
0.923242 0.232364 3
0.960567 0.56258 2
0.988882 1 1
0.98993 1 1
0.993642 1 1
0.961148 0.565134 2
0.946961 0.516886 2
0.90074 0.0213974 6
0.931613 0.246123 3
0.925625 0.235882 3
0.919088 0.111509 4
0.914048 0.106627 4
0.877422 0.000690982 10
0.951401 0.529236 2
0.859152 8.28749e-06 15
0.880324 0.0016011 9
0.96514 0.584405 2
0.936082 0.255361 3
0.933881 0.250618 3
0.931521 0.245948 3
0.915028 0.107511 4
0.983283 1 1
0.984339 1 1
0.952073 0.531294 2
0.928971 0.124139 4
0.906678 0.0231152 6
0.971594 0.623106 2
0.987908 1 1
0.888472 0.00182852 9
0.930179 0.243469 3
0.941374 0.268549 3
0.912578 0.0512688 5
0.891021 0.00411254 8
0.909499 0.0494957 5
0.894843 0.00437404 8
0.931723 0.246333 3
0.886372 0.00176355 9
0.918836 0.111244 4
0.936747 0.495061 2
0.91078 0.103877 4
0.964246 1 1
0.927912 0.23954 3
0.894883 0.0200149 6
0.982271 1 1
0.856858 7.87491e-06 15
0.915612 0.108053 4
0.979884 1 1
0.977316 1 1
0.979547 1 1
0.97529 1 1
0.954396 0.538837 2
0.96482 1 1
0.91628 0.0536869 5
0.945742 0.281725 3
0.932155 0.129362 4
0.933266 0.131352 4
0.929281 0.124619 4
0.892248 0.00195907 9
0.959348 0.557414 2
0.86839 2.05794e-06 17
0.896726 0.00451736 8
0.982608 1 1
0.946427 0.28401 3
0.948409 0.290997 3
0.943122 0.273547 3
0.931628 0.128451 4
0.980249 1 1
0.955926 0.323414 3
0.931298 0.0682155 5
0.896956 0.00102573 10
0.939662 0.144785 4
0.94682 0.28535 3
0.9469 0.285626 3
0.906809 0.00550404 8
0.882708 3.37819e-05 14
0.99061 1 1
0.918209 0.027826 6
0.916008 0.0135166 7
0.934632 0.133924 4
0.921946 0.0299158 6
0.963483 0.576022 2
0.891582 0.000200654 12
0.954126 0.537926 2
0.939303 0.263061 3
0.935327 0.25369 3
0.878468 0.000703329 10
0.95034 0.526092 2
0.964587 0.581541 2
0.866749 5.04774e-05 13
0.963708 0.577127 2
0.908804 0.0491216 5
0.89406 0.00923087 7
0.866469 5.01885e-05 13
0.883453 0.00168097 9
0.869272 0.000119631 12
0.901748 0.021664 6
0.871129 0.000278112 11
0.921179 0.113804 4
0.934611 0.252147 3
0.962938 0.573388 2
0.862582 2.03969e-05 14
0.928668 0.240815 3
0.916888 0.109273 4
0.865351 4.90607e-05 13
0.954404 0.538863 2
0.872678 0.000285804 11
0.895436 0.0201345 6
0.859433 8.34031e-06 15
0.872222 0.000283498 11
0.859913 8.43164e-06 15
0.880228 0.00159878 9
0.880946 0.00161633 9
0.978732 0.680025 2
0.952352 0.185635 4
0.933604 0.0714049 5
0.900504 0.00054432 11
0.969803 0.611308 2
0.984424 0.739507 2
0.884585 3.60391e-06 17
0.938485 0.0793738 5
0.932917 0.0704191 5
0.910023 0.00295666 9
0.886148 8.19277e-06 16
0.904222 0.00124354 10
0.88962 1.98374e-05 15
0.925012 0.0319125 6
0.884577 3.60269e-06 17
0.95973 0.559007 2
0.993571 1 1
0.967893 0.599656 2
0.917505 0.0274688 6
0.974834 0.646837 2
0.938343 0.141707 4
0.917349 0.0273913 6
0.917861 0.0276481 6
0.917128 0.0272826 6
0.948463 0.291197 3
0.913196 0.0255036 6
0.92773 0.122277 4
0.914269 0.0259602 6
0.934633 0.133927 4
0.926002 0.0620143 5
0.928197 0.240018 3
0.932016 0.246895 3
0.950073 0.525321 2
0.861622 8.76966e-06 15
0.932016 0.246895 3
0.929658 0.242537 3
0.859164 3.6239e-06 16
0.97408 1 1
0.879851 0.000720338 10
0.888734 0.00397245 8
0.855196 1.4307e-06 17
0.869647 0.000120493 12
0.85652 1.47988e-06 17
0.881618 0.00163315 9
0.87107 0.00012387 12
0.920027 0.112519 4
0.95397 0.537403 2
0.950866 0.527636 2
0.917315 0.109693 4
0.934435 0.251776 3
0.897313 0.00965803 7
0.938386 0.26077 3
0.882812 0.000759661 10
0.89086 0.00410236 8
0.966464 0.591521 2
0.926676 0.120766 4
0.931824 0.246525 3
0.924201 0.117452 4
0.921337 0.113985 4
0.961747 0.567828 2
0.926999 0.238046 3
0.958629 0.554486 2
0.986814 1 1
0.892731 0.00906968 7
0.940822 0.267044 3
0.909952 0.0497444 5
0.904275 0.0223754 6
0.914211 0.0522939 5
0.884484 0.00170917 9
0.934861 0.252682 3
0.89544 0.0094062 7
0.905171 0.0226435 6
0.894528 0.00928945 7
0.904784 0.0225265 6
0.924194 0.117442 4
0.927162 0.0632537 5
0.960206 0.347049 3
0.949804 0.296269 3
0.925597 0.0323269 6
0.941374 0.149048 4
0.903692 0.00250584 9
0.943707 0.155397 4
0.884378 3.55207e-05 14
0.899508 0.00109376 10
0.974298 0.642688 2
0.93328 0.0709362 5
0.940016 0.145641 4
0.931357 0.0682925 5
0.930424 0.06709 5
0.962496 0.3616 3
0.921573 0.114256 4
0.934912 0.252791 3
0.963064 0.573993 2
0.862859 3.97623e-06 16
0.929037 0.124241 4
0.917298 0.0544139 5
0.865539 9.62851e-06 15
0.954633 0.539645 2
0.873048 5.78091e-05 13
0.895631 0.00943118 7
0.859655 1.60658e-06 17
0.872478 5.70735e-05 13
0.86015 1.62802e-06 17
0.880546 0.000331866 11
0.88106 0.000735889 10
0.955996 0.323767 3
0.980431 0.696306 2
0.946885 0.285575 3
0.940126 0.145909 4
0.968992 0.606245 2
0.930819 0.0675928 5
0.938673 0.14246 4
0.897067 0.00102853 10
0.92828 0.0645067 5
0.968253 0.601784 2
0.935869 0.136384 4
0.951077 0.301355 3
0.937229 0.139241 4
0.954678 0.317299 3
0.94105 0.148216 4
0.948032 0.519677 2
0.941308 0.503837 2
0.90543 0.0474282 5
0.968601 1 1
0.947952 0.519466 2
0.928332 0.240245 3
0.937029 0.257525 3
0.87317 0.000288329 11
0.963191 0.574605 2
0.945236 0.512615 2
0.946227 0.515034 2
0.965763 0.587705 2
0.952047 0.531214 2
0.995538 1 1
0.919279 0.111711 4
0.982221 1 1
0.97607 1 1
0.950866 0.527636 2
0.9142 0.0522869 5
0.990272 1 1
0.963126 0.574289 2
0.903687 0.022204 6
0.928815 0.241067 3
0.931602 0.246102 3
0.931415 0.245749 3
0.903316 0.0220978 6
0.920653 0.113211 4
0.905994 0.022898 6
0.93675 0.25688 3
0.906109 0.0229342 6
0.913841 0.0520561 5
0.948474 0.520864 2
0.956731 0.547144 2
0.903894 0.022264 6
0.92842 0.123301 4
0.892725 0.00422463 8
0.925183 0.118729 4
0.886324 0.00176211 9
0.880703 0.000731233 10
0.952187 0.531649 2
0.913149 0.0516202 5
0.918119 0.110502 4
0.910584 0.0500983 5
0.909024 0.0492394 5
0.950871 0.52765 2
0.939901 0.145361 4
0.956898 0.328409 3
0.926266 0.0328144 6
0.960393 0.348188 3
0.949395 0.294693 3
0.915211 0.0132811 7
0.96003 0.345992 3
0.875869 1.19105e-06 18
0.929349 0.0657639 5
0.9812 0.704062 2
0.958858 0.339136 3
0.973625 0.637603 2
0.96019 0.346957 3
0.965665 0.58718 2
0.952668 0.308103 3
0.937676 0.259053 3
0.963517 0.576186 2
0.938258 0.260457 3
0.94557 0.513421 2
0.95001 0.525139 2
0.912846 0.0514332 5
0.95516 0.541472 2
0.881489 0.000741572 10
0.917742 0.11012 4
0.987374 1 1
0.948933 0.522114 2
0.95963 0.558587 2
0.948537 0.521035 2
0.95115 0.528482 2
0.959599 0.558461 2
0.90271 0.0024473 9
0.934788 0.0731756 5
0.962934 0.36455 3
0.8779 2.80589e-06 17
0.916441 0.013648 7
0.885928 3.72682e-05 14
0.896607 0.000486114 11
0.896887 0.000489936 11
0.862915 2.59525e-09 25
0.92367 0.0310041 6
0.885195 3.64244e-05 14
0.891287 0.000198985 12
0.883006 1.57594e-05 15
0.886069 3.74335e-05 14
0.922296 0.0301296 6
0.898574 0.000514073 11
0.928462 0.0647168 5
0.961542 0.355366 3
0.867888 3.63175e-08 22
0.911558 0.00614431 8
0.883958 1.62618e-05 15
0.884912 1.67909e-05 15
0.902369 0.00118051 10
0.856649 3.20309e-11 30
0.912303 0.00625831 8
0.874012 5.05397e-07 19
0.880836 6.76753e-06 16
0.872094 2.1256e-07 20
0.877419 1.2618e-06 18
0.909875 0.00590112 8
0.974098 0.641159 2
0.959829 0.559424 2
0.94591 0.28228 3
0.898561 0.00222699 9
0.972612 0.630215 2
0.971134 0.61999 2
0.886946 0.000176961 12
0.944525 0.277818 3
0.923853 0.0598765 5
0.914412 0.0260227 6
0.88678 0.000176204 12
0.904083 0.00519413 8
0.889597 0.00040536 11
0.921828 0.0580302 5
0.890144 0.000410762 11
0.919599 0.112054 4
0.9337 0.250245 3
0.905446 0.0227277 6
0.97328 1 1
0.92726 0.238468 3
0.896178 0.00950343 7
0.97961 1 1
0.854653 2.66124e-07 19
0.921434 0.114096 4
0.972177 1 1
0.982711 1 1
0.988348 1 1
0.982965 1 1
0.96052 0.562379 2
0.956149 0.545001 2
0.961933 1 1
0.933615 0.489773 2
0.900367 0.0452147 5
0.932205 0.487563 2
0.950888 0.5277 2
0.955584 0.542969 2
0.901404 0.0456399 5
0.890168 0.0190716 6
0.983888 1 1
0.915261 0.222368 3
0.909589 0.102944 4
0.928476 0.240488 3
0.915242 0.222347 3
0.956991 0.548118 2
0.888259 0.0187245 6
0.97119 1 1
0.9636 0.576594 2
0.952003 0.531078 2
0.898474 0.0208308 6
0.973232 1 1
0.964989 0.583618 2
0.888927 0.00398387 8
0.945095 0.512278 2
0.920234 0.112745 4
0.91722 0.109599 4
0.887955 0.00392719 8
0.904819 0.047142 5
0.890454 0.00407678 8
0.921003 0.113604 4
0.893585 0.00917246 7
0.946846 0.28544 3
0.942467 0.271632 3
0.947593 0.518519 2
0.875068 0.000134305 12
0.947866 0.519237 2
0.950469 0.526469 2
0.867936 1.0221e-05 15
0.970107 0.61325 2
0.898488 0.00982489 7
0.896778 0.00958436 7
0.86583 9.69746e-06 15
0.881751 0.00074508 10
0.867915 1.02156e-05 15
0.896859 0.00959552 7
0.875856 0.000136547 12
0.948002 0.289516 3
0.967995 0.600256 2
0.982249 1 1
0.893397 0.00427075 8
0.959049 0.556186 2
0.935247 0.253515 3
0.894586 0.00435526 8
0.938134 0.260156 3
0.899603 0.00999012 7
0.925551 0.11922 4
0.889496 0.00186209 9
0.903265 0.0105844 7
0.890293 0.00188913 9
0.911209 0.0247089 6
0.907188 0.023281 6
0.903734 0.0222177 6
0.932159 0.24717 3
0.920298 0.112816 4
0.930122 0.12595 4
0.916252 0.0536668 5
0.879905 0.000327605 11
0.963749 0.57733 2
0.856226 2.7867e-07 19
0.887755 0.00180578 9
0.973232 0.634699 2
0.948199 0.520122 2
0.944907 0.279022 3
0.94344 0.274495 3
0.923886 0.117051 4
0.994078 1 1
0.96565 0.587098 2
0.930406 0.12641 4
0.904935 0.0108851 7
0.903701 0.0106609 7
0.9505 0.299014 3
0.9817 1 1
0.878451 0.000144431 12
0.914294 0.0523474 5
0.953149 0.534703 2
0.897944 0.00461581 8
0.883973 0.000356542 11
0.90273 0.0104922 7
0.888819 0.000854132 10
0.928925 0.124069 4
0.871274 1.11479e-05 15
0.914747 0.0526442 5
0.928037 0.122729 4
0.900042 0.0100571 7
0.974742 0.646115 2
0.921971 0.0581558 5
0.891687 0.00193843 9
0.981946 1 1
0.849551 1.48078e-09 25
0.919251 0.0558929 5
0.967082 0.594979 2
0.988694 1 1
0.987353 1 1
0.98846 1 1
0.9579 0.551601 2
0.954315 0.538564 2
0.909678 0.0241388 6
0.92329 0.0593472 5
0.896123 0.00447029 8
0.972376 0.628541 2
0.916913 0.0541357 5
0.886768 0.000379349 11
0.985079 1 1
0.845042 1.80832e-11 30
0.915127 0.0263404 6
0.963801 0.577586 2
0.993559 1 1
0.982722 1 1
0.99021 1 1
0.953292 0.535168 2
0.954576 0.53945 2
0.922972 0.231982 3
0.957956 0.551818 2
0.962924 1 1
0.908898 0.102419 4
0.937698 0.496779 2
0.90162 0.0457301 5
0.926606 0.237416 3
0.892872 0.0195962 6
0.888689 0.0188011 6
0.956093 0.544797 2
0.915871 0.108296 4
0.922801 0.231743 3
0.913955 0.106544 4
0.915982 0.108401 4
0.949025 0.52237 2
0.962676 0.572141 2
0.936058 0.255307 3
0.921987 0.11474 4
0.886521 0.00384694 8
0.952689 0.533229 2
0.983425 1 1
0.869216 0.000119505 12
0.94516 0.512432 2
0.924899 0.118354 4
0.893964 0.00921909 7
0.871252 0.000124312 12
0.889252 0.00400323 8
0.874912 0.000297619 11
0.911124 0.050407 5
0.869018 0.000119055 12
57 0 1 3 4 5 8 9 10 11 12 13 15 16 17 18 19 21 22 23 24 26 27 28 29 30 31 32 33 34 36 38 39 41 42 43 44 45 46 47 48 49 50 52 53 54 55 56 57 58 59 61 62 63 64 66 67 68 
32 0 1 3 8 11 15 16 17 19 23 26 29 30 31 34 36 41 42 44 45 46 47 48 49 53 56 57 58 61 62 63 68 
9 0 15 30 42 45 47 49 56 57 
65 0 1 2 3 4 5 7 8 9 10 11 12 13 14 16 17 18 19 20 21 22 23 24 26 27 28 29 30 31 32 33 34 35 36 37 38 39 41 42 43 44 45 46 47 48 49 50 51 52 53 54 55 56 57 58 59 61 62 63 64 65 66 67 68 69 
43 0 1 3 5 8 10 11 12 15 16 17 19 23 26 27 28 29 30 31 32 34 36 39 41 42 44 45 46 47 48 49 50 52 53 55 56 57 58 61 62 63 64 68 
64 0 1 3 4 5 6 7 8 9 10 11 12 13 14 15 16 17 18 19 21 22 23 24 26 27 28 29 30 31 32 33 34 35 36 37 38 39 41 42 43 44 45 46 47 48 49 50 51 52 53 54 55 56 57 58 59 61 62 63 64 66 67 68 69 
59 0 1 2 3 5 7 8 9 10 11 12 14 16 17 18 19 20 21 22 23 24 25 26 27 28 29 30 31 32 33 34 36 37 38 39 41 42 43 44 45 46 47 48 49 50 52 53 54 55 56 57 58 61 62 63 64 65 68 69 
43 0 3 5 8 11 12 15 16 19 22 23 24 26 27 28 29 30 31 32 33 34 36 38 39 42 44 45 46 47 48 49 50 53 54 55 56 57 59 63 64 66 67 68 
70 0 1 2 3 4 5 6 7 8 9 10 11 12 13 14 15 16 17 18 19 20 21 22 23 24 25 26 27 28 29 30 31 32 33 34 35 36 37 38 39 40 41 42 43 44 45 46 47 48 49 50 51 52 53 54 55 56 57 58 59 60 61 62 63 64 65 66 67 68 69 
47 0 1 3 5 8 10 11 12 15 16 17 18 19 21 23 26 28 29 30 31 32 34 36 37 39 41 42 43 44 45 46 47 48 49 50 52 53 55 56 57 58 61 62 63 64 68 69 
68 0 1 2 3 4 5 7 8 9 10 11 12 13 14 16 17 18 19 20 21 22 23 24 25 26 27 28 29 30 31 32 33 34 35 36 37 38 39 40 41 42 43 44 45 46 47 48 49 50 51 52 53 54 55 56 57 58 59 60 61 62 63 64 65 66 67 68 69 
64 0 1 2 3 5 7 8 9 10 11 12 13 14 15 16 17 18 19 20 21 22 23 24 25 26 27 28 29 30 31 32 33 34 36 37 38 39 41 42 43 44 45 46 47 48 49 50 52 53 54 55 56 57 58 59 61 62 63 64 65 66 67 68 69 
57 0 1 3 4 5 8 9 10 11 12 13 14 16 17 18 19 21 22 23 24 26 27 28 29 30 31 32 33 34 35 36 38 39 41 42 44 45 46 47 48 49 50 52 53 54 55 56 57 58 59 61 62 63 64 66 67 68 
65 0 1 2 3 4 5 7 8 9 10 11 12 13 14 15 16 17 18 19 20 21 22 23 24 26 27 28 29 30 31 32 33 34 35 36 37 38 39 41 42 43 44 45 46 47 48 49 50 52 53 54 55 56 57 58 59 61 62 63 64 65 66 67 68 69 
29 0 3 8 11 12 15 16 17 19 23 26 29 30 31 36 39 42 45 46 47 48 49 53 56 57 62 63 64 68 
