30 15 6e+06
1.11912 115575
5.7407 170628
7.47048 101289
4.05199 113674
1.01303 172297
5.10061 173355
2.61508 157167
5.48414 130124
5.29089 136351
1.307 196557
2.46697 178687
3.43605 176667
2.49642 171341
5.60054 163196
4.6715 149767
2.01488 142296
5.16098 150580
1.38999 182572
12.7731 181479
1.76101 122221
1.11257 123175
4.59253 194534
3.96308 146001
1.33493 156558
7.01355 125916
4.45 109407
1.49948 111303
6.32501 111707
2.4715 194786
2.47018 184418
0.991302 1 1
0.869364 7.8441e-09 24
0.990834 1 1
0.99099 1 1
0.919831 0.0147758 7
0.9382 0.0788563 5
0.968954 0.606015 2
0.971118 0.619884 2
0.931808 0.0375079 6
0.869634 7.94629e-09 24
0.928949 0.0349318 6
0.985425 0.751541 2
0.991421 1 1
0.918303 0.00734491 8
0.938771 0.0798987 5
0.880947 0.000334583 11
0.970806 0.617808 2
0.885544 0.000799919 10
0.896047 0.00446446 8
0.966039 0.589196 2
0.944581 0.277993 3
0.901045 0.0102142 7
0.901256 0.010248 7
0.943698 0.27527 3
0.922104 0.114877 4
0.956181 0.545118 2
0.891273 0.00192352 9
0.883151 0.000764426 10
0.96469 0.582069 2
0.946308 0.283608 3
0.863529 9.17217e-06 15
0.919552 0.112003 4
0.864084 9.29475e-06 15
0.877857 0.000314647 11
0.929744 0.242689 3
0.92387 0.117031 4
0.892841 0.00423251 8
0.891839 0.00416547 8
0.900497 0.0213346 6
0.867082 2.25331e-05 14
0.92648 0.120492 4
0.866929 2.24546e-05 14
0.862905 9.03736e-06 15
0.919315 0.11175 4
0.913797 0.052028 5
0.845883 8.08266e-12 0
0.939959 0.145502 4
0.848328 9.11297e-12 0
0.860519 2.32982e-09 25
0.923189 0.0306918 6
0.908955 0.00577605 8
0.871308 4.56785e-07 19
0.870788 4.48219e-07 19
0.896778 0.00102128 10
0.881732 1.51238e-05 15
0.916182 0.0135692 7
0.852572 2.59704e-11 30
0.846577 8.35993e-12 0
0.917157 0.0272968 6
0.904131 0.00253285 9
0.866367 1.93789e-06 17
0.978183 1 1
0.873241 2.61074e-05 14
0.879774 0.000148769 12
0.939961 0.264758 3
0.918303 0.0551609 5
0.877994 6.49426e-05 13
0.878818 0.000145611 12
0.937574 0.258808 3
0.958641 0.554535 2
0.930783 0.127029 4
0.880332 0.000150669 12
0.870286 1.08602e-05 15
0.948647 0.291874 3
0.92759 0.122073 4
0.935132 0.134904 4
0.904567 0.00524645 8
0.945001 0.279323 3
0.943891 0.275857 3
0.939149 0.143568 4
0.94061 0.147107 4
0.928132 0.0643372 5
0.930175 0.066777 5
0.968769 0.604882 2
0.921464 0.0296259 6
0.942418 0.151811 4
0.953475 0.311699 3
0.941423 0.149177 4
0.947249 0.286838 3
0.954952 0.318613 3
0.949473 0.523617 2
0.887465 0.00389933 8
0.946878 0.516672 2
0.962798 0.572718 2
0.941447 0.268753 3
0.964179 0.579475 2
0.983863 1 1
0.982436 1 1
0.934857 0.252673 3
0.869187 5.31188e-05 13
0.95122 0.52869 2
0.946499 0.515715 2
0.946799 0.516471 2
0.933208 0.249244 3
0.952841 0.533713 2
0.878551 0.00155929 9
0.909722 0.103047 4
0.87804 0.00154768 9
0.892513 0.0195242 6
0.934501 0.251915 3
0.935021 0.253025 3
0.909646 0.102989 4
0.908386 0.102037 4
0.905921 0.047663 5
0.862792 4.66313e-05 13
0.934161 0.251201 3
0.880038 0.00159419 9
0.8772 0.00152894 9
0.92236 0.23113 3
0.922176 0.230878 3
0.842985 1.15817e-09 25
0.928812 0.241063 3
0.844788 2.89059e-09 24
0.857439 1.51549e-06 17
0.917149 0.109529 4
0.905106 0.0226239 6
0.869663 5.36617e-05 13
0.868966 5.28694e-05 13
0.889829 0.00403814 8
0.871466 0.000124839 12
0.911061 0.0503709 5
0.848569 4.14632e-08 21
0.843233 1.16864e-09 25
0.909945 0.0497404 5
0.898741 0.0208953 6
0.946319 0.283645 3
0.909572 0.0241006 6
0.950506 0.299038 3
0.962563 0.571607 2
0.963614 0.576663 2
0.980826 1 1
0.962575 0.571664 2
0.963759 0.577379 2
0.967141 0.595314 2
0.898747 0.00468339 8
0.973152 0.634112 2
0.955463 0.542537 2
0.948256 0.290436 3
0.960382 0.56178 2
0.982536 1 1
0.917466 0.109844 4
0.90458 0.0470313 5
0.91645 0.108847 4
0.931741 0.246366 3
0.952379 0.532249 2
0.966911 1 1
0.949958 0.524991 2
0.948693 0.521457 2
0.930863 0.244717 3
0.872403 0.000637199 10
0.958499 0.553963 2
0.917848 0.110227 4
0.91578 0.10821 4
0.939942 0.501062 2
0.950739 0.527259 2
0.920898 0.113486 4
0.858348 6.78557e-07 18
0.914172 0.0522686 5
0.927487 0.121923 4
0.906818 0.0231604 6
0.926533 0.120566 4
0.94999 0.525084 2
0.947647 0.51866 2
0.894284 0.00433343 8
0.832697 4.42919e-12 0
0.914887 0.0527367 5
0.910802 0.0502222 5
0.915561 0.0531902 5
0.896468 0.0095423 7
0.912718 0.0513546 5
0.877685 0.00342447 8
0.912791 0.105534 4
0.877443 0.00341436 8
0.891808 0.0193849 6
0.936049 0.493835 2
0.93539 0.492703 2
0.908439 0.102076 4
0.907248 0.101209 4
0.907162 0.101147 4
0.865177 0.000251761 11
0.935206 0.492392 2
0.879652 0.00350921 8
0.876515 0.00337618 8
0.924075 0.233563 3
0.922998 0.232019 3
0.956317 0.325399 3
0.891983 0.00020296 12
0.966334 0.590804 2
0.964376 0.580466 2
0.935468 0.0742379 5
0.944833 0.158704 4
0.945549 0.160894 4
0.947799 0.288787 3
0.958994 0.339911 3
0.901702 0.00115919 10
0.941844 0.150275 4
0.974997 0.648116 2
0.962683 0.362852 3
0.939528 0.144464 4
0.954892 0.318326 3
0.925889 0.0618973 5
0.860852 2.74459e-08 22
0.919229 0.0558755 5
0.93267 0.130274 4
0.910193 0.0119783 7
0.930414 0.126424 4
0.955298 0.320297 3
0.952942 0.309309 3
0.898527 0.00222532 9
0.83633 5.19356e-12 0
0.918522 0.0279878 6
0.915889 0.0266897 6
0.920591 0.0569765 5
0.900083 0.00480085 8
0.916859 0.0271511 6
0.955163 0.319635 3
0.901247 0.000556788 11
0.962544 0.361923 3
0.968881 0.605564 2
0.949927 0.175927 4
0.961954 0.35803 3
0.956832 0.328066 3
0.958829 0.33897 3
0.967298 0.397237 3
0.901578 0.000562485 11
0.95756 0.33193 3
0.969714 0.610744 2
0.959426 0.342416 3
0.951461 0.181942 4
0.970287 0.614412 2
0.879539 6.47657e-06 16
0.96275 0.572494 2
0.883343 3.44263e-05 14
0.89478 0.000462449 11
0.963631 0.576747 2
0.944792 0.15858 4
0.902013 0.00240735 9
0.901982 0.00240561 9
0.937417 0.139649 4
0.911789 0.0123616 7
0.95488 0.318268 3
0.888534 8.63726e-05 13
0.881173 1.48576e-05 15
0.958718 0.338341 3
0.943377 0.154459 4
0.963468 0.575951 2
0.894087 0.00431932 8
0.970254 0.614196 2
0.977543 1 1
0.944048 0.276339 3
0.958969 0.555862 2
0.963479 0.576001 2
0.965649 0.587095 2
0.958868 0.55545 2
0.89366 0.0042891 8
0.952462 0.53251 2
0.976647 1 1
0.967328 0.596383 2
0.944236 0.276918 3
0.964229 0.579726 2
0.892598 0.000436742 11
0.861482 1.24242e-08 23
0.887404 0.00017908 12
0.901572 0.00238271 9
0.902403 0.00242954 9
0.917069 0.0272534 6
0.924006 0.0600226 5
0.921807 0.0298312 6
0.882735 3.38081e-05 14
0.826601 3.41946e-12 0
0.908064 0.00565987 8
0.8855 7.90993e-05 13
0.888208 0.00018291 12
0.890474 0.000414093 11
0.90177 0.00239371 9
0.918949 0.0144648 7
0.929456 0.0658935 5
0.92191 0.0298937 6
0.934905 0.0733569 5
0.984261 0.737591 2
0.987694 1 1
0.94301 0.153431 4
0.943084 0.153638 4
0.959983 0.34571 3
0.901912 0.00116584 10
0.990294 1 1
0.926344 0.0328719 6
0.919983 0.0148306 7
0.971803 0.624542 2
0.978147 0.674693 2
0.855806 2.75247e-07 19
0.985742 1 1
0.860862 3.77973e-06 16
0.870292 5.43933e-05 13
0.937908 0.259609 3
0.916541 0.0538701 5
0.874258 0.000132067 12
0.874506 0.000132746 12
0.921132 0.11375 4
0.924726 0.118129 4
0.928112 0.122841 4
0.866874 2.24266e-05 14
0.858366 1.55266e-06 17
0.939535 0.263656 3
0.919614 0.11207 4
0.879784 6.79046e-05 13
0.957892 0.551568 2
0.883199 0.000161154 12
0.89506 0.00206977 9
0.962666 0.572093 2
0.945463 0.280812 3
0.903332 0.00511507 8
0.903187 0.00510017 8
0.935068 0.134778 4
0.906994 0.0112849 7
0.95466 0.31721 3
0.888119 0.000391372 11
0.881141 7.03073e-05 13
0.956262 0.545412 2
0.942568 0.271925 3
0.946862 0.285497 3
0.908053 0.00565842 8
0.954696 0.317383 3
0.960139 0.346649 3
0.95441 0.316027 3
0.962355 0.570633 2
0.949172 0.293844 3
0.951036 0.301185 3
0.975577 0.652754 2
0.909776 0.0118825 7
0.960752 0.563389 2
0.96231 0.570423 2
0.951455 0.302915 3
0.957856 0.33354 3
0.974135 0.641441 2
0.923048 0.0591238 5
0.922554 0.0586749 5
0.931856 0.128843 4
0.934621 0.133902 4
0.953179 0.310368 3
0.948246 0.290401 3
0.923882 0.059904 5
0.925589 0.0615883 5
0.983929 1 1
0.934706 0.134068 4
0.953854 0.313434 3
0.940019 0.26491 3
0.928431 0.123318 4
0.963555 0.576377 2
0.964345 0.58031 2
0.889952 0.000874604 10
0.879207 6.69249e-05 13
0.886479 0.000376868 11
0.90131 0.00491453 8
0.916653 0.0539495 5
0.927833 0.122428 4
0.92276 0.0588607 5
0.92082 0.0571672 5
0.893451 0.00200488 9
0.840327 6.22025e-12 0
0.920823 0.05717 5
0.886051 0.000373248 11
0.88665 0.000378337 11
0.90417 0.0107448 7
0.912373 0.0251669 6
0.855812 3.34311e-06 16
0.921134 0.229475 3
0.856677 7.84359e-06 15
0.870153 0.000273457 11
0.924513 0.234206 3
0.916696 0.109085 4
0.884455 0.0037377 8
0.883524 0.00369076 8
0.895612 0.0201729 6
0.866713 0.000114021 12
0.920333 0.112854 4
0.859762 1.92177e-05 14
0.855404 3.31116e-06 16
0.914978 0.107465 4
0.907664 0.0485276 5
0.896468 0.00449709 8
0.960202 0.561007 2
0.902976 0.0105344 7
0.91078 0.0245457 6
0.971489 0.62239 2
0.950478 0.526495 2
0.909502 0.0240752 6
0.91037 0.0243922 6
0.968652 0.604176 2
0.94235 0.271297 3
0.963128 0.574301 2
0.909916 0.024225 6
0.900073 0.0100618 7
0.982508 1 1
0.960895 0.564016 2
0.842004 4.76251e-10 26
0.92274 0.115636 4
0.843433 1.17716e-09 25
0.856329 6.41333e-07 18
0.914127 0.0522395 5
0.903392 0.0221194 6
0.86935 5.33033e-05 13
0.868552 5.2409e-05 13
0.886403 0.00176448 9
0.865962 2.19687e-05 14
0.908594 0.0490104 5
0.846939 7.26403e-09 23
0.841993 4.76061e-10 26
0.906299 0.0229942 6
0.896183 0.00950406 7
0.934635 0.252198 3
0.907223 0.0483039 5
0.935103 0.253203 3
0.950195 0.525672 2
0.961666 0.567463 2
0.983651 1 1
0.964104 1 1
0.963647 0.576826 2
0.947952 0.519466 2
0.883983 0.00371375 8
0.970996 1 1
0.937442 0.496312 2
0.93397 0.250803 3
0.951596 0.529828 2
0.968248 1 1
0.884717 0.00171571 9
0.968737 0.604693 2
0.889431 0.00401398 8
0.899847 0.021169 6
0.970092 0.613151 2
0.94818 0.520072 2
0.904431 0.0224215 6
0.904697 0.0225005 6
0.947951 0.519462 2
0.923557 0.116639 4
0.960072 0.560453 2
0.895235 0.00937967 7
0.887003 0.00387351 8
0.969072 0.606741 2
0.950459 0.52644 2
27 0 1 2 4 6 7 8 9 10 11 12 14 15 16 17 18 19 20 21 22 23 24 25 26 27 28 29 
12 2 3 7 8 12 16 18 20 21 24 25 27 
29 0 1 2 4 5 6 7 8 9 10 11 12 13 14 15 16 17 18 19 20 21 22 23 24 25 26 27 28 29 
27 1 2 3 4 6 7 8 9 10 11 12 14 15 16 17 18 19 20 21 22 23 24 25 26 27 28 29 
19 1 2 3 7 8 10 11 12 14 16 18 19 20 21 24 25 27 28 29 
20 1 2 3 6 7 8 10 11 12 14 16 18 19 20 21 24 25 27 28 29 
20 1 2 3 6 7 8 10 11 12 14 16 18 19 20 21 24 25 27 28 29 
27 1 2 3 4 5 6 7 8 9 10 12 13 15 16 17 18 19 20 21 22 23 24 25 26 27 28 29 
23 1 2 3 4 6 7 8 9 10 11 12 14 16 18 19 20 21 24 25 26 27 28 29 
23 1 2 3 4 6 7 8 9 10 12 15 16 17 19 20 21 22 23 25 26 27 28 29 
18 1 2 3 4 7 8 10 12 16 18 19 20 21 24 25 26 27 29 
30 0 1 2 3 4 5 6 7 8 9 10 11 12 13 14 15 16 17 18 19 20 21 22 23 24 25 26 27 28 29 
29 0 1 2 4 5 6 7 8 9 10 11 12 13 14 15 16 17 18 19 20 21 22 23 24 25 26 27 28 29 
21 1 2 3 4 7 8 10 11 12 14 16 18 19 20 21 24 25 26 27 28 29 
22 1 2 3 4 6 7 8 10 11 12 14 16 18 19 20 21 24 25 26 27 28 29 
