60 15 1e+07
1.85491 105427
1.14613 115747
1.22357 180229
1.17792 103214
1.82872 133581
1.21517 100316
2.42096 130177
2.31254 130121
1.66327 140452
1.43441 100759
1.23945 143482
2.71463 100848
2.30488 186119
2.54605 153713
1.12205 162885
2.31 140319
2.97025 108512
2.04488 192211
1.25358 152646
2.8695 130802
1.62713 114005
2.84616 197402
1.82706 188500
1.73088 135886
2.44271 168803
2.59521 135706
2.69977 133938
2.69174 130141
2.20105 190709
2.11327 147922
1.13814 146527
1.35388 143057
1.90183 194465
1.62676 102033
1.54147 148496
2.31452 135239
2.40024 181529
1.16333 182695
1.09989 153536
1.85361 136857
2.97211 184194
1.32691 176066
2.34257 123304
1.06762 183963
2.06669 179025
1.68403 180145
2.42816 107976
2.3679 194904
2.84372 163208
1.81833 145581
1.93607 117695
1.61356 104988
1.3173 177506
1.02898 132920
1.32516 123337
1.68723 142704
1.50783 199650
1.26668 145148
1.33029 196643
1.82083 185909
0.955298 0.541956 2
0.922313 0.231066 3
0.915661 0.108098 4
0.91157 0.104516 4
0.93067 0.244361 3
0.920159 0.228204 3
0.951472 0.52945 2
0.942679 0.506761 2
0.965674 1 1
0.910614 0.103745 4
0.971475 1 1
0.942033 0.505366 2
0.949319 0.523186 2
0.955447 0.542482 2
0.920259 0.228332 3
0.962243 0.570113 2
0.936519 0.25635 3
0.930769 0.127006 4
0.912834 0.0253542 6
0.916679 0.0539682 5
0.904689 0.0108395 7
0.947592 0.288048 3
0.952372 0.532226 2
0.951782 0.304287 3
0.926642 0.120719 4
0.960209 0.561037 2
0.925665 0.119373 4
0.932687 0.130304 4
0.968383 0.602556 2
0.936338 0.255939 3
0.91282 0.0514168 5
0.866741 9.9187e-06 15
0.859783 7.06932e-07 18
0.89575 0.00444176 8
0.972924 0.632462 2
0.97896 1 1
0.917436 0.0545148 5
0.889894 0.00187549 9
0.949567 0.523881 2
0.854829 1.16326e-07 20
0.940388 0.265881 3
0.97775 1 1
0.984706 1 1
0.904044 0.0223076 6
0.866199 9.78612e-06 15
0.949017 0.522346 2
0.873005 0.00144206 9
0.870472 0.000618609 10
0.956763 0.547261 2
0.954481 0.539125 2
0.931194 0.245333 3
0.891428 0.0193109 6
0.884546 0.00821455 7
0.915687 0.222842 3
0.872789 0.00143787 9
0.914302 0.106854 4
0.92 0.228 3
0.931654 0.246202 3
0.932672 0.488284 2
0.893899 0.0198067 6
0.951648 0.529986 2
0.927951 0.122602 4
0.933696 0.132145 4
0.923315 0.116339 4
0.873828 2.64964e-05 14
0.856233 2.31665e-08 22
0.888734 0.000852625 10
0.914872 0.052727 5
0.888062 0.000840958 10
0.946933 0.28574 3
0.895927 0.00445525 8
0.86703 1.97601e-06 17
0.875664 6.14048e-05 13
0.961117 0.564996 2
0.97618 0.657688 2
0.942339 0.271264 3
0.863612 1.55179e-07 20
0.863091 1.52406e-07 20
0.979426 0.686536 2
0.930035 0.12581 4
0.9073 0.0113471 7
0.871028 2.23209e-06 17
0.870101 2.16842e-06 17
0.892224 0.000918693 10
0.868526 9.23842e-07 18
0.892169 0.000917583 10
0.894439 0.00204424 9
0.905782 0.0110454 7
0.925924 0.0619342 5
0.892758 0.000929689 10
0.960997 0.351916 3
0.923836 0.0311136 6
0.917827 0.0140874 7
0.916051 0.0135295 7
0.929443 0.0658781 5
0.91751 0.0139844 7
0.947007 0.165574 4
0.942136 0.151052 4
0.959852 0.344925 3
0.913768 0.00649477 8
0.965791 0.587854 2
0.937375 0.0773994 5
0.945242 0.159946 4
0.961086 0.352474 3
0.924764 0.0317406 6
0.9627 0.572256 2
0.92862 0.123604 4
0.932663 0.130262 4
0.930184 0.12605 4
0.88395 0.000356365 11
0.866219 1.9295e-06 17
0.896078 0.00446683 8
0.919452 0.0560515 5
0.897257 0.00455965 8
0.943452 0.274531 3
0.904826 0.0108647 7
0.876817 6.31135e-05 13
0.885684 0.000802092 10
0.971811 0.624594 2
0.971997 0.625884 2
0.929848 0.125512 4
0.874319 5.48015e-06 16
0.868468 9.22112e-07 18
0.914939 0.0262562 6
0.981421 1 1
0.967365 0.596597 2
0.915584 0.0265485 6
0.894585 0.000969289 10
0.946538 0.284386 3
0.865417 3.71804e-07 19
0.94026 0.265542 3
0.962068 0.5693 2
0.973768 0.638672 2
0.919085 0.0557625 5
0.879567 3.08639e-05 14
0.95395 0.313875 3
0.95901 0.556029 2
0.954814 0.31795 3
0.90368 0.00515139 8
0.893484 0.000945043 10
0.88129 7.05805e-05 13
0.938676 0.142468 4
0.963588 0.576538 2
0.931524 0.128273 4
0.951163 0.301705 3
0.941559 0.269063 3
0.90288 0.0050687 8
0.908998 0.0117082 7
0.969152 0.607232 2
0.956832 0.547522 2
0.905599 0.00536187 8
0.905585 0.00536029 8
0.895323 0.000986212 10
0.865798 1.67647e-07 20
0.911082 0.0121886 7
0.914445 0.0260373 6
0.976659 0.661698 2
0.935535 0.135708 4
0.977392 0.667998 2
0.883731 7.53182e-05 13
0.975714 0.653857 2
0.951535 0.303249 3
0.947069 0.28621 3
0.908244 0.0115446 7
0.882982 7.38079e-05 13
0.951528 0.529622 2
0.886765 0.00842581 7
0.882228 0.00362767 8
0.934416 0.251735 3
0.964716 0.582207 2
0.945121 0.51234 2
0.915602 0.108043 4
0.903196 0.0464076 5
0.941959 0.505208 2
0.881242 0.00358127 8
0.939767 0.500715 2
0.944277 0.510355 2
0.956254 0.545383 2
0.938914 0.499058 2
0.898104 0.0207423 6
0.934027 0.250922 3
0.910294 0.049935 5
0.901994 0.0217304 6
0.89534 0.00939316 7
0.934621 0.252168 3
0.930611 0.244254 3
0.961424 0.566368 2
0.936031 0.255246 3
0.988055 1 1
0.894357 0.00926793 7
0.987467 1 1
0.960494 0.562265 2
0.964332 0.580248 2
0.933357 0.249546 3
0.900566 0.0213523 6
0.924157 0.0313273 6
0.863794 1.2033e-09 26
0.858513 3.53849e-11 30
0.917767 0.014068 7
0.993516 1 1
0.970618 0.616568 2
0.9027 0.00119134 10
0.882792 7.2453e-06 16
0.9333 0.0709641 5
0.856475 1.39393e-11 0
0.927038 0.0333963 6
0.951977 0.305114 3
0.962404 0.36099 3
0.911726 0.00616969 8
0.872122 9.63038e-08 21
0.931196 0.0680809 5
0.925166 0.0320209 6
0.915866 0.0134741 7
0.887238 3.88551e-05 14
0.91721 0.0138884 7
0.913215 0.00640353 8
0.977133 0.665748 2
0.953076 0.309906 3
0.979285 0.685201 2
0.906209 0.00266874 9
0.990849 1 1
0.944727 0.158384 4
0.946692 0.164537 4
0.935123 0.073695 5
0.908331 0.00282229 9
0.954814 0.540269 2
0.920586 0.228755 3
0.913935 0.106527 4
0.911863 0.104756 4
0.932372 0.48782 2
0.921896 0.230496 3
0.950924 0.527806 2
0.941089 0.503383 2
0.966464 1 1
0.908934 0.102446 4
0.971697 1 1
0.943583 0.508769 2
0.951015 0.528077 2
0.954339 0.538643 2
0.918761 0.226447 3
0.931757 0.0374583 6
0.958146 0.335134 3
0.948032 0.169054 4
0.882534 3.32678e-06 17
0.891023 4.40965e-05 14
0.883762 3.48877e-06 17
0.964026 0.372162 3
0.985372 0.750884 2
0.945493 0.16072 4
0.93612 0.0752883 5
0.956652 0.327126 3
0.912287 0.00315541 9
0.915245 0.00675103 8
0.943383 0.154477 4
0.931597 0.0373056 6
0.974131 0.641413 2
0.935804 0.136251 4
0.937003 0.138754 4
0.929198 0.124491 4
0.896061 0.00211238 9
0.879315 6.71057e-05 13
0.912072 0.0250465 6
0.93252 0.130007 4
0.913879 0.025792 6
0.943214 0.273821 3
0.921626 0.0578548 5
0.892253 0.00195926 9
0.900884 0.00487438 8
0.988847 1 1
0.966515 0.591803 2
0.946717 0.284997 3
0.939549 0.26369 3
0.931541 0.128303 4
0.898598 0.00467069 8
0.912175 0.0250872 6
0.903593 0.0106418 7
0.962959 0.573486 2
0.962299 0.570371 2
0.960893 0.564005 2
0.923776 0.0598032 5
0.971326 0.621285 2
0.929847 0.12551 4
0.93463 0.13392 4
0.953704 0.536519 2
0.927839 0.122437 4
0.964747 0.582364 2
0.886828 0.000176421 12
0.887689 0.00018042 12
0.980784 0.699832 2
0.914736 0.0261654 6
0.892937 0.000933424 10
0.881692 7.13255e-05 13
0.8888 0.000397707 11
0.896841 0.00214682 9
0.894931 0.000977159 10
0.899743 0.00228565 9
0.889837 0.000407716 11
0.900919 0.00234715 9
0.950316 0.298281 3
0.920873 0.0572118 5
0.906452 0.0111762 7
0.861186 3.24162e-07 19
0.854121 9.35936e-09 23
0.890786 0.000890306 10
0.970812 0.617847 2
0.983537 1 1
0.913303 0.0255484 6
0.884638 0.000361735 11
0.945077 0.279565 3
0.848982 6.25093e-10 26
0.935447 0.135531 4
0.976461 0.660033 2
0.979902 1 1
0.897647 0.00459137 8
0.860088 1.37687e-07 20
0.906404 0.0478976 5
0.968404 0.602685 2
0.956556 0.546493 2
0.858303 1.55007e-06 17
0.864054 2.10587e-05 14
0.858403 1.55418e-06 17
0.949123 0.52264 2
0.983173 1 1
0.921494 0.114166 4
0.939189 0.262774 3
0.931824 0.246525 3
0.888537 0.00396093 8
0.88976 0.00403396 8
0.920062 0.112556 4
0.922887 0.115815 4
0.9728 1 1
0.901468 0.0456667 5
0.903283 0.0464459 5
0.963289 0.575076 2
0.904259 0.0468843 5
0.883716 0.00370035 8
0.887602 0.00850905 7
0.900143 0.0451246 5
0.898241 0.0443833 5
0.911669 0.104597 4
0.902932 0.0462917 5
0.885975 0.00834902 7
0.896468 0.0203633 6
0.963422 0.575726 2
0.93857 0.498405 2
0.941924 0.270086 3
0.877084 0.000310003 11
0.87247 0.000127357 12
0.931808 0.246495 3
0.974764 1 1
0.953246 0.535019 2
0.908798 0.0491186 5
0.894038 0.00922823 7
0.936972 0.257394 3
0.871454 0.000124808 12
0.93325 0.249329 3
0.945536 0.513338 2
0.957458 0.54989 2
0.928785 0.241015 3
0.888401 0.00395295 8
0.917827 0.0276307 6
0.966171 0.589916 2
0.954423 0.316089 3
0.869103 9.41464e-07 18
0.876277 1.28113e-05 15
0.870066 2.16609e-06 17
0.958291 0.553139 2
0.996186 1 1
0.933101 0.13105 4
0.93905 0.143335 4
0.943837 0.275694 3
0.899776 0.00228733 9
0.901616 0.00494372 8
0.930791 0.127043 4
0.927674 0.0638201 5
0.93097 0.244915 3
0.947778 0.519006 2
0.956855 0.547606 2
0.895839 0.0202229 6
0.856473 7.8087e-06 15
0.84133 1.41918e-08 22
0.891557 0.0089332 7
0.925578 0.235811 3
0.883055 0.00366764 8
0.973891 1 1
0.892397 0.0195012 6
0.857461 7.98034e-06 15
0.864492 0.000109507 12
0.945486 0.513217 2
0.988457 1 1
0.974795 1 1
0.935876 0.493536 2
0.932518 0.247872 3
0.923206 0.232312 3
0.913094 0.105794 4
0.898475 0.0444725 5
0.933613 0.250068 3
0.944667 0.511264 2
0.938262 0.497825 2
0.932005 0.246873 3
0.945942 0.514328 2
0.915175 0.107647 4
0.923342 0.232506 3
0.983273 1 1
0.946714 0.516257 2
0.919921 0.0148083 7
0.994734 1 1
0.983562 0.729546 2
0.872613 4.46005e-08 22
0.863036 2.29559e-10 28
0.853536 1.19e-11 0
0.930859 0.036613 6
0.972164 0.627053 2
0.910756 0.00301853 9
0.967123 0.395806 3
0.921508 0.0154047 7
0.879157 6.20639e-07 19
0.882874 3.3705e-06 17
0.935894 0.0749201 5
0.949209 0.173251 4
0.941636 0.269277 3
0.970416 0.615245 2
0.964159 0.579372 2
0.892106 0.00418309 8
0.884603 0.000785579 10
0.873893 5.89302e-05 13
0.941611 0.269207 3
0.973995 0.640378 2
0.92852 0.123452 4
0.956354 0.545751 2
0.939192 0.26278 3
0.897887 0.00973872 7
0.902849 0.021966 6
0.956926 0.547873 2
0.953937 0.537291 2
0.909672 0.103009 4
0.876447 0.00151257 9
0.868327 0.000265121 11
0.884002 0.00816472 7
0.952034 0.531173 2
0.959901 0.559727 2
0.934612 0.252149 3
0.902248 0.0459963 5
0.966063 1 1
0.861208 4.52236e-05 13
0.955209 0.541644 2
0.997586 1 1
0.989058 1 1
0.904273 0.0468906 5
0.869021 0.000268232 11
0.947481 0.518226 2
0.870887 5.51005e-05 13
0.868564 2.33169e-05 14
0.958984 0.555922 2
0.952449 0.532469 2
0.929138 0.124397 4
0.888357 0.00182484 9
0.881936 0.000747583 10
0.912453 0.0511932 5
0.871224 5.55088e-05 13
0.911104 0.0503957 5
0.917013 0.0542071 5
0.928607 0.123584 4
0.930982 0.244938 3
0.892721 0.00422431 8
0.920562 0.0291012 6
0.932751 0.0701862 5
0.922242 0.0300965 6
0.874854 2.52706e-06 17
0.901938 0.00240313 9
0.899236 0.00108612 10
0.990294 1 1
0.963353 0.575386 2
0.966783 0.593294 2
0.910083 0.00593012 8
0.976659 0.661698 2
0.932395 0.0696904 5
0.932533 0.0698822 5
0.927391 0.0635055 5
0.907321 0.00556644 8
0.958233 0.552908 2
0.879998 0.000149527 12
0.877995 0.000142987 12
0.963309 0.575176 2
0.946019 0.282642 3
0.923267 0.116279 4
0.893527 0.00200786 9
0.889876 0.00187488 9
0.915592 0.0532116 5
0.88106 0.000153213 12
0.915506 0.0531529 5
0.915877 0.0534069 5
0.927532 0.121989 4
0.941433 0.268713 3
0.90299 0.0105367 7
0.970184 0.613744 2
0.893495 0.000945289 10
0.89461 0.00205118 9
0.973295 0.635162 2
0.911555 0.0248428 6
0.89026 0.000880332 10
0.885396 0.000170103 12
0.894461 0.00204513 9
0.898857 0.00469279 8
0.902126 0.00499341 8
0.902489 0.0050294 8
0.889597 0.00040536 11
0.900476 0.00483655 8
0.956945 0.547945 2
0.928327 0.123162 4
0.987662 1 1
0.905255 0.0473459 5
0.904215 0.0468643 5
0.956741 0.547182 2
0.925429 0.235583 3
0.905388 0.0474084 5
0.90579 0.0476002 5
0.91117 0.10419 4
0.92026 0.112774 4
0.908327 0.0488704 5
0.923941 0.233367 3
0.909154 0.0493088 5
0.919912 0.112393 4
0.970159 1 1
0.931102 0.245161 3
0.966054 0.589278 2
0.94712 0.517292 2
0.947419 0.518067 2
0.918346 0.110735 4
0.892864 0.00908557 7
0.877692 0.000694123 10
0.920388 0.112915 4
0.943839 0.509349 2
0.918512 0.110907 4
0.951377 0.529162 2
0.927244 0.238443 3
0.893978 0.00922071 7
0.901723 0.0216572 6
0.983466 1 1
0.96946 0.609145 2
0.934317 0.133319 4
0.915046 0.0132334 7
0.906515 0.00546869 8
0.893721 0.000449649 11
0.929601 0.0660688 5
0.925389 0.0613852 5
0.965996 0.588963 2
0.941244 0.148714 4
0.986987 1 1
0.898404 0.00106333 10
0.991711 1 1
0.9557 0.322283 3
0.959003 0.339966 3
0.935006 0.134654 4
0.903632 0.0025022 9
0.948566 0.521113 2
0.884489 0.00820924 7
0.87983 0.00351711 8
0.932758 0.488418 2
0.967721 1 1
0.948003 0.519601 2
0.914788 0.107292 4
0.901329 0.0456087 5
0.941877 0.505034 2
0.878672 0.00346641 8
0.93914 0.499492 2
0.945961 0.514376 2
0.957996 0.551974 2
0.936015 0.493776 2
0.895338 0.0433278 5
0.951444 0.529366 2
0.958575 0.554267 2
0.9609 0.564037 2
0.906152 0.0477747 5
0.879878 0.00159037 9
0.865652 4.936e-05 13
0.91738 0.109758 4
0.947664 0.518704 2
0.910442 0.0500179 5
0.966171 0.589916 2
0.919975 0.112462 4
0.883839 0.00370652 8
0.890748 0.00884209 7
0.968491 1 1
0.979562 1 1
0.945087 0.279598 3
0.892445 0.000923217 10
0.886523 0.00017504 12
0.919217 0.028356 6
0.962032 0.569137 2
0.949019 0.293264 3
0.929908 0.0664459 5
0.912407 0.0125175 7
0.958323 0.553266 2
0.883202 7.42464e-05 13
0.954953 0.318619 3
0.958601 0.554374 2
0.97022 0.613976 2
0.936269 0.137208 4
0.896675 0.00101873 10
0.957886 0.551545 2
0.882071 0.000156876 12
0.879372 0.000147424 12
0.955236 0.541739 2
0.952517 0.532683 2
0.929999 0.125754 4
0.899595 0.00475716 8
0.893731 0.00201588 9
0.922777 0.0588763 5
0.881343 0.000154223 12
0.922201 0.058359 5
0.923667 0.0597 5
0.935419 0.135475 4
0.941744 0.26958 3
0.902009 0.010371 7
0.958851 0.339095 3
0.942161 0.151119 4
0.945977 0.162237 4
0.919021 0.028251 6
0.88172 1.51182e-05 15
0.86546 1.46579e-08 23
0.905201 0.00260119 9
0.931716 0.0687683 5
0.902865 0.00245638 9
0.955611 0.321842 3
0.911369 0.00611606 8
0.879531 6.4749e-06 16
0.887593 8.40013e-05 13
0.973307 0.635247 2
0.982007 0.71248 2
0.950429 0.298733 3
0.931999 0.0691504 5
0.937922 0.140763 4
0.919784 0.0147587 7
0.872697 2.17719e-07 20
0.855504 3.01651e-11 30
0.890931 9.29409e-05 13
0.918128 0.0141866 7
0.889171 8.80409e-05 13
0.95126 0.302106 3
0.897306 0.000495751 11
0.867299 1.58742e-08 23
0.875703 1.18383e-06 18
0.961292 0.353772 3
0.980651 0.698495 2
0.949078 0.172773 4
0.930089 0.0666704 5
0.936226 0.0754613 5
0.919952 0.0148195 7
0.871435 4.23127e-08 22
0.854102 1.22623e-11 0
0.88874 4.08105e-05 14
0.915914 0.00687322 8
0.887137 1.81339e-05 15
0.949933 0.175948 4
0.895204 0.000223239 12
0.865522 2.93104e-09 25
0.873982 2.2933e-07 20
0.959399 0.342259 3
0.979104 0.68349 2
0.956328 0.545655 2
0.878859 3.02638e-05 14
0.876636 1.29457e-05 15
0.96087 0.563904 2
0.948868 0.292697 3
0.926007 0.0620203 5
0.894049 0.000957346 10
0.889371 0.000403156 11
0.91677 0.0271077 6
0.879375 3.06993e-05 14
0.916335 0.0268994 6
0.917988 0.0277125 6
0.929673 0.125234 4
0.939694 0.144862 4
0.900946 0.00488011 8
0.916593 0.0270226 6
0.980304 0.695043 2
0.968192 0.601421 2
0.868216 4.0905e-07 19
0.86761 1.79076e-07 20
0.86 5.16177e-09 24
0.944201 0.276808 3
0.985955 1 1
0.920716 0.029189 6
0.951596 0.303506 3
0.931496 0.128225 4
0.888052 0.000182158 12
0.890637 0.000415755 11
0.931251 0.0681537 5
0.936282 0.137235 4
0.973732 1 1
0.892554 0.0195325 6
0.891462 0.0193176 6
0.966662 1 1
0.932014 0.246891 3
0.910463 0.103625 4
0.897321 0.0205583 6
0.89941 0.0448341 5
0.915086 0.107564 4
0.895742 0.0202016 6
0.917191 0.10957 4
0.908934 0.102446 4
0.920231 0.228297 3
0.956487 0.546239 2
0.918911 0.111323 4
0.930586 0.244208 3
0.880639 0.00355356 8
0.874213 0.00146603 9
0.909834 0.103134 4
0.971966 1 1
0.963572 1 1
0.924993 0.234922 3
0.902257 0.0459998 5
0.956489 0.546248 2
0.870139 0.000615515 10
0.949804 0.524552 2
0.969641 1 1
0.981965 1 1
0.921579 0.230068 3
0.882716 0.00804999 7
0.984063 1 1
0.911902 0.01239 7
0.909124 0.0117361 7
0.942686 0.272268 3
0.93186 0.12885 4
0.913753 0.0257383 6
0.920144 0.0288647 6
0.922023 0.0582013 5
0.93527 0.135178 4
0.910435 0.0120348 7
0.939092 0.143432 4
0.921993 0.0581749 5
0.932381 0.12976 4
0.971804 0.624552 2
0.929575 0.0660382 5
0.914016 0.00653647 8
0.916698 0.0137275 7
0.906431 0.00268407 9
0.871745 9.479e-08 21
0.909831 0.00589497 8
0.910236 0.0059517 8
0.986607 0.766426 2
0.946806 0.16491 4
0.978261 0.67572 2
0.894856 0.00022089 12
0.982813 0.721183 2
0.945779 0.161613 4
0.943784 0.155617 4
0.917992 0.0141417 7
0.893863 0.000214399 12
0.929575 0.24239 3
0.943432 0.274469 3
0.933321 0.249473 3
0.881917 0.000747326 10
0.900425 0.0213159 6
0.895042 0.00935479 7
0.977403 1 1
0.972808 1 1
0.959714 0.558939 2
0.921838 0.114566 4
0.97092 1 1
0.925585 0.119265 4
0.927617 0.239052 3
0.938119 0.26012 3
0.919584 0.112037 4
0.957865 0.333586 3
0.917047 0.00708985 8
0.921749 0.0154992 7
0.936293 0.0755717 5
0.880856 1.44216e-06 18
0.862115 2.18724e-10 28
0.885173 7.89916e-06 16
0.907365 0.00136494 10
0.888156 1.88047e-05 15
0.933856 0.0717735 5
0.895087 0.00010644 13
0.86988 1.78215e-08 23
0.879205 6.21889e-07 19
0.962256 0.360007 3
0.962769 0.363436 3
0.947719 0.518849 2
0.869296 0.000607786 10
0.869634 0.000610859 10
0.99231 1 1
0.920271 0.228348 3
0.897734 0.0441926 5
0.8706 0.00061981 10
0.873341 0.00144864 9
0.889363 0.018923 6
0.876288 0.003367 8
0.890499 0.0191336 6
0.888104 0.0186971 6
0.899408 0.0448331 5
0.932066 0.487351 2
0.901591 0.0457182 5
0.935848 0.136343 4
0.974638 0.64531 2
0.966742 0.593067 2
0.88656 8.15208e-05 13
0.880979 1.47669e-05 15
0.87105 4.525e-07 19
0.943375 0.154455 4
0.979111 0.683559 2
0.927573 0.0637073 5
0.956462 0.326146 3
0.938418 0.141878 4
0.896181 0.00100663 10
0.90056 0.00232803 9
0.950956 0.30086 3
0.95038 0.298537 3
0.95826 0.335769 3
0.952967 0.30942 3
0.954424 0.316091 3
0.912219 0.00624524 8
0.885567 3.68481e-05 14
0.870822 9.12179e-08 21
0.918219 0.014217 7
0.945515 0.160787 4
0.913631 0.012839 7
0.95936 0.342027 3
0.922808 0.0304493 6
0.888011 3.98421e-05 14
0.895339 0.000469476 11
0.975416 0.651455 2
0.976219 0.658011 2
0.963732 0.577248 2
0.921135 0.0294323 6
0.925106 0.0319784 6
0.936747 0.13821 4
0.885548 3.68267e-05 14
0.867065 3.50939e-08 22
0.891319 0.000199167 12
0.912885 0.00635027 8
0.894401 0.000217872 12
0.936072 0.136802 4
0.901414 0.0011502 10
0.875669 1.18238e-06 18
0.884938 3.61358e-05 14
0.969048 0.606593 2
0.964712 0.582185 2
0.929727 0.0662232 5
0.856552 1.65394e-10 28
0.858504 4.13206e-10 27
0.979729 0.689436 2
0.897711 0.00104504 10
0.875751 2.60469e-06 17
0.850299 1.00621e-11 0
0.856705 1.6662e-10 28
0.867052 3.50745e-08 22
0.867508 7.98209e-08 21
0.868767 8.39041e-08 21
0.865104 1.44366e-08 23
0.876115 2.63722e-06 17
0.916556 0.0136835 7
0.894005 0.00045301 11
0.938657 0.142424 4
0.947157 0.286519 3
0.954843 0.318089 3
0.902656 0.00244415 9
0.863367 3.02373e-08 22
0.847891 8.9176e-12 0
0.895456 0.000989339 10
0.927834 0.0639993 5
0.888511 0.000184388 12
0.969939 0.612172 2
0.897674 0.00104406 10
0.863456 3.03427e-08 22
0.870772 9.95346e-07 18
0.953132 0.310155 3
0.995958 1 1
0.946104 0.162638 4
0.930375 0.0670286 5
0.922431 0.0302132 6
0.900249 0.0011151 10
0.920388 0.0290018 6
0.912394 0.00627259 8
0.963559 0.368863 3
0.953975 0.313995 3
0.969117 0.607015 2
0.915051 0.0132348 7
0.978587 0.678697 2
0.938898 0.142982 4
0.943873 0.155874 4
0.950124 0.297523 3
0.920542 0.0290897 6
0.944414 0.157453 4
0.868945 1.70812e-08 23
0.870391 1.82449e-08 23
0.993374 1 1
0.90734 0.00274859 9
0.885137 7.88867e-06 16
0.863845 5.37492e-10 27
0.87008 1.79858e-08 23
0.880387 1.41541e-06 18
0.878634 1.32161e-06 18
0.882403 3.31022e-06 17
0.876945 5.66926e-07 19
0.888077 1.87514e-05 15
0.93056 0.0363391 6
0.905012 0.00127223 10
22 4 5 7 17 19 22 25 30 32 33 34 41 42 43 44 46 51 52 55 56 57 59 
30 3 4 5 7 9 17 19 22 25 26 30 32 33 34 35 38 40 41 42 43 44 46 48 51 52 54 55 56 57 59 
51 0 1 2 3 4 5 6 7 8 9 11 12 13 14 15 17 18 19 20 22 23 25 26 28 29 30 32 33 34 35 36 37 38 39 40 41 42 43 44 46 47 48 51 52 53 54 55 56 57 58 59 
8 4 25 42 43 51 55 56 59 
32 3 4 5 7 11 13 17 19 22 23 25 30 32 33 34 35 37 38 40 41 42 43 44 46 48 51 52 54 55 56 57 59 
33 3 4 5 7 8 11 13 17 19 22 23 25 26 30 32 33 34 35 37 38 39 40 41 42 44 46 48 51 52 54 55 56 59 
58 0 1 2 3 4 5 6 7 8 9 10 11 12 13 14 15 16 17 18 19 20 22 23 24 25 26 27 28 29 30 31 32 33 34 35 36 37 38 39 40 41 42 43 44 45 46 47 48 49 50 51 52 53 54 55 57 58 59 
48 0 1 3 4 5 6 7 8 9 11 13 15 16 17 18 19 22 23 25 26 27 28 30 32 33 34 35 37 38 39 40 41 42 43 44 45 46 47 48 51 52 53 54 55 56 57 58 59 
56 0 1 2 3 4 5 6 7 8 9 11 12 13 14 15 16 17 18 19 20 21 22 23 24 25 26 27 28 30 32 33 34 35 36 37 38 39 40 41 42 43 44 45 46 47 48 50 51 52 53 54 55 56 57 58 59 
42 0 1 2 3 4 5 6 7 8 9 11 15 17 19 20 22 23 25 26 30 32 33 34 35 37 38 39 40 41 42 43 44 46 47 48 51 52 54 55 56 57 59 
48 0 1 2 3 4 5 6 7 8 9 11 12 13 15 17 18 19 20 22 23 25 26 29 30 32 33 34 35 36 37 38 39 40 41 42 43 44 46 47 48 51 52 54 55 56 57 58 59 
44 0 1 2 3 4 5 6 7 8 9 11 13 15 17 19 20 22 23 25 26 29 30 32 33 34 35 37 38 39 40 41 42 43 44 46 47 48 51 52 54 55 56 57 59 
56 0 1 2 3 4 5 6 7 8 9 11 12 13 14 15 16 17 18 19 21 22 23 24 25 26 27 28 30 31 32 33 34 35 36 37 38 39 40 41 42 43 44 45 46 47 48 50 51 52 53 54 55 56 57 58 59 
24 3 4 5 7 17 19 22 25 30 32 33 34 40 41 42 43 44 46 51 52 55 56 57 59 
15 4 5 7 19 22 25 33 42 43 51 52 55 56 57 59 
