30 15 1e+07
1.9553 104247
1.1005 197858
1.39076 124833
1.05575 126142
1.41937 152890
1.67347 181895
1.1304 159350
1.93984 141797
1.83257 145679
2.96796 176926
1.92925 105184
1.93257 116528
2.50546 122189
1.3241 168891
1.66148 165160
2.72623 156722
1.38377 101797
2.49719 141721
1.22453 134091
2.08904 179753
1.46817 195633
1.48837 158154
1.35443 155932
1.59995 148697
1.44471 148002
1.46265 192374
2.89135 146885
1.70908 104247
1.44883 178510
1.86194 194908
0.924688 0.0606843 5
0.888265 0.00039272 11
0.873574 1.1867e-05 15
0.908898 0.0116862 7
0.96755 0.597661 2
0.942679 0.272246 3
0.969535 0.609616 2
0.986046 1 1
0.952928 0.309246 3
0.923618 0.0596542 5
0.944169 0.276711 3
0.911906 0.0249806 6
0.874678 1.2239e-05 15
0.863339 1.53715e-07 20
0.957847 0.551394 2
0.998002 1 1
0.94161 0.149662 4
0.942857 0.153007 4
0.980199 0.694007 2
0.916899 0.0137902 7
0.943635 0.155193 4
0.923092 0.0306295 6
0.935531 0.0743382 5
0.917117 0.0138588 7
0.880238 3.05225e-06 17
0.972205 0.627338 2
0.980131 0.693344 2
0.921339 0.015339 7
0.930156 0.0667539 5
0.965346 0.381848 3
0.96269 0.572208 2
0.972768 1 1
0.940513 0.266214 3
0.955772 0.54364 2
0.916382 0.108782 4
0.956091 0.544792 2
0.922226 0.115021 4
0.925045 0.118546 4
0.923472 0.116533 4
0.890011 0.00404929 8
0.939936 0.264693 3
0.950091 0.525372 2
0.954518 0.539252 2
0.938388 0.260776 3
0.940447 0.266037 3
0.922786 0.115693 4
0.88525 0.0017308 9
0.871685 5.60757e-05 13
0.907239 0.0232977 6
0.964271 0.579939 2
0.938897 0.262038 3
0.965882 0.588348 2
0.982172 1 1
0.949337 0.523236 2
0.921088 0.113701 4
0.943287 0.274036 3
0.910503 0.0500528 5
0.871479 5.58214e-05 13
0.861124 1.67148e-06 17
0.956483 0.546223 2
0.890609 0.000415472 11
0.921489 0.0296408 6
0.872065 1.04024e-06 18
0.881101 3.22355e-05 14
0.908525 0.00571936 8
0.933859 0.132451 4
0.91023 0.011987 7
0.895908 0.00100005 10
0.924371 0.0603745 5
0.917764 0.0275989 6
0.878338 1.36149e-05 15
0.876514 5.86824e-06 16
0.930612 0.0673286 5
0.877945 6.14445e-06 16
0.88633 8.09849e-05 13
0.925715 0.0617176 5
0.879182 3.05355e-05 14
0.875644 1.25799e-05 15
0.912507 0.0252209 6
0.939113 0.143483 4
0.922804 0.0589007 5
0.941624 0.269244 3
0.961954 0.568778 2
0.925682 0.0616841 5
0.89655 0.00213384 9
0.951851 0.304581 3
0.917521 0.0274768 6
0.863101 6.75145e-08 21
0.862452 6.59312e-08 21
0.959683 0.558811 2
0.894256 0.000456037 11
0.933529 0.0712947 5
0.88279 1.56488e-05 15
0.886919 3.84586e-05 14
0.897759 0.00104628 10
0.929059 0.0654172 5
0.900379 0.00111891 10
0.888822 8.71209e-05 13
0.912882 0.0126402 7
0.901306 0.00114685 10
0.878385 2.85445e-06 17
0.881534 1.50289e-05 15
0.946273 0.163178 4
0.890777 0.000196157 12
0.884507 3.56612e-05 14
0.912175 0.0124584 7
0.944102 0.156538 4
0.894029 0.000453307 11
0.903201 0.00247627 9
0.915662 0.0134132 7
0.949689 0.295823 3
0.918868 0.0281696 6
0.908248 0.00568338 8
0.930435 0.0671041 5
0.912742 0.0126038 7
0.897459 0.00103851 10
0.898257 0.00105942 10
0.950158 0.297656 3
0.899164 0.00108412 10
0.904145 0.00253371 9
0.902622 0.00244219 9
0.917423 0.0139564 7
0.872686 4.80664e-07 19
0.890014 9.03335e-05 13
0.937351 0.139505 4
0.955303 0.320322 3
0.938508 0.142084 4
0.921828 0.0298439 6
0.953798 0.313176 3
0.944498 0.157704 4
0.895969 0.000477614 11
0.886828 3.83467e-05 14
0.918933 0.0144591 7
0.874318 5.11354e-07 19
0.906308 0.00267553 9
0.927415 0.121819 4
0.891615 0.00415082 8
0.87625 0.000137694 12
0.911441 0.050591 5
0.96937 0.608584 2
0.946271 0.283483 3
0.971991 0.625841 2
0.989854 1 1
0.955417 0.542375 2
0.924707 0.118103 4
0.946065 0.282796 3
0.914254 0.0523215 5
0.878048 0.000143153 12
0.866217 4.34369e-06 16
0.960102 0.560581 2
0.982882 1 1
0.945333 0.512847 2
0.960466 0.562144 2
0.996401 1 1
0.899816 0.021161 6
0.929016 0.241414 3
0.905915 0.0476601 5
0.917714 0.110092 4
0.900966 0.0214564 6
0.865054 4.87678e-05 13
0.957493 0.550023 2
0.988694 1 1
0.924374 0.234 3
0.945576 0.513434 2
0.947905 0.519339 2
0.970528 1 1
0.936799 0.256992 3
0.920323 0.112844 4
0.953457 0.535706 2
0.942304 0.271165 3
0.968049 0.600572 2
0.948702 0.521482 2
0.958216 0.55284 2
0.943112 0.507715 2
0.905135 0.0472895 5
0.967693 0.598489 2
0.953279 0.535124 2
0.920011 0.1125 4
0.91141 0.0505732 5
0.974552 1 1
0.938626 0.261363 3
0.978318 1 1
0.927413 0.121816 4
0.933145 0.131131 4
0.909008 0.0238999 6
0.950225 0.297921 3
0.914024 0.0521735 5
0.911363 0.0247684 6
0.919791 0.0563226 5
0.891802 0.00194265 9
0.917392 0.0544824 5
0.92703 0.121267 4
0.97291 0.632355 2
0.931929 0.128969 4
0.919791 0.0563224 5
0.946152 0.283084 3
0.963352 0.575384 2
0.920692 0.0570609 5
0.936195 0.137055 4
0.926792 0.120929 4
0.968894 0.605647 2
0.931999 0.129092 4
0.929014 0.124206 4
0.937136 0.13904 4
0.90639 0.011164 7
0.929382 0.124777 4
0.93146 0.128164 4
0.954077 0.314467 3
0.920969 0.0572932 5
0.934212 0.133117 4
0.891723 0.000201459 12
0.885054 3.62662e-05 14
0.850229 1.00264e-11 0
0.876368 2.66018e-06 17
0.965603 0.58685 2
0.943552 0.154955 4
0.9615 0.355093 3
0.939886 0.145325 4
0.973926 0.63986 2
0.985229 0.749144 2
0.896794 0.000488657 11
0.875782 1.18724e-06 18
0.880912 6.78509e-06 16
0.847107 8.57931e-12 0
0.910332 0.00596527 8
0.909792 0.011886 7
0.886019 0.000372979 11
0.861636 1.45011e-07 20
0.89357 0.00200956 9
0.99024 1 1
0.947616 0.288133 3
0.985079 1 1
0.971729 0.624033 2
0.973834 0.639162 2
0.951419 0.302767 3
0.922689 0.0587966 5
0.894926 0.00206422 9
0.876178 2.81541e-05 14
0.854437 4.1253e-09 24
0.937067 0.138893 4
0.900069 0.0212249 6
0.892571 0.00905086 7
0.858125 1.54285e-06 17
0.884593 0.00171222 9
0.971811 1 1
0.952289 0.531966 2
0.9687 0.604464 2
0.946858 0.516623 2
0.982765 1 1
0.976083 1 1
0.904688 0.0224977 6
0.88396 0.00169472 9
0.88763 0.00390869 8
0.854752 6.14258e-07 18
0.918209 0.110594 4
0.978017 1 1
0.943142 0.273605 3
0.928688 0.123706 4
0.96133 0.565944 2
0.933995 0.250854 3
0.96294 0.573398 2
0.940337 0.265745 3
0.949722 0.524318 2
0.935598 0.254283 3
0.898146 0.00977565 7
0.96764 0.598178 2
0.960344 0.561617 2
0.925163 0.118702 4
0.919591 0.0561626 5
0.970365 0.614913 2
0.933908 0.0718508 5
0.939312 0.0809117 5
0.89944 0.000527284 11
0.920497 0.0150193 7
0.946935 0.165336 4
0.984993 0.74628 2
0.951282 0.181218 4
0.94217 0.151142 4
0.959782 0.344513 3
0.929704 0.0355775 6
0.925762 0.0324458 6
0.917477 0.0139738 7
0.9331 0.0706781 5
0.898236 0.000245626 12
0.935032 0.0735535 5
0.94261 0.272047 3
0.994965 1 1
0.950102 0.297433 3
0.944042 0.27632 3
0.891002 0.00089446 10
0.930997 0.127384 4
0.89647 0.00449723 8
0.898117 0.00463017 8
0.899514 0.00475004 8
0.869634 4.77384e-06 16
0.916631 0.0539339 5
0.936685 0.25673 3
0.97531 0.650603 2
0.957165 0.548772 2
0.914648 0.0261268 6
0.890839 0.0191979 6
0.935926 0.493621 2
0.885629 0.00831596 7
0.885338 0.00828839 7
0.886222 0.00837276 7
0.919435 0.227285 3
0.889166 0.0188871 6
0.879043 0.00348248 8
0.900832 0.0454039 5
0.888097 0.00855935 7
0.87284 0.00143885 9
0.87945 0.00350031 8
0.952354 0.532171 2
0.895612 0.020173 6
0.877674 0.00342399 8
0.922038 0.0582149 5
0.906097 0.0111065 7
0.876519 2.84084e-05 14
0.905855 0.0110594 7
0.985408 1 1
0.969716 0.610756 2
0.988589 1 1
0.96915 0.607221 2
0.99168 1 1
0.952057 0.305456 3
0.928156 0.122907 4
0.905784 0.0110458 7
0.897268 0.00216616 9
0.871135 4.98405e-06 16
0.942019 0.270353 3
0.890406 0.0191162 6
0.937348 0.496141 2
0.887493 0.00849807 7
0.8856 0.00831314 7
0.882609 0.00364595 8
0.916563 0.108957 4
0.885699 0.00832261 7
0.876187 0.00150699 9
0.896991 0.0439181 5
0.883532 0.00812237 7
0.871652 0.00062985 10
0.879542 0.00350434 8
0.954947 0.540729 2
0.898159 0.0443524 5
0.875986 0.00150271 9
0.952187 0.531649 2
0.964573 0.581473 2
0.980139 1 1
0.962528 0.571443 2
0.880479 0.00160486 9
0.916494 0.10889 4
0.886347 0.00383745 8
0.893344 0.00914323 7
0.885539 0.00379415 8
0.852673 5.80942e-07 18
0.925023 0.234967 3
0.955023 0.540994 2
0.946385 0.515428 2
0.977622 1 1
0.918103 0.110486 4
0.88662 0.000816965 10
0.920876 0.113461 4
0.871009 2.47111e-05 14
0.877919 0.000142748 12
0.901117 0.0102257 7
0.927413 0.121816 4
0.902911 0.0105233 7
0.889073 0.00184805 9
0.916805 0.0540581 5
0.910549 0.0244589 6
0.873248 5.80714e-05 13
0.873052 5.78136e-05 13
0.931976 0.129051 4
0.877949 0.000142843 12
0.880698 0.000332892 11
0.977348 1 1
0.95941 0.557673 2
0.941625 0.5045 2
0.966802 1 1
0.920979 0.22927 3
0.956394 0.545896 2
0.927146 0.238283 3
0.9338 0.490071 2
0.92526 0.235325 3
0.889491 0.0189464 6
0.954762 0.540089 2
0.96247 1 1
0.940027 0.501231 2
0.934734 0.4916 2
0.954055 0.537686 2
0.891976 0.00194903 9
0.89732 0.00456474 8
0.856511 5.35448e-08 21
0.877887 6.47722e-05 13
0.947995 0.289489 3
0.946891 0.285596 3
0.946642 0.284742 3
0.926282 0.120217 4
0.963036 0.573858 2
0.968291 0.602009 2
0.890905 0.00191043 9
0.875883 6.17222e-05 13
0.896833 0.00452577 8
0.856191 2.31319e-08 22
0.903078 0.0105519 7
0.953267 0.535086 2
0.938553 0.261183 3
0.909877 0.0242108 6
0.937676 0.259053 3
0.951701 0.530147 2
0.988039 1 1
0.957789 0.551166 2
0.9579 0.551601 2
0.957564 0.550296 2
0.920298 0.0567344 5
0.948482 0.291266 3
0.936036 0.255258 3
0.925813 0.119574 4
0.904531 0.0108104 7
0.957939 0.551754 2
0.893901 0.000954088 10
0.88425 0.000165329 12
0.851074 2.9512e-10 27
0.878315 2.98143e-05 14
0.970983 0.618982 2
0.944201 0.276808 3
0.966269 0.590451 2
0.94482 0.278747 3
0.976515 0.660481 2
0.981571 1 1
0.90036 0.00482599 8
0.878065 2.96122e-05 14
0.879107 3.04717e-05 14
0.847237 2.00332e-11 30
0.914125 0.025898 6
0.871177 1.0091e-06 18
0.92066 0.0291572 6
0.874425 2.49115e-06 17
0.867921 4.04885e-07 19
0.861852 1.26116e-08 23
0.894472 0.00096675 10
0.864686 7.16174e-08 21
0.855078 3.52447e-10 27
0.876143 5.79969e-06 16
0.865668 1.66869e-07 20
0.851705 5.72214e-11 29
0.861649 1.25081e-08 23
0.940569 0.147005 4
0.88736 0.000178873 12
0.855374 8.16908e-10 26
26 1 2 4 6 7 8 10 11 12 13 14 15 16 17 18 19 20 21 22 23 24 25 26 27 28 29 
11 4 6 7 8 12 14 20 22 24 26 29 
29 0 1 2 3 4 5 6 7 8 9 10 11 12 13 15 16 17 18 19 20 21 22 23 24 25 26 27 28 29 
29 0 1 2 3 4 6 7 8 9 10 11 12 13 14 15 16 17 18 19 20 21 22 23 24 25 26 27 28 29 
25 1 2 4 6 7 8 10 11 12 13 14 16 17 18 19 20 21 22 23 24 25 26 27 28 29 
15 2 4 6 7 8 12 13 18 19 20 22 23 24 26 29 
17 4 6 7 8 12 13 14 16 18 19 20 21 22 24 26 28 29 
25 1 2 4 6 7 8 10 11 12 13 14 16 17 18 19 20 21 22 23 24 25 26 27 28 29 
16 4 6 7 8 12 13 14 16 18 19 20 22 24 26 28 29 
25 1 2 4 6 7 8 10 11 12 13 14 16 17 18 19 20 21 22 23 24 25 26 27 28 29 
29 0 1 2 3 4 6 7 8 9 10 11 12 13 14 15 16 17 18 19 20 21 22 23 24 25 26 27 28 29 
29 0 1 2 3 4 6 7 8 9 10 11 12 13 14 15 16 17 18 19 20 21 22 23 24 25 26 27 28 29 
9 4 6 7 8 20 22 24 26 29 
19 2 4 6 7 8 12 13 15 16 18 19 20 21 22 24 26 27 28 29 
28 0 1 2 3 4 6 7 8 9 11 12 13 14 15 16 17 18 19 20 21 22 23 24 25 26 27 28 29 
