40 15 1e+07
2.22857 114155
1.04834 154603
2.71896 116914
2.04354 125738
1.36021 125187
1.83708 148213
1.02891 115795
2.16758 133001
1.21442 134882
2.25193 195858
1.4714 156129
2.82348 186311
1.66226 123205
2.09058 152976
1.83755 154336
1.98721 173046
2.96221 183431
2.73309 116464
2.5276 139721
1.18661 198817
1.31595 177516
2.67817 179061
1.88397 137040
1.6001 153397
1.61382 126943
1.73861 181702
1.60134 114263
2.09278 197751
1.88485 186966
2.14532 157925
2.38207 128069
1.47567 155303
1.31118 151543
1.68183 196855
1.87814 129782
2.53569 126271
2.91786 122022
1.39393 192710
1.32865 165214
1.14461 173772
0.881745 1.51303e-05 15
0.935292 0.135222 4
0.929541 0.0659964 5
0.873911 1.10971e-06 18
0.876912 5.94318e-06 16
0.891266 0.000198868 12
0.978041 0.67374 2
0.898216 0.00105831 10
0.928142 0.0643483 5
0.963791 0.57754 2
0.869476 1.92038e-07 20
0.928106 0.0643083 5
0.901687 0.00238907 9
0.937386 0.139581 4
0.877772 6.11006e-06 16
0.893284 0.000444539 11
0.969991 0.612501 2
0.884585 7.71044e-05 13
0.898848 0.00224094 9
0.918219 0.0278309 6
0.95038 0.298537 3
0.918111 0.0277752 6
0.93389 0.132508 4
0.878947 1.38674e-05 15
0.921166 0.0294506 6
0.892614 0.00043692 11
0.892148 0.000431759 11
0.907304 0.00556434 8
0.946901 0.285631 3
0.914312 0.0130258 7
0.986293 1 1
0.924293 0.117569 4
0.917781 0.11016 4
0.984501 1 1
0.965748 0.587622 2
0.93968 0.264028 3
0.904366 0.0224023 6
0.967305 0.59625 2
0.910734 0.0501834 5
0.918166 0.11055 4
0.98063 1 1
0.929866 0.242907 3
0.979917 1 1
0.94088 0.267199 3
0.972777 1 1
0.956802 0.54741 2
0.92007 0.228089 3
0.961872 0.568399 2
0.938751 0.498747 2
0.923064 0.232113 3
0.909819 0.103122 4
0.930752 0.244513 3
0.936191 0.494082 2
0.95497 0.54081 2
0.944147 0.510055 2
0.937568 0.49654 2
0.973627 1 1
0.970948 1 1
0.942955 0.507367 2
0.92869 0.240853 3
0.963641 0.576798 2
0.940939 0.26736 3
0.945272 0.280193 3
0.952496 0.307349 3
0.94394 0.276009 3
0.934145 0.13299 4
0.934148 0.132997 4
0.960477 0.562191 2
0.937759 0.140401 4
0.948538 0.291471 3
0.948814 0.292497 3
0.95773 0.550939 2
0.985436 1 1
0.963244 0.574859 2
0.948516 0.291391 3
0.984263 1 1
0.917308 0.109686 4
0.934977 0.25293 3
0.964427 1 1
0.943489 0.508556 2
0.921649 0.230162 3
0.911325 0.104316 4
0.949878 0.524763 2
0.928256 0.240116 3
0.925311 0.235403 3
0.964159 1 1
0.946671 0.516149 2
0.985244 1 1
0.937932 0.49721 2
0.950213 0.525725 2
0.956446 0.546087 2
0.94019 0.501556 2
0.953998 0.537496 2
0.943838 0.509348 2
0.935186 0.253382 3
0.927611 0.239043 3
0.941159 0.503528 2
0.952528 0.532717 2
0.946404 0.515477 2
0.955664 0.543253 2
0.940508 0.502196 2
0.96646 0.591499 2
0.977622 1 1
0.963461 0.575913 2
0.939585 0.263783 3
0.906398 0.0478945 5
0.928061 0.239788 3
0.861147 1.9783e-05 14
0.922141 0.23083 3
0.949211 0.522885 2
0.970632 1 1
0.876203 0.000677116 10
0.944684 0.511305 2
0.85445 1.40404e-06 17
0.884793 0.00375507 8
0.916707 0.109096 4
0.871651 0.000280664 11
0.908802 0.0491209 5
0.919273 0.111705 4
0.942036 0.505372 2
0.886248 0.00837533 7
0.969092 1 1
0.897169 0.0439835 5
0.886979 0.00844689 7
0.90097 0.0454604 5
0.927723 0.239227 3
0.939286 0.499775 2
0.920388 0.228499 3
0.892585 0.0195386 6
0.937809 0.496984 2
0.881109 0.0035751 8
0.902307 0.0460215 5
0.903651 0.0466098 5
0.949439 0.52352 2
0.89876 0.0445815 5
0.878033 0.000315719 11
0.951911 0.530794 2
0.906206 0.0229647 6
0.875012 0.000134149 12
0.884553 0.000784828 10
0.906683 0.0231168 6
0.954463 0.539064 2
0.905279 0.0226764 6
0.903029 0.0220165 6
0.94703 0.286074 3
0.869665 2.39285e-05 14
0.908445 0.0237039 6
0.897071 0.00962451 7
0.941424 0.268688 3
0.883602 0.000770878 10
0.96304 0.573875 2
0.909645 0.102988 4
0.951564 0.529729 2
0.942998 0.507462 2
0.923113 0.232181 3
0.90507 0.0472591 5
0.917307 0.109685 4
0.932452 0.247743 3
0.945606 0.513508 2
0.9305 0.24405 3
0.943266 0.508056 2
0.961723 0.56772 2
0.969526 1 1
0.931978 0.246821 3
0.929457 0.242183 3
0.972791 0.631499 2
0.938803 0.261803 3
0.932501 0.129972 4
0.965396 0.585752 2
0.95668 0.546952 2
0.942077 0.270516 3
0.922786 0.0588849 5
0.970478 0.61565 2
0.925125 0.0611183 5
0.936839 0.138406 4
0.961048 0.564689 2
0.944862 0.278879 3
0.990413 1 1
0.958275 0.553073 2
0.961722 0.567714 2
0.918769 0.111174 4
0.99112 1 1
0.919967 0.112453 4
0.918292 0.11068 4
0.929076 0.241518 3
0.948344 0.520513 2
0.948768 0.521663 2
0.950956 0.527903 2
0.913929 0.106521 4
0.955751 0.543562 2
0.912421 0.105222 4
0.927965 0.239629 3
0.936846 0.257102 3
0.983623 1 1
0.928184 0.239995 3
0.890231 4.29111e-05 14
0.883772 7.50422e-06 16
0.964638 0.376579 3
0.873191 2.22086e-07 20
0.860837 2.04731e-10 28
0.8563 1.38062e-11 0
0.930126 0.0667165 5
0.87692 5.66355e-07 19
0.972376 0.628541 2
0.931341 0.0682719 5
0.872135 9.63572e-08 21
0.952162 0.305908 3
0.904098 0.00123913 10
0.901636 0.00115714 10
0.865343 2.90627e-09 25
0.974682 1 1
0.935297 0.253624 3
0.935891 0.254933 3
0.96406 0.578874 2
0.952592 0.53292 2
0.937084 0.257654 3
0.922984 0.115933 4
0.965373 0.585627 2
0.928543 0.240602 3
0.93717 0.257857 3
0.960459 0.562115 2
0.948311 0.520423 2
0.995304 1 1
0.955651 0.543205 2
0.958014 0.552047 2
0.899408 0.0047407 8
0.950689 0.299775 3
0.871281 5.00519e-06 16
0.910321 0.0243739 6
0.934848 0.134344 4
0.969513 0.609478 2
0.895632 0.00209387 9
0.942498 0.271722 3
0.864959 8.24961e-07 18
0.901854 0.00496675 8
0.904151 0.0107414 7
0.880614 6.93572e-05 13
0.908208 0.011537 7
0.93441 0.133496 4
0.929027 0.124225 4
0.962511 0.571363 2
0.948474 0.520864 2
0.934565 0.252051 3
0.957054 0.548355 2
0.953912 0.537209 2
0.946136 0.514808 2
0.930809 0.244617 3
0.972482 1 1
0.927129 0.238256 3
0.944704 0.511352 2
0.952102 0.531384 2
0.946671 0.516149 2
0.981513 1 1
0.968514 0.603342 2
0.957581 0.550364 2
0.890554 4.33882e-05 14
0.882931 3.37799e-06 17
0.964403 0.374867 3
0.873393 1.01669e-07 21
0.860765 9.03498e-11 29
0.855869 1.34854e-11 0
0.928835 0.034836 6
0.876675 2.56629e-07 20
0.972116 0.626716 2
0.930296 0.0361013 6
0.872415 4.4204e-08 22
0.952026 0.184264 4
0.904184 0.00124218 10
0.900955 0.000551832 11
0.86533 1.29785e-09 26
0.855535 2.26004e-08 22
0.932131 0.129321 4
0.882663 0.000159096 12
0.853968 9.30686e-09 23
0.865716 1.90144e-06 17
0.890989 0.0019134 9
0.930431 0.126452 4
0.885057 0.000365077 11
0.880064 0.000149749 12
0.921769 0.0579786 5
0.848531 2.64776e-10 27
0.88419 0.000358218 11
0.873701 2.64112e-05 14
0.917736 0.0547355 5
0.863987 8.00709e-07 18
0.955168 0.541499 2
0.933841 0.250535 3
0.959845 0.559489 2
0.940468 0.502114 2
0.929545 0.242337 3
0.920615 0.113168 4
0.940494 0.502166 2
0.945798 0.513975 2
0.95225 0.531844 2
0.954736 0.539999 2
0.937815 0.259384 3
0.972565 1 1
0.97479 1 1
0.957082 0.548462 2
0.934326 0.251545 3
0.888509 4.04996e-05 14
0.928366 0.0646059 5
0.945428 0.160517 4
0.878271 1.3033e-06 18
0.87766 1.27336e-06 18
0.88739 3.90455e-05 14
0.984394 0.739153 2
0.898602 0.000514499 11
0.944879 0.158841 4
0.97088 0.618295 2
0.874418 5.13327e-07 19
0.94206 0.15085 4
0.908313 0.00282087 9
0.936559 0.0760122 5
0.879482 2.96917e-06 17
0.866161 1.92624e-06 17
0.94233 0.27124 3
0.893319 0.00199976 9
0.864088 8.03162e-07 18
0.875066 2.73487e-05 14
0.899261 0.0047278 8
0.941381 0.26857 3
0.895017 0.002068 9
0.890437 0.00189408 9
0.933266 0.131351 4
0.858662 1.31387e-07 20
0.895218 0.00440173 8
0.884683 0.000362092 11
0.929059 0.124275 4
0.873623 2.63597e-05 14
0.971995 0.625874 2
0.92738 0.121768 4
0.945831 0.282019 3
0.955612 0.543068 2
0.940292 0.265627 3
0.924522 0.117864 4
0.924808 0.118235 4
0.952237 0.531805 2
0.938639 0.261394 3
0.938998 0.262292 3
0.953645 0.536323 2
0.958181 0.552704 2
0.989125 1 1
0.949369 0.523325 2
0.946101 0.282915 3
0.865394 2.16916e-05 14
0.944095 0.509935 2
0.887905 0.00392432 8
0.864517 9.39231e-06 15
0.876995 0.000309476 11
0.902843 0.0219645 6
0.934998 0.252976 3
0.89637 0.00952915 7
0.884664 0.00171422 9
0.9282 0.240023 3
0.858938 1.57625e-06 17
0.89054 0.00408213 8
0.883409 0.0016798 9
0.928286 0.240167 3
0.875103 0.000298671 11
0.885968 0.000372553 11
0.88105 7.0143e-05 13
0.960395 0.561836 2
0.869061 2.10021e-06 17
0.856969 1.04102e-08 23
0.852912 7.35148e-10 26
0.928456 0.123355 4
0.873166 5.29207e-06 16
0.968097 0.600857 2
0.928835 0.123931 4
0.867973 9.07422e-07 18
0.9479 0.289149 3
0.899894 0.00478377 8
0.898457 0.00222193 9
0.861401 6.3469e-08 21
0.880483 6.68625e-06 16
0.962295 0.360269 3
0.882527 1.55158e-05 15
0.884016 1.62934e-05 15
0.901424 0.0011505 10
0.931996 0.0691461 5
0.922053 0.0299805 6
0.918407 0.0142799 7
0.877626 2.77896e-06 17
0.921754 0.0297996 6
0.877951 2.81089e-06 17
0.888509 8.63079e-05 13
0.896069 0.00047893 11
0.939408 0.144179 4
0.898082 0.000506832 11
0.878204 2.97241e-05 14
0.932488 0.12995 4
0.92662 0.062667 5
0.870434 2.19099e-06 17
0.873605 5.36246e-06 16
0.888342 0.00039343 11
0.97429 0.642625 2
0.894834 0.000974952 10
0.925483 0.0614809 5
0.959974 0.560035 2
0.866003 3.79185e-07 19
0.924833 0.0608279 5
0.898065 0.00220323 9
0.933865 0.132462 4
0.874397 5.49334e-06 16
0.917754 0.00723137 8
0.941744 0.150013 4
0.964632 0.376536 3
0.906525 0.00133055 10
0.903392 0.000595589 11
0.907773 0.00138219 10
0.979148 0.683908 2
0.924064 0.0164676 7
0.959914 0.345294 3
0.991203 1 1
0.902819 0.000584792 11
0.96751 0.398988 3
0.93811 0.0786953 5
0.958676 0.338101 3
0.906061 0.00131217 10
0.984821 1 1
0.928001 0.122677 4
0.924197 0.117446 4
0.977437 1 1
0.961476 0.5666 2
0.938953 0.262178 3
0.910572 0.0500916 5
0.967491 0.597319 2
0.917059 0.0542405 5
0.924513 0.117852 4
0.973834 1 1
0.936399 0.256078 3
0.986893 1 1
0.945909 0.282276 3
0.967986 0.6002 2
0.981142 1 1
0.922803 0.115713 4
0.937742 0.259211 3
0.963396 0.575598 2
0.945047 0.27947 3
0.925349 0.118949 4
0.916394 0.0537664 5
0.953657 0.536364 2
0.93077 0.244545 3
0.930497 0.244046 3
0.962062 0.569274 2
0.949799 0.524537 2
0.990808 1 1
0.943698 0.27527 3
0.951435 0.52934 2
0.963173 1 1
0.901808 0.0458093 5
0.944745 0.511448 2
0.942675 0.506751 2
0.920518 0.228667 3
0.899979 0.045059 5
0.908691 0.102264 4
0.92749 0.238844 3
0.939426 0.500048 2
0.921669 0.230189 3
0.944016 0.509753 2
0.953871 0.537071 2
0.96417 1 1
0.923752 0.233094 3
0.927178 0.238335 3
0.929639 0.066116 5
0.936512 0.0759346 5
0.97359 0.637343 2
0.916493 0.0136641 7
0.909942 0.00591039 8
0.909253 0.00289413 9
0.964154 0.373074 3
0.929271 0.06567 5
0.966874 0.593809 2
0.97709 0.665377 2
0.913346 0.00642497 8
0.980751 0.699496 2
0.949514 0.174379 4
0.957282 0.330438 3
0.913501 0.00645045 8
0.981964 0.712021 2
0.929489 0.0353914 6
0.920192 0.0149067 7
0.980336 0.695364 2
0.966556 0.391229 3
0.943225 0.154033 4
0.908819 0.00285985 9
0.971578 0.622995 2
0.913027 0.00637315 8
0.922612 0.0158475 7
0.97564 0.653259 2
0.932382 0.0696728 5
0.982526 0.718053 2
0.946177 0.162873 4
0.973032 0.633239 2
0.878763 6.61868e-05 13
0.946085 0.28286 3
0.914254 0.025954 6
0.873942 2.6573e-05 14
0.881117 0.000153416 12
0.900491 0.00483794 8
0.963837 0.577765 2
0.902265 0.0104137 7
0.91168 0.0248918 6
0.953871 0.537071 2
0.868896 4.67556e-06 16
0.915233 0.052968 5
0.898319 0.00464708 8
0.940387 0.265879 3
0.880837 0.000152425 12
0.867855 1.02002e-05 15
0.929378 0.124771 4
0.912362 0.0511382 5
0.861517 7.43578e-07 18
0.866865 4.42056e-06 16
0.8846 0.000785534 10
0.960288 0.561378 2
0.887851 0.00180877 9
0.911189 0.0247012 6
0.947008 0.286001 3
0.856824 1.2385e-07 20
0.910964 0.0246155 6
0.887436 0.000830365 10
0.926183 0.12008 4
0.867016 4.43877e-06 16
0.975545 1 1
0.916586 0.108979 4
0.90203 0.0217403 6
0.996401 1 1
0.974871 1 1
0.941755 0.269611 3
0.890627 0.00408761 8
0.964443 0.580806 2
0.895116 0.00936433 7
0.904013 0.0222986 6
0.990242 1 1
0.913903 0.0520956 5
0.963121 0.574264 2
0.929772 0.24274 3
0.982157 1 1
0.908748 0.0238087 6
0.904091 0.0107307 7
0.987171 1 1
0.892265 0.00195972 9
0.881041 0.000335228 11
0.877041 6.34535e-05 13
0.946842 0.285425 3
0.897976 0.00461846 8
0.994384 1 1
0.951264 0.528824 2
0.890658 0.00190178 9
0.974277 0.642522 2
0.924441 0.117759 4
0.923111 0.116087 4
0.885414 0.0007979 10
0.935937 0.136523 4
0.958824 0.338941 3
0.949752 0.296069 3
0.927897 0.0640709 5
0.927493 0.0636179 5
0.931588 0.0685977 5
0.96008 0.346294 3
0.949042 0.29335 3
0.942947 0.153258 4
0.974137 0.641458 2
0.923332 0.0307842 6
0.959049 0.340227 3
0.957018 0.329041 3
0.981478 0.706932 2
0.92978 0.0662886 5
0.989142 1 1
0.917457 0.109834 4
0.930509 0.244067 3
0.969335 0.608367 2
0.947666 0.518711 2
0.924424 0.117737 4
0.90857 0.048998 5
0.952634 0.533055 2
0.923751 0.116881 4
0.922567 0.115429 4
0.969056 0.606638 2
0.942268 0.271061 3
0.985112 1 1
0.93736 0.258303 3
0.954541 0.539332 2
0.974994 0.648092 2
0.90655 0.0111958 7
0.937538 0.139914 4
0.954244 0.315244 3
0.9313 0.127894 4
0.908903 0.0116872 7
0.90683 0.0112516 7
0.936742 0.1382 4
0.931553 0.128323 4
0.92038 0.0568017 5
0.955581 0.542957 2
0.947995 0.289489 3
0.972549 0.629766 2
0.927814 0.1224 4
0.938148 0.141267 4
38 0 1 2 3 4 5 6 8 9 10 11 12 13 14 15 16 17 18 19 20 21 22 23 24 25 26 27 28 29 30 31 32 33 34 36 37 38 39 
19 0 8 9 12 13 17 18 20 21 23 24 25 26 27 31 33 34 36 37 
14 0 9 13 17 18 20 21 23 24 26 27 33 34 36 
40 0 1 2 3 4 5 6 7 8 9 10 11 12 13 14 15 16 17 18 19 20 21 22 23 24 25 26 27 28 29 30 31 32 33 34 35 36 37 38 39 
34 0 1 3 4 6 7 8 9 10 11 12 13 14 15 16 17 18 19 20 21 22 23 24 25 26 27 28 29 31 32 33 34 36 37 
21 0 1 6 8 9 12 15 18 19 20 21 23 24 25 26 27 31 33 34 36 37 
9 0 9 18 20 21 23 26 33 34 
27 0 1 3 4 6 7 8 9 12 13 15 16 17 18 19 20 21 23 24 25 26 27 31 33 34 36 37 
16 0 8 9 13 17 18 20 21 23 24 25 26 27 33 34 36 
13 0 9 13 17 18 20 21 23 24 26 33 34 36 
40 0 1 2 3 4 5 6 7 8 9 10 11 12 13 14 15 16 17 18 19 20 21 22 23 24 25 26 27 28 29 30 31 32 33 34 35 36 37 38 39 
15 0 9 13 17 18 20 21 23 24 26 27 31 33 34 36 
30 0 1 3 4 6 8 9 10 11 12 13 14 15 16 17 18 19 20 21 22 23 24 25 26 27 31 33 34 36 37 
20 0 1 8 9 12 13 17 18 20 21 23 24 25 26 27 31 33 34 36 37 
36 0 1 2 3 4 5 6 7 8 9 10 11 12 13 14 15 16 17 18 19 20 21 22 23 24 25 26 27 28 29 31 32 33 34 36 37 
