70 15 1e+07
2.80406 174519
1.19567 181648
2.01283 144287
1.27643 163633
1.22326 148280
2.49313 118590
1.69682 167576
2.38519 126567
1.60441 174950
2.53984 110961
2.6629 129411
1.45981 181760
1.21936 180345
2.01307 108678
1.14145 163506
1.84593 191399
1.32792 118700
1.65373 161603
1.72075 166831
1.58027 171074
2.21897 140441
1.07013 118457
1.49318 137595
1.74721 160236
1.58618 183718
1.84378 117731
1.1889 150474
1.03673 163347
1.29481 109508
1.53506 187243
1.58257 162821
2.95849 169013
1.49361 134303
1.86491 123974
1.97973 100215
2.07862 175205
1.25143 124080
1.54375 142272
1.57459 102989
1.20694 132678
1.01906 191813
2.15693 121986
2.06026 188624
2.25818 135023
1.83689 131721
1.20377 141718
2.32846 169232
1.29091 168547
1.61939 139660
1.71457 142414
1.6611 169194
2.61708 188131
2.17844 196861
2.05118 186549
2.45138 186236
2.31648 134004
2.52864 172203
1.49001 163339
2.53898 158164
2.34857 102208
1.60301 135393
1.58457 177641
2.54765 121321
1.27715 185423
2.04283 193001
1.63516 144644
2.23648 117501
2.31923 179454
2.22904 166485
2.46649 145636
0.936018 0.136689 4
0.948678 0.291991 3
0.941046 0.148207 4
0.971512 0.62255 2
0.92112 0.0294235 6
0.857165 1.70395e-10 28
0.871394 2.06783e-07 20
0.945103 0.159522 4
0.92147 0.0296297 6
0.96936 0.608522 2
0.984923 0.745435 2
0.940207 0.146109 4
0.900334 0.00111759 10
0.982041 0.712848 2
0.96882 0.605195 2
0.900683 0.0213825 6
0.880776 0.000732182 10
0.935286 0.253599 3
0.893008 0.00910272 7
0.955373 0.542221 2
0.940049 0.264988 3
0.957335 0.54942 2
0.932847 0.248522 3
0.89093 0.00410677 8
0.913042 0.0515538 5
0.898831 0.0209172 6
0.940954 0.2674 3
0.975888 1 1
0.893344 0.00914315 7
0.893282 0.0091357 7
0.865426 1.65426e-07 20
0.954026 0.314229 3
0.896636 0.00101775 10
0.889626 0.000405641 11
0.891506 0.000424829 11
0.896019 0.00100271 10
0.851702 5.72142e-11 29
0.899877 0.00229248 9
0.986617 1 1
0.920582 0.0291121 6
0.916191 0.0268313 6
0.90628 0.00544083 8
0.907228 0.00555506 8
0.899035 0.00225011 9
0.887552 0.000179772 12
0.892272 0.0194763 6
0.91644 0.108838 4
0.932642 0.248116 3
0.900095 0.0451055 5
0.940786 0.502761 2
0.948144 0.519977 2
0.912176 0.105017 4
0.933305 0.24944 3
0.934302 0.251495 3
0.931191 0.245327 3
0.917359 0.109737 4
0.943837 0.509345 2
0.973614 1 1
0.904961 0.0472081 5
0.899243 0.0447688 5
0.937454 0.496333 2
0.871265 0.000626118 10
0.950544 0.526688 2
0.914267 0.106822 4
0.964562 1 1
0.889476 0.00870352 7
0.966765 1 1
0.946128 0.514789 2
0.868906 0.000267712 11
0.916611 0.109003 4
0.906118 0.0477581 5
0.945413 0.513041 2
0.935163 0.253333 3
0.909512 0.102885 4
0.915731 0.108163 4
0.893658 0.0004489 11
0.907701 0.0056138 8
0.93394 0.132602 4
0.898061 0.0010542 10
0.945301 0.280288 3
0.952485 0.307303 3
0.921577 0.0296935 6
0.933892 0.132512 4
0.923976 0.0599938 5
0.927186 0.0632795 5
0.912885 0.0126409 7
0.944464 0.277628 3
0.983191 0.725374 2
0.901935 0.00240298 9
0.897459 0.00103853 10
0.965123 1 1
0.922362 0.231134 3
0.955514 0.54272 2
0.997876 1 1
0.934499 0.251911 3
0.855627 7.66607e-06 15
0.887868 0.00853603 7
0.95814 0.552541 2
0.900466 0.0452547 5
0.962946 0.573427 2
0.969316 1 1
0.948921 0.522082 2
0.903704 0.0466331 5
0.986826 1 1
0.998981 1 1
0.946332 0.283688 3
0.910538 0.0120589 7
0.986673 1 1
0.9419 0.270016 3
0.989924 1 1
0.901851 0.00496653 8
0.935886 0.136419 4
0.983734 1 1
0.907046 0.0112953 7
0.956208 0.324845 3
0.943182 0.273723 3
0.987965 1 1
0.954695 0.317381 3
0.941202 0.268077 3
0.942301 0.271155 3
0.971915 0.625315 2
0.89647 0.00101367 10
0.976505 0.660398 2
0.951093 0.301421 3
0.968205 0.601499 2
0.876668 1.2958e-05 15
0.930396 0.126395 4
0.973164 0.634201 2
0.886364 0.000174328 12
0.945584 0.281208 3
0.938268 0.141537 4
0.965043 0.583897 2
0.927866 0.0640356 5
0.945124 0.279717 3
0.952754 0.308478 3
0.963567 1 1
0.893977 0.019823 6
0.976375 1 1
0.943806 0.509275 2
0.974644 1 1
0.882762 0.00805401 7
0.938474 0.498224 2
0.972188 1 1
0.886173 0.00836809 7
0.942522 0.506419 2
0.933634 0.489804 2
0.966469 1 1
0.933944 0.490303 2
0.938702 0.498655 2
0.945284 0.51273 2
0.979493 0.687175 2
0.901069 0.0023552 9
0.97563 0.653182 2
0.960259 0.347369 3
0.961564 0.355504 3
0.87133 4.57164e-07 19
0.921118 0.0294222 6
0.973739 0.638453 2
0.888485 8.62471e-05 13
0.950273 0.298109 3
0.944855 0.158768 4
0.963716 0.577168 2
0.922408 0.030199 6
0.953521 0.31191 3
0.962062 0.569274 2
0.936864 0.138458 4
0.952852 0.308909 3
0.949276 0.294237 3
0.969596 0.609998 2
0.930064 0.0666388 5
0.867605 1.79044e-07 20
0.879414 1.40665e-05 15
0.953584 0.312194 3
0.928967 0.0653085 5
0.980771 0.699699 2
0.996124 1 1
0.949969 0.296911 3
0.911028 0.0121756 7
0.98051 0.697087 2
0.967057 0.594841 2
0.894617 0.00435749 8
0.935282 0.253592 3
0.933612 0.250065 3
0.908506 0.0237248 6
0.935397 0.253841 3
0.931497 0.128228 4
0.898263 0.00979238 7
0.935537 0.254149 3
0.95343 0.535617 2
0.94215 0.270725 3
0.929701 0.125278 4
0.945127 0.279728 3
0.957165 0.548772 2
0.915037 0.0528371 5
0.907223 0.0232926 6
0.892374 0.000205252 12
0.950319 0.298293 3
0.928501 0.064762 5
0.911263 0.00610033 8
0.925794 0.0324686 6
0.917538 0.0139936 7
0.884917 3.61126e-05 14
0.931278 0.0681894 5
0.969702 0.610665 2
0.945564 0.160941 4
0.935631 0.0744977 5
0.939342 0.144023 4
0.941429 0.14919 4
0.919216 0.0283554 6
0.909607 0.00586411 8
0.908162 0.101872 4
0.936537 0.494689 2
0.947776 0.518999 2
0.920926 0.229201 3
0.948276 0.520329 2
0.924605 0.234341 3
0.90666 0.0480233 5
0.949756 0.524415 2
0.946964 0.516893 2
0.954126 0.537925 2
0.94041 0.501997 2
0.959443 0.557811 2
0.961976 0.568876 2
0.926824 0.237763 3
0.919786 0.227727 3
0.940312 0.26568 3
0.864343 3.58811e-07 19
0.944229 0.276897 3
0.91293 0.0253934 6
0.954446 0.316195 3
0.87793 2.95038e-05 14
0.959486 0.557988 2
0.939881 0.264549 3
0.86 6.03838e-08 21
0.910574 0.0244682 6
0.901457 0.00492852 8
0.937275 0.139342 4
0.922984 0.0590648 5
0.906946 0.0112751 7
0.91468 0.0261409 6
0.918411 0.110802 4
0.930771 0.244547 3
0.959274 0.557109 2
0.927937 0.239583 3
0.960512 0.562342 2
0.921197 0.113825 4
0.916268 0.108673 4
0.960818 0.563678 2
0.936467 0.256231 3
0.95882 0.555254 2
0.94394 0.50958 2
0.97115 1 1
0.966696 0.592809 2
0.93255 0.247935 3
0.927099 0.238206 3
0.937314 0.258193 3
0.8638 7.96159e-07 18
0.943378 0.274309 3
0.910758 0.0245375 6
0.954949 0.540735 2
0.880517 0.000151309 12
0.963179 0.574546 2
0.939003 0.262304 3
0.860241 1.38384e-07 20
0.909642 0.0241258 6
0.900133 0.00480536 8
0.937015 0.257493 3
0.924973 0.118451 4
0.905068 0.0109098 7
0.912444 0.0251953 6
0.9414 0.504029 2
0.944462 0.510784 2
0.968622 1 1
0.962323 1 1
0.95143 0.529325 2
0.8866 0.0084096 7
0.89946 0.0448537 5
0.973126 1 1
0.931285 0.245503 3
0.994949 1 1
0.979618 1 1
0.972352 1 1
0.932927 0.24868 3
0.968678 1 1
0.960888 0.563982 2
0.963484 0.368342 3
0.885815 3.7136e-05 14
0.967202 0.595663 2
0.938498 0.142062 4
0.967665 0.598325 2
0.877788 1.27954e-06 18
0.940774 0.147518 4
0.963126 0.365863 3
0.877813 1.28076e-06 18
0.934106 0.0721434 5
0.925997 0.0326165 6
0.957407 0.331107 3
0.927941 0.0641203 5
0.932402 0.0697011 5
0.940234 0.146175 4
0.98858 1 1
0.889946 0.00187723 9
0.960958 0.564292 2
0.955317 0.542022 2
0.949445 0.523538 2
0.859707 7.05403e-07 18
0.916698 0.0539818 5
0.959024 0.556087 2
0.875832 0.00013648 12
0.937832 0.259425 3
0.934706 0.25235 3
0.949207 0.522874 2
0.909979 0.0242481 6
0.94643 0.284022 3
0.95767 0.550706 2
0.931068 0.0679149 5
0.882684 1.5595e-05 15
0.957429 0.331228 3
0.915427 0.0133441 7
0.977611 0.669918 2
0.906852 0.00550914 8
0.966935 0.594148 2
0.953413 0.311421 3
0.883593 3.46854e-05 14
0.925489 0.0614867 5
0.91302 0.0126762 7
0.956497 0.326323 3
0.954496 0.316432 3
0.912832 0.0126271 7
0.916375 0.0136279 7
0.926306 0.12025 4
0.854903 9.63307e-09 23
0.933059 0.130974 4
0.899792 0.00477471 8
0.946563 0.284471 3
0.880427 0.000150997 12
0.969737 0.610888 2
0.928717 0.123751 4
0.852848 3.88038e-09 24
0.899672 0.00476404 8
0.889825 0.00087226 10
0.927645 0.122153 4
0.921427 0.0576831 5
0.894277 0.00203765 9
0.901447 0.0102788 7
0.966732 0.593013 2
0.912525 0.0252281 6
0.94536 0.280479 3
0.985808 1 1
0.925183 0.0611773 5
0.844749 7.65277e-12 0
0.881559 7.10782e-05 13
0.947349 0.287189 3
0.889278 0.000402259 11
0.950028 0.297143 3
0.957633 0.550564 2
0.937595 0.140038 4
0.89275 0.000929525 10
0.975882 0.655235 2
0.987467 1 1
0.93575 0.254619 3
0.918635 0.111034 4
0.978056 1 1
0.937605 0.258882 3
0.981061 1 1
0.91074 0.050187 5
0.930237 0.243572 3
0.977818 1 1
0.918169 0.110554 4
0.959829 0.559422 2
0.945172 0.512462 2
0.988568 1 1
0.963179 0.574546 2
0.939199 0.262798 3
0.937467 0.258555 3
0.882483 3.32031e-06 17
0.952167 0.184854 4
0.917263 0.00713251 8
0.903107 0.000590182 11
0.914107 0.00655193 8
0.913528 0.00645495 8
0.874283 1.05667e-07 21
0.920167 0.0148976 7
0.979305 0.685386 2
0.936692 0.0762343 5
0.928545 0.0345953 6
0.927795 0.033988 6
0.931085 0.0368223 6
0.911621 0.00309458 9
0.901302 0.00055772 11
0.918044 0.027741 6
0.916294 0.0268798 6
0.959466 0.342649 3
0.921219 0.0294811 6
0.968855 0.605407 2
0.928126 0.0643301 5
0.929999 0.0665587 5
0.959325 0.341828 3
0.923187 0.0592517 5
0.947895 0.289131 3
0.932906 0.130697 4
0.970126 0.613369 2
0.979816 0.690278 2
0.924073 0.0600869 5
0.920828 0.0292538 6
0.919116 0.0145228 7
0.971288 0.621028 2
0.941694 0.149881 4
0.948344 0.170146 4
0.926626 0.0330831 6
0.879518 6.30091e-07 19
0.876543 2.55183e-07 20
0.946041 0.162439 4
0.95044 0.177891 4
0.976016 0.656334 2
0.976868 0.663477 2
0.94695 0.165384 4
0.917827 0.0072464 8
0.958649 0.337947 3
0.946008 0.162334 4
0.893847 0.00045114 11
0.936839 0.138405 4
0.932559 0.0699174 5
0.908354 0.00569706 8
0.933842 0.132418 4
0.930237 0.0668542 5
0.896376 0.00101136 10
0.934588 0.13384 4
0.95547 0.321143 3
0.94216 0.151116 4
0.929985 0.0665412 5
0.944027 0.156321 4
0.955097 0.319315 3
0.915071 0.0132408 7
0.907023 0.00552988 8
0.877388 0.000141107 12
0.981655 1 1
0.900978 0.0102035 7
0.907048 0.0232354 6
0.88996 0.00187772 9
0.871279 2.48733e-05 14
0.844463 2.23914e-10 27
0.904938 0.022573 6
0.972305 0.628042 2
0.932035 0.129154 4
0.93373 0.250308 3
0.908184 0.0236143 6
0.89397 0.00431099 8
0.917383 0.054476 5
0.90464 0.0224835 6
0.968352 0.602372 2
0.881137 0.000335889 11
0.960398 0.561848 2
0.938639 0.261394 3
0.958282 0.553103 2
0.869219 2.36773e-05 14
0.93505 0.253088 3
0.956765 0.547269 2
0.871439 2.49704e-05 14
0.92943 0.124851 4
0.922891 0.11582 4
0.949785 0.524498 2
0.918831 0.0555649 5
0.93133 0.245587 3
0.940661 0.266609 3
0.979308 0.685413 2
0.888855 0.000186099 12
0.965097 0.584178 2
0.949728 0.295973 3
0.956856 0.328188 3
0.866447 1.71619e-07 20
0.925565 0.0615636 5
0.962287 0.570315 2
0.876952 1.30662e-05 15
0.937422 0.13966 4
0.93225 0.12953 4
0.953495 0.311793 3
0.91686 0.0271513 6
0.941928 0.150498 4
0.95184 0.304535 3
0.925711 0.119436 4
0.934974 0.252925 3
0.965763 0.587705 2
0.936851 0.257113 3
0.962246 0.570124 2
0.912389 0.0511546 5
0.913952 0.0521272 5
0.968033 0.600481 2
0.936103 0.255407 3
0.967878 0.599565 2
0.952722 0.533333 2
0.977433 1 1
0.958973 0.555877 2
0.941573 0.269103 3
0.935956 0.255079 3
0.957177 0.54882 2
0.932897 0.248622 3
0.96105 0.564698 2
0.987782 1 1
0.93982 0.50082 2
0.864893 4.86106e-05 13
0.890454 0.00880955 7
0.964604 0.581629 2
0.912105 0.104957 4
0.975604 1 1
0.980957 1 1
0.956969 0.548035 2
0.912361 0.105171 4
0.991812 1 1
0.985934 1 1
0.90679 0.0112437 7
0.8989 0.00224348 9
0.945771 0.281819 3
0.904875 0.0108738 7
0.96223 0.57005 2
0.940986 0.267489 3
0.941798 0.269731 3
0.944384 0.277378 3
0.909278 0.0117703 7
0.928966 0.124132 4
0.914295 0.0259716 6
0.954156 0.314832 3
0.994437 1 1
0.90668 0.0112217 7
0.904774 0.00526923 8
0.895875 0.00210432 9
0.865148 8.298e-07 18
0.925414 0.0614099 5
0.883394 0.000161915 12
0.946377 0.283841 3
0.930417 0.126428 4
0.971206 0.620472 2
0.922304 0.0584508 5
0.874189 1.20721e-05 15
0.8996 0.00475764 8
0.885981 0.00037266 11
0.928769 0.12383 4
0.957493 0.550023 2
0.882445 0.000158272 12
0.883989 0.000164271 12
0.910142 0.0498503 5
0.853469 5.9339e-07 18
0.926799 0.237725 3
0.888489 0.0039581 8
0.945175 0.512469 2
0.897411 0.0205792 6
0.992689 1 1
0.922679 0.115563 4
0.855978 1.45949e-06 17
0.894923 0.0093395 7
0.883288 0.00167655 9
0.924764 0.234578 3
0.932435 0.247709 3
0.884656 0.00171397 9
0.889763 0.00403409 8
0.862239 5.6761e-09 24
0.898457 0.00106477 10
0.901268 0.00236603 9
0.870645 4.45894e-07 19
0.910604 0.00600409 8
0.96743 0.596969 2
0.892722 0.000438131 11
0.901854 0.00239842 9
0.924605 0.0316309 6
0.901907 0.0024014 9
0.88936 0.000188655 12
0.912038 0.0124239 7
0.948181 0.290166 3
0.876054 2.63168e-06 17
0.869674 1.9349e-07 20
0.935719 0.254551 3
0.935757 0.254636 3
0.974093 0.641119 2
0.947761 0.288651 3
0.964262 0.579894 2
0.902295 0.0104187 7
0.912708 0.0253026 6
0.97731 1 1
0.931278 0.127857 4
0.977076 0.665261 2
0.961654 0.567407 2
0.984127 1 1
0.950425 0.298715 3
0.95206 0.531254 2
0.946917 0.285685 3
0.98343 1 1
0.908 0.0487005 5
0.968696 0.604442 2
0.97459 1 1
0.950035 0.525213 2
0.863247 9.11093e-06 15
0.907003 0.0481939 5
0.969069 0.606718 2
0.89153 0.00414528 8
0.955652 0.543209 2
0.954204 0.538188 2
0.958196 0.55276 2
0.913562 0.0518791 5
0.966301 0.590624 2
0.976685 1 1
0.951499 0.529533 2
0.928428 0.240407 3
0.985664 1 1
0.960777 0.563499 2
0.966705 0.592863 2
0.890002 0.00404876 8
0.914084 0.0522122 5
0.99024 1 1
0.918561 0.110957 4
0.978186 1 1
0.965805 0.587929 2
0.986411 1 1
0.940126 0.265189 3
0.962458 0.571115 2
0.960445 0.562053 2
0.946994 0.165533 4
0.9364 0.0757485 5
0.944887 0.158865 4
0.983297 0.726559 2
0.924071 0.0312696 6
0.853435 1.18368e-11 0
0.875469 2.43871e-07 20
0.948477 0.170617 4
0.910686 0.00301251 9
0.965882 0.385948 3
0.979059 0.683073 2
0.941573 0.149566 4
0.898784 0.00051723 11
0.991218 1 1
0.980673 0.698717 2
0.952833 0.308825 3
0.902539 0.00503439 8
0.984621 1 1
0.941914 0.270056 3
0.988541 1 1
0.895187 0.000983053 10
0.94019 0.146066 4
0.980139 0.693421 2
0.897549 0.00217909 9
0.949764 0.296114 3
0.938295 0.141599 4
0.978861 0.681227 2
0.947492 0.287694 3
0.939314 0.143957 4
0.942783 0.272549 3
0.864367 2.1204e-05 14
0.932169 0.247191 3
0.900474 0.0213286 6
0.882612 0.00165868 9
0.900944 0.0214506 6
0.923845 0.116999 4
0.867672 5.14514e-05 13
0.902809 0.0219549 6
0.964421 0.580698 2
0.91574 0.108172 4
0.906975 0.0481799 5
0.911376 0.0505534 5
0.926074 0.11993 4
0.890632 0.00408793 8
0.880945 0.000734379 10
0.934217 0.0723102 5
0.920846 0.0151503 7
0.976511 0.660446 2
0.937467 0.077559 5
0.978357 0.676594 2
0.911545 0.00308774 9
0.928112 0.0342419 6
0.976755 0.662513 2
0.920711 0.0150995 7
0.961115 0.352656 3
0.946253 0.163115 4
0.987795 0.782163 2
0.963506 0.36849 3
0.939521 0.0813112 5
0.937217 0.0771275 5
0.957618 0.550507 2
0.908058 0.0115052 7
0.933268 0.131355 4
0.975139 0.649241 2
0.913355 0.0255699 6
0.834378 4.76523e-12 0
0.870869 4.94575e-06 16
0.935289 0.135215 4
0.882779 0.000159538 12
0.940367 0.265827 3
0.950081 0.297352 3
0.925779 0.119527 4
0.881524 0.000154874 12
0.967774 0.59896 2
0.975969 0.655945 2
0.975385 1 1
0.88561 0.00379786 8
0.963159 0.574449 2
0.945376 0.51295 2
0.957231 0.549025 2
0.867125 0.000114894 12
0.928958 0.241314 3
0.959998 0.560139 2
0.874498 0.000658616 10
0.934099 0.25107 3
0.928437 0.240422 3
0.951855 0.530622 2
0.917275 0.109653 4
0.937712 0.259139 3
0.947467 0.518189 2
0.964313 0.580151 2
0.91872 0.111123 4
0.949053 0.522447 2
0.99251 1 1
0.92835 0.240275 3
0.849361 5.32863e-07 18
0.882965 0.00366326 8
0.951464 0.529427 2
0.895561 0.0201617 6
0.956512 0.546333 2
0.964394 0.58056 2
0.942112 0.505533 2
0.897159 0.020521 6
0.982751 1 1
0.993491 1 1
0.938384 0.1418 4
0.945819 0.281979 3
0.941798 0.150155 4
0.974137 0.641458 2
0.921613 0.0297151 6
0.856081 8.42548e-10 26
0.872092 1.04123e-06 18
0.945768 0.281809 3
0.918882 0.0281769 6
0.968639 0.604099 2
0.983974 1 1
0.940395 0.146571 4
0.899768 0.00228691 9
0.984394 1 1
0.971447 0.622102 2
0.890205 0.00406127 8
0.897719 0.00971494 7
0.929628 0.125162 4
0.89172 0.0041577 8
0.943763 0.275469 3
0.958589 0.554325 2
0.927837 0.122434 4
0.928971 0.124139 4
0.913947 0.0521242 5
0.919115 0.111537 4
0.904733 0.0225113 6
0.939254 0.262938 3
0.984923 1 1
0.894843 0.00437404 8
0.891312 0.00413123 8
0.870351 0.000274389 11
0.920194 0.228249 3
0.908852 0.102385 4
0.883774 0.00370327 8
0.913392 0.106051 4
0.944098 0.509941 2
0.884932 0.00825028 7
0.910406 0.103581 4
0.947892 0.519305 2
0.916784 0.109171 4
0.905453 0.0474392 5
0.920103 0.228132 3
0.94428 0.510361 2
0.890489 0.00881334 7
0.88246 0.00363877 8
0.912539 0.105321 4
0.887931 0.00854239 7
0.947548 0.518403 2
0.904588 0.0470349 5
0.968071 1 1
0.93067 0.244361 3
0.958284 0.553111 2
0.944927 0.511877 2
0.895189 0.0200808 6
0.923446 0.232655 3
0.909293 0.102718 4
0.952672 0.533173 2
0.977174 1 1
0.904581 0.0470319 5
0.90493 0.0996049 4
0.911624 0.0248696 6
0.975929 1 1
0.937464 0.258547 3
0.939312 0.263084 3
0.924562 0.117916 4
0.885187 0.000794409 10
0.875538 6.12223e-05 13
0.941639 0.269286 3
0.959869 0.559592 2
0.969585 0.609931 2
0.96744 0.597023 2
0.944266 0.277012 3
0.920602 0.0569852 5
0.949325 0.523203 2
0.937066 0.257613 3
0.87283 4.504e-08 22
0.946636 0.164356 4
0.90745 0.00275659 9
0.893499 0.000100929 13
0.9051 0.0012755 10
0.91365 0.00647523 8
0.867351 3.20128e-09 25
0.910249 0.00297555 9
0.978847 0.681091 2
0.926578 0.0330471 6
0.918975 0.0144738 7
0.917992 0.0141417 7
0.924768 0.0317432 6
0.902083 0.000571399 11
0.891674 4.51097e-05 14
0.947623 0.167647 4
0.871789 2.10014e-07 20
0.952465 0.307216 3
0.921052 0.0293834 6
0.961032 0.352137 3
0.879449 2.96562e-06 17
0.955023 0.318958 3
0.948112 0.289913 3
0.866594 1.53922e-08 23
0.918635 0.0143571 7
0.909607 0.00586416 8
0.944932 0.159002 4
0.926561 0.033034 6
0.915142 0.0132612 7
0.922776 0.0304292 6
0.85772 6.66662e-07 18
0.899243 0.00993608 7
0.896472 0.00954286 7
0.867474 2.27363e-05 14
0.904817 0.0225366 6
0.962331 0.570523 2
0.885782 0.00174616 9
0.897284 0.00965402 7
0.926948 0.12115 4
0.899155 0.00992297 7
0.887119 0.00178609 9
0.907336 0.0233296 6
0.941411 0.268652 3
0.873288 0.000129474 12
0.8664 2.21867e-05 14
0.952517 0.532683 2
0.908708 0.0490709 5
0.990444 1 1
0.945829 0.514051 2
0.986861 1 1
0.896034 0.0202662 6
0.934843 0.252643 3
0.986249 1 1
0.903306 0.0464562 5
0.956093 0.544797 2
0.944172 0.510111 2
0.985352 1 1
0.948559 0.521094 2
0.94411 0.509969 2
0.946459 0.515615 2
0.892532 0.000436012 11
0.997031 1 1
0.915375 0.013329 7
0.922628 0.0303358 6
0.902906 0.00245879 9
0.87419 1.12079e-06 18
0.855564 1.57717e-10 28
0.919489 0.028503 6
0.968047 0.600561 2
0.947719 0.2885 3
0.949865 0.296505 3
0.921985 0.0299391 6
0.902726 0.00244825 9
0.933111 0.0706938 5
0.920194 0.0288925 6
0.90048 0.0452603 5
0.860576 1.9547e-05 14
0.926198 0.236772 3
0.884781 0.00375449 8
0.947018 0.517032 2
0.918905 0.111316 4
0.983339 1 1
0.922655 0.23154 3
0.867372 0.000115421 12
0.897775 0.0206644 6
0.884704 0.0037505 8
0.927721 0.239223 3
0.94902 0.522354 2
0.882834 0.00365687 8
0.885613 0.00379805 8
0.959989 0.560101 2
0.930373 0.067026 5
0.963135 0.574333 2
0.988348 1 1
0.94179 0.150133 4
0.865326 7.33712e-08 21
0.892687 0.000437743 11
0.966515 0.591803 2
0.910255 0.0119927 7
0.974475 0.644045 2
0.978285 0.675938 2
0.958368 0.336371 3
0.913276 0.012744 7
0.989365 1 1
0.987024 1 1
0.942583 0.271969 3
0.947661 0.288292 3
0.959818 0.559379 2
0.970859 0.618155 2
0.940614 0.147117 4
0.875083 5.61061e-06 16
0.88936 0.000403057 11
0.964223 0.579694 2
0.928291 0.0645199 5
0.990558 1 1
0.992603 1 1
0.960731 0.563297 2
0.920324 0.0289661 6
0.979724 0.68939 2
0.968791 0.605016 2
0.896047 0.00948602 7
0.993211 1 1
0.919861 0.112338 4
0.925578 0.119257 4
0.907551 0.0484703 5
0.877688 0.000694077 10
0.860014 3.70071e-06 16
0.923969 0.117156 4
0.968802 0.605087 2
0.952003 0.531078 2
0.953189 0.534834 2
0.926664 0.237508 3
0.907234 0.0483097 5
0.936004 0.255186 3
0.92318 0.116172 4
0.962414 0.361057 3
0.897311 0.000495821 11
0.980199 0.694007 2
0.945334 0.160227 4
0.977537 0.669267 2
0.885137 1.69196e-05 15
0.937589 0.140025 4
0.975911 0.655471 2
0.88975 8.96064e-05 13
0.945875 0.161912 4
0.936516 0.0759413 5
0.970391 0.615081 2
0.936679 0.0762127 5
0.940793 0.147567 4
0.946666 0.164451 4
0.95461 0.539568 2
0.93321 0.131249 4
0.954024 0.31422 3
0.990103 1 1
0.932917 0.130717 4
0.859128 5.85677e-08 21
0.884159 0.000164958 12
0.957495 0.550032 2
0.910214 0.0243343 6
0.970812 0.617847 2
0.980174 1 1
0.949932 0.296766 3
0.905871 0.0110626 7
0.998439 1 1
0.987431 1 1
0.916313 0.026889 6
0.872804 1.16183e-05 15
0.942675 0.272235 3
0.900751 0.00486197 8
0.963601 0.576601 2
0.91429 0.0259696 6
0.979019 0.682701 2
0.938942 0.262151 3
0.8769 2.86971e-05 14
0.912697 0.0252981 6
0.899782 0.00477376 8
0.943368 0.274277 3
0.955228 0.54171 2
0.898564 0.00466779 8
0.901624 0.00494451 8
0.850085 5.30113e-11 29
0.87732 1.32084e-05 15
0.888242 0.000392499 11
0.854724 7.94219e-10 26
0.900726 0.00233683 9
0.986489 1 1
0.893775 0.000951341 10
0.888118 0.000182475 12
0.902732 0.00505374 8
0.884123 7.61291e-05 13
0.871184 2.24308e-06 17
0.898171 0.00220828 9
0.94 0.145602 4
0.859172 1.13337e-08 23
0.854004 3.3577e-10 27
0.852396 1.07979e-07 20
0.867727 2.28691e-05 14
0.889593 0.00402379 8
0.853228 1.1074e-07 20
0.904616 0.0224764 6
0.994186 1 1
0.905743 0.0228194 6
0.888807 0.00397676 8
0.890475 0.00407809 8
0.880549 0.00072923 10
0.867055 2.25194e-05 14
0.898597 0.00984081 7
0.943261 0.273958 3
0.856585 6.45903e-07 18
0.852785 1.09256e-07 20
0.899395 0.000526587 11
0.853895 1.21282e-11 0
0.921807 0.0298312 6
0.881394 6.89876e-06 16
0.942026 0.150757 4
0.911028 0.00606557 8
0.99 1 1
0.91805 0.0141609 7
0.85971 1.93332e-10 28
0.892201 9.6758e-05 13
0.879585 2.98036e-06 17
0.922176 0.0300562 6
0.940164 0.146002 4
0.878785 2.89549e-06 17
0.882385 7.14177e-06 16
0.928145 0.239929 3
0.865498 2.17419e-05 14
0.942867 0.507172 2
0.905531 0.0474766 5
0.959128 0.556509 2
0.892826 0.00908103 7
0.976226 1 1
0.938536 0.26114 3
0.864932 2.14697e-05 14
0.909538 0.0495169 5
0.898541 0.0208469 6
0.939017 0.262338 3
0.935565 0.254211 3
0.901136 0.0215011 6
0.906922 0.0481532 5
0.864301 0.000109133 12
0.882576 0.00364437 8
0.902694 0.0461883 5
0.866945 0.000259106 11
0.916483 0.10888 4
0.98665 1 1
0.90977 0.103084 4
0.902229 0.0459878 5
0.904855 0.0471587 5
0.895373 0.0201206 6
0.881766 0.00360575 8
0.912332 0.105147 4
0.956425 0.546009 2
0.870722 0.00062096 10
0.866391 0.000256764 11
70 0 1 2 3 4 5 6 7 8 9 10 11 12 13 14 15 16 17 18 19 20 21 22 23 24 25 26 27 28 29 30 31 32 33 34 35 36 37 38 39 40 41 42 43 44 45 46 47 48 49 50 51 52 53 54 55 56 57 58 59 60 61 62 63 64 65 66 67 68 69 
43 1 2 3 4 5 7 12 13 14 15 16 17 21 22 24 25 26 28 29 32 34 35 36 37 38 42 43 44 49 50 51 52 53 55 56 57 58 61 64 65 66 68 69 
43 0 1 2 3 5 7 11 12 13 14 16 18 21 24 25 26 27 28 29 32 34 35 37 38 40 43 44 49 50 51 52 53 55 56 57 58 60 61 64 65 66 67 69 
66 0 1 2 3 4 5 6 7 8 9 10 11 12 13 14 15 16 17 18 19 20 21 22 24 25 26 27 28 29 30 31 32 33 34 35 36 37 38 39 40 42 43 44 46 48 49 50 51 52 53 54 55 56 57 58 59 60 61 62 63 64 65 66 67 68 69 
33 1 2 3 5 12 13 14 16 21 24 25 26 28 29 32 34 35 36 37 43 44 49 50 51 53 55 58 64 65 66 67 68 69 
7 2 37 43 50 53 55 65 
46 0 1 2 3 5 7 11 12 13 14 16 18 21 24 25 26 27 28 29 32 33 34 35 37 38 40 42 43 44 48 49 50 51 52 53 55 56 57 58 60 61 64 65 66 67 69 
44 1 2 3 4 5 7 9 12 13 14 15 16 17 19 21 22 24 25 26 28 32 34 35 36 37 38 42 43 44 49 50 51 53 54 55 56 58 62 64 65 66 67 68 69 
15 2 3 5 12 25 28 37 43 49 50 53 55 65 66 69 
51 1 2 3 4 5 7 9 12 13 14 15 16 17 18 19 21 22 24 25 26 27 28 29 32 34 35 36 37 38 40 42 43 44 49 50 51 52 53 54 55 56 57 58 61 62 64 65 66 67 68 69 
57 1 2 3 4 5 7 8 9 10 12 13 14 15 16 17 18 19 21 22 24 25 26 27 28 29 30 31 32 34 35 36 37 38 40 42 43 44 46 49 50 51 52 53 54 55 56 57 58 60 61 62 64 65 66 67 68 69 
34 1 2 3 5 12 13 14 16 18 24 25 26 27 28 29 32 34 35 37 38 43 44 49 50 51 52 53 55 57 58 61 65 66 69 
16 2 3 5 12 13 25 28 37 43 49 50 53 55 65 66 69 
59 0 1 2 3 4 5 7 8 9 10 11 12 13 14 15 16 17 18 19 21 22 24 25 26 27 28 29 32 33 34 35 36 37 38 40 42 43 44 48 49 50 51 52 53 54 55 56 57 58 59 60 61 62 64 65 66 67 68 69 
64 1 2 3 4 5 6 7 8 9 10 11 12 13 14 15 16 17 18 19 20 21 22 24 25 26 27 28 29 30 31 32 33 34 35 36 37 38 39 40 42 43 44 46 49 50 51 52 53 54 55 56 57 58 59 60 61 62 63 64 65 66 67 68 69 
