30 15 1e+07
1.46556 170462
1.1893 101969
1.75516 107463
1.33382 134109
1.37465 187755
2.08525 121524
1.643 152530
2.75296 113909
1.91489 196033
2.54468 105379
2.68575 180068
2.79135 114472
2.0877 121565
1.65988 161106
2.03009 129088
2.30834 146108
2.07524 121279
1.0961 161192
1.53414 188407
2.72711 184021
2.06154 159112
2.68868 183093
2.09609 163231
1.49214 118313
1.71028 132159
1.47542 111245
1.63331 187049
2.43627 108599
1.23678 188608
2.10222 181882
0.921418 0.0576754 5
0.957676 0.550731 2
0.87824 6.53355e-05 13
0.881528 0.00015489 12
0.902942 0.0105286 7
0.933831 0.132397 4
0.879179 6.6878e-05 13
0.986998 1 1
0.899331 0.00473396 8
0.921079 0.0573857 5
0.880702 0.000151954 12
0.93766 0.259014 3
0.907775 0.0114456 7
0.904182 0.010747 7
0.91535 0.0530468 5
0.901256 0.00490933 8
0.924659 0.0606561 5
0.97731 0.667284 2
0.88317 7.41818e-05 13
0.97454 0.644546 2
0.944654 0.278222 3
0.983223 1 1
0.890626 0.000415647 11
0.98181 1 1
0.958103 0.552395 2
0.900961 0.0048816 8
0.93121 0.127742 4
0.981142 0.70347 2
0.944871 0.278909 3
0.918486 0.0279692 6
0.875137 5.27801e-07 19
0.954007 0.314139 3
0.91022 0.00594941 8
0.844294 7.48826e-12 0
0.918284 0.0142389 7
0.918263 0.0142317 7
0.922293 0.030128 6
0.90459 0.00256176 9
0.921221 0.0294824 6
0.919935 0.0148134 7
0.855195 2.96852e-11 30
0.907837 0.0027851 9
0.929758 0.0662607 5
0.896435 0.000483797 11
0.986249 0.761837 2
0.991863 1 1
0.916429 0.0269441 6
0.899716 0.00228428 9
0.949058 0.29341 3
0.926084 0.0621006 5
0.955393 0.320765 3
0.891326 0.000422923 11
0.937248 0.139282 4
0.91916 0.0283254 6
0.944011 0.276225 3
0.945694 0.281568 3
0.96921 0.607588 2
0.921791 0.0579985 5
0.948029 0.289612 3
0.875416 5.66893e-06 16
0.870598 4.45141e-07 19
0.921591 0.0297016 6
0.943415 0.154566 4
0.848739 9.30129e-12 0
0.936009 0.136671 4
0.915851 0.0134694 7
0.960017 0.345913 3
0.877057 5.9708e-06 16
0.94235 0.151626 4
0.925405 0.0614007 5
0.864829 3.20405e-08 22
0.902623 0.00244223 9
0.945787 0.281872 3
0.907722 0.00561649 8
0.939073 0.143388 4
0.929731 0.242667 3
0.893375 0.00914689 7
0.949721 0.524317 2
0.931512 0.245932 3
0.958676 0.554675 2
0.942464 0.506293 2
0.9337 0.250245 3
0.88343 0.00168035 9
0.954162 0.538045 2
0.951925 0.530837 2
0.954243 0.53832 2
0.938581 0.261251 3
0.946791 0.516451 2
0.974105 1 1
0.869814 0.000120881 12
0.953906 0.313673 3
0.918249 0.0142271 7
0.940996 0.14808 4
0.937676 0.140218 4
0.96569 0.587313 2
0.971414 0.621879 2
0.929814 0.06633 5
0.912629 0.00630948 8
0.958309 0.336039 3
0.974914 0.647469 2
0.953358 0.311171 3
0.96961 0.610089 2
0.957013 0.329013 3
0.992815 1 1
0.887441 3.91099e-05 14
0.944184 0.276757 3
0.961172 0.56524 2
0.92105 0.0573616 5
0.907866 0.0114646 7
0.948079 0.289793 3
0.980305 0.695053 2
0.919322 0.0284125 6
0.951328 0.30239 3
0.943558 0.274847 3
0.967635 0.598151 2
0.914485 0.0260547 6
0.977433 0.668356 2
0.951416 0.302755 3
0.94809 0.289835 3
0.920333 0.0289707 6
0.880829 0.00356223 8
0.915187 0.107657 4
0.966014 1 1
0.86315 0.000106926 12
0.952254 0.531859 2
0.924404 0.234044 3
0.983413 1 1
0.875934 0.0015016 9
0.959504 0.558063 2
0.936735 0.49504 2
0.881054 0.00357255 8
0.91101 0.104061 4
0.959274 0.557109 2
0.923388 0.232572 3
0.921347 0.229758 3
0.909878 0.0242114 6
0.908659 0.0237776 6
0.986249 1 1
0.899567 0.00998469 7
0.979834 1 1
0.944344 0.277254 3
0.9707 0.617104 2
0.883818 0.000774008 10
0.982732 1 1
0.959176 0.556707 2
0.919852 0.0563714 5
0.933361 0.249554 3
0.972365 0.628468 2
0.959637 0.558618 2
0.895433 0.00441779 8
0.938643 0.142392 4
0.962008 0.35838 3
0.928736 0.0650357 5
0.904672 0.00256699 9
0.955242 0.320021 3
0.982305 0.715661 2
0.927704 0.0638533 5
0.94346 0.154694 4
0.951281 0.302193 3
0.973394 0.635889 2
0.913331 0.0127587 7
0.973762 0.638623 2
0.959706 0.344059 3
0.950825 0.300325 3
0.924893 0.0318297 6
0.880875 0.00161456 9
0.907282 0.048334 5
0.974015 1 1
0.866142 4.98538e-05 13
0.95377 0.536738 2
0.922389 0.115215 4
0.990795 1 1
0.870595 0.000275548 11
0.961152 0.565149 2
0.935781 0.254689 3
0.885069 0.0037694 8
0.909338 0.0494082 5
0.958082 0.55231 2
0.925933 0.236359 3
0.910849 0.103933 4
0.95878 0.555096 2
0.937863 0.259501 3
0.889911 0.00404319 8
0.917384 0.109762 4
0.917135 0.109516 4
0.952166 0.531583 2
0.885874 0.00174885 9
0.970034 0.612782 2
0.911444 0.0505929 5
0.937377 0.258343 3
0.914329 0.0523702 5
0.963241 0.574847 2
0.91746 0.109837 4
0.92889 0.241195 3
0.893287 0.00913626 7
0.866352 5.00681e-05 13
0.933143 0.249114 3
0.922362 0.115184 4
0.839907 1.03732e-09 25
0.922188 0.114977 4
0.911454 0.104421 4
0.937352 0.258283 3
0.885096 0.00377083 8
0.927095 0.2382 3
0.917363 0.109741 4
0.853584 1.37394e-06 17
0.899245 0.0210186 6
0.933399 0.249631 3
0.8962 0.0203031 6
0.962435 0.571009 2
0.972374 0.628532 2
0.924359 0.0314636 6
0.888569 8.64631e-05 13
0.931224 0.0681185 5
0.915633 0.0134048 7
0.949234 0.294078 3
0.882521 1.55128e-05 15
0.95537 0.320652 3
0.909301 0.00582245 8
0.935286 0.07395 5
0.925704 0.0324036 6
0.962682 0.362848 3
0.913873 0.0129047 7
0.932475 0.0698009 5
0.880856 6.77217e-06 16
0.927723 0.122268 4
0.942699 0.272305 3
0.870903 2.46479e-05 14
0.888037 0.000840535 10
0.896546 0.00450321 8
0.929511 0.124979 4
0.87018 1.08299e-05 15
0.993664 1 1
0.892168 0.00195611 9
0.915664 0.0532605 5
0.884372 0.000782132 10
0.936426 0.256139 3
0.899827 0.0100241 7
0.902116 0.0103889 7
0.900095 0.0100652 7
0.887604 0.000180019 12
0.966562 0.592067 2
0.915521 0.0265195 6
0.855774 8.31295e-10 26
0.927283 0.0633859 5
0.930736 0.126952 4
0.925704 0.0617062 5
0.916392 0.0269266 6
0.929313 0.0657215 5
0.93127 0.127843 4
0.866134 1.69685e-07 20
0.920596 0.0291201 6
0.93858 0.142247 4
0.907142 0.0113148 7
0.977269 0.666929 2
0.93139 0.245702 3
0.961459 0.566527 2
0.888306 0.00394743 8
0.891171 0.00412219 8
0.913779 0.0520168 5
0.945687 0.513705 2
0.888403 0.00395308 8
0.985027 1 1
0.909824 0.049674 5
0.932506 0.247847 3
0.891359 0.00413422 8
0.949686 0.524218 2
0.918074 0.110456 4
0.915803 0.108232 4
0.916352 0.108754 4
0.943175 0.273705 3
0.928145 0.0643517 5
0.870233 2.17728e-06 17
0.904423 0.00523077 8
0.896773 0.00214375 9
0.931043 0.127462 4
0.867022 3.92538e-07 19
0.975741 0.654083 2
0.891413 0.000902461 10
0.916561 0.0270073 6
0.897757 0.00218874 9
0.941468 0.268811 3
0.897757 0.00218877 9
0.908046 0.0115027 7
0.884402 0.000165946 12
0.938369 0.26073 3
0.934775 0.134201 4
0.953103 0.534555 2
0.915833 0.0533764 5
0.982295 1 1
0.980272 1 1
0.946319 0.283645 3
0.916904 0.0541291 5
0.975551 0.652543 2
0.995406 1 1
0.930786 0.127033 4
0.968136 0.601087 2
0.978454 1 1
0.976402 0.659532 2
0.907929 0.0235278 6
0.880427 0.000150995 12
0.915137 0.0529037 5
0.965482 0.586203 2
0.86269 3.40041e-07 19
0.951763 0.304209 3
0.924038 0.0600528 5
0.982885 1 1
0.875752 2.78407e-05 14
0.959002 0.555997 2
0.936323 0.255904 3
0.880569 0.00015149 12
0.910642 0.0244938 6
0.958841 0.555339 2
0.922901 0.0589896 5
0.921588 0.0578218 5
0.958232 0.552902 2
0.941983 0.505259 2
0.927571 0.238976 3
0.925176 0.235198 3
0.955983 0.544398 2
0.991182 1 1
0.92183 0.114556 4
0.938973 0.262229 3
0.949638 0.52408 2
0.976862 1 1
0.933318 0.249467 3
0.994186 1 1
0.954528 0.539287 2
0.965518 0.586395 2
0.904457 0.0469748 5
0.924154 0.117391 4
0.92995 0.243057 3
0.967472 0.597212 2
0.905062 0.047255 5
0.995498 1 1
0.965929 0.588597 2
0.961307 0.565843 2
0.905315 0.047374 5
0.990933 1 1
0.981019 1 1
0.922092 0.114863 4
0.953156 0.534725 2
0.99092 1 1
0.96804 0.600519 2
0.910541 0.050074 5
0.878698 1.37635e-05 15
0.8947 0.000971903 10
0.978413 0.677107 2
0.868564 4.14061e-07 19
0.950608 0.299448 3
0.916403 0.0269316 6
0.982813 0.721183 2
0.861425 1.23954e-08 23
0.957282 0.330438 3
0.930605 0.0673193 5
0.888794 0.000185793 12
0.904193 0.00520591 8
0.950974 0.300934 3
0.926182 0.0622029 5
0.895641 0.000993683 10
0.95084 0.300384 3
0.940546 0.266303 3
0.937612 0.2589 3
0.922129 0.0582952 5
0.966334 0.590804 2
0.994871 1 1
0.931593 0.128392 4
0.930524 0.126604 4
0.959889 0.559677 2
0.987368 1 1
0.93328 0.131377 4
0.983968 1 1
0.964413 0.580658 2
0.972054 0.626285 2
0.906826 0.0112508 7
0.892396 0.00420242 8
0.892257 0.00419316 8
0.985166 1 1
0.886618 0.00177089 9
0.959536 0.558197 2
0.924548 0.117898 4
0.970842 0.618042 2
0.865509 9.62157e-06 15
0.963794 0.57755 2
0.939088 0.262517 3
0.907973 0.0235428 6
0.913894 0.0520903 5
0.954299 0.538507 2
0.941791 0.26971 3
0.884772 0.00171724 9
0.915804 0.0266502 6
0.887666 0.000180314 12
0.957766 0.333046 3
0.918303 0.027874 6
0.957293 0.330499 3
0.93328 0.131377 4
0.940755 0.147471 4
0.873256 1.0843e-06 18
0.95503 0.31899 3
0.944903 0.27901 3
0.941193 0.148584 4
0.927372 0.0634843 5
0.945924 0.282325 3
0.962454 0.571098 2
0.868528 1.85291e-07 20
0.925251 0.118819 4
0.982678 1 1
0.911188 0.024701 6
0.88814 0.000842303 10
0.934919 0.252806 3
0.959822 0.559393 2
0.913399 0.0517766 5
0.95603 0.544568 2
0.932334 0.129677 4
0.950801 0.527442 2
0.89404 0.00431599 8
0.955713 0.543426 2
0.941723 0.26952 3
0.928527 0.123463 4
0.937523 0.258689 3
0.914584 0.0260983 6
0.942289 0.271123 3
0.960724 0.563266 2
0.890957 0.000893593 10
0.977536 0.669259 2
0.9614 0.566259 2
0.96317 0.574501 2
0.909174 0.0239585 6
0.979772 1 1
0.972365 0.628468 2
0.906254 0.0111372 7
0.947384 0.287313 3
0.989696 1 1
0.95153 0.303228 3
0.927639 0.122144 4
0.909776 0.0241742 6
0.946015 0.282629 3
0.956462 0.546149 2
0.88493 0.000364055 11
0.97022 0.613976 2
0.957096 0.548514 2
0.961826 0.568188 2
0.909379 0.0240313 6
0.97308 0.633592 2
0.966341 0.590847 2
0.899694 0.00476593 8
0.94323 0.273867 3
0.98238 1 1
0.944565 0.277942 3
0.934448 0.133568 4
25 0 1 2 3 4 7 8 10 11 12 13 14 15 16 17 18 19 20 21 22 23 24 27 28 29 
3 2 13 16 
15 0 1 2 4 8 10 11 13 16 17 20 23 27 28 29 
28 0 1 3 5 6 7 8 9 10 11 12 13 14 15 16 17 18 19 20 21 22 23 24 25 26 27 28 29 
18 0 1 2 4 7 8 10 11 13 15 16 17 20 22 23 27 28 29 
21 0 1 2 4 7 8 9 10 11 13 15 16 17 19 20 22 23 25 27 28 29 
10 0 2 4 8 11 13 16 20 27 29 
8 0 2 4 13 15 16 17 27 
24 0 1 2 3 4 7 8 10 11 12 13 14 15 16 17 18 19 20 21 22 24 27 28 29 
20 0 1 2 4 7 8 9 10 11 13 15 16 17 20 22 23 25 27 28 29 
30 0 1 2 3 4 5 6 7 8 9 10 11 12 13 14 15 16 17 18 19 20 21 22 23 24 25 26 27 28 29 
24 0 1 2 4 7 8 9 10 11 13 15 16 17 19 20 21 22 23 24 25 26 27 28 29 
18 0 1 2 4 7 8 10 11 12 13 15 16 17 18 20 27 28 29 
24 0 1 2 4 7 8 9 10 11 13 15 16 17 19 20 21 22 23 24 25 26 27 28 29 
0 
