60 15 1e+07
2.04163 197362
1.45504 196951
2.43667 121022
1.82924 142565
1.21325 172922
1.50461 138579
1.50941 122668
1.24422 161803
2.42892 173729
1.27093 134763
2.12262 166341
1.12761 174272
1.24911 128777
1.60974 166697
2.6504 187621
2.85215 183541
2.44285 176567
1.18644 135246
1.88273 142793
2.02317 133384
2.4911 133815
1.11382 141026
1.64663 163497
1.6916 166549
1.70542 195861
2.26248 174439
1.81023 162044
2.20417 108503
2.01998 198729
2.13573 115233
2.7565 157634
2.45017 173471
1.49722 145136
2.38635 159478
1.18794 172422
2.89474 111674
2.34077 120678
1.89505 117013
2.79254 112684
1.39649 152674
1.1603 111508
1.41819 122801
1.96704 199319
2.34938 155531
1.47167 144127
1.45143 114147
1.38597 149506
2.26314 155773
2.09866 199921
1.79884 185570
1.3253 186889
1.35414 123475
1.68547 142873
1.15254 156062
2.5073 179102
2.61848 135790
2.16428 186293
1.69252 171183
2.14084 134444
2.99811 177324
0.941336 0.268447 3
0.92957 0.125072 4
0.934478 0.251866 3
0.866172 4.33843e-06 16
0.868282 1.03113e-05 15
0.855642 5.20082e-08 21
0.955608 0.543055 2
0.919504 0.0560929 5
0.868005 1.02389e-05 15
0.866021 4.32086e-06 16
0.921992 0.114745 4
0.902137 0.0103924 7
0.885788 0.000803721 10
0.913985 0.0521485 5
0.877916 0.000142741 12
0.925485 0.235668 3
0.86136 0.000103637 12
0.875726 0.00149722 9
0.901156 0.0455369 5
0.945486 0.513217 2
0.913409 0.106066 4
0.859203 4.35378e-05 13
0.871136 0.000624889 10
0.950652 0.527005 2
0.904118 0.04682 5
0.938769 0.498781 2
0.959633 0.558601 2
0.955847 0.543908 2
0.87669 0.00338332 8
0.988694 1 1
0.905141 0.0226345 6
0.884902 0.000790086 10
0.897146 0.00963491 7
0.965921 0.588555 2
0.980918 1 1
0.984737 1 1
0.86926 2.37006e-05 14
0.900844 0.0101822 7
0.975703 1 1
0.969489 0.609325 2
0.928691 0.12371 4
0.939361 0.263211 3
0.961972 0.56886 2
0.90973 0.0241575 6
0.920322 0.112842 4
0.938417 0.260847 3
0.91247 0.0512033 5
0.91803 0.0549545 5
0.855006 5.09203e-08 21
0.861574 7.44826e-07 18
0.846302 2.41331e-10 27
0.937993 0.259814 3
0.90327 0.0105852 7
0.861884 7.51676e-07 18
0.855143 5.11529e-08 21
0.91628 0.0536869 5
0.898175 0.00463499 8
0.879938 0.000149322 12
0.89838 0.00465223 8
0.878368 0.000144166 12
0.968528 0.603426 2
0.941516 0.268945 3
0.956974 0.548054 2
0.921591 0.114277 4
0.924265 0.117533 4
0.91212 0.0509925 5
0.939798 0.264333 3
0.947618 0.518586 2
0.923192 0.116187 4
0.921898 0.114635 4
0.9728 1 1
0.951542 0.529664 2
0.940788 0.266951 3
0.949601 0.523978 2
0.916549 0.108943 4
0.989744 1 1
0.912108 0.0124415 7
0.926592 0.0626369 5
0.905684 0.00537159 8
0.925288 0.0612821 5
0.903225 0.00510406 8
0.916719 0.0270834 6
0.916719 0.0270833 6
0.926458 0.0624939 5
0.90702 0.00552961 8
0.982403 0.716719 2
0.966923 0.594083 2
0.945938 0.282372 3
0.918824 0.0281462 6
0.940674 0.147268 4
0.956607 0.546682 2
0.883936 0.000775719 10
0.898531 0.00983113 7
0.902633 0.0219058 6
0.9374 0.258397 3
0.907917 0.0235237 6
0.885521 0.00173859 9
0.891304 0.00413067 8
0.940818 0.267033 3
0.904938 0.0225731 6
0.964462 0.580907 2
0.977201 1 1
0.956896 0.547761 2
0.895343 0.00939358 7
0.974209 1 1
0.957605 0.332173 3
0.956365 0.325643 3
0.96946 0.609145 2
0.906773 0.00549959 8
0.903448 0.00249103 9
0.894446 0.000458339 11
0.961611 0.35581 3
0.955255 0.320085 3
0.902126 0.00241376 9
0.906454 0.00546144 8
0.951668 0.303807 3
0.930204 0.0668133 5
0.919024 0.0282527 6
0.952733 0.308388 3
0.897428 0.00103771 10
0.964085 1 1
0.883575 0.00812617 7
0.897307 0.0440343 5
0.884462 0.00820676 7
0.914249 0.106806 4
0.886898 0.00843883 7
0.891073 0.0192427 6
0.887412 0.00849001 7
0.917195 0.109574 4
0.886354 0.00838559 7
0.95603 0.544568 2
0.956523 0.546372 2
0.934215 0.251313 3
0.889506 0.00870671 7
0.954954 0.540752 2
0.977584 0.669675 2
0.937067 0.138893 4
0.950829 0.300343 3
0.905322 0.00533036 8
0.911416 0.0122697 7
0.896822 0.00102239 10
0.943953 0.276049 3
0.938327 0.141671 4
0.911056 0.0121824 7
0.905702 0.00537358 8
0.966655 0.592583 2
0.944852 0.278847 3
0.92954 0.0659949 5
0.937948 0.140821 4
0.914125 0.012974 7
0.941078 0.267739 3
0.882319 0.0001578 12
0.896994 0.00453859 8
0.920308 0.0567426 5
0.960857 0.563847 2
0.929186 0.124472 4
0.878298 6.54301e-05 13
0.892867 0.00198236 9
0.964885 0.583076 2
0.92307 0.0591444 5
0.959416 0.557696 2
0.981751 1 1
0.977778 0.671397 2
0.898723 0.00468131 8
0.973089 0.633654 2
0.946839 0.516574 2
0.961701 0.567622 2
0.977708 1 1
0.926383 0.237064 3
0.915857 0.108282 4
0.911746 0.0507699 5
0.95107 0.528241 2
0.970057 1 1
0.913541 0.106181 4
0.925704 0.236004 3
0.952054 0.531235 2
0.933279 0.249389 3
0.92818 0.239989 3
0.971505 1 1
0.897554 0.0206125 6
0.922597 0.0303169 6
0.992603 1 1
0.990918 1 1
0.908896 0.00576813 8
0.889668 0.000190242 12
0.890876 0.000196701 12
0.968661 0.604232 2
0.983985 0.734391 2
0.886905 8.23351e-05 13
0.907318 0.00556616 8
0.923049 0.0306024 6
0.904259 0.00254089 9
0.899919 0.00110551 10
0.974608 0.645074 2
0.869844 1.94747e-07 20
0.94443 0.510709 2
0.959629 0.558585 2
0.975192 1 1
0.931581 0.246063 3
0.919566 0.112018 4
0.916549 0.108943 4
0.946463 0.515623 2
0.970562 1 1
0.917023 0.109405 4
0.930852 0.244696 3
0.952111 0.531413 2
0.934467 0.251842 3
0.93099 0.244953 3
0.973865 1 1
0.898367 0.0208049 6
0.954814 0.31795 3
0.877814 1.34032e-05 15
0.892043 0.000430611 11
0.89088 0.000418256 11
0.925366 0.061362 5
0.895996 0.00100215 10
0.882043 3.31269e-05 14
0.883747 7.53519e-05 13
0.928937 0.0652727 5
0.893115 0.000937183 10
0.955875 0.32316 3
0.964678 0.582008 2
0.94433 0.277208 3
0.887046 0.000177418 12
0.97123 0.620633 2
0.90423 0.022362 6
0.931603 0.246104 3
0.938802 0.2618 3
0.967082 0.594979 2
0.927264 0.121602 4
0.944084 0.276449 3
0.906778 0.0231476 6
0.949819 0.524594 2
0.922452 0.11529 4
0.964167 0.579411 2
0.921267 0.113905 4
0.914579 0.0525339 5
0.925315 0.118904 4
0.959464 0.557896 2
0.881678 0.000744102 10
0.944371 0.277336 3
0.878342 6.55001e-05 13
0.892993 0.00198718 9
0.909118 0.0239387 6
0.948659 0.291918 3
0.917342 0.0544457 5
0.876989 6.3375e-05 13
0.887485 0.000831188 10
0.952788 0.533544 2
0.911761 0.0249233 6
0.958017 0.552058 2
0.978158 1 1
0.965807 0.587944 2
0.892573 0.00197125 9
0.982581 1 1
0.934599 0.13386 4
0.859078 2.56847e-08 22
0.873065 1.17018e-05 15
0.878583 3.00348e-05 14
0.917491 0.027462 6
0.886742 0.000379124 11
0.863256 1.53276e-07 20
0.865301 3.70375e-07 19
0.921899 0.0580928 5
0.881097 7.02273e-05 13
0.936303 0.137279 4
0.949071 0.293461 3
0.933287 0.131389 4
0.868899 2.08989e-06 17
0.976149 0.657426 2
0.925959 0.119773 4
0.867727 2.2869e-05 14
0.882109 0.000749932 10
0.913421 0.0517902 5
0.958765 0.555035 2
0.926256 0.120181 4
0.863251 9.11174e-06 15
0.87868 0.000319735 11
0.964026 0.578708 2
0.916477 0.108873 4
0.942991 0.27316 3
0.964935 0.583334 2
0.967449 0.597077 2
0.88486 0.00171972 9
0.977119 1 1
0.927963 0.239626 3
0.966983 1 1
0.978056 1 1
0.93448 0.49118 2
0.912844 0.10558 4
0.916034 0.223232 3
0.944668 0.511267 2
0.983926 1 1
0.909552 0.102917 4
0.93294 0.488703 2
0.936541 0.494696 2
0.920819 0.22906 3
0.920858 0.22911 3
0.990823 1 1
0.885032 0.00825965 7
0.952706 0.308269 3
0.897282 0.001034 10
0.912212 0.0124679 7
0.927959 0.0641411 5
0.960039 0.346045 3
0.932338 0.069613 5
0.89284 0.000439467 11
0.907772 0.00562275 8
0.962098 0.569438 2
0.930314 0.0669507 5
0.974391 0.643401 2
0.99438 1 1
0.981682 0.709056 2
0.913454 0.0127914 7
0.959653 0.343751 3
0.902934 0.0219898 6
0.967774 0.59896 2
0.965153 0.584473 2
0.924828 0.118261 4
0.893638 0.009179 7
0.90355 0.0221646 6
0.937958 0.259729 3
0.980783 1 1
0.889777 0.00403497 8
0.922345 0.115163 4
0.910599 0.050107 5
0.896 0.00947982 7
0.898351 0.0208011 6
0.981204 1 1
0.861223 3.81414e-06 16
0.914621 0.0131122 7
0.886911 8.23492e-05 13
0.900001 0.00110786 10
0.958367 0.336361 3
0.992426 1 1
0.972927 0.632478 2
0.873401 1.08983e-06 18
0.902032 0.0024084 9
0.986759 1 1
0.961802 0.56808 2
0.938338 0.141696 4
0.950721 0.299902 3
0.973825 0.639096 2
0.910473 0.00598529 8
0.931599 0.0686124 5
0.920156 0.0288712 6
0.904494 0.00523853 8
0.917186 0.0273109 6
0.973069 0.633514 2
0.973064 0.633472 2
0.973465 0.636412 2
0.888655 0.000185102 12
0.920498 0.0290643 6
0.96808 0.600759 2
0.97578 0.654401 2
0.943604 0.274987 3
0.948499 0.291329 3
0.967198 0.59564 2
0.929372 0.065792 5
0.92053 0.0290826 6
0.950302 0.298226 3
0.96419 0.579531 2
0.978028 0.673622 2
0.910601 0.00600372 8
0.903329 0.00248391 9
0.896817 0.00102226 10
0.964434 0.580763 2
0.963749 0.57733 2
0.901581 0.00238321 9
0.910008 0.0059196 8
0.947468 0.28761 3
0.926625 0.062672 5
0.917577 0.027505 6
0.960825 0.350847 3
0.892819 0.000439234 11
0.937033 0.257536 3
0.953686 0.536459 2
0.967396 0.596771 2
0.943072 0.507626 2
0.926518 0.237277 3
0.926787 0.237704 3
0.936168 0.255554 3
0.968872 0.605512 2
0.923386 0.116426 4
0.942147 0.50561 2
0.9492 0.522853 2
0.934694 0.252324 3
0.9353 0.25363 3
0.976051 1 1
0.898393 0.0208112 6
0.909215 0.102659 4
0.976559 1 1
0.973939 1 1
0.9213 0.229694 3
0.893521 0.0197286 6
0.900845 0.0454092 5
0.946674 0.516156 2
0.989178 1 1
0.889948 0.0190306 6
0.919088 0.226851 3
0.915216 0.107685 4
0.899357 0.0448134 5
0.899892 0.0450244 5
0.985344 1 1
0.864408 0.00024868 11
0.956497 0.326323 3
0.926092 0.0621086 5
0.941325 0.148923 4
0.941082 0.148298 4
0.948664 0.291939 3
0.93497 0.0734572 5
0.917827 0.0140876 7
0.937675 0.140216 4
0.947236 0.286794 3
0.942137 0.151055 4
0.978001 0.673386 2
0.967024 0.594655 2
0.963998 0.578566 2
0.943526 0.154881 4
0.929478 0.0659206 5
0.909057 0.00578955 8
0.902266 0.00117716 10
0.913684 0.0128534 7
0.985425 0.751541 2
0.964928 0.5833 2
0.981631 0.708524 2
0.883908 1.62348e-05 15
0.91916 0.0145381 7
0.959481 0.342736 3
0.988609 1 1
0.931832 0.0689246 5
0.935852 0.0748525 5
0.954844 0.318093 3
0.928514 0.0647769 5
0.909096 0.00579483 8
0.944811 0.278718 3
0.947287 0.286972 3
0.962104 0.569465 2
0.942732 0.272402 3
0.932391 0.129778 4
0.928923 0.124065 4
0.933414 0.131624 4
0.96072 0.563249 2
0.929663 0.125219 4
0.942367 0.271344 3
0.958348 0.553364 2
0.943643 0.275105 3
0.942976 0.273114 3
0.96698 0.594405 2
0.906973 0.0112805 7
0.893631 0.00201195 9
0.958172 0.552668 2
0.95442 0.538917 2
0.924722 0.118123 4
0.889975 0.000875025 10
0.902775 0.0105 7
0.92852 0.123452 4
0.969861 0.611674 2
0.88585 0.000371563 11
0.921938 0.0581265 5
0.902369 0.0104311 7
0.888937 0.00085621 10
0.892926 0.00198464 9
0.971368 0.62157 2
0.854602 9.52653e-09 23
0.954029 0.537598 2
0.923877 0.11704 4
0.938977 0.262239 3
0.943471 0.274587 3
0.951831 0.530546 2
0.937963 0.259741 3
0.914987 0.0528034 5
0.935943 0.255048 3
0.950311 0.298263 3
0.944652 0.278217 3
0.976429 0.659758 2
0.96792 0.599816 2
0.966751 0.593118 2
0.94215 0.270725 3
0.930531 0.126614 4
0.947399 0.287366 3
0.905882 0.0228628 6
0.920663 0.113222 4
0.942329 0.271238 3
0.966994 0.594483 2
0.944305 0.277132 3
0.897787 0.00972453 7
0.918152 0.0550463 5
0.966868 0.593773 2
0.944538 0.277859 3
0.971958 0.625613 2
0.979886 1 1
0.985691 1 1
0.924787 0.118208 4
0.945531 0.281032 3
0.910497 0.00299645 9
0.91914 0.014531 7
0.929282 0.0352136 6
0.983765 0.731859 2
0.946775 0.164808 4
0.962711 0.363043 3
0.89795 0.000243359 12
0.936879 0.0765496 5
0.94174 0.150003 4
0.982059 0.713032 2
0.930855 0.0366092 6
0.92851 0.0345662 6
0.942598 0.152299 4
0.946616 0.164289 4
0.897261 0.000238036 12
0.90774 0.00561871 8
0.886483 8.13404e-05 13
0.898905 0.00107696 10
0.965531 0.586466 2
0.983043 0.723729 2
0.982659 0.719503 2
0.871175 4.54582e-07 19
0.902307 0.00242406 9
0.977643 0.6702 2
0.969091 0.606855 2
0.931357 0.0682925 5
0.942025 0.150756 4
0.964644 0.581835 2
0.91113 0.00608064 8
0.922399 0.0301934 6
0.946936 0.516822 2
0.889489 0.00870489 7
0.904286 0.0468964 5
0.924304 0.233897 3
0.961322 0.565909 2
0.931152 0.245254 3
0.885277 0.00378029 8
0.90002 0.0212126 6
0.964454 0.580863 2
0.926894 0.237877 3
0.966744 0.59308 2
0.989076 1 1
0.981325 1 1
0.905806 0.0476076 5
0.966916 0.594045 2
0.956779 0.547324 2
0.883221 0.00809461 7
0.897768 0.0442054 5
0.900857 0.0454139 5
0.935508 0.492905 2
0.906068 0.100379 4
0.885249 0.00827993 7
0.890346 0.0191048 6
0.938942 0.499113 2
0.903146 0.0463857 5
0.963468 1 1
0.975353 1 1
0.954947 0.540729 2
0.894256 0.0198816 6
0.973939 1 1
0.907601 0.101463 4
0.990294 1 1
0.975167 1 1
0.90258 0.0461389 5
0.878865 0.00156653 9
0.883206 0.00367507 8
0.962476 0.5712 2
0.97824 1 1
0.875783 0.00149841 9
0.900599 0.0453088 5
0.908435 0.102073 4
0.890409 0.00880462 7
0.887518 0.00850063 7
0.968525 1 1
0.856266 7.77336e-06 15
0.976478 0.66017 2
0.914681 0.0261412 6
0.926152 0.120038 4
0.881513 0.000154837 12
0.89511 0.00207185 9
0.875955 2.79895e-05 14
0.929757 0.125367 4
0.912662 0.0252839 6
0.895972 0.00210852 9
0.882268 0.000157611 12
0.95197 0.305084 3
0.934937 0.134519 4
0.91484 0.026212 6
0.911237 0.0247199 6
0.914501 0.0260617 6
0.914648 0.0525793 5
0.910719 0.0245226 6
0.922282 0.115088 4
0.983853 1 1
0.960538 0.562455 2
0.972493 0.629374 2
0.892162 0.00195589 9
0.927698 0.12223 4
0.9554 0.542314 2
0.985324 1 1
0.936862 0.257138 3
0.938166 0.260232 3
0.954777 0.540141 2
0.937089 0.257665 3
0.908628 0.0237668 6
0.924605 0.117971 4
0.865309 9.57456e-06 15
0.879671 0.000326069 11
0.910501 0.0500513 5
0.955886 0.544049 2
0.923531 0.116606 4
0.861214 1.67558e-06 17
0.876082 0.000137204 12
0.961183 0.56529 2
0.913558 0.0518768 5
0.940921 0.267311 3
0.962753 0.572509 2
0.964305 0.580108 2
0.882173 0.000750816 10
0.979033 1 1
0.945027 0.279406 3
0.917931 0.0548808 5
0.932503 0.129976 4
0.951619 0.303603 3
0.960928 0.56416 2
0.947717 0.288493 3
0.906925 0.0112708 7
0.931417 0.128091 4
0.958815 0.555234 2
0.953164 0.310299 3
0.968564 0.603645 2
0.96669 0.592777 2
0.972927 0.632478 2
0.938633 0.26138 3
0.93108 0.127523 4
0.910684 0.00601563 8
0.976738 0.662365 2
0.975108 0.648995 2
0.922193 0.0300662 6
0.89482 0.000220649 12
0.901847 0.00116377 10
0.947086 0.165838 4
0.990629 1 1
0.891269 9.3932e-05 13
0.920022 0.0148448 7
0.91677 0.0137497 7
0.900874 0.000550477 11
0.901329 0.00114758 10
0.986938 0.770725 2
0.865867 6.6643e-09 24
0.950173 0.176863 4
0.87633 2.52882e-07 20
0.890758 4.36947e-05 14
0.896059 0.000229203 12
0.932793 0.0702452 5
0.902534 0.000579534 11
0.878627 6.07139e-07 19
0.883425 3.44328e-06 17
0.936655 0.0761733 5
0.898465 0.000247464 12
0.95597 0.323636 3
0.969296 0.608123 2
0.951009 0.180123 4
0.887381 1.82915e-05 15
0.979579 0.687999 2
0.946642 0.284741 3
0.883012 3.40873e-05 14
0.897744 0.00104589 10
0.91452 0.013084 7
0.953066 0.309862 3
0.922115 0.0300184 6
0.880792 1.46806e-05 15
0.892561 0.000436335 11
0.95687 0.328263 3
0.917128 0.0272826 6
0.96245 0.571077 2
0.983736 0.731529 2
0.97135 0.621444 2
0.897842 0.00104846 10
0.976656 0.66167 2
0.936814 0.257028 3
0.916959 0.0541685 5
0.921824 0.114549 4
0.856326 2.79497e-07 19
0.861151 1.67269e-06 17
0.846894 3.11453e-09 24
0.943238 0.273892 3
0.907034 0.0232306 6
0.861254 1.67739e-06 17
0.85634 2.79613e-07 19
0.915496 0.0531462 5
0.896792 0.00958634 7
0.879191 0.000322973 11
0.901749 0.0216643 6
0.875636 0.000135915 12
0.919871 0.056387 5
0.984809 1 1
0.977266 0.6669 2
0.893741 0.000950596 10
0.877309 2.90136e-05 14
0.876546 1.2912e-05 15
0.983877 1 1
0.967392 0.596748 2
0.87494 1.23299e-05 15
0.892299 0.000920225 10
0.915709 0.0266062 6
0.89584 0.00210279 9
0.888984 0.000399443 11
0.957986 0.551935 2
0.862831 6.68487e-08 21
0.938755 0.261684 3
0.946885 0.516691 2
0.950497 0.526549 2
0.876141 0.000304511 11
0.872994 0.000128706 12
0.86358 9.1833e-06 15
0.973477 1 1
0.935508 0.254086 3
0.872071 0.000126345 12
0.87564 0.000301664 11
0.923812 0.116958 4
0.902954 0.0219956 6
0.889154 0.00399739 8
0.929103 0.241564 3
0.874971 0.00029794 11
0.990636 1 1
0.921415 0.114075 4
0.934682 0.252298 3
0.896517 0.00954895 7
0.909768 0.0496428 5
0.890971 0.00886691 7
0.931045 0.245054 3
0.922392 0.115219 4
0.910362 0.0499733 5
0.89734 0.0205628 6
0.96773 0.598702 2
0.948733 0.521568 2
0.929496 0.242252 3
0.922351 0.11517 4
0.923277 0.116292 4
0.947893 0.289121 3
0.88236 0.000157952 12
0.897078 0.00454532 8
0.911776 0.0249291 6
0.949928 0.296752 3
0.919116 0.0557867 5
0.880862 0.000152515 12
0.891518 0.000904541 10
0.953732 0.53661 2
0.914344 0.0259929 6
0.962337 0.570551 2
0.982561 1 1
0.968291 0.602009 2
0.896582 0.00213527 9
0.97819 0.675077 2
0.896412 0.0203508 6
0.963363 0.575437 2
0.958862 0.555428 2
0.922175 0.230877 3
0.889098 0.00866341 7
0.900531 0.0452812 5
0.933556 0.249951 3
0.974119 1 1
0.885116 0.00377189 8
0.919518 0.111967 4
0.904186 0.046851 5
0.889995 0.00875932 7
0.892982 0.0196185 6
0.974167 1 1
0.855495 3.31823e-06 16
0.929782 0.0356455 6
0.860178 8.75721e-11 29
0.874492 2.34175e-07 20
0.891713 4.51721e-05 14
0.93398 0.0719563 5
0.902277 0.000574872 11
0.860583 8.94774e-11 29
0.868558 7.54909e-09 24
0.938847 0.0800397 5
0.894499 0.000104346 13
0.938763 0.0798833 5
0.957064 0.329282 3
0.94715 0.166052 4
0.87334 1.01436e-07 21
0.995257 1 1
0.989147 1 1
0.925928 0.119731 4
0.940204 0.265394 3
0.906603 0.0479952 5
0.918632 0.111031 4
0.900708 0.0213892 6
0.931519 0.245944 3
0.929057 0.241485 3
0.918886 0.111296 4
0.907423 0.048405 5
0.976738 1 1
0.955708 0.54341 2
0.938037 0.259921 3
0.930026 0.243193 3
0.92614 0.120021 4
0.923049 0.116013 4
0.948254 0.520271 2
0.958557 0.554196 2
0.953529 0.535941 2
0.927136 0.121419 4
0.934079 0.25103 3
0.925947 0.119757 4
0.966319 0.590727 2
0.923193 0.116188 4
0.951862 0.530641 2
0.937521 0.258684 3
0.926334 0.120288 4
0.931556 0.246016 3
0.976187 1 1
0.890965 0.00410901 8
0.954913 0.540613 2
0.888617 0.000850573 10
0.903426 0.0106126 7
0.913409 0.0517825 5
0.94838 0.290889 3
0.918901 0.0556191 5
0.88756 0.000832444 10
0.897405 0.00457164 8
0.951564 0.529729 2
0.915792 0.0533482 5
0.969501 0.6094 2
0.98799 1 1
0.968462 0.603033 2
0.9022 0.0104028 7
0.971632 0.623364 2
0.953529 0.535941 2
0.925086 0.235061 3
0.932698 0.248227 3
0.871201 0.000124189 12
0.87707 0.000686916 10
0.862227 2.02424e-05 14
0.947495 0.518262 2
0.917781 0.11016 4
0.87716 0.000687956 10
0.871348 0.000124548 12
0.932362 0.247565 3
0.913054 0.10576 4
0.895408 0.00940199 7
0.913605 0.106237 4
0.890024 0.00876245 7
0.954754 0.317659 3
0.92924 0.0656339 5
0.937011 0.138772 4
0.87459 1.13696e-06 18
0.879435 6.45408e-06 16
0.865204 3.2526e-08 22
0.951171 0.301741 3
0.922028 0.0299654 6
0.879378 6.44179e-06 16
0.874677 1.14052e-06 18
0.93449 0.133649 4
0.914704 0.0131359 7
0.897566 0.00104128 10
0.917817 0.0276255 6
0.890475 0.000194514 12
0.975239 1 1
0.907676 0.0485338 5
0.919289 0.111722 4
0.878332 0.000701692 10
0.89454 0.00929093 7
0.873946 0.0002924 11
0.922549 0.115407 4
0.906105 0.047752 5
0.895758 0.00944777 7
0.879256 0.000712922 10
0.950582 0.526799 2
0.93553 0.254135 3
0.914554 0.10708 4
0.905027 0.0472388 5
0.918124 0.110508 4
0.931984 0.246834 3
0.938224 0.260375 3
0.950988 0.527997 2
0.958674 0.554666 2
0.940638 0.266549 3
0.942935 0.272995 3
0.920168 0.112673 4
0.954686 0.539828 2
0.93694 0.257319 3
0.958065 0.552244 2
0.949576 0.523906 2
0.940337 0.265745 3
0.94625 0.515092 2
0.963537 0.576286 2
0.90477 0.0225224 6
0.930991 0.127375 4
0.879931 0.000327771 11
0.894338 0.0043373 8
0.928654 0.123655 4
0.972966 0.63276 2
0.940111 0.265151 3
0.873209 5.80191e-05 13
0.891928 0.00194725 9
0.977598 1 1
0.931682 0.128544 4
0.95174 0.530268 2
0.9727 0.630847 2
0.983694 1 1
0.89863 0.00984559 7
0.964089 0.579022 2
28 0 3 4 7 9 11 12 13 19 21 24 25 26 29 30 37 38 42 45 46 47 48 50 52 53 55 56 57 
6 0 3 37 45 46 47 
11 0 3 12 26 37 45 46 47 50 55 56 
60 0 1 2 3 4 5 6 7 8 9 10 11 12 13 14 15 16 17 18 19 20 21 22 23 24 25 26 27 28 29 30 31 32 33 34 35 36 37 38 39 40 41 42 43 44 45 46 47 48 49 50 51 52 53 54 55 56 57 58 59 
56 0 1 3 4 5 6 7 8 9 10 11 12 13 14 15 16 17 18 19 20 21 23 24 25 26 27 29 30 31 32 33 35 36 37 38 39 40 41 42 43 44 45 46 47 48 49 50 51 52 53 54 55 56 57 58 59 
60 0 1 2 3 4 5 6 7 8 9 10 11 12 13 14 15 16 17 18 19 20 21 22 23 24 25 26 27 28 29 30 31 32 33 34 35 36 37 38 39 40 41 42 43 44 45 46 47 48 49 50 51 52 53 54 55 56 57 58 59 
0 
12 0 3 12 26 37 42 45 46 47 50 55 56 
57 0 1 3 4 5 6 7 8 9 10 11 12 13 14 15 16 17 18 19 20 21 23 24 25 26 27 28 29 30 31 32 33 35 36 37 38 39 40 41 42 43 44 45 46 47 48 49 50 51 52 53 54 55 56 57 58 59 
53 0 3 4 5 6 7 8 9 10 11 12 13 14 15 16 17 19 20 21 23 24 25 26 27 28 29 30 31 32 33 35 36 37 38 39 41 42 43 44 45 46 47 48 49 50 51 52 53 54 55 56 57 58 
30 0 3 4 5 7 9 11 12 13 19 21 24 25 26 29 30 37 38 42 45 46 47 48 50 52 53 55 56 57 58 
39 0 3 4 5 6 7 8 9 11 12 13 14 15 19 21 24 25 26 27 29 30 31 33 36 37 38 41 42 45 46 47 48 50 52 53 55 56 57 58 
51 0 3 4 5 6 7 8 9 11 12 13 14 15 16 17 19 20 21 23 24 25 26 27 28 29 30 31 32 33 35 36 37 38 39 41 42 43 44 45 46 47 48 49 50 52 53 54 55 56 57 58 
24 0 3 4 5 7 8 9 11 12 13 21 24 26 37 38 42 45 46 47 48 52 55 56 57 
41 0 3 4 5 6 7 8 9 11 12 13 14 16 17 19 21 24 25 26 27 29 30 31 36 37 38 42 43 44 45 46 47 48 49 50 51 52 54 55 56 57 
