60 15 1e+07
1.1131 173484
1.25404 132735
1.58121 190251
1.83289 138090
1.23723 154524
2.25943 171083
2.90503 148496
1.80949 152543
2.28877 103990
1.47074 188166
1.30783 128685
1.1332 175284
2.72905 179853
1.43135 198690
1.75412 118239
2.41705 161291
1.099 176571
2.77458 143653
1.70876 140211
1.5374 178769
1.20537 117795
1.52036 143724
2.55123 143740
1.31999 143958
1.68504 114133
2.51984 127617
1.96079 197826
2.54285 121466
2.27977 119086
2.41375 144553
1.45565 190728
1.97124 121289
1.13728 182751
2.38696 165722
1.08424 152767
2.20031 104653
1.00695 177815
1.52475 178382
2.31358 118539
1.15628 171768
1.62334 152004
1.71239 150709
1.2533 157514
1.64274 133689
1.74303 140000
1.084 126882
1.08392 125731
2.99753 166194
2.71925 146670
1.48762 186837
1.70343 179788
2.03588 135582
1.18849 199349
2.39766 139383
1.08011 179900
1.56241 105206
1.01913 109161
1.7161 138455
1.44994 156970
2.91812 122803
0.881871 7.01412e-06 16
0.868233 1.65439e-08 23
0.911468 0.00613088 8
0.910513 0.00599104 8
0.864335 2.77158e-09 25
0.944136 0.156638 4
0.884409 1.6509e-05 15
0.965439 0.382549 3
0.930828 0.0676045 5
0.877204 1.25165e-06 18
0.866534 6.87026e-09 24
0.846659 8.39336e-12 0
0.924039 0.0312483 6
0.880545 3.08704e-06 17
0.891047 9.32797e-05 13
0.951065 0.301306 3
0.925689 0.0323932 6
0.945528 0.160828 4
0.97745 0.668506 2
0.925598 0.0323276 6
0.959678 0.343894 3
0.950711 0.299866 3
0.95237 0.306803 3
0.970429 0.615333 2
0.944439 0.157528 4
0.935069 0.0736115 5
0.912477 0.00628558 8
0.944917 0.158957 4
0.899737 0.000531943 11
0.911178 0.00608769 8
0.893282 0.000444524 11
0.877406 2.7576e-06 17
0.923057 0.0306074 6
0.923073 0.0306177 6
0.874107 1.11748e-06 18
0.951935 0.304936 3
0.896645 0.000486635 11
0.973109 0.633799 2
0.943593 0.155071 4
0.888141 8.53689e-05 13
0.87811 6.17764e-06 16
0.857373 3.9176e-10 27
0.935131 0.134901 4
0.8838 3.49021e-05 14
0.894812 0.000462848 11
0.918335 0.0142557 7
0.880733 3.10853e-06 17
0.995641 1 1
0.954454 0.316236 3
0.884686 7.75843e-06 16
0.909882 0.002945 9
0.944975 0.159131 4
0.914282 0.00658189 8
0.967422 0.596919 2
0.907948 0.00279334 9
0.914958 0.00669966 8
0.886104 1.74909e-05 15
0.981031 0.702337 2
0.847621 8.7991e-12 0
0.858462 3.52871e-11 30
0.904291 0.0107668 7
0.924281 0.060287 5
0.869206 2.10954e-06 17
0.899915 0.00478566 8
0.913817 0.0257653 6
0.948344 0.29076 3
0.882377 0.000158016 12
0.931868 0.128863 4
0.894284 0.00203794 9
0.908554 0.0116113 7
0.885836 0.000371447 11
0.883008 0.000160413 12
0.872156 5.13532e-06 16
0.973558 0.637105 2
0.984535 1 1
0.895526 0.00208938 9
0.873085 1.17081e-05 15
0.94029 0.265623 3
0.930261 0.126176 4
0.871584 5.04968e-06 16
0.939567 0.263737 3
0.905074 0.010911 7
0.957303 0.549297 2
0.955659 0.543235 2
0.888693 0.000851904 10
0.882626 0.000158954 12
0.859081 5.84711e-08 21
0.954063 0.314401 3
0.869377 2.12062e-06 17
0.880576 6.92894e-05 13
0.925911 0.119707 4
0.917798 0.0547817 5
0.919111 0.0557831 5
0.942702 0.272313 3
0.912994 0.0254197 6
0.994135 1 1
0.917531 0.0545842 5
0.979549 1 1
0.946041 0.282715 3
0.923472 0.116533 4
0.907506 0.0233862 6
0.891231 0.00192202 9
0.924073 0.117288 4
0.919982 0.0564769 5
0.932019 0.129125 4
0.9342 0.251281 3
0.910381 0.0499838 5
0.949589 0.523943 2
0.966064 0.58933 2
0.909523 0.0495089 5
0.962247 0.570129 2
0.938218 0.26036 3
0.963421 0.575719 2
0.977412 1 1
0.92753 0.238909 3
0.919273 0.111705 4
0.896226 0.020309 6
0.953783 0.536779 2
0.893579 0.00917174 7
0.905263 0.0473498 5
0.971376 1 1
0.972388 1 1
0.906531 0.0479597 5
0.947239 0.5176 2
0.970737 1 1
0.939632 0.263905 3
0.941608 0.504464 2
0.921175 0.1138 4
0.925426 0.235578 3
0.976946 1 1
0.952373 0.53223 2
0.945877 0.51417 2
0.901971 0.0217242 6
0.922227 0.115022 4
0.931027 0.245021 3
0.900539 0.00484235 8
0.873519 5.34858e-06 16
0.955533 0.321453 3
0.937882 0.140672 4
0.873413 5.33154e-06 16
0.931857 0.128844 4
0.914568 0.0260913 6
0.946071 0.282814 3
0.965453 0.586054 2
0.892568 0.000925739 10
0.8896 0.000405382 11
0.86425 1.58683e-07 20
0.97021 0.613914 2
0.861832 6.44637e-08 21
0.873103 5.28204e-06 16
0.87877 0.00156434 9
0.892173 0.00900413 7
0.860392 8.52435e-06 15
0.883496 0.00368938 8
0.882663 0.00166001 9
0.940853 0.502897 2
0.862276 2.02637e-05 14
0.934516 0.251946 3
0.88548 0.003791 8
0.881024 0.00161825 9
0.860374 8.5208e-06 15
0.853919 1.38546e-06 17
0.866606 5.03291e-05 13
0.945934 0.514311 2
0.951533 0.529637 2
0.926736 0.033166 6
0.910595 0.00300478 9
0.933859 0.0717783 5
0.951911 0.304836 3
0.907661 0.00277205 9
0.977488 0.668837 2
0.924864 0.0318095 6
0.979203 0.684425 2
0.96104 0.352182 3
0.922075 0.0156292 7
0.909878 0.00294473 9
0.88995 4.25022e-05 14
0.939735 0.14496 4
0.904787 0.00126396 10
0.916653 0.0137136 7
0.970282 0.614379 2
0.955032 0.318998 3
0.921334 0.0295491 6
0.96196 0.568803 2
0.95426 0.315322 3
0.951303 0.302283 3
0.949402 0.294718 3
0.934717 0.134089 4
0.941899 0.150421 4
0.968992 0.606248 2
0.950053 0.297241 3
0.935128 0.134895 4
0.917703 0.0275681 6
0.916332 0.0136146 7
0.926656 0.0627053 5
0.930997 0.0367407 6
0.910213 0.00297254 9
0.943426 0.154599 4
0.960219 0.347129 3
0.908509 0.00283584 9
0.96831 0.602124 2
0.932602 0.0699773 5
0.970107 0.61325 2
0.970983 0.618982 2
0.925124 0.031991 6
0.915216 0.00674579 8
0.89338 0.000100537 13
0.948595 0.171035 4
0.89782 0.000242346 12
0.909596 0.00292169 9
0.917291 0.0544085 5
0.946571 0.284498 3
0.86741 4.4868e-06 16
0.902843 0.0105116 7
0.934979 0.252935 3
0.93629 0.25583 3
0.890465 0.00189507 9
0.916572 0.0538921 5
0.890831 0.00190786 9
0.924034 0.117238 4
0.900073 0.0100618 7
0.902523 0.0104571 7
0.867585 4.50838e-06 16
0.976505 0.660398 2
0.98294 1 1
0.893855 0.00920563 7
0.878819 0.00156548 9
0.921453 0.114118 4
0.922893 0.231872 3
0.875307 0.000667274 10
0.954099 0.537834 2
0.896386 0.0203448 6
0.975505 1 1
0.942616 0.506623 2
0.888941 0.00864682 7
0.87841 0.00155607 9
0.858057 8.08652e-06 15
0.933222 0.249273 3
0.886263 0.00383289 8
0.897268 0.0205462 6
0.944631 0.278151 3
0.959133 0.556532 2
0.895736 0.00209833 9
0.933031 0.130922 4
0.950662 0.299667 3
0.955355 0.542158 2
0.919475 0.05607 5
0.934287 0.13326 4
0.919018 0.0557105 5
0.949152 0.293769 3
0.925485 0.119132 4
0.920751 0.05711 5
0.894854 0.00206121 9
0.94636 0.283785 3
0.95679 0.547363 2
0.962698 0.572244 2
0.95671 0.547066 2
0.888909 0.00864352 7
0.92402 0.233482 3
0.968879 1 1
0.893693 0.00918567 7
0.939242 0.262908 3
0.877743 0.000694719 10
0.89755 0.0206116 6
0.968918 1 1
0.969969 1 1
0.995715 1 1
0.879355 0.00157797 9
0.885495 0.00379181 8
0.891126 0.00888439 7
0.897667 0.0206391 6
0.862416 8.93391e-06 15
0.975649 1 1
0.934717 0.252373 3
0.865451 2.17189e-05 14
0.901467 0.0215886 6
0.92254 0.115396 4
0.910486 0.0500432 5
0.955306 0.541985 2
0.887759 0.00391601 8
0.893328 0.00914122 7
0.865249 2.16214e-05 14
0.980905 1 1
0.836097 2.88107e-11 29
0.847009 1.6961e-08 22
0.951223 0.5287 2
0.913065 0.105769 4
0.966717 1 1
0.988847 1 1
0.916996 0.109378 4
0.930396 0.243862 3
0.971642 1 1
0.927038 0.238108 3
0.974452 1 1
0.940786 0.502761 2
0.944042 0.509813 2
0.915394 0.107849 4
0.957997 0.551979 2
0.874285 0.00146749 9
0.88503 0.00825943 7
0.978508 1 1
0.961642 0.567354 2
0.901765 0.0216684 6
0.938699 0.261543 3
0.972915 1 1
0.907551 0.0484703 5
0.951218 0.528684 2
0.891875 0.00896961 7
0.911951 0.0508917 5
0.984403 1 1
0.979565 1 1
0.979961 1 1
0.892756 0.00907265 7
0.892525 0.00904543 7
0.899414 0.0210605 6
0.964941 0.583368 2
0.984459 0.739921 2
0.895668 0.000994318 10
0.935964 0.136578 4
0.980117 0.693201 2
0.931328 0.0682543 5
0.933049 0.0706068 5
0.912119 0.0124444 7
0.913976 0.0129328 7
0.973975 0.640227 2
0.9488 0.292443 3
0.949571 0.295368 3
0.890873 0.000196688 12
0.925944 0.0619545 5
0.93332 0.13145 4
0.927863 0.122473 4
0.912649 0.0252786 6
0.932105 0.129275 4
0.951704 0.303961 3
0.909512 0.0240789 6
0.979811 1 1
0.924889 0.118341 4
0.979081 1 1
0.959335 0.557361 2
0.923494 0.0595378 5
0.910707 0.0245181 6
0.891253 0.000899336 10
0.937602 0.258876 3
0.907183 0.0113232 7
0.919083 0.0557611 5
0.92177 0.0579802 5
0.905923 0.00539912 8
0.932767 0.130446 4
0.947838 0.288924 3
0.90284 0.00506474 8
0.976039 0.65652 2
0.920711 0.0570767 5
0.983087 1 1
0.959464 0.557896 2
0.917074 0.027256 6
0.905134 0.00530925 8
0.885131 0.000168976 12
0.939764 0.14503 4
0.90272 0.00505253 8
0.91452 0.0260701 6
0.91055 0.0500793 5
0.882951 0.000761613 10
0.960895 0.564016 2
0.948128 0.519934 2
0.883031 0.000762734 10
0.93853 0.261126 3
0.923951 0.117134 4
0.950192 0.525665 2
0.975739 1 1
0.902504 0.02187 6
0.899268 0.00993974 7
0.873821 5.88337e-05 13
0.973591 1 1
0.868454 2.32572e-05 14
0.879848 0.000327225 11
0.906471 0.0013284 10
0.877029 5.68844e-07 19
0.965625 0.38397 3
0.944833 0.158704 4
0.877717 5.84888e-07 19
0.929742 0.0356104 6
0.922713 0.0158892 7
0.941383 0.149072 4
0.972734 0.631094 2
0.897926 0.000243171 12
0.896593 0.000233061 12
0.870366 1.82234e-08 23
0.980253 0.694538 2
0.860461 8.88976e-11 29
0.871753 4.29146e-08 22
0.870018 9.7045e-07 18
0.859931 1.16775e-08 23
0.895981 0.0010018 10
0.896348 0.00101069 10
0.855148 8.08925e-10 26
0.936249 0.137166 4
0.870538 9.87518e-07 18
0.955919 0.32338 3
0.91531 0.0264233 6
0.866172 1.69921e-07 20
0.854208 3.38856e-10 27
0.83586 5.08646e-12 0
0.908432 0.011585 7
0.879994 3.12362e-05 14
0.889708 0.000406445 11
0.986293 1 1
0.96164 0.567342 2
0.917902 0.054859 5
0.959005 0.556006 2
0.9652 0.584716 2
0.934771 0.252489 3
0.957082 0.548462 2
0.9189 0.0556188 5
0.933985 0.250833 3
0.985762 1 1
0.965746 0.587616 2
0.951281 0.528873 2
0.911607 0.0248631 6
0.907568 0.0234067 6
0.916653 0.0539495 5
0.968999 0.60629 2
0.930222 0.0668362 5
0.948647 0.291874 3
0.989287 1 1
0.934465 0.133601 4
0.934216 0.133125 4
0.977847 0.672009 2
0.925723 0.0617257 5
0.960862 0.563868 2
0.958623 0.337801 3
0.958558 0.337435 3
0.931144 0.0680134 5
0.940734 0.147418 4
0.886007 8.02414e-05 13
0.896367 0.00101114 10
0.913779 0.0257491 6
0.911491 0.0248181 6
0.905812 0.0110511 7
0.927899 0.122526 4
0.90521 0.0109365 7
0.988882 1 1
0.903413 0.00512348 8
0.979097 0.683429 2
0.93224 0.129512 4
0.912585 0.0252523 6
0.895144 0.00207326 9
0.881155 7.03337e-05 13
0.911851 0.0249587 6
0.926972 0.0630463 5
0.938689 0.142498 4
0.899863 0.021173 6
0.862813 2.04984e-05 14
0.977013 1 1
0.935088 0.25317 3
0.866744 5.04718e-05 13
0.895403 0.0201271 6
0.927162 0.23831 3
0.902571 0.0218886 6
0.951169 0.528536 2
0.889616 0.00871851 7
0.89759 0.0206211 6
0.869163 0.000119384 12
0.974046 1 1
0.832076 1.02755e-11 30
0.842836 6.33518e-09 23
0.916191 0.0268313 6
0.943354 0.274236 3
0.868899 4.1896e-07 19
0.903682 0.00515164 8
0.931993 0.129081 4
0.939839 0.145211 4
0.890229 0.00041162 11
0.920347 0.0289789 6
0.892715 0.000438055 11
0.922417 0.0585517 5
0.898582 0.00222797 9
0.899782 0.00228761 9
0.869541 4.2858e-07 19
0.977529 0.669199 2
0.986421 1 1
0.94208 0.270527 3
0.909313 0.0240078 6
0.966828 0.593551 2
0.981743 1 1
0.911193 0.0247031 6
0.942607 0.272038 3
0.955611 0.543065 2
0.942126 0.270656 3
0.989145 1 1
0.932996 0.13086 4
0.931163 0.127663 4
0.904499 0.0108045 7
0.96488 0.583051 2
0.87999 0.000149497 12
0.891237 0.00192222 9
0.912895 0.0514631 5
0.907212 0.0232891 6
0.911177 0.0504378 5
0.930528 0.12661 4
0.90165 0.0103119 7
0.987581 1 1
0.905098 0.0226213 6
0.987115 1 1
0.937515 0.258668 3
0.910775 0.0245437 6
0.894695 0.00436316 8
0.879076 0.000322241 11
0.917995 0.0549284 5
0.91944 0.0560421 5
0.931089 0.127539 4
0.916852 0.0271475 6
0.939269 0.143849 4
0.874514 2.49853e-06 17
0.908136 0.0115216 7
0.928542 0.06481 5
0.948609 0.291732 3
0.892705 0.00043795 11
0.929329 0.0657407 5
0.898997 0.00224824 9
0.921977 0.0581608 5
0.898529 0.00222543 9
0.897034 0.00102769 10
0.875919 5.75895e-06 16
0.972936 0.632544 2
0.985184 1 1
0.895615 0.0201735 6
0.879748 0.00351348 8
0.924221 0.233775 3
0.925227 0.235276 3
0.876455 0.00151274 9
0.954264 0.538389 2
0.898695 0.0445564 5
0.975329 1 1
0.945342 0.51287 2
0.890501 0.019134 6
0.880333 0.00353966 8
0.859636 4.38939e-05 13
0.936004 0.493757 2
0.885558 0.00830921 7
0.896647 0.020404 6
0.89655 0.00955339 7
0.891664 0.00415405 8
0.902232 0.0217953 6
0.916104 0.108516 4
0.885766 0.0017457 9
0.969903 0.611945 2
0.890395 0.0040731 8
0.982134 1 1
0.927103 0.238213 3
0.894341 0.00926591 7
0.878831 0.000707708 10
0.863217 9.10446e-06 15
0.911095 0.0503901 5
0.912225 0.0510557 5
0.922936 0.115874 4
0.882666 1.55859e-05 15
0.911913 0.00619817 8
0.840599 6.29861e-12 0
0.872201 4.72068e-07 19
0.900504 0.00112263 10
0.916131 0.0135537 7
0.857853 1.7624e-10 28
0.900712 0.00112882 10
0.864569 6.28624e-09 24
0.88895 8.74564e-05 13
0.865908 1.49419e-08 23
0.86918 8.53062e-08 21
0.842857 6.9959e-12 0
0.985149 0.748165 2
0.974837 0.646861 2
0.89579 0.0002273 12
0.880123 1.40069e-06 18
0.923855 0.0311259 6
0.925219 0.0320579 6
0.876779 5.63177e-07 19
0.954825 0.318 3
0.898666 0.000515458 11
0.975955 0.655826 2
0.945133 0.159611 4
0.890731 4.36539e-05 14
0.880441 1.41846e-06 18
0.859836 3.80327e-11 30
0.935559 0.0743829 5
0.886167 1.75289e-05 15
0.897257 0.000238006 12
0.903546 0.0106336 7
0.901935 0.0103589 7
0.900058 0.0100595 7
0.918985 0.0556845 5
0.895388 0.00441445 8
0.978144 1 1
0.894162 0.00432466 8
0.978668 1 1
0.925909 0.119705 4
0.902314 0.0104218 7
0.88518 0.000794314 10
0.871265 2.48648e-05 14
0.907351 0.0233348 6
0.923779 0.116917 4
0.934835 0.252624 3
0.897469 0.000498045 11
0.866254 6.78268e-09 24
0.966485 0.591637 2
0.935863 0.0748708 5
0.867606 7.21939e-09 24
0.916235 0.0135852 7
0.916959 0.0138091 7
0.928286 0.0343833 6
0.962327 0.360481 3
0.888453 4.04257e-05 14
0.889465 4.18115e-05 14
0.862551 5.03419e-10 27
0.981801 0.710309 2
0.847966 8.95048e-12 0
0.859094 8.27122e-11 29
0.980601 1 1
0.947864 0.28902 3
0.931395 0.128054 4
0.973246 0.634804 2
0.950985 0.527987 2
0.940137 0.265217 3
0.965546 0.586545 2
0.926835 0.12099 4
0.947797 0.288777 3
0.97335 0.635564 2
0.962303 0.57039 2
0.940905 0.267267 3
0.925244 0.118809 4
0.901197 0.0102385 7
0.911201 0.0247061 6
0.953598 0.536169 2
0.96646 1 1
0.899189 0.0447477 5
0.938032 0.497396 2
0.959142 0.556567 2
0.950207 0.525707 2
0.926822 0.23776 3
0.929757 0.242712 3
0.921227 0.229599 3
0.958601 0.554374 2
0.934512 0.251939 3
0.929787 0.242766 3
0.897059 0.0204978 6
0.938769 0.498783 2
0.948403 0.520672 2
0.926842 0.121 4
0.930211 0.243526 3
0.902282 0.021809 6
0.931967 0.246801 3
0.923038 0.115999 4
0.982271 1 1
0.910634 0.0501265 5
0.961162 0.565195 2
0.928412 0.12329 4
0.927542 0.122003 4
0.907455 0.0233691 6
0.896603 0.00956057 7
0.90543 0.0227226 6
0.940644 0.266564 3
0.952984 0.534171 2
0.87 5.40509e-05 13
0.860061 3.70502e-06 16
0.895663 0.00943529 7
0.89621 0.00950773 7
0.855242 6.22489e-07 18
0.936396 0.256069 3
0.870399 0.000122258 12
0.955987 0.544413 2
0.91507 0.107549 4
0.866192 2.2083e-05 14
0.854156 6.04428e-07 18
0.835876 2.85521e-11 29
0.908078 0.0487407 5
0.880354 0.000726732 10
0.890052 0.00405181 8
0.935096 0.134833 4
0.951836 0.304517 3
0.890177 0.000411098 11
0.925866 0.0618734 5
0.942454 0.271597 3
0.95721 0.330058 3
0.910892 0.012143 7
0.936095 0.136847 4
0.91426 0.0259564 6
0.939549 0.144514 4
0.916097 0.0267871 6
0.911967 0.0124061 7
0.890374 0.000413079 11
0.954627 0.317054 3
0.965805 0.587929 2
0.971599 0.623143 2
0.977354 0.66767 2
0.902843 0.00506504 8
0.943471 0.274587 3
0.976312 0.658782 2
0.934511 0.133689 4
0.940164 0.265289 3
0.915986 0.0267349 6
0.920913 0.057246 5
0.979231 0.684689 2
0.953909 0.313688 3
0.95021 0.29786 3
0.89781 0.00219124 9
0.92138 0.0576425 5
0.929544 0.12503 4
0.978904 1 1
0.957716 0.550884 2
0.921397 0.0576568 5
0.962827 0.572856 2
0.959109 0.556432 2
0.943027 0.273266 3
0.955116 0.541317 2
0.927128 0.121406 4
0.939627 0.263891 3
0.977059 0.665108 2
0.958444 0.553746 2
0.942856 0.272762 3
0.916285 0.0536902 5
0.911051 0.0246485 6
0.920814 0.0571627 5
0.881257 1.48973e-05 15
0.894085 0.000453973 11
0.863094 1.327e-08 23
0.88627 8.08445e-05 13
0.884671 3.58402e-05 14
0.943832 0.155758 4
0.86492 3.21577e-08 22
0.937302 0.1394 4
0.888268 8.56913e-05 13
0.883393 3.44777e-05 14
0.8628 5.81573e-09 24
0.856026 1.61247e-10 28
0.869279 1.90605e-07 20
0.946163 0.283122 3
0.952411 0.306982 3
0.93255 0.247935 3
0.912588 0.105363 4
0.9415 0.504238 2
0.960384 0.561788 2
0.9107 0.103814 4
0.970486 1 1
0.932902 0.248631 3
0.970478 1 1
0.969076 1 1
0.926952 0.237969 3
0.916386 0.108786 4
0.895002 0.0200403 6
0.946205 0.51498 2
0.900301 0.0451882 5
0.912105 0.104957 4
0.912741 0.0513687 5
0.882793 0.000759393 10
0.969087 0.606832 2
0.951362 0.529118 2
0.883646 0.000771504 10
0.933249 0.249326 3
0.928775 0.123839 4
0.943183 0.273728 3
0.979466 1 1
0.904108 0.0223262 6
0.902728 0.0219323 6
0.876383 0.000138086 12
0.981877 1 1
0.864303 4.12818e-06 16
0.875642 0.000135932 12
0.898094 0.00976819 7
0.884721 0.00171582 9
0.919897 0.112376 4
0.925301 0.118885 4
0.880811 0.000732638 10
0.961366 0.566107 2
0.89863 0.00984559 7
0.983087 1 1
0.942784 0.272552 3
0.893668 0.00428968 8
0.882009 0.000748574 10
0.862477 3.93751e-06 16
0.93067 0.244362 3
0.893291 0.00426335 8
0.9044 0.0224124 6
0.882537 7.18026e-06 16
0.904215 0.00253813 9
0.851087 1.04753e-11 0
0.879278 2.94735e-06 17
0.893512 0.000212181 12
0.930875 0.0676647 5
0.86134 4.73988e-10 27
0.918507 0.0143137 7
0.875941 5.44717e-07 19
0.886913 3.84513e-05 14
0.86459 2.8048e-09 25
0.8629 1.15237e-09 26
0.855174 1.29872e-11 0
0.969937 0.61216 2
0.971078 0.619617 2
0.911447 0.0505946 5
0.898456 0.0208264 6
0.924456 0.117779 4
0.936576 0.256481 3
0.894555 0.00929283 7
0.974858 1 1
0.909738 0.0496266 5
0.993127 1 1
0.949966 0.525015 2
0.907327 0.0483566 5
0.894652 0.00930511 7
0.875604 0.00030146 11
0.933018 0.248863 3
0.902867 0.0219711 6
0.914443 0.10698 4
0.921215 0.113846 4
0.931176 0.245299 3
0.89152 0.00892897 7
0.922052 0.114815 4
0.922609 0.115478 4
0.971372 1 1
0.902318 0.0218189 6
0.951896 0.530747 2
0.917254 0.109632 4
0.923419 0.116467 4
0.901938 0.0217153 6
0.894081 0.00923352 7
0.894463 0.00928123 7
0.951966 0.530963 2
0.964421 0.580698 2
0.907186 0.00135748 10
0.872088 4.35617e-08 22
0.984625 0.741879 2
0.945054 0.159371 4
0.874952 1.08821e-07 21
0.910837 0.0030255 9
0.931031 0.0367717 6
0.918785 0.0144084 7
0.966134 0.387907 3
0.897309 0.000238402 12
0.901877 0.000567737 11
0.87374 1.03201e-07 21
0.991435 1 1
0.845338 7.87231e-12 0
0.856348 1.38425e-11 0
0.931838 0.128812 4
0.96811 0.600932 2
0.871115 4.9811e-06 16
0.909249 0.0117638 7
0.955955 0.544298 2
0.927654 0.122167 4
0.901854 0.0049668 8
0.90713 0.0113124 7
0.892375 0.000921776 10
0.940476 0.266116 3
0.916352 0.0269075 6
0.922741 0.058844 5
0.868944 2.09272e-06 17
0.955792 0.543712 2
0.959827 0.559416 2
0.97329 0.635125 2
0.95847 0.336939 3
0.919178 0.0145444 7
0.960156 0.346752 3
0.958153 0.335171 3
0.947644 0.167718 4
0.949952 0.296846 3
0.930853 0.0676369 5
0.938901 0.142987 4
0.972853 0.631946 2
0.952898 0.309113 3
0.938928 0.143051 4
0.915009 0.0132227 7
0.916077 0.0135373 7
0.926068 0.0326685 6
0.920077 0.028827 6
0.941853 0.150301 4
0.877204 2.73819e-06 17
0.911194 0.00609003 8
0.93126 0.0681657 5
0.950389 0.298571 3
0.895862 0.000476212 11
0.930673 0.0674065 5
0.901636 0.00238628 9
0.925138 0.0320008 6
0.901653 0.00238722 9
0.899817 0.00110255 10
0.878404 6.23744e-06 16
0.969883 0.611816 2
0.98185 0.710816 2
0.926324 0.0623526 5
0.945901 0.282249 3
0.883094 3.41709e-05 14
0.917657 0.0275449 6
0.935767 0.136177 4
0.954505 0.316474 3
0.90227 0.00242193 9
0.934056 0.132822 4
0.907482 0.00558651 8
0.931068 0.0679149 5
0.90762 0.00560372 8
0.904689 0.00525986 8
0.883973 7.58171e-05 13
0.963179 0.574546 2
0.974868 0.647107 2
58 0 1 2 3 4 5 6 7 8 9 10 11 12 13 14 15 16 18 19 21 22 23 24 25 26 27 28 29 30 31 32 33 34 35 36 37 38 39 40 41 42 43 44 45 46 47 48 49 50 51 52 53 54 55 56 57 58 59 
46 0 1 2 4 5 6 7 8 9 10 11 12 13 14 15 16 21 22 23 24 25 26 29 31 33 34 35 36 37 38 39 42 43 44 45 48 49 50 51 52 53 54 56 57 58 59 
49 0 1 2 4 5 6 7 8 9 10 11 12 13 14 15 16 18 21 22 23 24 25 26 29 31 32 33 34 35 36 38 39 40 42 43 44 45 47 48 49 50 51 53 54 55 56 57 58 59 
52 0 1 2 4 5 6 7 8 9 10 11 12 13 14 15 16 21 22 23 24 25 26 27 29 31 32 33 34 35 36 37 38 39 40 41 42 43 44 45 46 47 48 49 50 51 52 53 54 56 57 58 59 
59 0 1 2 3 4 5 6 7 8 9 10 11 12 13 14 15 16 18 19 20 21 22 23 24 25 26 27 28 29 30 31 32 33 34 35 36 37 38 39 40 41 42 43 44 45 46 47 48 49 50 51 52 53 54 55 56 57 58 59 
25 0 2 4 10 14 15 26 29 31 33 34 35 36 37 38 39 43 44 48 51 52 53 54 58 59 
58 0 1 2 3 4 5 6 7 8 9 10 11 12 13 14 15 16 18 19 21 22 23 24 25 26 27 28 29 30 31 32 33 34 35 36 37 38 39 40 41 42 43 44 45 46 47 48 49 50 51 52 53 54 55 56 57 58 59 
17 0 2 4 10 15 26 29 33 35 36 37 38 39 44 48 51 52 
43 0 1 2 4 5 6 7 9 10 11 13 14 15 16 22 23 24 25 26 29 31 33 34 35 36 37 38 39 40 42 43 44 45 48 49 50 51 52 53 54 56 58 59 
58 0 1 2 3 4 5 6 7 8 9 10 11 12 13 14 15 16 18 19 21 22 23 24 25 26 27 28 29 30 31 32 33 34 35 36 37 38 39 40 41 42 43 44 45 46 47 48 49 50 51 52 53 54 55 56 57 58 59 
59 0 1 2 3 4 5 6 7 8 9 10 11 12 13 14 15 16 18 19 20 21 22 23 24 25 26 27 28 29 30 31 32 33 34 35 36 37 38 39 40 41 42 43 44 45 46 47 48 49 50 51 52 53 54 55 56 57 58 59 
58 1 2 3 4 5 6 7 8 9 10 11 12 13 14 15 16 17 18 19 20 21 22 23 24 25 27 28 29 30 31 32 33 34 35 36 37 38 39 40 41 42 43 44 45 46 47 48 49 50 51 52 53 54 55 56 57 58 59 
41 0 1 2 4 5 6 7 9 10 11 13 14 15 16 22 23 24 25 26 29 31 33 34 35 36 38 39 40 42 43 44 45 48 49 50 51 53 54 56 58 59 
50 0 1 2 4 5 6 7 9 10 11 12 13 15 16 18 19 22 23 24 25 26 27 28 29 30 31 32 33 34 35 36 37 38 39 41 42 43 44 45 47 48 49 50 51 52 53 54 57 58 59 
8 4 10 26 36 37 44 48 52 
