60 15 1e+07
1.88251 152898
1.63278 141378
2.59837 154380
1.14465 115735
1.4758 101728
1.30762 157508
1.19573 163798
2.10438 147701
1.05429 164533
2.86744 109885
2.32519 129694
1.99176 105734
1.33951 128377
1.41498 100149
1.69015 153213
2.33935 156009
1.25285 117481
2.255 174022
1.15598 150785
2.4679 101575
2.29616 101234
2.65097 196518
2.33473 156620
1.03593 153513
1.85479 190193
2.58289 148871
1.86955 163063
1.05447 147816
1.54401 117260
1.71101 138507
2.42594 160453
2.91755 151040
1.22303 171351
2.91933 143707
1.54785 170513
1.84518 116692
2.84472 169429
1.43427 150148
2.12385 140862
1.12535 165093
2.42047 129293
2.92624 168658
1.68513 126195
2.35909 156702
1.75334 102248
1.17111 121772
1.92061 102942
1.30777 180077
2.68519 172363
1.67385 106190
2.33088 128615
2.05998 168183
1.43181 121269
1.61972 176137
2.3168 172875
1.03402 118609
1.39956 135726
1.03759 131325
1.26189 109155
2.35599 116175
0.959149 0.556598 2
0.928311 0.123138 4
0.978978 1 1
0.911961 0.0508975 5
0.948577 0.521141 2
0.921826 0.114551 4
0.906435 0.0230375 6
0.976675 1 1
0.90526 0.0226706 6
0.905893 0.0228662 6
0.981291 1 1
0.951612 0.529877 2
0.969853 0.611622 2
0.898856 0.00987876 7
0.949651 0.524118 2
0.954463 0.539065 2
0.981129 1 1
0.920653 0.228842 3
0.9163 0.108703 4
0.91132 0.104312 4
0.970962 1 1
0.984313 1 1
0.932097 0.247051 3
0.932451 0.24774 3
0.914873 0.107369 4
0.922894 0.231873 3
0.892421 0.0195058 6
0.943927 0.509549 2
0.966414 1 1
0.926736 0.237623 3
0.926904 0.237892 3
0.952471 0.532539 2
0.895827 0.0202202 6
0.895167 0.00937089 7
0.891708 0.00895044 7
0.947117 0.517285 2
0.979976 1 1
0.906407 0.0478988 5
0.928456 0.240454 3
0.907934 0.0486663 5
0.897613 0.0206264 6
0.87094 0.000123553 12
0.916069 0.108483 4
0.973358 1 1
0.906985 0.0481847 5
0.9047 0.0225015 6
0.908804 0.023828 6
0.889427 0.00185978 9
0.972332 0.628233 2
0.862126 1.71797e-06 17
0.9188 0.0555409 5
0.878661 0.000319618 11
0.895895 0.00445282 8
0.843519 2.1558e-10 27
0.834993 4.89552e-12 0
0.892702 0.00422302 8
0.861452 1.68651e-06 17
0.911444 0.0505929 5
0.862906 1.75556e-06 17
0.869124 2.36248e-05 14
0.938133 0.141233 4
0.966117 0.589619 2
0.9053 0.00260767 9
0.953593 0.312236 3
0.886182 3.75677e-05 14
0.981061 0.70264 2
0.942047 0.150815 4
0.916603 0.0136981 7
0.892356 0.000205147 12
0.877406 2.75764e-06 17
0.908506 0.00571682 8
0.873607 4.97644e-07 19
0.934806 0.0732033 5
0.924315 0.0314335 6
0.899292 0.00108768 10
0.928783 0.241012 3
0.922593 0.231453 3
0.919247 0.111678 4
0.861496 4.54744e-05 13
0.934497 0.251907 3
0.908867 0.102396 4
0.94235 0.506046 2
0.923859 0.233248 3
0.995958 1 1
0.974229 1 1
0.918626 0.111025 4
0.909806 0.103112 4
0.918434 0.110826 4
0.955991 0.544427 2
0.945885 0.514189 2
0.930305 0.243697 3
0.898418 0.0208174 6
0.964486 0.581026 2
0.868492 0.000265852 11
0.97326 1 1
0.888068 0.00855636 7
0.8884 0.00859051 7
0.952863 0.533782 2
0.913195 0.105881 4
0.924299 0.233889 3
0.960887 0.56398 2
0.999717 1 1
0.93394 0.25074 3
0.887932 0.00854253 7
0.958649 0.554566 2
0.917975 0.0549135 5
0.889013 0.00184608 9
0.945446 0.280757 3
0.887061 0.00082416 10
0.926098 0.119963 4
0.884158 0.00035797 11
0.867601 4.51043e-06 16
0.937104 0.257702 3
0.87287 2.58667e-05 14
0.87831 0.00014398 12
0.945108 0.279666 3
0.94476 0.278558 3
0.928406 0.12328 4
0.861078 3.23064e-07 19
0.91921 0.055861 5
0.957608 0.550466 2
0.943764 0.509179 2
0.946194 0.514952 2
0.94873 0.521559 2
0.917292 0.10967 4
0.944338 0.510496 2
0.913346 0.106011 4
0.953094 0.534526 2
0.891254 0.00889881 7
0.885444 0.0037891 8
0.949728 0.524336 2
0.915131 0.107606 4
0.967727 0.598685 2
0.90036 0.0212994 6
0.924111 0.117337 4
0.965542 0.586524 2
0.932771 0.24837 3
0.988776 1 1
0.895394 0.0201253 6
0.975488 1 1
0.921672 0.114372 4
0.920724 0.11329 4
0.986204 1 1
0.932764 0.248358 3
0.935084 0.253161 3
0.987188 1 1
0.963394 0.57559 2
0.966825 0.593532 2
0.917656 0.110034 4
0.980316 1 1
0.952474 0.307254 3
0.922358 0.0584988 5
0.974179 0.641775 2
0.880618 3.17933e-05 14
0.991437 1 1
0.910155 0.0119695 7
0.916188 0.0268297 6
0.969491 0.609337 2
0.940516 0.146871 4
0.947378 0.287293 3
0.971384 0.621679 2
0.968969 0.606105 2
0.951264 0.302122 3
0.916564 0.0270089 6
0.989614 1 1
0.945706 0.281605 3
0.977611 0.669918 2
0.911294 0.0122399 7
0.942434 0.271538 3
0.894479 0.000966904 10
0.990469 1 1
0.955269 0.320156 3
0.922956 0.0590393 5
0.904486 0.00523767 8
0.888798 0.000185812 12
0.914311 0.0259784 6
0.880018 3.12577e-05 14
0.940144 0.145954 4
0.937291 0.139376 4
0.908381 0.0115739 7
0.914319 0.0523642 5
0.946167 0.283135 3
0.88105 0.00033529 11
0.905906 0.0228702 6
0.87185 5.62804e-05 13
0.949191 0.522829 2
0.956483 0.546225 2
0.892211 0.00419006 8
0.901468 0.0102824 7
0.881963 0.000747945 10
0.883397 0.000767928 10
0.853515 4.84905e-08 21
0.905618 0.0227808 6
0.944654 0.278222 3
0.886716 0.00177385 9
0.922409 0.0585444 5
0.952951 0.30935 3
0.889439 0.000865216 10
0.904415 0.0107893 7
0.881666 0.000155392 12
0.952734 0.30839 3
0.968298 0.602052 2
0.900527 0.00484124 8
0.912912 0.0253859 6
0.893138 0.00199275 9
0.891629 0.000906734 10
0.862503 1.49353e-07 20
0.912858 0.025364 6
0.956583 0.546594 2
0.896764 0.00214337 9
0.942995 0.507455 2
0.926615 0.237431 3
0.941265 0.503747 2
0.870054 0.000272991 11
0.958649 0.554564 2
0.912466 0.105259 4
0.93593 0.255021 3
0.944058 0.509851 2
0.978585 1 1
0.978704 1 1
0.940129 0.501434 2
0.933286 0.249401 3
0.934515 0.251943 3
0.943538 0.508667 2
0.969832 1 1
0.95674 0.547177 2
0.990849 1 1
0.921482 0.229938 3
0.929778 0.242749 3
0.907722 0.0485575 5
0.98529 1 1
0.97021 1 1
0.933316 0.249462 3
0.920967 0.113564 4
0.904895 0.0471773 5
0.924184 0.233721 3
0.891132 0.00888501 7
0.948327 0.520467 2
0.952363 0.5322 2
0.922445 0.231248 3
0.918505 0.0553139 5
0.887606 0.000386723 11
0.950829 0.300343 3
0.8771 2.88513e-05 14
0.937794 0.259334 3
0.880937 0.000152777 12
0.869427 4.74602e-06 16
0.940219 0.265435 3
0.881349 0.000154246 12
0.889036 0.000857983 10
0.94934 0.294481 3
0.959653 0.558686 2
0.927383 0.121773 4
0.864808 8.21108e-07 18
0.928232 0.123019 4
0.968423 0.602798 2
0.935083 0.134806 4
0.991245 1 1
0.90719 0.00555037 8
0.960553 0.349167 3
0.926242 0.0622659 5
0.916792 0.0137567 7
0.99112 1 1
0.919389 0.0284488 6
0.919855 0.028704 6
0.994997 1 1
0.956759 0.327681 3
0.975636 0.653227 2
0.910699 0.00601779 8
0.964045 0.5788 2
0.938556 0.079503 5
0.952746 0.308445 3
0.911653 0.00615871 8
0.978186 0.675045 2
0.887549 1.84005e-05 15
0.964535 0.375828 3
0.922147 0.0156578 7
0.921627 0.0154511 7
0.880708 1.43364e-06 18
0.868965 1.70962e-08 23
0.915145 0.00673295 8
0.879674 1.37614e-06 18
0.940518 0.146877 4
0.905284 0.00128238 10
0.898344 0.000246496 12
0.955543 0.542821 2
0.923751 0.233093 3
0.98233 1 1
0.885745 0.00832695 7
0.985681 1 1
0.912283 0.105106 4
0.9144 0.106941 4
0.975628 1 1
0.933735 0.489966 2
0.939391 0.499979 2
0.97922 1 1
0.971781 1 1
0.956298 0.545544 2
0.913169 0.105858 4
0.9835 1 1
0.962762 0.572547 2
0.951103 0.528338 2
0.946291 0.283553 3
0.950244 0.525815 2
0.918395 0.0552303 5
0.951573 0.529757 2
0.920253 0.112767 4
0.954628 0.53963 2
0.896013 0.00446181 8
0.889144 0.0018504 9
0.949919 0.524881 2
0.914067 0.052201 5
0.971514 0.622559 2
0.906881 0.0231807 6
0.926504 0.120525 4
0.956418 0.325918 3
0.926824 0.0332325 6
0.973827 0.639112 2
0.914476 0.0130716 7
0.943698 0.155371 4
0.921194 0.0294665 6
0.90377 0.00251058 9
0.972059 0.626318 2
0.900807 0.00113168 10
0.901167 0.00114259 10
0.976136 0.657319 2
0.947849 0.168422 4
0.967796 0.599088 2
0.895612 0.000472969 11
0.944667 0.158206 4
0.986282 1 1
0.968884 0.605587 2
0.955466 0.542547 2
0.934287 0.251463 3
0.932911 0.24865 3
0.962062 0.569272 2
0.941516 0.268945 3
0.967256 0.595971 2
0.918988 0.111403 4
0.910456 0.0500262 5
0.958858 0.555411 2
0.921906 0.114645 4
0.986536 1 1
0.929411 0.124822 4
0.944478 0.277669 3
0.951193 0.528608 2
0.965798 0.587893 2
0.92189 0.114626 4
0.900283 0.0212797 6
0.918696 0.111098 4
0.953389 0.535482 2
0.989744 1 1
0.932228 0.247305 3
0.949319 0.523186 2
0.930239 0.243577 3
0.923435 0.232638 3
0.897271 0.0205468 6
0.939247 0.26292 3
0.982366 1 1
0.934448 0.251802 3
0.926849 0.12101 4
0.951315 0.528975 2
0.896216 0.00950852 7
0.964089 0.579022 2
0.875255 0.000134831 12
0.966059 0.589303 2
0.926929 0.121124 4
0.906952 0.0232039 6
0.878185 0.000316655 11
0.863892 4.08409e-06 16
0.899535 0.00997987 7
0.864586 4.15899e-06 16
0.925525 0.119185 4
0.909487 0.02407 6
0.887513 0.00179822 9
0.953747 0.312942 3
0.969872 0.611743 2
0.923296 0.0307608 6
0.904089 0.00519482 8
0.918631 0.0280448 6
0.957375 0.330938 3
0.989854 1 1
0.933939 0.132601 4
0.946271 0.283484 3
0.927744 0.0638988 5
0.924998 0.0609919 5
0.897732 0.00104559 10
0.94192 0.150476 4
0.978498 0.677878 2
0.934397 0.13347 4
0.940574 0.50233 2
0.924911 0.234799 3
0.93858 0.498423 2
0.943175 0.507855 2
0.908983 0.102484 4
0.926256 0.236864 3
0.895103 0.0200621 6
0.942021 0.50534 2
0.876312 0.00150966 9
0.87253 0.000638457 10
0.941621 0.504492 2
0.912018 0.104884 4
0.951862 0.530641 2
0.882646 0.00364773 8
0.912885 0.105615 4
0.954042 0.537643 2
0.941696 0.269446 3
0.942714 0.272349 3
0.95141 0.529263 2
0.913794 0.0520262 5
0.943151 0.273633 3
0.910941 0.0246066 6
0.949386 0.294656 3
0.887891 0.000838047 10
0.88197 0.000341714 11
0.946211 0.283282 3
0.91208 0.0250493 6
0.963946 0.578307 2
0.897679 0.00459395 8
0.920472 0.0568779 5
0.964255 0.579854 2
0.982321 1 1
0.930814 0.12708 4
0.947863 0.289016 3
0.910603 0.0244792 6
0.986012 1 1
0.948999 0.29319 3
0.942453 0.271593 3
0.909293 0.0117735 7
0.896634 0.00213755 9
0.934087 0.13288 4
0.898243 0.00221169 9
0.961059 0.564741 2
0.932642 0.130223 4
0.923467 0.0595124 5
0.921122 0.0152552 7
0.89497 0.000106018 13
0.941858 0.150312 4
0.901075 0.000553859 11
0.917528 0.00718562 8
0.891997 4.56265e-05 14
0.870606 1.84264e-08 23
0.936484 0.0758881 5
0.868813 7.64077e-09 24
0.871694 1.93855e-08 23
0.942668 0.15249 4
0.932206 0.0378959 6
0.93263 0.070016 5
0.862194 9.75935e-11 29
0.913636 0.00647291 8
0.932379 0.129756 4
0.905671 0.0110241 7
0.951927 0.3049 3
0.907839 0.011459 7
0.925632 0.0616324 5
0.902237 0.00500435 8
0.881243 7.04938e-05 13
0.947419 0.287438 3
0.878468 2.99399e-05 14
0.880486 6.91308e-05 13
0.953107 0.310043 3
0.937676 0.140218 4
0.944025 0.276266 3
0.87269 5.21726e-06 16
0.923082 0.0591554 5
0.942679 0.272246 3
0.9112 0.0247055 6
0.97328 0.635051 2
0.875417 2.75984e-05 14
0.988406 1 1
0.89993 0.00478708 8
0.902865 0.0105153 7
0.9637 0.577086 2
0.927617 0.122112 4
0.937053 0.257583 3
0.969607 0.610065 2
0.983795 1 1
0.94426 0.276992 3
0.90278 0.0105008 7
0.974713 0.645889 2
0.916309 0.108712 4
0.949275 0.523062 2
0.882507 0.00165595 9
0.921196 0.113824 4
0.869573 5.35578e-05 13
0.957205 0.548925 2
0.947608 0.518558 2
0.893865 0.00920687 7
0.891748 0.00415954 8
0.873432 0.000129852 12
0.885206 0.00172954 9
0.853231 2.55451e-07 19
0.909351 0.0494156 5
0.93262 0.248073 3
0.883992 0.0016956 9
0.915558 0.00680765 8
0.910266 0.00297695 9
0.907519 0.0013714 10
0.957604 0.332171 3
0.87896 6.15575e-07 19
0.916676 0.0070176 8
0.879329 6.25103e-07 19
0.912029 0.00313159 9
0.852055 1.10119e-11 0
0.846189 8.20357e-12 0
0.910599 0.00300513 9
0.881503 1.48021e-06 18
0.924809 0.0317716 6
0.864928 5.68311e-10 27
0.883856 3.5017e-06 17
0.928115 0.122845 4
0.959706 0.558905 2
0.89453 0.00435121 8
0.911267 0.05049 5
0.885324 0.00079652 10
0.960213 0.561053 2
0.970052 0.612893 2
0.90581 0.0228403 6
0.913154 0.0516237 5
0.893901 0.00430608 8
0.896855 0.00452757 8
0.866742 4.40577e-06 16
0.918904 0.0556216 5
0.955661 0.543241 2
0.900398 0.0101122 7
0.912784 0.0253334 6
0.908982 0.0117046 7
0.903684 0.00515184 8
0.959675 0.558778 2
0.875289 5.64669e-06 16
0.916026 0.0267538 6
0.878073 1.35069e-05 15
0.90846 0.011591 7
0.849538 5.16764e-11 29
0.843287 7.13908e-12 0
0.90679 0.0112437 7
0.877463 1.32644e-05 15
0.921683 0.057904 5
0.86343 6.8339e-08 21
0.88046 3.16506e-05 14
0.932062 0.246984 3
0.959182 0.556733 2
0.899991 0.0212053 6
0.901845 0.0458249 5
0.894192 0.0198681 6
0.954234 0.538288 2
0.983023 1 1
0.910866 0.103946 4
0.927206 0.238381 3
0.907186 0.0482857 5
0.901945 0.0458672 5
0.874011 0.000653512 10
0.921482 0.229938 3
0.971165 1 1
0.909539 0.102907 4
0.943445 0.27451 3
0.92138 0.114034 4
0.950152 0.525549 2
0.928691 0.240854 3
0.920517 0.113059 4
0.919957 0.112442 4
0.893818 0.00920109 7
0.951001 0.528037 2
0.881987 0.000748271 10
0.880403 0.000727356 10
0.952768 0.53348 2
0.925994 0.11982 4
0.955615 0.543077 2
0.883074 0.000763344 10
0.922398 0.115226 4
0.941251 0.26821 3
0.910441 0.0120361 7
0.969787 0.611204 2
0.872734 5.22402e-06 16
0.992152 1 1
0.898806 0.00223887 9
0.903616 0.00514467 8
0.961158 0.565179 2
0.930854 0.127147 4
0.94111 0.267825 3
0.966221 0.590186 2
0.981217 0.704232 2
0.941933 0.27011 3
0.904319 0.00521954 8
0.976462 0.66004 2
0.963027 0.573816 2
0.996588 1 1
0.927538 0.121997 4
0.934605 0.252135 3
0.911839 0.0508251 5
0.98807 1 1
0.964172 0.579438 2
0.939478 0.263508 3
0.919751 0.112218 4
0.904992 0.0225894 6
0.930409 0.126415 4
0.896332 0.0044865 8
0.95551 0.542706 2
0.947186 0.286618 3
0.926143 0.120026 4
0.948532 0.521019 2
0.942513 0.506399 2
0.933167 0.249162 3
0.961931 0.568669 2
0.905 0.0472263 5
0.946616 0.516009 2
0.910758 0.10386 4
0.940588 0.502358 2
0.882984 0.0036642 8
0.875734 0.00149738 9
0.936687 0.256735 3
0.902336 0.0460337 5
0.956766 0.547273 2
0.896398 0.0203477 6
0.91253 0.105313 4
0.926222 0.0622445 5
0.954453 0.316228 3
0.894039 0.000957121 10
0.900301 0.00231442 9
0.888047 0.000182132 12
0.951216 0.301924 3
0.976301 0.658694 2
0.904918 0.0052851 8
0.921807 0.0580118 5
0.901674 0.00238837 9
0.896032 0.00100302 10
0.868038 4.06529e-07 19
0.915927 0.0267072 6
0.966106 0.589558 2
0.903288 0.0051106 8
0.950541 0.299181 3
0.963641 0.576798 2
0.921982 0.0299373 6
0.966701 0.592838 2
0.898469 0.00106508 10
0.973393 0.635883 2
0.931605 0.0686208 5
0.932494 0.0698275 5
0.891851 0.000428528 11
0.880212 1.44169e-05 15
0.925473 0.0614699 5
0.889474 0.000189241 12
0.951714 0.304 3
0.915008 0.0132225 7
0.909741 0.00588259 8
0.927461 0.0337241 6
0.947608 0.167595 4
0.898923 0.000519332 11
0.88666 1.78325e-05 15
0.898206 0.000508636 11
0.939361 0.144067 4
0.980527 0.697256 2
0.908821 0.00286005 9
0.94017 0.146016 4
0.919061 0.0145034 7
0.900321 0.000541329 11
0.876247 5.51357e-07 19
0.915957 0.00688126 8
0.985176 0.748501 2
0.913372 0.0064292 8
0.950109 0.525426 2
0.97343 1 1
0.91773 0.110108 4
0.90897 0.0492101 5
0.910923 0.0502913 5
0.963258 0.574926 2
0.99231 1 1
0.928796 0.241035 3
0.937336 0.258245 3
0.918722 0.111125 4
0.919712 0.112176 4
0.890928 0.00410663 8
0.938974 0.26223 3
0.974104 1 1
0.926515 0.120541 4
0.912985 0.1057 4
0.945563 0.513403 2
0.879428 0.0034993 8
0.911281 0.10428 4
0.868619 0.000266423 11
0.950884 0.52769 2
0.950846 0.527574 2
0.890683 0.00883481 7
0.895325 0.0201102 6
0.876265 0.00150865 9
0.881931 0.00361356 8
0.851141 1.2938e-06 17
0.905047 0.047248 5
0.937725 0.496829 2
0.883299 0.00367963 8
0.975859 0.655039 2
0.951619 0.303603 3
0.963749 0.370196 3
0.933031 0.0705805 5
0.935734 0.0746618 5
0.946819 0.164955 4
0.924843 0.0317952 6
0.97265 0.63049 2
0.909284 0.00289659 9
0.904186 0.00124226 10
0.967464 0.597161 2
0.930287 0.0669171 5
0.987782 0.781989 2
0.913903 0.00651744 8
0.943642 0.155211 4
0.915674 0.0134167 7
0.88445 1.65316e-05 15
0.949116 0.172912 4
0.87168 9.45335e-08 21
0.939537 0.144485 4
0.877259 1.25423e-06 18
0.867536 1.60404e-08 23
0.93792 0.0783567 5
0.882152 7.08341e-06 16
0.890902 9.28566e-05 13
0.947213 0.166262 4
0.962967 0.364779 3
0.923909 0.031162 6
0.863678 1.19652e-09 26
0.928733 0.0347507 6
0.928518 0.0647818 5
0.955378 0.320691 3
0.896778 0.00102128 10
0.898867 0.00107592 10
0.891572 0.000425527 11
0.950727 0.299928 3
0.980268 0.694693 2
0.907546 0.00559439 8
0.926248 0.0622728 5
0.90599 0.00540696 8
0.898678 0.00107076 10
0.871203 4.55041e-07 19
0.917907 0.0276714 6
0.970765 0.617535 2
0.906871 0.0055115 8
0.972348 0.628345 2
0.94781 0.288824 3
0.964516 0.581178 2
0.896132 0.00100542 10
0.963506 0.576133 2
0.934232 0.133155 4
0.943267 0.273978 3
0.971594 0.623106 2
0.953291 0.310868 3
0.948754 0.292271 3
0.96482 0.582742 2
0.942053 0.150831 4
0.96429 0.58003 2
0.941824 0.150222 4
0.979737 0.68951 2
0.969092 0.606862 2
0.989831 1 1
0.933993 0.250849 3
0.923335 0.116364 4
0.921559 0.114241 4
0.974742 0.646121 2
0.971514 0.622559 2
0.945829 0.28201 3
0.932259 0.129546 4
0.917348 0.05445 5
0.936482 0.256267 3
0.904096 0.0223229 6
0.958772 0.555062 2
0.956626 0.546755 2
0.936602 0.256541 3
0.95811 0.334933 3
0.931615 0.0686345 5
0.966077 0.589403 2
0.924221 0.0313703 6
0.935637 0.0745063 5
0.927524 0.0337736 6
0.906092 0.00266072 9
0.967854 0.599427 2
0.897473 0.000498092 11
0.895981 0.00047777 11
0.969048 0.606589 2
0.937939 0.1408 4
0.970419 0.615266 2
0.896443 0.000483912 11
0.938556 0.142193 4
0.925004 0.0319072 6
0.898075 0.000506732 11
0.946681 0.1645 4
0.901351 0.00114826 10
0.922286 0.0301235 6
0.894597 0.000219166 12
0.874167 5.08391e-07 19
0.941029 0.148163 4
0.873226 4.90525e-07 19
0.876225 1.20679e-06 18
0.947426 0.166979 4
0.936714 0.138141 4
0.936416 0.137514 4
0.866019 1.50137e-08 23
0.918367 0.0142664 7
0.931668 0.246227 3
0.917315 0.109693 4
0.93077 0.244545 3
0.860015 4.42089e-05 13
0.951144 0.528462 2
0.903285 0.0464468 5
0.93015 0.243415 3
0.932836 0.248501 3
0.983518 1 1
0.989938 1 1
0.929413 0.242105 3
0.926497 0.237243 3
0.923136 0.232214 3
0.940414 0.502006 2
0.95968 0.558796 2
0.950748 0.527285 2
0.918011 0.0549405 5
0.985082 1 1
0.89546 0.00441982 8
0.961837 0.56824 2
0.909627 0.0241204 6
0.900781 0.0101723 7
0.974015 0.640529 2
0.909825 0.0241922 6
0.914166 0.052265 5
0.983612 1 1
0.969296 0.608123 2
0.958318 0.553244 2
0.89595 0.00445701 8
0.957811 0.551254 2
0.939115 0.143488 4
0.912085 0.0124359 7
0.957645 0.332391 3
0.866669 3.87841e-07 19
0.987492 1 1
0.899177 0.00225717 9
0.911319 0.0122461 7
0.953251 0.310689 3
0.94704 0.286112 3
0.95926 0.557054 2
0.954791 0.317841 3
0.963646 0.576824 2
0.936181 0.137026 4
0.914962 0.0262662 6
0.981233 0.704402 2
0.911627 0.0506999 5
0.915435 0.0531044 5
0.895755 0.00444215 8
0.977598 1 1
0.868397 2.32265e-05 14
0.925171 0.118713 4
0.884917 0.000790302 10
0.902485 0.0218649 6
0.849975 8.06624e-09 23
0.841389 8.43842e-11 28
0.899078 0.00991144 7
0.867226 1.00396e-05 15
0.918328 0.0551793 5
0.869154 2.3641e-05 14
0.875636 0.000135915 12
0.927809 0.0639714 5
0.957141 0.329693 3
0.8951 0.000466447 11
0.904048 0.00252769 9
0.888077 8.52067e-05 13
0.954745 0.31762 3
0.975706 0.653793 2
0.906131 0.00542336 8
0.91981 0.0286792 6
0.899962 0.00110674 10
0.897199 0.00103187 10
0.868485 1.84995e-07 20
0.917786 0.0276099 6
0.963563 0.576415 2
0.903303 0.00248234 9
0.941694 0.504645 2
0.911376 0.104357 4
0.968313 1 1
0.901234 0.0455693 5
0.94323 0.507976 2
0.90547 0.0999692 4
0.89008 0.0190551 6
0.961104 1 1
0.893135 0.0196495 6
0.89649 0.0437363 5
0.968674 1 1
0.954973 0.54082 2
0.952094 0.531359 2
0.883272 0.00809908 7
0.939589 0.500365 2
0.967038 0.594734 2
0.93552 0.254112 3
0.981751 1 1
0.914551 0.0525154 5
0.950866 0.527636 2
0.928388 0.240339 3
0.91392 0.0521069 5
0.983498 1 1
0.911369 0.0505489 5
0.910809 0.0502262 5
0.985079 1 1
0.949798 0.524536 2
0.977478 1 1
0.906213 0.0478045 5
0.954289 0.538474 2
35 0 3 4 7 8 11 15 16 17 18 20 21 22 24 26 27 28 29 30 32 33 35 37 39 40 42 45 46 47 51 52 54 56 58 59 
38 0 3 4 6 7 8 9 10 11 16 17 18 19 20 21 22 24 26 27 28 29 30 31 33 35 37 38 39 40 42 46 47 51 52 54 56 58 59 
27 0 3 6 7 8 16 17 18 20 21 26 27 29 30 33 35 37 40 42 46 47 51 52 54 56 58 59 
11 3 7 16 26 29 30 33 35 37 52 56 
36 0 3 4 6 7 8 9 10 16 17 18 19 20 21 22 24 26 27 28 29 30 31 33 35 37 38 40 42 46 47 51 52 54 56 58 59 
31 0 3 4 6 7 8 16 17 18 20 21 22 24 26 27 28 29 30 33 35 37 40 42 46 47 51 52 54 56 58 59 
46 0 1 2 3 4 7 8 11 12 13 15 16 17 18 20 21 22 24 26 27 28 29 30 32 33 34 35 36 37 39 40 41 42 44 45 46 47 48 50 51 52 54 56 57 58 59 
41 0 1 3 4 7 8 11 12 13 15 16 17 18 20 21 22 24 26 27 28 29 30 32 33 34 35 37 39 40 42 45 46 47 50 51 52 54 56 57 58 59 
57 0 1 2 3 4 6 7 8 9 10 11 12 13 14 15 16 17 18 19 20 21 22 23 24 25 26 27 28 29 30 31 32 34 35 36 37 38 39 40 41 42 43 44 45 46 47 48 49 50 51 52 54 55 56 57 58 59 
57 0 1 2 4 5 6 7 8 9 10 11 12 13 14 15 16 17 18 19 20 21 22 23 24 25 26 27 28 29 30 31 32 34 36 37 38 39 40 41 42 43 44 45 46 47 48 49 50 51 52 53 54 55 56 57 58 59 
44 0 1 3 4 7 8 11 12 13 15 16 17 18 20 21 22 24 26 27 28 29 30 32 33 34 35 36 37 39 40 41 42 44 45 46 48 50 51 52 54 56 57 58 59 
54 0 1 2 3 4 7 8 9 10 11 12 13 15 16 17 18 19 20 21 22 23 24 25 26 27 28 29 30 31 32 33 34 35 36 37 39 40 41 42 43 44 45 46 47 48 49 50 51 52 54 56 57 58 59 
29 0 3 4 7 8 16 18 20 21 22 24 26 27 28 29 30 33 35 37 40 42 46 47 51 52 54 56 58 59 
58 0 1 2 3 4 6 7 8 9 10 11 12 13 14 15 16 17 18 19 20 21 22 23 24 25 26 27 28 29 30 31 32 33 34 35 36 37 38 39 40 41 42 44 45 46 47 48 49 50 51 52 53 54 55 56 57 58 59 
49 0 1 3 4 6 7 8 9 10 11 12 13 15 16 17 18 19 20 21 22 24 26 27 28 29 30 31 32 33 34 35 37 38 39 40 42 44 45 46 47 49 50 51 52 54 56 57 58 59 
