30 15 1e+07
1.84973 191210
2.72518 136218
1.72466 148913
1.86281 159207
1.87119 138772
1.06894 149109
1.27251 128103
2.01917 180306
1.23621 112274
2.77078 173575
1.63118 110694
1.63477 106439
1.04174 155892
1.30155 156343
1.39173 195150
2.45966 140936
1.80871 132123
1.23012 113238
2.18187 150251
1.01314 184608
1.63086 185933
1.5016 190232
1.44322 127987
2.07711 106677
1.1315 151522
1.49635 108401
2.86047 193481
1.13314 176915
1.34532 168870
1.54755 161822
0.916702 0.0539842 5
0.910892 0.0502738 5
0.930277 0.126201 4
0.957225 0.549 2
0.972924 0.632462 2
0.959885 0.559661 2
0.952589 0.532911 2
0.969571 0.60984 2
0.984795 1 1
0.940217 0.265429 3
0.974892 1 1
0.959629 0.558585 2
0.964271 0.579937 2
0.945983 0.282523 3
0.954844 0.540373 2
0.967684 0.598438 2
0.872322 4.74195e-07 19
0.978871 0.68132 2
0.910501 0.00598929 8
0.950172 0.29771 3
0.92742 0.0635368 5
0.913523 0.0128098 7
0.92097 0.0293361 6
0.960304 0.347645 3
0.95543 0.320945 3
0.922857 0.0304803 6
0.923101 0.0306356 6
0.954911 0.318414 3
0.89605 0.000478676 11
0.919613 0.0285705 6
0.94674 0.164696 4
0.889397 4.17158e-05 14
0.958207 0.335469 3
0.911779 0.00310879 9
0.950195 0.176947 4
0.893923 0.000102357 13
0.884094 7.59232e-06 16
0.917219 0.0071239 8
0.933127 0.0707169 5
0.986279 0.762218 2
0.911406 0.00307538 9
0.891858 4.54032e-05 14
0.914001 0.00653399 8
0.891901 4.54724e-05 14
0.931499 0.0372114 6
0.891683 0.000201231 12
0.95249 0.307324 3
0.90631 0.00267573 9
0.983467 0.728474 2
0.963031 0.573831 2
0.922512 0.0302638 6
0.922564 0.0302963 6
0.978722 0.679933 2
0.943324 0.15431 4
0.934522 0.0727698 5
0.965333 0.585417 2
0.924963 0.0318787 6
0.920812 0.0292445 6
0.96164 0.355993 3
0.991576 1 1
0.890089 0.00405412 8
0.954226 0.538262 2
0.904692 0.0224992 6
0.983694 1 1
0.961271 0.56568 2
0.921406 0.114064 4
0.921743 0.114454 4
0.977859 1 1
0.941677 0.269391 3
0.933073 0.248973 3
0.964468 0.580937 2
0.923954 0.117137 4
0.919314 0.111749 4
0.962207 0.569946 2
0.990438 1 1
0.889533 0.00402015 8
0.909154 0.0493088 5
0.901737 0.0216609 6
0.954879 0.540494 2
0.943369 0.274282 3
0.972779 1 1
0.977966 1 1
0.96375 0.577333 2
0.95657 0.546544 2
0.909878 0.0497034 5
0.977092 1 1
0.977814 1 1
0.952676 0.533186 2
0.958569 0.554245 2
0.938888 0.262014 3
0.884352 0.000781844 10
0.948833 0.521841 2
0.898616 0.00984363 7
0.997722 1 1
0.954758 0.540076 2
0.932901 0.248629 3
0.935825 0.254786 3
0.987952 1 1
0.943888 0.27585 3
0.921938 0.114681 4
0.977485 1 1
0.936457 0.256209 3
0.925037 0.118536 4
0.979112 1 1
0.973686 0.63806 2
0.94572 0.281652 3
0.877317 1.32073e-05 15
0.953054 0.309809 3
0.896714 0.0010197 10
0.934051 0.132811 4
0.879914 3.11658e-05 14
0.869744 9.61641e-07 18
0.901741 0.0023921 9
0.918391 0.0279199 6
0.969646 0.610315 2
0.895918 0.00100027 10
0.877603 1.33194e-05 15
0.901048 0.00235407 9
0.877004 1.30859e-05 15
0.916722 0.0270849 6
0.856378 6.422e-07 18
0.950713 0.527183 2
0.869141 5.30667e-05 13
0.920207 0.112716 4
0.90988 0.0497046 5
0.859671 1.60726e-06 17
0.859866 1.6157e-06 17
0.912126 0.0509963 5
0.884364 0.00170586 9
0.904938 0.022573 6
0.899654 0.0211205 6
0.861848 3.87493e-06 16
0.861396 3.83081e-06 16
0.906378 0.0230192 6
0.934125 0.251125 3
0.913398 0.0127765 7
0.927404 0.0635194 5
0.9282 0.0644155 5
0.968573 0.6037 2
0.986055 1 1
0.938796 0.142745 4
0.934199 0.133092 4
0.977485 0.668807 2
0.968066 0.600674 2
0.950348 0.298407 3
0.971368 0.62157 2
0.939513 0.144428 4
0.943556 0.274842 3
0.94975 0.296059 3
0.975991 0.656123 2
0.927714 0.239211 3
0.891997 0.00898372 7
0.939447 0.500088 2
0.93739 0.258373 3
0.960864 0.563878 2
0.965373 0.585627 2
0.952276 0.531928 2
0.949524 0.523761 2
0.989803 1 1
0.937408 0.258415 3
0.956564 0.546525 2
0.961908 0.568567 2
0.983507 1 1
0.928103 0.239859 3
0.936322 0.255903 3
0.874134 0.000654795 10
0.953501 0.535849 2
0.888205 0.0085704 7
0.987485 1 1
0.94365 0.508919 2
0.928035 0.239745 3
0.933294 0.249418 3
0.977379 1 1
0.934106 0.251085 3
0.911478 0.10444 4
0.970478 1 1
0.932296 0.247437 3
0.917006 0.109388 4
0.987675 1 1
0.964709 0.582168 2
0.886372 0.000375956 11
0.887095 0.000382202 11
0.896517 0.00213235 9
0.931442 0.128134 4
0.926733 0.120847 4
0.986636 1 1
0.995885 1 1
0.940539 0.266283 3
0.947664 0.288303 3
0.896725 0.00214162 9
0.953584 0.312194 3
0.991623 1 1
0.956901 0.54778 2
0.936692 0.138095 4
0.91696 0.0272002 6
0.901187 0.00236162 9
0.94042 0.146634 4
0.91532 0.0133128 7
0.949824 0.296348 3
0.958984 0.339855 3
0.899767 0.00110114 10
0.896327 0.000482349 11
0.94805 0.289691 3
0.931118 0.067979 5
0.951701 0.303945 3
0.936235 0.137137 4
0.900695 0.00112831 10
0.90659 0.00547762 8
0.928898 0.0652266 5
0.973232 0.634699 2
0.983669 0.730764 2
0.850446 1.0138e-11 0
0.977724 0.670912 2
0.886762 8.19955e-05 13
0.926077 0.0620928 5
0.908461 0.005711 8
0.893993 0.000452867 11
0.89692 0.00102484 10
0.935995 0.136643 4
0.93946 0.144301 4
0.899018 0.00224931 9
0.903531 0.00513585 8
0.93667 0.138046 4
0.872736 1.06474e-06 18
0.896516 0.0010148 10
0.915403 0.107858 4
0.8773 0.000689566 10
0.921846 0.114574 4
0.885195 0.00377599 8
0.914769 0.107275 4
0.856806 1.49085e-06 17
0.848458 4.13209e-08 21
0.88728 0.00388897 8
0.89421 0.00924959 7
0.945389 0.512983 2
0.879108 0.0007111 10
0.85533 1.43559e-06 17
0.874854 0.000297297 11
0.8652 2.15982e-05 14
0.907013 0.0481986 5
0.885926 1.73836e-05 15
0.908233 0.00281485 9
0.896269 0.00023071 12
0.901103 0.000554325 11
0.915383 0.00677581 8
0.855477 1.32018e-11 0
0.850731 1.02861e-11 0
0.898781 0.000517181 11
0.889358 4.16616e-05 14
0.930741 0.0674926 5
0.887729 1.85192e-05 15
0.855655 1.33294e-11 0
0.866636 6.90239e-09 24
0.881978 3.25704e-06 17
0.922788 0.0159201 7
0.904206 0.0107513 7
0.914338 0.0523766 5
0.915817 0.0533654 5
0.917142 0.0543006 5
0.936787 0.256965 3
0.875183 6.07152e-05 13
0.869589 1.0664e-05 15
0.916584 0.0539006 5
0.910523 0.024449 6
0.95234 0.532127 2
0.90609 0.0229281 6
0.875068 6.0552e-05 13
0.887411 0.000829961 10
0.896813 0.00452419 8
0.93997 0.264782 3
0.869362 0.000608387 10
0.971027 1 1
0.883209 0.00809351 7
0.948538 0.521035 2
0.931767 0.486897 2
0.885181 0.00827363 7
0.886093 0.00836037 7
0.939687 0.500559 2
0.907514 0.1014 4
0.917736 0.225208 3
0.926925 0.237926 3
0.88773 0.0186315 6
0.884636 0.0082228 7
0.934033 0.490448 2
0.960345 1 1
0.943218 0.154012 4
0.881738 3.22772e-06 17
0.954027 0.314235 3
0.92482 0.0317795 6
0.956772 0.327749 3
0.951805 0.183348 4
0.937519 0.0776501 5
0.936515 0.0759399 5
0.980245 0.694461 2
0.943617 0.15514 4
0.941614 0.149672 4
0.94738 0.166821 4
0.979033 0.682831 2
0.913525 0.00645442 8
0.927959 0.0341185 6
0.911836 0.0508231 5
0.898645 0.0208721 6
0.923672 0.116783 4
0.945652 0.51362 2
0.955608 0.543055 2
0.977516 1 1
0.967401 0.596801 2
0.957602 0.550444 2
0.978579 1 1
0.926101 0.119967 4
0.967967 0.600088 2
0.976154 1 1
0.975636 1 1
0.940468 0.266094 3
0.93858 0.261248 3
0.892985 0.000208926 12
0.932229 0.0694623 5
0.906885 0.00271596 9
0.980918 0.701185 2
0.959953 0.345533 3
0.949329 0.294437 3
0.950962 0.300883 3
0.991085 1 1
0.957447 0.331325 3
0.924711 0.0317041 6
0.99481 1 1
0.952634 0.307953 3
0.94073 0.147406 4
0.972864 0.632022 2
0.965026 0.583807 2
0.870807 1.85986e-08 23
0.950892 0.179662 4
0.883865 3.50288e-06 17
0.930435 0.0362263 6
0.924654 0.0316651 6
0.87153 4.24908e-08 22
0.870667 1.84788e-08 23
0.923631 0.0162783 7
0.898332 0.0002464 12
0.92021 0.0149133 7
0.91101 0.00304048 9
0.873355 1.01501e-07 21
0.87483 1.08235e-07 21
0.914123 0.00655473 8
0.947318 0.166614 4
0.929313 0.241931 3
0.886292 0.00383449 8
0.940107 0.26514 3
0.931532 0.24597 3
0.955388 0.542275 2
0.965898 0.588429 2
0.95156 0.529718 2
0.943604 0.508817 2
0.984083 1 1
0.934353 0.251601 3
0.951093 0.528311 2
0.961556 0.566964 2
0.989287 1 1
0.922944 0.115884 4
0.930341 0.243761 3
0.968607 0.603905 2
0.874209 5.0921e-07 19
0.979042 0.682908 2
0.902426 0.00118236 10
0.944077 0.156466 4
0.898472 0.000512563 11
0.886651 3.813e-05 14
0.90998 0.00591572 8
0.936423 0.0757858 5
0.974642 0.645339 2
0.906975 0.00272236 9
0.895326 0.000224079 12
0.922462 0.0302323 6
0.884135 1.63584e-05 15
0.91894 0.0144618 7
0.897424 0.00217333 9
0.947025 0.286059 3
0.912149 0.0250768 6
0.979547 1 1
0.969091 0.606855 2
0.92438 0.0603834 5
0.923225 0.0592874 5
0.978519 0.678068 2
0.947952 0.289337 3
0.940385 0.265875 3
0.965645 0.587074 2
0.926386 0.120361 4
0.924664 0.0606608 5
0.957422 0.549753 2
0.994965 1 1
0.935995 0.255165 3
0.90917 0.0493178 5
0.951348 0.529075 2
0.944172 0.510112 2
0.988138 1 1
0.928965 0.241326 3
0.920103 0.112602 4
0.952471 0.532539 2
0.968712 0.604542 2
0.973412 1 1
0.948552 0.521074 2
0.927596 0.239018 3
0.944579 0.511059 2
0.925416 0.119039 4
0.958298 0.553166 2
0.985107 0.747655 2
0.861141 2.39512e-09 25
0.990436 1 1
0.896473 0.000484306 11
0.937185 0.139146 4
0.911527 0.00613973 8
0.897619 0.00104264 10
0.906275 0.00267329 9
0.943491 0.154782 4
0.952433 0.307074 3
0.907227 0.00555485 8
0.90709 0.00553805 8
0.93916 0.143592 4
0.881269 1.49029e-05 15
0.907644 0.00560663 8
0.919915 0.0287372 6
0.909664 0.00587189 8
0.932121 0.0693159 5
0.921827 0.0298435 6
0.949285 0.294272 3
0.886989 8.25366e-05 13
0.880048 1.43439e-05 15
0.923631 0.0309787 6
0.924196 0.0313538 6
0.96947 0.609208 2
0.914452 0.0130648 7
0.886314 8.09468e-05 13
0.901447 0.0023758 9
0.901006 0.00235183 9
0.944528 0.157791 4
0.946554 0.284442 3
0.867727 4.52607e-06 16
0.950818 0.527493 2
0.886855 0.000820784 10
0.924395 0.117699 4
0.872654 2.57276e-05 14
0.862047 7.55324e-07 18
0.892055 0.00195194 9
0.910523 0.024449 6
0.959732 0.559015 2
0.886647 0.000817403 10
0.870074 1.07999e-05 15
0.894749 0.00436717 8
0.867443 4.49093e-06 16
0.906516 0.0230632 6
3 7 15 29 
20 1 2 3 4 7 8 9 13 15 16 17 18 19 22 24 25 26 27 28 29 
10 2 7 8 15 16 17 22 24 28 29 
25 0 1 2 3 4 7 8 9 10 13 14 15 16 17 18 19 20 22 23 24 25 26 27 28 29 
16 1 2 7 8 13 14 15 16 17 19 22 24 26 27 28 29 
27 0 1 2 3 4 6 7 8 9 10 11 13 14 15 17 18 19 20 21 22 23 24 25 26 27 28 29 
29 0 1 2 3 4 5 6 7 8 9 10 11 12 13 14 15 17 18 19 20 21 22 23 24 25 26 27 28 29 
25 0 1 2 3 4 7 8 9 10 13 14 15 16 17 18 19 20 22 23 24 25 26 27 28 29 
17 1 2 7 8 13 14 15 16 17 18 19 22 24 26 27 28 29 
10 2 7 8 15 16 17 22 24 28 29 
24 0 1 2 3 4 6 7 8 9 11 13 14 15 16 17 18 21 22 24 25 26 27 28 29 
28 0 1 2 3 4 5 6 7 8 9 10 11 13 14 15 17 18 19 20 21 22 23 24 25 26 27 28 29 
29 0 1 2 3 4 5 6 7 8 9 10 11 13 14 15 16 17 18 19 20 21 22 23 24 25 26 27 28 29 
26 0 1 2 3 4 6 7 8 9 10 11 13 14 15 16 17 18 19 21 22 24 25 26 27 28 29 
17 1 2 7 8 13 14 15 16 17 18 19 22 24 26 27 28 29 
