60 15 1e+07
1.66629 181335
1.41545 114407
1.03093 118263
1.02715 114477
1.29019 192974
1.33629 187410
2.0891 169988
1.58223 199521
1.94519 127618
1.12904 142134
2.72694 199322
2.57652 102440
1.3661 182454
1.9051 152200
1.08236 149441
2.36164 149934
1.77899 182654
1.77671 118649
1.60492 116854
1.09393 148501
1.6922 107565
2.73354 199949
2.2355 176820
1.11535 156859
1.16064 143986
2.95374 186855
1.09449 127755
1.99864 116646
1.3 127082
2.18932 162843
2.12459 156282
1.71965 188310
1.22794 192758
1.06748 114100
2.56631 174983
1.4026 193077
1.14772 155176
2.42158 195553
2.68471 195600
1.13049 151808
2.18277 168867
2.61791 160123
2.58025 137417
1.77017 117708
1.66796 167498
1.1173 110897
1.24689 185717
2.06198 142901
1.1765 189978
1.30153 120174
1.1089 143034
2.51746 143230
1.96106 114728
2.39695 119523
1.89161 176330
2.07012 144919
1.79202 107207
1.30849 155132
1.13807 136018
1.52976 114167
0.87642 6.25155e-05 13
0.892275 0.0019601 9
0.952122 0.531445 2
0.848505 6.13204e-10 26
0.893349 0.00200093 9
0.949747 0.296046 3
0.926196 0.120099 4
0.898806 0.00468842 8
0.891946 0.00194791 9
0.919254 0.0558955 5
0.884898 0.000363803 11
0.875281 6.08542e-05 13
0.881529 0.000338605 11
0.861635 3.2879e-07 19
0.87168 2.51179e-05 14
0.965763 0.587705 2
0.928324 0.123157 4
0.925338 0.118935 4
0.878035 0.000143114 12
0.97092 0.618561 2
0.927522 0.121975 4
0.901518 0.0102904 7
0.87214 2.54028e-05 14
0.987805 1 1
0.982181 1 1
0.88786 0.00180906 9
0.921059 0.113668 4
0.907378 0.0233437 6
0.893471 0.0042759 8
0.962511 0.571363 2
0.928047 0.122745 4
0.913166 0.0516311 5
0.963057 0.573956 2
0.861279 7.38372e-07 18
0.93958 0.263771 3
0.96507 0.584036 2
0.909999 0.0242553 6
0.877866 0.000142583 12
0.949235 0.522952 2
0.974644 0.645357 2
0.882934 0.000348709 11
0.900203 0.0100818 7
0.894374 0.00433989 8
0.876633 0.000138826 12
0.924459 0.117782 4
0.921638 0.230147 3
0.985896 1 1
0.882405 0.00363615 8
0.947247 0.517619 2
0.939687 0.500559 2
0.882794 0.00365492 8
0.951188 0.528594 2
0.936405 0.494457 2
0.914215 0.106776 4
0.922851 0.231812 3
0.96568 1 1
0.971815 1 1
0.984981 1 1
0.96308 1 1
0.915704 0.108138 4
0.958453 0.336843 3
0.966095 0.589497 2
0.909331 0.00582646 8
0.912389 0.012513 7
0.980422 0.696217 2
0.910559 0.00599769 8
0.929827 0.0663454 5
0.903091 0.0024697 9
0.956551 0.326605 3
0.962762 0.363385 3
0.923458 0.0308653 6
0.95573 0.322432 3
0.944342 0.157243 4
0.928666 0.0649546 5
0.951957 0.305032 3
0.884862 3.6052e-05 14
0.944047 0.156378 4
0.843925 7.35792e-12 0
0.973662 0.63788 2
0.899228 0.00108589 10
0.844022 7.39206e-12 0
0.928969 0.06531 5
0.938933 0.143062 4
0.873906 1.10952e-06 18
0.880174 6.61652e-06 16
0.97326 0.634909 2
0.945463 0.160627 4
0.965831 0.588069 2
0.971559 0.622866 2
0.879785 6.53023e-06 16
0.900497 0.00112242 10
0.962327 0.360481 3
0.860151 1.97696e-10 28
0.967035 0.594717 2
0.916209 0.0135773 7
0.86034 1.99601e-10 28
0.941683 0.149853 4
0.942449 0.151894 4
0.890652 9.21341e-05 13
0.8978 0.000502751 11
0.980872 0.700722 2
0.96019 0.346957 3
0.984046 0.735097 2
0.976778 0.662711 2
0.895078 0.000222385 12
0.871096 4.97833e-06 16
0.89288 0.00198288 9
0.939632 0.263905 3
0.85174 6.99915e-10 26
0.888913 0.000855792 10
0.937352 0.139508 4
0.932647 0.130232 4
0.907439 0.0113758 7
0.884975 0.000364417 11
0.912072 0.0250462 6
0.890261 0.000880358 10
0.875627 2.77501e-05 14
0.884087 0.000164666 12
0.864236 3.57542e-07 19
0.866097 8.5473e-07 18
0.90585 0.0228527 6
0.942107 0.270603 3
0.921781 0.114499 4
0.898413 0.00981407 7
0.926563 0.120607 4
0.921235 0.113868 4
0.97308 1 1
0.938698 0.26154 3
0.912495 0.0512188 5
0.936021 0.255223 3
0.935253 0.253528 3
0.923847 0.117003 4
0.933186 0.249201 3
0.912153 0.0510121 5
0.899885 0.0211784 6
0.89146 0.00193025 9
0.917222 0.0543583 5
0.938211 0.260342 3
0.873858 5.88834e-05 13
0.910644 0.0244945 6
0.936845 0.2571 3
0.953251 0.535034 2
0.922783 0.115688 4
0.903107 0.010557 7
0.929975 0.125714 4
0.911395 0.050564 5
0.899505 0.00997539 7
0.907585 0.0234124 6
0.887128 0.00178638 9
0.886023 0.000807413 10
0.881503 0.000338426 11
0.942217 0.270916 3
0.866167 4.33775e-06 16
0.936879 0.257178 3
0.899955 0.0100437 7
0.865737 4.288e-06 16
0.962881 0.573113 2
0.976168 1 1
0.877241 0.000140657 12
0.891269 0.00192338 9
0.984215 1 1
0.932015 0.129119 4
0.955805 0.543756 2
0.943111 0.273514 3
0.875699 6.14548e-05 13
0.914486 0.107019 4
0.900675 0.0453396 5
0.977372 1 1
0.849658 1.24833e-06 17
0.925246 0.235304 3
0.979691 1 1
0.903555 0.0465668 5
0.871665 0.000629971 10
0.936226 0.494143 2
0.959827 0.559416 2
0.87341 0.00064733 10
0.88723 0.00847181 7
0.882764 0.00365349 8
0.864723 0.000109962 12
0.91126 0.104263 4
0.946799 0.516471 2
0.914563 0.107088 4
0.941937 0.505162 2
0.863494 0.000107577 12
0.952234 0.531794 2
0.944405 0.510652 2
0.897594 0.0206218 6
0.866745 0.000258257 11
0.970796 1 1
0.98135 1 1
0.877832 0.001543 9
0.90515 0.0472966 5
0.894225 0.019875 6
0.878876 0.00156679 9
0.944404 0.510649 2
0.850875 1.03623e-11 0
0.895583 0.000472594 11
0.885432 3.66944e-05 14
0.872789 4.82525e-07 19
0.870477 1.99541e-07 20
0.883731 3.48299e-05 14
0.95134 0.302438 3
0.950671 0.299702 3
0.856702 1.666e-10 28
0.879878 6.5508e-06 16
0.91747 0.0139714 7
0.879908 6.55739e-06 16
0.897739 0.00104575 10
0.880849 1.47066e-05 15
0.845193 7.8177e-12 0
0.982297 0.715578 2
0.928197 0.034311 6
0.908279 0.00281833 9
0.881835 7.00519e-06 16
0.975021 0.648311 2
0.910484 0.00598696 8
0.892461 9.75723e-05 13
0.865257 6.48305e-09 24
0.992152 1 1
0.964601 0.376309 3
0.885057 1.68736e-05 15
0.925125 0.0319916 6
0.907677 0.00277323 9
0.896694 0.000487303 11
0.980404 0.69603 2
0.931989 0.246842 3
0.961719 0.5677 2
0.919545 0.111996 4
0.909178 0.0493219 5
0.953438 0.535644 2
0.919979 0.112465 4
0.954454 0.539036 2
0.92349 0.116555 4
0.936097 0.255393 3
0.955332 0.542074 2
0.934794 0.252537 3
0.94411 0.27653 3
0.945241 0.512627 2
0.924881 0.118331 4
0.92577 0.119515 4
0.949145 0.5227 2
0.980575 1 1
0.881734 0.00360424 8
0.938327 0.497946 2
0.962613 0.571843 2
0.882814 0.00365588 8
0.923914 0.233327 3
0.905724 0.0475684 5
0.935339 0.253716 3
0.933647 0.250136 3
0.93561 0.254309 3
0.984544 1 1
0.963676 0.57697 2
0.954383 0.538792 2
0.943637 0.50889 2
0.985495 1 1
0.933188 0.249205 3
0.881069 0.00357328 8
0.897221 0.0205352 6
0.968014 1 1
0.883045 0.00366714 8
0.8853 0.00378154 8
0.862897 4.67268e-05 13
0.960722 0.563255 2
0.938097 0.497518 2
0.889114 0.00866504 7
0.937976 0.497292 2
0.915673 0.10811 4
0.910468 0.103629 4
0.986369 1 1
0.973785 1 1
0.926787 0.120922 4
0.916602 0.0539136 5
0.878452 0.000318308 11
0.972541 1 1
0.918845 0.111253 4
0.895351 0.00939461 7
0.867019 2.25009e-05 14
0.997722 1 1
0.972386 1 1
0.884796 0.00171792 9
0.92172 0.114427 4
0.905971 0.0228907 6
0.893593 0.00428442 8
0.971453 0.622147 2
0.915631 0.0532378 5
0.978014 1 1
0.869589 1.0664e-05 15
0.961292 0.565776 2
0.931449 0.128146 4
0.870007 1.07809e-05 15
0.941545 0.269024 3
0.933685 0.250215 3
0.905321 0.0226895 6
0.911141 0.024683 6
0.969048 0.606589 2
0.975042 0.648475 2
0.9994 1 1
0.977145 1 1
0.9101 0.0242925 6
0.879983 0.00352395 8
0.908484 0.102109 4
0.931396 0.245712 3
0.868353 0.000599367 10
0.899093 0.0447103 5
0.929663 0.242546 3
0.951267 0.528831 2
0.924535 0.234238 3
0.891315 0.0192892 6
0.917891 0.225392 3
0.908027 0.101773 4
0.890874 0.0192047 6
0.90089 0.0454274 5
0.880778 0.00788449 7
0.874573 0.00147332 9
0.896254 0.000481378 11
0.919129 0.0283086 6
0.942892 0.153107 4
0.874039 1.11478e-06 18
0.915239 0.0132892 7
0.941689 0.149868 4
0.950625 0.299516 3
0.919113 0.0283002 6
0.908545 0.00572201 8
0.935746 0.136135 4
0.910109 0.0059338 8
0.901508 0.00237921 9
0.908213 0.00567888 8
0.887718 8.43107e-05 13
0.890872 0.000196683 12
0.954995 0.540897 2
0.94156 0.269065 3
0.931476 0.128191 4
0.888445 0.00182765 9
0.971497 0.622444 2
0.933087 0.249002 3
0.920842 0.113423 4
0.890361 0.00189146 9
0.968533 0.603459 2
0.988873 1 1
0.903963 0.022284 6
0.930344 0.126309 4
0.920834 0.113413 4
0.904336 0.0223932 6
0.949768 0.524449 2
0.95567 0.543273 2
0.964047 0.578811 2
0.873324 0.000129569 12
0.933504 0.249844 3
0.961528 0.566838 2
0.874659 0.000296234 11
0.908101 0.0487527 5
0.890885 0.00410391 8
0.936592 0.256518 3
0.928031 0.239739 3
0.921898 0.114635 4
0.975179 1 1
0.950667 0.527047 2
0.947491 0.518252 2
0.95139 0.529201 2
0.915412 0.0264698 6
0.920939 0.0572677 5
0.960196 0.560982 2
0.870334 2.18415e-06 17
0.932203 0.129447 4
0.960269 0.561293 2
0.932088 0.129246 4
0.899245 0.00472645 8
0.931647 0.128484 4
0.960213 0.561053 2
0.898951 0.00470093 8
0.90497 0.0108915 7
0.90495 0.0108878 7
0.885304 0.000169712 12
0.91058 0.0120689 7
0.909274 0.0117694 7
0.928251 0.0644741 5
0.945495 0.280917 3
0.879963 3.12087e-05 14
0.928336 0.064571 5
0.94496 0.279192 3
0.949058 0.29341 3
0.915838 0.0266658 6
0.921687 0.0579079 5
0.94904 0.293345 3
0.912684 0.0125888 7
0.910888 0.0121421 7
0.914917 0.0262462 6
0.894446 0.000966159 10
0.903847 0.00516905 8
0.88082 0.00788801 7
0.894831 0.0431519 5
0.956814 0.547454 2
0.849993 2.92571e-06 16
0.897554 0.0441257 5
0.954528 0.539287 2
0.926186 0.236753 3
0.897735 0.0441932 5
0.896742 0.0438273 5
0.924161 0.233687 3
0.88548 0.00830178 7
0.877929 0.00343475 8
0.883325 0.00810383 7
0.863403 0.000244749 11
0.876129 0.0033606 8
0.853795 2.12668e-08 22
0.904511 0.0108067 7
0.874215 5.93669e-05 13
0.888497 0.000848471 10
0.873393 2.62076e-05 14
0.872843 2.58488e-05 14
0.958027 0.552098 2
0.970297 0.614475 2
0.85662 5.37415e-08 21
0.87758 0.000141696 12
0.933642 0.250126 3
0.890181 0.00188526 9
0.910352 0.0243854 6
0.895083 0.00439173 8
0.848006 6.01062e-10 26
0.895183 0.00439913 8
0.884979 0.000364453 11
0.996565 1 1
0.835428 4.99025e-12 0
0.906 0.0110876 7
0.998659 1 1
0.89586 0.00445013 8
0.864967 1.86084e-06 17
0.916671 0.0539627 5
0.93972 0.264132 3
0.862146 7.57532e-07 18
0.87081 1.10113e-05 15
0.868472 4.62048e-06 16
0.850031 1.50863e-09 25
0.892094 0.00195336 9
0.854259 1.14296e-07 20
0.908764 0.0491004 5
0.864624 9.41651e-06 15
0.899468 0.00996974 7
0.873521 0.000130089 12
0.863471 4.03962e-06 16
0.956339 0.545694 2
0.982447 1 1
0.854781 2.67116e-07 19
0.873781 0.000130781 12
0.943914 0.275929 3
0.896014 0.00948168 7
0.917797 0.110176 4
0.90449 0.0224389 6
0.848469 7.65461e-09 23
0.914545 0.107071 4
0.907923 0.0486606 5
0.974752 1 1
0.856916 1.49508e-06 17
0.927819 0.239385 3
0.975866 1 1
0.91427 0.106825 4
0.882055 0.00164426 9
0.934519 0.251953 3
0.961225 0.565478 2
0.8827 0.001661 9
0.893441 0.00915499 7
0.890678 0.00409084 8
0.871963 0.000126072 12
0.910646 0.0501336 5
0.873993 2.66077e-05 14
0.935222 0.135081 4
0.852543 1.66574e-09 25
0.944185 0.27676 3
0.891226 0.00089881 10
0.852179 1.64175e-09 25
0.947423 0.287451 3
0.967286 0.59614 2
0.867671 2.01403e-06 17
0.879611 6.76084e-05 13
0.981948 1 1
0.928733 0.123775 4
0.952886 0.309063 3
0.946271 0.283483 3
0.868418 2.05968e-06 17
0.921591 0.0578241 5
0.90217 0.0103978 7
0.968598 0.603846 2
0.850889 3.60389e-09 24
0.930694 0.126882 4
0.971206 0.620472 2
0.899784 0.0100176 7
0.867966 4.55609e-06 16
0.944227 0.27689 3
0.965385 0.585694 2
0.872147 2.54075e-05 14
0.889746 0.00187046 9
0.883453 0.000352581 11
0.866078 4.32742e-06 16
0.91873 0.0554873 5
0.839889 6.09691e-12 0
0.886124 0.000809016 10
0.873533 2.62997e-05 14
0.867787 4.53357e-06 16
0.859261 1.33984e-07 20
0.871787 1.13022e-05 15
0.940799 0.26698 3
0.947743 0.288584 3
0.845031 4.21267e-11 29
0.86763 4.51406e-06 16
0.911971 0.0250063 6
0.871248 1.11403e-05 15
0.890104 0.000877417 10
0.874518 2.69662e-05 14
0.83425 4.73859e-12 0
0.956 0.544462 2
0.91784 0.054813 5
0.932391 0.129778 4
0.867561 8.95442e-07 18
0.958983 0.555917 2
0.934814 0.134279 4
0.895521 0.00208917 9
0.865435 3.7203e-07 19
0.980585 1 1
0.979988 0.691946 2
0.878969 6.65279e-05 13
0.909949 0.0119221 7
0.897183 0.00216228 9
0.88288 0.000159923 12
0.953909 0.313686 3
0.962924 0.57332 2
0.924391 0.0603933 5
0.927365 0.0634762 5
0.874204 5.4609e-06 16
0.966727 0.592981 2
0.929642 0.0661188 5
0.89893 0.00224495 9
0.869326 9.48428e-07 18
0.986689 1 1
0.981555 0.707731 2
0.884383 7.66754e-05 13
0.91703 0.0272342 6
0.90354 0.00513676 8
0.889581 0.000405204 11
0.960217 0.561071 2
0.939832 0.264421 3
0.975993 1 1
0.87016 0.000121691 12
0.949528 0.52377 2
0.950527 0.526638 2
0.871168 0.000124107 12
0.919266 0.111697 4
0.905366 0.047398 5
0.923928 0.117104 4
0.92104 0.113647 4
0.938493 0.261033 3
0.993235 1 1
0.968026 0.600435 2
0.96482 0.582739 2
0.934986 0.252949 3
0.866493 9.85761e-06 15
0.906866 0.0231759 6
0.904242 0.0223657 6
0.876308 0.000137867 12
0.886296 0.000811749 10
0.902605 0.0104711 7
0.961476 0.5666 2
0.946065 0.282796 3
0.873911 5.89547e-05 13
0.898257 0.00979163 7
0.920121 0.112621 4
0.889991 0.00187878 9
0.905257 0.0226699 6
0.886482 0.000814741 10
0.860802 7.28148e-07 18
0.897342 0.00456656 8
0.957512 0.550099 2
0.880169 6.85728e-05 13
0.936655 0.138016 4
0.91657 0.0538909 5
0.879928 6.81524e-05 13
0.972133 0.626831 2
0.96458 0.581506 2
0.893868 0.0020213 9
0.90825 0.011546 7
0.980494 1 1
0.94414 0.276622 3
0.965674 0.587231 2
0.947353 0.287205 3
0.891361 0.000901453 10
0.899245 0.00226054 9
0.899243 0.00226046 9
0.980877 0.700773 2
0.850007 2.28784e-11 30
0.913487 0.0128003 7
0.979729 0.689436 2
0.915204 0.0263753 6
0.883854 7.55707e-05 13
0.918303 0.027874 6
0.945145 0.279783 3
0.879543 3.08437e-05 14
0.883729 7.53135e-05 13
0.883854 7.55721e-05 13
0.864544 7.12353e-08 21
0.895187 0.000983071 10
0.916621 0.0539268 5
0.980158 1 1
0.881879 0.000341074 11
0.94675 0.285111 3
0.934979 0.252935 3
0.882142 0.000342943 11
0.955654 0.543217 2
0.941975 0.27023 3
0.910017 0.0242621 6
0.919957 0.0564568 5
0.97063 0.616645 2
0.966537 0.591929 2
0.983824 1 1
0.961667 0.567467 2
0.91067 0.0245043 6
0.892242 0.000432797 11
0.954553 0.316702 3
0.867264 1.76814e-07 20
0.948482 0.291266 3
0.91012 0.0119615 7
0.867106 1.75792e-07 20
0.958294 0.335956 3
0.96204 0.569171 2
0.886153 0.00017339 12
0.897912 0.00219604 9
0.995569 1 1
0.945669 0.281484 3
0.970034 0.612782 2
0.956605 0.326884 3
0.886484 0.000174865 12
0.945964 0.28246 3
0.915167 0.0263585 6
0.943272 0.273992 3
0.863922 1.5687e-07 20
0.952107 0.305668 3
0.945712 0.281625 3
0.898954 0.00224615 9
0.867994 9.08023e-07 18
0.969716 0.610756 2
0.982394 1 1
0.878767 3.01868e-05 14
0.905466 0.0109849 7
0.894878 0.000975949 10
0.87933 3.0661e-05 14
0.943406 0.274393 3
0.918782 0.226473 3
0.965434 1 1
0.855036 1.74652e-05 14
0.971439 1 1
0.929313 0.24193 3
0.855784 1.77258e-05 14
0.917778 0.225257 3
0.911726 0.104643 4
0.903143 0.0463843 5
0.90212 0.0459414 5
0.948401 0.520667 2
0.980245 1 1
0.974615 1 1
0.985582 1 1
0.914257 0.106813 4
0.979519 0.687418 2
0.930115 0.0359397 6
0.911912 0.00619808 8
0.882577 3.33231e-06 17
0.976788 0.662796 2
0.914084 0.00654816 8
0.895875 0.000227899 12
0.868223 7.43084e-09 24
0.994186 1 1
0.968951 0.605992 2
0.887317 1.82496e-05 15
0.926021 0.0326339 6
0.909371 0.00290356 9
0.897643 0.000240964 12
0.976685 0.661915 2
0.873363 5.82223e-05 13
0.931204 0.245352 3
0.870124 2.41907e-05 14
0.921073 0.113684 4
0.892543 0.00421232 8
0.869391 2.37736e-05 14
0.96914 0.607156 2
0.991812 1 1
0.871668 5.60544e-05 13
0.888461 0.00182817 9
0.967718 0.598633 2
0.918929 0.111341 4
0.941486 0.26886 3
0.927425 0.121834 4
0.867492 1.0107e-05 15
0.964771 0.582486 2
0.946612 0.284637 3
0.921333 0.0295486 6
0.89432 0.000456813 11
0.982403 0.716719 2
0.923002 0.030572 6
0.917792 0.0276133 6
0.888836 0.000186004 12
0.973436 0.636203 2
0.980391 0.695903 2
0.9058 0.00538492 8
0.937538 0.139914 4
0.925311 0.0613062 5
0.910212 0.0119827 7
0.959076 0.340385 3
0.877736 2.93488e-05 14
0.882035 7.19715e-05 13
0.971971 0.625708 2
0.835551 5.01736e-12 0
0.892068 0.000915534 10
0.969091 0.606855 2
0.907104 0.011307 7
0.878394 2.98792e-05 14
0.896367 0.00212573 9
0.922511 0.058636 5
0.868292 9.16855e-07 18
0.866037 3.79628e-07 19
0.86873 9.30018e-07 18
0.849306 5.11245e-11 29
0.873741 5.38456e-06 16
0.895556 0.000225665 12
0.901938 0.00116666 10
0.971017 0.619211 2
0.853821 1.20806e-11 0
0.911272 0.00610161 8
0.969425 0.608927 2
0.923172 0.0306807 6
0.892151 9.66023e-05 13
0.913046 0.00637626 8
0.940646 0.147197 4
0.88561 1.71952e-05 15
0.885686 1.72404e-05 15
0.88781 3.95818e-05 14
0.868081 1.64327e-08 23
0.89111 9.34622e-05 13
0.891656 0.0193551 6
0.953753 0.53668 2
0.857765 4.23896e-05 13
0.961499 1 1
0.907988 0.101744 4
0.857767 4.23911e-05 13
0.945016 0.512089 2
0.951179 0.528568 2
0.883039 0.00807844 7
0.89195 0.0194127 6
0.989365 1 1
0.949721 0.524317 2
0.974004 1 1
0.967401 1 1
0.886167 0.00836748 7
0.926144 0.236688 3
0.986666 1 1
0.873905 0.00145984 9
0.955902 0.544107 2
0.941515 0.504269 2
0.874525 0.00147234 9
0.937069 0.495637 2
0.925003 0.234937 3
0.914898 0.107392 4
0.918834 0.226537 3
0.958408 0.553603 2
0.985345 1 1
0.987924 1 1
0.972961 1 1
0.92061 0.228787 3
0.918172 0.0550619 5
0.982356 1 1
0.880177 0.000150135 12
0.949199 0.293944 3
0.936082 0.255361 3
0.880504 0.000151262 12
0.9522 0.531689 2
0.939165 0.262713 3
0.910714 0.024521 6
0.919596 0.0561661 5
0.969361 0.60853 2
0.969869 0.611727 2
0.986814 1 1
0.964549 0.58135 2
0.91228 0.0251295 6
0.893687 0.000449241 11
0.931648 0.0686779 5
0.918717 0.0280903 6
0.892287 0.000433293 11
0.914101 0.0129672 7
0.917751 0.0275922 6
0.975833 0.65483 2
0.943635 0.155193 4
0.900793 0.0023404 9
0.924917 0.0609113 5
0.932471 0.12992 4
0.913709 0.01286 7
0.925489 0.0614867 5
0.904935 0.00528701 8
0.887816 0.000181023 12
0.907802 0.0114512 7
0.949506 0.295115 3
0.914058 0.0258688 6
0.906934 0.0112727 7
0.928736 0.123779 4
0.913664 0.0257003 6
0.978408 0.677058 2
0.944231 0.276902 3
0.912183 0.0250904 6
0.933711 0.132174 4
0.943947 0.27603 3
0.931181 0.127693 4
0.941832 0.269825 3
0.920645 0.0570217 5
0.901712 0.00495298 8
0.888714 0.00397131 8
0.938524 0.261111 3
0.897435 0.020585 6
0.908539 0.0489818 5
0.909132 0.0492972 5
0.896647 0.020404 6
0.996958 1 1
0.965639 0.587039 2
0.891268 0.00890035 7
0.911765 0.0507813 5
0.952683 0.533209 2
0.921867 0.114598 4
0.938929 0.262117 3
0.919504 0.111952 4
0.882691 0.00166076 9
0.858832 3.60018e-11 30
0.894049 0.000102784 13
0.90926 0.0028947 9
0.861603 2.12981e-10 28
0.878052 5.92933e-07 19
0.907266 0.00274325 9
0.945899 0.161989 4
0.930308 0.0361115 6
0.868432 7.50428e-09 24
0.893898 0.000102272 13
0.904411 0.00125031 10
0.877063 5.69624e-07 19
0.89087 4.38645e-05 14
0.872009 4.34081e-08 22
0.853367 1.17941e-11 0
0.91009 0.0498211 5
0.937287 0.258131 3
0.933606 0.250053 3
0.890222 0.00406236 8
0.930277 0.243644 3
0.933143 0.249114 3
0.960536 0.562447 2
0.926652 0.120732 4
0.919518 0.111967 4
0.945044 0.512156 2
0.924306 0.117585 4
0.919345 0.111782 4
0.925382 0.118993 4
0.904548 0.0224562 6
0.904323 0.0223894 6
0.900307 0.000541106 11
0.942096 0.150944 4
0.91364 0.00647344 8
0.902333 0.000575877 11
0.92105 0.0152277 7
0.912986 0.00636659 8
0.982366 0.716326 2
0.947721 0.16798 4
0.905415 0.00128735 10
0.927837 0.034021 6
0.941794 0.150144 4
0.92404 0.0164571 7
0.93616 0.0753533 5
0.915318 0.00676417 8
0.89429 0.000103614 13
0.932494 0.247824 3
0.920179 0.112685 4
0.957395 0.549649 2
0.867896 2.29581e-05 14
0.945495 0.280915 3
0.959128 0.556509 2
0.915541 0.0531766 5
0.883317 0.000766789 10
0.952415 0.532362 2
0.98008 1 1
0.889398 0.0018588 9
0.907011 0.0232231 6
0.901233 0.0102444 7
0.883366 0.000767488 10
0.92847 0.123377 4
0.95965 0.558671 2
0.946342 0.515321 2
0.925356 0.118959 4
0.893339 0.00914254 7
0.977627 1 1
0.92694 0.121139 4
0.921129 0.113747 4
0.891474 0.00414168 8
0.969841 0.611546 2
0.983181 1 1
0.907012 0.0481981 5
0.935912 0.254981 3
0.925249 0.118817 4
0.909289 0.0493816 5
0.954034 0.537616 2
56 0 1 2 3 4 5 6 7 8 9 10 11 12 15 16 18 19 20 21 22 23 24 25 26 27 28 29 30 31 32 34 35 36 37 38 39 40 41 42 43 44 45 46 47 48 49 50 51 52 53 54 55 56 57 58 59 
49 0 2 3 4 5 6 7 8 9 10 11 12 13 15 19 20 21 22 24 25 26 27 28 29 30 31 32 33 34 37 38 39 40 41 42 45 46 47 48 49 51 52 53 54 55 56 57 58 59 
47 0 2 3 4 6 7 8 9 10 13 15 16 19 20 21 22 23 24 25 26 27 29 30 31 33 36 37 38 39 40 41 43 45 46 47 48 49 50 51 52 53 54 55 56 57 58 59 
53 0 1 2 3 4 5 6 7 8 9 10 11 12 13 14 15 16 18 19 20 21 22 24 25 26 27 29 30 31 32 33 34 35 37 38 39 40 41 42 44 45 46 49 50 51 52 53 54 55 56 57 58 59 
52 0 2 3 4 5 6 7 8 9 10 11 12 13 15 16 19 20 21 22 24 25 26 27 28 29 30 31 32 33 36 37 38 39 40 41 42 43 45 46 47 48 49 50 51 52 53 54 55 56 57 58 59 
46 0 3 4 6 7 8 9 10 13 15 16 19 20 21 22 23 24 25 26 27 29 30 31 33 36 37 38 39 40 41 43 45 46 47 48 49 50 51 52 53 54 55 56 57 58 59 
16 0 7 9 13 20 21 26 27 29 33 37 45 47 52 54 55 
17 0 7 9 13 20 21 26 27 28 29 33 37 39 47 48 52 55 
58 0 1 2 3 4 5 6 7 8 9 10 11 12 13 15 16 18 19 20 21 22 23 24 25 26 27 28 29 30 31 32 33 34 35 36 37 38 39 40 41 42 43 44 45 46 47 48 49 50 51 52 53 54 55 56 57 58 59 
49 0 2 3 4 5 6 7 8 9 10 11 13 15 16 19 20 21 22 24 25 26 27 28 29 30 31 32 33 36 37 38 39 40 41 43 45 47 48 49 50 51 52 53 54 55 56 57 58 59 
27 0 7 8 9 10 13 20 21 25 26 27 29 31 33 37 38 39 41 45 47 48 52 53 54 55 56 57 
52 0 1 2 3 4 5 6 7 8 9 10 11 12 13 15 19 20 21 22 24 25 26 27 28 29 30 31 32 33 34 35 37 38 39 40 41 42 45 46 47 48 49 50 51 52 53 54 55 56 57 58 59 
41 0 2 3 5 6 7 8 9 10 11 13 15 20 21 24 25 26 27 28 29 30 31 32 33 37 38 39 40 41 45 47 48 49 51 52 53 54 55 56 57 58 
52 0 1 2 3 4 5 6 7 8 9 10 11 12 13 15 19 20 21 22 24 25 26 27 28 29 30 31 32 33 34 35 37 38 39 40 41 42 45 46 47 48 49 50 51 52 53 54 55 56 57 58 59 
56 0 1 2 3 4 5 6 7 8 9 10 11 12 14 15 16 17 18 19 20 21 22 23 24 25 26 27 28 29 30 31 32 35 36 37 38 39 40 41 42 43 44 45 46 47 48 49 50 51 52 53 54 56 57 58 59 
