60 15 1e+07
1.82758 128133
2.00037 173374
1.28841 106134
1.90913 187121
1.58634 143349
1.40775 186899
2.69525 122933
1.46966 120088
2.36029 180043
1.77973 175474
2.99657 102670
2.36755 117114
1.84095 129758
1.02378 167152
1.12026 180108
1.95117 133485
1.29804 147958
2.36701 133066
2.13931 182013
1.43406 145452
2.72314 146668
2.28296 116008
2.0438 129112
2.23801 133383
1.56207 193871
1.3602 129735
1.03109 114105
2.90668 131991
2.22527 173286
2.60893 145641
1.42589 138525
1.74733 181762
2.58439 182550
1.89902 156307
1.97734 137132
1.37617 141706
2.17313 169493
1.75845 121370
1.18869 179760
1.81397 101578
1.55198 175714
2.03963 199486
1.72418 108955
2.10991 169191
1.66778 129570
1.23242 102518
1.94874 197487
1.63737 146251
1.88623 119776
1.67353 106559
1.91964 176088
2.45987 144513
1.35521 109379
1.07535 131042
2.83923 166578
2.84444 173723
2.57883 114286
2.25761 177842
1.48496 168557
1.40674 163698
0.958674 0.554666 2
0.956945 0.547943 2
0.925909 0.119705 4
0.950216 0.297884 3
0.958464 0.553826 2
0.926976 0.12119 4
0.938004 0.259841 3
0.939999 0.264857 3
0.976103 0.657052 2
0.94073 0.266794 3
0.934908 0.252781 3
0.963237 0.574827 2
0.928039 0.122733 4
0.948199 0.290228 3
0.928696 0.123719 4
0.943643 0.275105 3
0.932036 0.129155 4
0.90581 0.0110507 7
0.955007 0.540936 2
0.957996 0.551974 2
0.907324 0.0113522 7
0.919192 0.055846 5
0.917769 0.0547601 5
0.98734 1 1
0.921456 0.0577075 5
0.919295 0.0559278 5
0.940803 0.266991 3
0.936926 0.13859 4
0.92564 0.11934 4
0.915563 0.0265389 6
0.896947 0.00102551 10
0.894955 0.000464625 11
0.860368 2.31425e-09 25
0.945599 0.161047 4
0.914825 0.0131702 7
0.861889 5.59151e-09 24
0.891998 0.000203051 12
0.886011 8.02498e-05 13
0.946366 0.283803 3
0.875322 2.56712e-06 17
0.874283 1.12454e-06 18
0.893354 0.000445353 11
0.907305 0.00556448 8
0.878953 6.35141e-06 16
0.8718 4.65123e-07 19
0.971393 0.621738 2
0.914698 0.0526117 5
0.934516 0.251946 3
0.911728 0.0249104 6
0.992957 1 1
0.936759 0.256902 3
0.893488 0.00200635 9
0.897247 0.00455885 8
0.944593 0.27803 3
0.949686 0.295812 3
0.95413 0.537939 2
0.95639 0.545883 2
0.972892 0.632227 2
0.946115 0.282961 3
0.954252 0.53835 2
0.960741 0.350326 3
0.908656 0.00573653 8
0.924068 0.0312677 6
0.912381 0.0125108 7
0.985122 1 1
0.926305 0.0623324 5
0.888899 0.000186316 12
0.891631 0.000200933 12
0.94512 0.159574 4
0.939003 0.143226 4
0.943688 0.155342 4
0.946568 0.284488 3
0.979293 0.685271 2
0.935693 0.136027 4
0.944447 0.157553 4
0.967496 0.59735 2
0.963326 0.575259 2
0.947431 0.518096 2
0.928624 0.12361 4
0.951804 0.530463 2
0.947952 0.519466 2
0.937659 0.259011 3
0.944932 0.279102 3
0.949674 0.524183 2
0.95998 0.560061 2
0.950438 0.526379 2
0.981948 1 1
0.920413 0.112943 4
0.970822 0.617912 2
0.942173 0.27079 3
0.94399 0.509695 2
0.903074 0.0220292 6
0.906277 0.0478356 5
0.919097 0.111519 4
0.968719 0.604582 2
0.908395 0.048906 5
0.88651 0.00384632 8
0.887193 0.00388407 8
0.949707 0.524277 2
0.921413 0.114072 4
0.924984 0.118466 4
0.932201 0.247252 3
0.970287 1 1
0.91974 0.112206 4
0.925315 0.118904 4
0.915992 0.10841 4
0.899569 0.021099 6
0.878068 0.000315934 11
0.938258 0.260458 3
0.93678 0.256949 3
0.87983 0.000720072 10
0.890734 0.00409439 8
0.887331 0.0017926 9
0.955073 0.541168 2
0.89338 0.00914753 7
0.893932 0.00921503 7
0.909506 0.0494998 5
0.932308 0.24746 3
0.89525 0.00938151 7
0.89241 0.00420336 8
0.886286 8.08832e-05 13
0.885756 7.96728e-05 13
0.85011 2.29935e-11 30
0.938184 0.141348 4
0.904238 0.00521078 8
0.851618 5.6985e-11 29
0.884342 7.65891e-05 13
0.877744 1.33753e-05 15
0.935447 0.135531 4
0.86489 7.21697e-08 21
0.863948 3.09364e-08 22
0.882716 3.37893e-05 14
0.89826 0.00221251 9
0.868482 4.12878e-07 19
0.861606 1.24867e-08 23
0.917631 0.110008 4
0.944719 0.278427 3
0.886837 0.00177751 9
0.992954 1 1
0.923278 0.116293 4
0.887668 0.00180305 9
0.945105 0.279657 3
0.93815 0.260195 3
0.970741 0.617379 2
0.900476 0.0213292 6
0.894619 0.00930095 7
0.922319 0.115131 4
0.899469 0.00996987 7
0.908641 0.0490355 5
0.888845 0.00397899 8
0.897845 0.0206809 6
0.916583 0.108976 4
0.864535 2.12822e-05 14
0.975232 1 1
0.909049 0.0492525 5
0.865606 4.93141e-05 13
0.919736 0.112201 4
0.911444 0.0505929 5
0.954187 0.53813 2
0.878689 0.000705984 10
0.874605 0.000295938 11
0.899376 0.0210512 6
0.8919 0.00897249 7
0.88529 0.003781 8
0.870073 0.000121489 12
0.96305 0.573926 2
0.96495 0.583415 2
0.936108 0.25542 3
0.940588 0.266415 3
0.954363 0.538726 2
0.936868 0.257153 3
0.941745 0.269583 3
0.94654 0.284393 3
0.962167 0.569758 2
0.949821 0.5246 2
0.941933 0.27011 3
0.972902 0.632298 2
0.922684 0.115569 4
0.959205 0.556824 2
0.934535 0.251985 3
0.907848 0.101642 4
0.964332 1 1
0.887491 0.00849795 7
0.960016 0.560216 2
0.904142 0.0468307 5
0.887574 0.00850626 7
0.980641 1 1
0.969298 1 1
0.941933 0.505152 2
0.897813 0.0442223 5
0.888866 0.0188329 6
0.918511 0.226142 3
0.876224 0.00150778 9
0.908698 0.102269 4
0.881398 0.00358852 8
0.952474 0.532548 2
0.969755 1 1
0.925458 0.235627 3
0.950963 0.527923 2
0.947335 0.517847 2
0.926131 0.236667 3
0.949771 0.524459 2
0.952507 0.532653 2
0.967968 1 1
0.938767 0.498779 2
0.930983 0.244939 3
0.961554 0.566953 2
0.916543 0.108937 4
0.948341 0.520505 2
0.923786 0.233142 3
0.966229 0.590229 2
0.90638 0.0111621 7
0.93343 0.131652 4
0.903116 0.00509288 8
0.983241 1 1
0.935794 0.136232 4
0.884989 0.000168377 12
0.889007 0.000399669 11
0.935709 0.136059 4
0.947415 0.287422 3
0.954022 0.314211 3
0.9502 0.297821 3
0.979837 0.690483 2
0.941896 0.270007 3
0.956086 0.54477 2
0.967794 0.599074 2
0.930359 0.126334 4
0.927777 0.122346 4
0.932393 0.247626 3
0.984097 1 1
0.929602 0.125122 4
0.910948 0.0503057 5
0.913263 0.0516913 5
0.965911 0.588504 2
0.943967 0.27609 3
0.943666 0.275173 3
0.95984 0.559471 2
0.955463 0.54254 2
0.945446 0.280756 3
0.940634 0.266537 3
0.987651 1 1
0.932779 0.130469 4
0.946761 0.285149 3
0.919704 0.0562527 5
0.984215 1 1
0.948659 0.291919 3
0.909872 0.024209 6
0.914811 0.0526866 5
0.950992 0.301006 3
0.963258 0.574926 2
0.962707 0.572288 2
0.976155 0.65748 2
0.952621 0.533014 2
0.963431 0.575769 2
0.958644 0.554546 2
0.940816 0.502822 2
0.911557 0.104505 4
0.90192 0.0458566 5
0.933969 0.250799 3
0.963151 0.574412 2
0.903826 0.0466879 5
0.897196 0.0205296 6
0.896572 0.020387 6
0.963344 0.575344 2
0.917552 0.10993 4
0.91887 0.11128 4
0.932248 0.247344 3
0.954686 0.539828 2
0.918264 0.11065 4
0.917576 0.109954 4
0.97802 0.673551 2
0.950836 0.300371 3
0.959393 0.342221 3
0.917854 0.0140963 7
0.957023 0.329066 3
0.960202 0.347026 3
0.925168 0.0320217 6
0.93301 0.0705503 5
0.942127 0.151028 4
0.973142 0.634044 2
0.963624 0.369317 3
0.994852 1 1
0.926952 0.0630241 5
0.982943 0.722613 2
0.955131 0.319483 3
0.958758 0.555005 2
0.972065 0.626361 2
0.937993 0.140921 4
0.936709 0.138129 4
0.946508 0.284283 3
0.938398 0.141832 4
0.946878 0.285549 3
0.953311 0.31096 3
0.954273 0.315379 3
0.950038 0.297184 3
0.940627 0.14715 4
0.971931 0.625428 2
0.915005 0.0262857 6
0.961028 0.564599 2
0.932542 0.130045 4
0.968967 0.606094 2
0.917349 0.109727 4
0.930428 0.243919 3
0.9175 0.109878 4
0.994416 1 1
0.932577 0.247988 3
0.896923 0.0096043 7
0.900052 0.0100585 7
0.950613 0.52689 2
0.946011 0.5145 2
0.94925 0.522992 2
0.955511 0.542709 2
0.970528 0.615976 2
0.943812 0.275618 3
0.948611 0.521235 2
0.905599 0.0110102 7
0.909431 0.0240499 6
0.869568 4.76495e-06 16
0.961232 0.565506 2
0.921066 0.0573749 5
0.870949 4.95718e-06 16
0.906933 0.0112726 7
0.900766 0.00486333 8
0.95934 0.557383 2
0.884481 0.000360496 11
0.882246 0.000157527 12
0.903821 0.0106823 7
0.908338 0.0115648 7
0.88924 0.000861622 10
0.878876 6.63745e-05 13
0.910451 0.00598214 8
0.896216 0.000230325 12
0.87277 2.1836e-07 20
0.937665 0.0779063 5
0.930978 0.0677977 5
0.874506 5.15057e-07 19
0.888525 4.05219e-05 14
0.884594 1.6612e-05 15
0.951345 0.302458 3
0.887997 3.98244e-05 14
0.888432 4.03967e-05 14
0.904288 0.0012459 10
0.927035 0.0333941 6
0.890041 9.04095e-05 13
0.88688 3.84104e-05 14
0.932056 0.246973 3
0.951092 0.528308 2
0.900105 0.0451095 5
0.977736 1 1
0.937215 0.4959 2
0.901041 0.0454894 5
0.944245 0.510281 2
0.94031 0.501796 2
0.983494 1 1
0.914243 0.1068 4
0.908589 0.102188 4
0.936298 0.494268 2
0.911668 0.104596 4
0.922083 0.23075 3
0.902813 0.0462401 5
0.962637 0.571957 2
0.915943 0.0534524 5
0.99223 1 1
0.881278 0.000336859 11
0.9404 0.265914 3
0.99473 1 1
0.890984 0.00191322 9
0.900381 0.0101096 7
0.907338 0.0233303 6
0.985593 1 1
0.984954 1 1
0.962247 0.570131 2
0.922636 0.115511 4
0.974941 0.64768 2
0.979466 1 1
0.973267 0.634956 2
0.915608 0.0532225 5
0.93642 0.256124 3
0.911375 0.0505526 5
0.99315 1 1
0.938665 0.26146 3
0.894138 0.00432298 8
0.898095 0.00976831 7
0.944169 0.276711 3
0.951623 0.529911 2
0.956035 0.544588 2
0.958067 0.552252 2
0.971512 0.62255 2
0.947968 0.519508 2
0.95603 0.54457 2
0.987485 1 1
0.920989 0.229284 3
0.954311 0.538549 2
0.905064 0.0472561 5
0.979246 1 1
0.956602 0.546664 2
0.89736 0.0205674 6
0.90325 0.0464314 5
0.936222 0.494137 2
0.969579 1 1
0.974022 1 1
0.970706 1 1
0.957236 0.549045 2
0.964201 1 1
0.972446 1 1
0.900778 0.00113079 10
0.90538 0.00261295 9
0.864903 1.43139e-08 23
0.958535 0.337303 3
0.916403 0.0136363 7
0.866279 3.39764e-08 22
0.903808 0.00251291 9
0.897263 0.00103349 10
0.95426 0.315322 3
0.879741 6.52059e-06 16
0.877567 2.7732e-06 17
0.898974 0.00107885 10
0.904547 0.00255904 9
0.884472 3.56229e-05 14
0.874276 1.12424e-06 18
0.980087 1 1
0.93493 0.252829 3
0.939764 0.264245 3
0.926464 0.23719 3
0.984981 1 1
0.941561 0.269068 3
0.913114 0.0515985 5
0.917109 0.10949 4
0.958442 0.553739 2
0.956169 0.545076 2
0.955026 0.541004 2
0.971884 1 1
0.952208 0.531714 2
0.957703 0.550836 2
0.951005 0.528049 2
0.942079 0.1509 4
0.956804 0.327918 3
0.910297 0.0120026 7
0.967046 0.594776 2
0.945116 0.279692 3
0.911237 0.012226 7
0.94485 0.278841 3
0.943286 0.154204 4
0.984245 1 1
0.924547 0.060546 5
0.918612 0.0280349 6
0.946886 0.285578 3
0.917457 0.0274448 6
0.932519 0.130005 4
0.912565 0.012558 7
0.96204 0.358588 3
0.921014 0.015214 7
0.922405 0.0301972 6
0.927635 0.0338608 6
0.984819 0.744196 2
0.924388 0.0314832 6
0.902373 0.00118062 10
0.904242 0.00124426 10
0.960996 0.351907 3
0.938322 0.079077 5
0.939833 0.145196 4
0.951689 0.303896 3
0.96352 0.368591 3
0.938211 0.0788759 5
0.938207 0.078869 5
0.956133 0.544944 2
0.919334 0.11177 4
0.91665 0.109041 4
0.93059 0.244216 3
0.978594 1 1
0.918599 0.110996 4
0.901913 0.0217084 6
0.903025 0.0220155 6
0.963555 0.576377 2
0.932512 0.24786 3
0.933842 0.250537 3
0.946579 0.515915 2
0.961468 0.566567 2
0.932804 0.248437 3
0.932245 0.247339 3
0.937706 0.077977 5
0.976868 0.663477 2
0.913571 0.00646207 8
0.959099 0.340515 3
0.933183 0.0707969 5
0.913986 0.00653155 8
0.963337 0.367315 3
0.963386 0.367655 3
0.963537 0.368707 3
0.925674 0.032382 6
0.917254 0.0139023 7
0.947756 0.1681 4
0.903415 0.00121536 10
0.936039 0.0751551 5
0.909869 0.00294401 9
0.919589 0.0561603 5
0.986496 1 1
0.907553 0.0113993 7
0.937698 0.140266 4
0.908903 0.0116872 7
0.907178 0.0113222 7
0.984263 1 1
0.993936 1 1
0.933559 0.13189 4
0.915347 0.0264403 6
0.904734 0.0108478 7
0.933559 0.13189 4
0.878863 3.02667e-05 14
0.927383 0.121773 4
0.896386 0.00212658 9
0.918152 0.225706 3
0.864089 0.000247421 11
0.89114 0.0192555 6
0.874654 0.00147498 9
0.937625 0.496646 2
0.893486 0.0197214 6
0.845835 1.14073e-06 17
0.847973 2.79801e-06 16
0.903884 0.0989158 4
0.902355 0.046042 5
0.911066 0.104106 4
0.902899 0.098285 4
0.969563 1 1
0.895557 0.0434044 5
0.91619 0.223409 3
0.865988 1.91656e-06 17
0.873735 2.64345e-05 14
0.831253 4.1623e-12 0
0.929301 0.12465 4
0.88226 0.000343791 11
0.832602 4.41097e-12 0
0.876793 6.3076e-05 13
0.868552 4.63073e-06 16
0.917224 0.0543598 5
0.845557 1.00447e-10 28
0.843809 3.99205e-11 29
0.863947 7.99723e-07 18
0.875231 6.07833e-05 13
0.850012 1.50747e-09 25
0.841024 6.42344e-12 0
0.931717 0.0687697 5
0.915585 0.0133906 7
0.893336 0.000445147 11
0.947495 0.287705 3
0.950811 0.300268 3
0.895027 0.000465532 11
0.904621 0.00256369 9
0.902232 0.00241978 9
0.971732 0.624052 2
0.908928 0.00577238 8
0.908506 0.00571682 8
0.926269 0.0622944 5
0.938757 0.142656 4
0.911579 0.0123096 7
0.906113 0.00542123 8
0.921781 0.230341 3
0.886403 0.00839037 7
0.885107 0.00377141 8
0.912552 0.105332 4
0.945935 0.514312 2
0.887204 0.00846924 7
0.872773 0.00064088 10
0.871859 0.000631854 10
0.937701 0.496784 2
0.899784 0.0449816 5
0.903671 0.0466187 5
0.910591 0.103727 4
0.956172 0.545083 2
0.898154 0.020754 6
0.904597 0.0470392 5
0.934232 0.133155 4
0.887237 8.31328e-05 13
0.899821 0.00228964 9
0.902343 0.00242611 9
0.958073 0.334728 3
0.902082 0.00241126 9
0.870199 4.38787e-07 19
0.871293 1.01308e-06 18
0.931923 0.069047 5
0.913749 0.0128708 7
0.919597 0.0285618 6
0.920499 0.029065 6
0.978243 0.675559 2
0.909891 0.0119087 7
0.921939 0.0299114 6
0.915332 0.107792 4
0.937266 0.258082 3
0.883058 0.00366782 8
0.991911 1 1
0.923248 0.232373 3
0.884014 0.00371533 8
0.937255 0.258054 3
0.930314 0.243712 3
0.971266 1 1
0.897083 0.0205035 6
0.891965 0.00898006 7
0.918615 0.111014 4
0.901302 0.0455975 5
0.904567 0.0470252 5
0.886658 0.00385446 8
0.904349 0.00124808 10
0.883661 7.47402e-06 16
0.867038 1.56935e-08 23
0.922783 0.0304331 6
0.926577 0.0330465 6
0.868911 3.79204e-08 22
0.874948 5.23945e-07 19
0.871529 9.39373e-08 21
0.938177 0.141334 4
0.882012 7.04873e-06 16
0.883839 7.52234e-06 16
0.896328 0.000231132 12
0.929396 0.0658205 5
0.882687 7.21832e-06 16
0.883366 7.39522e-06 16
0.953376 0.535441 2
0.88886 0.00184108 9
0.937581 0.258825 3
0.878427 0.000318155 11
0.957326 0.549385 2
0.940019 0.264909 3
0.866146 9.77336e-06 15
0.871744 5.61489e-05 13
0.910007 0.0497752 5
0.946171 0.283148 3
0.957456 0.549884 2
0.937816 0.259388 3
0.96698 0.594405 2
0.936041 0.255269 3
0.9647 0.582124 2
0.923127 0.0306522 6
0.957081 0.329372 3
0.894762 0.00046222 11
0.981514 0.707303 2
0.925166 0.0611593 5
0.895413 0.000470414 11
0.956155 0.324571 3
0.950079 0.297346 3
0.969031 0.606487 2
0.907785 0.00562436 8
0.900876 0.00234483 9
0.92989 0.0664232 5
0.898795 0.00107392 10
0.916888 0.0137868 7
0.894441 0.00045828 11
0.902053 0.00117034 10
0.911012 0.00606331 8
0.866842 6.96813e-09 24
0.965874 0.5883 2
0.916161 0.0135626 7
0.868122 1.64626e-08 23
0.910486 0.00598715 8
0.903541 0.00121971 10
0.957334 0.330719 3
0.88153 3.20244e-06 17
0.878676 1.32375e-06 18
0.901386 0.00114933 10
0.902014 0.00116906 10
0.88692 3.84598e-05 14
0.874919 5.23362e-07 19
0.885319 0.000796441 10
0.886997 0.00178237 9
0.84938 7.90026e-09 23
0.940443 0.266028 3
0.902695 0.0104862 7
0.850844 8.31664e-09 23
0.886364 0.000812846 10
0.879457 0.000324683 11
0.935617 0.254325 3
0.864106 4.10693e-06 16
0.862847 1.75266e-06 17
0.88226 0.000752002 10
0.895705 0.00443834 8
0.868016 1.0242e-05 15
0.860291 7.17392e-07 18
0.920471 0.228606 3
0.880133 0.00353065 8
0.88523 0.00827819 7
0.903116 0.0463724 5
0.944591 0.511086 2
0.887412 0.00849001 7
0.865432 0.00011138 12
0.865162 0.000110837 12
0.929322 0.241945 3
0.899365 0.0448165 5
0.904418 0.0469567 5
0.908024 0.101771 4
0.961401 0.566265 2
0.896527 0.0203768 6
0.906297 0.0478454 5
0.908874 0.00576521 8
0.966989 0.594457 2
0.889386 0.000188785 12
0.957398 0.33106 3
0.904381 0.00522622 8
0.889416 0.000188939 12
0.983853 0.732867 2
0.972598 0.630115 2
0.940926 0.147902 4
0.899441 0.00227037 9
0.890287 0.000193508 12
0.919946 0.0287542 6
0.876139 5.79891e-06 16
0.910484 0.0120464 7
0.882705 3.37785e-05 14
0.924586 0.117946 4
0.960357 0.561674 2
0.896941 0.00960674 7
0.978212 1 1
0.925633 0.11933 4
0.897544 0.0096903 7
0.958753 0.554985 2
0.953086 0.534499 2
0.968047 0.600561 2
0.90978 0.0496495 5
0.902598 0.0218961 6
0.931904 0.24668 3
0.898673 0.00985195 7
0.919123 0.111547 4
0.895996 0.00947921 7
0.928733 0.0347507 6
0.947992 0.168914 4
0.896529 0.000232593 12
0.981155 0.703596 2
0.934774 0.0731551 5
0.897482 0.000239725 12
0.942651 0.152442 4
0.938018 0.0785304 5
0.982319 0.715815 2
0.910689 0.00301276 9
0.905225 0.00128016 10
0.932608 0.0699858 5
0.910105 0.00296346 9
0.918384 0.0142722 7
0.899594 0.00052969 11
0.92762 0.122117 4
0.938108 0.260092 3
0.893172 0.00425517 8
0.977423 1 1
0.937328 0.258228 3
0.894324 0.00433632 8
0.932117 0.129297 4
0.927588 0.122069 4
0.985681 1 1
0.907896 0.0235167 6
0.903654 0.0106526 7
0.929118 0.124365 4
0.91535 0.0530468 5
0.914419 0.0524293 5
0.898783 0.00986804 7
0.909227 0.0239773 6
0.916027 0.0535102 5
0.873642 5.85937e-05 13
0.968164 0.60125 2
0.923342 0.116372 4
0.87495 6.03861e-05 13
0.913698 0.0519652 5
0.907481 0.0233778 6
0.964685 0.582044 2
0.88848 0.00182877 9
0.885668 0.000801842 10
0.908382 0.0236821 6
0.908294 0.0236518 6
0.893779 0.00429747 8
0.881884 0.000341108 11
0.915222 0.00674676 8
0.981304 0.705128 2
0.905429 0.00128784 10
0.932359 0.0696409 5
0.903706 0.00122538 10
0.904909 0.00126843 10
0.983576 0.729707 2
0.997031 1 1
0.927437 0.0337058 6
0.912323 0.0062614 8
0.901461 0.000560458 11
0.92957 0.0354615 6
0.873752 2.27187e-07 20
0.924443 0.0315203 6
0.893027 9.93796e-05 13
0.863403 9.1447e-06 15
0.871703 0.000125425 12
0.82881 3.75156e-12 0
0.927301 0.238534 3
0.879577 0.000716901 10
0.830147 3.97029e-12 0
0.875147 0.000298912 11
0.866778 2.23777e-05 14
0.914626 0.0525642 5
0.84306 1.16133e-09 25
0.841277 4.63416e-10 26
0.861447 3.83573e-06 16
0.872607 0.000127707 12
0.847556 1.72631e-08 22
0.83848 7.50052e-11 28
0.926393 0.237079 3
0.879222 0.00157484 9
0.893189 0.0196607 6
0.895739 0.0202009 6
0.949697 0.524248 2
0.895466 0.020141 6
0.862553 4.64139e-05 13
0.86348 4.72645e-05 13
0.924332 0.233939 3
0.906637 0.0480121 5
0.913023 0.105732 4
0.912476 0.105268 4
0.973686 1 1
0.902316 0.0460253 5
0.915942 0.108362 4
0.953691 0.536477 2
0.937236 0.258011 3
0.915644 0.0532464 5
0.949664 0.524155 2
0.966003 0.589002 2
0.917163 0.0543159 5
0.921486 0.114156 4
0.921602 0.114291 4
0.983929 1 1
0.931442 0.2458 3
0.929005 0.124191 4
0.950956 0.527903 2
0.940865 0.26716 3
0.93565 0.254399 3
0.924924 0.118388 4
0.939657 0.500498 2
0.933477 0.24979 3
0.902525 0.0461152 5
0.960255 0.561236 2
0.952882 0.533843 2
0.903955 0.0467464 5
0.922116 0.230795 3
0.919969 0.22796 3
0.990823 1 1
0.917993 0.110374 4
0.915312 0.107773 4
0.937929 0.497204 2
0.931758 0.2464 3
0.922783 0.231717 3
0.911297 0.104293 4
0.975269 0.650279 2
0.921614 0.0578446 5
0.981346 1 1
0.891087 0.000896099 10
0.952817 0.308757 3
0.983733 1 1
0.896484 0.0021309 9
0.90501 0.0108989 7
0.918479 0.0552946 5
0.993142 1 1
0.993897 1 1
0.971991 0.625846 2
0.933094 0.131038 4
0.980236 0.694374 2
0.984369 1 1
0.910183 0.00296998 9
0.883687 3.47856e-06 17
0.873 4.53884e-08 22
0.9181 0.00730264 8
0.933338 0.0710186 5
0.874967 1.08891e-07 21
0.873039 4.54693e-08 22
0.870568 1.83939e-08 23
0.937628 0.0778414 5
0.887884 1.86223e-05 15
0.890548 4.33804e-05 14
0.900882 0.000550604 11
0.939165 0.0806352 5
0.887646 1.84646e-05 15
0.890653 4.35376e-05 14
0.910139 0.0498482 5
0.966727 0.592981 2
0.889827 0.00874112 7
0.959985 0.560083 2
0.906166 0.0477813 5
0.889911 0.00875027 7
0.981467 1 1
0.970827 1 1
0.943368 0.508284 2
0.900173 0.0212514 6
0.891184 0.00889087 7
0.920904 0.113492 4
0.87804 0.000698222 10
0.911091 0.0503883 5
0.883682 0.00369864 8
0.973347 0.635543 2
0.955474 0.542575 2
0.956638 0.546797 2
0.920111 0.11261 4
0.953526 0.53593 2
0.957215 0.548965 2
0.929598 0.125115 4
0.937639 0.258964 3
0.942875 0.272819 3
0.969295 0.608119 2
0.959222 0.556894 2
0.989897 1 1
0.923066 0.116033 4
0.980289 1 1
0.950618 0.526904 2
54 0 1 2 3 4 5 6 7 8 9 10 11 12 13 15 16 17 18 19 20 21 22 23 25 27 28 29 30 31 32 33 35 36 37 38 39 40 42 43 44 45 46 47 48 49 50 51 52 53 54 55 57 58 59 
39 0 1 2 6 7 8 9 10 12 13 17 21 22 23 27 29 31 32 33 35 36 37 39 40 42 43 44 45 46 47 48 49 50 51 52 54 55 57 58 
58 0 1 2 3 4 5 6 7 8 9 10 11 12 13 14 15 16 17 18 19 20 21 22 23 24 25 26 27 28 29 30 31 32 33 34 36 37 38 39 40 41 42 43 44 45 46 47 48 49 50 51 53 54 55 56 57 58 59 
5 10 12 35 44 52 
44 0 1 2 4 6 7 8 9 10 12 13 15 17 20 21 22 23 27 29 30 31 32 34 35 36 37 38 39 40 42 43 44 45 46 47 48 49 50 52 53 54 55 57 58 
55 0 1 2 3 4 5 6 7 8 9 10 11 12 13 14 15 16 17 18 19 20 21 22 23 25 26 27 28 29 30 31 32 33 36 37 38 39 40 42 43 44 45 46 47 48 49 50 51 53 54 55 56 57 58 59 
7 10 12 35 44 46 52 58 
42 0 1 2 6 7 8 9 10 12 13 15 17 21 22 23 27 29 30 31 32 34 35 36 37 38 39 40 42 43 44 45 46 47 48 49 50 52 53 54 55 57 58 
25 2 8 9 10 12 21 22 23 27 29 32 33 35 39 42 43 44 46 47 48 49 50 51 52 58 
56 0 1 2 3 4 5 6 7 8 9 10 11 12 13 14 15 16 17 18 19 20 21 22 23 25 26 27 28 29 30 31 32 33 35 36 37 38 39 40 42 43 44 45 46 47 48 49 50 51 52 53 54 55 57 58 59 
59 0 1 2 3 4 5 6 7 8 9 10 11 12 13 14 15 16 17 18 19 20 21 22 23 25 26 27 28 29 30 31 32 33 34 35 36 37 38 39 40 41 42 43 44 45 46 47 48 49 50 51 52 53 54 55 56 57 58 59 
54 0 1 2 3 4 5 6 7 8 9 10 11 12 13 15 16 17 18 19 20 21 22 23 25 27 28 29 30 31 32 33 35 36 37 38 39 40 42 43 44 45 46 47 48 49 50 51 52 53 54 55 57 58 59 
56 0 1 2 3 4 5 6 7 8 9 10 11 12 13 14 15 16 17 18 19 20 21 22 23 25 26 27 28 29 30 31 32 33 35 36 37 38 39 40 42 43 44 45 46 47 48 49 50 51 52 53 54 55 57 58 59 
58 0 1 2 3 4 5 6 7 8 9 10 11 12 13 14 15 16 17 18 19 20 21 22 23 25 26 27 28 29 30 31 32 33 34 35 36 37 38 39 40 41 42 43 44 45 46 47 48 49 50 51 52 53 54 55 57 58 59 
58 0 1 2 3 4 5 6 7 8 9 10 11 12 13 14 15 16 17 18 19 20 21 22 23 25 26 27 28 29 30 31 32 33 34 36 37 38 39 40 41 42 43 44 45 46 47 48 49 50 51 52 53 54 55 56 57 58 59 
